##TITLE= twqubit_C2180_H_25000.txt
##JCAMP-DX= 5.00 Bruker JCAMP library
##DATA TYPE= Shape Data
##ORIGIN= Colm's GRAPE Pulses 
##OWNER= caryan
##DATE= 15-Dec-2014
##TIME= 16:29
##MINX= 5.840841e-02
##MAXX= 5.150171e+00
##MINY= 5.826524e-01
##MAXY= 3.595337e+02
##$SHAPE_EXMODE= None
##$SHAPE_TOTROT= 9.000000e+01
##$SHAPE_BWFAC= 1.000000e+00
##$SHAPE_INTEGFAC= 1.000000e+00
##$SHAPE_MODE= 1
##NPOINTS= 200
##XYPOINTS= (XY..XY)
  1.128224e-01,  3.476040e+02
  7.943964e-01,  3.595337e+02
  2.882068e+00,  7.678673e+00
  2.674525e+00,  3.557520e+02
  1.122003e+00,  3.426935e+02
  1.370558e+00,  1.751697e+01
  1.487171e+00,  5.164181e+00
  1.221526e+00,  1.420195e+00
  1.361038e+00,  1.330581e+01
  1.463398e+00,  6.936517e+00
  1.415261e+00,  5.826524e-01
  1.346303e+00,  7.886374e+00
  1.339768e+00,  1.644789e+01
  1.365531e+00,  1.901402e+01
  1.485680e+00,  2.326613e+01
  1.612531e+00,  2.245749e+01
  1.398840e+00,  1.655456e+01
  1.026758e+00,  3.759078e+01
  1.428258e+00,  6.661773e+01
  1.730898e+00,  6.165121e+01
  1.478752e+00,  4.796243e+01
  1.058935e+00,  5.565643e+01
  1.248163e+00,  8.529858e+01
  1.542053e+00,  8.295414e+01
  1.381290e+00,  6.833491e+01
  1.147220e+00,  6.745926e+01
  1.230095e+00,  7.844153e+01
  1.363939e+00,  7.746389e+01
  1.238265e+00,  7.478309e+01
  1.077715e+00,  8.274850e+01
  1.296616e+00,  8.917911e+01
  1.390592e+00,  8.409681e+01
  9.895177e-01,  8.671723e+01
  1.070444e+00,  9.548409e+01
  1.489382e+00,  9.046261e+01
  1.143216e+00,  9.501935e+01
  9.132522e-01,  1.236746e+02
  1.619158e+00,  1.179224e+02
  1.974063e+00,  9.221079e+01
  9.621098e-01,  6.084693e+01
  1.141367e+00,  1.851513e+02
  2.464002e+00,  1.424052e+02
  2.415976e+00,  9.324869e+01
  5.963234e-01,  3.965013e+01
  1.500652e+00,  2.012549e+02
  2.650033e+00,  1.561631e+02
  1.941747e+00,  1.144178e+02
  5.484485e-01,  6.084564e+01
  1.279419e+00,  1.841116e+02
  2.232510e+00,  1.660342e+02
  1.233382e+00,  1.395734e+02
  1.207793e+00,  1.136345e+02
  9.753049e-01,  1.784700e+02
  1.753369e+00,  2.095474e+02
  2.902803e+00,  1.328641e+02
  1.430664e+00,  1.023626e+02
  2.546145e+00,  2.641515e+02
  3.070800e+00,  1.793069e+02
  3.285734e+00,  1.292110e+02
  5.840841e-02,  3.121289e+02
  1.930348e+00,  2.111107e+02
  2.639375e+00,  1.734860e+02
  1.320837e+00,  1.680692e+02
  1.482090e+00,  1.945252e+02
  2.495457e+00,  1.815248e+02
  1.468561e+00,  1.866806e+02
  1.510393e+00,  2.707558e+02
  2.205130e+00,  2.534688e+02
  2.195170e+00,  2.202282e+02
  1.494105e+00,  2.155426e+02
  1.199273e+00,  2.528182e+02
  1.569736e+00,  2.561031e+02
  1.674502e+00,  2.488657e+02
  1.655168e+00,  2.522959e+02
  1.598120e+00,  2.467671e+02
  1.492286e+00,  2.266314e+02
  1.353653e+00,  2.245009e+02
  1.355337e+00,  2.604038e+02
  1.686735e+00,  2.818142e+02
  1.524875e+00,  2.640373e+02
  1.823924e+00,  2.304746e+02
  1.653346e+00,  2.327358e+02
  1.081032e+00,  2.971896e+02
  1.790338e+00,  3.214641e+02
  1.914490e+00,  2.821127e+02
  1.932630e+00,  2.475056e+02
  7.002168e-01,  2.805155e+02
  1.759439e+00,  3.442757e+02
  1.999794e+00,  3.157245e+02
  1.551835e+00,  2.843184e+02
  1.176563e+00,  3.117871e+02
  1.498548e+00,  3.205520e+02
  1.229867e+00,  3.004738e+02
  1.160910e+00,  3.195685e+02
  1.781378e+00,  3.205266e+02
  1.517200e+00,  2.942026e+02
  5.079388e-01,  3.151780e+02
  1.717539e+00,  3.452376e+02
  2.539347e+00,  3.101494e+02
  1.493476e+00,  2.631358e+02
  1.223088e+00,  6.642452e+01
  3.391025e+00,  6.648162e+00
  3.799910e+00,  3.047527e+02
  2.522432e+00,  2.245236e+02
  3.379945e+00,  7.684140e+01
  4.910709e+00,  6.855813e+00
  4.770395e+00,  2.837571e+02
  1.793422e+00,  1.547264e+02
  4.195268e+00,  6.360475e+01
  3.248763e+00,  3.495796e+02
  1.435792e+00,  3.005286e+02
  1.166245e+00,  8.120150e+01
  2.149601e+00,  4.253114e+01
  1.822151e+00,  4.554453e+00
  1.166065e+00,  6.339855e+00
  1.065567e+00,  4.814145e+01
  1.381905e+00,  5.548404e+01
  1.870267e+00,  2.753537e+01
  1.721801e+00,  7.402275e+00
  7.325958e-01,  5.133694e+01
  1.624051e+00,  7.716015e+01
  2.036216e+00,  4.535031e+01
  1.605111e+00,  1.509590e+01
  9.909965e-01,  7.923854e+01
  2.357472e+00,  8.396120e+01
  2.058103e+00,  2.726280e+01
  2.100057e-01,  7.201543e+01
  2.789586e+00,  1.133472e+02
  2.977788e+00,  4.966806e+01
  1.563711e+00,  3.515106e+02
  2.188899e+00,  1.617251e+02
  2.931475e+00,  1.137176e+02
  2.323099e+00,  4.810315e+01
  4.734038e-01,  6.611079e+01
  1.801071e+00,  1.481851e+02
  1.728976e+00,  1.099347e+02
  1.254333e+00,  8.736949e+01
  9.325089e-01,  1.219908e+02
  1.406126e+00,  1.249391e+02
  1.483946e+00,  1.079128e+02
  1.088031e+00,  1.042369e+02
  1.011384e+00,  1.237149e+02
  1.276729e+00,  1.314664e+02
  1.359844e+00,  1.306903e+02
  1.298631e+00,  1.235479e+02
  1.283711e+00,  1.183536e+02
  1.333964e+00,  1.270126e+02
  1.238594e+00,  1.343778e+02
  1.167891e+00,  1.489399e+02
  1.525496e+00,  1.507258e+02
  1.714528e+00,  1.331197e+02
  1.198554e+00,  1.311931e+02
  1.022654e+00,  1.868949e+02
  1.659021e+00,  1.910460e+02
  1.708025e+00,  1.701406e+02
  1.356336e+00,  1.597076e+02
  1.121589e+00,  1.789166e+02
  1.316166e+00,  1.948916e+02
  1.404417e+00,  1.951069e+02
  1.471590e+00,  1.892436e+02
  1.616863e+00,  1.762817e+02
  1.453763e+00,  1.695502e+02
  1.163113e+00,  1.907888e+02
  1.557248e+00,  2.009266e+02
  1.839640e+00,  1.842374e+02
  1.361654e+00,  1.822349e+02
  1.320781e+00,  2.225453e+02
  2.117953e+00,  2.134363e+02
  2.106083e+00,  1.875031e+02
  6.195169e-01,  1.980895e+02
  2.074705e+00,  2.817620e+02
  3.069889e+00,  2.443644e+02
  2.870742e+00,  1.927729e+02
  6.781217e-01,  1.406516e+02
  2.619667e+00,  3.108230e+02
  3.209273e+00,  2.683082e+02
  2.307678e+00,  2.075058e+02
  5.993294e-01,  1.965930e+02
  1.802236e+00,  3.022006e+02
  2.029165e+00,  2.772538e+02
  1.402900e+00,  2.467940e+02
  1.206242e+00,  2.593986e+02
  1.474190e+00,  2.723723e+02
  1.116813e+00,  2.712997e+02
  1.128962e+00,  3.003217e+02
  1.812532e+00,  2.856346e+02
  1.808276e+00,  2.573702e+02
  5.894316e-01,  2.964412e+02
  1.554943e+00,  3.266697e+02
  2.422340e+00,  2.782036e+02
  1.639665e+00,  2.528122e+02
  6.665240e-01,  3.052461e+00
  2.124840e+00,  3.413102e+02
  3.122098e+00,  3.040066e+02
  3.208604e+00,  2.477112e+02
  1.513186e+00,  1.415150e+02
  5.150171e+00,  6.899402e+00
  4.830970e+00,  2.938092e+02
  1.095341e+00,  3.478763e+02
  1.321417e-01,  3.136677e+02
##END=
