##TITLE= twqubit_C156180_H_25000.txt
##JCAMP-DX= 5.00 Bruker JCAMP library
##DATA TYPE= Shape Data
##ORIGIN= Colm's GRAPE Pulses 
##OWNER= Dawei.Lu
##DATE= 22-Dec-2014
##TIME= 11:27
##MINX= 2.934979e-01
##MAXX= 2.034205e+01
##MINY= 6.887489e+00
##MAXY= 3.193061e+02
##$SHAPE_EXMODE= None
##$SHAPE_TOTROT= 9.000000e+01
##$SHAPE_BWFAC= 1.000000e+00
##$SHAPE_INTEGFAC= 1.000000e+00
##$SHAPE_MODE= 1
##PULSE_WIDTH= 2000
##Calibration_Power= 25000
##NPOINTS= 200
##XYPOINTS= (XY..XY)
  6.610842e-01,  1.374743e+02
  8.135322e+00,  2.285344e+02
  1.377943e+01,  2.159112e+02
  1.196053e+01,  1.884973e+02
  1.126699e+01,  1.791545e+02
  1.036397e+01,  1.731717e+02
  9.552011e+00,  1.637121e+02
  9.367432e+00,  1.508754e+02
  9.860470e+00,  1.386514e+02
  1.073505e+01,  1.273116e+02
  1.193879e+01,  1.155813e+02
  1.341838e+01,  1.047544e+02
  1.483360e+01,  9.657938e+01
  1.578875e+01,  9.082624e+01
  1.604976e+01,  8.585103e+01
  1.556713e+01,  8.041005e+01
  1.445655e+01,  7.498190e+01
  1.290777e+01,  7.142140e+01
  1.116679e+01,  7.121682e+01
  9.492073e+00,  7.423734e+01
  7.991865e+00,  7.982611e+01
  6.791138e+00,  8.906761e+01
  6.289555e+00,  1.025254e+02
  6.648155e+00,  1.151293e+02
  7.325928e+00,  1.233590e+02
  7.836565e+00,  1.294423e+02
  8.251550e+00,  1.351338e+02
  8.807098e+00,  1.396367e+02
  9.467741e+00,  1.419609e+02
  1.005344e+01,  1.425062e+02
  1.049414e+01,  1.421523e+02
  1.079771e+01,  1.413462e+02
  1.090150e+01,  1.401979e+02
  1.070822e+01,  1.390190e+02
  1.028547e+01,  1.382736e+02
  9.874279e+00,  1.378909e+02
  9.632171e+00,  1.372569e+02
  9.571814e+00,  1.364576e+02
  9.789373e+00,  1.366834e+02
  1.045188e+01,  1.384502e+02
  1.142983e+01,  1.405992e+02
  1.227415e+01,  1.424180e+02
  1.270616e+01,  1.447668e+02
  1.272615e+01,  1.486657e+02
  1.231455e+01,  1.542772e+02
  1.144288e+01,  1.617549e+02
  1.028697e+01,  1.721368e+02
  9.211165e+00,  1.868566e+02
  8.686574e+00,  2.060609e+02
  9.111131e+00,  2.260870e+02
  1.038984e+01,  2.417221e+02
  1.204405e+01,  2.518184e+02
  1.356983e+01,  2.579820e+02
  1.447475e+01,  2.616234e+02
  1.456012e+01,  2.633222e+02
  1.411208e+01,  2.631666e+02
  1.336842e+01,  2.611917e+02
  1.223326e+01,  2.574339e+02
  1.072385e+01,  2.517598e+02
  9.068693e+00,  2.438157e+02
  7.488536e+00,  2.325034e+02
  6.309896e+00,  2.163054e+02
  5.824632e+00,  1.967656e+02
  5.852244e+00,  1.780790e+02
  6.016750e+00,  1.612595e+02
  6.158742e+00,  1.454012e+02
  6.238100e+00,  1.300968e+02
  6.269627e+00,  1.151744e+02
  6.391752e+00,  1.009646e+02
  6.748384e+00,  8.881181e+01
  7.319422e+00,  7.995608e+01
  7.969866e+00,  7.460065e+01
  8.610785e+00,  7.237885e+01
  9.247760e+00,  7.262341e+01
  9.780241e+00,  7.416207e+01
  9.925941e+00,  7.595300e+01
  9.617876e+00,  7.803463e+01
  9.200276e+00,  8.115016e+01
  8.985765e+00,  8.516239e+01
  8.924278e+00,  8.890275e+01
  8.843896e+00,  9.204658e+01
  8.648802e+00,  9.461354e+01
  8.189414e+00,  9.463111e+01
  7.421526e+00,  8.946286e+01
  6.657922e+00,  8.002495e+01
  6.086402e+00,  7.000926e+01
  5.654542e+00,  5.883243e+01
  5.492209e+00,  4.488278e+01
  5.622806e+00,  3.353242e+01
  5.817126e+00,  2.910971e+01
  6.137817e+00,  2.901627e+01
  6.650009e+00,  2.967500e+01
  7.171789e+00,  3.053307e+01
  7.623363e+00,  3.137142e+01
  8.141222e+00,  3.107719e+01
  8.860285e+00,  2.932950e+01
  9.809865e+00,  2.668555e+01
  1.093353e+01,  2.350651e+01
  1.204220e+01,  2.006174e+01
  1.292122e+01,  1.663035e+01
  1.364172e+01,  1.333616e+01
  1.438748e+01,  1.054282e+01
  1.484362e+01,  8.828343e+00
  1.435382e+01,  8.272640e+00
  1.281065e+01,  8.434560e+00
  1.081650e+01,  9.021892e+00
  8.971389e+00,  1.068010e+01
  7.463836e+00,  1.519098e+01
  6.336468e+00,  2.450802e+01
  5.811538e+00,  3.836938e+01
  6.118357e+00,  5.177946e+01
  7.135045e+00,  6.009123e+01
  8.453887e+00,  6.431127e+01
  9.621406e+00,  6.689745e+01
  1.049711e+01,  6.845994e+01
  1.122130e+01,  6.839089e+01
  1.155308e+01,  6.662207e+01
  1.093826e+01,  6.386985e+01
  9.566537e+00,  6.122134e+01
  8.326182e+00,  6.057887e+01
  7.634438e+00,  6.318120e+01
  7.253908e+00,  6.832243e+01
  6.925448e+00,  7.579190e+01
  6.605714e+00,  8.598013e+01
  6.306834e+00,  9.797016e+01
  6.006550e+00,  1.100133e+02
  5.724354e+00,  1.211478e+02
  5.538232e+00,  1.321121e+02
  5.548630e+00,  1.453217e+02
  5.851622e+00,  1.609297e+02
  6.252926e+00,  1.742615e+02
  6.311655e+00,  1.818678e+02
  6.047353e+00,  1.846496e+02
  5.722244e+00,  1.858170e+02
  5.132355e+00,  1.866342e+02
  3.975479e+00,  1.849181e+02
  2.396986e+00,  1.768354e+02
  8.377265e-01,  1.317341e+02
  1.880653e+00,  3.886884e+01
  3.813417e+00,  2.895850e+01
  5.190639e+00,  2.730354e+01
  5.747724e+00,  2.660658e+01
  5.577068e+00,  2.653160e+01
  4.753252e+00,  2.742578e+01
  3.312246e+00,  2.847271e+01
  1.495349e+00,  2.747700e+01
  2.934979e-01,  2.329593e+02
  1.712151e+00,  2.156748e+02
  2.937723e+00,  2.140129e+02
  4.327012e+00,  2.124385e+02
  6.102953e+00,  2.101052e+02
  8.160161e+00,  2.073182e+02
  1.024857e+01,  2.048098e+02
  1.220599e+01,  2.027817e+02
  1.399306e+01,  2.004021e+02
  1.558685e+01,  1.969034e+02
  1.690773e+01,  1.929092e+02
  1.782675e+01,  1.895761e+02
  1.818261e+01,  1.866993e+02
  1.770388e+01,  1.828591e+02
  1.623051e+01,  1.774335e+02
  1.418972e+01,  1.717638e+02
  1.232231e+01,  1.681553e+02
  1.081083e+01,  1.667567e+02
  9.128658e+00,  1.649671e+02
  7.009397e+00,  1.612461e+02
  4.938967e+00,  1.572466e+02
  3.345168e+00,  1.564334e+02
  2.030867e+00,  1.569325e+02
  6.119758e-01,  1.264737e+02
  1.676227e+00,  1.419204e+01
  3.809016e+00,  6.887489e+00
  5.645263e+00,  7.184863e+00
  6.912637e+00,  1.196218e+01
  7.855200e+00,  2.111003e+01
  8.951320e+00,  3.242378e+01
  1.041125e+01,  4.311577e+01
  1.220447e+01,  5.241057e+01
  1.428319e+01,  6.074283e+01
  1.650782e+01,  6.817544e+01
  1.851001e+01,  7.408941e+01
  1.983880e+01,  7.796519e+01
  2.034205e+01,  8.001836e+01
  2.033193e+01,  8.091072e+01
  2.017764e+01,  8.096944e+01
  1.972399e+01,  7.989558e+01
  1.850482e+01,  7.716848e+01
  1.652434e+01,  7.256717e+01
  1.429959e+01,  6.664358e+01
  1.209042e+01,  6.024162e+01
  9.654210e+00,  5.253247e+01
  6.878697e+00,  3.978262e+01
  4.282736e+00,  1.323169e+01
  3.243847e+00,  3.193061e+02
  4.645504e+00,  2.728569e+02
  7.062367e+00,  2.502708e+02
  9.963915e+00,  2.370123e+02
  1.445962e+01,  2.262912e+02
  1.471197e+01,  2.196204e+02
  1.546702e+00,  5.945543e+01
##END=
