##TITLE= twqubit_C3180_C_25000.txt
##JCAMP-DX= 5.00 Bruker JCAMP library
##DATA TYPE= Shape Data
##ORIGIN= Colm's GRAPE Pulses 
##OWNER= caryan
##DATE= 15-Dec-2014
##TIME= 16:29
##MINX= 1.123254e-01
##MAXX= 6.571052e+01
##MINY= 3.692690e-02
##MAXY= 3.573664e+02
##$SHAPE_EXMODE= None
##$SHAPE_TOTROT= 9.000000e+01
##$SHAPE_BWFAC= 1.000000e+00
##$SHAPE_INTEGFAC= 1.000000e+00
##$SHAPE_MODE= 1
##NPOINTS= 200
##XYPOINTS= (XY..XY)
  1.123254e-01,  8.689216e+01
  1.351578e+00,  2.205787e+02
  7.991223e+00,  4.294449e+01
  2.173620e+01,  6.504075e+01
  2.536476e+01,  8.810672e+01
  1.901475e+01,  1.117390e+02
  1.665851e+01,  1.846539e+02
  3.195363e+01,  2.322138e+02
  3.360438e+01,  2.608948e+02
  1.982148e+01,  3.220000e+02
  3.024902e+01,  4.429833e+01
  3.660591e+01,  7.859081e+01
  2.248118e+01,  1.224710e+02
  2.151182e+01,  2.139866e+02
  2.958925e+01,  2.493766e+02
  2.048346e+01,  2.478144e+02
  1.892024e+01,  1.945223e+02
  2.683263e+01,  1.903362e+02
  1.984160e+01,  2.253566e+02
  1.905815e+01,  3.202482e+02
  3.620036e+01,  1.322673e+01
  4.124784e+01,  4.527287e+01
  2.975229e+01,  8.138132e+01
  1.715619e+01,  1.497984e+02
  2.246063e+01,  2.296659e+02
  3.013085e+01,  2.764912e+02
  2.970897e+01,  3.188389e+02
  2.263925e+01,  1.582623e+01
  2.409675e+01,  9.005479e+01
  2.848072e+01,  1.315447e+02
  1.718810e+01,  1.475188e+02
  5.734011e+00,  3.789373e+01
  1.834709e+01,  1.548158e+01
  1.774001e+01,  1.050394e+01
  1.277119e+01,  3.353295e+02
  1.596665e+01,  3.122528e+02
  1.689045e+01,  3.369623e+02
  1.957538e+01,  2.594110e+01
  2.339535e+01,  6.384526e+01
  1.908642e+01,  1.041852e+02
  1.873876e+01,  1.684177e+02
  2.261829e+01,  1.942331e+02
  1.429620e+01,  1.676668e+02
  2.323916e+01,  9.507846e+01
  3.571167e+01,  8.233117e+01
  2.827988e+01,  7.465491e+01
  1.271861e+01,  3.779305e+01
  1.113447e+01,  3.332161e+02
  6.044228e+00,  3.291999e+02
  8.151848e+00,  9.418527e+01
  1.617967e+01,  1.000695e+02
  1.034363e+01,  9.276970e+01
  7.690027e+00,  3.036657e+02
  2.234746e+01,  2.858725e+02
  2.516684e+01,  2.722649e+02
  2.173808e+01,  2.443366e+02
  2.323409e+01,  2.154867e+02
  2.189762e+01,  2.060003e+02
  1.135220e+01,  2.052614e+02
  4.615712e+00,  4.157069e+01
  1.810077e+01,  4.709856e+01
  2.036265e+01,  6.271230e+01
  8.993568e+00,  9.283093e+01
  1.032051e+01,  2.400551e+02
  1.896218e+01,  2.674348e+02
  1.094087e+01,  3.041500e+02
  1.475232e+01,  7.336966e+01
  2.838940e+01,  1.094884e+02
  2.874744e+01,  1.533137e+02
  3.932763e+01,  2.102532e+02
  5.335856e+01,  2.412908e+02
  4.610402e+01,  2.653477e+02
  2.790339e+01,  3.069065e+02
  2.570333e+01,  5.158968e+00
  2.637527e+01,  3.862691e+01
  1.906662e+01,  7.054440e+01
  1.170255e+01,  1.322955e+02
  1.628826e+01,  1.932018e+02
  1.851594e+01,  2.148255e+02
  1.012253e+01,  2.177481e+02
  4.281334e+00,  1.084074e+02
  6.731998e+00,  6.315204e+01
  7.633547e+00,  3.273770e+02
  1.738764e+01,  2.863786e+02
  2.053790e+01,  2.622472e+02
  1.700343e+01,  2.313653e+02
  9.125734e+00,  1.830465e+02
  1.557113e+01,  7.914817e+01
  2.871226e+01,  6.454478e+01
  2.344233e+01,  5.817664e+01
  1.153516e+01,  1.574686e+01
  1.402968e+01,  3.381009e+02
  1.351436e+01,  9.069629e+00
  1.501523e+01,  5.817666e+01
  1.312642e+01,  9.856258e+01
  1.245634e+01,  1.619287e+02
  1.589052e+01,  1.988350e+02
  6.852645e+00,  2.078905e+02
  1.656942e+01,  7.065679e+01
  3.819342e+01,  9.629858e+01
  5.551406e+01,  1.309083e+02
  6.571052e+01,  1.517880e+02
  5.463531e+01,  1.665620e+02
  3.823991e+01,  2.025926e+02
  4.361309e+01,  2.411195e+02
  4.543112e+01,  2.494535e+02
  2.747548e+01,  2.336218e+02
  2.591421e+01,  1.649719e+02
  3.243351e+01,  1.467830e+02
  9.574644e+00,  1.220314e+02
  2.405560e+01,  3.546913e+02
  3.070156e+01,  3.692690e-02
  9.402328e+00,  1.384275e+01
  1.897091e+01,  1.968100e+02
  2.897093e+01,  2.086742e+02
  1.319701e+01,  2.274950e+02
  1.267804e+01,  3.254035e+01
  2.389114e+01,  5.629444e+01
  1.914732e+01,  9.491557e+01
  2.187913e+01,  1.604818e+02
  3.126352e+01,  1.905710e+02
  2.914849e+01,  2.050107e+02
  1.483098e+01,  2.281574e+02
  8.512977e+00,  3.188578e+02
  1.147488e+01,  3.302415e+02
  1.435830e+01,  2.728245e+02
  2.538606e+01,  2.426186e+02
  2.782858e+01,  2.344893e+02
  1.636438e+01,  2.340477e+02
  2.036006e+00,  3.338470e+02
  1.210847e+01,  2.669544e+01
  1.452511e+01,  1.595958e+01
  1.292701e+01,  3.570771e+02
  1.306317e+01,  3.572805e+02
  1.833488e+01,  2.482693e+01
  2.537191e+01,  3.540876e+01
  2.269067e+01,  3.091595e+01
  8.869482e+00,  3.571812e+01
  1.304852e+01,  1.638350e+02
  2.614423e+01,  1.629359e+02
  2.427649e+01,  1.410418e+02
  2.456967e+01,  9.904134e+01
  2.572355e+01,  9.610757e+01
  1.573800e+01,  1.572093e+02
  2.879466e+01,  2.399941e+02
  3.404292e+01,  2.811382e+02
  2.146737e+01,  3.541151e+02
  3.920209e+01,  8.688931e+01
  5.864100e+01,  1.135979e+02
  4.916076e+01,  1.117899e+02
  3.071681e+01,  1.072476e+02
  2.379367e+01,  1.685043e+02
  4.664682e+01,  2.025293e+02
  5.556408e+01,  2.078552e+02
  4.103961e+01,  2.108945e+02
  1.462412e+01,  2.159771e+02
  3.671708e+00,  1.279376e+01
  8.370631e+00,  3.356831e+02
  1.663141e+01,  2.951947e+02
  1.994267e+01,  2.877088e+02
  9.663186e+00,  2.937954e+02
  8.201432e+00,  9.339111e+01
  1.876418e+01,  1.044314e+02
  1.535078e+01,  1.106226e+02
  4.247868e+00,  1.169918e+02
  2.590583e+00,  3.289652e+02
  4.471819e+00,  9.095228e+01
  1.649621e+01,  1.229979e+02
  1.915294e+01,  1.339494e+02
  4.443630e+00,  1.465554e+02
  1.692129e+01,  3.308705e+02
  2.576669e+01,  3.420565e+02
  1.257020e+01,  3.573664e+02
  1.353423e+01,  1.754685e+02
  3.011168e+01,  1.960365e+02
  2.235576e+01,  2.260263e+02
  1.381662e+01,  3.391794e+02
  3.074583e+01,  3.995091e+01
  3.122581e+01,  7.597231e+01
  1.930758e+01,  1.372525e+02
  2.495656e+01,  2.214895e+02
  3.337543e+01,  2.533335e+02
  2.304717e+01,  2.421976e+02
  1.570287e+01,  1.689340e+02
  1.422226e+01,  1.073784e+02
  1.366255e+01,  1.151701e+01
  2.423129e+01,  3.132910e+02
  2.559705e+01,  2.899159e+02
  1.498818e+01,  3.033680e+02
  8.523711e+00,  2.659154e+01
  1.605876e+01,  1.204884e+02
  2.225264e+01,  1.803140e+02
  2.896454e+01,  2.637402e+02
  5.113724e+01,  3.073654e+02
  5.397528e+01,  3.027411e+02
  5.303222e+01,  2.743023e+02
  4.533154e+01,  2.655894e+02
  2.281644e+01,  2.771549e+02
  7.832436e+00,  6.174021e+01
  2.626958e-01,  2.807134e+02
##END=
