##TITLE= twqubit_C23180_H_25000_NoBuffer
##JCAMP-DX= 5.00 Bruker JCAMP library
##DATA TYPE= Shape Data
##ORIGIN= Colm's GRAPE Pulses 
##OWNER= Dawei.Lu
##DATE= 11-May-2015
##TIME= 15:33
##MINX= 1.397005e-01
##MAXX= 2.330914e+01
##MINY= 1.024141e+01
##MAXY= 3.565176e+02
##$SHAPE_EXMODE= None
##$SHAPE_TOTROT= 9.000000e+01
##$SHAPE_BWFAC= 1.000000e+00
##$SHAPE_INTEGFAC= 1.000000e+00
##$SHAPE_MODE= 1
##PULSE_WIDTH= 2000
##Calibration_Power= 25000
##NPOINTS= 200
##XYPOINTS= (XY..XY)
  1.397005e-01,  2.190184e+02
  2.580650e+00,  1.852171e+02
  8.250572e+00,  1.821413e+02
  1.316213e+01,  1.747600e+02
  1.554705e+01,  1.641274e+02
  1.681787e+01,  1.533466e+02
  1.712268e+01,  1.430939e+02
  1.661629e+01,  1.340113e+02
  1.546770e+01,  1.265847e+02
  1.372760e+01,  1.210424e+02
  1.157852e+01,  1.174548e+02
  9.509723e+00,  1.137691e+02
  8.079901e+00,  1.049145e+02
  7.816172e+00,  9.017947e+01
  8.773026e+00,  7.787349e+01
  1.038268e+01,  7.245967e+01
  1.216818e+01,  7.316545e+01
  1.387884e+01,  7.931519e+01
  1.544319e+01,  8.891908e+01
  1.673240e+01,  9.824979e+01
  1.766486e+01,  1.044531e+02
  1.846169e+01,  1.068533e+02
  1.909121e+01,  1.064893e+02
  1.920260e+01,  1.041471e+02
  1.886481e+01,  9.940616e+01
  1.825526e+01,  9.260154e+01
  1.697432e+01,  8.573479e+01
  1.477431e+01,  8.041774e+01
  1.210508e+01,  7.687276e+01
  9.308765e+00,  7.555044e+01
  6.460626e+00,  8.145120e+01
  4.469777e+00,  1.084895e+02
  5.100374e+00,  1.461566e+02
  7.285493e+00,  1.626139e+02
  9.800819e+00,  1.673773e+02
  1.221600e+01,  1.673609e+02
  1.391170e+01,  1.644035e+02
  1.468420e+01,  1.589067e+02
  1.493706e+01,  1.518658e+02
  1.486484e+01,  1.447927e+02
  1.424087e+01,  1.376498e+02
  1.300822e+01,  1.288441e+02
  1.142639e+01,  1.168511e+02
  9.840792e+00,  9.958823e+01
  9.109568e+00,  7.403474e+01
  1.047898e+01,  4.683002e+01
  1.336310e+01,  2.902290e+01
  1.601826e+01,  1.901358e+01
  1.736314e+01,  1.312728e+01
  1.703687e+01,  1.024141e+01
  1.521199e+01,  1.094448e+01
  1.258457e+01,  1.724287e+01
  1.021200e+01,  3.260854e+01
  9.366733e+00,  5.846234e+01
  1.092086e+01,  8.511915e+01
  1.415916e+01,  1.025268e+02
  1.764319e+01,  1.120015e+02
  2.047145e+01,  1.169802e+02
  2.241333e+01,  1.193640e+02
  2.330914e+01,  1.201741e+02
  2.273849e+01,  1.200894e+02
  2.060958e+01,  1.191938e+02
  1.761948e+01,  1.168191e+02
  1.458356e+01,  1.120631e+02
  1.189234e+01,  1.040644e+02
  1.005424e+01,  9.196984e+01
  9.771080e+00,  7.825982e+01
  1.083144e+01,  6.850960e+01
  1.201449e+01,  6.306688e+01
  1.210598e+01,  5.900179e+01
  1.062565e+01,  5.361936e+01
  8.037726e+00,  4.360688e+01
  5.683955e+00,  2.318491e+01
  5.259401e+00,  3.565176e+02
  6.593461e+00,  3.461969e+02
  8.450389e+00,  3.473795e+02
  9.788490e+00,  3.481292e+02
  9.846112e+00,  3.431275e+02
  9.060757e+00,  3.287547e+02
  9.135050e+00,  3.054270e+02
  1.102958e+01,  2.847892e+02
  1.364520e+01,  2.725069e+02
  1.575123e+01,  2.648127e+02
  1.689594e+01,  2.583745e+02
  1.706358e+01,  2.513989e+02
  1.665622e+01,  2.430352e+02
  1.636414e+01,  2.337658e+02
  1.630426e+01,  2.242958e+02
  1.621325e+01,  2.135983e+02
  1.637625e+01,  2.015158e+02
  1.699444e+01,  1.909547e+02
  1.758907e+01,  1.842461e+02
  1.765210e+01,  1.820194e+02
  1.688612e+01,  1.848701e+02
  1.542801e+01,  1.928410e+02
  1.378043e+01,  2.044469e+02
  1.222724e+01,  2.185497e+02
  1.119937e+01,  2.360398e+02
  1.135401e+01,  2.548578e+02
  1.248691e+01,  2.699722e+02
  1.386360e+01,  2.802217e+02
  1.507820e+01,  2.860198e+02
  1.581574e+01,  2.875746e+02
  1.568520e+01,  2.858546e+02
  1.453700e+01,  2.818297e+02
  1.269354e+01,  2.755836e+02
  1.069217e+01,  2.670060e+02
  8.811564e+00,  2.568920e+02
  6.937684e+00,  2.470293e+02
  4.942662e+00,  2.393817e+02
  3.223097e+00,  2.350770e+02
  2.493330e+00,  2.315386e+02
  2.857277e+00,  2.226864e+02
  3.768892e+00,  2.107972e+02
  4.950865e+00,  1.984693e+02
  6.698295e+00,  1.856649e+02
  9.043471e+00,  1.712456e+02
  1.121799e+01,  1.543229e+02
  1.250262e+01,  1.353890e+02
  1.308143e+01,  1.174563e+02
  1.341208e+01,  1.047500e+02
  1.368296e+01,  9.829991e+01
  1.399363e+01,  9.668250e+01
  1.445020e+01,  9.954411e+01
  1.513809e+01,  1.056804e+02
  1.576012e+01,  1.115063e+02
  1.581353e+01,  1.148030e+02
  1.530619e+01,  1.161376e+02
  1.454798e+01,  1.168218e+02
  1.369011e+01,  1.172894e+02
  1.283139e+01,  1.173188e+02
  1.216567e+01,  1.170974e+02
  1.179686e+01,  1.174248e+02
  1.152406e+01,  1.186670e+02
  1.101478e+01,  1.202914e+02
  1.013985e+01,  1.217874e+02
  8.844163e+00,  1.234865e+02
  6.859845e+00,  1.266396e+02
  4.087573e+00,  1.344609e+02
  1.231980e+00,  1.796847e+02
  2.969210e+00,  2.821578e+02
  6.342393e+00,  2.924863e+02
  9.492576e+00,  2.926064e+02
  1.158853e+01,  2.884770e+02
  1.194893e+01,  2.807068e+02
  1.062446e+01,  2.680169e+02
  8.539941e+00,  2.471643e+02
  7.074585e+00,  2.150562e+02
  7.216839e+00,  1.778409e+02
  8.738194e+00,  1.477113e+02
  1.086768e+01,  1.267906e+02
  1.307701e+01,  1.126978e+02
  1.500648e+01,  1.038648e+02
  1.638497e+01,  9.924048e+01
  1.719660e+01,  9.775114e+01
  1.779718e+01,  9.832247e+01
  1.868889e+01,  9.979247e+01
  1.997577e+01,  1.007823e+02
  2.106719e+01,  1.003052e+02
  2.114305e+01,  9.835391e+01
  1.986098e+01,  9.565051e+01
  1.745610e+01,  9.337616e+01
  1.435595e+01,  9.339136e+01
  1.113634e+01,  9.861877e+01
  8.758351e+00,  1.113754e+02
  7.745442e+00,  1.262351e+02
  7.101855e+00,  1.349788e+02
  5.921480e+00,  1.400663e+02
  4.628309e+00,  1.492861e+02
  4.260491e+00,  1.646844e+02
  5.106910e+00,  1.736314e+02
  6.643019e+00,  1.717721e+02
  8.491493e+00,  1.638019e+02
  1.048428e+01,  1.535712e+02
  1.249636e+01,  1.434505e+02
  1.441903e+01,  1.344541e+02
  1.624983e+01,  1.268253e+02
  1.807400e+01,  1.206362e+02
  1.986438e+01,  1.155709e+02
  2.131561e+01,  1.110707e+02
  2.194877e+01,  1.073172e+02
  2.142683e+01,  1.054556e+02
  1.972569e+01,  1.068715e+02
  1.706342e+01,  1.130536e+02
  1.406627e+01,  1.265172e+02
  1.212985e+01,  1.492432e+02
  1.233348e+01,  1.747351e+02
  1.381507e+01,  1.940015e+02
  1.534179e+01,  2.067915e+02
  1.632899e+01,  2.150464e+02
  1.643011e+01,  2.199624e+02
  1.585878e+01,  2.220672e+02
  1.549435e+01,  2.215681e+02
  1.572373e+01,  2.196861e+02
  1.590958e+01,  2.179423e+02
  1.553252e+01,  2.162618e+02
  1.469520e+01,  2.136873e+02
  1.275774e+01,  2.099549e+02
  5.105690e+00,  1.997807e+02
  5.461381e-01,  3.501488e+02
##END=
