##TITLE= twqubit_C57180_H_25000_NoBuffer
##JCAMP-DX= 5.00 Bruker JCAMP library
##DATA TYPE= Shape Data
##ORIGIN= Colm's GRAPE Pulses 
##OWNER= Dawei.Lu
##DATE= 11-May-2015
##TIME= 15:33
##MINX= 2.804946e-01
##MAXX= 2.544287e+01
##MINY= 3.452329e+00
##MAXY= 3.556654e+02
##$SHAPE_EXMODE= None
##$SHAPE_TOTROT= 9.000000e+01
##$SHAPE_BWFAC= 1.000000e+00
##$SHAPE_INTEGFAC= 1.000000e+00
##$SHAPE_MODE= 1
##PULSE_WIDTH= 2000
##Calibration_Power= 25000
##NPOINTS= 200
##XYPOINTS= (XY..XY)
  2.804946e-01,  3.533837e+02
  3.973710e+00,  2.330698e+01
  9.773122e+00,  1.937333e+01
  1.249198e+01,  1.729260e+01
  1.340109e+01,  1.567935e+01
  1.343926e+01,  1.508538e+01
  1.286658e+01,  1.354861e+01
  1.200756e+01,  9.953605e+00
  1.096510e+01,  6.588826e+00
  9.353087e+00,  7.344168e+00
  6.999541e+00,  1.476061e+01
  4.384987e+00,  3.223379e+01
  2.501819e+00,  7.654573e+01
  3.334392e+00,  1.375018e+02
  5.941959e+00,  1.581890e+02
  8.856548e+00,  1.644785e+02
  1.146753e+01,  1.677592e+02
  1.364438e+01,  1.703312e+02
  1.580830e+01,  1.709572e+02
  1.828002e+01,  1.682029e+02
  2.074664e+01,  1.626523e+02
  2.265941e+01,  1.554604e+02
  2.399190e+01,  1.472523e+02
  2.497586e+01,  1.390586e+02
  2.544287e+01,  1.319545e+02
  2.513484e+01,  1.260618e+02
  2.398903e+01,  1.212525e+02
  2.202585e+01,  1.178762e+02
  1.942522e+01,  1.162333e+02
  1.637009e+01,  1.158623e+02
  1.284907e+01,  1.158521e+02
  8.897046e+00,  1.158496e+02
  4.710071e+00,  1.164848e+02
  4.705276e-01,  1.331299e+02
  3.785208e+00,  2.917130e+02
  7.785704e+00,  2.913494e+02
  1.133204e+01,  2.896497e+02
  1.435949e+01,  2.877579e+02
  1.693049e+01,  2.852265e+02
  1.894131e+01,  2.811534e+02
  2.014156e+01,  2.756946e+02
  2.053871e+01,  2.697624e+02
  2.047930e+01,  2.638256e+02
  2.012381e+01,  2.579655e+02
  1.925753e+01,  2.529009e+02
  1.797147e+01,  2.499828e+02
  1.684641e+01,  2.498285e+02
  1.615634e+01,  2.516860e+02
  1.576417e+01,  2.550273e+02
  1.557763e+01,  2.595029e+02
  1.520372e+01,  2.638494e+02
  1.410811e+01,  2.677475e+02
  1.248199e+01,  2.724179e+02
  1.080570e+01,  2.781637e+02
  9.003382e+00,  2.841476e+02
  7.127395e+00,  2.916102e+02
  5.835973e+00,  3.008971e+02
  4.947782e+00,  3.044654e+02
  3.406537e+00,  2.934300e+02
  1.943020e+00,  2.355085e+02
  3.855199e+00,  1.747980e+02
  7.136547e+00,  1.587805e+02
  1.097717e+01,  1.519345e+02
  1.493542e+01,  1.478115e+02
  1.815760e+01,  1.442082e+02
  2.011392e+01,  1.399204e+02
  2.086636e+01,  1.345113e+02
  2.070168e+01,  1.280655e+02
  1.998819e+01,  1.207301e+02
  1.930211e+01,  1.127857e+02
  1.906602e+01,  1.053374e+02
  1.893953e+01,  9.994493e+01
  1.813630e+01,  9.755908e+01
  1.636473e+01,  9.878795e+01
  1.410907e+01,  1.040662e+02
  1.200367e+01,  1.129136e+02
  1.020223e+01,  1.249287e+02
  8.737272e+00,  1.423831e+02
  8.174124e+00,  1.663512e+02
  8.752200e+00,  1.887752e+02
  9.564805e+00,  2.038467e+02
  1.001612e+01,  2.138195e+02
  1.028409e+01,  2.208689e+02
  1.051646e+01,  2.248988e+02
  1.044170e+01,  2.255485e+02
  9.732027e+00,  2.231271e+02
  8.409228e+00,  2.171466e+02
  6.857663e+00,  2.049585e+02
  5.633285e+00,  1.831687e+02
  5.234945e+00,  1.532732e+02
  5.799683e+00,  1.241619e+02
  7.035751e+00,  1.026983e+02
  8.437833e+00,  8.831108e+01
  9.605408e+00,  7.780982e+01
  1.034518e+01,  6.940752e+01
  1.051003e+01,  6.256187e+01
  1.003423e+01,  5.658404e+01
  9.032676e+00,  5.044464e+01
  7.665068e+00,  4.293076e+01
  6.181524e+00,  3.269081e+01
  4.966800e+00,  1.983219e+01
  4.141474e+00,  6.853378e+00
  3.554926e+00,  3.551452e+02
  3.164838e+00,  3.481069e+02
  3.026692e+00,  3.556654e+02
  3.585111e+00,  1.792723e+01
  5.159645e+00,  3.594798e+01
  7.322061e+00,  4.442047e+01
  9.715216e+00,  4.705260e+01
  1.211867e+01,  4.631734e+01
  1.429810e+01,  4.360987e+01
  1.609277e+01,  3.966260e+01
  1.747503e+01,  3.499986e+01
  1.849670e+01,  3.022026e+01
  1.923296e+01,  2.577034e+01
  1.962274e+01,  2.195338e+01
  1.937808e+01,  1.921565e+01
  1.830333e+01,  1.806056e+01
  1.651907e+01,  1.881788e+01
  1.420932e+01,  2.182941e+01
  1.153336e+01,  2.811404e+01
  8.880555e+00,  4.002720e+01
  6.915324e+00,  6.078552e+01
  6.298119e+00,  8.924390e+01
  7.100673e+00,  1.150417e+02
  8.679325e+00,  1.320428e+02
  1.034367e+01,  1.425484e+02
  1.164280e+01,  1.498621e+02
  1.234070e+01,  1.558798e+02
  1.226250e+01,  1.615633e+02
  1.127418e+01,  1.678797e+02
  9.605457e+00,  1.756638e+02
  7.882905e+00,  1.840886e+02
  6.523291e+00,  1.905612e+02
  5.453874e+00,  1.946424e+02
  4.437575e+00,  1.980537e+02
  3.356389e+00,  1.985205e+02
  2.294664e+00,  1.897613e+02
  1.367902e+00,  1.721379e+02
  3.031118e-01,  1.269483e+02
  1.378808e+00,  3.452329e+00
  3.179482e+00,  4.530990e+00
  5.049596e+00,  8.351860e+00
  6.920309e+00,  9.834344e+00
  8.889211e+00,  1.056546e+01
  1.105455e+01,  1.301163e+01
  1.331023e+01,  1.719422e+01
  1.542177e+01,  2.154174e+01
  1.726352e+01,  2.473546e+01
  1.883818e+01,  2.603555e+01
  1.994980e+01,  2.497224e+01
  2.020753e+01,  2.145754e+01
  1.960667e+01,  1.622260e+01
  1.861131e+01,  1.087555e+01
  1.753134e+01,  6.800978e+00
  1.640937e+01,  4.339301e+00
  1.536973e+01,  3.798939e+00
  1.446158e+01,  5.613724e+00
  1.328033e+01,  9.022410e+00
  1.131383e+01,  1.284286e+01
  8.616375e+00,  1.737781e+01
  5.655879e+00,  2.539789e+01
  2.934345e+00,  4.828373e+01
  2.257767e+00,  1.191115e+02
  4.311953e+00,  1.530997e+02
  6.426686e+00,  1.604706e+02
  7.955061e+00,  1.631038e+02
  8.906499e+00,  1.655627e+02
  9.429290e+00,  1.680079e+02
  9.371584e+00,  1.695984e+02
  8.506260e+00,  1.710839e+02
  7.094486e+00,  1.749228e+02
  5.755922e+00,  1.829113e+02
  4.779612e+00,  1.931290e+02
  3.915652e+00,  2.030110e+02
  2.988206e+00,  2.146953e+02
  2.219509e+00,  2.314553e+02
  1.781002e+00,  2.468960e+02
  1.453781e+00,  2.473892e+02
  1.230469e+00,  2.255081e+02
  1.507870e+00,  1.954430e+02
  2.436950e+00,  1.812464e+02
  4.232718e+00,  1.772106e+02
  7.127399e+00,  1.756713e+02
  1.079974e+01,  1.748388e+02
  1.457081e+01,  1.749375e+02
  1.799144e+01,  1.761052e+02
  2.083933e+01,  1.779715e+02
  2.280713e+01,  1.800617e+02
  2.367230e+01,  1.822931e+02
  2.351195e+01,  1.848011e+02
  2.240832e+01,  1.873836e+02
  2.027708e+01,  1.894700e+02
  1.725806e+01,  1.906583e+02
  1.386748e+01,  1.908528e+02
  1.047787e+01,  1.897217e+02
  6.985641e+00,  1.859800e+02
  3.123075e+00,  1.721864e+02
  1.966564e+00,  5.389033e+01
  5.776266e-01,  3.473841e+02
##END=
