##TITLE= twqubit_encoding2_H_nobuffer_fix
##JCAMP-DX= 5.00 Bruker JCAMP library
##DATA TYPE= Shape Data
##ORIGIN= Dawei's GRAPE Pulses 
##OWNER= Dawei
##DATE= 21-May-2015
##TIME= 10:28
##MINX= 0.000000e+00
##MAXX= 3.663327e+01
##MINY= 0.000000e+00
##MAXY= 3.599822e+02
##$SHAPE_EXMODE= None
##$SHAPE_TOTROT= 9.000000e+01
##$SHAPE_BWFAC= 1.000000e+00
##$SHAPE_INTEGFAC= 1.000000e+00
##$SHAPE_MODE= 1
##PULSE_WIDTH= 2.128000e-02
##Calibration_Power= 25000
##NPOINTS= 2128
##XYPOINTS= (XY..XY)
  9.862468e-01,  7.369240e+01
  2.608827e+00,  1.085716e+02
  3.362067e+00,  8.667850e+01
  4.848227e+00,  2.388450e+01
  8.425403e+00,  3.442900e-01
  1.199950e+01,  3.500109e+02
  1.533226e+01,  3.428295e+02
  1.771329e+01,  3.382126e+02
  1.920760e+01,  3.357982e+02
  2.051349e+01,  3.368483e+02
  2.167803e+01,  3.415923e+02
  2.212186e+01,  3.475585e+02
  2.173761e+01,  3.526708e+02
  2.097927e+01,  3.558747e+02
  2.025101e+01,  3.573295e+02
  1.888960e+01,  3.566392e+02
  1.627140e+01,  3.525313e+02
  1.342543e+01,  3.459329e+02
  1.112147e+01,  3.405624e+02
  8.978688e+00,  3.356216e+02
  6.931968e+00,  3.269760e+02
  5.547091e+00,  3.123576e+02
  4.715913e+00,  2.905461e+02
  4.572800e+00,  2.565080e+02
  6.038550e+00,  2.254735e+02
  8.138300e+00,  2.095574e+02
  9.550630e+00,  2.017244e+02
  1.015428e+01,  1.963315e+02
  1.049129e+01,  1.921979e+02
  1.088368e+01,  1.875808e+02
  1.112964e+01,  1.799822e+02
  1.138463e+01,  1.706202e+02
  1.192059e+01,  1.646478e+02
  1.249301e+01,  1.643330e+02
  1.288474e+01,  1.674728e+02
  1.297870e+01,  1.739205e+02
  1.293167e+01,  1.826394e+02
  1.313525e+01,  1.912164e+02
  1.374294e+01,  1.973347e+02
  1.458298e+01,  2.000337e+02
  1.521272e+01,  2.002272e+02
  1.505659e+01,  2.003376e+02
  1.397580e+01,  2.027549e+02
  1.242137e+01,  2.073320e+02
  1.051534e+01,  2.113337e+02
  7.974046e+00,  2.150554e+02
  5.098243e+00,  2.214755e+02
  2.697869e+00,  2.337796e+02
  1.267881e+00,  2.531229e+02
  4.893347e-01,  2.746658e+02
  3.948922e-01,  9.924870e+01
  2.871783e+00,  1.551374e+02
  7.432707e+00,  1.673581e+02
  1.273015e+01,  1.731723e+02
  1.752215e+01,  1.759815e+02
  2.154819e+01,  1.770152e+02
  2.467706e+01,  1.771234e+02
  2.696346e+01,  1.773573e+02
  2.620402e+01,  1.766720e+02
  2.328567e+01,  1.757388e+02
  2.043422e+01,  1.762636e+02
  1.729415e+01,  1.781828e+02
  1.398436e+01,  1.818992e+02
  1.091406e+01,  1.872716e+02
  7.818469e+00,  1.921483e+02
  4.277651e+00,  2.025333e+02
  1.940556e+00,  2.575762e+02
  3.095638e+00,  3.140499e+02
  4.205083e+00,  3.290733e+02
  4.894322e+00,  3.406515e+02
  5.358004e+00,  3.506234e+02
  5.597773e+00,  3.580367e+02
  5.881016e+00,  2.050530e+00
  6.447441e+00,  3.593130e+02
  7.426326e+00,  3.512134e+02
  8.733205e+00,  3.430766e+02
  1.005888e+01,  3.371677e+02
  1.140071e+01,  3.331679e+02
  1.284136e+01,  3.299172e+02
  1.442169e+01,  3.275974e+02
  1.640820e+01,  3.270032e+02
  1.884924e+01,  3.291559e+02
  2.101776e+01,  3.340503e+02
  2.178050e+01,  3.410549e+02
  2.063992e+01,  3.483798e+02
  1.836560e+01,  3.529412e+02
  1.600816e+01,  3.528440e+02
  1.366422e+01,  3.513862e+02
  1.085317e+01,  3.517003e+02
  7.790223e+00,  3.504232e+02
  4.787564e+00,  3.428596e+02
  1.953765e+00,  3.098936e+02
  2.566337e+00,  2.102555e+02
  5.767586e+00,  1.952573e+02
  8.828349e+00,  1.906540e+02
  1.128709e+01,  1.878205e+02
  1.285522e+01,  1.854099e+02
  1.304228e+01,  1.825702e+02
  9.849281e+00,  1.603265e+02
  2.912100e+00,  1.173880e+02
  0.000000e+00,  0.000000e+00
  0.000000e+00,  0.000000e+00
  0.000000e+00,  0.000000e+00
  0.000000e+00,  0.000000e+00
  0.000000e+00,  0.000000e+00
  0.000000e+00,  0.000000e+00
  0.000000e+00,  0.000000e+00
  0.000000e+00,  0.000000e+00
  0.000000e+00,  0.000000e+00
  0.000000e+00,  0.000000e+00
  0.000000e+00,  0.000000e+00
  0.000000e+00,  0.000000e+00
  0.000000e+00,  0.000000e+00
  0.000000e+00,  0.000000e+00
  0.000000e+00,  0.000000e+00
  0.000000e+00,  0.000000e+00
  0.000000e+00,  0.000000e+00
  0.000000e+00,  0.000000e+00
  0.000000e+00,  0.000000e+00
  0.000000e+00,  0.000000e+00
  0.000000e+00,  0.000000e+00
  0.000000e+00,  0.000000e+00
  0.000000e+00,  0.000000e+00
  0.000000e+00,  0.000000e+00
  0.000000e+00,  0.000000e+00
  0.000000e+00,  0.000000e+00
  0.000000e+00,  0.000000e+00
  0.000000e+00,  0.000000e+00
  0.000000e+00,  0.000000e+00
  0.000000e+00,  0.000000e+00
  0.000000e+00,  0.000000e+00
  0.000000e+00,  0.000000e+00
  0.000000e+00,  0.000000e+00
  0.000000e+00,  0.000000e+00
  0.000000e+00,  0.000000e+00
  0.000000e+00,  0.000000e+00
  0.000000e+00,  0.000000e+00
  0.000000e+00,  0.000000e+00
  0.000000e+00,  0.000000e+00
  0.000000e+00,  0.000000e+00
  0.000000e+00,  0.000000e+00
  0.000000e+00,  0.000000e+00
  0.000000e+00,  0.000000e+00
  0.000000e+00,  0.000000e+00
  0.000000e+00,  0.000000e+00
  0.000000e+00,  0.000000e+00
  0.000000e+00,  0.000000e+00
  0.000000e+00,  0.000000e+00
  0.000000e+00,  0.000000e+00
  0.000000e+00,  0.000000e+00
  0.000000e+00,  0.000000e+00
  0.000000e+00,  0.000000e+00
  0.000000e+00,  0.000000e+00
  0.000000e+00,  0.000000e+00
  0.000000e+00,  0.000000e+00
  0.000000e+00,  0.000000e+00
  0.000000e+00,  0.000000e+00
  0.000000e+00,  0.000000e+00
  0.000000e+00,  0.000000e+00
  0.000000e+00,  0.000000e+00
  0.000000e+00,  0.000000e+00
  0.000000e+00,  0.000000e+00
  0.000000e+00,  0.000000e+00
  0.000000e+00,  0.000000e+00
  0.000000e+00,  0.000000e+00
  0.000000e+00,  0.000000e+00
  0.000000e+00,  0.000000e+00
  0.000000e+00,  0.000000e+00
  0.000000e+00,  0.000000e+00
  0.000000e+00,  0.000000e+00
  0.000000e+00,  0.000000e+00
  0.000000e+00,  0.000000e+00
  0.000000e+00,  0.000000e+00
  0.000000e+00,  0.000000e+00
  0.000000e+00,  0.000000e+00
  0.000000e+00,  0.000000e+00
  0.000000e+00,  0.000000e+00
  0.000000e+00,  0.000000e+00
  0.000000e+00,  0.000000e+00
  0.000000e+00,  0.000000e+00
  0.000000e+00,  0.000000e+00
  0.000000e+00,  0.000000e+00
  0.000000e+00,  0.000000e+00
  0.000000e+00,  0.000000e+00
  0.000000e+00,  0.000000e+00
  0.000000e+00,  0.000000e+00
  0.000000e+00,  0.000000e+00
  0.000000e+00,  0.000000e+00
  0.000000e+00,  0.000000e+00
  0.000000e+00,  0.000000e+00
  0.000000e+00,  0.000000e+00
  0.000000e+00,  0.000000e+00
  0.000000e+00,  0.000000e+00
  0.000000e+00,  0.000000e+00
  0.000000e+00,  0.000000e+00
  0.000000e+00,  0.000000e+00
  0.000000e+00,  0.000000e+00
  0.000000e+00,  0.000000e+00
  0.000000e+00,  0.000000e+00
  0.000000e+00,  0.000000e+00
  0.000000e+00,  0.000000e+00
  0.000000e+00,  0.000000e+00
  0.000000e+00,  0.000000e+00
  0.000000e+00,  0.000000e+00
  0.000000e+00,  0.000000e+00
  0.000000e+00,  0.000000e+00
  0.000000e+00,  0.000000e+00
  0.000000e+00,  0.000000e+00
  0.000000e+00,  0.000000e+00
  0.000000e+00,  0.000000e+00
  0.000000e+00,  0.000000e+00
  0.000000e+00,  0.000000e+00
  0.000000e+00,  0.000000e+00
  0.000000e+00,  0.000000e+00
  0.000000e+00,  0.000000e+00
  0.000000e+00,  0.000000e+00
  0.000000e+00,  0.000000e+00
  0.000000e+00,  0.000000e+00
  0.000000e+00,  0.000000e+00
  0.000000e+00,  0.000000e+00
  0.000000e+00,  0.000000e+00
  0.000000e+00,  0.000000e+00
  0.000000e+00,  0.000000e+00
  0.000000e+00,  0.000000e+00
  0.000000e+00,  0.000000e+00
  0.000000e+00,  0.000000e+00
  0.000000e+00,  0.000000e+00
  0.000000e+00,  0.000000e+00
  0.000000e+00,  0.000000e+00
  0.000000e+00,  0.000000e+00
  0.000000e+00,  0.000000e+00
  0.000000e+00,  0.000000e+00
  0.000000e+00,  0.000000e+00
  0.000000e+00,  0.000000e+00
  0.000000e+00,  0.000000e+00
  0.000000e+00,  0.000000e+00
  0.000000e+00,  0.000000e+00
  0.000000e+00,  0.000000e+00
  0.000000e+00,  0.000000e+00
  0.000000e+00,  0.000000e+00
  0.000000e+00,  0.000000e+00
  0.000000e+00,  0.000000e+00
  0.000000e+00,  0.000000e+00
  0.000000e+00,  0.000000e+00
  0.000000e+00,  0.000000e+00
  0.000000e+00,  0.000000e+00
  0.000000e+00,  0.000000e+00
  0.000000e+00,  0.000000e+00
  0.000000e+00,  0.000000e+00
  0.000000e+00,  0.000000e+00
  0.000000e+00,  0.000000e+00
  0.000000e+00,  0.000000e+00
  0.000000e+00,  0.000000e+00
  0.000000e+00,  0.000000e+00
  0.000000e+00,  0.000000e+00
  0.000000e+00,  0.000000e+00
  0.000000e+00,  0.000000e+00
  0.000000e+00,  0.000000e+00
  0.000000e+00,  0.000000e+00
  0.000000e+00,  0.000000e+00
  0.000000e+00,  0.000000e+00
  0.000000e+00,  0.000000e+00
  0.000000e+00,  0.000000e+00
  0.000000e+00,  0.000000e+00
  0.000000e+00,  0.000000e+00
  0.000000e+00,  0.000000e+00
  0.000000e+00,  0.000000e+00
  0.000000e+00,  0.000000e+00
  0.000000e+00,  0.000000e+00
  0.000000e+00,  0.000000e+00
  0.000000e+00,  0.000000e+00
  0.000000e+00,  0.000000e+00
  0.000000e+00,  0.000000e+00
  0.000000e+00,  0.000000e+00
  0.000000e+00,  0.000000e+00
  0.000000e+00,  0.000000e+00
  0.000000e+00,  0.000000e+00
  0.000000e+00,  0.000000e+00
  0.000000e+00,  0.000000e+00
  0.000000e+00,  0.000000e+00
  0.000000e+00,  0.000000e+00
  0.000000e+00,  0.000000e+00
  0.000000e+00,  0.000000e+00
  0.000000e+00,  0.000000e+00
  0.000000e+00,  0.000000e+00
  0.000000e+00,  0.000000e+00
  0.000000e+00,  0.000000e+00
  0.000000e+00,  0.000000e+00
  0.000000e+00,  0.000000e+00
  0.000000e+00,  0.000000e+00
  0.000000e+00,  0.000000e+00
  0.000000e+00,  0.000000e+00
  0.000000e+00,  0.000000e+00
  0.000000e+00,  0.000000e+00
  0.000000e+00,  0.000000e+00
  0.000000e+00,  0.000000e+00
  0.000000e+00,  0.000000e+00
  0.000000e+00,  0.000000e+00
  0.000000e+00,  0.000000e+00
  0.000000e+00,  0.000000e+00
  0.000000e+00,  0.000000e+00
  0.000000e+00,  0.000000e+00
  0.000000e+00,  0.000000e+00
  0.000000e+00,  0.000000e+00
  0.000000e+00,  0.000000e+00
  0.000000e+00,  0.000000e+00
  0.000000e+00,  0.000000e+00
  0.000000e+00,  0.000000e+00
  0.000000e+00,  0.000000e+00
  0.000000e+00,  0.000000e+00
  0.000000e+00,  0.000000e+00
  0.000000e+00,  0.000000e+00
  0.000000e+00,  0.000000e+00
  0.000000e+00,  0.000000e+00
  0.000000e+00,  0.000000e+00
  0.000000e+00,  0.000000e+00
  0.000000e+00,  0.000000e+00
  0.000000e+00,  0.000000e+00
  0.000000e+00,  0.000000e+00
  0.000000e+00,  0.000000e+00
  0.000000e+00,  0.000000e+00
  0.000000e+00,  0.000000e+00
  0.000000e+00,  0.000000e+00
  0.000000e+00,  0.000000e+00
  0.000000e+00,  0.000000e+00
  0.000000e+00,  0.000000e+00
  0.000000e+00,  0.000000e+00
  0.000000e+00,  0.000000e+00
  0.000000e+00,  0.000000e+00
  0.000000e+00,  0.000000e+00
  0.000000e+00,  0.000000e+00
  0.000000e+00,  0.000000e+00
  0.000000e+00,  0.000000e+00
  0.000000e+00,  0.000000e+00
  0.000000e+00,  0.000000e+00
  0.000000e+00,  0.000000e+00
  0.000000e+00,  0.000000e+00
  0.000000e+00,  0.000000e+00
  0.000000e+00,  0.000000e+00
  0.000000e+00,  0.000000e+00
  0.000000e+00,  0.000000e+00
  0.000000e+00,  0.000000e+00
  0.000000e+00,  0.000000e+00
  0.000000e+00,  0.000000e+00
  0.000000e+00,  0.000000e+00
  0.000000e+00,  0.000000e+00
  0.000000e+00,  0.000000e+00
  0.000000e+00,  0.000000e+00
  0.000000e+00,  0.000000e+00
  0.000000e+00,  0.000000e+00
  0.000000e+00,  0.000000e+00
  0.000000e+00,  0.000000e+00
  0.000000e+00,  0.000000e+00
  0.000000e+00,  0.000000e+00
  0.000000e+00,  0.000000e+00
  0.000000e+00,  0.000000e+00
  0.000000e+00,  0.000000e+00
  0.000000e+00,  0.000000e+00
  0.000000e+00,  0.000000e+00
  0.000000e+00,  0.000000e+00
  0.000000e+00,  0.000000e+00
  0.000000e+00,  0.000000e+00
  0.000000e+00,  0.000000e+00
  0.000000e+00,  0.000000e+00
  0.000000e+00,  0.000000e+00
  0.000000e+00,  0.000000e+00
  0.000000e+00,  0.000000e+00
  0.000000e+00,  0.000000e+00
  0.000000e+00,  0.000000e+00
  0.000000e+00,  0.000000e+00
  0.000000e+00,  0.000000e+00
  0.000000e+00,  0.000000e+00
  0.000000e+00,  0.000000e+00
  0.000000e+00,  0.000000e+00
  0.000000e+00,  0.000000e+00
  0.000000e+00,  0.000000e+00
  0.000000e+00,  0.000000e+00
  0.000000e+00,  0.000000e+00
  0.000000e+00,  0.000000e+00
  0.000000e+00,  0.000000e+00
  0.000000e+00,  0.000000e+00
  0.000000e+00,  0.000000e+00
  0.000000e+00,  0.000000e+00
  0.000000e+00,  0.000000e+00
  0.000000e+00,  0.000000e+00
  0.000000e+00,  0.000000e+00
  0.000000e+00,  0.000000e+00
  0.000000e+00,  0.000000e+00
  0.000000e+00,  0.000000e+00
  0.000000e+00,  0.000000e+00
  0.000000e+00,  0.000000e+00
  0.000000e+00,  0.000000e+00
  0.000000e+00,  0.000000e+00
  0.000000e+00,  0.000000e+00
  0.000000e+00,  0.000000e+00
  0.000000e+00,  0.000000e+00
  0.000000e+00,  0.000000e+00
  0.000000e+00,  0.000000e+00
  0.000000e+00,  0.000000e+00
  0.000000e+00,  0.000000e+00
  0.000000e+00,  0.000000e+00
  0.000000e+00,  0.000000e+00
  0.000000e+00,  0.000000e+00
  0.000000e+00,  0.000000e+00
  0.000000e+00,  0.000000e+00
  0.000000e+00,  0.000000e+00
  0.000000e+00,  0.000000e+00
  0.000000e+00,  0.000000e+00
  0.000000e+00,  0.000000e+00
  0.000000e+00,  0.000000e+00
  0.000000e+00,  0.000000e+00
  0.000000e+00,  0.000000e+00
  0.000000e+00,  0.000000e+00
  0.000000e+00,  0.000000e+00
  0.000000e+00,  0.000000e+00
  0.000000e+00,  0.000000e+00
  0.000000e+00,  0.000000e+00
  0.000000e+00,  0.000000e+00
  0.000000e+00,  0.000000e+00
  0.000000e+00,  0.000000e+00
  0.000000e+00,  0.000000e+00
  0.000000e+00,  0.000000e+00
  0.000000e+00,  0.000000e+00
  0.000000e+00,  0.000000e+00
  0.000000e+00,  0.000000e+00
  0.000000e+00,  0.000000e+00
  0.000000e+00,  0.000000e+00
  0.000000e+00,  0.000000e+00
  0.000000e+00,  0.000000e+00
  0.000000e+00,  0.000000e+00
  0.000000e+00,  0.000000e+00
  0.000000e+00,  0.000000e+00
  0.000000e+00,  0.000000e+00
  0.000000e+00,  0.000000e+00
  0.000000e+00,  0.000000e+00
  0.000000e+00,  0.000000e+00
  0.000000e+00,  0.000000e+00
  0.000000e+00,  0.000000e+00
  0.000000e+00,  0.000000e+00
  0.000000e+00,  0.000000e+00
  0.000000e+00,  0.000000e+00
  0.000000e+00,  0.000000e+00
  0.000000e+00,  0.000000e+00
  0.000000e+00,  0.000000e+00
  0.000000e+00,  0.000000e+00
  0.000000e+00,  0.000000e+00
  0.000000e+00,  0.000000e+00
  0.000000e+00,  0.000000e+00
  0.000000e+00,  0.000000e+00
  0.000000e+00,  0.000000e+00
  0.000000e+00,  0.000000e+00
  0.000000e+00,  0.000000e+00
  0.000000e+00,  0.000000e+00
  0.000000e+00,  0.000000e+00
  0.000000e+00,  0.000000e+00
  0.000000e+00,  0.000000e+00
  0.000000e+00,  0.000000e+00
  0.000000e+00,  0.000000e+00
  0.000000e+00,  0.000000e+00
  0.000000e+00,  0.000000e+00
  0.000000e+00,  0.000000e+00
  0.000000e+00,  0.000000e+00
  0.000000e+00,  0.000000e+00
  0.000000e+00,  0.000000e+00
  0.000000e+00,  0.000000e+00
  0.000000e+00,  0.000000e+00
  0.000000e+00,  0.000000e+00
  0.000000e+00,  0.000000e+00
  0.000000e+00,  0.000000e+00
  0.000000e+00,  0.000000e+00
  0.000000e+00,  0.000000e+00
  0.000000e+00,  0.000000e+00
  0.000000e+00,  0.000000e+00
  0.000000e+00,  0.000000e+00
  0.000000e+00,  0.000000e+00
  0.000000e+00,  0.000000e+00
  0.000000e+00,  0.000000e+00
  0.000000e+00,  0.000000e+00
  0.000000e+00,  0.000000e+00
  0.000000e+00,  0.000000e+00
  0.000000e+00,  0.000000e+00
  0.000000e+00,  0.000000e+00
  0.000000e+00,  0.000000e+00
  0.000000e+00,  0.000000e+00
  0.000000e+00,  0.000000e+00
  0.000000e+00,  0.000000e+00
  0.000000e+00,  0.000000e+00
  0.000000e+00,  0.000000e+00
  0.000000e+00,  0.000000e+00
  0.000000e+00,  0.000000e+00
  0.000000e+00,  0.000000e+00
  0.000000e+00,  0.000000e+00
  0.000000e+00,  0.000000e+00
  0.000000e+00,  0.000000e+00
  0.000000e+00,  0.000000e+00
  0.000000e+00,  0.000000e+00
  0.000000e+00,  0.000000e+00
  0.000000e+00,  0.000000e+00
  0.000000e+00,  0.000000e+00
  0.000000e+00,  0.000000e+00
  0.000000e+00,  0.000000e+00
  0.000000e+00,  0.000000e+00
  0.000000e+00,  0.000000e+00
  0.000000e+00,  0.000000e+00
  0.000000e+00,  0.000000e+00
  0.000000e+00,  0.000000e+00
  0.000000e+00,  0.000000e+00
  0.000000e+00,  0.000000e+00
  0.000000e+00,  0.000000e+00
  0.000000e+00,  0.000000e+00
  0.000000e+00,  0.000000e+00
  0.000000e+00,  0.000000e+00
  0.000000e+00,  0.000000e+00
  0.000000e+00,  0.000000e+00
  0.000000e+00,  0.000000e+00
  0.000000e+00,  0.000000e+00
  0.000000e+00,  0.000000e+00
  0.000000e+00,  0.000000e+00
  0.000000e+00,  0.000000e+00
  0.000000e+00,  0.000000e+00
  0.000000e+00,  0.000000e+00
  0.000000e+00,  0.000000e+00
  0.000000e+00,  0.000000e+00
  0.000000e+00,  0.000000e+00
  0.000000e+00,  0.000000e+00
  0.000000e+00,  0.000000e+00
  0.000000e+00,  0.000000e+00
  0.000000e+00,  0.000000e+00
  0.000000e+00,  0.000000e+00
  0.000000e+00,  0.000000e+00
  0.000000e+00,  0.000000e+00
  0.000000e+00,  0.000000e+00
  0.000000e+00,  0.000000e+00
  0.000000e+00,  0.000000e+00
  2.679324e-01,  1.368829e+01
  7.590263e-01,  9.524335e+01
  8.767582e+00,  2.210764e+02
  2.590543e+01,  2.303464e+02
  3.376541e+01,  2.354555e+02
  3.155851e+01,  2.410481e+02
  2.642015e+01,  2.465923e+02
  2.282673e+01,  2.520026e+02
  2.261523e+01,  2.565349e+02
  2.409368e+01,  2.594359e+02
  2.676160e+01,  2.630338e+02
  2.866794e+01,  2.657567e+02
  2.934263e+01,  2.665176e+02
  2.773652e+01,  2.645821e+02
  2.352915e+01,  2.589924e+02
  1.960820e+01,  2.499057e+02
  1.660930e+01,  2.348362e+02
  1.566054e+01,  2.149298e+02
  1.711297e+01,  1.961759e+02
  1.994503e+01,  1.832032e+02
  2.229242e+01,  1.754407e+02
  2.298255e+01,  1.707609e+02
  2.196128e+01,  1.681573e+02
  1.979588e+01,  1.684682e+02
  1.715657e+01,  1.738186e+02
  1.524646e+01,  1.852148e+02
  1.518786e+01,  1.997937e+02
  1.698580e+01,  2.132239e+02
  1.972001e+01,  2.232058e+02
  2.192506e+01,  2.283871e+02
  2.246717e+01,  2.271720e+02
  2.157038e+01,  2.207561e+02
  2.036155e+01,  2.121370e+02
  1.917519e+01,  2.044989e+02
  1.800859e+01,  1.970538e+02
  1.787014e+01,  1.869896e+02
  1.959195e+01,  1.777945e+02
  2.203785e+01,  1.737411e+02
  2.424195e+01,  1.734586e+02
  2.700666e+01,  1.741991e+02
  2.862811e+01,  1.731785e+02
  2.892352e+01,  1.714469e+02
  2.794340e+01,  1.698993e+02
  2.597226e+01,  1.685522e+02
  2.355421e+01,  1.668104e+02
  2.234056e+01,  1.660899e+02
  2.184519e+01,  1.669045e+02
  2.173452e+01,  1.701183e+02
  2.194604e+01,  1.759018e+02
  2.236242e+01,  1.829087e+02
  2.258057e+01,  1.893541e+02
  2.245308e+01,  1.937417e+02
  2.190968e+01,  1.954367e+02
  2.050539e+01,  1.926338e+02
  1.853853e+01,  1.832317e+02
  1.752185e+01,  1.670520e+02
  1.818615e+01,  1.497655e+02
  1.978003e+01,  1.354992e+02
  2.138716e+01,  1.255840e+02
  2.246819e+01,  1.199639e+02
  2.293838e+01,  1.187756e+02
  2.309090e+01,  1.217132e+02
  2.336691e+01,  1.280221e+02
  2.392841e+01,  1.364214e+02
  2.463019e+01,  1.451327e+02
  2.526955e+01,  1.514835e+02
  2.549422e+01,  1.541402e+02
  2.490105e+01,  1.532135e+02
  2.358744e+01,  1.508652e+02
  2.246655e+01,  1.490411e+02
  2.181854e+01,  1.455985e+02
  2.108105e+01,  1.373808e+02
  2.048863e+01,  1.263125e+02
  2.080271e+01,  1.167381e+02
  2.207243e+01,  1.073440e+02
  2.375949e+01,  9.770103e+01
  2.467270e+01,  9.254387e+01
  2.444121e+01,  9.556332e+01
  2.409546e+01,  1.031817e+02
  2.311634e+01,  1.080377e+02
  2.120299e+01,  1.076700e+02
  1.998804e+01,  1.040053e+02
  2.057203e+01,  9.957947e+01
  2.218925e+01,  9.604054e+01
  2.368861e+01,  9.256892e+01
  2.477746e+01,  8.838257e+01
  2.549009e+01,  8.329282e+01
  2.537514e+01,  7.867121e+01
  2.447431e+01,  7.617548e+01
  2.377370e+01,  7.643870e+01
  2.401485e+01,  7.796511e+01
  2.447472e+01,  7.945659e+01
  2.410393e+01,  8.158000e+01
  2.294183e+01,  8.485847e+01
  2.143788e+01,  8.781024e+01
  1.994869e+01,  8.903151e+01
  1.895124e+01,  8.885593e+01
  1.856934e+01,  8.702180e+01
  1.823419e+01,  8.251501e+01
  1.732582e+01,  7.641582e+01
  1.582656e+01,  7.146167e+01
  1.433333e+01,  6.786503e+01
  1.361034e+01,  6.213423e+01
  1.371857e+01,  5.227700e+01
  1.421144e+01,  3.990389e+01
  1.526522e+01,  2.778222e+01
  1.769424e+01,  1.896547e+01
  2.127750e+01,  1.508255e+01
  2.499110e+01,  1.508257e+01
  2.895792e+01,  1.822417e+01
  3.046153e+01,  2.291864e+01
  2.855986e+01,  2.997849e+01
  2.355567e+01,  4.064873e+01
  2.029718e+01,  5.561271e+01
  1.881544e+01,  6.964161e+01
  1.758865e+01,  8.266942e+01
  1.638412e+01,  9.502719e+01
  1.496064e+01,  9.936515e+01
  1.289025e+01,  9.361536e+01
  1.089590e+01,  8.341560e+01
  9.808254e+00,  7.081531e+01
  1.050928e+01,  5.325930e+01
  1.325600e+01,  3.446426e+01
  1.688577e+01,  2.110667e+01
  1.969879e+01,  1.296120e+01
  2.092177e+01,  8.338184e+00
  2.095422e+01,  5.666179e+00
  2.043737e+01,  3.943575e+00
  2.008323e+01,  3.350805e+00
  2.031283e+01,  5.297043e+00
  2.054872e+01,  8.330045e+00
  2.009318e+01,  9.869418e+00
  1.950966e+01,  9.502814e+00
  1.946665e+01,  8.603688e+00
  1.963744e+01,  8.521180e+00
  1.948464e+01,  9.225424e+00
  1.927304e+01,  1.034875e+01
  1.975801e+01,  1.051948e+01
  2.130719e+01,  9.835135e+00
  2.349195e+01,  9.445829e+00
  2.620779e+01,  9.557238e+00
  2.940019e+01,  1.006503e+01
  3.181216e+01,  9.852744e+00
  3.289722e+01,  8.887635e+00
  3.269374e+01,  6.107547e+00
  3.065595e+01,  1.191893e+00
  2.607726e+01,  3.531862e+02
  2.146769e+01,  3.415996e+02
  1.948174e+01,  3.281483e+02
  1.992320e+01,  3.168458e+02
  2.141252e+01,  3.096001e+02
  2.289652e+01,  3.062814e+02
  2.379307e+01,  3.069680e+02
  2.376525e+01,  3.117219e+02
  2.269230e+01,  3.190960e+02
  2.095742e+01,  3.268784e+02
  1.958384e+01,  3.334559e+02
  1.946083e+01,  3.384002e+02
  2.024482e+01,  3.428486e+02
  2.105757e+01,  3.471142e+02
  2.171833e+01,  3.493183e+02
  2.175849e+01,  3.460651e+02
  2.056337e+01,  3.366969e+02
  1.879642e+01,  3.237844e+02
  1.723076e+01,  3.098480e+02
  1.612360e+01,  2.941349e+02
  1.609141e+01,  2.771086e+02
  1.680312e+01,  2.658365e+02
  1.727576e+01,  2.644015e+02
  1.779787e+01,  2.700863e+02
  1.858577e+01,  2.779456e+02
  1.959168e+01,  2.856004e+02
  2.118955e+01,  2.933361e+02
  2.333018e+01,  2.999954e+02
  2.484523e+01,  3.048421e+02
  2.488312e+01,  3.076525e+02
  2.410600e+01,  3.087451e+02
  2.366359e+01,  3.091808e+02
  2.318171e+01,  3.084392e+02
  2.210237e+01,  3.041387e+02
  2.124011e+01,  2.974333e+02
  2.117302e+01,  2.908302e+02
  2.128944e+01,  2.847296e+02
  2.068090e+01,  2.787029e+02
  1.881778e+01,  2.737973e+02
  1.623424e+01,  2.708695e+02
  1.394119e+01,  2.716226e+02
  1.242873e+01,  2.746591e+02
  1.197826e+01,  2.734816e+02
  1.310275e+01,  2.671814e+02
  1.571932e+01,  2.618467e+02
  1.886400e+01,  2.597813e+02
  2.245113e+01,  2.585876e+02
  2.820229e+01,  2.593605e+02
  3.377156e+01,  2.612092e+02
  3.663327e+01,  2.646219e+02
  3.052087e+01,  2.651205e+02
  1.097095e+01,  2.490201e+02
  3.948506e+00,  3.724220e+01
  5.385985e-01,  4.504964e+01
  0.000000e+00,  0.000000e+00
  0.000000e+00,  0.000000e+00
  0.000000e+00,  0.000000e+00
  0.000000e+00,  0.000000e+00
  0.000000e+00,  0.000000e+00
  0.000000e+00,  0.000000e+00
  0.000000e+00,  0.000000e+00
  0.000000e+00,  0.000000e+00
  0.000000e+00,  0.000000e+00
  0.000000e+00,  0.000000e+00
  0.000000e+00,  0.000000e+00
  0.000000e+00,  0.000000e+00
  0.000000e+00,  0.000000e+00
  0.000000e+00,  0.000000e+00
  0.000000e+00,  0.000000e+00
  0.000000e+00,  0.000000e+00
  0.000000e+00,  0.000000e+00
  0.000000e+00,  0.000000e+00
  0.000000e+00,  0.000000e+00
  0.000000e+00,  0.000000e+00
  0.000000e+00,  0.000000e+00
  0.000000e+00,  0.000000e+00
  0.000000e+00,  0.000000e+00
  0.000000e+00,  0.000000e+00
  0.000000e+00,  0.000000e+00
  0.000000e+00,  0.000000e+00
  0.000000e+00,  0.000000e+00
  0.000000e+00,  0.000000e+00
  0.000000e+00,  0.000000e+00
  0.000000e+00,  0.000000e+00
  0.000000e+00,  0.000000e+00
  0.000000e+00,  0.000000e+00
  0.000000e+00,  0.000000e+00
  0.000000e+00,  0.000000e+00
  0.000000e+00,  0.000000e+00
  0.000000e+00,  0.000000e+00
  0.000000e+00,  0.000000e+00
  0.000000e+00,  0.000000e+00
  0.000000e+00,  0.000000e+00
  0.000000e+00,  0.000000e+00
  0.000000e+00,  0.000000e+00
  0.000000e+00,  0.000000e+00
  0.000000e+00,  0.000000e+00
  0.000000e+00,  0.000000e+00
  0.000000e+00,  0.000000e+00
  0.000000e+00,  0.000000e+00
  0.000000e+00,  0.000000e+00
  0.000000e+00,  0.000000e+00
  0.000000e+00,  0.000000e+00
  0.000000e+00,  0.000000e+00
  0.000000e+00,  0.000000e+00
  0.000000e+00,  0.000000e+00
  0.000000e+00,  0.000000e+00
  0.000000e+00,  0.000000e+00
  0.000000e+00,  0.000000e+00
  0.000000e+00,  0.000000e+00
  0.000000e+00,  0.000000e+00
  0.000000e+00,  0.000000e+00
  0.000000e+00,  0.000000e+00
  0.000000e+00,  0.000000e+00
  0.000000e+00,  0.000000e+00
  0.000000e+00,  0.000000e+00
  0.000000e+00,  0.000000e+00
  0.000000e+00,  0.000000e+00
  0.000000e+00,  0.000000e+00
  0.000000e+00,  0.000000e+00
  0.000000e+00,  0.000000e+00
  0.000000e+00,  0.000000e+00
  0.000000e+00,  0.000000e+00
  0.000000e+00,  0.000000e+00
  0.000000e+00,  0.000000e+00
  0.000000e+00,  0.000000e+00
  0.000000e+00,  0.000000e+00
  0.000000e+00,  0.000000e+00
  0.000000e+00,  0.000000e+00
  0.000000e+00,  0.000000e+00
  0.000000e+00,  0.000000e+00
  0.000000e+00,  0.000000e+00
  0.000000e+00,  0.000000e+00
  0.000000e+00,  0.000000e+00
  0.000000e+00,  0.000000e+00
  0.000000e+00,  0.000000e+00
  0.000000e+00,  0.000000e+00
  0.000000e+00,  0.000000e+00
  0.000000e+00,  0.000000e+00
  0.000000e+00,  0.000000e+00
  0.000000e+00,  0.000000e+00
  0.000000e+00,  0.000000e+00
  0.000000e+00,  0.000000e+00
  0.000000e+00,  0.000000e+00
  0.000000e+00,  0.000000e+00
  0.000000e+00,  0.000000e+00
  0.000000e+00,  0.000000e+00
  0.000000e+00,  0.000000e+00
  0.000000e+00,  0.000000e+00
  0.000000e+00,  0.000000e+00
  0.000000e+00,  0.000000e+00
  0.000000e+00,  0.000000e+00
  0.000000e+00,  0.000000e+00
  0.000000e+00,  0.000000e+00
  0.000000e+00,  0.000000e+00
  0.000000e+00,  0.000000e+00
  0.000000e+00,  0.000000e+00
  0.000000e+00,  0.000000e+00
  0.000000e+00,  0.000000e+00
  0.000000e+00,  0.000000e+00
  0.000000e+00,  0.000000e+00
  0.000000e+00,  0.000000e+00
  0.000000e+00,  0.000000e+00
  0.000000e+00,  0.000000e+00
  0.000000e+00,  0.000000e+00
  0.000000e+00,  0.000000e+00
  0.000000e+00,  0.000000e+00
  0.000000e+00,  0.000000e+00
  0.000000e+00,  0.000000e+00
  0.000000e+00,  0.000000e+00
  0.000000e+00,  0.000000e+00
  0.000000e+00,  0.000000e+00
  0.000000e+00,  0.000000e+00
  0.000000e+00,  0.000000e+00
  0.000000e+00,  0.000000e+00
  0.000000e+00,  0.000000e+00
  0.000000e+00,  0.000000e+00
  0.000000e+00,  0.000000e+00
  0.000000e+00,  0.000000e+00
  0.000000e+00,  0.000000e+00
  0.000000e+00,  0.000000e+00
  0.000000e+00,  0.000000e+00
  0.000000e+00,  0.000000e+00
  0.000000e+00,  0.000000e+00
  0.000000e+00,  0.000000e+00
  0.000000e+00,  0.000000e+00
  0.000000e+00,  0.000000e+00
  0.000000e+00,  0.000000e+00
  0.000000e+00,  0.000000e+00
  0.000000e+00,  0.000000e+00
  0.000000e+00,  0.000000e+00
  0.000000e+00,  0.000000e+00
  0.000000e+00,  0.000000e+00
  0.000000e+00,  0.000000e+00
  0.000000e+00,  0.000000e+00
  0.000000e+00,  0.000000e+00
  0.000000e+00,  0.000000e+00
  0.000000e+00,  0.000000e+00
  0.000000e+00,  0.000000e+00
  0.000000e+00,  0.000000e+00
  0.000000e+00,  0.000000e+00
  0.000000e+00,  0.000000e+00
  0.000000e+00,  0.000000e+00
  0.000000e+00,  0.000000e+00
  0.000000e+00,  0.000000e+00
  0.000000e+00,  0.000000e+00
  0.000000e+00,  0.000000e+00
  0.000000e+00,  0.000000e+00
  0.000000e+00,  0.000000e+00
  0.000000e+00,  0.000000e+00
  0.000000e+00,  0.000000e+00
  0.000000e+00,  0.000000e+00
  0.000000e+00,  0.000000e+00
  0.000000e+00,  0.000000e+00
  0.000000e+00,  0.000000e+00
  0.000000e+00,  0.000000e+00
  0.000000e+00,  0.000000e+00
  0.000000e+00,  0.000000e+00
  0.000000e+00,  0.000000e+00
  0.000000e+00,  0.000000e+00
  0.000000e+00,  0.000000e+00
  0.000000e+00,  0.000000e+00
  0.000000e+00,  0.000000e+00
  0.000000e+00,  0.000000e+00
  0.000000e+00,  0.000000e+00
  0.000000e+00,  0.000000e+00
  0.000000e+00,  0.000000e+00
  0.000000e+00,  0.000000e+00
  0.000000e+00,  0.000000e+00
  0.000000e+00,  0.000000e+00
  0.000000e+00,  0.000000e+00
  0.000000e+00,  0.000000e+00
  0.000000e+00,  0.000000e+00
  0.000000e+00,  0.000000e+00
  0.000000e+00,  0.000000e+00
  0.000000e+00,  0.000000e+00
  0.000000e+00,  0.000000e+00
  0.000000e+00,  0.000000e+00
  0.000000e+00,  0.000000e+00
  0.000000e+00,  0.000000e+00
  0.000000e+00,  0.000000e+00
  0.000000e+00,  0.000000e+00
  0.000000e+00,  0.000000e+00
  0.000000e+00,  0.000000e+00
  0.000000e+00,  0.000000e+00
  0.000000e+00,  0.000000e+00
  0.000000e+00,  0.000000e+00
  0.000000e+00,  0.000000e+00
  0.000000e+00,  0.000000e+00
  0.000000e+00,  0.000000e+00
  0.000000e+00,  0.000000e+00
  0.000000e+00,  0.000000e+00
  0.000000e+00,  0.000000e+00
  0.000000e+00,  0.000000e+00
  0.000000e+00,  0.000000e+00
  0.000000e+00,  0.000000e+00
  0.000000e+00,  0.000000e+00
  0.000000e+00,  0.000000e+00
  0.000000e+00,  0.000000e+00
  0.000000e+00,  0.000000e+00
  0.000000e+00,  0.000000e+00
  0.000000e+00,  0.000000e+00
  0.000000e+00,  0.000000e+00
  0.000000e+00,  0.000000e+00
  0.000000e+00,  0.000000e+00
  0.000000e+00,  0.000000e+00
  0.000000e+00,  0.000000e+00
  0.000000e+00,  0.000000e+00
  0.000000e+00,  0.000000e+00
  0.000000e+00,  0.000000e+00
  0.000000e+00,  0.000000e+00
  0.000000e+00,  0.000000e+00
  0.000000e+00,  0.000000e+00
  0.000000e+00,  0.000000e+00
  0.000000e+00,  0.000000e+00
  0.000000e+00,  0.000000e+00
  0.000000e+00,  0.000000e+00
  0.000000e+00,  0.000000e+00
  0.000000e+00,  0.000000e+00
  0.000000e+00,  0.000000e+00
  0.000000e+00,  0.000000e+00
  0.000000e+00,  0.000000e+00
  0.000000e+00,  0.000000e+00
  0.000000e+00,  0.000000e+00
  0.000000e+00,  0.000000e+00
  0.000000e+00,  0.000000e+00
  0.000000e+00,  0.000000e+00
  0.000000e+00,  0.000000e+00
  0.000000e+00,  0.000000e+00
  0.000000e+00,  0.000000e+00
  0.000000e+00,  0.000000e+00
  0.000000e+00,  0.000000e+00
  0.000000e+00,  0.000000e+00
  0.000000e+00,  0.000000e+00
  0.000000e+00,  0.000000e+00
  0.000000e+00,  0.000000e+00
  0.000000e+00,  0.000000e+00
  0.000000e+00,  0.000000e+00
  0.000000e+00,  0.000000e+00
  0.000000e+00,  0.000000e+00
  0.000000e+00,  0.000000e+00
  0.000000e+00,  0.000000e+00
  0.000000e+00,  0.000000e+00
  0.000000e+00,  0.000000e+00
  0.000000e+00,  0.000000e+00
  0.000000e+00,  0.000000e+00
  0.000000e+00,  0.000000e+00
  0.000000e+00,  0.000000e+00
  0.000000e+00,  0.000000e+00
  0.000000e+00,  0.000000e+00
  0.000000e+00,  0.000000e+00
  0.000000e+00,  0.000000e+00
  0.000000e+00,  0.000000e+00
  0.000000e+00,  0.000000e+00
  0.000000e+00,  0.000000e+00
  0.000000e+00,  0.000000e+00
  0.000000e+00,  0.000000e+00
  0.000000e+00,  0.000000e+00
  0.000000e+00,  0.000000e+00
  0.000000e+00,  0.000000e+00
  0.000000e+00,  0.000000e+00
  0.000000e+00,  0.000000e+00
  0.000000e+00,  0.000000e+00
  0.000000e+00,  0.000000e+00
  0.000000e+00,  0.000000e+00
  0.000000e+00,  0.000000e+00
  0.000000e+00,  0.000000e+00
  0.000000e+00,  0.000000e+00
  0.000000e+00,  0.000000e+00
  0.000000e+00,  0.000000e+00
  0.000000e+00,  0.000000e+00
  0.000000e+00,  0.000000e+00
  0.000000e+00,  0.000000e+00
  0.000000e+00,  0.000000e+00
  0.000000e+00,  0.000000e+00
  0.000000e+00,  0.000000e+00
  0.000000e+00,  0.000000e+00
  0.000000e+00,  0.000000e+00
  0.000000e+00,  0.000000e+00
  0.000000e+00,  0.000000e+00
  0.000000e+00,  0.000000e+00
  0.000000e+00,  0.000000e+00
  0.000000e+00,  0.000000e+00
  0.000000e+00,  0.000000e+00
  0.000000e+00,  0.000000e+00
  0.000000e+00,  0.000000e+00
  0.000000e+00,  0.000000e+00
  0.000000e+00,  0.000000e+00
  0.000000e+00,  0.000000e+00
  0.000000e+00,  0.000000e+00
  0.000000e+00,  0.000000e+00
  0.000000e+00,  0.000000e+00
  0.000000e+00,  0.000000e+00
  0.000000e+00,  0.000000e+00
  0.000000e+00,  0.000000e+00
  0.000000e+00,  0.000000e+00
  0.000000e+00,  0.000000e+00
  0.000000e+00,  0.000000e+00
  0.000000e+00,  0.000000e+00
  0.000000e+00,  0.000000e+00
  0.000000e+00,  0.000000e+00
  0.000000e+00,  0.000000e+00
  0.000000e+00,  0.000000e+00
  0.000000e+00,  0.000000e+00
  0.000000e+00,  0.000000e+00
  0.000000e+00,  0.000000e+00
  0.000000e+00,  0.000000e+00
  0.000000e+00,  0.000000e+00
  0.000000e+00,  0.000000e+00
  0.000000e+00,  0.000000e+00
  0.000000e+00,  0.000000e+00
  0.000000e+00,  0.000000e+00
  0.000000e+00,  0.000000e+00
  0.000000e+00,  0.000000e+00
  0.000000e+00,  0.000000e+00
  0.000000e+00,  0.000000e+00
  0.000000e+00,  0.000000e+00
  0.000000e+00,  0.000000e+00
  0.000000e+00,  0.000000e+00
  0.000000e+00,  0.000000e+00
  0.000000e+00,  0.000000e+00
  0.000000e+00,  0.000000e+00
  0.000000e+00,  0.000000e+00
  0.000000e+00,  0.000000e+00
  1.506995e-01,  3.352912e+02
  2.263505e+00,  1.803221e+02
  7.644753e+00,  1.805145e+02
  1.258715e+01,  1.742144e+02
  1.511044e+01,  1.635824e+02
  1.640969e+01,  1.527760e+02
  1.680144e+01,  1.424261e+02
  1.632396e+01,  1.331462e+02
  1.520386e+01,  1.253972e+02
  1.349469e+01,  1.194879e+02
  1.135985e+01,  1.159334e+02
  9.319318e+00,  1.117947e+02
  7.924296e+00,  1.028287e+02
  7.626343e+00,  8.823810e+01
  8.544435e+00,  7.589642e+01
  1.011736e+01,  7.061723e+01
  1.185679e+01,  7.157264e+01
  1.357173e+01,  7.729111e+01
  1.514934e+01,  8.703145e+01
  1.645867e+01,  9.668425e+01
  1.741359e+01,  1.031277e+02
  1.823644e+01,  1.059064e+02
  1.889297e+01,  1.055730e+02
  1.904153e+01,  1.033495e+02
  1.872639e+01,  9.875587e+01
  1.812673e+01,  9.186316e+01
  1.687887e+01,  8.479723e+01
  1.470359e+01,  7.902274e+01
  1.201849e+01,  7.544191e+01
  9.267078e+00,  7.339265e+01
  6.501998e+00,  7.803478e+01
  4.437793e+00,  1.030321e+02
  4.847889e+00,  1.416691e+02
  6.916566e+00,  1.597270e+02
  9.352686e+00,  1.654825e+02
  1.172448e+01,  1.660423e+02
  1.348079e+01,  1.630360e+02
  1.431538e+01,  1.576013e+02
  1.457542e+01,  1.505918e+02
  1.454343e+01,  1.434854e+02
  1.396073e+01,  1.362635e+02
  1.274728e+01,  1.275347e+02
  1.121529e+01,  1.155134e+02
  9.688968e+00,  9.819435e+01
  8.971573e+00,  7.292713e+01
  1.027773e+01,  4.609761e+01
  1.312403e+01,  2.821904e+01
  1.587218e+01,  1.829780e+01
  1.731229e+01,  1.264408e+01
  1.703705e+01,  9.622799e+00
  1.521105e+01,  9.831138e+00
  1.256069e+01,  1.599936e+01
  1.015551e+01,  3.017841e+01
  9.214160e+00,  5.524113e+01
  1.060652e+01,  8.227719e+01
  1.376820e+01,  1.002154e+02
  1.730918e+01,  1.104441e+02
  2.027271e+01,  1.159605e+02
  2.229327e+01,  1.187525e+02
  2.326893e+01,  1.196951e+02
  2.275964e+01,  1.195721e+02
  2.062343e+01,  1.183481e+02
  1.756570e+01,  1.156913e+02
  1.447567e+01,  1.104656e+02
  1.175523e+01,  1.027186e+02
  9.910725e+00,  9.023860e+01
  9.598950e+00,  7.644766e+01
  1.060970e+01,  6.692864e+01
  1.181369e+01,  6.163352e+01
  1.199787e+01,  5.765573e+01
  1.061143e+01,  5.230697e+01
  8.106566e+00,  4.220869e+01
  5.780229e+00,  2.265655e+01
  5.242441e+00,  3.562324e+02
  6.486869e+00,  3.450936e+02
  8.304034e+00,  3.460280e+02
  9.647207e+00,  3.471523e+02
  9.758770e+00,  3.425248e+02
  8.967166e+00,  3.288453e+02
  8.895071e+00,  3.057562e+02
  1.064847e+01,  2.847526e+02
  1.322812e+01,  2.720884e+02
  1.538671e+01,  2.643456e+02
  1.661652e+01,  2.580018e+02
  1.681189e+01,  2.511513e+02
  1.638619e+01,  2.427234e+02
  1.606533e+01,  2.333508e+02
  1.597609e+01,  2.238022e+02
  1.588020e+01,  2.130937e+02
  1.604049e+01,  2.009548e+02
  1.664446e+01,  1.902755e+02
  1.727579e+01,  1.833927e+02
  1.738124e+01,  1.808880e+02
  1.660252e+01,  1.833523e+02
  1.513636e+01,  1.909571e+02
  1.346695e+01,  2.024624e+02
  1.188655e+01,  2.169283e+02
  1.084451e+01,  2.342433e+02
  1.097920e+01,  2.534237e+02
  1.210925e+01,  2.691180e+02
  1.352763e+01,  2.791730e+02
  1.480181e+01,  2.852085e+02
  1.559064e+01,  2.870924e+02
  1.548721e+01,  2.853848e+02
  1.437206e+01,  2.812015e+02
  1.250694e+01,  2.755542e+02
  1.049316e+01,  2.666351e+02
  8.626414e+00,  2.562263e+02
  6.795522e+00,  2.461781e+02
  4.834880e+00,  2.383248e+02
  3.133182e+00,  2.332466e+02
  2.362677e+00,  2.293559e+02
  2.662756e+00,  2.203448e+02
  3.549875e+00,  2.085917e+02
  4.669834e+00,  1.967047e+02
  6.346626e+00,  1.839295e+02
  8.650899e+00,  1.698464e+02
  1.081109e+01,  1.534164e+02
  1.217365e+01,  1.345607e+02
  1.282943e+01,  1.161663e+02
  1.319312e+01,  1.031149e+02
  1.349823e+01,  9.636724e+01
  1.380112e+01,  9.463853e+01
  1.424113e+01,  9.739198e+01
  1.492938e+01,  1.035828e+02
  1.556170e+01,  1.095981e+02
  1.564088e+01,  1.130948e+02
  1.514703e+01,  1.142954e+02
  1.438099e+01,  1.148796e+02
  1.349981e+01,  1.152407e+02
  1.262467e+01,  1.154102e+02
  1.195010e+01,  1.153486e+02
  1.155764e+01,  1.154662e+02
  1.129413e+01,  1.165778e+02
  1.081505e+01,  1.181398e+02
  9.952605e+00,  1.193841e+02
  8.711343e+00,  1.206923e+02
  6.812563e+00,  1.232836e+02
  4.124376e+00,  1.294075e+02
  1.209201e+00,  1.610533e+02
  2.773365e+00,  2.803406e+02
  6.076374e+00,  2.920100e+02
  9.174039e+00,  2.919896e+02
  1.128312e+01,  2.881472e+02
  1.173199e+01,  2.805845e+02
  1.045376e+01,  2.678683e+02
  8.388017e+00,  2.470139e+02
  6.873101e+00,  2.149526e+02
  6.920769e+00,  1.769991e+02
  8.412443e+00,  1.463539e+02
  1.051149e+01,  1.254460e+02
  1.275991e+01,  1.111722e+02
  1.477039e+01,  1.022204e+02
  1.620668e+01,  9.771666e+01
  1.707272e+01,  9.622561e+01
  1.768805e+01,  9.689429e+01
  1.856926e+01,  9.861090e+01
  1.989737e+01,  9.964714e+01
  2.104843e+01,  9.941858e+01
  2.117992e+01,  9.759385e+01
  1.993991e+01,  9.464500e+01
  1.752637e+01,  9.198038e+01
  1.435819e+01,  9.133923e+01
  1.108882e+01,  9.604345e+01
  8.673465e+00,  1.080990e+02
  7.594931e+00,  1.228149e+02
  6.955888e+00,  1.316380e+02
  5.823507e+00,  1.367889e+02
  4.528863e+00,  1.449175e+02
  4.078317e+00,  1.600540e+02
  4.856952e+00,  1.704311e+02
  6.331202e+00,  1.695458e+02
  8.132265e+00,  1.618110e+02
  1.010556e+01,  1.518894e+02
  1.211886e+01,  1.422409e+02
  1.408450e+01,  1.329231e+02
  1.598497e+01,  1.254523e+02
  1.785963e+01,  1.195413e+02
  1.973481e+01,  1.146274e+02
  2.126078e+01,  1.102833e+02
  2.196642e+01,  1.066166e+02
  2.149314e+01,  1.044999e+02
  1.980256e+01,  1.055199e+02
  1.707255e+01,  1.111040e+02
  1.397659e+01,  1.236961e+02
  1.188645e+01,  1.462426e+02
  1.196071e+01,  1.720318e+02
  1.339786e+01,  1.916919e+02
  1.495599e+01,  2.050401e+02
  1.600780e+01,  2.136562e+02
  1.614505e+01,  2.187552e+02
  1.557480e+01,  2.210088e+02
  1.518528e+01,  2.204991e+02
  1.539378e+01,  2.186601e+02
  1.559567e+01,  2.168664e+02
  1.524849e+01,  2.151728e+02
  1.441551e+01,  2.125871e+02
  1.254973e+01,  2.091674e+02
  5.279054e+00,  1.986622e+02
  5.856147e-01,  3.387338e+02
  0.000000e+00,  0.000000e+00
  0.000000e+00,  0.000000e+00
  0.000000e+00,  0.000000e+00
  0.000000e+00,  0.000000e+00
  0.000000e+00,  0.000000e+00
  0.000000e+00,  0.000000e+00
  0.000000e+00,  0.000000e+00
  0.000000e+00,  0.000000e+00
  0.000000e+00,  0.000000e+00
  0.000000e+00,  0.000000e+00
  0.000000e+00,  0.000000e+00
  0.000000e+00,  0.000000e+00
  0.000000e+00,  0.000000e+00
  0.000000e+00,  0.000000e+00
  0.000000e+00,  0.000000e+00
  0.000000e+00,  0.000000e+00
  0.000000e+00,  0.000000e+00
  0.000000e+00,  0.000000e+00
  0.000000e+00,  0.000000e+00
  0.000000e+00,  0.000000e+00
  0.000000e+00,  0.000000e+00
  0.000000e+00,  0.000000e+00
  0.000000e+00,  0.000000e+00
  0.000000e+00,  0.000000e+00
  0.000000e+00,  0.000000e+00
  0.000000e+00,  0.000000e+00
  0.000000e+00,  0.000000e+00
  0.000000e+00,  0.000000e+00
  0.000000e+00,  0.000000e+00
  0.000000e+00,  0.000000e+00
  0.000000e+00,  0.000000e+00
  0.000000e+00,  0.000000e+00
  0.000000e+00,  0.000000e+00
  0.000000e+00,  0.000000e+00
  0.000000e+00,  0.000000e+00
  0.000000e+00,  0.000000e+00
  0.000000e+00,  0.000000e+00
  0.000000e+00,  0.000000e+00
  0.000000e+00,  0.000000e+00
  0.000000e+00,  0.000000e+00
  0.000000e+00,  0.000000e+00
  0.000000e+00,  0.000000e+00
  0.000000e+00,  0.000000e+00
  0.000000e+00,  0.000000e+00
  0.000000e+00,  0.000000e+00
  0.000000e+00,  0.000000e+00
  0.000000e+00,  0.000000e+00
  0.000000e+00,  0.000000e+00
  0.000000e+00,  0.000000e+00
  0.000000e+00,  0.000000e+00
  0.000000e+00,  0.000000e+00
  0.000000e+00,  0.000000e+00
  0.000000e+00,  0.000000e+00
  0.000000e+00,  0.000000e+00
  0.000000e+00,  0.000000e+00
  0.000000e+00,  0.000000e+00
  0.000000e+00,  0.000000e+00
  0.000000e+00,  0.000000e+00
  0.000000e+00,  0.000000e+00
  0.000000e+00,  0.000000e+00
  0.000000e+00,  0.000000e+00
  0.000000e+00,  0.000000e+00
  0.000000e+00,  0.000000e+00
  0.000000e+00,  0.000000e+00
  0.000000e+00,  0.000000e+00
  0.000000e+00,  0.000000e+00
  0.000000e+00,  0.000000e+00
  0.000000e+00,  0.000000e+00
  0.000000e+00,  0.000000e+00
  0.000000e+00,  0.000000e+00
  0.000000e+00,  0.000000e+00
  0.000000e+00,  0.000000e+00
  0.000000e+00,  0.000000e+00
  0.000000e+00,  0.000000e+00
  0.000000e+00,  0.000000e+00
  0.000000e+00,  0.000000e+00
  0.000000e+00,  0.000000e+00
  0.000000e+00,  0.000000e+00
  0.000000e+00,  0.000000e+00
  0.000000e+00,  0.000000e+00
  0.000000e+00,  0.000000e+00
  0.000000e+00,  0.000000e+00
  0.000000e+00,  0.000000e+00
  0.000000e+00,  0.000000e+00
  0.000000e+00,  0.000000e+00
  0.000000e+00,  0.000000e+00
  0.000000e+00,  0.000000e+00
  0.000000e+00,  0.000000e+00
  0.000000e+00,  0.000000e+00
  0.000000e+00,  0.000000e+00
  0.000000e+00,  0.000000e+00
  0.000000e+00,  0.000000e+00
  0.000000e+00,  0.000000e+00
  0.000000e+00,  0.000000e+00
  0.000000e+00,  0.000000e+00
  0.000000e+00,  0.000000e+00
  0.000000e+00,  0.000000e+00
  0.000000e+00,  0.000000e+00
  0.000000e+00,  0.000000e+00
  0.000000e+00,  0.000000e+00
  0.000000e+00,  0.000000e+00
  0.000000e+00,  0.000000e+00
  0.000000e+00,  0.000000e+00
  0.000000e+00,  0.000000e+00
  0.000000e+00,  0.000000e+00
  0.000000e+00,  0.000000e+00
  0.000000e+00,  0.000000e+00
  0.000000e+00,  0.000000e+00
  0.000000e+00,  0.000000e+00
  0.000000e+00,  0.000000e+00
  0.000000e+00,  0.000000e+00
  0.000000e+00,  0.000000e+00
  0.000000e+00,  0.000000e+00
  0.000000e+00,  0.000000e+00
  0.000000e+00,  0.000000e+00
  0.000000e+00,  0.000000e+00
  0.000000e+00,  0.000000e+00
  0.000000e+00,  0.000000e+00
  0.000000e+00,  0.000000e+00
  0.000000e+00,  0.000000e+00
  0.000000e+00,  0.000000e+00
  0.000000e+00,  0.000000e+00
  0.000000e+00,  0.000000e+00
  0.000000e+00,  0.000000e+00
  0.000000e+00,  0.000000e+00
  0.000000e+00,  0.000000e+00
  0.000000e+00,  0.000000e+00
  0.000000e+00,  0.000000e+00
  0.000000e+00,  0.000000e+00
  0.000000e+00,  0.000000e+00
  0.000000e+00,  0.000000e+00
  0.000000e+00,  0.000000e+00
  0.000000e+00,  0.000000e+00
  0.000000e+00,  0.000000e+00
  0.000000e+00,  0.000000e+00
  0.000000e+00,  0.000000e+00
  0.000000e+00,  0.000000e+00
  0.000000e+00,  0.000000e+00
  0.000000e+00,  0.000000e+00
  0.000000e+00,  0.000000e+00
  0.000000e+00,  0.000000e+00
  0.000000e+00,  0.000000e+00
  0.000000e+00,  0.000000e+00
  0.000000e+00,  0.000000e+00
  0.000000e+00,  0.000000e+00
  0.000000e+00,  0.000000e+00
  0.000000e+00,  0.000000e+00
  0.000000e+00,  0.000000e+00
  0.000000e+00,  0.000000e+00
  0.000000e+00,  0.000000e+00
  0.000000e+00,  0.000000e+00
  0.000000e+00,  0.000000e+00
  0.000000e+00,  0.000000e+00
  0.000000e+00,  0.000000e+00
  0.000000e+00,  0.000000e+00
  0.000000e+00,  0.000000e+00
  0.000000e+00,  0.000000e+00
  0.000000e+00,  0.000000e+00
  0.000000e+00,  0.000000e+00
  0.000000e+00,  0.000000e+00
  0.000000e+00,  0.000000e+00
  0.000000e+00,  0.000000e+00
  0.000000e+00,  0.000000e+00
  0.000000e+00,  0.000000e+00
  0.000000e+00,  0.000000e+00
  0.000000e+00,  0.000000e+00
  0.000000e+00,  0.000000e+00
  0.000000e+00,  0.000000e+00
  0.000000e+00,  0.000000e+00
  0.000000e+00,  0.000000e+00
  0.000000e+00,  0.000000e+00
  0.000000e+00,  0.000000e+00
  0.000000e+00,  0.000000e+00
  0.000000e+00,  0.000000e+00
  0.000000e+00,  0.000000e+00
  0.000000e+00,  0.000000e+00
  0.000000e+00,  0.000000e+00
  0.000000e+00,  0.000000e+00
  0.000000e+00,  0.000000e+00
  0.000000e+00,  0.000000e+00
  0.000000e+00,  0.000000e+00
  0.000000e+00,  0.000000e+00
  0.000000e+00,  0.000000e+00
  0.000000e+00,  0.000000e+00
  0.000000e+00,  0.000000e+00
  0.000000e+00,  0.000000e+00
  0.000000e+00,  0.000000e+00
  0.000000e+00,  0.000000e+00
  0.000000e+00,  0.000000e+00
  0.000000e+00,  0.000000e+00
  0.000000e+00,  0.000000e+00
  0.000000e+00,  0.000000e+00
  0.000000e+00,  0.000000e+00
  0.000000e+00,  0.000000e+00
  0.000000e+00,  0.000000e+00
  0.000000e+00,  0.000000e+00
  0.000000e+00,  0.000000e+00
  0.000000e+00,  0.000000e+00
  0.000000e+00,  0.000000e+00
  0.000000e+00,  0.000000e+00
  0.000000e+00,  0.000000e+00
  0.000000e+00,  0.000000e+00
  0.000000e+00,  0.000000e+00
  0.000000e+00,  0.000000e+00
  0.000000e+00,  0.000000e+00
  0.000000e+00,  0.000000e+00
  0.000000e+00,  0.000000e+00
  0.000000e+00,  0.000000e+00
  0.000000e+00,  0.000000e+00
  0.000000e+00,  0.000000e+00
  0.000000e+00,  0.000000e+00
  0.000000e+00,  0.000000e+00
  0.000000e+00,  0.000000e+00
  0.000000e+00,  0.000000e+00
  0.000000e+00,  0.000000e+00
  0.000000e+00,  0.000000e+00
  0.000000e+00,  0.000000e+00
  0.000000e+00,  0.000000e+00
  0.000000e+00,  0.000000e+00
  0.000000e+00,  0.000000e+00
  0.000000e+00,  0.000000e+00
  0.000000e+00,  0.000000e+00
  0.000000e+00,  0.000000e+00
  0.000000e+00,  0.000000e+00
  0.000000e+00,  0.000000e+00
  0.000000e+00,  0.000000e+00
  0.000000e+00,  0.000000e+00
  0.000000e+00,  0.000000e+00
  0.000000e+00,  0.000000e+00
  0.000000e+00,  0.000000e+00
  0.000000e+00,  0.000000e+00
  0.000000e+00,  0.000000e+00
  0.000000e+00,  0.000000e+00
  0.000000e+00,  0.000000e+00
  0.000000e+00,  0.000000e+00
  0.000000e+00,  0.000000e+00
  0.000000e+00,  0.000000e+00
  0.000000e+00,  0.000000e+00
  0.000000e+00,  0.000000e+00
  0.000000e+00,  0.000000e+00
  0.000000e+00,  0.000000e+00
  0.000000e+00,  0.000000e+00
  0.000000e+00,  0.000000e+00
  0.000000e+00,  0.000000e+00
  0.000000e+00,  0.000000e+00
  0.000000e+00,  0.000000e+00
  0.000000e+00,  0.000000e+00
  0.000000e+00,  0.000000e+00
  0.000000e+00,  0.000000e+00
  0.000000e+00,  0.000000e+00
  0.000000e+00,  0.000000e+00
  0.000000e+00,  0.000000e+00
  0.000000e+00,  0.000000e+00
  0.000000e+00,  0.000000e+00
  0.000000e+00,  0.000000e+00
  0.000000e+00,  0.000000e+00
  0.000000e+00,  0.000000e+00
  0.000000e+00,  0.000000e+00
  0.000000e+00,  0.000000e+00
  0.000000e+00,  0.000000e+00
  0.000000e+00,  0.000000e+00
  0.000000e+00,  0.000000e+00
  0.000000e+00,  0.000000e+00
  0.000000e+00,  0.000000e+00
  0.000000e+00,  0.000000e+00
  0.000000e+00,  0.000000e+00
  0.000000e+00,  0.000000e+00
  0.000000e+00,  0.000000e+00
  0.000000e+00,  0.000000e+00
  0.000000e+00,  0.000000e+00
  0.000000e+00,  0.000000e+00
  0.000000e+00,  0.000000e+00
  0.000000e+00,  0.000000e+00
  0.000000e+00,  0.000000e+00
  0.000000e+00,  0.000000e+00
  0.000000e+00,  0.000000e+00
  0.000000e+00,  0.000000e+00
  0.000000e+00,  0.000000e+00
  0.000000e+00,  0.000000e+00
  0.000000e+00,  0.000000e+00
  0.000000e+00,  0.000000e+00
  0.000000e+00,  0.000000e+00
  0.000000e+00,  0.000000e+00
  0.000000e+00,  0.000000e+00
  0.000000e+00,  0.000000e+00
  0.000000e+00,  0.000000e+00
  0.000000e+00,  0.000000e+00
  0.000000e+00,  0.000000e+00
  0.000000e+00,  0.000000e+00
  0.000000e+00,  0.000000e+00
  0.000000e+00,  0.000000e+00
  0.000000e+00,  0.000000e+00
  0.000000e+00,  0.000000e+00
  0.000000e+00,  0.000000e+00
  0.000000e+00,  0.000000e+00
  0.000000e+00,  0.000000e+00
  0.000000e+00,  0.000000e+00
  0.000000e+00,  0.000000e+00
  0.000000e+00,  0.000000e+00
  0.000000e+00,  0.000000e+00
  0.000000e+00,  0.000000e+00
  0.000000e+00,  0.000000e+00
  0.000000e+00,  0.000000e+00
  0.000000e+00,  0.000000e+00
  0.000000e+00,  0.000000e+00
  0.000000e+00,  0.000000e+00
  0.000000e+00,  0.000000e+00
  0.000000e+00,  0.000000e+00
  0.000000e+00,  0.000000e+00
  0.000000e+00,  0.000000e+00
  0.000000e+00,  0.000000e+00
  0.000000e+00,  0.000000e+00
  0.000000e+00,  0.000000e+00
  0.000000e+00,  0.000000e+00
  0.000000e+00,  0.000000e+00
  0.000000e+00,  0.000000e+00
  0.000000e+00,  0.000000e+00
  0.000000e+00,  0.000000e+00
  0.000000e+00,  0.000000e+00
  0.000000e+00,  0.000000e+00
  0.000000e+00,  0.000000e+00
  0.000000e+00,  0.000000e+00
  0.000000e+00,  0.000000e+00
  0.000000e+00,  0.000000e+00
  0.000000e+00,  0.000000e+00
  0.000000e+00,  0.000000e+00
  0.000000e+00,  0.000000e+00
  0.000000e+00,  0.000000e+00
  0.000000e+00,  0.000000e+00
  0.000000e+00,  0.000000e+00
  0.000000e+00,  0.000000e+00
  0.000000e+00,  0.000000e+00
  0.000000e+00,  0.000000e+00
  0.000000e+00,  0.000000e+00
  0.000000e+00,  0.000000e+00
  0.000000e+00,  0.000000e+00
  0.000000e+00,  0.000000e+00
  0.000000e+00,  0.000000e+00
  0.000000e+00,  0.000000e+00
  0.000000e+00,  0.000000e+00
  0.000000e+00,  0.000000e+00
  0.000000e+00,  0.000000e+00
  0.000000e+00,  0.000000e+00
  0.000000e+00,  0.000000e+00
  0.000000e+00,  0.000000e+00
  0.000000e+00,  0.000000e+00
  0.000000e+00,  0.000000e+00
  0.000000e+00,  0.000000e+00
  0.000000e+00,  0.000000e+00
  0.000000e+00,  0.000000e+00
  0.000000e+00,  0.000000e+00
  0.000000e+00,  0.000000e+00
  0.000000e+00,  0.000000e+00
  0.000000e+00,  0.000000e+00
  0.000000e+00,  0.000000e+00
  0.000000e+00,  0.000000e+00
  0.000000e+00,  0.000000e+00
  0.000000e+00,  0.000000e+00
  0.000000e+00,  0.000000e+00
  0.000000e+00,  0.000000e+00
  0.000000e+00,  0.000000e+00
  0.000000e+00,  0.000000e+00
  0.000000e+00,  0.000000e+00
  0.000000e+00,  0.000000e+00
  0.000000e+00,  0.000000e+00
  0.000000e+00,  0.000000e+00
  0.000000e+00,  0.000000e+00
  0.000000e+00,  0.000000e+00
  0.000000e+00,  0.000000e+00
  0.000000e+00,  0.000000e+00
  0.000000e+00,  0.000000e+00
  0.000000e+00,  0.000000e+00
  0.000000e+00,  0.000000e+00
  0.000000e+00,  0.000000e+00
  0.000000e+00,  0.000000e+00
  0.000000e+00,  0.000000e+00
  0.000000e+00,  0.000000e+00
  0.000000e+00,  0.000000e+00
  0.000000e+00,  0.000000e+00
  0.000000e+00,  0.000000e+00
  0.000000e+00,  0.000000e+00
  0.000000e+00,  0.000000e+00
  0.000000e+00,  0.000000e+00
  0.000000e+00,  0.000000e+00
  0.000000e+00,  0.000000e+00
  0.000000e+00,  0.000000e+00
  0.000000e+00,  0.000000e+00
  0.000000e+00,  0.000000e+00
  0.000000e+00,  0.000000e+00
  0.000000e+00,  0.000000e+00
  0.000000e+00,  0.000000e+00
  0.000000e+00,  0.000000e+00
  0.000000e+00,  0.000000e+00
  0.000000e+00,  0.000000e+00
  0.000000e+00,  0.000000e+00
  0.000000e+00,  0.000000e+00
  0.000000e+00,  0.000000e+00
  0.000000e+00,  0.000000e+00
  0.000000e+00,  0.000000e+00
  0.000000e+00,  0.000000e+00
  0.000000e+00,  0.000000e+00
  0.000000e+00,  0.000000e+00
  0.000000e+00,  0.000000e+00
  0.000000e+00,  0.000000e+00
  0.000000e+00,  0.000000e+00
  0.000000e+00,  0.000000e+00
  0.000000e+00,  0.000000e+00
  0.000000e+00,  0.000000e+00
  0.000000e+00,  0.000000e+00
  0.000000e+00,  0.000000e+00
  0.000000e+00,  0.000000e+00
  0.000000e+00,  0.000000e+00
  0.000000e+00,  0.000000e+00
  0.000000e+00,  0.000000e+00
  0.000000e+00,  0.000000e+00
  0.000000e+00,  0.000000e+00
  0.000000e+00,  0.000000e+00
  0.000000e+00,  0.000000e+00
  0.000000e+00,  0.000000e+00
  0.000000e+00,  0.000000e+00
  0.000000e+00,  0.000000e+00
  0.000000e+00,  0.000000e+00
  0.000000e+00,  0.000000e+00
  0.000000e+00,  0.000000e+00
  0.000000e+00,  0.000000e+00
  0.000000e+00,  0.000000e+00
  0.000000e+00,  0.000000e+00
  0.000000e+00,  0.000000e+00
  0.000000e+00,  0.000000e+00
  0.000000e+00,  0.000000e+00
  0.000000e+00,  0.000000e+00
  0.000000e+00,  0.000000e+00
  0.000000e+00,  0.000000e+00
  0.000000e+00,  0.000000e+00
  0.000000e+00,  0.000000e+00
  0.000000e+00,  0.000000e+00
  0.000000e+00,  0.000000e+00
  0.000000e+00,  0.000000e+00
  0.000000e+00,  0.000000e+00
  0.000000e+00,  0.000000e+00
  0.000000e+00,  0.000000e+00
  0.000000e+00,  0.000000e+00
  0.000000e+00,  0.000000e+00
  0.000000e+00,  0.000000e+00
  0.000000e+00,  0.000000e+00
  0.000000e+00,  0.000000e+00
  0.000000e+00,  0.000000e+00
  0.000000e+00,  0.000000e+00
  0.000000e+00,  0.000000e+00
  0.000000e+00,  0.000000e+00
  0.000000e+00,  0.000000e+00
  0.000000e+00,  0.000000e+00
  0.000000e+00,  0.000000e+00
  0.000000e+00,  0.000000e+00
  0.000000e+00,  0.000000e+00
  0.000000e+00,  0.000000e+00
  0.000000e+00,  0.000000e+00
  0.000000e+00,  0.000000e+00
  0.000000e+00,  0.000000e+00
  0.000000e+00,  0.000000e+00
  0.000000e+00,  0.000000e+00
  0.000000e+00,  0.000000e+00
  0.000000e+00,  0.000000e+00
  0.000000e+00,  0.000000e+00
  0.000000e+00,  0.000000e+00
  0.000000e+00,  0.000000e+00
  0.000000e+00,  0.000000e+00
  0.000000e+00,  0.000000e+00
  0.000000e+00,  0.000000e+00
  0.000000e+00,  0.000000e+00
  0.000000e+00,  0.000000e+00
  0.000000e+00,  0.000000e+00
  0.000000e+00,  0.000000e+00
  0.000000e+00,  0.000000e+00
  0.000000e+00,  0.000000e+00
  0.000000e+00,  0.000000e+00
  0.000000e+00,  0.000000e+00
  0.000000e+00,  0.000000e+00
  0.000000e+00,  0.000000e+00
  0.000000e+00,  0.000000e+00
  0.000000e+00,  0.000000e+00
  0.000000e+00,  0.000000e+00
  0.000000e+00,  0.000000e+00
  0.000000e+00,  0.000000e+00
  0.000000e+00,  0.000000e+00
  0.000000e+00,  0.000000e+00
  0.000000e+00,  0.000000e+00
  0.000000e+00,  0.000000e+00
  0.000000e+00,  0.000000e+00
  0.000000e+00,  0.000000e+00
  0.000000e+00,  0.000000e+00
  0.000000e+00,  0.000000e+00
  0.000000e+00,  0.000000e+00
  0.000000e+00,  0.000000e+00
  0.000000e+00,  0.000000e+00
  0.000000e+00,  0.000000e+00
  0.000000e+00,  0.000000e+00
  0.000000e+00,  0.000000e+00
  0.000000e+00,  0.000000e+00
  0.000000e+00,  0.000000e+00
  0.000000e+00,  0.000000e+00
  0.000000e+00,  0.000000e+00
  0.000000e+00,  0.000000e+00
  0.000000e+00,  0.000000e+00
  0.000000e+00,  0.000000e+00
  0.000000e+00,  0.000000e+00
  0.000000e+00,  0.000000e+00
  0.000000e+00,  0.000000e+00
  0.000000e+00,  0.000000e+00
  0.000000e+00,  0.000000e+00
  0.000000e+00,  0.000000e+00
  0.000000e+00,  0.000000e+00
  0.000000e+00,  0.000000e+00
  0.000000e+00,  0.000000e+00
  0.000000e+00,  0.000000e+00
  0.000000e+00,  0.000000e+00
  0.000000e+00,  0.000000e+00
  0.000000e+00,  0.000000e+00
  0.000000e+00,  0.000000e+00
  0.000000e+00,  0.000000e+00
  0.000000e+00,  0.000000e+00
  0.000000e+00,  0.000000e+00
  0.000000e+00,  0.000000e+00
  0.000000e+00,  0.000000e+00
  0.000000e+00,  0.000000e+00
  0.000000e+00,  0.000000e+00
  0.000000e+00,  0.000000e+00
  0.000000e+00,  0.000000e+00
  0.000000e+00,  0.000000e+00
  0.000000e+00,  0.000000e+00
  0.000000e+00,  0.000000e+00
  0.000000e+00,  0.000000e+00
  0.000000e+00,  0.000000e+00
  0.000000e+00,  0.000000e+00
  0.000000e+00,  0.000000e+00
  0.000000e+00,  0.000000e+00
  0.000000e+00,  0.000000e+00
  0.000000e+00,  0.000000e+00
  0.000000e+00,  0.000000e+00
  0.000000e+00,  0.000000e+00
  0.000000e+00,  0.000000e+00
  0.000000e+00,  0.000000e+00
  0.000000e+00,  0.000000e+00
  0.000000e+00,  0.000000e+00
  0.000000e+00,  0.000000e+00
  0.000000e+00,  0.000000e+00
  0.000000e+00,  0.000000e+00
  0.000000e+00,  0.000000e+00
  0.000000e+00,  0.000000e+00
  0.000000e+00,  0.000000e+00
  0.000000e+00,  0.000000e+00
  0.000000e+00,  0.000000e+00
  0.000000e+00,  0.000000e+00
  0.000000e+00,  0.000000e+00
  0.000000e+00,  0.000000e+00
  0.000000e+00,  0.000000e+00
  0.000000e+00,  0.000000e+00
  0.000000e+00,  0.000000e+00
  0.000000e+00,  0.000000e+00
  0.000000e+00,  0.000000e+00
  0.000000e+00,  0.000000e+00
  0.000000e+00,  0.000000e+00
  0.000000e+00,  0.000000e+00
  0.000000e+00,  0.000000e+00
  0.000000e+00,  0.000000e+00
  0.000000e+00,  0.000000e+00
  0.000000e+00,  0.000000e+00
  0.000000e+00,  0.000000e+00
  0.000000e+00,  0.000000e+00
  0.000000e+00,  0.000000e+00
  0.000000e+00,  0.000000e+00
  0.000000e+00,  0.000000e+00
  0.000000e+00,  0.000000e+00
  0.000000e+00,  0.000000e+00
  0.000000e+00,  0.000000e+00
  0.000000e+00,  0.000000e+00
  0.000000e+00,  0.000000e+00
  0.000000e+00,  0.000000e+00
  0.000000e+00,  0.000000e+00
  0.000000e+00,  0.000000e+00
  0.000000e+00,  0.000000e+00
  0.000000e+00,  0.000000e+00
  0.000000e+00,  0.000000e+00
  0.000000e+00,  0.000000e+00
  0.000000e+00,  0.000000e+00
  0.000000e+00,  0.000000e+00
  0.000000e+00,  0.000000e+00
  0.000000e+00,  0.000000e+00
  0.000000e+00,  0.000000e+00
  0.000000e+00,  0.000000e+00
  0.000000e+00,  0.000000e+00
  0.000000e+00,  0.000000e+00
  0.000000e+00,  0.000000e+00
  0.000000e+00,  0.000000e+00
  0.000000e+00,  0.000000e+00
  0.000000e+00,  0.000000e+00
  0.000000e+00,  0.000000e+00
  0.000000e+00,  0.000000e+00
  0.000000e+00,  0.000000e+00
  0.000000e+00,  0.000000e+00
  0.000000e+00,  0.000000e+00
  0.000000e+00,  0.000000e+00
  0.000000e+00,  0.000000e+00
  0.000000e+00,  0.000000e+00
  0.000000e+00,  0.000000e+00
  0.000000e+00,  0.000000e+00
  0.000000e+00,  0.000000e+00
  0.000000e+00,  0.000000e+00
  0.000000e+00,  0.000000e+00
  0.000000e+00,  0.000000e+00
  0.000000e+00,  0.000000e+00
  0.000000e+00,  0.000000e+00
  0.000000e+00,  0.000000e+00
  0.000000e+00,  0.000000e+00
  0.000000e+00,  0.000000e+00
  0.000000e+00,  0.000000e+00
  0.000000e+00,  0.000000e+00
  0.000000e+00,  0.000000e+00
  0.000000e+00,  0.000000e+00
  0.000000e+00,  0.000000e+00
  0.000000e+00,  0.000000e+00
  0.000000e+00,  0.000000e+00
  0.000000e+00,  0.000000e+00
  0.000000e+00,  0.000000e+00
  0.000000e+00,  0.000000e+00
  0.000000e+00,  0.000000e+00
  0.000000e+00,  0.000000e+00
  0.000000e+00,  0.000000e+00
  0.000000e+00,  0.000000e+00
  0.000000e+00,  0.000000e+00
  0.000000e+00,  0.000000e+00
  0.000000e+00,  0.000000e+00
  0.000000e+00,  0.000000e+00
  0.000000e+00,  0.000000e+00
  0.000000e+00,  0.000000e+00
  0.000000e+00,  0.000000e+00
  0.000000e+00,  0.000000e+00
  0.000000e+00,  0.000000e+00
  0.000000e+00,  0.000000e+00
  0.000000e+00,  0.000000e+00
  0.000000e+00,  0.000000e+00
  0.000000e+00,  0.000000e+00
  0.000000e+00,  0.000000e+00
  0.000000e+00,  0.000000e+00
  0.000000e+00,  0.000000e+00
  0.000000e+00,  0.000000e+00
  0.000000e+00,  0.000000e+00
  0.000000e+00,  0.000000e+00
  0.000000e+00,  0.000000e+00
  0.000000e+00,  0.000000e+00
  0.000000e+00,  0.000000e+00
  0.000000e+00,  0.000000e+00
  0.000000e+00,  0.000000e+00
  0.000000e+00,  0.000000e+00
  0.000000e+00,  0.000000e+00
  0.000000e+00,  0.000000e+00
  0.000000e+00,  0.000000e+00
  0.000000e+00,  0.000000e+00
  0.000000e+00,  0.000000e+00
  0.000000e+00,  0.000000e+00
  0.000000e+00,  0.000000e+00
  0.000000e+00,  0.000000e+00
  0.000000e+00,  0.000000e+00
  0.000000e+00,  0.000000e+00
  0.000000e+00,  0.000000e+00
  0.000000e+00,  0.000000e+00
  0.000000e+00,  0.000000e+00
  0.000000e+00,  0.000000e+00
  0.000000e+00,  0.000000e+00
  0.000000e+00,  0.000000e+00
  0.000000e+00,  0.000000e+00
  0.000000e+00,  0.000000e+00
  0.000000e+00,  0.000000e+00
  0.000000e+00,  0.000000e+00
  0.000000e+00,  0.000000e+00
  0.000000e+00,  0.000000e+00
  0.000000e+00,  0.000000e+00
  0.000000e+00,  0.000000e+00
  0.000000e+00,  0.000000e+00
  0.000000e+00,  0.000000e+00
  0.000000e+00,  0.000000e+00
  0.000000e+00,  0.000000e+00
  0.000000e+00,  0.000000e+00
  0.000000e+00,  0.000000e+00
  0.000000e+00,  0.000000e+00
  0.000000e+00,  0.000000e+00
  0.000000e+00,  0.000000e+00
  0.000000e+00,  0.000000e+00
  0.000000e+00,  0.000000e+00
  0.000000e+00,  0.000000e+00
  0.000000e+00,  0.000000e+00
  0.000000e+00,  0.000000e+00
  0.000000e+00,  0.000000e+00
  0.000000e+00,  0.000000e+00
  0.000000e+00,  0.000000e+00
  0.000000e+00,  0.000000e+00
  0.000000e+00,  0.000000e+00
  0.000000e+00,  0.000000e+00
  0.000000e+00,  0.000000e+00
  0.000000e+00,  0.000000e+00
  0.000000e+00,  0.000000e+00
  0.000000e+00,  0.000000e+00
  0.000000e+00,  0.000000e+00
  0.000000e+00,  0.000000e+00
  0.000000e+00,  0.000000e+00
  0.000000e+00,  0.000000e+00
  0.000000e+00,  0.000000e+00
  0.000000e+00,  0.000000e+00
  0.000000e+00,  0.000000e+00
  0.000000e+00,  0.000000e+00
  0.000000e+00,  0.000000e+00
  0.000000e+00,  0.000000e+00
  0.000000e+00,  0.000000e+00
  0.000000e+00,  0.000000e+00
  0.000000e+00,  0.000000e+00
  0.000000e+00,  0.000000e+00
  0.000000e+00,  0.000000e+00
  0.000000e+00,  0.000000e+00
  0.000000e+00,  0.000000e+00
  0.000000e+00,  0.000000e+00
  0.000000e+00,  0.000000e+00
  0.000000e+00,  0.000000e+00
  0.000000e+00,  0.000000e+00
  0.000000e+00,  0.000000e+00
  0.000000e+00,  0.000000e+00
  0.000000e+00,  0.000000e+00
  0.000000e+00,  0.000000e+00
  0.000000e+00,  0.000000e+00
  0.000000e+00,  0.000000e+00
  0.000000e+00,  0.000000e+00
  0.000000e+00,  0.000000e+00
  0.000000e+00,  0.000000e+00
  0.000000e+00,  0.000000e+00
  0.000000e+00,  0.000000e+00
  0.000000e+00,  0.000000e+00
  0.000000e+00,  0.000000e+00
  0.000000e+00,  0.000000e+00
  0.000000e+00,  0.000000e+00
  0.000000e+00,  0.000000e+00
  0.000000e+00,  0.000000e+00
  0.000000e+00,  0.000000e+00
  0.000000e+00,  0.000000e+00
  0.000000e+00,  0.000000e+00
  0.000000e+00,  0.000000e+00
  0.000000e+00,  0.000000e+00
  0.000000e+00,  0.000000e+00
  0.000000e+00,  0.000000e+00
  0.000000e+00,  0.000000e+00
  0.000000e+00,  0.000000e+00
  0.000000e+00,  0.000000e+00
  0.000000e+00,  0.000000e+00
  0.000000e+00,  0.000000e+00
  0.000000e+00,  0.000000e+00
  0.000000e+00,  0.000000e+00
  0.000000e+00,  0.000000e+00
  0.000000e+00,  0.000000e+00
  0.000000e+00,  0.000000e+00
  0.000000e+00,  0.000000e+00
  0.000000e+00,  0.000000e+00
  0.000000e+00,  0.000000e+00
  0.000000e+00,  0.000000e+00
  0.000000e+00,  0.000000e+00
  0.000000e+00,  0.000000e+00
  0.000000e+00,  0.000000e+00
  9.862468e-01,  2.536924e+02
  2.608827e+00,  2.885716e+02
  3.362067e+00,  2.666785e+02
  4.848227e+00,  2.038845e+02
  8.425403e+00,  1.803443e+02
  1.199950e+01,  1.700109e+02
  1.533226e+01,  1.628295e+02
  1.771329e+01,  1.582126e+02
  1.920760e+01,  1.557982e+02
  2.051349e+01,  1.568483e+02
  2.167803e+01,  1.615923e+02
  2.212186e+01,  1.675586e+02
  2.173761e+01,  1.726708e+02
  2.097927e+01,  1.758747e+02
  2.025101e+01,  1.773295e+02
  1.888960e+01,  1.766392e+02
  1.627140e+01,  1.725313e+02
  1.342543e+01,  1.659329e+02
  1.112147e+01,  1.605624e+02
  8.978688e+00,  1.556216e+02
  6.931968e+00,  1.469760e+02
  5.547091e+00,  1.323576e+02
  4.715913e+00,  1.105461e+02
  4.572800e+00,  7.650800e+01
  6.038550e+00,  4.547350e+01
  8.138300e+00,  2.955740e+01
  9.550630e+00,  2.172440e+01
  1.015428e+01,  1.633150e+01
  1.049129e+01,  1.219790e+01
  1.088368e+01,  7.580800e+00
  1.112964e+01,  3.599822e+02
  1.138463e+01,  3.506202e+02
  1.192059e+01,  3.446478e+02
  1.249301e+01,  3.443330e+02
  1.288474e+01,  3.474728e+02
  1.297870e+01,  3.539205e+02
  1.293167e+01,  2.639400e+00
  1.313525e+01,  1.121640e+01
  1.374294e+01,  1.733470e+01
  1.458298e+01,  2.003370e+01
  1.521272e+01,  2.022720e+01
  1.505659e+01,  2.033760e+01
  1.397580e+01,  2.275490e+01
  1.242137e+01,  2.733200e+01
  1.051534e+01,  3.133370e+01
  7.974046e+00,  3.505540e+01
  5.098243e+00,  4.147550e+01
  2.697869e+00,  5.377960e+01
  1.267881e+00,  7.312290e+01
  4.893347e-01,  9.466581e+01
  3.948922e-01,  2.792487e+02
  2.871783e+00,  3.351374e+02
  7.432707e+00,  3.473581e+02
  1.273015e+01,  3.531723e+02
  1.752215e+01,  3.559815e+02
  2.154819e+01,  3.570152e+02
  2.467706e+01,  3.571234e+02
  2.696346e+01,  3.573573e+02
  2.620402e+01,  3.566720e+02
  2.328567e+01,  3.557388e+02
  2.043422e+01,  3.562636e+02
  1.729415e+01,  3.581828e+02
  1.398436e+01,  1.899200e+00
  1.091406e+01,  7.271600e+00
  7.818469e+00,  1.214830e+01
  4.277651e+00,  2.253330e+01
  1.940556e+00,  7.757620e+01
  3.095638e+00,  1.340499e+02
  4.205083e+00,  1.490733e+02
  4.894322e+00,  1.606515e+02
  5.358004e+00,  1.706234e+02
  5.597773e+00,  1.780367e+02
  5.881016e+00,  1.820505e+02
  6.447441e+00,  1.793130e+02
  7.426326e+00,  1.712134e+02
  8.733205e+00,  1.630766e+02
  1.005888e+01,  1.571677e+02
  1.140071e+01,  1.531679e+02
  1.284136e+01,  1.499172e+02
  1.442169e+01,  1.475974e+02
  1.640820e+01,  1.470032e+02
  1.884924e+01,  1.491559e+02
  2.101776e+01,  1.540503e+02
  2.178050e+01,  1.610549e+02
  2.063992e+01,  1.683798e+02
  1.836560e+01,  1.729412e+02
  1.600816e+01,  1.728440e+02
  1.366422e+01,  1.713862e+02
  1.085317e+01,  1.717003e+02
  7.790223e+00,  1.704232e+02
  4.787564e+00,  1.628596e+02
  1.953765e+00,  1.298936e+02
  2.566337e+00,  3.025550e+01
  5.767586e+00,  1.525730e+01
  8.828349e+00,  1.065400e+01
  1.128709e+01,  7.820500e+00
  1.285522e+01,  5.409900e+00
  1.304228e+01,  2.570200e+00
  9.849281e+00,  3.403265e+02
  2.912100e+00,  2.973880e+02
##END=
