##TITLE= twqubit_encoding3_C_nobuffer
##JCAMP-DX= 5.00 Bruker JCAMP library
##DATA TYPE= Shape Data
##ORIGIN= Dawei's GRAPE Pulses 
##OWNER= Dawei
##DATE= 11-May-2015
##TIME= 16:35
##MINX= 0.000000e+00
##MAXX= 3.912430e+01
##MINY= 0.000000e+00
##MAXY= 3.589821e+02
##$SHAPE_EXMODE= None
##$SHAPE_TOTROT= 9.000000e+01
##$SHAPE_BWFAC= 1.000000e+00
##$SHAPE_INTEGFAC= 1.000000e+00
##$SHAPE_MODE= 1
##PULSE_WIDTH= 7.360000e-03
##Calibration_Power= 25000
##NPOINTS= 736
##XYPOINTS= (XY..XY)
  1.511246e+00,  1.107730e+01
  1.015781e+01,  1.220055e+02
  1.812537e+01,  1.585693e+02
  1.623545e+01,  2.158365e+02
  1.091447e+01,  2.942014e+02
  1.544221e+01,  1.656380e+01
  1.750275e+01,  5.265640e+01
  8.012511e+00,  7.807040e+01
  5.805468e+00,  2.587824e+02
  1.236067e+01,  2.896030e+02
  9.688319e+00,  3.341721e+02
  9.337586e+00,  5.043550e+01
  1.078262e+01,  8.839130e+01
  5.224359e+00,  9.811590e+01
  4.381429e+00,  3.275970e+02
  1.002515e+01,  3.377562e+02
  1.215155e+01,  1.918890e+01
  1.670110e+01,  6.811260e+01
  1.807834e+01,  1.066290e+02
  9.960852e+00,  1.630618e+02
  1.354373e+01,  2.831703e+02
  2.376311e+01,  3.252521e+02
  2.047520e+01,  3.589821e+02
  1.338449e+01,  6.649230e+01
  1.827855e+01,  1.183432e+02
  1.645087e+01,  1.137749e+02
  1.503854e+01,  6.438130e+01
  1.894169e+01,  3.690250e+01
  1.364947e+01,  3.030020e+01
  8.528138e-01,  6.627990e+00
  8.815771e+00,  1.970352e+02
  1.081877e+01,  1.672524e+02
  1.232961e+01,  1.201660e+02
  1.544202e+01,  8.490790e+01
  1.490030e+01,  5.128350e+01
  1.396351e+01,  9.310200e+00
  1.274624e+01,  3.312529e+02
  1.106405e+01,  2.829841e+02
  1.324487e+01,  2.381283e+02
  1.364025e+01,  2.124317e+02
  1.054817e+01,  1.807233e+02
  1.130110e+01,  1.477597e+02
  1.316747e+01,  1.567174e+02
  1.403993e+01,  1.945881e+02
  1.400647e+01,  2.397101e+02
  1.225687e+01,  2.977410e+02
  1.465963e+01,  3.563133e+02
  1.517070e+01,  1.916210e+01
  9.239981e+00,  3.504333e+02
  1.595884e+01,  2.914370e+02
  2.273000e+01,  2.863636e+02
  1.580138e+01,  2.894919e+02
  3.669556e-01,  3.787230e+01
  1.298426e+01,  1.110648e+02
  1.533732e+01,  1.165653e+02
  9.189717e+00,  1.198812e+02
  3.352382e+00,  9.044490e+01
  4.174191e+00,  5.546680e+01
  5.120820e+00,  7.503800e+01
  2.632402e+00,  1.170025e+02
  6.244782e+00,  2.468024e+02
  1.408966e+01,  2.612000e+02
  1.487142e+01,  2.620602e+02
  6.863369e+00,  2.375560e+02
  9.476777e+00,  1.353695e+02
  1.422897e+01,  1.201243e+02
  5.719982e+00,  9.274370e+01
  1.440424e+01,  3.306979e+02
  2.601561e+01,  3.284821e+02
  1.972800e+01,  3.335474e+02
  4.031656e+00,  1.018634e+02
  2.495429e+01,  1.432014e+02
  2.887511e+01,  1.431819e+02
  1.372916e+01,  1.134630e+02
  1.797317e+01,  2.132960e+01
  2.192906e+01,  1.771110e+01
  9.412013e+00,  6.934930e+01
  1.642469e+01,  1.681892e+02
  1.767576e+01,  2.000360e+02
  7.189569e+00,  2.794786e+02
  1.782291e+01,  1.776330e+01
  2.674909e+01,  5.421060e+01
  3.159343e+01,  8.385300e+01
  3.607975e+01,  1.019025e+02
  3.887285e+01,  1.071459e+02
  3.912430e+01,  1.062366e+02
  3.390603e+01,  1.123934e+02
  1.933604e+01,  1.356392e+02
  7.210774e+00,  2.346187e+02
  1.361740e+01,  3.175477e+02
  1.366664e+01,  2.767260e+01
  2.445957e+01,  9.779590e+01
  3.464007e+01,  1.291411e+02
  2.839369e+01,  1.551511e+02
  1.267651e+01,  2.198033e+02
  2.317459e+01,  3.139537e+02
  3.359704e+01,  3.455685e+02
  2.824711e+01,  1.588940e+01
  1.501205e+01,  7.660700e+01
  4.663869e+00,  1.807740e+02
  0.000000e+00,  0.000000e+00
  0.000000e+00,  0.000000e+00
  0.000000e+00,  0.000000e+00
  0.000000e+00,  0.000000e+00
  0.000000e+00,  0.000000e+00
  0.000000e+00,  0.000000e+00
  0.000000e+00,  0.000000e+00
  0.000000e+00,  0.000000e+00
  0.000000e+00,  0.000000e+00
  0.000000e+00,  0.000000e+00
  0.000000e+00,  0.000000e+00
  0.000000e+00,  0.000000e+00
  0.000000e+00,  0.000000e+00
  0.000000e+00,  0.000000e+00
  0.000000e+00,  0.000000e+00
  0.000000e+00,  0.000000e+00
  0.000000e+00,  0.000000e+00
  0.000000e+00,  0.000000e+00
  0.000000e+00,  0.000000e+00
  0.000000e+00,  0.000000e+00
  0.000000e+00,  0.000000e+00
  0.000000e+00,  0.000000e+00
  0.000000e+00,  0.000000e+00
  0.000000e+00,  0.000000e+00
  0.000000e+00,  0.000000e+00
  0.000000e+00,  0.000000e+00
  0.000000e+00,  0.000000e+00
  0.000000e+00,  0.000000e+00
  0.000000e+00,  0.000000e+00
  0.000000e+00,  0.000000e+00
  0.000000e+00,  0.000000e+00
  0.000000e+00,  0.000000e+00
  0.000000e+00,  0.000000e+00
  0.000000e+00,  0.000000e+00
  0.000000e+00,  0.000000e+00
  0.000000e+00,  0.000000e+00
  0.000000e+00,  0.000000e+00
  0.000000e+00,  0.000000e+00
  0.000000e+00,  0.000000e+00
  0.000000e+00,  0.000000e+00
  0.000000e+00,  0.000000e+00
  0.000000e+00,  0.000000e+00
  0.000000e+00,  0.000000e+00
  0.000000e+00,  0.000000e+00
  0.000000e+00,  0.000000e+00
  0.000000e+00,  0.000000e+00
  0.000000e+00,  0.000000e+00
  0.000000e+00,  0.000000e+00
  0.000000e+00,  0.000000e+00
  0.000000e+00,  0.000000e+00
  0.000000e+00,  0.000000e+00
  0.000000e+00,  0.000000e+00
  0.000000e+00,  0.000000e+00
  0.000000e+00,  0.000000e+00
  0.000000e+00,  0.000000e+00
  0.000000e+00,  0.000000e+00
  0.000000e+00,  0.000000e+00
  0.000000e+00,  0.000000e+00
  0.000000e+00,  0.000000e+00
  0.000000e+00,  0.000000e+00
  0.000000e+00,  0.000000e+00
  0.000000e+00,  0.000000e+00
  0.000000e+00,  0.000000e+00
  0.000000e+00,  0.000000e+00
  0.000000e+00,  0.000000e+00
  0.000000e+00,  0.000000e+00
  0.000000e+00,  0.000000e+00
  0.000000e+00,  0.000000e+00
  0.000000e+00,  0.000000e+00
  0.000000e+00,  0.000000e+00
  0.000000e+00,  0.000000e+00
  0.000000e+00,  0.000000e+00
  0.000000e+00,  0.000000e+00
  0.000000e+00,  0.000000e+00
  0.000000e+00,  0.000000e+00
  0.000000e+00,  0.000000e+00
  0.000000e+00,  0.000000e+00
  0.000000e+00,  0.000000e+00
  0.000000e+00,  0.000000e+00
  0.000000e+00,  0.000000e+00
  0.000000e+00,  0.000000e+00
  0.000000e+00,  0.000000e+00
  0.000000e+00,  0.000000e+00
  0.000000e+00,  0.000000e+00
  0.000000e+00,  0.000000e+00
  0.000000e+00,  0.000000e+00
  0.000000e+00,  0.000000e+00
  0.000000e+00,  0.000000e+00
  0.000000e+00,  0.000000e+00
  0.000000e+00,  0.000000e+00
  0.000000e+00,  0.000000e+00
  0.000000e+00,  0.000000e+00
  0.000000e+00,  0.000000e+00
  0.000000e+00,  0.000000e+00
  0.000000e+00,  0.000000e+00
  0.000000e+00,  0.000000e+00
  0.000000e+00,  0.000000e+00
  0.000000e+00,  0.000000e+00
  0.000000e+00,  0.000000e+00
  0.000000e+00,  0.000000e+00
  0.000000e+00,  0.000000e+00
  0.000000e+00,  0.000000e+00
  0.000000e+00,  0.000000e+00
  0.000000e+00,  0.000000e+00
  0.000000e+00,  0.000000e+00
  0.000000e+00,  0.000000e+00
  0.000000e+00,  0.000000e+00
  0.000000e+00,  0.000000e+00
  0.000000e+00,  0.000000e+00
  0.000000e+00,  0.000000e+00
  0.000000e+00,  0.000000e+00
  0.000000e+00,  0.000000e+00
  0.000000e+00,  0.000000e+00
  0.000000e+00,  0.000000e+00
  0.000000e+00,  0.000000e+00
  0.000000e+00,  0.000000e+00
  0.000000e+00,  0.000000e+00
  0.000000e+00,  0.000000e+00
  0.000000e+00,  0.000000e+00
  0.000000e+00,  0.000000e+00
  0.000000e+00,  0.000000e+00
  0.000000e+00,  0.000000e+00
  0.000000e+00,  0.000000e+00
  0.000000e+00,  0.000000e+00
  0.000000e+00,  0.000000e+00
  0.000000e+00,  0.000000e+00
  0.000000e+00,  0.000000e+00
  0.000000e+00,  0.000000e+00
  0.000000e+00,  0.000000e+00
  0.000000e+00,  0.000000e+00
  0.000000e+00,  0.000000e+00
  0.000000e+00,  0.000000e+00
  0.000000e+00,  0.000000e+00
  0.000000e+00,  0.000000e+00
  0.000000e+00,  0.000000e+00
  0.000000e+00,  0.000000e+00
  0.000000e+00,  0.000000e+00
  0.000000e+00,  0.000000e+00
  0.000000e+00,  0.000000e+00
  0.000000e+00,  0.000000e+00
  0.000000e+00,  0.000000e+00
  0.000000e+00,  0.000000e+00
  0.000000e+00,  0.000000e+00
  0.000000e+00,  0.000000e+00
  0.000000e+00,  0.000000e+00
  0.000000e+00,  0.000000e+00
  0.000000e+00,  0.000000e+00
  0.000000e+00,  0.000000e+00
  0.000000e+00,  0.000000e+00
  0.000000e+00,  0.000000e+00
  0.000000e+00,  0.000000e+00
  0.000000e+00,  0.000000e+00
  0.000000e+00,  0.000000e+00
  0.000000e+00,  0.000000e+00
  0.000000e+00,  0.000000e+00
  0.000000e+00,  0.000000e+00
  0.000000e+00,  0.000000e+00
  0.000000e+00,  0.000000e+00
  0.000000e+00,  0.000000e+00
  0.000000e+00,  0.000000e+00
  0.000000e+00,  0.000000e+00
  0.000000e+00,  0.000000e+00
  0.000000e+00,  0.000000e+00
  0.000000e+00,  0.000000e+00
  0.000000e+00,  0.000000e+00
  0.000000e+00,  0.000000e+00
  0.000000e+00,  0.000000e+00
  0.000000e+00,  0.000000e+00
  9.814098e-01,  9.809425e+01
  1.033838e+01,  1.307720e+02
  1.964485e+01,  1.398522e+02
  1.576388e+01,  1.777130e+02
  1.703476e+01,  2.646938e+02
  3.120679e+01,  3.105977e+02
  3.021003e+01,  3.243194e+02
  1.369164e+01,  3.138065e+02
  1.144283e+01,  2.044110e+02
  2.150459e+01,  1.838792e+02
  1.883118e+01,  1.816445e+02
  6.539934e+00,  1.703801e+02
  7.920061e+00,  3.445557e+01
  1.409588e+01,  3.000610e+01
  1.013424e+01,  3.290848e+01
  1.887704e+00,  2.696143e+02
  1.322185e+01,  2.442071e+02
  1.825937e+01,  2.544925e+02
  1.453464e+01,  2.673385e+02
  4.844129e+00,  2.937710e+02
  6.578798e+00,  7.425438e+01
  1.124925e+01,  8.518044e+01
  8.702409e+00,  7.150786e+01
  7.907652e+00,  4.474212e+00
  1.453618e+01,  3.339765e+02
  1.657932e+01,  3.280546e+02
  1.230797e+01,  3.189832e+02
  8.408600e+00,  2.827637e+02
  9.734239e+00,  2.495582e+02
  8.901623e+00,  2.414625e+02
  2.787003e+00,  2.272223e+02
  7.800275e+00,  8.370363e+01
  1.815507e+01,  8.196110e+01
  2.389592e+01,  8.161683e+01
  2.260463e+01,  8.095794e+01
  1.598297e+01,  8.339482e+01
  7.565900e+00,  1.009960e+02
  4.987118e+00,  1.886960e+02
  1.056584e+01,  2.207755e+02
  1.463691e+01,  2.236327e+02
  1.568533e+01,  2.231760e+02
  1.265810e+01,  2.278557e+02
  5.772162e+00,  2.521535e+02
  5.537982e+00,  1.366203e+01
  1.215018e+01,  4.859393e+01
  1.378482e+01,  7.794783e+01
  1.249200e+01,  1.252306e+02
  1.351303e+01,  1.767497e+02
  1.266048e+01,  2.168905e+02
  9.189904e+00,  2.680327e+02
  8.234329e+00,  3.250896e+02
  4.398665e+00,  9.911824e+00
  6.706366e+00,  1.496355e+02
  1.556178e+01,  1.678988e+02
  1.583271e+01,  1.675606e+02
  8.171176e+00,  1.260678e+02
  1.432396e+01,  5.232069e+01
  1.966041e+01,  4.386892e+01
  1.364247e+01,  6.040876e+01
  1.194821e+01,  1.396586e+02
  2.380853e+01,  1.686213e+02
  2.885607e+01,  1.658854e+02
  2.610813e+01,  1.507965e+02
  1.861132e+01,  1.364036e+02
  8.325864e+00,  1.371648e+02
  4.150871e+00,  2.087569e+02
  7.799479e+00,  2.222403e+02
  1.085364e+01,  2.057962e+02
  1.261675e+01,  2.034357e+02
  1.127385e+01,  2.274950e+02
  9.988537e+00,  2.778289e+02
  9.967235e+00,  3.380168e+02
  1.313960e+01,  4.444717e+01
  1.932111e+01,  8.881199e+01
  1.999482e+01,  1.207161e+02
  1.319081e+01,  1.562078e+02
  6.046588e+00,  2.318878e+02
  8.249478e+00,  3.177755e+02
  7.963901e+00,  3.559074e+02
  7.867591e-01,  2.121196e+01
  1.114111e+01,  2.237753e+02
  2.119388e+01,  2.362967e+02
  2.063394e+01,  2.384295e+02
  8.805512e+00,  2.201578e+02
  8.734253e+00,  9.179142e+01
  1.731978e+01,  7.002995e+01
  1.695109e+01,  5.022788e+01
  1.329719e+01,  7.951241e+00
  1.407481e+01,  3.198067e+02
  1.394969e+01,  2.919720e+02
  9.681496e+00,  2.704834e+02
  4.437941e+00,  2.410246e+02
  9.034088e-01,  1.444387e+02
  3.597210e+00,  4.544394e+01
  5.432145e+00,  3.651275e+01
  4.731811e+00,  5.409912e+01
  5.256394e+00,  1.047927e+02
  8.375657e+00,  1.269410e+02
  9.341018e+00,  1.286304e+02
  6.747879e+00,  1.238003e+02
  2.253638e+00,  1.276823e+02
  3.344647e+00,  2.407186e+02
  8.255424e+00,  2.361060e+02
  1.109469e+01,  2.293040e+02
  9.652044e+00,  2.283770e+02
  5.082563e+00,  2.547702e+02
  6.611364e+00,  3.283172e+02
  1.049836e+01,  3.415755e+02
  9.376769e+00,  3.395123e+02
  4.150482e+00,  3.389004e+02
  2.977993e+00,  8.613243e+01
  8.613266e+00,  8.135617e+01
  1.281811e+01,  6.310012e+01
  1.227493e+01,  4.570207e+01
  5.663695e+00,  1.737980e+01
  6.047569e+00,  2.338628e+02
  1.501413e+01,  1.989545e+02
  2.024479e+01,  1.696162e+02
  2.186745e+01,  1.423632e+02
  1.783379e+01,  1.296747e+02
  7.889065e+00,  1.588837e+02
  1.161628e+01,  2.498500e+02
  1.683524e+01,  2.703164e+02
  1.210046e+01,  2.844591e+02
  3.340180e+00,  3.200311e+02
  3.115045e+00,  1.207192e+02
  7.270303e+00,  1.859817e+02
  1.340752e+01,  2.151413e+02
  1.483651e+01,  2.201524e+02
  9.328284e+00,  1.965465e+02
  8.626438e+00,  1.170330e+02
  1.327643e+01,  8.142241e+01
  1.089579e+01,  5.726918e+01
  7.564662e+00,  3.444270e+02
  1.450115e+01,  2.992523e+02
  1.686150e+01,  2.987458e+02
  1.225574e+01,  3.313167e+02
  1.269303e+01,  4.094783e+01
  1.760972e+01,  8.744674e+01
  1.994900e+01,  1.290731e+02
  2.143933e+01,  1.679003e+02
  1.796973e+01,  1.974408e+02
  8.840005e+00,  2.323850e+02
  5.116849e+00,  3.169260e+02
  5.345741e+00,  3.300836e+02
  7.587723e+00,  2.742367e+02
  1.353587e+01,  2.630465e+02
  1.224542e+01,  2.703437e+02
  1.992868e+00,  3.019062e+02
  1.121478e+01,  1.027674e+02
  1.803834e+01,  1.121451e+02
  1.503332e+01,  1.118653e+02
  7.274952e+00,  7.746840e+01
  9.405571e+00,  8.298255e+00
  1.129326e+01,  3.535134e+02
  5.200356e+00,  3.237151e+02
  1.099523e+01,  2.152023e+02
  2.247834e+01,  2.089876e+02
  2.344763e+01,  2.124535e+02
  1.131629e+01,  2.059915e+02
  1.028265e+01,  7.599042e+01
  2.423120e+01,  6.130590e+01
  2.469760e+01,  5.594552e+01
  1.456783e+01,  3.806057e+01
  8.175138e+00,  3.347117e+02
  8.194169e+00,  2.731769e+02
  1.098800e+01,  2.043515e+02
  1.986450e+01,  1.774109e+02
  2.278516e+01,  1.742920e+02
  1.685212e+01,  1.773552e+02
  7.911136e+00,  1.720120e+02
  5.707082e+00,  1.287588e+02
  9.933981e+00,  1.374202e+02
  1.388388e+01,  1.701516e+02
  1.481593e+01,  2.150090e+02
  1.767286e+01,  2.770696e+02
  2.533999e+01,  3.218714e+02
  2.477422e+01,  3.447550e+02
  1.005961e+01,  3.412781e+02
  1.105018e+01,  2.269653e+02
  1.422473e+01,  2.247025e+02
  1.547119e+00,  1.931842e+01
  2.284802e+01,  5.829222e+01
  3.159587e+01,  6.764887e+01
  1.997599e+01,  6.863660e+01
  3.683999e+00,  3.183925e+02
  1.712341e+01,  2.615371e+02
  1.882551e+01,  2.410487e+02
  1.630177e+01,  1.904022e+02
  2.306375e+01,  1.455368e+02
  2.549053e+01,  1.314245e+02
  1.598698e+01,  1.261534e+02
  4.132512e+00,  5.114314e+01
  1.133028e+01,  3.456120e+02
  9.719861e+00,  3.237557e+02
  1.112860e+01,  2.489587e+02
  2.310207e+01,  2.374049e+02
  2.278683e+01,  2.439966e+02
  3.328379e+00,  2.515392e+02
  1.483189e+00,  3.067454e+01
  0.000000e+00,  0.000000e+00
  0.000000e+00,  0.000000e+00
  0.000000e+00,  0.000000e+00
  0.000000e+00,  0.000000e+00
  0.000000e+00,  0.000000e+00
  0.000000e+00,  0.000000e+00
  0.000000e+00,  0.000000e+00
  0.000000e+00,  0.000000e+00
  0.000000e+00,  0.000000e+00
  0.000000e+00,  0.000000e+00
  0.000000e+00,  0.000000e+00
  0.000000e+00,  0.000000e+00
  0.000000e+00,  0.000000e+00
  0.000000e+00,  0.000000e+00
  0.000000e+00,  0.000000e+00
  0.000000e+00,  0.000000e+00
  0.000000e+00,  0.000000e+00
  0.000000e+00,  0.000000e+00
  0.000000e+00,  0.000000e+00
  0.000000e+00,  0.000000e+00
  0.000000e+00,  0.000000e+00
  0.000000e+00,  0.000000e+00
  0.000000e+00,  0.000000e+00
  0.000000e+00,  0.000000e+00
  0.000000e+00,  0.000000e+00
  0.000000e+00,  0.000000e+00
  0.000000e+00,  0.000000e+00
  0.000000e+00,  0.000000e+00
  0.000000e+00,  0.000000e+00
  0.000000e+00,  0.000000e+00
  0.000000e+00,  0.000000e+00
  0.000000e+00,  0.000000e+00
  0.000000e+00,  0.000000e+00
  0.000000e+00,  0.000000e+00
  0.000000e+00,  0.000000e+00
  0.000000e+00,  0.000000e+00
  0.000000e+00,  0.000000e+00
  0.000000e+00,  0.000000e+00
  0.000000e+00,  0.000000e+00
  0.000000e+00,  0.000000e+00
  0.000000e+00,  0.000000e+00
  0.000000e+00,  0.000000e+00
  0.000000e+00,  0.000000e+00
  0.000000e+00,  0.000000e+00
  0.000000e+00,  0.000000e+00
  0.000000e+00,  0.000000e+00
  0.000000e+00,  0.000000e+00
  0.000000e+00,  0.000000e+00
  0.000000e+00,  0.000000e+00
  0.000000e+00,  0.000000e+00
  0.000000e+00,  0.000000e+00
  0.000000e+00,  0.000000e+00
  0.000000e+00,  0.000000e+00
  0.000000e+00,  0.000000e+00
  0.000000e+00,  0.000000e+00
  0.000000e+00,  0.000000e+00
  0.000000e+00,  0.000000e+00
  0.000000e+00,  0.000000e+00
  0.000000e+00,  0.000000e+00
  0.000000e+00,  0.000000e+00
  0.000000e+00,  0.000000e+00
  0.000000e+00,  0.000000e+00
  0.000000e+00,  0.000000e+00
  0.000000e+00,  0.000000e+00
  0.000000e+00,  0.000000e+00
  0.000000e+00,  0.000000e+00
  0.000000e+00,  0.000000e+00
  0.000000e+00,  0.000000e+00
  0.000000e+00,  0.000000e+00
  0.000000e+00,  0.000000e+00
  0.000000e+00,  0.000000e+00
  0.000000e+00,  0.000000e+00
  0.000000e+00,  0.000000e+00
  0.000000e+00,  0.000000e+00
  0.000000e+00,  0.000000e+00
  0.000000e+00,  0.000000e+00
  0.000000e+00,  0.000000e+00
  0.000000e+00,  0.000000e+00
  0.000000e+00,  0.000000e+00
  0.000000e+00,  0.000000e+00
  0.000000e+00,  0.000000e+00
  0.000000e+00,  0.000000e+00
  0.000000e+00,  0.000000e+00
  0.000000e+00,  0.000000e+00
  0.000000e+00,  0.000000e+00
  0.000000e+00,  0.000000e+00
  0.000000e+00,  0.000000e+00
  0.000000e+00,  0.000000e+00
  0.000000e+00,  0.000000e+00
  0.000000e+00,  0.000000e+00
  0.000000e+00,  0.000000e+00
  0.000000e+00,  0.000000e+00
  0.000000e+00,  0.000000e+00
  0.000000e+00,  0.000000e+00
  0.000000e+00,  0.000000e+00
  0.000000e+00,  0.000000e+00
  0.000000e+00,  0.000000e+00
  0.000000e+00,  0.000000e+00
  0.000000e+00,  0.000000e+00
  0.000000e+00,  0.000000e+00
  0.000000e+00,  0.000000e+00
  0.000000e+00,  0.000000e+00
  0.000000e+00,  0.000000e+00
  0.000000e+00,  0.000000e+00
  0.000000e+00,  0.000000e+00
  0.000000e+00,  0.000000e+00
  0.000000e+00,  0.000000e+00
  0.000000e+00,  0.000000e+00
  0.000000e+00,  0.000000e+00
  0.000000e+00,  0.000000e+00
  0.000000e+00,  0.000000e+00
  0.000000e+00,  0.000000e+00
  0.000000e+00,  0.000000e+00
  0.000000e+00,  0.000000e+00
  0.000000e+00,  0.000000e+00
  0.000000e+00,  0.000000e+00
  0.000000e+00,  0.000000e+00
  0.000000e+00,  0.000000e+00
  0.000000e+00,  0.000000e+00
  0.000000e+00,  0.000000e+00
  0.000000e+00,  0.000000e+00
  0.000000e+00,  0.000000e+00
  0.000000e+00,  0.000000e+00
  0.000000e+00,  0.000000e+00
  0.000000e+00,  0.000000e+00
  0.000000e+00,  0.000000e+00
  0.000000e+00,  0.000000e+00
  0.000000e+00,  0.000000e+00
  0.000000e+00,  0.000000e+00
  0.000000e+00,  0.000000e+00
  0.000000e+00,  0.000000e+00
  0.000000e+00,  0.000000e+00
  0.000000e+00,  0.000000e+00
  0.000000e+00,  0.000000e+00
  0.000000e+00,  0.000000e+00
  0.000000e+00,  0.000000e+00
  0.000000e+00,  0.000000e+00
  0.000000e+00,  0.000000e+00
  0.000000e+00,  0.000000e+00
  0.000000e+00,  0.000000e+00
  0.000000e+00,  0.000000e+00
  0.000000e+00,  0.000000e+00
  0.000000e+00,  0.000000e+00
  0.000000e+00,  0.000000e+00
  0.000000e+00,  0.000000e+00
  0.000000e+00,  0.000000e+00
  0.000000e+00,  0.000000e+00
  0.000000e+00,  0.000000e+00
  0.000000e+00,  0.000000e+00
  0.000000e+00,  0.000000e+00
  0.000000e+00,  0.000000e+00
  0.000000e+00,  0.000000e+00
  0.000000e+00,  0.000000e+00
  0.000000e+00,  0.000000e+00
  0.000000e+00,  0.000000e+00
  0.000000e+00,  0.000000e+00
  0.000000e+00,  0.000000e+00
  0.000000e+00,  0.000000e+00
  0.000000e+00,  0.000000e+00
  0.000000e+00,  0.000000e+00
  0.000000e+00,  0.000000e+00
  0.000000e+00,  0.000000e+00
  0.000000e+00,  0.000000e+00
  0.000000e+00,  0.000000e+00
  0.000000e+00,  0.000000e+00
  0.000000e+00,  0.000000e+00
  0.000000e+00,  0.000000e+00
  0.000000e+00,  0.000000e+00
  2.073270e+00,  3.563298e+02
  3.894579e+00,  2.613493e+02
  5.548626e+00,  2.108440e+02
  9.392492e+00,  1.133189e+02
  1.854793e+01,  8.033269e+01
  1.993224e+01,  6.062212e+01
  1.272816e+01,  2.872674e+01
  9.541608e+00,  3.117662e+02
  1.298980e+01,  2.607205e+02
  1.263409e+01,  2.200307e+02
  1.325923e+01,  1.719580e+02
  1.525223e+01,  1.424668e+02
  1.303181e+01,  1.325776e+02
  7.324972e+00,  1.480626e+02
  5.898284e+00,  2.097673e+02
  7.297423e+00,  2.368922e+02
  4.386314e+00,  2.582977e+02
  3.878793e+00,  1.199811e-01
  7.581293e+00,  1.602415e+01
  6.510185e+00,  3.463592e+02
  9.833485e+00,  2.765903e+02
  1.732432e+01,  2.541890e+02
  1.733756e+01,  2.442277e+02
  9.389520e+00,  2.137439e+02
  1.159737e+01,  1.360610e+02
  1.737513e+01,  1.234816e+02
  1.299011e+01,  1.324834e+02
  3.752774e+00,  2.168473e+02
  1.323108e+01,  2.991523e+02
  1.843094e+01,  3.187134e+02
  1.556166e+01,  3.353907e+02
  8.282698e+00,  3.484215e+02
  1.920713e+00,  3.221537e+02
  2.159636e+00,  2.395348e+02
  2.057795e+00,  1.225889e+02
  1.124360e+01,  1.100675e+02
  2.170649e+01,  1.212588e+02
  2.514308e+01,  1.369386e+02
  1.823075e+01,  1.682284e+02
  1.468791e+01,  2.429257e+02
  2.171453e+01,  2.927565e+02
  2.009215e+01,  3.199577e+02
  9.599023e+00,  4.137343e+00
  9.937021e+00,  1.045913e+02
  1.348606e+01,  1.381734e+02
  8.630389e+00,  1.603037e+02
  2.490518e+00,  2.440037e+02
  5.021616e+00,  3.165716e+02
  3.370305e+00,  3.282724e+02
  7.298929e-01,  1.494323e+02
  2.899340e+00,  1.395743e+02
  3.195048e+00,  1.028896e+02
  4.269423e+00,  8.022979e+01
  4.422319e+00,  1.062680e+02
  6.296488e+00,  1.563944e+02
  8.108998e+00,  1.779723e+02
  4.477089e+00,  1.790783e+02
  4.326087e+00,  3.653156e+01
  1.097390e+01,  2.821513e+01
  9.750412e+00,  2.485522e+01
  1.767073e+00,  3.038495e+02
  1.129433e+01,  2.182366e+02
  1.615761e+01,  2.037782e+02
  1.414202e+01,  1.751551e+02
  1.339781e+01,  1.257992e+02
  1.490117e+01,  8.534763e+01
  1.369037e+01,  4.544030e+01
  1.380158e+01,  3.564817e+02
  1.564487e+01,  3.191077e+02
  1.500743e+01,  2.912804e+02
  1.155169e+01,  2.664476e+02
  5.467319e+00,  2.400803e+02
  3.703962e+00,  1.019544e+02
  1.064020e+01,  8.165602e+01
  1.365574e+01,  8.508123e+01
  1.272235e+01,  9.443356e+01
  1.029660e+01,  9.688744e+01
  9.384991e+00,  7.541740e+01
  1.223117e+01,  5.105186e+01
  1.367304e+01,  3.940899e+01
  9.442787e+00,  2.243061e+01
  6.180310e+00,  3.078102e+02
  1.152057e+01,  2.654762e+02
  1.128962e+01,  2.527546e+02
  4.428623e+00,  2.133691e+02
  8.600808e+00,  1.104868e+02
  1.413782e+01,  9.564979e+01
  1.355995e+01,  8.251384e+01
  1.091513e+01,  5.889464e+01
  9.040361e+00,  3.831723e+01
  4.238036e+00,  3.307367e+01
  4.433361e+00,  2.220015e+02
  1.330652e+01,  2.337217e+02
  1.805095e+01,  2.497751e+02
  1.631345e+01,  2.682133e+02
  1.018382e+01,  3.003163e+02
  9.379879e+00,  2.670707e+00
  1.427305e+01,  2.475884e+01
  1.523938e+01,  1.851496e+01
  5.358463e+00,  3.479166e+02
##END=
