##TITLE= twqubit_encoding3_H_nobuffer_fix
##JCAMP-DX= 5.00 Bruker JCAMP library
##DATA TYPE= Shape Data
##ORIGIN= Dawei's GRAPE Pulses 
##OWNER= Dawei
##DATE= 21-May-2015
##TIME= 10:28
##MINX= 0.000000e+00
##MAXX= 3.073677e+01
##MINY= 0.000000e+00
##MAXY= 3.575487e+02
##$SHAPE_EXMODE= None
##$SHAPE_TOTROT= 9.000000e+01
##$SHAPE_BWFAC= 1.000000e+00
##$SHAPE_INTEGFAC= 1.000000e+00
##$SHAPE_MODE= 1
##PULSE_WIDTH= 7.360000e-03
##Calibration_Power= 25000
##NPOINTS= 736
##XYPOINTS= (XY..XY)
  7.410538e-01,  1.954093e+02
  6.279951e+00,  1.118334e+02
  1.368443e+01,  9.304880e+01
  1.372815e+01,  6.131300e+01
  1.281371e+01,  1.894130e+01
  1.540320e+01,  3.399153e+02
  1.974524e+01,  3.157734e+02
  2.324488e+01,  2.989204e+02
  2.701247e+01,  2.855292e+02
  2.969913e+01,  2.748938e+02
  3.073677e+01,  2.685210e+02
  2.990371e+01,  2.663548e+02
  2.745717e+01,  2.672801e+02
  2.345347e+01,  2.687135e+02
  2.025741e+01,  2.713303e+02
  1.787009e+01,  2.741473e+02
  1.628432e+01,  2.767549e+02
  1.505214e+01,  2.798819e+02
  1.378228e+01,  2.842163e+02
  1.232414e+01,  2.907755e+02
  1.091791e+01,  2.989733e+02
  9.616475e+00,  3.086230e+02
  7.848649e+00,  3.180365e+02
  5.133201e+00,  3.280298e+02
  1.599667e+00,  3.568011e+02
  3.776065e+00,  1.326541e+02
  9.313504e+00,  1.452442e+02
  1.473438e+01,  1.470387e+02
  1.876932e+01,  1.463273e+02
  2.108681e+01,  1.451261e+02
  2.181188e+01,  1.440871e+02
  2.094435e+01,  1.419523e+02
  1.888508e+01,  1.391044e+02
  1.582859e+01,  1.361942e+02
  1.165800e+01,  1.316973e+02
  7.256616e+00,  1.161771e+02
  4.592355e+00,  7.595400e+01
  5.267114e+00,  2.489300e+01
  8.314943e+00,  3.575487e+02
  1.180994e+01,  3.459520e+02
  1.403739e+01,  3.374419e+02
  1.459660e+01,  3.272703e+02
  1.442509e+01,  3.134780e+02
  1.440885e+01,  2.969191e+02
  1.479459e+01,  2.807179e+02
  1.532917e+01,  2.678786e+02
  1.553179e+01,  2.612153e+02
  1.535224e+01,  2.628153e+02
  1.549611e+01,  2.719209e+02
  1.624324e+01,  2.849011e+02
  1.709229e+01,  3.003970e+02
  1.833451e+01,  3.174122e+02
  2.027337e+01,  3.302741e+02
  2.180369e+01,  3.350441e+02
  2.222562e+01,  3.318168e+02
  2.179226e+01,  3.219389e+02
  2.107028e+01,  3.073951e+02
  2.011650e+01,  2.907361e+02
  1.868862e+01,  2.731161e+02
  1.688407e+01,  2.544671e+02
  1.489845e+01,  2.364826e+02
  1.258934e+01,  2.215061e+02
  9.823505e+00,  2.107536e+02
  6.551130e+00,  2.038710e+02
  3.005623e+00,  1.851030e+02
  2.387037e+00,  7.792370e+01
  6.258211e+00,  4.689560e+01
  1.041483e+01,  3.773520e+01
  1.394895e+01,  3.810460e+01
  1.580252e+01,  4.461500e+01
  1.586151e+01,  5.406400e+01
  1.486588e+01,  6.637210e+01
  1.327332e+01,  8.717830e+01
  1.351983e+01,  1.205467e+02
  1.766914e+01,  1.459956e+02
  2.174508e+01,  1.546707e+02
  2.327828e+01,  1.545746e+02
  2.243436e+01,  1.490240e+02
  2.027068e+01,  1.371413e+02
  1.871214e+01,  1.182029e+02
  1.898037e+01,  9.668860e+01
  2.036238e+01,  7.833170e+01
  2.115827e+01,  6.577320e+01
  2.018044e+01,  5.996110e+01
  1.820795e+01,  6.272500e+01
  1.803088e+01,  7.372830e+01
  2.089216e+01,  8.351560e+01
  2.435286e+01,  8.612840e+01
  2.692964e+01,  8.384690e+01
  2.716575e+01,  7.826410e+01
  2.586339e+01,  7.135570e+01
  2.293877e+01,  6.395320e+01
  1.937423e+01,  5.949250e+01
  1.578451e+01,  6.309750e+01
  1.399305e+01,  7.987520e+01
  1.488794e+01,  1.036541e+02
  1.828185e+01,  1.244293e+02
  2.260459e+01,  1.373042e+02
  1.944818e+01,  1.503428e+02
  3.364442e+00,  1.954355e+02
  0.000000e+00,  0.000000e+00
  0.000000e+00,  0.000000e+00
  0.000000e+00,  0.000000e+00
  0.000000e+00,  0.000000e+00
  0.000000e+00,  0.000000e+00
  0.000000e+00,  0.000000e+00
  0.000000e+00,  0.000000e+00
  0.000000e+00,  0.000000e+00
  0.000000e+00,  0.000000e+00
  0.000000e+00,  0.000000e+00
  0.000000e+00,  0.000000e+00
  0.000000e+00,  0.000000e+00
  0.000000e+00,  0.000000e+00
  0.000000e+00,  0.000000e+00
  0.000000e+00,  0.000000e+00
  0.000000e+00,  0.000000e+00
  0.000000e+00,  0.000000e+00
  0.000000e+00,  0.000000e+00
  0.000000e+00,  0.000000e+00
  0.000000e+00,  0.000000e+00
  0.000000e+00,  0.000000e+00
  0.000000e+00,  0.000000e+00
  0.000000e+00,  0.000000e+00
  0.000000e+00,  0.000000e+00
  0.000000e+00,  0.000000e+00
  0.000000e+00,  0.000000e+00
  0.000000e+00,  0.000000e+00
  0.000000e+00,  0.000000e+00
  0.000000e+00,  0.000000e+00
  0.000000e+00,  0.000000e+00
  0.000000e+00,  0.000000e+00
  0.000000e+00,  0.000000e+00
  0.000000e+00,  0.000000e+00
  0.000000e+00,  0.000000e+00
  0.000000e+00,  0.000000e+00
  0.000000e+00,  0.000000e+00
  0.000000e+00,  0.000000e+00
  0.000000e+00,  0.000000e+00
  0.000000e+00,  0.000000e+00
  0.000000e+00,  0.000000e+00
  0.000000e+00,  0.000000e+00
  0.000000e+00,  0.000000e+00
  0.000000e+00,  0.000000e+00
  0.000000e+00,  0.000000e+00
  0.000000e+00,  0.000000e+00
  0.000000e+00,  0.000000e+00
  0.000000e+00,  0.000000e+00
  0.000000e+00,  0.000000e+00
  0.000000e+00,  0.000000e+00
  0.000000e+00,  0.000000e+00
  0.000000e+00,  0.000000e+00
  0.000000e+00,  0.000000e+00
  0.000000e+00,  0.000000e+00
  0.000000e+00,  0.000000e+00
  0.000000e+00,  0.000000e+00
  0.000000e+00,  0.000000e+00
  0.000000e+00,  0.000000e+00
  0.000000e+00,  0.000000e+00
  0.000000e+00,  0.000000e+00
  0.000000e+00,  0.000000e+00
  0.000000e+00,  0.000000e+00
  0.000000e+00,  0.000000e+00
  0.000000e+00,  0.000000e+00
  0.000000e+00,  0.000000e+00
  0.000000e+00,  0.000000e+00
  0.000000e+00,  0.000000e+00
  0.000000e+00,  0.000000e+00
  0.000000e+00,  0.000000e+00
  0.000000e+00,  0.000000e+00
  0.000000e+00,  0.000000e+00
  0.000000e+00,  0.000000e+00
  0.000000e+00,  0.000000e+00
  0.000000e+00,  0.000000e+00
  0.000000e+00,  0.000000e+00
  0.000000e+00,  0.000000e+00
  0.000000e+00,  0.000000e+00
  0.000000e+00,  0.000000e+00
  0.000000e+00,  0.000000e+00
  0.000000e+00,  0.000000e+00
  0.000000e+00,  0.000000e+00
  0.000000e+00,  0.000000e+00
  0.000000e+00,  0.000000e+00
  0.000000e+00,  0.000000e+00
  0.000000e+00,  0.000000e+00
  0.000000e+00,  0.000000e+00
  0.000000e+00,  0.000000e+00
  0.000000e+00,  0.000000e+00
  0.000000e+00,  0.000000e+00
  0.000000e+00,  0.000000e+00
  0.000000e+00,  0.000000e+00
  0.000000e+00,  0.000000e+00
  0.000000e+00,  0.000000e+00
  0.000000e+00,  0.000000e+00
  0.000000e+00,  0.000000e+00
  0.000000e+00,  0.000000e+00
  0.000000e+00,  0.000000e+00
  0.000000e+00,  0.000000e+00
  0.000000e+00,  0.000000e+00
  0.000000e+00,  0.000000e+00
  0.000000e+00,  0.000000e+00
  0.000000e+00,  0.000000e+00
  0.000000e+00,  0.000000e+00
  0.000000e+00,  0.000000e+00
  0.000000e+00,  0.000000e+00
  0.000000e+00,  0.000000e+00
  0.000000e+00,  0.000000e+00
  0.000000e+00,  0.000000e+00
  0.000000e+00,  0.000000e+00
  0.000000e+00,  0.000000e+00
  0.000000e+00,  0.000000e+00
  0.000000e+00,  0.000000e+00
  0.000000e+00,  0.000000e+00
  0.000000e+00,  0.000000e+00
  0.000000e+00,  0.000000e+00
  0.000000e+00,  0.000000e+00
  0.000000e+00,  0.000000e+00
  0.000000e+00,  0.000000e+00
  0.000000e+00,  0.000000e+00
  0.000000e+00,  0.000000e+00
  0.000000e+00,  0.000000e+00
  0.000000e+00,  0.000000e+00
  0.000000e+00,  0.000000e+00
  0.000000e+00,  0.000000e+00
  0.000000e+00,  0.000000e+00
  0.000000e+00,  0.000000e+00
  0.000000e+00,  0.000000e+00
  0.000000e+00,  0.000000e+00
  0.000000e+00,  0.000000e+00
  0.000000e+00,  0.000000e+00
  0.000000e+00,  0.000000e+00
  0.000000e+00,  0.000000e+00
  0.000000e+00,  0.000000e+00
  0.000000e+00,  0.000000e+00
  0.000000e+00,  0.000000e+00
  0.000000e+00,  0.000000e+00
  0.000000e+00,  0.000000e+00
  0.000000e+00,  0.000000e+00
  0.000000e+00,  0.000000e+00
  0.000000e+00,  0.000000e+00
  0.000000e+00,  0.000000e+00
  0.000000e+00,  0.000000e+00
  0.000000e+00,  0.000000e+00
  0.000000e+00,  0.000000e+00
  0.000000e+00,  0.000000e+00
  0.000000e+00,  0.000000e+00
  0.000000e+00,  0.000000e+00
  0.000000e+00,  0.000000e+00
  0.000000e+00,  0.000000e+00
  0.000000e+00,  0.000000e+00
  0.000000e+00,  0.000000e+00
  0.000000e+00,  0.000000e+00
  0.000000e+00,  0.000000e+00
  0.000000e+00,  0.000000e+00
  0.000000e+00,  0.000000e+00
  0.000000e+00,  0.000000e+00
  0.000000e+00,  0.000000e+00
  0.000000e+00,  0.000000e+00
  0.000000e+00,  0.000000e+00
  0.000000e+00,  0.000000e+00
  0.000000e+00,  0.000000e+00
  0.000000e+00,  0.000000e+00
  0.000000e+00,  0.000000e+00
  0.000000e+00,  0.000000e+00
  0.000000e+00,  0.000000e+00
  0.000000e+00,  0.000000e+00
  0.000000e+00,  0.000000e+00
  0.000000e+00,  0.000000e+00
  0.000000e+00,  0.000000e+00
  1.745284e-01,  7.466865e+01
  5.489111e+00,  2.187778e+02
  1.183667e+01,  2.049281e+02
  1.338361e+01,  1.856239e+02
  1.302963e+01,  1.796813e+02
  1.193055e+01,  1.766891e+02
  1.069950e+01,  1.683908e+02
  9.818810e+00,  1.554925e+02
  9.703560e+00,  1.416337e+02
  1.049799e+01,  1.282346e+02
  1.209001e+01,  1.155591e+02
  1.416971e+01,  1.041142e+02
  1.619081e+01,  9.612791e+01
  1.759187e+01,  9.058144e+01
  1.795593e+01,  8.553068e+01
  1.713590e+01,  7.942730e+01
  1.544616e+01,  7.226192e+01
  1.340891e+01,  6.576174e+01
  1.130097e+01,  6.326511e+01
  9.352327e+00,  6.497494e+01
  7.685564e+00,  7.079835e+01
  6.467237e+00,  8.201427e+01
  6.239025e+00,  9.893752e+01
  7.234624e+00,  1.128161e+02
  8.510879e+00,  1.215982e+02
  9.299160e+00,  1.281449e+02
  9.812371e+00,  1.342776e+02
  1.053839e+01,  1.394274e+02
  1.139116e+01,  1.428193e+02
  1.204424e+01,  1.448239e+02
  1.239003e+01,  1.465914e+02
  1.246384e+01,  1.484571e+02
  1.213480e+01,  1.504134e+02
  1.125067e+01,  1.522512e+02
  1.001190e+01,  1.537489e+02
  8.934361e+00,  1.534848e+02
  8.290802e+00,  1.507709e+02
  8.013175e+00,  1.467475e+02
  8.171792e+00,  1.426118e+02
  8.930664e+00,  1.397914e+02
  1.007387e+01,  1.390711e+02
  1.106860e+01,  1.401996e+02
  1.161099e+01,  1.436382e+02
  1.167767e+01,  1.492965e+02
  1.127304e+01,  1.568970e+02
  1.045511e+01,  1.666195e+02
  9.514635e+00,  1.800934e+02
  8.882148e+00,  1.986088e+02
  9.047476e+00,  2.198013e+02
  1.020418e+01,  2.388333e+02
  1.198300e+01,  2.525251e+02
  1.388694e+01,  2.605330e+02
  1.545206e+01,  2.657707e+02
  1.619694e+01,  2.689268e+02
  1.595353e+01,  2.704578e+02
  1.513919e+01,  2.703020e+02
  1.395820e+01,  2.685496e+02
  1.209703e+01,  2.654462e+02
  9.718210e+00,  2.594286e+02
  7.187304e+00,  2.499905e+02
  4.815524e+00,  2.321371e+02
  3.633643e+00,  1.949495e+02
  4.527758e+00,  1.628940e+02
  6.079457e+00,  1.504616e+02
  7.237608e+00,  1.431067e+02
  7.733089e+00,  1.358784e+02
  7.613262e+00,  1.275658e+02
  6.984372e+00,  1.172587e+02
  6.246198e+00,  1.034417e+02
  5.951532e+00,  8.701246e+01
  6.089947e+00,  7.349979e+01
  6.418667e+00,  6.437237e+01
  6.796005e+00,  6.033698e+01
  7.287783e+00,  6.066341e+01
  7.855471e+00,  6.325178e+01
  8.116915e+00,  6.659551e+01
  7.847051e+00,  7.104406e+01
  7.467995e+00,  7.696683e+01
  7.449135e+00,  8.341466e+01
  7.687703e+00,  8.871279e+01
  7.928673e+00,  9.252354e+01
  8.151205e+00,  9.547102e+01
  8.214127e+00,  9.459622e+01
  7.939608e+00,  8.715696e+01
  7.611506e+00,  7.550298e+01
  7.404070e+00,  6.484759e+01
  7.268313e+00,  5.535485e+01
  7.280707e+00,  4.436715e+01
  7.367837e+00,  3.371035e+01
  7.426197e+00,  2.701674e+01
  7.565855e+00,  2.509928e+01
  7.800657e+00,  2.540878e+01
  7.978359e+00,  2.561063e+01
  8.033357e+00,  2.565153e+01
  8.112030e+00,  2.516102e+01
  8.374617e+00,  2.324813e+01
  8.925882e+00,  2.022006e+01
  9.776755e+00,  1.678403e+01
  1.081350e+01,  1.305872e+01
  1.186624e+01,  9.086620e+00
  1.289027e+01,  5.322421e+00
  1.411973e+01,  3.131057e+00
  1.524124e+01,  2.806765e+00
  1.541673e+01,  3.625119e+00
  1.439271e+01,  4.558467e+00
  1.279997e+01,  5.837854e+00
  1.126773e+01,  7.889425e+00
  9.939324e+00,  1.142417e+01
  8.743456e+00,  1.879186e+01
  7.852637e+00,  3.056874e+01
  7.628030e+00,  4.416036e+01
  8.164201e+00,  5.604101e+01
  9.122607e+00,  6.508570e+01
  9.992899e+00,  7.140073e+01
  1.058961e+01,  7.520503e+01
  1.103867e+01,  7.630138e+01
  1.101788e+01,  7.522325e+01
  9.913102e+00,  7.206228e+01
  7.883718e+00,  6.730533e+01
  6.068006e+00,  6.130003e+01
  5.171461e+00,  5.641357e+01
  4.813674e+00,  5.565670e+01
  4.511767e+00,  5.903652e+01
  4.187872e+00,  6.831162e+01
  4.000156e+00,  8.351805e+01
  3.976098e+00,  9.958643e+01
  4.010789e+00,  1.121925e+02
  4.016944e+00,  1.226469e+02
  4.015257e+00,  1.374679e+02
  4.397252e+00,  1.590418e+02
  5.246788e+00,  1.759883e+02
  5.664480e+00,  1.832672e+02
  5.431237e+00,  1.843996e+02
  5.111132e+00,  1.835358e+02
  4.665470e+00,  1.818470e+02
  3.619246e+00,  1.749749e+02
  2.151948e+00,  1.503960e+02
  1.660590e+00,  7.858957e+01
  3.353325e+00,  3.989416e+01
  5.376616e+00,  3.099868e+01
  6.634010e+00,  2.771100e+01
  6.818606e+00,  2.587854e+01
  6.033520e+00,  2.570488e+01
  4.492488e+00,  2.669260e+01
  2.330693e+00,  3.016077e+01
  4.963899e-01,  1.289648e+02
  2.633706e+00,  1.933066e+02
  4.111293e+00,  1.995226e+02
  4.983321e+00,  2.034221e+02
  5.856374e+00,  2.062141e+02
  7.090620e+00,  2.066849e+02
  8.542241e+00,  2.061612e+02
  9.926172e+00,  2.060843e+02
  1.107661e+01,  2.063414e+02
  1.210680e+01,  2.048619e+02
  1.310807e+01,  2.000906e+02
  1.395619e+01,  1.946592e+02
  1.467825e+01,  1.895682e+02
  1.544408e+01,  1.845131e+02
  1.587628e+01,  1.783728e+02
  1.537692e+01,  1.711705e+02
  1.428176e+01,  1.647699e+02
  1.333047e+01,  1.616717e+02
  1.251391e+01,  1.615216e+02
  1.126619e+01,  1.609774e+02
  9.322818e+00,  1.593737e+02
  7.250924e+00,  1.573864e+02
  5.518552e+00,  1.585918e+02
  3.911416e+00,  1.627583e+02
  1.950768e+00,  1.663217e+02
  6.074318e-01,  3.373698e+02
  3.355912e+00,  3.552998e+02
  5.765778e+00,  7.576612e-02
  7.530630e+00,  5.640916e+00
  8.790021e+00,  1.421866e+01
  9.982219e+00,  2.454084e+01
  1.137288e+01,  3.473151e+01
  1.310614e+01,  4.319081e+01
  1.519382e+01,  5.100866e+01
  1.733625e+01,  5.867167e+01
  1.916285e+01,  6.590922e+01
  2.040495e+01,  7.155665e+01
  2.080914e+01,  7.538102e+01
  2.053930e+01,  7.802708e+01
  2.009886e+01,  7.938031e+01
  1.946376e+01,  7.861393e+01
  1.809028e+01,  7.539329e+01
  1.600366e+01,  6.906150e+01
  1.371855e+01,  6.013445e+01
  1.155561e+01,  4.962637e+01
  9.441636e+00,  3.774980e+01
  7.226633e+00,  2.323641e+01
  5.191111e+00,  5.700034e-01
  4.001872e+00,  3.221732e+02
  4.386000e+00,  2.777976e+02
  6.228443e+00,  2.477479e+02
  8.961009e+00,  2.306369e+02
  1.321914e+01,  2.202849e+02
  9.242278e+00,  2.143389e+02
  1.396830e-01,  2.573609e+02
  0.000000e+00,  0.000000e+00
  0.000000e+00,  0.000000e+00
  0.000000e+00,  0.000000e+00
  0.000000e+00,  0.000000e+00
  0.000000e+00,  0.000000e+00
  0.000000e+00,  0.000000e+00
  0.000000e+00,  0.000000e+00
  0.000000e+00,  0.000000e+00
  0.000000e+00,  0.000000e+00
  0.000000e+00,  0.000000e+00
  0.000000e+00,  0.000000e+00
  0.000000e+00,  0.000000e+00
  0.000000e+00,  0.000000e+00
  0.000000e+00,  0.000000e+00
  0.000000e+00,  0.000000e+00
  0.000000e+00,  0.000000e+00
  0.000000e+00,  0.000000e+00
  0.000000e+00,  0.000000e+00
  0.000000e+00,  0.000000e+00
  0.000000e+00,  0.000000e+00
  0.000000e+00,  0.000000e+00
  0.000000e+00,  0.000000e+00
  0.000000e+00,  0.000000e+00
  0.000000e+00,  0.000000e+00
  0.000000e+00,  0.000000e+00
  0.000000e+00,  0.000000e+00
  0.000000e+00,  0.000000e+00
  0.000000e+00,  0.000000e+00
  0.000000e+00,  0.000000e+00
  0.000000e+00,  0.000000e+00
  0.000000e+00,  0.000000e+00
  0.000000e+00,  0.000000e+00
  0.000000e+00,  0.000000e+00
  0.000000e+00,  0.000000e+00
  0.000000e+00,  0.000000e+00
  0.000000e+00,  0.000000e+00
  0.000000e+00,  0.000000e+00
  0.000000e+00,  0.000000e+00
  0.000000e+00,  0.000000e+00
  0.000000e+00,  0.000000e+00
  0.000000e+00,  0.000000e+00
  0.000000e+00,  0.000000e+00
  0.000000e+00,  0.000000e+00
  0.000000e+00,  0.000000e+00
  0.000000e+00,  0.000000e+00
  0.000000e+00,  0.000000e+00
  0.000000e+00,  0.000000e+00
  0.000000e+00,  0.000000e+00
  0.000000e+00,  0.000000e+00
  0.000000e+00,  0.000000e+00
  0.000000e+00,  0.000000e+00
  0.000000e+00,  0.000000e+00
  0.000000e+00,  0.000000e+00
  0.000000e+00,  0.000000e+00
  0.000000e+00,  0.000000e+00
  0.000000e+00,  0.000000e+00
  0.000000e+00,  0.000000e+00
  0.000000e+00,  0.000000e+00
  0.000000e+00,  0.000000e+00
  0.000000e+00,  0.000000e+00
  0.000000e+00,  0.000000e+00
  0.000000e+00,  0.000000e+00
  0.000000e+00,  0.000000e+00
  0.000000e+00,  0.000000e+00
  0.000000e+00,  0.000000e+00
  0.000000e+00,  0.000000e+00
  0.000000e+00,  0.000000e+00
  0.000000e+00,  0.000000e+00
  0.000000e+00,  0.000000e+00
  0.000000e+00,  0.000000e+00
  0.000000e+00,  0.000000e+00
  0.000000e+00,  0.000000e+00
  0.000000e+00,  0.000000e+00
  0.000000e+00,  0.000000e+00
  0.000000e+00,  0.000000e+00
  0.000000e+00,  0.000000e+00
  0.000000e+00,  0.000000e+00
  0.000000e+00,  0.000000e+00
  0.000000e+00,  0.000000e+00
  0.000000e+00,  0.000000e+00
  0.000000e+00,  0.000000e+00
  0.000000e+00,  0.000000e+00
  0.000000e+00,  0.000000e+00
  0.000000e+00,  0.000000e+00
  0.000000e+00,  0.000000e+00
  0.000000e+00,  0.000000e+00
  0.000000e+00,  0.000000e+00
  0.000000e+00,  0.000000e+00
  0.000000e+00,  0.000000e+00
  0.000000e+00,  0.000000e+00
  0.000000e+00,  0.000000e+00
  0.000000e+00,  0.000000e+00
  0.000000e+00,  0.000000e+00
  0.000000e+00,  0.000000e+00
  0.000000e+00,  0.000000e+00
  0.000000e+00,  0.000000e+00
  0.000000e+00,  0.000000e+00
  0.000000e+00,  0.000000e+00
  0.000000e+00,  0.000000e+00
  0.000000e+00,  0.000000e+00
  0.000000e+00,  0.000000e+00
  0.000000e+00,  0.000000e+00
  0.000000e+00,  0.000000e+00
  0.000000e+00,  0.000000e+00
  0.000000e+00,  0.000000e+00
  0.000000e+00,  0.000000e+00
  0.000000e+00,  0.000000e+00
  0.000000e+00,  0.000000e+00
  0.000000e+00,  0.000000e+00
  0.000000e+00,  0.000000e+00
  0.000000e+00,  0.000000e+00
  0.000000e+00,  0.000000e+00
  0.000000e+00,  0.000000e+00
  0.000000e+00,  0.000000e+00
  0.000000e+00,  0.000000e+00
  0.000000e+00,  0.000000e+00
  0.000000e+00,  0.000000e+00
  0.000000e+00,  0.000000e+00
  0.000000e+00,  0.000000e+00
  0.000000e+00,  0.000000e+00
  0.000000e+00,  0.000000e+00
  0.000000e+00,  0.000000e+00
  0.000000e+00,  0.000000e+00
  0.000000e+00,  0.000000e+00
  0.000000e+00,  0.000000e+00
  0.000000e+00,  0.000000e+00
  0.000000e+00,  0.000000e+00
  0.000000e+00,  0.000000e+00
  0.000000e+00,  0.000000e+00
  0.000000e+00,  0.000000e+00
  0.000000e+00,  0.000000e+00
  0.000000e+00,  0.000000e+00
  0.000000e+00,  0.000000e+00
  0.000000e+00,  0.000000e+00
  0.000000e+00,  0.000000e+00
  0.000000e+00,  0.000000e+00
  0.000000e+00,  0.000000e+00
  0.000000e+00,  0.000000e+00
  0.000000e+00,  0.000000e+00
  0.000000e+00,  0.000000e+00
  0.000000e+00,  0.000000e+00
  0.000000e+00,  0.000000e+00
  0.000000e+00,  0.000000e+00
  0.000000e+00,  0.000000e+00
  0.000000e+00,  0.000000e+00
  0.000000e+00,  0.000000e+00
  0.000000e+00,  0.000000e+00
  0.000000e+00,  0.000000e+00
  0.000000e+00,  0.000000e+00
  0.000000e+00,  0.000000e+00
  0.000000e+00,  0.000000e+00
  0.000000e+00,  0.000000e+00
  0.000000e+00,  0.000000e+00
  0.000000e+00,  0.000000e+00
  0.000000e+00,  0.000000e+00
  0.000000e+00,  0.000000e+00
  0.000000e+00,  0.000000e+00
  0.000000e+00,  0.000000e+00
  0.000000e+00,  0.000000e+00
  0.000000e+00,  0.000000e+00
  0.000000e+00,  0.000000e+00
  0.000000e+00,  0.000000e+00
  0.000000e+00,  0.000000e+00
  0.000000e+00,  0.000000e+00
  0.000000e+00,  0.000000e+00
  0.000000e+00,  0.000000e+00
  0.000000e+00,  0.000000e+00
  0.000000e+00,  0.000000e+00
  2.122900e+00,  3.157471e+02
  1.941839e+00,  2.565223e+02
  4.411210e+00,  2.109778e+02
  6.671605e+00,  1.958959e+02
  8.221130e+00,  1.872797e+02
  9.331721e+00,  1.784968e+02
  1.035324e+01,  1.686307e+02
  1.138630e+01,  1.590206e+02
  1.237385e+01,  1.491168e+02
  1.347963e+01,  1.380962e+02
  1.478361e+01,  1.284054e+02
  1.608621e+01,  1.206060e+02
  1.719721e+01,  1.147034e+02
  1.819544e+01,  1.100513e+02
  1.917912e+01,  1.063761e+02
  2.004696e+01,  1.037928e+02
  2.057529e+01,  1.018866e+02
  2.067873e+01,  1.005648e+02
  2.027051e+01,  9.991243e+01
  1.934280e+01,  9.985351e+01
  1.783262e+01,  1.003524e+02
  1.582891e+01,  1.023526e+02
  1.363775e+01,  1.081933e+02
  1.174350e+01,  1.193654e+02
  1.054420e+01,  1.339948e+02
  1.013199e+01,  1.504541e+02
  1.060974e+01,  1.659789e+02
  1.185997e+01,  1.778913e+02
  1.323406e+01,  1.852984e+02
  1.408469e+01,  1.899191e+02
  1.419116e+01,  1.928457e+02
  1.364498e+01,  1.949544e+02
  1.254302e+01,  1.972126e+02
  1.111308e+01,  1.988932e+02
  9.435033e+00,  2.013289e+02
  7.596742e+00,  2.038858e+02
  5.683498e+00,  2.063264e+02
  3.734162e+00,  2.074410e+02
  1.697646e+00,  2.093858e+02
  5.523290e-01,  3.338844e+02
  2.445285e+00,  1.317251e+01
  4.160310e+00,  1.592377e+01
  5.549713e+00,  1.545517e+01
  6.440269e+00,  1.430163e+01
  6.857396e+00,  1.437581e+01
  7.015989e+00,  1.647966e+01
  7.152528e+00,  1.989784e+01
  7.378283e+00,  2.419851e+01
  7.680095e+00,  2.867114e+01
  7.987637e+00,  3.170712e+01
  8.138418e+00,  3.298973e+01
  7.965422e+00,  3.239065e+01
  7.477733e+00,  2.922987e+01
  6.877914e+00,  2.255345e+01
  6.362548e+00,  1.182354e+01
  6.187545e+00,  3.567115e+02
  6.716368e+00,  3.393704e+02
  7.856301e+00,  3.252835e+02
  9.325156e+00,  3.147959e+02
  1.098173e+01,  3.074856e+02
  1.273789e+01,  3.023609e+02
  1.445108e+01,  2.982911e+02
  1.593751e+01,  2.950036e+02
  1.726097e+01,  2.924389e+02
  1.855975e+01,  2.902538e+02
  1.955423e+01,  2.876633e+02
  1.995249e+01,  2.843319e+02
  1.983052e+01,  2.805271e+02
  1.921787e+01,  2.772650e+02
  1.799449e+01,  2.749250e+02
  1.632843e+01,  2.734945e+02
  1.447964e+01,  2.744579e+02
  1.258791e+01,  2.798668e+02
  1.107074e+01,  2.894094e+02
  1.032109e+01,  3.030500e+02
  1.036114e+01,  3.180935e+02
  1.091919e+01,  3.321651e+02
  1.183833e+01,  3.443524e+02
  1.302814e+01,  3.539058e+02
  1.424814e+01,  1.066346e+00
  1.518145e+01,  6.268904e+00
  1.547014e+01,  1.079611e+01
  1.496792e+01,  1.470485e+01
  1.378263e+01,  1.827519e+01
  1.196787e+01,  2.190498e+01
  9.560195e+00,  2.509260e+01
  6.725051e+00,  2.992247e+01
  3.800158e+00,  3.981085e+01
  1.417830e+00,  8.790001e+01
  2.924545e+00,  1.744625e+02
  5.457237e+00,  1.892255e+02
  7.549838e+00,  1.938116e+02
  8.889706e+00,  1.969959e+02
  9.445497e+00,  1.993213e+02
  9.317901e+00,  2.013712e+02
  8.546893e+00,  2.038331e+02
  7.184067e+00,  2.076050e+02
  5.402182e+00,  2.146643e+02
  3.215734e+00,  2.381710e+02
  3.619317e+00,  3.208476e+02
##END=
