##TITLE= twqubit_C2Y5X90_H_25000_NoBuffer
##JCAMP-DX= 5.00 Bruker JCAMP library
##DATA TYPE= Shape Data
##ORIGIN= Colm's GRAPE Pulses 
##OWNER= Dawei.Lu
##DATE= 11-May-2015
##TIME= 12:58
##MINX= 8.528449e-01
##MAXX= 2.884611e+01
##MINY= 7.432016e-01
##MAXY= 3.582495e+02
##$SHAPE_EXMODE= None
##$SHAPE_TOTROT= 9.000000e+01
##$SHAPE_BWFAC= 1.000000e+00
##$SHAPE_INTEGFAC= 1.000000e+00
##$SHAPE_MODE= 1
##PULSE_WIDTH= 1000
##Calibration_Power= 25000
##NPOINTS= 100
##XYPOINTS= (XY..XY)
  8.528449e-01,  1.774152e+02
  5.775075e+00,  2.547827e+02
  1.113233e+01,  2.554008e+02
  9.110500e+00,  2.406094e+02
  6.293810e+00,  2.105645e+02
  6.207226e+00,  1.645210e+02
  8.896102e+00,  1.365111e+02
  1.243090e+01,  1.257990e+02
  1.632209e+01,  1.230925e+02
  2.034938e+01,  1.235946e+02
  2.355287e+01,  1.242079e+02
  2.468386e+01,  1.235639e+02
  2.332419e+01,  1.215184e+02
  2.007817e+01,  1.185744e+02
  1.595291e+01,  1.160359e+02
  1.179356e+01,  1.166696e+02
  8.198138e+00,  1.256384e+02
  6.059435e+00,  1.504499e+02
  6.576171e+00,  1.816927e+02
  8.836216e+00,  1.968959e+02
  1.105987e+01,  2.010136e+02
  1.262740e+01,  2.005417e+02
  1.430361e+01,  1.957531e+02
  1.692729e+01,  1.866439e+02
  1.960327e+01,  1.760475e+02
  2.098501e+01,  1.653451e+02
  2.142923e+01,  1.549171e+02
  2.143571e+01,  1.454732e+02
  2.069397e+01,  1.365854e+02
  1.974347e+01,  1.285452e+02
  1.932131e+01,  1.244020e+02
  1.890773e+01,  1.255832e+02
  1.806350e+01,  1.300135e+02
  1.750692e+01,  1.344823e+02
  1.787969e+01,  1.358623e+02
  1.866198e+01,  1.329898e+02
  1.894509e+01,  1.262531e+02
  1.835243e+01,  1.160467e+02
  1.701677e+01,  1.023138e+02
  1.554309e+01,  8.434460e+01
  1.495275e+01,  6.294610e+01
  1.566618e+01,  4.236810e+01
  1.711019e+01,  2.581093e+01
  1.864501e+01,  1.376790e+01
  1.980301e+01,  5.412087e+00
  1.999352e+01,  3.581228e+02
  1.877532e+01,  3.488504e+02
  1.662844e+01,  3.375482e+02
  1.435839e+01,  3.300232e+02
  1.229858e+01,  3.355025e+02
  1.198039e+01,  3.582495e+02
  1.536554e+01,  2.331221e+01
  2.075383e+01,  3.798220e+01
  2.488463e+01,  4.555313e+01
  2.594144e+01,  4.928198e+01
  2.427610e+01,  5.004026e+01
  2.150180e+01,  4.756195e+01
  1.920719e+01,  4.142797e+01
  1.788519e+01,  3.250889e+01
  1.654032e+01,  2.275468e+01
  1.399704e+01,  1.276377e+01
  1.047228e+01,  7.432016e-01
  7.366057e+00,  3.415194e+02
  6.288294e+00,  3.113725e+02
  7.835553e+00,  2.867122e+02
  1.087176e+01,  2.764303e+02
  1.408344e+01,  2.728730e+02
  1.633334e+01,  2.708072e+02
  1.682302e+01,  2.684477e+02
  1.528660e+01,  2.651516e+02
  1.245815e+01,  2.604229e+02
  1.041934e+01,  2.559133e+02
  1.065543e+01,  2.567379e+02
  1.201033e+01,  2.618558e+02
  1.264098e+01,  2.674016e+02
  1.277692e+01,  2.712158e+02
  1.302426e+01,  2.711629e+02
  1.275387e+01,  2.675734e+02
  1.217566e+01,  2.616879e+02
  1.274682e+01,  2.544276e+02
  1.449951e+01,  2.465918e+02
  1.574482e+01,  2.381471e+02
  1.548648e+01,  2.293324e+02
  1.410629e+01,  2.212225e+02
  1.226437e+01,  2.153879e+02
  1.036777e+01,  2.137580e+02
  8.757651e+00,  2.184125e+02
  7.904128e+00,  2.302638e+02
  8.301994e+00,  2.456317e+02
  9.949773e+00,  2.575890e+02
  1.232690e+01,  2.645461e+02
  1.512365e+01,  2.690478e+02
  1.842781e+01,  2.725140e+02
  2.211695e+01,  2.744538e+02
  2.552608e+01,  2.746328e+02
  2.790970e+01,  2.738903e+02
  2.884611e+01,  2.730116e+02
  2.709824e+01,  2.719481e+02
  1.505492e+01,  2.687299e+02
  2.953001e+00,  1.352154e+02
##END=
