basic	C2180	isech	-22525.1200	C2	0.500000	7.0000e-04	13	215.399
	zi	0.0000	-0.0000	-0.2464	0.0288	0.0000	0.0074	0.0000	-0.4673	-0.3019	
	zt	0.0000	-0.0000	-0.2464	0.0288	0.0000	0.0074	0.2340	-0.4673	-0.3019	
#pred.:	z	0.0000	0.0000	-0.4912	0.0554	0.0000	0.0125	-0.0000	0.0651	0.3963	
	zzi	0.0000	0.0000	0.0000	0.0000	0.0000	0.0000	0.0000	0.0000	
		0.0012	-0.0002	0.0000	0.0221	-0.0000	0.0011	-0.0002	
		0.0027	0.0000	0.0005	-0.0000	-0.0003	0.0011	
		0.0000	0.0010	-0.0000	0.0274	0.0006	
		0.0000	0.0000	0.0000	0.0000	
		-0.0000	0.0003	0.0012	
		-0.0000	-0.0000	
		0.0113	
	zzt	0.0000	0.0000	0.0000	0.0000	0.0000	0.0000	0.0000	0.0000	
		0.0012	-0.0002	0.0000	0.0221	-0.0000	0.0011	-0.0002	
		0.0027	0.0000	0.0005	-0.0000	-0.0003	0.0011	
		0.0000	0.0010	-0.0000	0.0274	0.0006	
		0.0000	0.0000	0.0000	0.0000	
		-0.0000	0.0003	0.0012	
		-0.0000	-0.0000	
		0.0113	
	errs	0.000	0.000	0.000	0.000	0.000	0.000	
		0.000	0.000	0.002	0.000	0.000	
		0.000	0.000	0.000	0.000	
		0.000	0.000	0.000	
		0.001	0.000	
		0.000	
		
end
