parallel	C390G	2	3.10000000e-04
	C390_H	5.00000000e-06	5.00000000e-06
	C390_C	5.00000000e-06	5.00000000e-06
	zi	0.0000	0.2369	0.2369	0.2363	0.0000	-0.0160	0.4806	0.0003	-0.0214	
	zt	0.0000	0.2369	0.2369	0.2363	0.0000	-0.0160	0.4806	-0.0322	-0.0214	
#pred.:	z	0.0000	0.4738	0.4739	0.4726	0.0000	-0.0319	-0.0386	-0.0300	-0.0427	
	zzi	0.0000	0.0000	0.0000	0.0000	0.0000	0.0000	0.0000	0.0000	
		0.0005	-0.0001	0.0000	0.0011	-0.0000	0.0001	-0.0000	
		0.0012	0.0000	0.0000	0.0005	-0.0000	0.0001	
		0.0000	0.0001	-0.0000	0.0009	0.0000	
		0.0000	0.0000	0.0000	0.0000	
		0.0016	0.0000	0.0002	
		0.0054	0.0001	
		0.0040	
	zzt	0.0000	0.0000	0.0000	0.0000	0.0000	0.0000	0.0000	0.0000	
		0.0005	-0.0001	0.0000	0.0011	-0.0000	0.0000	-0.0000	
		0.0012	0.0000	0.0000	0.0005	-0.0000	0.0001	
		0.0000	0.0001	-0.0000	0.0023	0.0000	
		0.0000	0.0000	0.0000	0.0000	
		0.0016	0.0001	0.0002	
		0.0070	0.0001	
		0.0054	
	errs	0.000	0.000	0.000	0.000	0.000	0.000	
		0.000	0.000	0.000	0.000	0.000	
		0.000	0.000	0.000	0.000	
		0.000	0.000	0.000	
		0.000	0.000	
		0.000	
		
end
