basic	C390	isech	-18586.7700	C3	0.250000	7.0000e-04	6	107.699
	zi	0.0000	0.0000	-0.2463	0.0289	0.0000	0.0027	0.1064	0.0001	-0.2693	
	zt	0.0000	0.0000	-0.2463	0.0289	0.0000	0.0027	0.1064	-0.0100	-0.2693	
#pred.:	z	0.0000	0.0000	-0.4912	0.0554	0.0000	0.0035	0.2130	-0.0109	0.4630	
	zzi	0.0000	0.0000	0.0000	0.0000	0.0000	0.0000	0.0000	0.0000	
		0.0012	-0.0002	0.0000	0.0221	-0.0012	0.0011	-0.0000	
		0.0027	0.0000	0.0005	0.0270	-0.0001	0.0010	
		0.0000	0.0010	-0.0001	0.0326	0.0005	
		0.0000	0.0000	0.0000	0.0000	
		0.0072	0.0001	0.0010	
		0.0137	0.0002	
		0.0145	
	zzt	0.0000	0.0000	0.0000	0.0000	0.0000	0.0000	0.0000	0.0000	
		0.0012	-0.0002	0.0000	0.0221	-0.0012	0.0011	-0.0000	
		0.0027	0.0000	0.0005	0.0270	-0.0001	0.0010	
		0.0000	0.0010	-0.0001	0.0326	0.0005	
		0.0000	0.0000	0.0000	0.0000	
		0.0072	0.0001	0.0010	
		0.0137	0.0002	
		0.0145	
	errs	0.000	0.000	0.000	0.000	0.000	0.000	
		0.000	0.000	0.000	0.000	0.000	
		0.000	0.000	0.000	0.000	
		0.000	0.000	0.000	
		0.000	0.000	
		0.000	
		
end
