basic	H1180c	H1180C2	-13002.5800	C1;C2;C3;C4	0.000000;0.000000;0.000000;0.000000	1.0000e-03	51	785.4
	zi	0.0000	0.0000	0.2214	-0.3897	0.0000	-0.0669	-0.4535	-0.4741	-0.4340	
	zt	0.0000	0.0000	0.2214	-0.3897	0.0000	-0.0669	-0.4535	-0.4741	-0.4340	
#pred.:	z	0.0000	0.0000	0.4404	0.2231	0.0000	-0.1329	0.0929	0.0524	0.1320	
	zzi	0.0000	0.0000	0.0000	0.0000	0.0000	0.0000	0.0000	0.0000	
		0.0017	-0.0003	0.0000	0.0048	-0.0002	0.0001	-0.0001	
		0.0039	0.0000	0.0001	0.0033	-0.0000	0.0005	
		0.0000	0.0002	-0.0000	0.0028	0.0003	
		0.0000	0.0000	0.0000	0.0000	
		0.0006	0.0001	0.0000	
		0.0010	0.0000	
		-0.0001	
	zzt	0.0000	0.0000	0.0000	0.0000	0.0000	0.0000	0.0000	0.0000	
		0.0017	-0.0003	0.0000	0.0048	-0.0002	0.0001	-0.0001	
		0.0039	0.0000	0.0001	0.0033	-0.0000	0.0005	
		0.0000	0.0002	-0.0000	0.0028	0.0003	
		0.0000	0.0000	0.0000	0.0000	
		0.0006	0.0001	0.0000	
		0.0010	0.0000	
		-0.0001	
	errs	0.000	0.000	0.001	0.000	0.000	0.000	
		0.000	0.000	0.000	0.000	0.000	
		0.000	0.000	0.001	0.000	
		0.000	0.000	0.000	
		0.001	0.000	
		0.000	
		
end
