parallel	H190	2	6.10000000e-04
	H190h	5.00000000e-06	5.00000000e-06
	H190c	5.00000000e-06	5.00000000e-06
	zi	0.0000	-0.0190	-0.0002	-0.0180	0.0000	0.0348	0.0342	-0.4659	0.0343	
	zt	0.0000	-0.0190	-0.0362	-0.0180	0.0000	0.0348	0.0342	-0.4659	0.0343	
#pred.:	z	0.0000	-0.0363	-0.0364	-0.0358	0.0000	0.0685	0.0684	0.0684	0.0685	
	zzi	0.0000	0.0000	0.0000	0.0000	0.0000	0.0000	0.0000	0.0000	
		0.0007	-0.0000	0.0000	0.0011	-0.0002	0.0001	-0.0000	
		0.0031	0.0000	-0.0002	-0.0018	0.0000	-0.0003	
		0.0000	0.0000	0.0000	0.0031	0.0001	
		0.0000	0.0000	0.0000	0.0000	
		0.0013	0.0001	0.0005	
		0.0030	0.0001	
		0.0037	
	zzt	0.0000	0.0000	0.0000	0.0000	0.0000	0.0000	0.0000	0.0000	
		-0.0000	-0.0000	0.0000	0.0011	-0.0002	0.0001	-0.0000	
		0.0026	0.0000	0.0002	0.0033	-0.0000	0.0002	
		0.0000	0.0000	0.0000	0.0031	0.0001	
		0.0000	0.0000	0.0000	0.0000	
		0.0013	0.0001	0.0005	
		0.0030	0.0001	
		0.0037	
	errs	0.000	0.000	0.000	0.000	0.000	0.000	
		0.000	0.000	0.001	0.000	0.000	
		0.000	0.000	0.000	0.000	
		0.000	0.000	0.000	
		0.001	0.000	
		0.000	
		
end
