basic	H2180h	H2180H1	-1699.2400	H2	0.500000	1.0000e-03	59	1570.8
	zi	0.0000	0.1418	0.1603	0.0000	0.0000	0.0000	-0.2634	-0.2940	-0.2348	
	zt	0.0000	0.1418	0.1603	0.2979	0.0000	0.0000	-0.2634	-0.2940	-0.2348	
#pred.:	z	0.0000	0.2836	0.3190	-0.0000	0.0000	0.0000	0.4752	0.4136	-0.4683	
	zzi	0.0000	0.0000	0.0000	0.0000	0.0000	0.0000	0.0000	0.0000	
		0.0002	0.0000	0.0000	-0.0030	0.0002	-0.0002	0.0000	
		-0.0002	0.0000	0.0002	0.0073	-0.0001	0.0003	
		0.0000	0.0003	-0.0000	0.0070	0.0002	
		0.0000	0.0000	0.0000	0.0000	
		0.0103	0.0002	0.0016	
		0.0174	0.0001	
		0.0180	
	zzt	0.0000	0.0000	0.0000	0.0000	0.0000	0.0000	0.0000	0.0000	
		0.0002	-0.0000	0.0000	-0.0030	0.0002	-0.0002	0.0000	
		0.0002	0.0000	0.0002	0.0073	-0.0001	0.0003	
		0.0000	-0.0003	0.0000	-0.0070	-0.0002	
		0.0000	0.0000	0.0000	0.0000	
		0.0103	0.0002	0.0016	
		0.0174	0.0001	
		0.0180	
	errs	0.000	0.000	0.000	0.000	0.000	0.000	
		0.000	0.000	0.012	0.000	0.000	
		0.000	0.000	0.012	0.000	
		0.000	0.000	0.000	
		0.000	0.000	
		0.000	
		
end
