basic	H2180_H	Z7_H2_180_H	-1698.5300	H2	0.500000	1.0000e-03	18	1570.8
	zi	0.0000	0.1423	-0.3407	0.0000	0.0000	0.0000	-0.2608	-0.2951	-0.2312	
	zt	0.0000	0.1423	-0.3407	0.3020	0.0000	0.0000	-0.2608	-0.2951	-0.2312	
#pred.:	z	0.0000	0.2837	0.3203	-0.0000	0.0000	0.0000	0.4802	0.4113	-0.4612	
	zzi	0.0000	0.0000	0.0000	0.0000	0.0000	0.0000	0.0000	0.0000	
		-0.0001	-0.0000	0.0000	0.0048	-0.0003	0.0002	0.0000	
		-0.0005	0.0000	0.0003	0.0116	-0.0001	0.0005	
		0.0000	0.0001	-0.0000	0.0015	0.0000	
		0.0000	0.0000	0.0000	0.0000	
		0.0103	0.0002	0.0016	
		0.0174	0.0001	
		0.0180	
	zzt	0.0000	0.0000	0.0000	0.0000	0.0000	0.0000	0.0000	0.0000	
		-0.0001	0.0000	0.0000	0.0048	-0.0003	0.0002	0.0000	
		0.0005	0.0000	0.0003	0.0116	-0.0001	0.0005	
		0.0000	-0.0001	0.0000	-0.0015	-0.0000	
		0.0000	0.0000	0.0000	0.0000	
		0.0103	0.0002	0.0016	
		0.0174	0.0001	
		0.0180	
	errs	0.000	0.000	0.001	0.000	0.000	0.000	
		0.000	0.000	0.011	0.000	0.000	
		0.000	0.000	0.013	0.000	
		0.000	0.000	0.000	
		0.000	0.000	
		0.000	
		
end
