basic	H290h	H290H2	-1699.2400	H2	0.250000	6.0000e-04	60	1570.8
	zi	0.0000	-0.0182	0.5000	0.0052	0.0000	0.0000	0.2429	0.4247	0.0600	
	zt	0.0000	-0.0182	0.5000	-0.0138	0.0000	0.0000	0.2429	0.4247	0.0600	
#pred.:	z	0.0000	-0.0363	-0.0005	-0.0079	0.0000	0.0000	0.4847	-0.1524	0.1186	
	zzi	0.0000	0.0000	0.0000	0.0000	0.0000	0.0000	0.0000	0.0000	
		0.0000	0.0001	0.0000	-0.0045	0.0002	-0.0002	0.0000	
		0.0027	0.0000	0.0000	0.0004	-0.0000	0.0000	
		0.0000	-0.0001	0.0000	-0.0026	-0.0001	
		0.0000	0.0000	0.0000	0.0000	
		0.0062	0.0000	0.0008	
		0.0104	0.0000	
		0.0108	
	zzt	0.0000	0.0000	0.0000	0.0000	0.0000	0.0000	0.0000	0.0000	
		0.0000	0.0001	0.0000	-0.0045	0.0002	-0.0002	0.0000	
		0.0031	0.0000	0.0000	0.0004	-0.0000	0.0000	
		0.0000	-0.0001	0.0000	-0.0016	-0.0000	
		0.0000	0.0000	0.0000	0.0000	
		0.0062	0.0000	0.0008	
		0.0104	0.0000	
		0.0108	
	errs	0.000	0.000	0.000	0.000	0.000	0.000	
		0.000	0.000	0.003	0.000	0.000	
		0.000	0.000	0.003	0.000	
		0.000	0.000	0.000	
		0.000	0.000	
		0.000	
		
end
