basic	H3180	isech	-2155.2547	H3	0.500000	5.0000e-03	52	30.119
	zi	-0.2995	0.2562	0.0000	-0.2645	-0.1410	-0.0642	-0.4628	-0.1173	
	zt	-0.2995	-0.2438	0.2215	0.2355	-0.1410	-0.0642	0.0372	0.3827	
#pred.:	z	0.4028	-0.4767	-0.0000	0.4725	-0.2789	-0.1262	0.0724	-0.2378	
	zzi	-0.0000	-0.0000	-0.0008	0.0105	-0.0000	0.0042	0.0031	
		-0.0000	0.0016	0.0011	0.0040	-0.0042	-0.0889	
		-0.0000	-0.0000	-0.0000	-0.0000	-0.0000	
		0.0015	-0.0046	-0.0881	-0.0066	
		0.0094	-0.0032	0.0046	
		0.0718	0.0022	
		0.0409	
	zzt	-0.0000	-0.0000	-0.0008	0.0105	-0.0000	0.0042	0.0031	
		-0.0000	0.0016	0.0011	0.0040	-0.0042	-0.0889	
		-0.0000	-0.0000	-0.0000	-0.0000	-0.0000	
		0.0015	-0.0046	-0.0881	-0.0066	
		0.0094	-0.0032	0.0046	
		0.0718	0.0022	
		0.0409	
	errs	0.012	0.000	0.000	0.000	0.000	0.000	0.000	
		0.013	0.012	0.012	0.012	0.012	0.036	
		0.000	0.000	0.000	0.000	0.082	
		0.000	0.000	0.000	0.000	
		0.000	0.000	0.000	
		0.000	0.000	
		0.000	
		
end
