basic	H390	isech	-2155.2547	H3	0.250000	5.0000e-03	53	15.0595
	zi	-0.2862	0.3134	0.0003	-0.2350	-0.1308	-0.0642	-0.4628	-0.1173	
	zt	-0.2862	-0.1866	0.2224	0.2650	-0.1308	-0.0642	0.0372	0.3827	
#pred.:	z	0.4293	-0.3707	0.2241	-0.4694	-0.2585	-0.1262	0.0724	-0.2378	
	zzi	-0.0000	-0.0001	-0.0008	0.0105	-0.0000	0.0043	0.0031	
		-0.0157	0.0017	0.0012	0.0044	-0.0046	-0.0730	
		0.0084	-0.0003	0.0126	-0.0018	0.2068	
		0.0015	-0.0047	-0.0843	-0.0067	
		0.0094	-0.0033	0.0046	
		0.0718	0.0022	
		0.0409	
	zzt	-0.0000	-0.0001	-0.0008	0.0105	-0.0000	0.0043	0.0031	
		-0.0157	0.0017	0.0012	0.0044	-0.0046	-0.0730	
		0.0084	-0.0003	0.0126	-0.0018	0.2068	
		0.0015	-0.0047	-0.0843	-0.0067	
		0.0094	-0.0033	0.0046	
		0.0718	0.0022	
		0.0409	
	errs	0.011	0.000	0.000	0.000	0.000	0.000	0.000	
		0.011	0.011	0.011	0.011	0.011	0.023	
		0.000	0.000	0.000	0.000	0.003	
		0.000	0.000	0.000	0.000	
		0.000	0.000	0.000	
		0.000	0.000	
		0.000	
		
end
