basic	H4180	isech	-2689.8583	H4	0.500000	6.0000e-03	54	25.0984
	zi	0.0352	0.1969	0.0666	0.0000	0.0317	-0.0773	-0.3574	0.2587	
	zt	0.0352	-0.3031	-0.4334	-0.1414	0.0317	-0.0773	-0.3574	0.2587	
#pred.:	z	0.0702	0.3788	0.1335	-0.0000	0.0618	-0.1514	0.2876	-0.4852	
	zzi	-0.0000	-0.0002	-0.0000	0.0126	-0.0000	0.0053	0.0039	
		-0.0175	-0.0000	0.0012	0.0047	-0.0049	-0.0639	
		-0.0000	-0.0004	0.0129	-0.0019	-0.0358	
		-0.0000	-0.0000	-0.0000	-0.0000	
		0.0113	-0.0039	0.0055	
		0.0863	0.0026	
		0.0490	
	zzt	-0.0000	-0.0002	-0.0000	0.0126	-0.0000	0.0053	0.0039	
		-0.0175	-0.0000	0.0012	0.0047	-0.0049	-0.0639	
		-0.0000	-0.0004	0.0129	-0.0019	-0.0358	
		-0.0000	-0.0000	-0.0000	-0.0000	
		0.0113	-0.0039	0.0055	
		0.0863	0.0026	
		0.0490	
	errs	0.037	0.000	0.000	0.000	0.000	0.000	0.000	
		0.037	0.037	0.037	0.037	0.037	0.092	
		0.000	0.000	0.000	0.000	0.000	
		0.000	0.000	0.099	0.000	
		0.000	0.000	0.000	
		0.000	0.000	
		0.000	
		
end
