basic	H5180	isech	-3650.4103	H5	0.500000	4.0000e-03	56	37.6507
	zi	0.4620	-0.4097	0.2059	0.1463	0.0000	-0.0515	-0.0699	-0.4959	
	zt	0.4620	0.0903	-0.2941	-0.3537	0.3962	-0.0515	0.4301	-0.4959	
#pred.:	z	-0.0762	0.1789	0.4135	0.2945	-0.0000	-0.1010	-0.1422	0.0105	
	zzi	-0.0000	-0.0002	-0.0006	-0.0000	-0.0000	0.0030	0.0022	
		-0.0124	0.0014	-0.0000	0.0035	-0.0036	-0.1050	
		0.0060	-0.0000	0.0087	-0.0012	-0.1051	
		-0.0000	-0.0035	-0.1182	-0.0052	
		-0.0000	-0.0000	-0.0000	
		0.0574	0.0017	
		0.0327	
	zzt	-0.0000	-0.0002	-0.0006	-0.0000	-0.0000	0.0030	0.0022	
		-0.0124	0.0014	-0.0000	0.0035	-0.0036	-0.1050	
		0.0060	-0.0000	0.0087	-0.0012	-0.1051	
		-0.0000	-0.0035	-0.1182	-0.0052	
		-0.0000	-0.0000	-0.0000	
		0.0574	0.0017	
		0.0327	
	errs	0.035	0.035	0.035	0.036	0.035	0.035	0.035	
		0.000	0.000	0.000	0.000	0.000	0.000	
		0.000	0.000	0.000	0.000	0.000	
		0.000	0.000	0.000	0.000	
		0.000	0.000	0.000	
		0.000	0.000	
		0.000	
		
end
