parallel	HhcC3180	2	7.06000000e-04
	Hhc180	2.93000000e-04	2.93000000e-04
	C3180	3.00000000e-06	3.00000000e-06
	zi	0.0000	0.0000	0.0000	0.0000	0.0000	0.0081	0.0106	0.0000	-0.3624	
	zt	0.0000	-0.3690	-0.3692	-0.3680	0.0000	0.0081	0.0106	-0.1216	-0.3624	
#pred.:	z	0.0000	-0.0000	-0.0000	-0.0000	0.0000	0.0153	0.0215	-0.0000	0.2764	
	zzi	0.0000	0.0000	0.0000	0.0000	0.0000	0.0000	0.0000	0.0000	
		0.0012	-0.0002	0.0000	0.0000	-0.0000	0.0007	-0.0000	
		0.0027	0.0000	-0.0000	-0.0001	-0.0001	-0.0000	
		0.0000	-0.0000	-0.0000	0.0220	-0.0000	
		0.0000	0.0000	0.0000	0.0000	
		0.0070	0.0000	0.0010	
		-0.0000	0.0002	
		-0.0000	
	zzt	0.0000	0.0000	0.0000	0.0000	0.0000	0.0000	0.0000	0.0000	
		0.0012	-0.0002	0.0000	-0.0000	0.0000	0.0007	0.0000	
		0.0027	0.0000	0.0000	0.0001	-0.0001	0.0000	
		0.0000	0.0000	-0.0000	0.0220	0.0000	
		0.0000	0.0000	0.0000	0.0000	
		0.0070	0.0000	0.0010	
		-0.0000	0.0002	
		-0.0000	
	errs	0.000	0.000	0.000	0.000	0.000	0.000	
		0.000	0.000	0.000	0.000	0.000	
		0.000	0.000	0.000	0.000	
		0.000	0.000	0.000	
		0.001	0.000	
		0.000	
		
end
