basic	M180H	M180_Herm	0.0000    	M	0.500000	1.8000e-03	20	94.96
	zi	0.0000	0.0000	-0.2549	0.4338	0.0000	0.0000	-0.2705	0.2670	0.1784	
	zt	0.0000	-0.0000	-0.2549	0.4338	0.0000	0.0000	-0.2705	0.2670	0.1784	
#pred.:	z	0.0000	0.0000	0.4903	-0.1323	0.0000	0.0000	0.4611	-0.4683	0.3556	
	zzi	0.0000	0.0000	0.0000	0.0000	0.0000	0.0000	0.0000	0.0000	
		0.0000	-0.0000	0.0000	0.0000	0.0000	0.0000	0.0000	
		0.0070	0.0000	0.0018	0.0688	-0.0008	0.0029	
		0.0000	0.0028	-0.0003	0.0704	0.0016	
		0.0000	0.0000	0.0000	0.0000	
		0.0186	0.0005	0.0030	
		0.0313	0.0003	
		0.0325	
	zzt	0.0000	0.0000	0.0000	0.0000	0.0000	0.0000	0.0000	0.0000	
		-0.0000	-0.0000	0.0000	-0.0000	0.0000	0.0000	0.0000	
		0.0070	0.0000	0.0018	0.0688	-0.0008	0.0029	
		0.0000	0.0028	-0.0003	0.0704	0.0016	
		0.0000	0.0000	0.0000	0.0000	
		0.0186	0.0005	0.0030	
		0.0313	0.0003	
		0.0325	
	errs	0.000	0.000	0.000	0.000	0.000	0.000	
		0.001	0.000	0.000	0.000	0.000	
		0.000	0.000	0.000	0.000	
		0.000	0.000	0.000	
		0.000	0.000	
		0.000	
		
end
