basic	RC_C145	isech	-5507.1000	RC	0.125000	1.2800e-04	46	296.37
	zi	-0.0655	0.0000	0.0000	0.0000	-0.0004	0.0000	0.0000	0.0000	0.0000	
	zt	-0.0655	0.0000	0.0000	0.0000	0.2955	0.0000	0.0000	0.0000	0.0000	
#pred.:	z	-0.1309	0.0000	0.0000	0.0000	0.2951	0.0000	0.0000	0.0000	0.0000	
	zzi	0.0000	0.0000	0.0000	0.0046	0.0000	0.0000	0.0000	0.0000	
		0.0000	0.0000	0.0000	0.0000	0.0000	0.0000	0.0000	
		0.0000	0.0000	0.0000	0.0000	0.0000	0.0000	
		0.0000	0.0000	0.0000	0.0000	0.0000	
		0.0000	0.0000	0.0000	0.0000	
		0.0000	0.0000	0.0000	
		0.0000	0.0000	
		0.0000	
	zzt	0.0000	0.0000	0.0000	0.0046	0.0000	0.0000	0.0000	0.0000	
		0.0000	0.0000	0.0000	0.0000	0.0000	0.0000	0.0000	
		0.0000	0.0000	0.0000	0.0000	0.0000	0.0000	
		0.0000	0.0000	0.0000	0.0000	0.0000	
		0.0000	0.0000	0.0000	0.0000	
		0.0000	0.0000	0.0000	
		0.0000	0.0000	
		0.0000	
	errs	
end
