basic	RCC218H	C180_Herm	-5504.9300	RC	0.500000	1.4000e-03	38	122.1
	zi	0.2834	0.0000	0.0000	0.0000	0.0000	0.0000	0.0000	0.0000	0.0000	
	zt	0.2834	0.0000	0.0000	0.0000	0.2931	0.0000	0.0000	0.0000	0.0000	
#pred.:	z	-0.4333	0.0000	0.0000	0.0000	-0.0000	0.0000	0.0000	0.0000	0.0000	
	zzi	0.0000	0.0000	0.0000	0.0000	0.0000	0.0000	0.0000	0.0000	
		0.0000	0.0000	0.0000	0.0000	0.0000	0.0000	0.0000	
		0.0000	0.0000	0.0000	0.0000	0.0000	0.0000	
		0.0000	0.0000	0.0000	0.0000	0.0000	
		0.0000	0.0000	0.0000	0.0000	
		0.0000	0.0000	0.0000	
		0.0000	0.0000	
		0.0000	
	zzt	0.0000	0.0000	0.0000	-0.0000	0.0000	0.0000	0.0000	0.0000	
		0.0000	0.0000	0.0000	0.0000	0.0000	0.0000	0.0000	
		0.0000	0.0000	0.0000	0.0000	0.0000	0.0000	
		0.0000	0.0000	0.0000	0.0000	0.0000	
		0.0000	0.0000	0.0000	0.0000	
		0.0000	0.0000	0.0000	
		0.0000	0.0000	
		0.0000	
	errs	
end
