basic	RH_M180	isech	-1023.7600	RH	0.500000	9.0000e-04	33	167.479
	zi	0.0000	0.0000	0.0000	0.0000	0.0228	0.0000	0.0000	0.0000	0.0000	
	zt	0.0786	0.0000	0.0000	0.0000	0.0228	0.0000	0.0000	0.0000	0.0000	
#pred.:	z	-0.0000	0.0000	0.0000	0.0000	0.0456	0.0000	0.0000	0.0000	0.0000	
	zzi	0.0000	0.0000	0.0000	-0.0000	0.0000	0.0000	0.0000	0.0000	
		0.0000	0.0000	0.0000	0.0000	0.0000	0.0000	0.0000	
		0.0000	0.0000	0.0000	0.0000	0.0000	0.0000	
		0.0000	0.0000	0.0000	0.0000	0.0000	
		0.0000	0.0000	0.0000	0.0000	
		0.0000	0.0000	0.0000	
		0.0000	0.0000	
		0.0000	
	zzt	0.0000	0.0000	0.0000	-0.0000	0.0000	0.0000	0.0000	0.0000	
		0.0000	0.0000	0.0000	0.0000	0.0000	0.0000	0.0000	
		0.0000	0.0000	0.0000	0.0000	0.0000	0.0000	
		0.0000	0.0000	0.0000	0.0000	0.0000	
		0.0000	0.0000	0.0000	0.0000	
		0.0000	0.0000	0.0000	
		0.0000	0.0000	
		0.0000	
	errs	
end
