basic	RHM180H	M180_Herm	-1023.0300	RH	0.500000	1.8000e-03	34	94.96
	zi	0.0000	0.0000	0.0000	0.0000	0.0436	0.0000	0.0000	0.0000	0.0000	
	zt	0.1585	0.0000	0.0000	0.0000	0.0436	0.0000	0.0000	0.0000	0.0000	
#pred.:	z	-0.0000	0.0000	0.0000	0.0000	0.0872	0.0000	0.0000	0.0000	0.0000	
	zzi	0.0000	0.0000	0.0000	0.0000	0.0000	0.0000	0.0000	0.0000	
		0.0000	0.0000	0.0000	0.0000	0.0000	0.0000	0.0000	
		0.0000	0.0000	0.0000	0.0000	0.0000	0.0000	
		0.0000	0.0000	0.0000	0.0000	0.0000	
		0.0000	0.0000	0.0000	0.0000	
		0.0000	0.0000	0.0000	
		0.0000	0.0000	
		0.0000	
	zzt	0.0000	0.0000	0.0000	-0.0000	0.0000	0.0000	0.0000	0.0000	
		0.0000	0.0000	0.0000	0.0000	0.0000	0.0000	0.0000	
		0.0000	0.0000	0.0000	0.0000	0.0000	0.0000	
		0.0000	0.0000	0.0000	0.0000	0.0000	
		0.0000	0.0000	0.0000	0.0000	
		0.0000	0.0000	0.0000	
		0.0000	0.0000	
		0.0000	
	errs	
end
