basic	C290_H	Z7_C2_90H_2fix7	-1698.5300	M;H1;H2	0.000000;0.000000;0.000000	3.0000e-04	41	1570.8
	zi	0.0000	0.2412	0.2532	0.2495	0.0000	0.0000	-0.3789	0.2126	0.0313	
	zt	0.0000	0.2412	0.2532	0.2495	0.0000	0.0000	-0.3789	0.2126	0.0313	
#pred.:	z	0.0000	0.4825	-0.4937	0.4990	0.0000	0.0000	0.2444	0.4229	0.0613	
	zzi	0.0000	0.0000	0.0000	0.0000	0.0000	0.0000	0.0000	0.0000	
		0.0004	-0.0001	0.0000	-0.0001	0.0000	-0.0000	0.0000	
		0.0012	0.0000	-0.0000	-0.0004	0.0000	-0.0000	
		0.0000	-0.0000	0.0000	-0.0004	-0.0000	
		0.0000	0.0000	0.0000	0.0000	
		0.0030	0.0000	0.0003	
		0.0052	0.0000	
		0.0054	
	zzt	0.0000	0.0000	0.0000	0.0000	0.0000	0.0000	0.0000	0.0000	
		0.0004	-0.0001	0.0000	-0.0001	0.0000	-0.0000	0.0000	
		0.0012	0.0000	-0.0000	-0.0004	0.0000	-0.0000	
		0.0000	-0.0000	0.0000	-0.0004	-0.0000	
		0.0000	0.0000	0.0000	0.0000	
		0.0030	0.0000	0.0003	
		0.0052	0.0000	
		0.0054	
	errs	0.013	0.012	0.006	0.006	0.006	0.006	
		0.013	0.007	0.007	0.007	0.007	
		0.006	0.006	0.006	0.006	
		0.000	0.000	0.000	
		0.000	0.000	
		0.000	
		
end
