basic	C290_C	Z7_C2_90C_2fix7	-13003.3700	C2	0.250000	3.0000e-04	42	923.99
	zi	0.0000	-0.0000	0.4673	-0.4171	0.0000	-0.0199	0.0255	0.0688	0.1220	
	zt	0.0000	-0.0000	0.4673	-0.4171	0.0000	-0.0199	0.1503	0.0688	0.1220	
#pred.:	z	0.0000	0.0000	-0.0679	0.1673	0.0000	-0.0396	0.1759	0.1377	0.2439	
	zzi	0.0000	0.0000	0.0000	0.0000	0.0000	0.0000	0.0000	0.0000	
		0.0003	0.0000	0.0000	0.0031	-0.0002	0.0002	-0.0000	
		0.0012	0.0000	0.0001	0.0049	-0.0001	0.0002	
		0.0000	0.0002	-0.0000	0.0049	0.0001	
		0.0000	0.0000	0.0000	0.0000	
		0.0000	0.0000	0.0001	
		0.0001	0.0000	
		0.0025	
	zzt	0.0000	0.0000	0.0000	0.0000	0.0000	0.0000	0.0000	0.0000	
		0.0003	0.0000	0.0000	0.0031	-0.0007	0.0002	-0.0000	
		0.0012	0.0000	0.0001	0.0162	-0.0001	0.0002	
		0.0000	0.0002	-0.0001	0.0049	0.0001	
		0.0000	0.0000	0.0000	0.0000	
		0.0012	0.0000	0.0001	
		0.0042	0.0001	
		0.0025	
	errs	0.000	0.000	0.002	0.000	0.001	0.002	
		0.000	0.002	0.000	0.001	0.002	
		0.002	0.000	0.002	0.002	
		0.002	0.003	0.005	
		0.001	0.002	
		0.003	
		
end
