basic	C3180	isech	-18586.7700	C3	0.500000	7.0000e-04	14	215.399
	zi	0.0000	0.0000	-0.2462	0.0289	0.0000	0.0084	0.0782	0.0000	-0.2832	
	zt	0.0000	0.0000	-0.2462	0.0289	0.0000	0.0084	0.0782	-0.0096	-0.2832	
#pred.:	z	0.0000	0.0000	-0.4912	0.0554	0.0000	0.0153	0.1566	-0.0000	0.4353	
	zzi	0.0000	0.0000	0.0000	0.0000	0.0000	0.0000	0.0000	0.0000	
		0.0012	-0.0002	0.0000	0.0221	-0.0012	-0.0000	-0.0000	
		0.0027	0.0000	0.0005	0.0264	-0.0000	0.0010	
		0.0000	0.0010	-0.0001	-0.0000	0.0005	
		0.0000	0.0000	0.0000	0.0000	
		0.0070	-0.0000	0.0010	
		-0.0000	0.0002	
		-0.0000	
	zzt	0.0000	0.0000	0.0000	0.0000	0.0000	0.0000	0.0000	0.0000	
		0.0012	-0.0002	0.0000	0.0221	-0.0012	-0.0000	-0.0000	
		0.0027	0.0000	0.0005	0.0264	-0.0000	0.0010	
		0.0000	0.0010	-0.0001	-0.0000	0.0005	
		0.0000	0.0000	0.0000	0.0000	
		0.0070	-0.0000	0.0010	
		-0.0000	0.0002	
		-0.0000	
	errs	0.000	0.000	0.000	0.000	0.000	0.000	
		0.000	0.000	0.000	0.000	0.000	
		0.000	0.000	0.002	0.000	
		0.000	0.000	0.000	
		0.001	0.000	
		0.000	
		
end
