basic	C3180H	C180_Herm	-18589.0600	C3	0.500000	1.4000e-03	22	122.1
	zi	0.0000	0.0000	-0.4916	0.0570	0.0000	0.0133	0.1752	0.0000	0.4475	
	zt	0.0000	0.0000	-0.4916	0.0570	0.0000	0.0133	0.1752	-0.0255	0.4475	
#pred.:	z	0.0000	0.0000	0.0190	0.1122	0.0000	0.0249	0.3509	-0.0000	-0.1060	
	zzi	0.0000	0.0000	0.0000	0.0000	0.0000	0.0000	0.0000	0.0000	
		0.0022	-0.0004	0.0000	0.0443	-0.0024	0.0000	-0.0001	
		0.0054	0.0000	0.0012	0.0532	-0.0000	0.0021	
		0.0000	0.0021	-0.0002	0.0000	0.0011	
		0.0000	0.0000	0.0000	0.0000	
		0.0141	-0.0000	0.0023	
		0.0000	0.0004	
		0.0000	
	zzt	0.0000	0.0000	0.0000	0.0000	0.0000	0.0000	0.0000	0.0000	
		0.0022	-0.0004	0.0000	0.0443	-0.0024	0.0000	-0.0001	
		0.0054	0.0000	0.0012	0.0532	-0.0000	0.0021	
		0.0000	0.0021	-0.0002	-0.0000	0.0011	
		0.0000	0.0000	0.0000	0.0000	
		0.0141	-0.0000	0.0023	
		-0.0000	0.0004	
		-0.0000	
	errs	0.000	0.000	0.000	0.000	0.000	0.000	
		0.000	0.000	0.000	0.000	0.000	
		0.000	0.000	0.000	0.000	
		0.000	0.000	0.000	
		0.000	0.000	
		0.000	
		
end
