parallel	H1180	2	1.01000000e-03
	H1180h	5.00000000e-06	5.00000000e-06
	H1180c	5.00000000e-06	5.00000000e-06
	zi	0.0000	0.1422	0.0000	0.1415	0.0000	-0.0665	0.4337	0.4333	0.4336	
	zt	0.0000	0.1422	0.2848	0.1415	0.0000	-0.0665	0.4337	0.4333	0.4336	
#pred.:	z	0.0000	0.2826	-0.0000	0.2831	0.0000	-0.1329	-0.1323	-0.1335	-0.1327	
	zzi	0.0000	0.0000	0.0000	0.0000	0.0000	0.0000	0.0000	0.0000	
		-0.0001	0.0000	0.0000	-0.0004	-0.0002	0.0000	-0.0000	
		0.0002	0.0000	0.0001	0.0005	-0.0000	0.0000	
		0.0000	0.0001	-0.0000	-0.0004	0.0000	
		0.0000	0.0000	0.0000	0.0000	
		0.0007	0.0001	0.0001	
		0.0012	0.0000	
		0.0001	
	zzt	0.0000	0.0000	0.0000	0.0000	0.0000	0.0000	0.0000	0.0000	
		0.0001	0.0000	0.0000	-0.0004	-0.0002	0.0000	-0.0000	
		-0.0002	0.0000	-0.0001	-0.0005	0.0000	-0.0000	
		0.0000	0.0001	-0.0000	-0.0004	0.0000	
		0.0000	0.0000	0.0000	0.0000	
		0.0007	0.0001	0.0001	
		0.0012	0.0000	
		0.0001	
	errs	0.000	0.000	0.000	0.000	0.000	0.000	
		0.001	0.000	0.001	0.000	0.000	
		0.000	0.000	0.000	0.000	
		0.000	0.000	0.000	
		0.001	0.000	
		0.000	
		
end
