basic	H290c	H290C2	-13002.5800	C1;C2;C3;C4	0.000000;0.000000;0.000000;0.000000	6.0000e-04	49	785.4
	zi	0.0000	-0.0000	-0.0687	0.1674	0.0000	0.0329	0.1454	-0.3730	0.1669	
	zt	0.0000	-0.0000	-0.0687	0.1674	0.0000	0.0329	0.1454	-0.3730	0.1669	
#pred.:	z	0.0000	0.0000	-0.1351	0.3333	0.0000	0.0660	0.2911	0.2541	0.3338	
	zzi	0.0000	0.0000	0.0000	0.0000	0.0000	0.0000	0.0000	0.0000	
		0.0009	-0.0001	0.0000	0.0134	-0.0007	0.0000	0.0000	
		0.0023	0.0000	0.0004	0.0142	-0.0000	-0.0002	
		0.0000	0.0007	-0.0001	0.0003	-0.0001	
		0.0000	0.0000	0.0000	0.0000	
		0.0025	0.0000	0.0000	
		0.0015	-0.0000	
		0.0034	
	zzt	0.0000	0.0000	0.0000	0.0000	0.0000	0.0000	0.0000	0.0000	
		0.0009	-0.0001	0.0000	0.0134	-0.0007	0.0000	0.0000	
		0.0023	0.0000	0.0004	0.0142	-0.0000	-0.0002	
		0.0000	0.0007	-0.0001	0.0003	-0.0001	
		0.0000	0.0000	0.0000	0.0000	
		0.0025	0.0000	0.0000	
		0.0015	-0.0000	
		0.0034	
	errs	0.000	0.000	0.001	0.000	0.000	0.000	
		0.000	0.000	0.000	0.000	0.000	
		0.000	0.000	0.000	0.000	
		0.000	0.000	0.000	
		0.000	0.000	
		0.000	
		
end
