parallel	HhcC2180	2	7.06000000e-04
	Hhc180	2.93000000e-04	2.93000000e-04
	C2180	3.00000000e-06	3.00000000e-06
	zi	0.0000	0.0000	0.0000	0.0000	0.0000	0.0070	0.0000	0.4770	-0.3813	
	zt	0.0000	-0.3692	-0.3697	-0.3680	0.0000	0.0070	0.0983	0.4770	-0.3813	
#pred.:	z	0.0000	-0.0000	-0.0000	-0.0000	0.0000	0.0125	-0.0000	-0.0464	0.2375	
	zzi	0.0000	0.0000	0.0000	0.0000	0.0000	0.0000	0.0000	0.0000	
		0.0012	-0.0002	0.0000	0.0000	-0.0008	0.0000	-0.0000	
		0.0027	0.0000	-0.0000	0.0212	-0.0000	-0.0000	
		0.0000	-0.0000	-0.0000	-0.0000	-0.0000	
		0.0000	0.0000	0.0000	0.0000	
		-0.0000	0.0003	0.0012	
		-0.0000	-0.0000	
		0.0114	
	zzt	0.0000	0.0000	0.0000	0.0000	0.0000	0.0000	0.0000	0.0000	
		0.0012	-0.0002	0.0000	-0.0000	-0.0008	-0.0000	-0.0000	
		0.0027	0.0000	0.0000	0.0212	-0.0000	0.0000	
		0.0000	0.0000	-0.0000	0.0000	-0.0000	
		0.0000	0.0000	0.0000	0.0000	
		-0.0000	0.0003	0.0012	
		-0.0000	-0.0000	
		0.0114	
	errs	0.000	0.000	0.000	0.000	0.000	0.000	
		0.000	0.000	0.000	0.000	0.000	
		0.000	0.000	0.000	0.000	
		0.000	0.000	0.000	
		0.001	0.000	
		0.000	
		
end
