basic	M180	isech	0.0000    	M	0.500000	9.0000e-04	11	167.479
	zi	0.0000	0.0000	0.3666	-0.2919	0.0000	0.0000	-0.1374	-0.3645	0.0895	
	zt	0.0000	-0.0000	0.3666	-0.2919	0.0000	0.0000	-0.1374	-0.3645	0.0895	
#pred.:	z	0.0000	0.0000	-0.2683	0.4163	0.0000	0.0000	-0.2722	0.2722	0.1781	
	zzi	0.0000	0.0000	0.0000	0.0000	0.0000	0.0000	0.0000	0.0000	
		-0.0000	-0.0000	0.0000	-0.0000	-0.0000	-0.0000	0.0000	
		0.0035	0.0000	0.0007	0.0342	-0.0002	0.0012	
		0.0000	0.0014	-0.0001	0.0349	0.0008	
		0.0000	0.0000	0.0000	0.0000	
		0.0092	0.0002	0.0014	
		0.0157	0.0001	
		0.0162	
	zzt	0.0000	0.0000	0.0000	0.0000	0.0000	0.0000	0.0000	0.0000	
		-0.0000	-0.0000	0.0000	-0.0000	-0.0000	-0.0000	0.0000	
		0.0035	0.0000	0.0007	0.0342	-0.0002	0.0012	
		0.0000	0.0014	-0.0001	0.0349	0.0008	
		0.0000	0.0000	0.0000	0.0000	
		0.0092	0.0002	0.0014	
		0.0157	0.0001	
		0.0162	
	errs	0.000	0.000	0.002	0.000	0.000	0.000	
		0.000	0.000	0.000	0.000	0.000	
		0.000	0.000	0.000	0.000	
		0.000	0.000	0.000	
		0.000	0.000	
		0.000	
		
end
