basic	RC_C1180	isech	-5512.5400	RC	0.500000	1.7000e-04	31	890.883
	zi	0.4135	0.0000	0.0000	0.0000	-0.0314	0.0000	0.0000	0.0000	0.0000	
	zt	0.4135	0.0000	0.0000	0.0000	0.0314	0.0000	0.0000	0.0000	0.0000	
#pred.:	z	-0.1730	0.0000	0.0000	0.0000	-0.0000	0.0000	0.0000	0.0000	0.0000	
	zzi	0.0000	0.0000	0.0000	-0.0000	0.0000	0.0000	0.0000	0.0000	
		0.0000	0.0000	0.0000	0.0000	0.0000	0.0000	0.0000	
		0.0000	0.0000	0.0000	0.0000	0.0000	0.0000	
		0.0000	0.0000	0.0000	0.0000	0.0000	
		0.0000	0.0000	0.0000	0.0000	
		0.0000	0.0000	0.0000	
		0.0000	0.0000	
		0.0000	
	zzt	0.0000	0.0000	0.0000	-0.0000	0.0000	0.0000	0.0000	0.0000	
		0.0000	0.0000	0.0000	0.0000	0.0000	0.0000	0.0000	
		0.0000	0.0000	0.0000	0.0000	0.0000	0.0000	
		0.0000	0.0000	0.0000	0.0000	0.0000	
		0.0000	0.0000	0.0000	0.0000	
		0.0000	0.0000	0.0000	
		0.0000	0.0000	
		0.0000	
	errs	
end
