basic	RC_C190	isech	-5504.9300	RC	0.250000	1.2800e-04	1	592.741
	zi	-0.0655	0.0000	0.0000	0.0000	-0.0000	0.0000	0.0000	0.0000	0.0000	
	zt	-0.0655	0.0000	0.0000	0.0000	0.2957	0.0000	0.0000	0.0000	0.0000	
#pred.:	z	-0.1310	0.0000	0.0000	0.0000	0.2957	0.0000	0.0000	0.0000	0.0000	
	zzi	0.0000	0.0000	0.0000	0.0052	0.0000	0.0000	0.0000	0.0000	
		0.0000	0.0000	0.0000	0.0000	0.0000	0.0000	0.0000	
		0.0000	0.0000	0.0000	0.0000	0.0000	0.0000	
		0.0000	0.0000	0.0000	0.0000	0.0000	
		0.0000	0.0000	0.0000	0.0000	
		0.0000	0.0000	0.0000	
		0.0000	0.0000	
		0.0000	
	zzt	0.0000	0.0000	0.0000	0.0052	0.0000	0.0000	0.0000	0.0000	
		0.0000	0.0000	0.0000	0.0000	0.0000	0.0000	0.0000	
		0.0000	0.0000	0.0000	0.0000	0.0000	0.0000	
		0.0000	0.0000	0.0000	0.0000	0.0000	
		0.0000	0.0000	0.0000	0.0000	
		0.0000	0.0000	0.0000	
		0.0000	0.0000	
		0.0000	
	errs	
end
