basic	RCC3180g	isech	-5504.9300	RC	0.500000	1.2000e-03	67	125.575
	zi	-0.1143	0.0000	0.0000	0.0000	0.0000	0.0000	0.0000	0.0000	0.0000	
	zt	-0.1143	0.0000	0.0000	0.0000	0.3941	0.0000	0.0000	0.0000	0.0000	
#pred.:	z	-0.2285	0.0000	0.0000	0.0000	-0.0000	0.0000	0.0000	0.0000	0.0000	
	zzi	0.0000	0.0000	0.0000	-0.0000	0.0000	0.0000	0.0000	0.0000	
		0.0000	0.0000	0.0000	0.0000	0.0000	0.0000	0.0000	
		0.0000	0.0000	0.0000	0.0000	0.0000	0.0000	
		0.0000	0.0000	0.0000	0.0000	0.0000	
		0.0000	0.0000	0.0000	0.0000	
		0.0000	0.0000	0.0000	
		0.0000	0.0000	
		0.0000	
	zzt	0.0000	0.0000	0.0000	-0.0000	0.0000	0.0000	0.0000	0.0000	
		0.0000	0.0000	0.0000	0.0000	0.0000	0.0000	0.0000	
		0.0000	0.0000	0.0000	0.0000	0.0000	0.0000	
		0.0000	0.0000	0.0000	0.0000	0.0000	
		0.0000	0.0000	0.0000	0.0000	
		0.0000	0.0000	0.0000	
		0.0000	0.0000	
		0.0000	
	errs	
end
