basic	Trot_H	Z7_TrotH_2fix7	-1691.5300	M	0.152000	5.0000e-04	23	1570.8
	zi	0.0000	-0.0128	0.0865	0.0839	0.0000	0.0000	0.3748	0.3522	0.3960	
	zt	0.0000	0.1491	0.0865	0.0839	0.0000	0.0000	0.3748	0.3522	0.3960	
#pred.:	z	0.0000	0.1363	0.1730	0.1677	0.0000	0.0000	-0.2521	-0.2973	-0.2091	
	zzi	0.0000	0.0000	0.0000	0.0000	0.0000	0.0000	0.0000	0.0000	
		0.0003	-0.0001	0.0000	0.0014	-0.0001	0.0001	-0.0000	
		0.0019	0.0000	-0.0000	-0.0004	0.0000	-0.0000	
		0.0000	-0.0000	0.0000	-0.0002	-0.0000	
		0.0000	0.0000	0.0000	0.0000	
		0.0050	0.0000	0.0007	
		0.0087	0.0000	
		0.0090	
	zzt	0.0000	0.0000	0.0000	0.0000	0.0000	0.0000	0.0000	0.0000	
		0.0011	-0.0003	0.0000	-0.0024	0.0001	-0.0001	0.0000	
		0.0019	0.0000	-0.0000	-0.0004	0.0000	-0.0000	
		0.0000	-0.0000	0.0000	-0.0002	-0.0000	
		0.0000	0.0000	0.0000	0.0000	
		0.0050	0.0000	0.0007	
		0.0087	0.0000	
		0.0090	
	errs	0.002	0.002	0.001	0.001	0.001	0.001	
		0.002	0.001	0.001	0.001	0.001	
		0.001	0.001	0.001	0.001	
		0.000	0.000	0.000	
		0.000	0.000	
		0.000	
		
end
