basic	Trot_C	Z7_TrotC_2fix7	-13008.0700	C1;C2;C3;C4	0.152000;0.152000;0.152000;0.152000	5.0000e-04	24	923.99
	zi	0.0000	-0.0000	0.1117	0.3066	0.0000	-0.0902	0.0615	0.0245	0.0811	
	zt	0.0000	-0.0000	0.1117	0.3066	0.0000	0.4624	-0.4661	-0.4757	-0.4586	
#pred.:	z	0.0000	0.0000	0.2214	-0.3891	0.0000	0.3720	-0.4043	-0.4510	-0.3775	
	zzi	0.0000	0.0000	0.0000	0.0000	0.0000	0.0000	0.0000	0.0000	
		0.0007	-0.0001	0.0000	-0.0049	-0.0001	0.0011	0.0001	
		0.0019	0.0000	-0.0002	0.0023	-0.0003	-0.0006	
		0.0000	-0.0002	-0.0000	0.0272	-0.0004	
		0.0000	0.0000	0.0000	0.0000	
		0.0004	-0.0001	0.0006	
		0.0011	-0.0000	
		-0.0029	
	zzt	0.0000	0.0000	0.0000	0.0000	0.0000	0.0000	0.0000	0.0000	
		0.0007	-0.0001	0.0000	-0.0038	-0.0009	-0.0007	-0.0001	
		0.0019	0.0000	-0.0001	0.0207	0.0002	0.0005	
		0.0000	-0.0002	-0.0001	-0.0164	0.0003	
		0.0000	0.0000	0.0000	0.0000	
		-0.0008	0.0001	0.0001	
		0.0015	-0.0000	
		0.0043	
	errs	0.000	0.000	0.000	0.000	0.000	0.000	
		0.000	0.000	0.000	0.000	0.000	
		0.000	0.000	0.001	0.000	
		0.000	0.001	0.000	
		0.001	0.000	
		0.001	
		
end
