parallel	Trot	2	5.10000000e-04
	Trot_H	5.00000000e-06	5.00000000e-06
	Trot_C	5.00000000e-06	5.00000000e-06
	zi	0.0000	-0.0044	0.0687	0.0700	0.0000	-0.0252	0.0141	-0.0020	0.0141	
	zt	0.0000	0.1406	0.0687	0.0700	0.0000	0.3972	0.3564	0.3651	0.3442	
#pred.:	z	0.0000	0.1363	0.1374	0.1400	0.0000	0.3720	0.3707	0.3631	0.3583	
	zzi	0.0000	0.0000	0.0000	0.0000	0.0000	0.0000	0.0000	0.0000	
		0.0003	-0.0001	0.0000	0.0010	0.0000	0.0001	-0.0000	
		0.0020	0.0000	0.0001	0.0058	0.0000	0.0002	
		0.0000	0.0001	-0.0000	-0.0012	0.0001	
		0.0000	0.0000	0.0000	0.0000	
		0.0005	-0.0000	0.0006	
		0.0014	-0.0000	
		-0.0026	
	zzt	0.0000	0.0000	0.0000	0.0000	0.0000	0.0000	0.0000	0.0000	
		0.0012	-0.0003	0.0000	-0.0019	0.0001	-0.0001	-0.0000	
		0.0020	0.0000	-0.0000	-0.0047	-0.0000	0.0002	
		0.0000	-0.0000	0.0000	0.0023	0.0001	
		0.0000	0.0000	0.0000	0.0000	
		-0.0007	0.0001	0.0002	
		0.0018	-0.0000	
		0.0046	
	errs	0.002	0.002	0.001	0.001	0.002	0.001	
		0.002	0.001	0.001	0.001	0.001	
		0.001	0.001	0.001	0.001	
		0.000	0.001	0.000	
		0.001	0.000	
		0.001	
		
end
