##TITLE= twqubit_C590_H_25000.txt
##JCAMP-DX= 5.00 Bruker JCAMP library
##DATA TYPE= Shape Data
##ORIGIN= Colm's GRAPE Pulses 
##OWNER= caryan
##DATE= 15-Dec-2014
##TIME= 16:28
##MINX= 1.142237e+00
##MAXX= 3.071231e+01
##MINY= 8.952987e+00
##MAXY= 3.599108e+02
##$SHAPE_EXMODE= None
##$SHAPE_TOTROT= 9.000000e+01
##$SHAPE_BWFAC= 1.000000e+00
##$SHAPE_INTEGFAC= 1.000000e+00
##$SHAPE_MODE= 1
##NPOINTS= 100
##XYPOINTS= (XY..XY)
  1.142237e+00,  6.031888e+01
  5.546312e+00,  3.572938e+02
  1.543377e+01,  3.554596e+02
  2.299830e+01,  3.566186e+02
  2.450733e+01,  3.550526e+02
  2.185885e+01,  3.540711e+02
  1.845134e+01,  3.554356e+02
  1.477380e+01,  3.599108e+02
  1.098084e+01,  8.952987e+00
  7.655203e+00,  2.812251e+01
  6.212912e+00,  6.499355e+01
  7.788433e+00,  1.023628e+02
  1.119738e+01,  1.233086e+02
  1.494962e+01,  1.331376e+02
  1.805262e+01,  1.365983e+02
  2.003201e+01,  1.366010e+02
  2.078470e+01,  1.350727e+02
  2.043393e+01,  1.332297e+02
  1.922585e+01,  1.317981e+02
  1.738561e+01,  1.307721e+02
  1.521053e+01,  1.295107e+02
  1.311134e+01,  1.274967e+02
  1.135867e+01,  1.246300e+02
  1.005286e+01,  1.208615e+02
  9.296459e+00,  1.166364e+02
  9.082914e+00,  1.133262e+02
  9.181636e+00,  1.115590e+02
  9.340912e+00,  1.104152e+02
  9.475157e+00,  1.089772e+02
  9.577025e+00,  1.070654e+02
  9.629007e+00,  1.044717e+02
  9.740518e+00,  1.010238e+02
  1.013430e+01,  9.743901e+01
  1.095721e+01,  9.436184e+01
  1.223954e+01,  9.119080e+01
  1.380306e+01,  8.724102e+01
  1.532118e+01,  8.267683e+01
  1.691639e+01,  7.809316e+01
  1.918009e+01,  7.414793e+01
  2.197663e+01,  7.105603e+01
  2.413154e+01,  6.874186e+01
  2.475681e+01,  6.765989e+01
  2.391097e+01,  6.852218e+01
  2.191712e+01,  7.133048e+01
  1.893987e+01,  7.561095e+01
  1.528054e+01,  8.179256e+01
  1.150189e+01,  9.197946e+01
  8.269396e+00,  1.102226e+02
  6.485585e+00,  1.407166e+02
  6.819937e+00,  1.733840e+02
  8.281180e+00,  1.937595e+02
  9.652647e+00,  2.051118e+02
  1.046821e+01,  2.125286e+02
  1.068489e+01,  2.185217e+02
  1.055261e+01,  2.243861e+02
  1.045886e+01,  2.297129e+02
  1.060270e+01,  2.322406e+02
  1.095441e+01,  2.305092e+02
  1.152200e+01,  2.252800e+02
  1.246077e+01,  2.176596e+02
  1.398760e+01,  2.078816e+02
  1.612749e+01,  1.966856e+02
  1.849612e+01,  1.859483e+02
  2.049498e+01,  1.773303e+02
  2.172597e+01,  1.714353e+02
  2.207022e+01,  1.681679e+02
  2.151871e+01,  1.675585e+02
  2.011789e+01,  1.699741e+02
  1.798838e+01,  1.754402e+02
  1.526095e+01,  1.833081e+02
  1.203046e+01,  1.930586e+02
  8.580185e+00,  2.062327e+02
  5.924288e+00,  2.294143e+02
  5.644072e+00,  2.612282e+02
  7.291682e+00,  2.795423e+02
  9.197462e+00,  2.871816e+02
  1.068746e+01,  2.915533e+02
  1.175955e+01,  2.948125e+02
  1.258224e+01,  2.978816e+02
  1.329972e+01,  3.013275e+02
  1.396294e+01,  3.046843e+02
  1.445712e+01,  3.072474e+02
  1.454030e+01,  3.094685e+02
  1.394211e+01,  3.124474e+02
  1.255107e+01,  3.170356e+02
  1.056314e+01,  3.251766e+02
  8.513139e+00,  3.423006e+02
  7.763807e+00,  1.341684e+01
  9.618820e+00,  4.347232e+01
  1.292746e+01,  5.938027e+01
  1.640191e+01,  6.609102e+01
  1.969003e+01,  6.794478e+01
  2.268823e+01,  6.650591e+01
  2.532835e+01,  6.235763e+01
  2.766113e+01,  5.638512e+01
  2.967750e+01,  4.984555e+01
  3.071231e+01,  4.397863e+01
  2.472760e+01,  4.563909e+01
  1.062840e+01,  1.367516e+02
  3.279209e+00,  3.510104e+02
##END=
