basic	C290	Gausstest	-8778.9500	C2	0.250000	1.0000e-03	5	62.8
	zi	-0.0115	0.0000	-0.1144	-0.1812	0.1244	-0.1916	0.0300	
	zt	-0.0115	0.2192	-0.1144	-0.1812	0.1244	-0.1916	0.0300	
#pred.:	z	-0.0227	0.2214	-0.2289	-0.3625	0.2488	-0.3832	0.0586	
	zzi	0.0172	-0.0005	0.0000	-0.0003	0.0014	0.0004	
		0.0096	0.0001	0.0008	-0.0005	0.0110	
		-0.0000	0.0003	-0.0000	0.0002	
		0.0081	-0.0009	0.0072	
		0.0083	-0.0054	
		0.0086	
	zzt	0.0173	-0.0005	0.0000	-0.0003	0.0014	0.0004	
		0.0096	0.0001	0.0008	-0.0005	0.0111	
		-0.0000	0.0003	-0.0000	0.0002	
		0.0081	-0.0009	0.0072	
		0.0083	-0.0054	
		0.0086	
	errs	0.000	0.000	0.000	0.000	0.000	0.000	
		0.000	0.000	0.000	0.000	0.000	
		0.000	0.000	0.000	0.000	
		0.000	0.000	0.000	
		0.000	0.000	
		0.000	
		
end
