1.627233e-01, 0.000000e+00
1.704115e-01, 0.000000e+00
1.780997e-01, 0.000000e+00
1.857878e-01, 0.000000e+00
1.934760e-01, 0.000000e+00
2.011642e-01, 0.000000e+00
2.088524e-01, 0.000000e+00
2.165406e-01, 0.000000e+00
2.242287e-01, 0.000000e+00
2.326340e-01, 0.000000e+00
2.423919e-01, 0.000000e+00
2.521498e-01, 0.000000e+00
2.619076e-01, 0.000000e+00
2.716655e-01, 0.000000e+00
2.814234e-01, 0.000000e+00
2.911813e-01, 0.000000e+00
3.009392e-01, 0.000000e+00
3.106971e-01, 0.000000e+00
3.220826e-01, 0.000000e+00
3.341894e-01, 0.000000e+00
3.462962e-01, 0.000000e+00
3.584030e-01, 0.000000e+00
3.705098e-01, 0.000000e+00
3.826166e-01, 0.000000e+00
3.947233e-01, 0.000000e+00
4.068301e-01, 0.000000e+00
4.190402e-01, 0.000000e+00
4.337686e-01, 0.000000e+00
4.484971e-01, 0.000000e+00
4.632255e-01, 0.000000e+00
4.779540e-01, 0.000000e+00
4.926824e-01, 0.000000e+00
5.074109e-01, 0.000000e+00
5.221393e-01, 0.000000e+00
5.368678e-01, 0.000000e+00
5.527091e-01, 0.000000e+00
5.703220e-01, 0.000000e+00
5.879350e-01, 0.000000e+00
6.055479e-01, 0.000000e+00
6.231608e-01, 0.000000e+00
6.407737e-01, 0.000000e+00
6.583866e-01, 0.000000e+00
6.759995e-01, 0.000000e+00
6.936124e-01, 0.000000e+00
7.135208e-01, 0.000000e+00
7.342683e-01, 0.000000e+00
7.550158e-01, 0.000000e+00
7.757633e-01, 0.000000e+00
7.965108e-01, 0.000000e+00
8.172583e-01, 0.000000e+00
8.380058e-01, 0.000000e+00
8.587533e-01, 0.000000e+00
8.797662e-01, 0.000000e+00
9.038837e-01, 0.000000e+00
9.280012e-01, 0.000000e+00
9.521187e-01, 0.000000e+00
9.762362e-01, 0.000000e+00
1.000354e+00, 0.000000e+00
1.024471e+00, 0.000000e+00
1.048589e+00, 0.000000e+00
1.072706e+00, 0.000000e+00
1.098350e+00, 0.000000e+00
1.126057e+00, 0.000000e+00
1.153763e+00, 0.000000e+00
1.181470e+00, 0.000000e+00
1.209177e+00, 0.000000e+00
1.236884e+00, 0.000000e+00
1.264591e+00, 0.000000e+00
1.292297e+00, 0.000000e+00
1.320004e+00, 0.000000e+00
1.350637e+00, 0.000000e+00
1.382135e+00, 0.000000e+00
1.413633e+00, 0.000000e+00
1.445131e+00, 0.000000e+00
1.476629e+00, 0.000000e+00
1.508127e+00, 0.000000e+00
1.539625e+00, 0.000000e+00
1.571123e+00, 0.000000e+00
1.603091e+00, 0.000000e+00
1.638564e+00, 0.000000e+00
1.674037e+00, 0.000000e+00
1.709510e+00, 0.000000e+00
1.744983e+00, 0.000000e+00
1.780456e+00, 0.000000e+00
1.815929e+00, 0.000000e+00
1.851402e+00, 0.000000e+00
1.886876e+00, 0.000000e+00
1.924272e+00, 0.000000e+00
1.963886e+00, 0.000000e+00
2.003500e+00, 0.000000e+00
2.043114e+00, 0.000000e+00
2.082728e+00, 0.000000e+00
2.122342e+00, 0.000000e+00
2.161956e+00, 0.000000e+00
2.201570e+00, 0.000000e+00
2.241184e+00, 0.000000e+00
2.284275e+00, 0.000000e+00
2.328177e+00, 0.000000e+00
2.372078e+00, 0.000000e+00
2.415979e+00, 0.000000e+00
2.459881e+00, 0.000000e+00
2.503782e+00, 0.000000e+00
2.547684e+00, 0.000000e+00
2.591585e+00, 0.000000e+00
2.636182e+00, 0.000000e+00
2.684499e+00, 0.000000e+00
2.732817e+00, 0.000000e+00
2.781134e+00, 0.000000e+00
2.829451e+00, 0.000000e+00
2.877769e+00, 0.000000e+00
2.926086e+00, 0.000000e+00
2.974403e+00, 0.000000e+00
3.022721e+00, 0.000000e+00
3.073318e+00, 0.000000e+00
3.126160e+00, 0.000000e+00
3.179003e+00, 0.000000e+00
3.231845e+00, 0.000000e+00
3.284687e+00, 0.000000e+00
3.337530e+00, 0.000000e+00
3.390372e+00, 0.000000e+00
3.443214e+00, 0.000000e+00
3.496056e+00, 0.000000e+00
3.552824e+00, 0.000000e+00
3.610281e+00, 0.000000e+00
3.667739e+00, 0.000000e+00
3.725197e+00, 0.000000e+00
3.782655e+00, 0.000000e+00
3.840112e+00, 0.000000e+00
3.897570e+00, 0.000000e+00
3.955028e+00, 0.000000e+00
4.013408e+00, 0.000000e+00
4.075553e+00, 0.000000e+00
4.137698e+00, 0.000000e+00
4.199843e+00, 0.000000e+00
4.261988e+00, 0.000000e+00
4.324133e+00, 0.000000e+00
4.386278e+00, 0.000000e+00
4.448423e+00, 0.000000e+00
4.510568e+00, 0.000000e+00
4.575288e+00, 0.000000e+00
4.642173e+00, 0.000000e+00
4.709058e+00, 0.000000e+00
4.775943e+00, 0.000000e+00
4.842827e+00, 0.000000e+00
4.909712e+00, 0.000000e+00
4.976597e+00, 0.000000e+00
5.043482e+00, 0.000000e+00
5.110367e+00, 0.000000e+00
5.181464e+00, 0.000000e+00
5.253083e+00, 0.000000e+00
5.324701e+00, 0.000000e+00
5.396320e+00, 0.000000e+00
5.467939e+00, 0.000000e+00
5.539558e+00, 0.000000e+00
5.611176e+00, 0.000000e+00
5.682795e+00, 0.000000e+00
5.755564e+00, 0.000000e+00
5.832050e+00, 0.000000e+00
5.908536e+00, 0.000000e+00
5.985023e+00, 0.000000e+00
6.061509e+00, 0.000000e+00
6.137995e+00, 0.000000e+00
6.214482e+00, 0.000000e+00
6.290968e+00, 0.000000e+00
6.367454e+00, 0.000000e+00
6.446705e+00, 0.000000e+00
6.527936e+00, 0.000000e+00
6.609167e+00, 0.000000e+00
6.690397e+00, 0.000000e+00
6.771628e+00, 0.000000e+00
6.852859e+00, 0.000000e+00
6.934089e+00, 0.000000e+00
7.015320e+00, 0.000000e+00
7.096550e+00, 0.000000e+00
7.182203e+00, 0.000000e+00
7.268194e+00, 0.000000e+00
7.354184e+00, 0.000000e+00
7.440174e+00, 0.000000e+00
7.526164e+00, 0.000000e+00
7.612154e+00, 0.000000e+00
7.698145e+00, 0.000000e+00
7.784135e+00, 0.000000e+00
7.871425e+00, 0.000000e+00
7.962131e+00, 0.000000e+00
8.052837e+00, 0.000000e+00
8.143543e+00, 0.000000e+00
8.234249e+00, 0.000000e+00
8.324955e+00, 0.000000e+00
8.415661e+00, 0.000000e+00
8.506367e+00, 0.000000e+00
8.597073e+00, 0.000000e+00
8.690673e+00, 0.000000e+00
8.786031e+00, 0.000000e+00
8.881389e+00, 0.000000e+00
8.976747e+00, 0.000000e+00
9.072104e+00, 0.000000e+00
9.167462e+00, 0.000000e+00
9.262820e+00, 0.000000e+00
9.358178e+00, 0.000000e+00
9.453536e+00, 0.000000e+00
9.553317e+00, 0.000000e+00
9.653243e+00, 0.000000e+00
9.753169e+00, 0.000000e+00
9.853094e+00, 0.000000e+00
9.953020e+00, 0.000000e+00
1.005295e+01, 0.000000e+00
1.015287e+01, 0.000000e+00
1.025280e+01, 0.000000e+00
1.035413e+01, 0.000000e+00
1.045851e+01, 0.000000e+00
1.056290e+01, 0.000000e+00
1.066729e+01, 0.000000e+00
1.077167e+01, 0.000000e+00
1.087606e+01, 0.000000e+00
1.098044e+01, 0.000000e+00
1.108483e+01, 0.000000e+00
1.118922e+01, 0.000000e+00
1.129647e+01, 0.000000e+00
1.140519e+01, 0.000000e+00
1.151391e+01, 0.000000e+00
1.162263e+01, 0.000000e+00
1.173135e+01, 0.000000e+00
1.184007e+01, 0.000000e+00
1.194879e+01, 0.000000e+00
1.205752e+01, 0.000000e+00
1.216627e+01, 0.000000e+00
1.227918e+01, 0.000000e+00
1.239208e+01, 0.000000e+00
1.250499e+01, 0.000000e+00
1.261790e+01, 0.000000e+00
1.273081e+01, 0.000000e+00
1.284371e+01, 0.000000e+00
1.295662e+01, 0.000000e+00
1.306953e+01, 0.000000e+00
1.318386e+01, 0.000000e+00
1.330078e+01, 0.000000e+00
1.341770e+01, 0.000000e+00
1.353462e+01, 0.000000e+00
1.365154e+01, 0.000000e+00
1.376846e+01, 0.000000e+00
1.388538e+01, 0.000000e+00
1.400230e+01, 0.000000e+00
1.411922e+01, 0.000000e+00
1.423881e+01, 0.000000e+00
1.435955e+01, 0.000000e+00
1.448029e+01, 0.000000e+00
1.460103e+01, 0.000000e+00
1.472177e+01, 0.000000e+00
1.484251e+01, 0.000000e+00
1.496325e+01, 0.000000e+00
1.508399e+01, 0.000000e+00
1.520490e+01, 0.000000e+00
1.532925e+01, 0.000000e+00
1.545359e+01, 0.000000e+00
1.557793e+01, 0.000000e+00
1.570227e+01, 0.000000e+00
1.582661e+01, 0.000000e+00
1.595095e+01, 0.000000e+00
1.607529e+01, 0.000000e+00
1.619963e+01, 0.000000e+00
1.632530e+01, 0.000000e+00
1.645300e+01, 0.000000e+00
1.658070e+01, 0.000000e+00
1.670840e+01, 0.000000e+00
1.683611e+01, 0.000000e+00
1.696381e+01, 0.000000e+00
1.709151e+01, 0.000000e+00
1.721921e+01, 0.000000e+00
1.734692e+01, 0.000000e+00
1.747691e+01, 0.000000e+00
1.760771e+01, 0.000000e+00
1.773850e+01, 0.000000e+00
1.786930e+01, 0.000000e+00
1.800009e+01, 0.000000e+00
1.813089e+01, 0.000000e+00
1.826169e+01, 0.000000e+00
1.839248e+01, 0.000000e+00
1.852352e+01, 0.000000e+00
1.865712e+01, 0.000000e+00
1.879072e+01, 0.000000e+00
1.892432e+01, 0.000000e+00
1.905792e+01, 0.000000e+00
1.919153e+01, 0.000000e+00
1.932513e+01, 0.000000e+00
1.945873e+01, 0.000000e+00
1.959233e+01, 0.000000e+00
1.972701e+01, 0.000000e+00
1.986310e+01, 0.000000e+00
1.999919e+01, 0.000000e+00
2.013528e+01, 0.000000e+00
2.027137e+01, 0.000000e+00
2.040746e+01, 0.000000e+00
2.054355e+01, 0.000000e+00
2.067964e+01, 0.000000e+00
2.081574e+01, 0.000000e+00
2.095350e+01, 0.000000e+00
2.109175e+01, 0.000000e+00
2.122999e+01, 0.000000e+00
2.136823e+01, 0.000000e+00
2.150648e+01, 0.000000e+00
2.164472e+01, 0.000000e+00
2.178296e+01, 0.000000e+00
2.192120e+01, 0.000000e+00
2.205967e+01, 0.000000e+00
2.219970e+01, 0.000000e+00
2.233974e+01, 0.000000e+00
2.247977e+01, 0.000000e+00
2.261980e+01, 0.000000e+00
2.275983e+01, 0.000000e+00
2.289986e+01, 0.000000e+00
2.303989e+01, 0.000000e+00
2.317993e+01, 0.000000e+00
2.332062e+01, 0.000000e+00
2.346205e+01, 0.000000e+00
2.360349e+01, 0.000000e+00
2.374492e+01, 0.000000e+00
2.388635e+01, 0.000000e+00
2.402779e+01, 0.000000e+00
2.416922e+01, 0.000000e+00
2.431065e+01, 0.000000e+00
2.445209e+01, 0.000000e+00
2.459433e+01, 0.000000e+00
2.473676e+01, 0.000000e+00
2.487919e+01, 0.000000e+00
2.502161e+01, 0.000000e+00
2.516404e+01, 0.000000e+00
2.530647e+01, 0.000000e+00
2.544890e+01, 0.000000e+00
2.559132e+01, 0.000000e+00
2.573384e+01, 0.000000e+00
2.587683e+01, 0.000000e+00
2.601982e+01, 0.000000e+00
2.616281e+01, 0.000000e+00
2.630579e+01, 0.000000e+00
2.644878e+01, 0.000000e+00
2.659177e+01, 0.000000e+00
2.673476e+01, 0.000000e+00
2.687774e+01, 0.000000e+00
2.702079e+01, 0.000000e+00
2.716388e+01, 0.000000e+00
2.730698e+01, 0.000000e+00
2.745007e+01, 0.000000e+00
2.759317e+01, 0.000000e+00
2.773626e+01, 0.000000e+00
2.787936e+01, 0.000000e+00
2.802245e+01, 0.000000e+00
2.816555e+01, 0.000000e+00
2.830833e+01, 0.000000e+00
2.845106e+01, 0.000000e+00
2.859379e+01, 0.000000e+00
2.873652e+01, 0.000000e+00
2.887925e+01, 0.000000e+00
2.902198e+01, 0.000000e+00
2.916471e+01, 0.000000e+00
2.930744e+01, 0.000000e+00
2.945000e+01, 0.000000e+00
2.959187e+01, 0.000000e+00
2.973374e+01, 0.000000e+00
2.987562e+01, 0.000000e+00
3.001749e+01, 0.000000e+00
3.015936e+01, 0.000000e+00
3.030124e+01, 0.000000e+00
3.044311e+01, 0.000000e+00
3.058498e+01, 0.000000e+00
3.072611e+01, 0.000000e+00
3.086662e+01, 0.000000e+00
3.100713e+01, 0.000000e+00
3.114764e+01, 0.000000e+00
3.128815e+01, 0.000000e+00
3.142866e+01, 0.000000e+00
3.156917e+01, 0.000000e+00
3.170968e+01, 0.000000e+00
3.185019e+01, 0.000000e+00
3.198901e+01, 0.000000e+00
3.212763e+01, 0.000000e+00
3.226626e+01, 0.000000e+00
3.240488e+01, 0.000000e+00
3.254351e+01, 0.000000e+00
3.268213e+01, 0.000000e+00
3.282076e+01, 0.000000e+00
3.295938e+01, 0.000000e+00
3.309742e+01, 0.000000e+00
3.323362e+01, 0.000000e+00
3.336983e+01, 0.000000e+00
3.350604e+01, 0.000000e+00
3.364224e+01, 0.000000e+00
3.377845e+01, 0.000000e+00
3.391466e+01, 0.000000e+00
3.405086e+01, 0.000000e+00
3.418707e+01, 0.000000e+00
3.432153e+01, 0.000000e+00
3.445478e+01, 0.000000e+00
3.458802e+01, 0.000000e+00
3.472127e+01, 0.000000e+00
3.485452e+01, 0.000000e+00
3.498777e+01, 0.000000e+00
3.512101e+01, 0.000000e+00
3.525426e+01, 0.000000e+00
3.538751e+01, 0.000000e+00
3.551747e+01, 0.000000e+00
3.564721e+01, 0.000000e+00
3.577695e+01, 0.000000e+00
3.590669e+01, 0.000000e+00
3.603643e+01, 0.000000e+00
3.616617e+01, 0.000000e+00
3.629591e+01, 0.000000e+00
3.642566e+01, 0.000000e+00
3.655425e+01, 0.000000e+00
3.667993e+01, 0.000000e+00
3.680562e+01, 0.000000e+00
3.693131e+01, 0.000000e+00
3.705699e+01, 0.000000e+00
3.718268e+01, 0.000000e+00
3.730836e+01, 0.000000e+00
3.743405e+01, 0.000000e+00
3.755974e+01, 0.000000e+00
3.768252e+01, 0.000000e+00
3.780361e+01, 0.000000e+00
3.792469e+01, 0.000000e+00
3.804577e+01, 0.000000e+00
3.816686e+01, 0.000000e+00
3.828794e+01, 0.000000e+00
3.840902e+01, 0.000000e+00
3.853011e+01, 0.000000e+00
3.865119e+01, 0.000000e+00
3.876725e+01, 0.000000e+00
3.888319e+01, 0.000000e+00
3.899913e+01, 0.000000e+00
3.911507e+01, 0.000000e+00
3.923100e+01, 0.000000e+00
3.934694e+01, 0.000000e+00
3.946288e+01, 0.000000e+00
3.957882e+01, 0.000000e+00
3.969293e+01, 0.000000e+00
3.980319e+01, 0.000000e+00
3.991345e+01, 0.000000e+00
4.002371e+01, 0.000000e+00
4.013398e+01, 0.000000e+00
4.024424e+01, 0.000000e+00
4.035450e+01, 0.000000e+00
4.046476e+01, 0.000000e+00
4.057503e+01, 0.000000e+00
4.068114e+01, 0.000000e+00
4.078521e+01, 0.000000e+00
4.088928e+01, 0.000000e+00
4.099334e+01, 0.000000e+00
4.109741e+01, 0.000000e+00
4.120148e+01, 0.000000e+00
4.130554e+01, 0.000000e+00
4.140961e+01, 0.000000e+00
4.151357e+01, 0.000000e+00
4.161095e+01, 0.000000e+00
4.170832e+01, 0.000000e+00
4.180569e+01, 0.000000e+00
4.190306e+01, 0.000000e+00
4.200044e+01, 0.000000e+00
4.209781e+01, 0.000000e+00
4.219518e+01, 0.000000e+00
4.229256e+01, 0.000000e+00
4.238733e+01, 0.000000e+00
4.247753e+01, 0.000000e+00
4.256773e+01, 0.000000e+00
4.265793e+01, 0.000000e+00
4.274814e+01, 0.000000e+00
4.283834e+01, 0.000000e+00
4.292854e+01, 0.000000e+00
4.301874e+01, 0.000000e+00
4.310894e+01, 0.000000e+00
4.319374e+01, 0.000000e+00
4.327632e+01, 0.000000e+00
4.335890e+01, 0.000000e+00
4.344148e+01, 0.000000e+00
4.352406e+01, 0.000000e+00
4.360663e+01, 0.000000e+00
4.368921e+01, 0.000000e+00
4.377179e+01, 0.000000e+00
4.385393e+01, 0.000000e+00
4.392846e+01, 0.000000e+00
4.400300e+01, 0.000000e+00
4.407754e+01, 0.000000e+00
4.415207e+01, 0.000000e+00
4.422661e+01, 0.000000e+00
4.430114e+01, 0.000000e+00
4.437568e+01, 0.000000e+00
4.445022e+01, 0.000000e+00
4.452137e+01, 0.000000e+00
4.458748e+01, 0.000000e+00
4.465358e+01, 0.000000e+00
4.471969e+01, 0.000000e+00
4.478580e+01, 0.000000e+00
4.485191e+01, 0.000000e+00
4.491802e+01, 0.000000e+00
4.498412e+01, 0.000000e+00
4.505023e+01, 0.000000e+00
4.510978e+01, 0.000000e+00
4.516711e+01, 0.000000e+00
4.522445e+01, 0.000000e+00
4.528178e+01, 0.000000e+00
4.533912e+01, 0.000000e+00
4.539645e+01, 0.000000e+00
4.545379e+01, 0.000000e+00
4.551112e+01, 0.000000e+00
4.556760e+01, 0.000000e+00
4.561586e+01, 0.000000e+00
4.566412e+01, 0.000000e+00
4.571237e+01, 0.000000e+00
4.576063e+01, 0.000000e+00
4.580889e+01, 0.000000e+00
4.585715e+01, 0.000000e+00
4.590540e+01, 0.000000e+00
4.595366e+01, 0.000000e+00
4.599780e+01, 0.000000e+00
4.603673e+01, 0.000000e+00
4.607565e+01, 0.000000e+00
4.611458e+01, 0.000000e+00
4.615350e+01, 0.000000e+00
4.619243e+01, 0.000000e+00
4.623135e+01, 0.000000e+00
4.627028e+01, 0.000000e+00
4.630920e+01, 0.000000e+00
4.634061e+01, 0.000000e+00
4.636999e+01, 0.000000e+00
4.639937e+01, 0.000000e+00
4.642875e+01, 0.000000e+00
4.645813e+01, 0.000000e+00
4.648751e+01, 0.000000e+00
4.651689e+01, 0.000000e+00
4.654626e+01, 0.000000e+00
4.657434e+01, 0.000000e+00
4.659402e+01, 0.000000e+00
4.661370e+01, 0.000000e+00
4.663337e+01, 0.000000e+00
4.665305e+01, 0.000000e+00
4.667273e+01, 0.000000e+00
4.669240e+01, 0.000000e+00
4.671208e+01, 0.000000e+00
4.673175e+01, 0.000000e+00
4.674672e+01, 0.000000e+00
4.675658e+01, 0.000000e+00
4.676645e+01, 0.000000e+00
4.677631e+01, 0.000000e+00
4.678618e+01, 0.000000e+00
4.679605e+01, 0.000000e+00
4.680591e+01, 0.000000e+00
4.681578e+01, 0.000000e+00
4.682564e+01, 0.000000e+00
4.682735e+01, 0.000000e+00
4.682735e+01, 0.000000e+00
4.682735e+01, 0.000000e+00
4.682735e+01, 0.000000e+00
4.682735e+01, 0.000000e+00
4.682735e+01, 0.000000e+00
4.682735e+01, 0.000000e+00
4.682735e+01, 0.000000e+00
4.682564e+01, 0.000000e+00
4.681578e+01, 0.000000e+00
4.680591e+01, 0.000000e+00
4.679605e+01, 0.000000e+00
4.678618e+01, 0.000000e+00
4.677631e+01, 0.000000e+00
4.676645e+01, 0.000000e+00
4.675658e+01, 0.000000e+00
4.674672e+01, 0.000000e+00
4.673175e+01, 0.000000e+00
4.671208e+01, 0.000000e+00
4.669240e+01, 0.000000e+00
4.667273e+01, 0.000000e+00
4.665305e+01, 0.000000e+00
4.663337e+01, 0.000000e+00
4.661370e+01, 0.000000e+00
4.659402e+01, 0.000000e+00
4.657434e+01, 0.000000e+00
4.654626e+01, 0.000000e+00
4.651689e+01, 0.000000e+00
4.648751e+01, 0.000000e+00
4.645813e+01, 0.000000e+00
4.642875e+01, 0.000000e+00
4.639937e+01, 0.000000e+00
4.636999e+01, 0.000000e+00
4.634061e+01, 0.000000e+00
4.630920e+01, 0.000000e+00
4.627028e+01, 0.000000e+00
4.623135e+01, 0.000000e+00
4.619243e+01, 0.000000e+00
4.615350e+01, 0.000000e+00
4.611458e+01, 0.000000e+00
4.607565e+01, 0.000000e+00
4.603673e+01, 0.000000e+00
4.599780e+01, 0.000000e+00
4.595366e+01, 0.000000e+00
4.590540e+01, 0.000000e+00
4.585715e+01, 0.000000e+00
4.580889e+01, 0.000000e+00
4.576063e+01, 0.000000e+00
4.571237e+01, 0.000000e+00
4.566412e+01, 0.000000e+00
4.561586e+01, 0.000000e+00
4.556760e+01, 0.000000e+00
4.551112e+01, 0.000000e+00
4.545379e+01, 0.000000e+00
4.539645e+01, 0.000000e+00
4.533912e+01, 0.000000e+00
4.528178e+01, 0.000000e+00
4.522445e+01, 0.000000e+00
4.516711e+01, 0.000000e+00
4.510978e+01, 0.000000e+00
4.505023e+01, 0.000000e+00
4.498412e+01, 0.000000e+00
4.491802e+01, 0.000000e+00
4.485191e+01, 0.000000e+00
4.478580e+01, 0.000000e+00
4.471969e+01, 0.000000e+00
4.465358e+01, 0.000000e+00
4.458748e+01, 0.000000e+00
4.452137e+01, 0.000000e+00
4.445022e+01, 0.000000e+00
4.437568e+01, 0.000000e+00
4.430114e+01, 0.000000e+00
4.422661e+01, 0.000000e+00
4.415207e+01, 0.000000e+00
4.407754e+01, 0.000000e+00
4.400300e+01, 0.000000e+00
4.392846e+01, 0.000000e+00
4.385393e+01, 0.000000e+00
4.377179e+01, 0.000000e+00
4.368921e+01, 0.000000e+00
4.360663e+01, 0.000000e+00
4.352406e+01, 0.000000e+00
4.344148e+01, 0.000000e+00
4.335890e+01, 0.000000e+00
4.327632e+01, 0.000000e+00
4.319374e+01, 0.000000e+00
4.310894e+01, 0.000000e+00
4.301874e+01, 0.000000e+00
4.292854e+01, 0.000000e+00
4.283834e+01, 0.000000e+00
4.274814e+01, 0.000000e+00
4.265793e+01, 0.000000e+00
4.256773e+01, 0.000000e+00
4.247753e+01, 0.000000e+00
4.238733e+01, 0.000000e+00
4.229256e+01, 0.000000e+00
4.219518e+01, 0.000000e+00
4.209781e+01, 0.000000e+00
4.200044e+01, 0.000000e+00
4.190306e+01, 0.000000e+00
4.180569e+01, 0.000000e+00
4.170832e+01, 0.000000e+00
4.161095e+01, 0.000000e+00
4.151357e+01, 0.000000e+00
4.140961e+01, 0.000000e+00
4.130554e+01, 0.000000e+00
4.120148e+01, 0.000000e+00
4.109741e+01, 0.000000e+00
4.099334e+01, 0.000000e+00
4.088928e+01, 0.000000e+00
4.078521e+01, 0.000000e+00
4.068114e+01, 0.000000e+00
4.057503e+01, 0.000000e+00
4.046476e+01, 0.000000e+00
4.035450e+01, 0.000000e+00
4.024424e+01, 0.000000e+00
4.013398e+01, 0.000000e+00
4.002371e+01, 0.000000e+00
3.991345e+01, 0.000000e+00
3.980319e+01, 0.000000e+00
3.969293e+01, 0.000000e+00
3.957882e+01, 0.000000e+00
3.946288e+01, 0.000000e+00
3.934694e+01, 0.000000e+00
3.923100e+01, 0.000000e+00
3.911507e+01, 0.000000e+00
3.899913e+01, 0.000000e+00
3.888319e+01, 0.000000e+00
3.876725e+01, 0.000000e+00
3.865119e+01, 0.000000e+00
3.853011e+01, 0.000000e+00
3.840902e+01, 0.000000e+00
3.828794e+01, 0.000000e+00
3.816686e+01, 0.000000e+00
3.804577e+01, 0.000000e+00
3.792469e+01, 0.000000e+00
3.780361e+01, 0.000000e+00
3.768252e+01, 0.000000e+00
3.755974e+01, 0.000000e+00
3.743405e+01, 0.000000e+00
3.730836e+01, 0.000000e+00
3.718268e+01, 0.000000e+00
3.705699e+01, 0.000000e+00
3.693131e+01, 0.000000e+00
3.680562e+01, 0.000000e+00
3.667993e+01, 0.000000e+00
3.655425e+01, 0.000000e+00
3.642566e+01, 0.000000e+00
3.629591e+01, 0.000000e+00
3.616617e+01, 0.000000e+00
3.603643e+01, 0.000000e+00
3.590669e+01, 0.000000e+00
3.577695e+01, 0.000000e+00
3.564721e+01, 0.000000e+00
3.551747e+01, 0.000000e+00
3.538751e+01, 0.000000e+00
3.525426e+01, 0.000000e+00
3.512101e+01, 0.000000e+00
3.498777e+01, 0.000000e+00
3.485452e+01, 0.000000e+00
3.472127e+01, 0.000000e+00
3.458802e+01, 0.000000e+00
3.445478e+01, 0.000000e+00
3.432153e+01, 0.000000e+00
3.418707e+01, 0.000000e+00
3.405086e+01, 0.000000e+00
3.391466e+01, 0.000000e+00
3.377845e+01, 0.000000e+00
3.364224e+01, 0.000000e+00
3.350604e+01, 0.000000e+00
3.336983e+01, 0.000000e+00
3.323362e+01, 0.000000e+00
3.309742e+01, 0.000000e+00
3.295938e+01, 0.000000e+00
3.282076e+01, 0.000000e+00
3.268213e+01, 0.000000e+00
3.254351e+01, 0.000000e+00
3.240488e+01, 0.000000e+00
3.226626e+01, 0.000000e+00
3.212763e+01, 0.000000e+00
3.198901e+01, 0.000000e+00
3.185019e+01, 0.000000e+00
3.170968e+01, 0.000000e+00
3.156917e+01, 0.000000e+00
3.142866e+01, 0.000000e+00
3.128815e+01, 0.000000e+00
3.114764e+01, 0.000000e+00
3.100713e+01, 0.000000e+00
3.086662e+01, 0.000000e+00
3.072611e+01, 0.000000e+00
3.058498e+01, 0.000000e+00
3.044311e+01, 0.000000e+00
3.030124e+01, 0.000000e+00
3.015936e+01, 0.000000e+00
3.001749e+01, 0.000000e+00
2.987562e+01, 0.000000e+00
2.973374e+01, 0.000000e+00
2.959187e+01, 0.000000e+00
2.945000e+01, 0.000000e+00
2.930744e+01, 0.000000e+00
2.916471e+01, 0.000000e+00
2.902198e+01, 0.000000e+00
2.887925e+01, 0.000000e+00
2.873652e+01, 0.000000e+00
2.859379e+01, 0.000000e+00
2.845106e+01, 0.000000e+00
2.830833e+01, 0.000000e+00
2.816555e+01, 0.000000e+00
2.802245e+01, 0.000000e+00
2.787936e+01, 0.000000e+00
2.773626e+01, 0.000000e+00
2.759317e+01, 0.000000e+00
2.745007e+01, 0.000000e+00
2.730698e+01, 0.000000e+00
2.716388e+01, 0.000000e+00
2.702079e+01, 0.000000e+00
2.687774e+01, 0.000000e+00
2.673476e+01, 0.000000e+00
2.659177e+01, 0.000000e+00
2.644878e+01, 0.000000e+00
2.630579e+01, 0.000000e+00
2.616281e+01, 0.000000e+00
2.601982e+01, 0.000000e+00
2.587683e+01, 0.000000e+00
2.573384e+01, 0.000000e+00
2.559132e+01, 0.000000e+00
2.544890e+01, 0.000000e+00
2.530647e+01, 0.000000e+00
2.516404e+01, 0.000000e+00
2.502161e+01, 0.000000e+00
2.487919e+01, 0.000000e+00
2.473676e+01, 0.000000e+00
2.459433e+01, 0.000000e+00
2.445209e+01, 0.000000e+00
2.431065e+01, 0.000000e+00
2.416922e+01, 0.000000e+00
2.402779e+01, 0.000000e+00
2.388635e+01, 0.000000e+00
2.374492e+01, 0.000000e+00
2.360349e+01, 0.000000e+00
2.346205e+01, 0.000000e+00
2.332062e+01, 0.000000e+00
2.317993e+01, 0.000000e+00
2.303989e+01, 0.000000e+00
2.289986e+01, 0.000000e+00
2.275983e+01, 0.000000e+00
2.261980e+01, 0.000000e+00
2.247977e+01, 0.000000e+00
2.233974e+01, 0.000000e+00
2.219970e+01, 0.000000e+00
2.205967e+01, 0.000000e+00
2.192120e+01, 0.000000e+00
2.178296e+01, 0.000000e+00
2.164472e+01, 0.000000e+00
2.150648e+01, 0.000000e+00
2.136823e+01, 0.000000e+00
2.122999e+01, 0.000000e+00
2.109175e+01, 0.000000e+00
2.095350e+01, 0.000000e+00
2.081574e+01, 0.000000e+00
2.067964e+01, 0.000000e+00
2.054355e+01, 0.000000e+00
2.040746e+01, 0.000000e+00
2.027137e+01, 0.000000e+00
2.013528e+01, 0.000000e+00
1.999919e+01, 0.000000e+00
1.986310e+01, 0.000000e+00
1.972701e+01, 0.000000e+00
1.959233e+01, 0.000000e+00
1.945873e+01, 0.000000e+00
1.932513e+01, 0.000000e+00
1.919153e+01, 0.000000e+00
1.905792e+01, 0.000000e+00
1.892432e+01, 0.000000e+00
1.879072e+01, 0.000000e+00
1.865712e+01, 0.000000e+00
1.852352e+01, 0.000000e+00
1.839248e+01, 0.000000e+00
1.826169e+01, 0.000000e+00
1.813089e+01, 0.000000e+00
1.800009e+01, 0.000000e+00
1.786930e+01, 0.000000e+00
1.773850e+01, 0.000000e+00
1.760771e+01, 0.000000e+00
1.747691e+01, 0.000000e+00
1.734692e+01, 0.000000e+00
1.721921e+01, 0.000000e+00
1.709151e+01, 0.000000e+00
1.696381e+01, 0.000000e+00
1.683611e+01, 0.000000e+00
1.670840e+01, 0.000000e+00
1.658070e+01, 0.000000e+00
1.645300e+01, 0.000000e+00
1.632530e+01, 0.000000e+00
1.619963e+01, 0.000000e+00
1.607529e+01, 0.000000e+00
1.595095e+01, 0.000000e+00
1.582661e+01, 0.000000e+00
1.570227e+01, 0.000000e+00
1.557793e+01, 0.000000e+00
1.545359e+01, 0.000000e+00
1.532925e+01, 0.000000e+00
1.520490e+01, 0.000000e+00
1.508399e+01, 0.000000e+00
1.496325e+01, 0.000000e+00
1.484251e+01, 0.000000e+00
1.472177e+01, 0.000000e+00
1.460103e+01, 0.000000e+00
1.448029e+01, 0.000000e+00
1.435955e+01, 0.000000e+00
1.423881e+01, 0.000000e+00
1.411922e+01, 0.000000e+00
1.400230e+01, 0.000000e+00
1.388538e+01, 0.000000e+00
1.376846e+01, 0.000000e+00
1.365154e+01, 0.000000e+00
1.353462e+01, 0.000000e+00
1.341770e+01, 0.000000e+00
1.330078e+01, 0.000000e+00
1.318386e+01, 0.000000e+00
1.306953e+01, 0.000000e+00
1.295662e+01, 0.000000e+00
1.284371e+01, 0.000000e+00
1.273081e+01, 0.000000e+00
1.261790e+01, 0.000000e+00
1.250499e+01, 0.000000e+00
1.239208e+01, 0.000000e+00
1.227918e+01, 0.000000e+00
1.216627e+01, 0.000000e+00
1.205752e+01, 0.000000e+00
1.194879e+01, 0.000000e+00
1.184007e+01, 0.000000e+00
1.173135e+01, 0.000000e+00
1.162263e+01, 0.000000e+00
1.151391e+01, 0.000000e+00
1.140519e+01, 0.000000e+00
1.129647e+01, 0.000000e+00
1.118922e+01, 0.000000e+00
1.108483e+01, 0.000000e+00
1.098044e+01, 0.000000e+00
1.087606e+01, 0.000000e+00
1.077167e+01, 0.000000e+00
1.066729e+01, 0.000000e+00
1.056290e+01, 0.000000e+00
1.045851e+01, 0.000000e+00
1.035413e+01, 0.000000e+00
1.025280e+01, 0.000000e+00
1.015287e+01, 0.000000e+00
1.005295e+01, 0.000000e+00
9.953020e+00, 0.000000e+00
9.853094e+00, 0.000000e+00
9.753169e+00, 0.000000e+00
9.653243e+00, 0.000000e+00
9.553317e+00, 0.000000e+00
9.453536e+00, 0.000000e+00
9.358178e+00, 0.000000e+00
9.262820e+00, 0.000000e+00
9.167462e+00, 0.000000e+00
9.072104e+00, 0.000000e+00
8.976747e+00, 0.000000e+00
8.881389e+00, 0.000000e+00
8.786031e+00, 0.000000e+00
8.690673e+00, 0.000000e+00
8.597073e+00, 0.000000e+00
8.506367e+00, 0.000000e+00
8.415661e+00, 0.000000e+00
8.324955e+00, 0.000000e+00
8.234249e+00, 0.000000e+00
8.143543e+00, 0.000000e+00
8.052837e+00, 0.000000e+00
7.962131e+00, 0.000000e+00
7.871425e+00, 0.000000e+00
7.784135e+00, 0.000000e+00
7.698145e+00, 0.000000e+00
7.612154e+00, 0.000000e+00
7.526164e+00, 0.000000e+00
7.440174e+00, 0.000000e+00
7.354184e+00, 0.000000e+00
7.268194e+00, 0.000000e+00
7.182203e+00, 0.000000e+00
7.096550e+00, 0.000000e+00
7.015320e+00, 0.000000e+00
6.934089e+00, 0.000000e+00
6.852859e+00, 0.000000e+00
6.771628e+00, 0.000000e+00
6.690397e+00, 0.000000e+00
6.609167e+00, 0.000000e+00
6.527936e+00, 0.000000e+00
6.446705e+00, 0.000000e+00
6.367454e+00, 0.000000e+00
6.290968e+00, 0.000000e+00
6.214482e+00, 0.000000e+00
6.137995e+00, 0.000000e+00
6.061509e+00, 0.000000e+00
5.985023e+00, 0.000000e+00
5.908536e+00, 0.000000e+00
5.832050e+00, 0.000000e+00
5.755564e+00, 0.000000e+00
5.682795e+00, 0.000000e+00
5.611176e+00, 0.000000e+00
5.539558e+00, 0.000000e+00
5.467939e+00, 0.000000e+00
5.396320e+00, 0.000000e+00
5.324701e+00, 0.000000e+00
5.253083e+00, 0.000000e+00
5.181464e+00, 0.000000e+00
5.110367e+00, 0.000000e+00
5.043482e+00, 0.000000e+00
4.976597e+00, 0.000000e+00
4.909712e+00, 0.000000e+00
4.842827e+00, 0.000000e+00
4.775943e+00, 0.000000e+00
4.709058e+00, 0.000000e+00
4.642173e+00, 0.000000e+00
4.575288e+00, 0.000000e+00
4.510568e+00, 0.000000e+00
4.448423e+00, 0.000000e+00
4.386278e+00, 0.000000e+00
4.324133e+00, 0.000000e+00
4.261988e+00, 0.000000e+00
4.199843e+00, 0.000000e+00
4.137698e+00, 0.000000e+00
4.075553e+00, 0.000000e+00
4.013408e+00, 0.000000e+00
3.955028e+00, 0.000000e+00
3.897570e+00, 0.000000e+00
3.840112e+00, 0.000000e+00
3.782655e+00, 0.000000e+00
3.725197e+00, 0.000000e+00
3.667739e+00, 0.000000e+00
3.610281e+00, 0.000000e+00
3.552824e+00, 0.000000e+00
3.496056e+00, 0.000000e+00
3.443214e+00, 0.000000e+00
3.390372e+00, 0.000000e+00
3.337530e+00, 0.000000e+00
3.284687e+00, 0.000000e+00
3.231845e+00, 0.000000e+00
3.179003e+00, 0.000000e+00
3.126160e+00, 0.000000e+00
3.073318e+00, 0.000000e+00
3.022721e+00, 0.000000e+00
2.974403e+00, 0.000000e+00
2.926086e+00, 0.000000e+00
2.877769e+00, 0.000000e+00
2.829451e+00, 0.000000e+00
2.781134e+00, 0.000000e+00
2.732817e+00, 0.000000e+00
2.684499e+00, 0.000000e+00
2.636182e+00, 0.000000e+00
2.591585e+00, 0.000000e+00
2.547684e+00, 0.000000e+00
2.503782e+00, 0.000000e+00
2.459881e+00, 0.000000e+00
2.415979e+00, 0.000000e+00
2.372078e+00, 0.000000e+00
2.328177e+00, 0.000000e+00
2.284275e+00, 0.000000e+00
2.241184e+00, 0.000000e+00
2.201570e+00, 0.000000e+00
2.161956e+00, 0.000000e+00
2.122342e+00, 0.000000e+00
2.082728e+00, 0.000000e+00
2.043114e+00, 0.000000e+00
2.003500e+00, 0.000000e+00
1.963886e+00, 0.000000e+00
1.924272e+00, 0.000000e+00
1.886876e+00, 0.000000e+00
1.851402e+00, 0.000000e+00
1.815929e+00, 0.000000e+00
1.780456e+00, 0.000000e+00
1.744983e+00, 0.000000e+00
1.709510e+00, 0.000000e+00
1.674037e+00, 0.000000e+00
1.638564e+00, 0.000000e+00
1.603091e+00, 0.000000e+00
1.571123e+00, 0.000000e+00
1.539625e+00, 0.000000e+00
1.508127e+00, 0.000000e+00
1.476629e+00, 0.000000e+00
1.445131e+00, 0.000000e+00
1.413633e+00, 0.000000e+00
1.382135e+00, 0.000000e+00
1.350637e+00, 0.000000e+00
1.320004e+00, 0.000000e+00
1.292297e+00, 0.000000e+00
1.264591e+00, 0.000000e+00
1.236884e+00, 0.000000e+00
1.209177e+00, 0.000000e+00
1.181470e+00, 0.000000e+00
1.153763e+00, 0.000000e+00
1.126057e+00, 0.000000e+00
1.098350e+00, 0.000000e+00
1.072706e+00, 0.000000e+00
1.048589e+00, 0.000000e+00
1.024471e+00, 0.000000e+00
1.000354e+00, 0.000000e+00
9.762362e-01, 0.000000e+00
9.521187e-01, 0.000000e+00
9.280012e-01, 0.000000e+00
9.038837e-01, 0.000000e+00
8.797662e-01, 0.000000e+00
8.587533e-01, 0.000000e+00
8.380058e-01, 0.000000e+00
8.172583e-01, 0.000000e+00
7.965108e-01, 0.000000e+00
7.757633e-01, 0.000000e+00
7.550158e-01, 0.000000e+00
7.342683e-01, 0.000000e+00
7.135208e-01, 0.000000e+00
6.936124e-01, 0.000000e+00
6.759995e-01, 0.000000e+00
6.583866e-01, 0.000000e+00
6.407737e-01, 0.000000e+00
6.231608e-01, 0.000000e+00
6.055479e-01, 0.000000e+00
5.879350e-01, 0.000000e+00
5.703220e-01, 0.000000e+00
5.527091e-01, 0.000000e+00
5.368678e-01, 0.000000e+00
5.221393e-01, 0.000000e+00
5.074109e-01, 0.000000e+00
4.926824e-01, 0.000000e+00
4.779540e-01, 0.000000e+00
4.632255e-01, 0.000000e+00
4.484971e-01, 0.000000e+00
4.337686e-01, 0.000000e+00
4.190402e-01, 0.000000e+00
4.068301e-01, 0.000000e+00
3.947233e-01, 0.000000e+00
3.826166e-01, 0.000000e+00
3.705098e-01, 0.000000e+00
3.584030e-01, 0.000000e+00
3.462962e-01, 0.000000e+00
3.341894e-01, 0.000000e+00
3.220826e-01, 0.000000e+00
3.106971e-01, 0.000000e+00
3.009392e-01, 0.000000e+00
2.911813e-01, 0.000000e+00
2.814234e-01, 0.000000e+00
2.716655e-01, 0.000000e+00
2.619076e-01, 0.000000e+00
2.521498e-01, 0.000000e+00
2.423919e-01, 0.000000e+00
2.326340e-01, 0.000000e+00
2.242287e-01, 0.000000e+00
2.165406e-01, 0.000000e+00
2.088524e-01, 0.000000e+00
2.011642e-01, 0.000000e+00
1.934760e-01, 0.000000e+00
1.857878e-01, 0.000000e+00
1.780997e-01, 0.000000e+00
1.704115e-01, 0.000000e+00
1.627233e-01, 0.000000e+00
