2.235071e-02, 3.212605e+02
1.083001e+00, 1.557169e+02
2.274661e+00, 1.462779e+02
1.225180e+01, 3.376862e+02
3.307636e+01, 3.357728e+02
3.969435e+01, 3.356342e+02
3.925750e+01, 3.342456e+02
3.753143e+01, 3.326058e+02
3.543353e+01, 3.309601e+02
3.304980e+01, 3.293277e+02
3.040914e+01, 3.277018e+02
2.754034e+01, 3.260735e+02
2.447450e+01, 3.244326e+02
2.124475e+01, 3.227656e+02
1.788577e+01, 3.210524e+02
1.443343e+01, 3.192572e+02
1.092436e+01, 3.173030e+02
7.395779e+00, 3.149740e+02
3.886687e+00, 3.112979e+02
5.079873e-01, 2.784139e+02
2.977508e+00, 1.381066e+02
6.225001e+00, 1.334606e+02
9.325474e+00, 1.308575e+02
1.224485e+01, 1.286915e+02
1.495470e+01, 1.266660e+02
1.742971e+01, 1.246800e+02
1.964750e+01, 1.226848e+02
2.158885e+01, 1.206490e+02
2.323794e+01, 1.185469e+02
2.458259e+01, 1.163535e+02
2.561456e+01, 1.140413e+02
2.632984e+01, 1.115782e+02
2.672833e+01, 1.089222e+02
2.681359e+01, 1.060177e+02
2.659670e+01, 1.027971e+02
2.609816e+01, 9.918021e+01
2.534822e+01, 9.506367e+01
2.438932e+01, 9.031566e+01
2.327986e+01, 8.477099e+01
2.209909e+01, 7.822685e+01
2.095448e+01, 7.046602e+01
1.998691e+01, 6.132816e+01
1.936464e+01, 5.082533e+01
1.926067e+01, 3.927945e+01
1.981043e+01, 2.735960e+01
2.106971e+01, 1.589035e+01
2.300442e+01, 5.530514e+00
2.551791e+01, 3.565908e+02
2.848966e+01, 3.490786e+02
3.180180e+01, 3.428399e+02
3.534991e+01, 3.376730e+02
3.904436e+01, 3.333881e+02
4.280817e+01, 3.298275e+02
4.657430e+01, 3.268680e+02
5.028343e+01, 3.244159e+02
5.388261e+01, 3.224010e+02
5.732441e+01, 3.207710e+02
6.056668e+01, 3.194870e+02
6.357268e+01, 3.185200e+02
6.631129e+01, 3.178475e+02
6.875745e+01, 3.174520e+02
7.089245e+01, 3.173192e+02
7.270415e+01, 3.174359e+02
7.418695e+01, 3.177899e+02
7.534151e+01, 3.183683e+02
7.617408e+01, 3.191569e+02
7.669557e+01, 3.201400e+02
7.692036e+01, 3.212996e+02
7.686487e+01, 3.226153e+02
7.654610e+01, 3.240646e+02
7.598020e+01, 3.256230e+02
7.518133e+01, 3.272645e+02
7.416079e+01, 3.289625e+02
7.292666e+01, 3.306904e+02
7.148383e+01, 3.324227e+02
6.983454e+01, 3.341358e+02
6.797924e+01, 3.358088e+02
6.591772e+01, 3.374241e+02
6.365024e+01, 3.389676e+02
6.117876e+01, 3.404294e+02
5.850789e+01, 3.418032e+02
5.564561e+01, 3.430865e+02
5.260378e+01, 3.442802e+02
4.939832e+01, 3.453884e+02
4.604904e+01, 3.464180e+02
4.257942e+01, 3.473784e+02
3.901601e+01, 3.482815e+02
3.538790e+01, 3.491413e+02
3.172599e+01, 3.499743e+02
2.806232e+01, 3.507999e+02
2.442933e+01, 3.516417e+02
2.085926e+01, 3.525295e+02
1.738353e+01, 3.535040e+02
1.403225e+01, 3.546273e+02
1.083382e+01, 3.560077e+02
7.814817e+00, 3.578757e+02
5.000924e+00, 8.808993e-01
2.425445e+00, 8.096920e+00
5.011679e-01, 8.653428e+01
2.168104e+00, 1.653501e+02
3.999751e+00, 1.730849e+02
5.587993e+00, 1.769638e+02
6.920587e+00, 1.800974e+02
8.001887e+00, 1.831825e+02
8.844810e+00, 1.865120e+02
9.470700e+00, 1.902731e+02
9.910457e+00, 1.946202e+02
1.020606e+01, 1.996911e+02
1.041191e+01, 2.055971e+02
1.059494e+01, 2.123908e+02
1.083186e+01, 2.200172e+02
1.120175e+01, 2.282696e+02
1.177414e+01, 2.367888e+02
1.259618e+01, 2.451361e+02
1.368520e+01, 2.529121e+02
1.503000e+01, 2.598517e+02
1.659859e+01, 2.658476e+02
1.834735e+01, 2.709145e+02
2.022809e+01, 2.751371e+02
2.219235e+01, 2.786271e+02
2.419345e+01, 2.814973e+02
2.618731e+01, 2.838497e+02
2.813283e+01, 2.857710e+02
2.999184e+01, 2.873324e+02
3.172928e+01, 2.885913e+02
3.331316e+01, 2.895932e+02
3.471476e+01, 2.903733e+02
3.590873e+01, 2.909582e+02
3.687325e+01, 2.913672e+02
3.759021e+01, 2.916132e+02
3.804538e+01, 2.917030e+02
3.822847e+01, 2.916381e+02
3.813335e+01, 2.914145e+02
3.775806e+01, 2.910225e+02
3.710493e+01, 2.904462e+02
3.618075e+01, 2.896628e+02
3.499684e+01, 2.886407e+02
3.356939e+01, 2.873379e+02
3.191982e+01, 2.856982e+02
3.007550e+01, 2.836471e+02
2.807078e+01, 2.810849e+02
2.594873e+01, 2.778786e+02
2.376377e+01, 2.738506e+02
2.158559e+01, 2.687691e+02
1.950448e+01, 2.623481e+02
1.763681e+01, 2.542812e+02
1.612598e+01, 2.443561e+02
1.512769e+01, 2.326807e+02
1.476756e+01, 2.199177e+02
1.508369e+01, 2.072023e+02
1.600245e+01, 1.956243e+02
1.737475e+01, 1.857573e+02
1.903490e+01, 1.776447e+02
2.083779e+01, 1.710491e+02
2.266904e+01, 1.656635e+02
2.444181e+01, 1.612095e+02
2.609067e+01, 1.574637e+02
2.756615e+01, 1.542548e+02
2.883095e+01, 1.514527e+02
2.985735e+01, 1.489572e+02
3.062554e+01, 1.466896e+02
3.112249e+01, 1.445855e+02
3.134121e+01, 1.425894e+02
3.128012e+01, 1.406510e+02
3.094262e+01, 1.387217e+02
3.033683e+01, 1.367513e+02
2.947531e+01, 1.346850e+02
2.837501e+01, 1.324600e+02
2.705750e+01, 1.300008e+02
2.554940e+01, 1.272135e+02
2.388338e+01, 1.239780e+02
2.209995e+01, 1.201370e+02
2.025027e+01, 1.154836e+02
1.840056e+01, 1.097487e+02
1.663832e+01, 1.026016e+02
1.507889e+01, 9.369564e+01
1.386681e+01, 8.281722e+01
1.315860e+01, 7.017252e+01
1.307459e+01, 5.663071e+01
1.364011e+01, 4.350653e+01
1.477228e+01, 3.188771e+01
1.632723e+01, 2.220765e+01
1.815701e+01, 1.437095e+01
2.013821e+01, 8.062437e+00
2.217634e+01, 2.947287e+00
2.420082e+01, 3.587454e+02
2.615897e+01, 3.552426e+02
2.801127e+01, 3.522802e+02
2.972823e+01, 3.497418e+02
3.128832e+01, 3.475413e+02
3.267672e+01, 3.456142e+02
3.388431e+01, 3.439106e+02
3.490710e+01, 3.423908e+02
3.574559e+01, 3.410219e+02
3.640426e+01, 3.397753e+02
3.689103e+01, 3.386243e+02
3.721674e+01, 3.375434e+02
3.739458e+01, 3.365069e+02
3.743957e+01, 3.354881e+02
3.736811e+01, 3.344590e+02
3.719757e+01, 3.333903e+02
3.694597e+01, 3.322510e+02
3.663186e+01, 3.310091e+02
3.627427e+01, 3.296322e+02
3.589280e+01, 3.280881e+02
3.550779e+01, 3.263467e+02
3.514055e+01, 3.243808e+02
3.481354e+01, 3.221687e+02
3.455039e+01, 3.196962e+02
3.437572e+01, 3.169586e+02
3.431464e+01, 3.139632e+02
3.439187e+01, 3.107306e+02
3.463055e+01, 3.072948e+02
3.505087e+01, 3.037021e+02
3.566852e+01, 3.000080e+02
3.649352e+01, 2.962727e+02
3.752932e+01, 2.925561e+02
3.877251e+01, 2.889125e+02
4.021301e+01, 2.853872e+02
4.183477e+01, 2.820138e+02
4.361667e+01, 2.788142e+02
4.553358e+01, 2.757991e+02
4.755737e+01, 2.729697e+02
4.965779e+01, 2.703200e+02
5.180324e+01, 2.678387e+02
5.396142e+01, 2.655111e+02
5.609984e+01, 2.633205e+02
5.818628e+01, 2.612494e+02
6.018928e+01, 2.592803e+02
6.207848e+01, 2.573960e+02
6.382508e+01, 2.555806e+02
6.540224e+01, 2.538190e+02
6.678549e+01, 2.520972e+02
6.795310e+01, 2.504029e+02
6.888648e+01, 2.487245e+02
6.957044e+01, 2.470520e+02
6.999352e+01, 2.453764e+02
7.014808e+01, 2.436897e+02
7.003049e+01, 2.419852e+02
6.964104e+01, 2.402570e+02
6.898395e+01, 2.385002e+02
6.806708e+01, 2.367108e+02
6.690175e+01, 2.348857e+02
6.550234e+01, 2.330226e+02
6.388590e+01, 2.311202e+02
6.207171e+01, 2.291777e+02
6.008078e+01, 2.271956e+02
5.793533e+01, 2.251752e+02
5.565836e+01, 2.231188e+02
5.327310e+01, 2.210299e+02
5.080261e+01, 2.189136e+02
4.826935e+01, 2.167764e+02
4.569484e+01, 2.146269e+02
4.309934e+01, 2.124761e+02
4.050164e+01, 2.103381e+02
3.791888e+01, 2.082304e+02
3.536650e+01, 2.061753e+02
3.285823e+01, 2.042008e+02
3.040621e+01, 2.023421e+02
2.802127e+01, 2.006437e+02
2.571328e+01, 1.991620e+02
2.349179e+01, 1.979684e+02
2.136684e+01, 1.971542e+02
1.935016e+01, 1.968353e+02
1.745675e+01, 1.971580e+02
1.570700e+01, 1.983026e+02
1.412923e+01, 2.004790e+02
1.276218e+01, 2.039018e+02
1.165578e+01, 2.087245e+02
1.086702e+01, 2.149199e+02
1.044734e+01, 2.221456e+02
1.042296e+01, 2.297254e+02
1.078012e+01, 2.368574e+02
1.146805e+01, 2.429265e+02
1.241717e+01, 2.476624e+02
1.355768e+01, 2.510825e+02
1.482960e+01, 2.533519e+02
1.618482e+01, 2.546761e+02
1.758561e+01, 2.552463e+02
1.900202e+01, 2.552209e+02
2.040971e+01, 2.547243e+02
2.178831e+01, 2.538512e+02
2.312032e+01, 2.526728e+02
2.439044e+01, 2.512420e+02
2.558514e+01, 2.495975e+02
2.669249e+01, 2.477673e+02
2.770206e+01, 2.457708e+02
2.860493e+01, 2.436211e+02
2.939374e+01, 2.413257e+02
3.006282e+01, 2.388881e+02
3.060823e+01, 2.363083e+02
3.102797e+01, 2.335831e+02
3.132202e+01, 2.307070e+02
3.149246e+01, 2.276720e+02
3.154359e+01, 2.244684e+02
3.148198e+01, 2.210849e+02
3.131652e+01, 2.175087e+02
3.105841e+01, 2.137266e+02
3.072113e+01, 2.097251e+02
3.032028e+01, 2.054912e+02
2.987339e+01, 2.010142e+02
2.939954e+01, 1.962861e+02
2.891887e+01, 1.913041e+02
2.845186e+01, 1.860720e+02
2.801852e+01, 1.806017e+02
2.763728e+01, 1.749150e+02
2.732389e+01, 1.690436e+02
2.709029e+01, 1.630288e+02
2.694366e+01, 1.569189e+02
2.688571e+01, 1.507665e+02
2.691254e+01, 1.446237e+02
2.701485e+01, 1.385383e+02
2.717871e+01, 1.325499e+02
2.738658e+01, 1.266876e+02
2.761853e+01, 1.209688e+02
2.785361e+01, 1.153993e+02
2.807093e+01, 1.099742e+02
2.825083e+01, 1.046794e+02
2.837572e+01, 9.949302e+01
2.843081e+01, 9.438667e+01
2.840479e+01, 8.932675e+01
2.829032e+01, 8.427512e+01
2.808452e+01, 7.918967e+01
2.778943e+01, 7.402483e+01
2.741243e+01, 6.873218e+01
2.696668e+01, 6.326140e+01
2.647144e+01, 5.756212e+01
2.595233e+01, 5.158700e+01
2.544115e+01, 4.529662e+01
2.497532e+01, 3.866645e+01
2.459636e+01, 3.169561e+01
2.434739e+01, 2.441590e+01
2.426939e+01, 1.689806e+01
2.439666e+01, 9.251512e+00
2.475239e+01, 1.614760e+00
2.534531e+01, 3.541372e+02
2.616857e+01, 3.469574e+02
2.720092e+01, 3.401853e+02
2.840973e+01, 3.338929e+02
2.975468e+01, 3.281143e+02
3.119132e+01, 3.228522e+02
3.267389e+01, 3.180868e+02
3.415729e+01, 3.137850e+02
3.559835e+01, 3.099067e+02
3.695658e+01, 3.064101e+02
3.819459e+01, 3.032546e+02
3.927826e+01, 3.004023e+02
4.017697e+01, 2.978187e+02
4.086360e+01, 2.954734e+02
4.131469e+01, 2.933391e+02
4.151049e+01, 2.913923e+02
4.143504e+01, 2.896126e+02
4.107629e+01, 2.879822e+02
4.042609e+01, 2.864861e+02
3.948033e+01, 2.851119e+02
3.823889e+01, 2.838493e+02
3.670567e+01, 2.826908e+02
3.488853e+01, 2.816314e+02
3.279920e+01, 2.806695e+02
3.045321e+01, 2.798074e+02
2.786969e+01, 2.790535e+02
2.507122e+01, 2.784250e+02
2.208368e+01, 2.779543e+02
1.893608e+01, 2.777017e+02
1.566071e+01, 2.777855e+02
1.229380e+01, 2.784614e+02
8.878706e+00, 2.803855e+02
5.482339e+00, 2.858291e+02
2.354938e+00, 3.092893e+02
2.239652e+00, 4.497108e+01
5.212671e+00, 7.014643e+01
8.352372e+00, 7.584329e+01
1.138760e+01, 7.785999e+01
1.425098e+01, 7.859312e+01
1.690053e+01, 7.872289e+01
1.930219e+01, 7.851030e+01
2.142638e+01, 7.807306e+01
2.324737e+01, 7.746827e+01
2.474314e+01, 7.672295e+01
2.589564e+01, 7.584681e+01
2.669098e+01, 7.483785e+01
2.711977e+01, 7.368446e+01
2.717744e+01, 7.236557e+01
2.686459e+01, 7.084909e+01
2.618753e+01, 6.908857e+01
2.515893e+01, 6.701723e+01
2.379892e+01, 6.453798e+01
2.213685e+01, 6.150655e+01
2.021459e+01, 5.770261e+01
1.809264e+01, 5.278039e+01
1.586208e+01, 4.618733e+01
1.366795e+01, 3.705491e+01
1.175015e+01, 2.418368e+01
1.048365e+01, 6.673663e+00
1.029918e+01, 3.459067e+02
1.137048e+01, 3.262243e+02
1.345705e+01, 3.108641e+02
1.617815e+01, 2.998663e+02
1.923821e+01, 2.920332e+02
2.244526e+01, 2.862979e+02
2.567284e+01, 2.819495e+02
2.883128e+01, 2.785415e+02
3.185209e+01, 2.757923e+02
3.468017e+01, 2.735188e+02
3.726989e+01, 2.715979e+02
3.958313e+01, 2.699437e+02
4.158833e+01, 2.684938e+02
4.326000e+01, 2.672007e+02
4.457843e+01, 2.660270e+02
4.552952e+01, 2.649415e+02
4.610461e+01, 2.639171e+02
4.630030e+01, 2.629291e+02
4.611823e+01, 2.619541e+02
4.556484e+01, 2.609685e+02
4.465113e+01, 2.599483e+02
4.339240e+01, 2.588676e+02
4.180800e+01, 2.576972e+02
3.992118e+01, 2.564034e+02
3.775895e+01, 2.549456e+02
3.535211e+01, 2.532725e+02
3.273543e+01, 2.513172e+02
2.994820e+01, 2.489890e+02
2.703525e+01, 2.461605e+02
2.404895e+01, 2.426468e+02
2.105296e+01, 2.381714e+02
1.812920e+01, 2.323153e+02
1.539029e+01, 2.244501e+02
1.299967e+01, 2.137191e+02
1.119046e+01, 1.993134e+02
1.023472e+01, 1.815033e+02
1.028749e+01, 1.627786e+02
1.122264e+01, 1.464153e+02
1.272458e+01, 1.337825e+02
1.449393e+01, 1.244403e+02
1.632405e+01, 1.174797e+02
1.808524e+01, 1.121424e+02
1.969620e+01, 1.079018e+02
2.110491e+01, 1.044055e+02
2.227786e+01, 1.014138e+02
2.319423e+01, 9.875641e+01
2.384271e+01, 9.630470e+01
2.421974e+01, 9.395426e+01
2.432856e+01, 9.161282e+01
2.417883e+01, 8.919164e+01
2.378661e+01, 8.659851e+01
2.317489e+01, 8.373156e+01
2.237451e+01, 8.047339e+01
2.142586e+01, 7.668607e+01
2.038116e+01, 7.220879e+01
1.930759e+01, 6.686297e+01
1.829024e+01, 6.047409e+01
1.743322e+01, 5.292364e+01
1.685466e+01, 4.423787e+01
1.667112e+01, 3.468555e+01
1.697123e+01, 2.479936e+01
1.779058e+01, 1.524211e+01
1.910500e+01, 6.576878e+00
2.084634e+01, 3.591133e+02
2.292716e+01, 3.529115e+02
2.525983e+01, 3.478755e+02
2.776581e+01, 3.438459e+02
3.037812e+01, 3.406570e+02
3.304047e+01, 3.381619e+02
3.570553e+01, 3.362391e+02
3.833323e+01, 3.347919e+02
4.088939e+01, 3.337443e+02
4.334475e+01, 3.330366e+02
4.567432e+01, 3.326222e+02
4.785684e+01, 3.324642e+02
4.987451e+01, 3.325331e+02
5.171270e+01, 3.328053e+02
5.335985e+01, 3.332617e+02
5.480728e+01, 3.338870e+02
5.604913e+01, 3.346687e+02
5.708230e+01, 3.355971e+02
5.790639e+01, 3.366646e+02
5.852367e+01, 3.378659e+02
5.893911e+01, 3.391978e+02
5.916036e+01, 3.406590e+02
5.919774e+01, 3.422501e+02
5.906427e+01, 3.439735e+02
5.877560e+01, 3.458334e+02
5.834998e+01, 3.478353e+02
5.780810e+01, 3.499856e+02
5.717295e+01, 3.522915e+02
5.646947e+01, 3.547599e+02
5.572420e+01, 3.573968e+02
5.496472e+01, 2.062693e-01
5.421895e+01, 3.189535e+00
5.351434e+01, 6.343783e+00
5.287682e+01, 9.661335e+00
5.232974e+01, 1.312904e+01
5.189272e+01, 1.672815e+01
5.158055e+01, 2.043484e+01
5.140229e+01, 2.422135e+01
5.136071e+01, 2.805774e+01
5.145210e+01, 3.191401e+01
5.166653e+01, 3.576225e+01
5.198857e+01, 3.957862e+01
5.239841e+01, 4.334474e+01
5.287321e+01, 4.704847e+01
5.338861e+01, 5.068404e+01
5.392024e+01, 5.425154e+01
5.444521e+01, 5.775604e+01
5.494342e+01, 6.120643e+01
5.539862e+01, 6.461400e+01
5.579925e+01, 6.799110e+01
5.613899e+01, 7.134961e+01
5.641692e+01, 7.469950e+01
5.663726e+01, 7.804742e+01
5.680871e+01, 8.139533e+01
5.694337e+01, 8.473927e+01
5.705518e+01, 8.806851e+01
5.715804e+01, 9.136502e+01
5.726386e+01, 9.460360e+01
5.738050e+01, 9.775264e+01
5.751019e+01, 1.007755e+02
5.764835e+01, 1.036327e+02
5.778325e+01, 1.062837e+02
5.789649e+01, 1.086896e+02
5.796420e+01, 1.108146e+02
5.795896e+01, 1.126274e+02
5.785203e+01, 1.141018e+02
5.761581e+01, 1.152164e+02
5.722606e+01, 1.159545e+02
5.666394e+01, 1.163028e+02
5.591751e+01, 1.162511e+02
5.498274e+01, 1.157905e+02
5.386394e+01, 1.149135e+02
5.257372e+01, 1.136131e+02
5.113238e+01, 1.118828e+02
4.956690e+01, 1.097168e+02
4.790960e+01, 1.071106e+02
4.619637e+01, 1.040625e+02
4.446477e+01, 1.005749e+02
4.275182e+01, 9.665615e+01
4.109176e+01, 9.232255e+01
3.951386e+01, 8.759948e+01
3.804037e+01, 8.252217e+01
3.668501e+01, 7.713464e+01
3.545214e+01, 7.148723e+01
3.433676e+01, 6.563248e+01
3.332559e+01, 5.962006e+01
3.239886e+01, 5.349162e+01
3.153280e+01, 4.727639e+01
3.070241e+01, 4.098818e+01
2.988412e+01, 3.462382e+01
2.905822e+01, 2.816311e+01
2.821094e+01, 2.156956e+01
2.733605e+01, 1.479190e+01
2.643619e+01, 7.766101e+00
2.552392e+01, 4.184264e-01
2.462255e+01, 3.526703e+02
2.376658e+01, 3.444467e+02
2.300143e+01, 3.356891e+02
2.238184e+01, 3.263750e+02
2.196816e+01, 3.165407e+02
2.181989e+01, 3.063002e+02
2.198706e+01, 2.958475e+02
2.250157e+01, 2.854322e+02
2.337164e+01, 2.753121e+02
2.458164e+01, 2.657030e+02
2.609678e+01, 2.567508e+02
2.787023e+01, 2.485166e+02
2.984875e+01, 2.409949e+02
3.197869e+01, 2.341412e+02
3.420845e+01, 2.278913e+02
3.648972e+01, 2.221749e+02
3.877681e+01, 2.169276e+02
4.102329e+01, 2.120907e+02
4.318557e+01, 2.076080e+02
4.522215e+01, 2.034289e+02
4.709349e+01, 1.995081e+02
4.876220e+01, 1.958048e+02
5.019335e+01, 1.922819e+02
5.135488e+01, 1.889048e+02
5.221818e+01, 1.856408e+02
5.275859e+01, 1.824580e+02
5.295614e+01, 1.793249e+02
5.279607e+01, 1.762093e+02
5.226949e+01, 1.730773e+02
5.137396e+01, 1.698921e+02
5.011399e+01, 1.666128e+02
4.850162e+01, 1.631919e+02
4.655701e+01, 1.595733e+02
4.430916e+01, 1.556883e+02
4.179696e+01, 1.514506e+02
3.907069e+01, 1.467503e+02
3.619443e+01, 1.414454e+02
3.324966e+01, 1.353533e+02
3.034040e+01, 1.282453e+02
2.759971e+01, 1.198559e+02
2.519465e+01, 1.099313e+02
2.332119e+01, 9.834803e+01
2.216449e+01, 8.521323e+01
2.176447e+01, 6.950708e+01
2.116271e+01, 4.110384e+01
4.691764e+00, 2.109536e+02
1.881817e+00, 2.100641e+02
1.634685e-01, 3.650294e+01
