##TITLE= twqubit_encoding2_C
##JCAMP-DX= 5.00 Bruker JCAMP library
##DATA TYPE= Shape Data
##ORIGIN= Dawei's GRAPE Pulses 
##OWNER= Dawei
##DATE= 17-Dec-2014
##TIME= 16:26
##MINX= 0.000000e+00
##MAXX= 6.837868e+01
##MINY= 0.000000e+00
##MAXY= 3.590309e+02
##$SHAPE_EXMODE= None
##$SHAPE_TOTROT= 9.000000e+01
##$SHAPE_BWFAC= 1.000000e+00
##$SHAPE_INTEGFAC= 1.000000e+00
##$SHAPE_MODE= 1
##PULSE_WIDTH= 2.329000e-02
##Calibration_Power= 25000
##NPOINTS= 2329
##XYPOINTS= (XY..XY)
  2.051976e+00,  1.259465e+02
  1.657115e+01,  1.648987e+02
  3.288934e+01,  2.154337e+02
  4.168968e+01,  2.550165e+02
  2.549503e+01,  2.640355e+02
  1.440432e+01,  2.269787e+02
  9.300130e+00,  1.875008e+02
  8.736879e+00,  7.233817e+01
  2.144758e+01,  3.224235e+01
  2.656158e+01,  1.161824e+01
  1.906873e+01,  3.532860e+02
  1.364678e+01,  2.790207e+02
  2.483271e+01,  2.410737e+02
  2.056735e+01,  2.253239e+02
  6.807500e+00,  1.715267e+02
  1.076609e+01,  6.125982e+01
  1.759333e+01,  1.698841e+01
  1.758525e+01,  9.235001e+00
  3.299453e+00,  9.141769e+01
  1.986280e+01,  1.983615e+02
  2.342039e+01,  2.214909e+02
  7.635488e+00,  2.740623e+02
  1.771892e+01,  4.527965e+01
  2.379096e+01,  6.500598e+01
  1.492538e+01,  5.807052e+01
  1.225254e+01,  3.704649e+01
  1.707885e+01,  6.116160e+01
  1.940550e+01,  7.963848e+01
  8.132729e+00,  6.690314e+01
  1.514881e+01,  3.123536e+02
  2.456380e+01,  2.996023e+02
  1.805839e+01,  2.718299e+02
  1.847746e+01,  2.250903e+02
  1.860161e+01,  2.307381e+02
  1.428760e+01,  2.902293e+02
  1.989041e+01,  3.478872e+02
  1.904269e+01,  1.744966e+01
  1.026923e+01,  4.489260e+01
  3.486969e+00,  4.936803e+01
  1.159931e+01,  3.560707e+02
  2.761746e+01,  6.902994e+00
  3.070416e+01,  2.500630e+01
  1.392051e+01,  6.356445e+01
  1.643756e+01,  1.943804e+02
  2.566366e+01,  2.260670e+02
  1.207189e+01,  2.509887e+02
  1.291248e+01,  6.742972e+01
  2.539666e+01,  9.086898e+01
  1.553814e+01,  1.188848e+02
  1.184671e+01,  2.534711e+02
  2.739246e+01,  2.840566e+02
  2.694555e+01,  2.819930e+02
  2.086809e+01,  2.563446e+02
  1.228194e+01,  2.424837e+02
  4.675224e+00,  2.443804e+01
  1.514232e+01,  3.742693e+01
  1.226212e+01,  2.216116e+01
  8.893565e+00,  3.156466e+02
  1.547255e+01,  2.771976e+02
  1.622329e+01,  2.581061e+02
  8.612269e+00,  2.285328e+02
  6.443975e+00,  8.864860e+01
  1.918278e+01,  5.674146e+01
  2.601787e+01,  4.623847e+01
  1.962209e+01,  4.814645e+01
  4.512051e+00,  1.515808e+02
  2.346608e+01,  2.176019e+02
  3.036733e+01,  2.297391e+02
  1.931267e+01,  2.541133e+02
  1.265763e+01,  3.462529e+02
  1.834783e+01,  3.484025e+01
  9.012556e+00,  6.934207e+01
  9.207726e+00,  2.078344e+02
  1.602565e+01,  2.234474e+02
  1.185418e+01,  2.099989e+02
  6.921635e+00,  1.585031e+02
  6.447029e+00,  1.140105e+02
  3.081260e+00,  1.226707e+02
  5.056677e+00,  2.240109e+02
  1.060397e+01,  2.322848e+02
  1.392418e+01,  2.385592e+02
  1.731710e+01,  2.544670e+02
  2.379792e+01,  2.621829e+02
  3.037434e+01,  2.569670e+02
  3.125422e+01,  2.509829e+02
  2.314590e+01,  2.394334e+02
  1.397216e+01,  1.958745e+02
  1.195441e+01,  1.338826e+02
  1.111331e+01,  6.626421e+01
  1.442752e+01,  1.383683e+01
  1.188815e+01,  3.369256e+02
  7.047998e+00,  2.514273e+02
  1.418072e+01,  1.871791e+02
  1.818898e+01,  1.601299e+02
  2.070810e+01,  1.335047e+02
  2.629553e+01,  1.357351e+02
  3.074970e+01,  1.698178e+02
  2.945452e+01,  2.232835e+02
  2.166026e+01,  3.099525e+02
  4.622272e+00,  4.913454e+01
  0.000000e+00,  0.000000e+00
  0.000000e+00,  0.000000e+00
  0.000000e+00,  0.000000e+00
  0.000000e+00,  0.000000e+00
  0.000000e+00,  0.000000e+00
  0.000000e+00,  0.000000e+00
  0.000000e+00,  0.000000e+00
  0.000000e+00,  0.000000e+00
  0.000000e+00,  0.000000e+00
  0.000000e+00,  0.000000e+00
  0.000000e+00,  0.000000e+00
  0.000000e+00,  0.000000e+00
  0.000000e+00,  0.000000e+00
  0.000000e+00,  0.000000e+00
  0.000000e+00,  0.000000e+00
  0.000000e+00,  0.000000e+00
  0.000000e+00,  0.000000e+00
  0.000000e+00,  0.000000e+00
  0.000000e+00,  0.000000e+00
  0.000000e+00,  0.000000e+00
  0.000000e+00,  0.000000e+00
  0.000000e+00,  0.000000e+00
  0.000000e+00,  0.000000e+00
  0.000000e+00,  0.000000e+00
  0.000000e+00,  0.000000e+00
  0.000000e+00,  0.000000e+00
  0.000000e+00,  0.000000e+00
  0.000000e+00,  0.000000e+00
  0.000000e+00,  0.000000e+00
  0.000000e+00,  0.000000e+00
  0.000000e+00,  0.000000e+00
  0.000000e+00,  0.000000e+00
  0.000000e+00,  0.000000e+00
  0.000000e+00,  0.000000e+00
  0.000000e+00,  0.000000e+00
  0.000000e+00,  0.000000e+00
  0.000000e+00,  0.000000e+00
  0.000000e+00,  0.000000e+00
  0.000000e+00,  0.000000e+00
  0.000000e+00,  0.000000e+00
  0.000000e+00,  0.000000e+00
  0.000000e+00,  0.000000e+00
  0.000000e+00,  0.000000e+00
  0.000000e+00,  0.000000e+00
  0.000000e+00,  0.000000e+00
  0.000000e+00,  0.000000e+00
  0.000000e+00,  0.000000e+00
  0.000000e+00,  0.000000e+00
  0.000000e+00,  0.000000e+00
  0.000000e+00,  0.000000e+00
  0.000000e+00,  0.000000e+00
  0.000000e+00,  0.000000e+00
  0.000000e+00,  0.000000e+00
  0.000000e+00,  0.000000e+00
  0.000000e+00,  0.000000e+00
  0.000000e+00,  0.000000e+00
  0.000000e+00,  0.000000e+00
  0.000000e+00,  0.000000e+00
  0.000000e+00,  0.000000e+00
  0.000000e+00,  0.000000e+00
  0.000000e+00,  0.000000e+00
  0.000000e+00,  0.000000e+00
  0.000000e+00,  0.000000e+00
  0.000000e+00,  0.000000e+00
  0.000000e+00,  0.000000e+00
  0.000000e+00,  0.000000e+00
  0.000000e+00,  0.000000e+00
  0.000000e+00,  0.000000e+00
  0.000000e+00,  0.000000e+00
  0.000000e+00,  0.000000e+00
  0.000000e+00,  0.000000e+00
  0.000000e+00,  0.000000e+00
  0.000000e+00,  0.000000e+00
  0.000000e+00,  0.000000e+00
  0.000000e+00,  0.000000e+00
  0.000000e+00,  0.000000e+00
  0.000000e+00,  0.000000e+00
  0.000000e+00,  0.000000e+00
  0.000000e+00,  0.000000e+00
  0.000000e+00,  0.000000e+00
  0.000000e+00,  0.000000e+00
  0.000000e+00,  0.000000e+00
  0.000000e+00,  0.000000e+00
  0.000000e+00,  0.000000e+00
  0.000000e+00,  0.000000e+00
  0.000000e+00,  0.000000e+00
  0.000000e+00,  0.000000e+00
  0.000000e+00,  0.000000e+00
  0.000000e+00,  0.000000e+00
  0.000000e+00,  0.000000e+00
  0.000000e+00,  0.000000e+00
  0.000000e+00,  0.000000e+00
  0.000000e+00,  0.000000e+00
  0.000000e+00,  0.000000e+00
  0.000000e+00,  0.000000e+00
  0.000000e+00,  0.000000e+00
  0.000000e+00,  0.000000e+00
  0.000000e+00,  0.000000e+00
  0.000000e+00,  0.000000e+00
  0.000000e+00,  0.000000e+00
  0.000000e+00,  0.000000e+00
  0.000000e+00,  0.000000e+00
  0.000000e+00,  0.000000e+00
  0.000000e+00,  0.000000e+00
  0.000000e+00,  0.000000e+00
  0.000000e+00,  0.000000e+00
  0.000000e+00,  0.000000e+00
  0.000000e+00,  0.000000e+00
  0.000000e+00,  0.000000e+00
  0.000000e+00,  0.000000e+00
  0.000000e+00,  0.000000e+00
  0.000000e+00,  0.000000e+00
  0.000000e+00,  0.000000e+00
  0.000000e+00,  0.000000e+00
  0.000000e+00,  0.000000e+00
  0.000000e+00,  0.000000e+00
  0.000000e+00,  0.000000e+00
  0.000000e+00,  0.000000e+00
  0.000000e+00,  0.000000e+00
  0.000000e+00,  0.000000e+00
  0.000000e+00,  0.000000e+00
  0.000000e+00,  0.000000e+00
  0.000000e+00,  0.000000e+00
  0.000000e+00,  0.000000e+00
  0.000000e+00,  0.000000e+00
  0.000000e+00,  0.000000e+00
  0.000000e+00,  0.000000e+00
  0.000000e+00,  0.000000e+00
  0.000000e+00,  0.000000e+00
  0.000000e+00,  0.000000e+00
  0.000000e+00,  0.000000e+00
  0.000000e+00,  0.000000e+00
  0.000000e+00,  0.000000e+00
  0.000000e+00,  0.000000e+00
  0.000000e+00,  0.000000e+00
  0.000000e+00,  0.000000e+00
  0.000000e+00,  0.000000e+00
  0.000000e+00,  0.000000e+00
  0.000000e+00,  0.000000e+00
  0.000000e+00,  0.000000e+00
  0.000000e+00,  0.000000e+00
  0.000000e+00,  0.000000e+00
  0.000000e+00,  0.000000e+00
  0.000000e+00,  0.000000e+00
  0.000000e+00,  0.000000e+00
  0.000000e+00,  0.000000e+00
  0.000000e+00,  0.000000e+00
  0.000000e+00,  0.000000e+00
  0.000000e+00,  0.000000e+00
  0.000000e+00,  0.000000e+00
  0.000000e+00,  0.000000e+00
  0.000000e+00,  0.000000e+00
  0.000000e+00,  0.000000e+00
  0.000000e+00,  0.000000e+00
  0.000000e+00,  0.000000e+00
  0.000000e+00,  0.000000e+00
  0.000000e+00,  0.000000e+00
  0.000000e+00,  0.000000e+00
  0.000000e+00,  0.000000e+00
  0.000000e+00,  0.000000e+00
  0.000000e+00,  0.000000e+00
  0.000000e+00,  0.000000e+00
  0.000000e+00,  0.000000e+00
  0.000000e+00,  0.000000e+00
  0.000000e+00,  0.000000e+00
  0.000000e+00,  0.000000e+00
  0.000000e+00,  0.000000e+00
  0.000000e+00,  0.000000e+00
  0.000000e+00,  0.000000e+00
  0.000000e+00,  0.000000e+00
  0.000000e+00,  0.000000e+00
  0.000000e+00,  0.000000e+00
  0.000000e+00,  0.000000e+00
  0.000000e+00,  0.000000e+00
  0.000000e+00,  0.000000e+00
  0.000000e+00,  0.000000e+00
  0.000000e+00,  0.000000e+00
  0.000000e+00,  0.000000e+00
  0.000000e+00,  0.000000e+00
  0.000000e+00,  0.000000e+00
  0.000000e+00,  0.000000e+00
  0.000000e+00,  0.000000e+00
  0.000000e+00,  0.000000e+00
  0.000000e+00,  0.000000e+00
  0.000000e+00,  0.000000e+00
  0.000000e+00,  0.000000e+00
  0.000000e+00,  0.000000e+00
  0.000000e+00,  0.000000e+00
  0.000000e+00,  0.000000e+00
  0.000000e+00,  0.000000e+00
  0.000000e+00,  0.000000e+00
  0.000000e+00,  0.000000e+00
  0.000000e+00,  0.000000e+00
  0.000000e+00,  0.000000e+00
  0.000000e+00,  0.000000e+00
  0.000000e+00,  0.000000e+00
  0.000000e+00,  0.000000e+00
  0.000000e+00,  0.000000e+00
  0.000000e+00,  0.000000e+00
  0.000000e+00,  0.000000e+00
  0.000000e+00,  0.000000e+00
  0.000000e+00,  0.000000e+00
  0.000000e+00,  0.000000e+00
  0.000000e+00,  0.000000e+00
  0.000000e+00,  0.000000e+00
  0.000000e+00,  0.000000e+00
  0.000000e+00,  0.000000e+00
  0.000000e+00,  0.000000e+00
  0.000000e+00,  0.000000e+00
  0.000000e+00,  0.000000e+00
  0.000000e+00,  0.000000e+00
  0.000000e+00,  0.000000e+00
  0.000000e+00,  0.000000e+00
  0.000000e+00,  0.000000e+00
  0.000000e+00,  0.000000e+00
  0.000000e+00,  0.000000e+00
  0.000000e+00,  0.000000e+00
  0.000000e+00,  0.000000e+00
  0.000000e+00,  0.000000e+00
  0.000000e+00,  0.000000e+00
  0.000000e+00,  0.000000e+00
  0.000000e+00,  0.000000e+00
  0.000000e+00,  0.000000e+00
  0.000000e+00,  0.000000e+00
  0.000000e+00,  0.000000e+00
  0.000000e+00,  0.000000e+00
  0.000000e+00,  0.000000e+00
  0.000000e+00,  0.000000e+00
  0.000000e+00,  0.000000e+00
  0.000000e+00,  0.000000e+00
  0.000000e+00,  0.000000e+00
  0.000000e+00,  0.000000e+00
  0.000000e+00,  0.000000e+00
  0.000000e+00,  0.000000e+00
  0.000000e+00,  0.000000e+00
  0.000000e+00,  0.000000e+00
  0.000000e+00,  0.000000e+00
  0.000000e+00,  0.000000e+00
  0.000000e+00,  0.000000e+00
  0.000000e+00,  0.000000e+00
  0.000000e+00,  0.000000e+00
  0.000000e+00,  0.000000e+00
  0.000000e+00,  0.000000e+00
  0.000000e+00,  0.000000e+00
  0.000000e+00,  0.000000e+00
  0.000000e+00,  0.000000e+00
  0.000000e+00,  0.000000e+00
  0.000000e+00,  0.000000e+00
  0.000000e+00,  0.000000e+00
  0.000000e+00,  0.000000e+00
  0.000000e+00,  0.000000e+00
  0.000000e+00,  0.000000e+00
  0.000000e+00,  0.000000e+00
  0.000000e+00,  0.000000e+00
  0.000000e+00,  0.000000e+00
  0.000000e+00,  0.000000e+00
  0.000000e+00,  0.000000e+00
  0.000000e+00,  0.000000e+00
  0.000000e+00,  0.000000e+00
  0.000000e+00,  0.000000e+00
  0.000000e+00,  0.000000e+00
  0.000000e+00,  0.000000e+00
  0.000000e+00,  0.000000e+00
  0.000000e+00,  0.000000e+00
  0.000000e+00,  0.000000e+00
  0.000000e+00,  0.000000e+00
  0.000000e+00,  0.000000e+00
  0.000000e+00,  0.000000e+00
  0.000000e+00,  0.000000e+00
  0.000000e+00,  0.000000e+00
  0.000000e+00,  0.000000e+00
  0.000000e+00,  0.000000e+00
  0.000000e+00,  0.000000e+00
  0.000000e+00,  0.000000e+00
  0.000000e+00,  0.000000e+00
  0.000000e+00,  0.000000e+00
  0.000000e+00,  0.000000e+00
  0.000000e+00,  0.000000e+00
  0.000000e+00,  0.000000e+00
  0.000000e+00,  0.000000e+00
  0.000000e+00,  0.000000e+00
  0.000000e+00,  0.000000e+00
  0.000000e+00,  0.000000e+00
  0.000000e+00,  0.000000e+00
  0.000000e+00,  0.000000e+00
  0.000000e+00,  0.000000e+00
  0.000000e+00,  0.000000e+00
  0.000000e+00,  0.000000e+00
  0.000000e+00,  0.000000e+00
  0.000000e+00,  0.000000e+00
  0.000000e+00,  0.000000e+00
  0.000000e+00,  0.000000e+00
  0.000000e+00,  0.000000e+00
  0.000000e+00,  0.000000e+00
  0.000000e+00,  0.000000e+00
  0.000000e+00,  0.000000e+00
  0.000000e+00,  0.000000e+00
  0.000000e+00,  0.000000e+00
  0.000000e+00,  0.000000e+00
  0.000000e+00,  0.000000e+00
  0.000000e+00,  0.000000e+00
  0.000000e+00,  0.000000e+00
  0.000000e+00,  0.000000e+00
  0.000000e+00,  0.000000e+00
  0.000000e+00,  0.000000e+00
  0.000000e+00,  0.000000e+00
  0.000000e+00,  0.000000e+00
  0.000000e+00,  0.000000e+00
  0.000000e+00,  0.000000e+00
  0.000000e+00,  0.000000e+00
  0.000000e+00,  0.000000e+00
  0.000000e+00,  0.000000e+00
  0.000000e+00,  0.000000e+00
  0.000000e+00,  0.000000e+00
  0.000000e+00,  0.000000e+00
  0.000000e+00,  0.000000e+00
  0.000000e+00,  0.000000e+00
  0.000000e+00,  0.000000e+00
  0.000000e+00,  0.000000e+00
  0.000000e+00,  0.000000e+00
  0.000000e+00,  0.000000e+00
  0.000000e+00,  0.000000e+00
  0.000000e+00,  0.000000e+00
  0.000000e+00,  0.000000e+00
  0.000000e+00,  0.000000e+00
  0.000000e+00,  0.000000e+00
  0.000000e+00,  0.000000e+00
  0.000000e+00,  0.000000e+00
  0.000000e+00,  0.000000e+00
  0.000000e+00,  0.000000e+00
  0.000000e+00,  0.000000e+00
  0.000000e+00,  0.000000e+00
  0.000000e+00,  0.000000e+00
  0.000000e+00,  0.000000e+00
  0.000000e+00,  0.000000e+00
  0.000000e+00,  0.000000e+00
  0.000000e+00,  0.000000e+00
  0.000000e+00,  0.000000e+00
  0.000000e+00,  0.000000e+00
  0.000000e+00,  0.000000e+00
  0.000000e+00,  0.000000e+00
  0.000000e+00,  0.000000e+00
  0.000000e+00,  0.000000e+00
  0.000000e+00,  0.000000e+00
  0.000000e+00,  0.000000e+00
  0.000000e+00,  0.000000e+00
  0.000000e+00,  0.000000e+00
  0.000000e+00,  0.000000e+00
  0.000000e+00,  0.000000e+00
  0.000000e+00,  0.000000e+00
  0.000000e+00,  0.000000e+00
  0.000000e+00,  0.000000e+00
  0.000000e+00,  0.000000e+00
  0.000000e+00,  0.000000e+00
  0.000000e+00,  0.000000e+00
  0.000000e+00,  0.000000e+00
  0.000000e+00,  0.000000e+00
  0.000000e+00,  0.000000e+00
  0.000000e+00,  0.000000e+00
  0.000000e+00,  0.000000e+00
  0.000000e+00,  0.000000e+00
  0.000000e+00,  0.000000e+00
  0.000000e+00,  0.000000e+00
  0.000000e+00,  0.000000e+00
  0.000000e+00,  0.000000e+00
  0.000000e+00,  0.000000e+00
  0.000000e+00,  0.000000e+00
  0.000000e+00,  0.000000e+00
  0.000000e+00,  0.000000e+00
  0.000000e+00,  0.000000e+00
  0.000000e+00,  0.000000e+00
  0.000000e+00,  0.000000e+00
  0.000000e+00,  0.000000e+00
  0.000000e+00,  0.000000e+00
  0.000000e+00,  0.000000e+00
  0.000000e+00,  0.000000e+00
  0.000000e+00,  0.000000e+00
  0.000000e+00,  0.000000e+00
  0.000000e+00,  0.000000e+00
  0.000000e+00,  0.000000e+00
  0.000000e+00,  0.000000e+00
  0.000000e+00,  0.000000e+00
  0.000000e+00,  0.000000e+00
  0.000000e+00,  0.000000e+00
  0.000000e+00,  0.000000e+00
  0.000000e+00,  0.000000e+00
  0.000000e+00,  0.000000e+00
  0.000000e+00,  0.000000e+00
  0.000000e+00,  0.000000e+00
  0.000000e+00,  0.000000e+00
  0.000000e+00,  0.000000e+00
  0.000000e+00,  0.000000e+00
  0.000000e+00,  0.000000e+00
  0.000000e+00,  0.000000e+00
  0.000000e+00,  0.000000e+00
  0.000000e+00,  0.000000e+00
  0.000000e+00,  0.000000e+00
  0.000000e+00,  0.000000e+00
  0.000000e+00,  0.000000e+00
  0.000000e+00,  0.000000e+00
  0.000000e+00,  0.000000e+00
  0.000000e+00,  0.000000e+00
  0.000000e+00,  0.000000e+00
  0.000000e+00,  0.000000e+00
  0.000000e+00,  0.000000e+00
  0.000000e+00,  0.000000e+00
  0.000000e+00,  0.000000e+00
  0.000000e+00,  0.000000e+00
  0.000000e+00,  0.000000e+00
  0.000000e+00,  0.000000e+00
  0.000000e+00,  0.000000e+00
  0.000000e+00,  0.000000e+00
  0.000000e+00,  0.000000e+00
  0.000000e+00,  0.000000e+00
  0.000000e+00,  0.000000e+00
  0.000000e+00,  0.000000e+00
  0.000000e+00,  0.000000e+00
  0.000000e+00,  0.000000e+00
  0.000000e+00,  0.000000e+00
  0.000000e+00,  0.000000e+00
  0.000000e+00,  0.000000e+00
  0.000000e+00,  0.000000e+00
  0.000000e+00,  0.000000e+00
  0.000000e+00,  0.000000e+00
  0.000000e+00,  0.000000e+00
  0.000000e+00,  0.000000e+00
  0.000000e+00,  0.000000e+00
  0.000000e+00,  0.000000e+00
  0.000000e+00,  0.000000e+00
  0.000000e+00,  0.000000e+00
  0.000000e+00,  0.000000e+00
  0.000000e+00,  0.000000e+00
  0.000000e+00,  0.000000e+00
  0.000000e+00,  0.000000e+00
  1.142721e+00,  3.764549e+01
  7.519279e+00,  2.298425e+00
  2.797428e+01,  8.969877e+00
  4.191461e+01,  2.420012e-01
  3.400607e+01,  3.412444e+02
  1.660455e+01,  3.045898e+02
  1.616289e+01,  2.188241e+02
  2.911392e+01,  1.816998e+02
  3.835317e+01,  1.702145e+02
  3.648270e+01,  1.633657e+02
  2.778356e+01,  1.379293e+02
  2.853656e+01,  9.383382e+01
  3.167792e+01,  6.786559e+01
  2.282769e+01,  5.183726e+01
  6.855659e+00,  4.268811e+00
  1.325686e+01,  2.697141e+02
  1.805740e+01,  2.682069e+02
  1.730886e+01,  2.822674e+02
  1.649652e+01,  2.867636e+02
  1.726476e+01,  2.592048e+02
  2.038320e+01,  2.214638e+02
  2.189732e+01,  1.718452e+02
  3.113874e+01,  1.295731e+02
  3.197308e+01,  1.113998e+02
  1.228905e+01,  8.520259e+01
  1.966156e+01,  3.049504e+02
  3.481699e+01,  2.895004e+02
  3.174605e+01,  2.632591e+02
  3.286652e+01,  2.165415e+02
  3.480980e+01,  1.903228e+02
  2.403453e+01,  1.752039e+02
  1.834895e+01,  1.361507e+02
  3.142532e+01,  1.144842e+02
  3.917360e+01,  1.074767e+02
  3.013814e+01,  9.477547e+01
  1.418428e+01,  5.894362e+01
  1.260187e+01,  3.532019e+02
  9.293248e+00,  3.082125e+02
  1.617707e+01,  2.160717e+02
  2.996374e+01,  2.155484e+02
  2.886213e+01,  2.499455e+02
  1.809275e+01,  3.017552e+02
  8.967473e+00,  3.225280e+01
  5.565746e+00,  1.283893e+02
  6.862643e+00,  2.421979e+02
  7.800330e+00,  3.539293e+02
  2.128518e+01,  5.275497e+01
  2.136243e+01,  6.761760e+01
  5.987122e+00,  1.482982e+00
  2.214592e+01,  3.047742e+02
  2.110717e+01,  3.178869e+02
  2.741968e+00,  1.071573e+02
  2.506028e+01,  1.652081e+02
  2.356475e+01,  1.921720e+02
  1.121329e+01,  3.121847e+02
  3.268185e+01,  1.729697e+01
  3.598230e+01,  4.228937e+01
  1.852700e+01,  4.399545e+01
  7.769704e+00,  2.614521e+02
  2.642000e+01,  2.343169e+02
  3.094607e+01,  2.337854e+02
  2.093291e+01,  2.267999e+02
  1.044961e+01,  1.692814e+02
  1.386204e+01,  1.134479e+02
  1.125018e+01,  8.729173e+01
  1.201959e+01,  3.967824e+01
  2.334789e+01,  2.937145e+01
  3.395666e+01,  2.626346e+01
  3.917204e+01,  1.310081e+01
  4.347009e+01,  3.590309e+02
  3.760276e+01,  3.481765e+02
  1.660095e+01,  3.192821e+02
  1.314454e+01,  2.025310e+02
  2.034659e+01,  1.465363e+02
  3.202871e+01,  8.619563e+01
  4.936747e+01,  5.601110e+01
  4.760179e+01,  3.592320e+01
  3.825485e+01,  2.688901e+00
  4.244607e+01,  3.325616e+02
  3.977309e+01,  3.259165e+02
  2.133505e+01,  3.312580e+02
  4.314628e+00,  1.210996e+01
  3.437819e+00,  8.126385e+01
  3.456885e+00,  5.895150e+01
  9.957895e+00,  1.269190e+02
  2.720333e+01,  1.437122e+02
  3.263839e+01,  1.446444e+02
  2.024521e+01,  1.086105e+02
  3.118032e+01,  3.842181e+01
  4.045028e+01,  2.620638e+01
  2.508848e+01,  2.939453e+01
  2.130284e+00,  3.218354e+02
  1.590370e+01,  2.288827e+02
  1.953251e+01,  2.100108e+02
  2.049938e+01,  1.885408e+02
  1.742521e+01,  1.841681e+02
  8.135895e+00,  2.014421e+02
  3.389956e+00,  3.263839e+02
  8.266854e+00,  2.018966e+01
  1.038077e+01,  2.752185e+01
  1.219266e+01,  4.956298e-02
  1.588295e+01,  3.298380e+02
  1.386978e+01,  3.002319e+02
  1.068416e+01,  2.242351e+02
  2.363345e+01,  1.677465e+02
  3.640423e+01,  1.343846e+02
  4.546883e+01,  9.536958e+01
  4.558430e+01,  7.302392e+01
  2.015037e+01,  7.239287e+01
  1.016136e+01,  3.199599e+02
  3.302895e+01,  3.547539e+02
  5.562742e+01,  1.304322e+01
  5.709320e+01,  3.464692e+02
  6.261974e+01,  3.098637e+02
  4.150887e+01,  3.004781e+02
  8.110851e+00,  2.383929e+02
  2.948969e+01,  1.660705e+02
  2.327794e+01,  1.608394e+02
  1.683466e+01,  2.787802e+01
  5.375975e+01,  2.016950e+01
  5.847748e+01,  1.027148e+01
  4.119705e+01,  3.338706e+02
  3.332658e+01,  2.984768e+02
  2.316431e+01,  3.003514e+02
  1.368468e+01,  3.373985e+02
  5.180948e+00,  6.398928e+01
  1.883677e+01,  1.517301e+02
  3.120238e+01,  1.616190e+02
  2.572038e+01,  1.561539e+02
  1.553790e+01,  7.759489e+01
  3.347721e+01,  2.787381e+01
  3.233939e+01,  1.120544e+01
  1.581008e+01,  3.314904e+02
  2.064936e+01,  2.679017e+02
  2.304361e+01,  2.611743e+02
  1.179379e+01,  2.500763e+02
  9.428188e+00,  1.751993e+02
  1.455158e+01,  1.814946e+02
  1.259268e+01,  2.215513e+02
  7.915515e+00,  3.178629e+02
  2.391495e+01,  3.228867e+01
  3.602267e+01,  5.238804e+01
  2.306556e+01,  5.731752e+01
  1.227564e+01,  2.880079e+02
  3.282543e+01,  2.775007e+02
  2.011579e+01,  2.830323e+02
  1.487669e+01,  1.220800e+02
  3.492333e+01,  1.325915e+02
  2.430807e+01,  1.567178e+02
  9.166617e+00,  2.520542e+02
  1.785393e+01,  3.151364e+02
  1.312560e+01,  3.257309e+02
  4.165222e+00,  3.031940e+02
  4.700896e+00,  3.028448e+02
  1.175286e+01,  3.361341e+02
  1.701484e+01,  3.338788e+02
  1.896390e+01,  3.079559e+02
  2.333228e+01,  2.715284e+02
  2.714672e+01,  2.397709e+02
  1.641169e+01,  2.002343e+02
  2.249203e+01,  1.065121e+02
  3.627998e+01,  9.132815e+01
  3.079738e+01,  7.058415e+01
  2.287615e+01,  1.709776e+01
  2.191873e+01,  3.238750e+02
  2.197568e+01,  2.720067e+02
  2.847926e+01,  2.229334e+02
  3.263737e+01,  1.902874e+02
  2.287314e+01,  1.706185e+02
  7.155214e+00,  1.319303e+02
  5.883796e+00,  4.400979e+01
  2.939038e+00,  3.058298e+02
  1.216341e+01,  2.607564e+02
  1.564642e+01,  2.944344e+02
  2.388623e+01,  3.491702e+02
  3.607607e+01,  3.587479e+02
  4.331563e+01,  3.306486e+02
  5.441731e+01,  2.955546e+02
  5.272977e+01,  2.750385e+02
  2.957922e+01,  2.574148e+02
  1.338179e+01,  1.868373e+02
  1.274647e+01,  1.156147e+02
  2.544950e+01,  3.107368e+01
  4.554801e+01,  2.479040e+01
  4.292640e+01,  2.745023e+01
  2.389415e+01,  5.193383e+00
  1.765731e+01,  2.897570e+02
  2.519112e+01,  2.630480e+02
  2.172747e+01,  2.745779e+02
  7.810409e+00,  2.859480e+02
  1.210533e+01,  1.341843e+02
  2.155905e+01,  1.366458e+02
  1.437105e+01,  1.141008e+02
  2.375071e+01,  4.147482e+01
  3.483071e+01,  2.631899e+01
  1.561441e+01,  3.453681e+02
  4.214732e+01,  2.582229e+02
  2.826374e+01,  2.324263e+02
  1.265228e+01,  6.779358e+01
  2.304392e+00,  2.381570e+02
  0.000000e+00,  0.000000e+00
  0.000000e+00,  0.000000e+00
  0.000000e+00,  0.000000e+00
  0.000000e+00,  0.000000e+00
  0.000000e+00,  0.000000e+00
  0.000000e+00,  0.000000e+00
  0.000000e+00,  0.000000e+00
  0.000000e+00,  0.000000e+00
  0.000000e+00,  0.000000e+00
  0.000000e+00,  0.000000e+00
  0.000000e+00,  0.000000e+00
  0.000000e+00,  0.000000e+00
  0.000000e+00,  0.000000e+00
  0.000000e+00,  0.000000e+00
  0.000000e+00,  0.000000e+00
  0.000000e+00,  0.000000e+00
  0.000000e+00,  0.000000e+00
  0.000000e+00,  0.000000e+00
  0.000000e+00,  0.000000e+00
  0.000000e+00,  0.000000e+00
  0.000000e+00,  0.000000e+00
  0.000000e+00,  0.000000e+00
  0.000000e+00,  0.000000e+00
  0.000000e+00,  0.000000e+00
  0.000000e+00,  0.000000e+00
  0.000000e+00,  0.000000e+00
  0.000000e+00,  0.000000e+00
  0.000000e+00,  0.000000e+00
  0.000000e+00,  0.000000e+00
  0.000000e+00,  0.000000e+00
  0.000000e+00,  0.000000e+00
  0.000000e+00,  0.000000e+00
  0.000000e+00,  0.000000e+00
  0.000000e+00,  0.000000e+00
  0.000000e+00,  0.000000e+00
  0.000000e+00,  0.000000e+00
  0.000000e+00,  0.000000e+00
  0.000000e+00,  0.000000e+00
  0.000000e+00,  0.000000e+00
  0.000000e+00,  0.000000e+00
  0.000000e+00,  0.000000e+00
  0.000000e+00,  0.000000e+00
  0.000000e+00,  0.000000e+00
  0.000000e+00,  0.000000e+00
  0.000000e+00,  0.000000e+00
  0.000000e+00,  0.000000e+00
  0.000000e+00,  0.000000e+00
  0.000000e+00,  0.000000e+00
  0.000000e+00,  0.000000e+00
  0.000000e+00,  0.000000e+00
  0.000000e+00,  0.000000e+00
  0.000000e+00,  0.000000e+00
  0.000000e+00,  0.000000e+00
  0.000000e+00,  0.000000e+00
  0.000000e+00,  0.000000e+00
  0.000000e+00,  0.000000e+00
  0.000000e+00,  0.000000e+00
  0.000000e+00,  0.000000e+00
  0.000000e+00,  0.000000e+00
  0.000000e+00,  0.000000e+00
  0.000000e+00,  0.000000e+00
  0.000000e+00,  0.000000e+00
  0.000000e+00,  0.000000e+00
  0.000000e+00,  0.000000e+00
  0.000000e+00,  0.000000e+00
  0.000000e+00,  0.000000e+00
  0.000000e+00,  0.000000e+00
  0.000000e+00,  0.000000e+00
  0.000000e+00,  0.000000e+00
  0.000000e+00,  0.000000e+00
  0.000000e+00,  0.000000e+00
  0.000000e+00,  0.000000e+00
  0.000000e+00,  0.000000e+00
  0.000000e+00,  0.000000e+00
  0.000000e+00,  0.000000e+00
  0.000000e+00,  0.000000e+00
  0.000000e+00,  0.000000e+00
  0.000000e+00,  0.000000e+00
  0.000000e+00,  0.000000e+00
  0.000000e+00,  0.000000e+00
  0.000000e+00,  0.000000e+00
  0.000000e+00,  0.000000e+00
  0.000000e+00,  0.000000e+00
  0.000000e+00,  0.000000e+00
  0.000000e+00,  0.000000e+00
  0.000000e+00,  0.000000e+00
  0.000000e+00,  0.000000e+00
  0.000000e+00,  0.000000e+00
  0.000000e+00,  0.000000e+00
  0.000000e+00,  0.000000e+00
  0.000000e+00,  0.000000e+00
  0.000000e+00,  0.000000e+00
  0.000000e+00,  0.000000e+00
  0.000000e+00,  0.000000e+00
  0.000000e+00,  0.000000e+00
  0.000000e+00,  0.000000e+00
  0.000000e+00,  0.000000e+00
  0.000000e+00,  0.000000e+00
  0.000000e+00,  0.000000e+00
  0.000000e+00,  0.000000e+00
  0.000000e+00,  0.000000e+00
  0.000000e+00,  0.000000e+00
  0.000000e+00,  0.000000e+00
  0.000000e+00,  0.000000e+00
  0.000000e+00,  0.000000e+00
  0.000000e+00,  0.000000e+00
  0.000000e+00,  0.000000e+00
  0.000000e+00,  0.000000e+00
  0.000000e+00,  0.000000e+00
  0.000000e+00,  0.000000e+00
  0.000000e+00,  0.000000e+00
  0.000000e+00,  0.000000e+00
  0.000000e+00,  0.000000e+00
  0.000000e+00,  0.000000e+00
  0.000000e+00,  0.000000e+00
  0.000000e+00,  0.000000e+00
  0.000000e+00,  0.000000e+00
  0.000000e+00,  0.000000e+00
  0.000000e+00,  0.000000e+00
  0.000000e+00,  0.000000e+00
  0.000000e+00,  0.000000e+00
  0.000000e+00,  0.000000e+00
  0.000000e+00,  0.000000e+00
  0.000000e+00,  0.000000e+00
  0.000000e+00,  0.000000e+00
  0.000000e+00,  0.000000e+00
  0.000000e+00,  0.000000e+00
  0.000000e+00,  0.000000e+00
  0.000000e+00,  0.000000e+00
  0.000000e+00,  0.000000e+00
  0.000000e+00,  0.000000e+00
  0.000000e+00,  0.000000e+00
  0.000000e+00,  0.000000e+00
  0.000000e+00,  0.000000e+00
  0.000000e+00,  0.000000e+00
  0.000000e+00,  0.000000e+00
  0.000000e+00,  0.000000e+00
  0.000000e+00,  0.000000e+00
  0.000000e+00,  0.000000e+00
  0.000000e+00,  0.000000e+00
  0.000000e+00,  0.000000e+00
  0.000000e+00,  0.000000e+00
  0.000000e+00,  0.000000e+00
  0.000000e+00,  0.000000e+00
  0.000000e+00,  0.000000e+00
  0.000000e+00,  0.000000e+00
  0.000000e+00,  0.000000e+00
  0.000000e+00,  0.000000e+00
  0.000000e+00,  0.000000e+00
  0.000000e+00,  0.000000e+00
  0.000000e+00,  0.000000e+00
  0.000000e+00,  0.000000e+00
  0.000000e+00,  0.000000e+00
  0.000000e+00,  0.000000e+00
  0.000000e+00,  0.000000e+00
  0.000000e+00,  0.000000e+00
  0.000000e+00,  0.000000e+00
  0.000000e+00,  0.000000e+00
  0.000000e+00,  0.000000e+00
  0.000000e+00,  0.000000e+00
  0.000000e+00,  0.000000e+00
  0.000000e+00,  0.000000e+00
  0.000000e+00,  0.000000e+00
  0.000000e+00,  0.000000e+00
  0.000000e+00,  0.000000e+00
  0.000000e+00,  0.000000e+00
  0.000000e+00,  0.000000e+00
  0.000000e+00,  0.000000e+00
  0.000000e+00,  0.000000e+00
  0.000000e+00,  0.000000e+00
  0.000000e+00,  0.000000e+00
  0.000000e+00,  0.000000e+00
  0.000000e+00,  0.000000e+00
  0.000000e+00,  0.000000e+00
  0.000000e+00,  0.000000e+00
  0.000000e+00,  0.000000e+00
  0.000000e+00,  0.000000e+00
  0.000000e+00,  0.000000e+00
  0.000000e+00,  0.000000e+00
  0.000000e+00,  0.000000e+00
  0.000000e+00,  0.000000e+00
  0.000000e+00,  0.000000e+00
  0.000000e+00,  0.000000e+00
  0.000000e+00,  0.000000e+00
  0.000000e+00,  0.000000e+00
  0.000000e+00,  0.000000e+00
  0.000000e+00,  0.000000e+00
  0.000000e+00,  0.000000e+00
  0.000000e+00,  0.000000e+00
  0.000000e+00,  0.000000e+00
  0.000000e+00,  0.000000e+00
  0.000000e+00,  0.000000e+00
  0.000000e+00,  0.000000e+00
  0.000000e+00,  0.000000e+00
  0.000000e+00,  0.000000e+00
  0.000000e+00,  0.000000e+00
  0.000000e+00,  0.000000e+00
  0.000000e+00,  0.000000e+00
  0.000000e+00,  0.000000e+00
  0.000000e+00,  0.000000e+00
  0.000000e+00,  0.000000e+00
  0.000000e+00,  0.000000e+00
  0.000000e+00,  0.000000e+00
  0.000000e+00,  0.000000e+00
  0.000000e+00,  0.000000e+00
  0.000000e+00,  0.000000e+00
  0.000000e+00,  0.000000e+00
  0.000000e+00,  0.000000e+00
  0.000000e+00,  0.000000e+00
  0.000000e+00,  0.000000e+00
  0.000000e+00,  0.000000e+00
  0.000000e+00,  0.000000e+00
  0.000000e+00,  0.000000e+00
  0.000000e+00,  0.000000e+00
  0.000000e+00,  0.000000e+00
  0.000000e+00,  0.000000e+00
  0.000000e+00,  0.000000e+00
  0.000000e+00,  0.000000e+00
  0.000000e+00,  0.000000e+00
  0.000000e+00,  0.000000e+00
  0.000000e+00,  0.000000e+00
  0.000000e+00,  0.000000e+00
  0.000000e+00,  0.000000e+00
  0.000000e+00,  0.000000e+00
  0.000000e+00,  0.000000e+00
  0.000000e+00,  0.000000e+00
  0.000000e+00,  0.000000e+00
  0.000000e+00,  0.000000e+00
  0.000000e+00,  0.000000e+00
  0.000000e+00,  0.000000e+00
  0.000000e+00,  0.000000e+00
  0.000000e+00,  0.000000e+00
  0.000000e+00,  0.000000e+00
  0.000000e+00,  0.000000e+00
  0.000000e+00,  0.000000e+00
  0.000000e+00,  0.000000e+00
  0.000000e+00,  0.000000e+00
  0.000000e+00,  0.000000e+00
  0.000000e+00,  0.000000e+00
  0.000000e+00,  0.000000e+00
  0.000000e+00,  0.000000e+00
  0.000000e+00,  0.000000e+00
  0.000000e+00,  0.000000e+00
  0.000000e+00,  0.000000e+00
  0.000000e+00,  0.000000e+00
  0.000000e+00,  0.000000e+00
  0.000000e+00,  0.000000e+00
  0.000000e+00,  0.000000e+00
  0.000000e+00,  0.000000e+00
  0.000000e+00,  0.000000e+00
  0.000000e+00,  0.000000e+00
  0.000000e+00,  0.000000e+00
  0.000000e+00,  0.000000e+00
  0.000000e+00,  0.000000e+00
  0.000000e+00,  0.000000e+00
  0.000000e+00,  0.000000e+00
  0.000000e+00,  0.000000e+00
  0.000000e+00,  0.000000e+00
  0.000000e+00,  0.000000e+00
  0.000000e+00,  0.000000e+00
  0.000000e+00,  0.000000e+00
  0.000000e+00,  0.000000e+00
  0.000000e+00,  0.000000e+00
  0.000000e+00,  0.000000e+00
  0.000000e+00,  0.000000e+00
  0.000000e+00,  0.000000e+00
  0.000000e+00,  0.000000e+00
  0.000000e+00,  0.000000e+00
  0.000000e+00,  0.000000e+00
  0.000000e+00,  0.000000e+00
  0.000000e+00,  0.000000e+00
  0.000000e+00,  0.000000e+00
  0.000000e+00,  0.000000e+00
  0.000000e+00,  0.000000e+00
  0.000000e+00,  0.000000e+00
  0.000000e+00,  0.000000e+00
  0.000000e+00,  0.000000e+00
  0.000000e+00,  0.000000e+00
  0.000000e+00,  0.000000e+00
  0.000000e+00,  0.000000e+00
  0.000000e+00,  0.000000e+00
  0.000000e+00,  0.000000e+00
  0.000000e+00,  0.000000e+00
  0.000000e+00,  0.000000e+00
  0.000000e+00,  0.000000e+00
  0.000000e+00,  0.000000e+00
  0.000000e+00,  0.000000e+00
  0.000000e+00,  0.000000e+00
  0.000000e+00,  0.000000e+00
  0.000000e+00,  0.000000e+00
  0.000000e+00,  0.000000e+00
  0.000000e+00,  0.000000e+00
  0.000000e+00,  0.000000e+00
  0.000000e+00,  0.000000e+00
  0.000000e+00,  0.000000e+00
  0.000000e+00,  0.000000e+00
  0.000000e+00,  0.000000e+00
  0.000000e+00,  0.000000e+00
  0.000000e+00,  0.000000e+00
  0.000000e+00,  0.000000e+00
  0.000000e+00,  0.000000e+00
  0.000000e+00,  0.000000e+00
  0.000000e+00,  0.000000e+00
  0.000000e+00,  0.000000e+00
  0.000000e+00,  0.000000e+00
  0.000000e+00,  0.000000e+00
  0.000000e+00,  0.000000e+00
  0.000000e+00,  0.000000e+00
  0.000000e+00,  0.000000e+00
  0.000000e+00,  0.000000e+00
  0.000000e+00,  0.000000e+00
  0.000000e+00,  0.000000e+00
  0.000000e+00,  0.000000e+00
  0.000000e+00,  0.000000e+00
  0.000000e+00,  0.000000e+00
  0.000000e+00,  0.000000e+00
  0.000000e+00,  0.000000e+00
  0.000000e+00,  0.000000e+00
  0.000000e+00,  0.000000e+00
  0.000000e+00,  0.000000e+00
  0.000000e+00,  0.000000e+00
  0.000000e+00,  0.000000e+00
  0.000000e+00,  0.000000e+00
  0.000000e+00,  0.000000e+00
  0.000000e+00,  0.000000e+00
  0.000000e+00,  0.000000e+00
  0.000000e+00,  0.000000e+00
  0.000000e+00,  0.000000e+00
  0.000000e+00,  0.000000e+00
  0.000000e+00,  0.000000e+00
  1.230465e+00,  5.998568e+01
  6.498471e+00,  8.896140e+01
  1.142744e+01,  1.285615e+02
  1.282498e+01,  1.568311e+02
  1.802592e+00,  2.237643e+02
  7.495087e+00,  2.991481e+02
  5.716816e+00,  3.405824e+02
  9.615863e+00,  8.951526e+00
  2.467013e+00,  3.455973e+02
  6.780719e+00,  1.921576e+02
  8.342690e+00,  2.004350e+02
  4.342562e+00,  2.407754e+02
  4.908480e+00,  3.457226e+02
  7.901061e+00,  3.094425e+01
  8.870380e+00,  7.510471e+01
  9.000522e+00,  1.178561e+02
  7.763380e+00,  1.627013e+02
  6.492029e+00,  2.296239e+02
  7.574121e+00,  2.924686e+02
  8.379590e+00,  3.333961e+02
  6.393785e+00,  3.582597e+02
  3.681331e+00,  7.795166e+01
  5.151725e+00,  1.619467e+02
  9.533347e+00,  1.919171e+02
  6.585599e+00,  1.841299e+02
  2.016684e+00,  3.040360e+02
  3.953388e+00,  3.496021e+02
  6.792711e+00,  2.691617e+01
  5.425326e+00,  1.851647e+01
  8.264178e-01,  1.498822e+02
  2.341538e+00,  1.800025e+02
  3.358738e+00,  2.434040e+02
  7.056857e-01,  2.580455e+02
  7.924392e+00,  5.351041e+00
  7.134257e+00,  3.144360e+02
  4.349154e+00,  1.662901e+02
  4.953908e+00,  1.666817e+02
  1.428533e+01,  1.708710e+02
  1.050457e+01,  1.088621e+02
  5.235439e+00,  2.903491e+02
  9.424532e+00,  9.024345e+01
  2.713298e+01,  1.171877e+00
  2.515444e+01,  2.722896e+02
  1.774458e+01,  1.555767e+02
  5.076056e+00,  2.635126e+01
  1.164993e+01,  2.134305e+02
  5.211243e+00,  1.021554e+02
  6.627068e+00,  3.010730e+02
  8.495021e+00,  1.404884e+02
  1.790515e+01,  7.260545e+01
  1.888523e+01,  1.007778e+01
  2.536060e+01,  2.822894e+02
  3.395427e+01,  2.055406e+02
  3.592924e+01,  1.021347e+02
  4.304383e+01,  9.019283e+00
  3.519103e+01,  2.912669e+02
  3.114261e+01,  1.979289e+02
  2.964889e+01,  1.410919e+02
  1.330368e+01,  8.241264e+01
  1.833575e+01,  2.772045e+02
  1.554065e+01,  2.193031e+02
  1.118374e+01,  6.861913e+01
  2.036199e+01,  2.982762e+01
  1.479581e+01,  3.236930e+01
  6.551821e+00,  4.908262e+01
  5.455677e+00,  2.112800e+02
  1.056222e+01,  2.311398e+02
  1.153689e+01,  2.599655e+02
  9.516909e+00,  2.704926e+02
  1.711080e+00,  3.000180e+02
  5.121308e+00,  1.039797e+02
  8.880345e+00,  1.132693e+02
  6.835726e+00,  1.141735e+02
  2.254183e+00,  1.153099e+02
  1.624528e+00,  2.921070e+01
  2.865254e+00,  4.520130e+01
  3.737798e+00,  7.331702e+01
  1.893320e+00,  9.047375e+01
  3.242625e+00,  2.828164e+02
  9.556249e+00,  2.932598e+02
  1.307691e+01,  2.896122e+02
  8.289420e+00,  2.773648e+02
  3.711178e+00,  1.439891e+02
  1.230308e+01,  1.300754e+02
  1.615953e+01,  1.204746e+02
  8.964909e+00,  9.088386e+01
  5.495775e+00,  3.123510e+02
  9.476102e+00,  3.141502e+02
  1.140815e+01,  3.226333e+02
  3.813004e+00,  3.067823e+02
  6.140549e+00,  1.222014e+02
  7.532663e+00,  1.398871e+02
  6.174572e+00,  1.644482e+02
  4.491408e+00,  2.604205e+02
  6.655541e+00,  2.683652e+02
  4.908483e+00,  1.971123e+00
  3.733402e+00,  2.997201e+02
  1.749026e+01,  1.389519e+02
  1.626909e+01,  6.364587e+01
  1.534250e+01,  2.561723e+02
  1.311310e+01,  1.115430e+02
  3.906425e+01,  3.353875e+02
  3.501499e+01,  2.341573e+02
  4.026270e+01,  8.304638e+01
  4.504858e+01,  3.109953e+02
  6.837868e+01,  1.894817e+02
  6.143504e+01,  9.856773e+01
  3.437557e+01,  3.388892e+02
  1.668386e+01,  2.233763e+02
  1.328570e+01,  5.132275e+01
  1.255145e+01,  3.448494e+02
  2.620687e+00,  2.724955e+02
  3.918762e+00,  2.020821e+02
  4.205777e+00,  2.020295e+02
  1.570986e+00,  2.579477e+02
  3.423394e+00,  3.155895e+02
  3.589293e+00,  2.550787e+02
  8.410078e+00,  1.710456e+02
  9.237237e+00,  1.272996e+02
  2.920743e+00,  2.414534e+01
  4.455041e+00,  2.958976e+02
  7.615670e+00,  4.373527e+01
  1.832228e+01,  1.509960e+01
  1.246047e+01,  3.208238e+02
  1.482807e+01,  2.012591e+02
  2.191970e+01,  1.546316e+02
  1.373237e+01,  8.984644e+01
  2.107142e+01,  3.151351e+02
  2.379839e+01,  2.502346e+02
  7.917897e+00,  1.545133e+02
  5.569286e+00,  9.089943e+01
  1.861957e+01,  1.078765e+02
  2.008087e+01,  4.912936e+01
  1.459903e+01,  2.887020e+02
  1.526840e+01,  2.097519e+02
  5.532527e+00,  6.587318e+01
  1.609777e+01,  3.403803e+02
  1.065110e+01,  3.001193e+02
  3.499074e+00,  1.846235e+02
  7.232359e+00,  1.410880e+02
  6.682578e+00,  1.499967e+02
  3.955932e+00,  1.767254e+02
  1.187298e+00,  2.474667e+02
  3.721209e+00,  1.184206e+01
  5.215342e+00,  3.144380e+01
  6.139997e+00,  7.943171e+01
  5.765537e+00,  9.627903e+01
  4.498741e+00,  1.855140e+02
  4.451893e+00,  2.145232e+02
  8.377066e+00,  2.972388e+02
  1.029413e+01,  2.902953e+02
  3.407438e+00,  3.299044e+02
  1.568605e+00,  7.646311e+01
  7.996059e+00,  1.566037e+02
  8.880018e+00,  1.521130e+02
  3.270601e+00,  1.582378e+02
  4.672587e+00,  1.078029e+01
  1.051846e+01,  8.296498e+00
  8.651603e+00,  1.175736e+01
  1.161591e+00,  3.340388e+01
  7.024880e+00,  2.026401e+02
  9.760366e+00,  2.134968e+02
  5.624554e+00,  2.445132e+02
  5.012425e+00,  3.444245e+02
  8.435664e+00,  3.603211e+01
  9.215909e+00,  7.023822e+01
  8.140228e+00,  1.384048e+02
  1.229744e+01,  1.673523e+02
  5.848637e+00,  1.968437e+02
  8.710704e+00,  2.704034e+02
  6.614162e+00,  3.582272e+02
  1.791219e+01,  3.573961e+02
  9.986811e+00,  3.101251e+02
  4.701940e+00,  1.139089e+02
  8.036653e+00,  2.522815e+02
  2.207106e+01,  1.943606e+02
  1.707929e+01,  1.267638e+02
  6.610252e+00,  3.774235e+01
  6.189400e+00,  6.283126e+01
  1.266397e+01,  2.399842e+01
  1.054273e+01,  3.246574e+02
  7.292707e+00,  2.598347e+02
  4.865634e+00,  2.136086e+02
  2.316376e+00,  1.949011e+02
  4.040014e+00,  1.597791e+02
  8.120179e+00,  9.683007e+01
  6.946553e+00,  4.627839e+01
  5.673753e+00,  3.386217e+02
  1.499771e+01,  2.719593e+02
  2.069360e+01,  2.087153e+02
  1.160257e+01,  1.239897e+02
  7.263147e+00,  3.589189e+02
  6.796543e+00,  7.955614e+01
  1.506249e+01,  1.922191e+01
  1.172108e+01,  9.004637e+01
  2.494631e+01,  3.566155e+02
  3.037852e+01,  2.242128e+02
  1.887572e+01,  1.661701e+02
  1.187615e+01,  2.711134e+02
  1.660177e+00,  3.149530e+02
  1.123254e-01,  8.689216e+01
  1.351578e+00,  2.205787e+02
  7.991223e+00,  4.294449e+01
  2.173620e+01,  6.504075e+01
  2.536476e+01,  8.810672e+01
  1.901475e+01,  1.117390e+02
  1.665851e+01,  1.846539e+02
  3.195363e+01,  2.322138e+02
  3.360438e+01,  2.608948e+02
  1.982148e+01,  3.220000e+02
  3.024902e+01,  4.429833e+01
  3.660591e+01,  7.859081e+01
  2.248118e+01,  1.224710e+02
  2.151182e+01,  2.139866e+02
  2.958925e+01,  2.493766e+02
  2.048346e+01,  2.478144e+02
  1.892024e+01,  1.945223e+02
  2.683263e+01,  1.903362e+02
  1.984160e+01,  2.253566e+02
  1.905815e+01,  3.202482e+02
  3.620036e+01,  1.322673e+01
  4.124784e+01,  4.527287e+01
  2.975229e+01,  8.138132e+01
  1.715619e+01,  1.497984e+02
  2.246063e+01,  2.296659e+02
  3.013085e+01,  2.764912e+02
  2.970897e+01,  3.188389e+02
  2.263925e+01,  1.582623e+01
  2.409675e+01,  9.005479e+01
  2.848072e+01,  1.315447e+02
  1.718810e+01,  1.475188e+02
  5.734011e+00,  3.789373e+01
  1.834709e+01,  1.548158e+01
  1.774001e+01,  1.050394e+01
  1.277119e+01,  3.353295e+02
  1.596665e+01,  3.122528e+02
  1.689045e+01,  3.369623e+02
  1.957538e+01,  2.594110e+01
  2.339535e+01,  6.384526e+01
  1.908642e+01,  1.041852e+02
  1.873876e+01,  1.684177e+02
  2.261829e+01,  1.942331e+02
  1.429620e+01,  1.676668e+02
  2.323916e+01,  9.507846e+01
  3.571167e+01,  8.233117e+01
  2.827988e+01,  7.465491e+01
  1.271861e+01,  3.779305e+01
  1.113447e+01,  3.332161e+02
  6.044228e+00,  3.291999e+02
  8.151848e+00,  9.418527e+01
  1.617967e+01,  1.000695e+02
  1.034363e+01,  9.276970e+01
  7.690027e+00,  3.036657e+02
  2.234746e+01,  2.858725e+02
  2.516684e+01,  2.722649e+02
  2.173808e+01,  2.443366e+02
  2.323409e+01,  2.154867e+02
  2.189762e+01,  2.060003e+02
  1.135220e+01,  2.052614e+02
  4.615712e+00,  4.157069e+01
  1.810077e+01,  4.709856e+01
  2.036265e+01,  6.271230e+01
  8.993568e+00,  9.283093e+01
  1.032051e+01,  2.400551e+02
  1.896218e+01,  2.674348e+02
  1.094087e+01,  3.041500e+02
  1.475232e+01,  7.336966e+01
  2.838940e+01,  1.094884e+02
  2.874744e+01,  1.533137e+02
  3.932763e+01,  2.102532e+02
  5.335856e+01,  2.412908e+02
  4.610402e+01,  2.653477e+02
  2.790339e+01,  3.069065e+02
  2.570333e+01,  5.158968e+00
  2.637527e+01,  3.862691e+01
  1.906662e+01,  7.054440e+01
  1.170255e+01,  1.322955e+02
  1.628826e+01,  1.932018e+02
  1.851594e+01,  2.148255e+02
  1.012253e+01,  2.177481e+02
  4.281334e+00,  1.084074e+02
  6.731998e+00,  6.315204e+01
  7.633547e+00,  3.273770e+02
  1.738764e+01,  2.863786e+02
  2.053790e+01,  2.622472e+02
  1.700343e+01,  2.313653e+02
  9.125734e+00,  1.830465e+02
  1.557113e+01,  7.914817e+01
  2.871226e+01,  6.454478e+01
  2.344233e+01,  5.817664e+01
  1.153516e+01,  1.574686e+01
  1.402968e+01,  3.381009e+02
  1.351436e+01,  9.069629e+00
  1.501523e+01,  5.817666e+01
  1.312642e+01,  9.856258e+01
  1.245634e+01,  1.619287e+02
  1.589052e+01,  1.988350e+02
  6.852645e+00,  2.078905e+02
  1.656942e+01,  7.065679e+01
  3.819342e+01,  9.629858e+01
  5.551406e+01,  1.309083e+02
  6.571052e+01,  1.517880e+02
  5.463531e+01,  1.665620e+02
  3.823991e+01,  2.025926e+02
  4.361309e+01,  2.411195e+02
  4.543112e+01,  2.494535e+02
  2.747548e+01,  2.336218e+02
  2.591421e+01,  1.649719e+02
  3.243351e+01,  1.467830e+02
  9.574644e+00,  1.220314e+02
  2.405560e+01,  3.546913e+02
  3.070156e+01,  3.692690e-02
  9.402328e+00,  1.384275e+01
  1.897091e+01,  1.968100e+02
  2.897093e+01,  2.086742e+02
  1.319701e+01,  2.274950e+02
  1.267804e+01,  3.254035e+01
  2.389114e+01,  5.629444e+01
  1.914732e+01,  9.491557e+01
  2.187913e+01,  1.604818e+02
  3.126352e+01,  1.905710e+02
  2.914849e+01,  2.050107e+02
  1.483098e+01,  2.281574e+02
  8.512977e+00,  3.188578e+02
  1.147488e+01,  3.302415e+02
  1.435830e+01,  2.728245e+02
  2.538606e+01,  2.426186e+02
  2.782858e+01,  2.344893e+02
  1.636438e+01,  2.340477e+02
  2.036006e+00,  3.338470e+02
  1.210847e+01,  2.669544e+01
  1.452511e+01,  1.595958e+01
  1.292701e+01,  3.570771e+02
  1.306317e+01,  3.572805e+02
  1.833488e+01,  2.482693e+01
  2.537191e+01,  3.540876e+01
  2.269067e+01,  3.091595e+01
  8.869482e+00,  3.571812e+01
  1.304852e+01,  1.638350e+02
  2.614423e+01,  1.629359e+02
  2.427649e+01,  1.410418e+02
  2.456967e+01,  9.904134e+01
  2.572355e+01,  9.610757e+01
  1.573800e+01,  1.572093e+02
  2.879466e+01,  2.399941e+02
  3.404292e+01,  2.811382e+02
  2.146737e+01,  3.541151e+02
  3.920209e+01,  8.688931e+01
  5.864100e+01,  1.135979e+02
  4.916076e+01,  1.117899e+02
  3.071681e+01,  1.072476e+02
  2.379367e+01,  1.685043e+02
  4.664682e+01,  2.025293e+02
  5.556408e+01,  2.078552e+02
  4.103961e+01,  2.108945e+02
  1.462412e+01,  2.159771e+02
  3.671708e+00,  1.279376e+01
  8.370631e+00,  3.356831e+02
  1.663141e+01,  2.951947e+02
  1.994267e+01,  2.877088e+02
  9.663186e+00,  2.937954e+02
  8.201432e+00,  9.339111e+01
  1.876418e+01,  1.044314e+02
  1.535078e+01,  1.106226e+02
  4.247868e+00,  1.169918e+02
  2.590583e+00,  3.289652e+02
  4.471819e+00,  9.095228e+01
  1.649621e+01,  1.229979e+02
  1.915294e+01,  1.339494e+02
  4.443630e+00,  1.465554e+02
  1.692129e+01,  3.308705e+02
  2.576669e+01,  3.420565e+02
  1.257020e+01,  3.573664e+02
  1.353423e+01,  1.754685e+02
  3.011168e+01,  1.960365e+02
  2.235576e+01,  2.260263e+02
  1.381662e+01,  3.391794e+02
  3.074583e+01,  3.995091e+01
  3.122581e+01,  7.597231e+01
  1.930758e+01,  1.372525e+02
  2.495656e+01,  2.214895e+02
  3.337543e+01,  2.533335e+02
  2.304717e+01,  2.421976e+02
  1.570287e+01,  1.689340e+02
  1.422226e+01,  1.073784e+02
  1.366255e+01,  1.151701e+01
  2.423129e+01,  3.132910e+02
  2.559705e+01,  2.899159e+02
  1.498818e+01,  3.033680e+02
  8.523711e+00,  2.659154e+01
  1.605876e+01,  1.204884e+02
  2.225264e+01,  1.803140e+02
  2.896454e+01,  2.637402e+02
  5.113724e+01,  3.073654e+02
  5.397528e+01,  3.027411e+02
  5.303222e+01,  2.743023e+02
  4.533154e+01,  2.655894e+02
  2.281644e+01,  2.771549e+02
  7.832436e+00,  6.174021e+01
  2.626958e-01,  2.807134e+02
  0.000000e+00,  0.000000e+00
  0.000000e+00,  0.000000e+00
  0.000000e+00,  0.000000e+00
  0.000000e+00,  0.000000e+00
  0.000000e+00,  0.000000e+00
  0.000000e+00,  0.000000e+00
  0.000000e+00,  0.000000e+00
  0.000000e+00,  0.000000e+00
  0.000000e+00,  0.000000e+00
  0.000000e+00,  0.000000e+00
  0.000000e+00,  0.000000e+00
  0.000000e+00,  0.000000e+00
  0.000000e+00,  0.000000e+00
  0.000000e+00,  0.000000e+00
  0.000000e+00,  0.000000e+00
  0.000000e+00,  0.000000e+00
  0.000000e+00,  0.000000e+00
  0.000000e+00,  0.000000e+00
  0.000000e+00,  0.000000e+00
  0.000000e+00,  0.000000e+00
  0.000000e+00,  0.000000e+00
  0.000000e+00,  0.000000e+00
  0.000000e+00,  0.000000e+00
  0.000000e+00,  0.000000e+00
  0.000000e+00,  0.000000e+00
  0.000000e+00,  0.000000e+00
  0.000000e+00,  0.000000e+00
  0.000000e+00,  0.000000e+00
  0.000000e+00,  0.000000e+00
  0.000000e+00,  0.000000e+00
  0.000000e+00,  0.000000e+00
  0.000000e+00,  0.000000e+00
  0.000000e+00,  0.000000e+00
  0.000000e+00,  0.000000e+00
  0.000000e+00,  0.000000e+00
  0.000000e+00,  0.000000e+00
  0.000000e+00,  0.000000e+00
  0.000000e+00,  0.000000e+00
  0.000000e+00,  0.000000e+00
  0.000000e+00,  0.000000e+00
  0.000000e+00,  0.000000e+00
  0.000000e+00,  0.000000e+00
  0.000000e+00,  0.000000e+00
  0.000000e+00,  0.000000e+00
  0.000000e+00,  0.000000e+00
  0.000000e+00,  0.000000e+00
  0.000000e+00,  0.000000e+00
  0.000000e+00,  0.000000e+00
  0.000000e+00,  0.000000e+00
  0.000000e+00,  0.000000e+00
  0.000000e+00,  0.000000e+00
  0.000000e+00,  0.000000e+00
  0.000000e+00,  0.000000e+00
  0.000000e+00,  0.000000e+00
  0.000000e+00,  0.000000e+00
  0.000000e+00,  0.000000e+00
  0.000000e+00,  0.000000e+00
  0.000000e+00,  0.000000e+00
  0.000000e+00,  0.000000e+00
  0.000000e+00,  0.000000e+00
  0.000000e+00,  0.000000e+00
  0.000000e+00,  0.000000e+00
  0.000000e+00,  0.000000e+00
  0.000000e+00,  0.000000e+00
  0.000000e+00,  0.000000e+00
  0.000000e+00,  0.000000e+00
  0.000000e+00,  0.000000e+00
  0.000000e+00,  0.000000e+00
  0.000000e+00,  0.000000e+00
  0.000000e+00,  0.000000e+00
  0.000000e+00,  0.000000e+00
  0.000000e+00,  0.000000e+00
  0.000000e+00,  0.000000e+00
  0.000000e+00,  0.000000e+00
  0.000000e+00,  0.000000e+00
  0.000000e+00,  0.000000e+00
  0.000000e+00,  0.000000e+00
  0.000000e+00,  0.000000e+00
  0.000000e+00,  0.000000e+00
  0.000000e+00,  0.000000e+00
  0.000000e+00,  0.000000e+00
  0.000000e+00,  0.000000e+00
  0.000000e+00,  0.000000e+00
  0.000000e+00,  0.000000e+00
  0.000000e+00,  0.000000e+00
  0.000000e+00,  0.000000e+00
  0.000000e+00,  0.000000e+00
  0.000000e+00,  0.000000e+00
  0.000000e+00,  0.000000e+00
  0.000000e+00,  0.000000e+00
  0.000000e+00,  0.000000e+00
  0.000000e+00,  0.000000e+00
  0.000000e+00,  0.000000e+00
  0.000000e+00,  0.000000e+00
  0.000000e+00,  0.000000e+00
  0.000000e+00,  0.000000e+00
  0.000000e+00,  0.000000e+00
  0.000000e+00,  0.000000e+00
  0.000000e+00,  0.000000e+00
  0.000000e+00,  0.000000e+00
  0.000000e+00,  0.000000e+00
  0.000000e+00,  0.000000e+00
  0.000000e+00,  0.000000e+00
  0.000000e+00,  0.000000e+00
  0.000000e+00,  0.000000e+00
  0.000000e+00,  0.000000e+00
  0.000000e+00,  0.000000e+00
  0.000000e+00,  0.000000e+00
  0.000000e+00,  0.000000e+00
  0.000000e+00,  0.000000e+00
  0.000000e+00,  0.000000e+00
  0.000000e+00,  0.000000e+00
  0.000000e+00,  0.000000e+00
  0.000000e+00,  0.000000e+00
  0.000000e+00,  0.000000e+00
  0.000000e+00,  0.000000e+00
  0.000000e+00,  0.000000e+00
  0.000000e+00,  0.000000e+00
  0.000000e+00,  0.000000e+00
  0.000000e+00,  0.000000e+00
  0.000000e+00,  0.000000e+00
  0.000000e+00,  0.000000e+00
  0.000000e+00,  0.000000e+00
  0.000000e+00,  0.000000e+00
  0.000000e+00,  0.000000e+00
  0.000000e+00,  0.000000e+00
  0.000000e+00,  0.000000e+00
  0.000000e+00,  0.000000e+00
  0.000000e+00,  0.000000e+00
  0.000000e+00,  0.000000e+00
  0.000000e+00,  0.000000e+00
  0.000000e+00,  0.000000e+00
  0.000000e+00,  0.000000e+00
  0.000000e+00,  0.000000e+00
  0.000000e+00,  0.000000e+00
  0.000000e+00,  0.000000e+00
  0.000000e+00,  0.000000e+00
  0.000000e+00,  0.000000e+00
  0.000000e+00,  0.000000e+00
  0.000000e+00,  0.000000e+00
  0.000000e+00,  0.000000e+00
  0.000000e+00,  0.000000e+00
  0.000000e+00,  0.000000e+00
  0.000000e+00,  0.000000e+00
  0.000000e+00,  0.000000e+00
  0.000000e+00,  0.000000e+00
  0.000000e+00,  0.000000e+00
  0.000000e+00,  0.000000e+00
  0.000000e+00,  0.000000e+00
  0.000000e+00,  0.000000e+00
  0.000000e+00,  0.000000e+00
  0.000000e+00,  0.000000e+00
  0.000000e+00,  0.000000e+00
  0.000000e+00,  0.000000e+00
  0.000000e+00,  0.000000e+00
  0.000000e+00,  0.000000e+00
  0.000000e+00,  0.000000e+00
  0.000000e+00,  0.000000e+00
  0.000000e+00,  0.000000e+00
  0.000000e+00,  0.000000e+00
  0.000000e+00,  0.000000e+00
  0.000000e+00,  0.000000e+00
  0.000000e+00,  0.000000e+00
  0.000000e+00,  0.000000e+00
  0.000000e+00,  0.000000e+00
  0.000000e+00,  0.000000e+00
  0.000000e+00,  0.000000e+00
  0.000000e+00,  0.000000e+00
  0.000000e+00,  0.000000e+00
  0.000000e+00,  0.000000e+00
  0.000000e+00,  0.000000e+00
  0.000000e+00,  0.000000e+00
  0.000000e+00,  0.000000e+00
  0.000000e+00,  0.000000e+00
  0.000000e+00,  0.000000e+00
  0.000000e+00,  0.000000e+00
  0.000000e+00,  0.000000e+00
  0.000000e+00,  0.000000e+00
  0.000000e+00,  0.000000e+00
  0.000000e+00,  0.000000e+00
  0.000000e+00,  0.000000e+00
  0.000000e+00,  0.000000e+00
  0.000000e+00,  0.000000e+00
  0.000000e+00,  0.000000e+00
  0.000000e+00,  0.000000e+00
  0.000000e+00,  0.000000e+00
  0.000000e+00,  0.000000e+00
  0.000000e+00,  0.000000e+00
  0.000000e+00,  0.000000e+00
  0.000000e+00,  0.000000e+00
  0.000000e+00,  0.000000e+00
  0.000000e+00,  0.000000e+00
  0.000000e+00,  0.000000e+00
  0.000000e+00,  0.000000e+00
  0.000000e+00,  0.000000e+00
  0.000000e+00,  0.000000e+00
  0.000000e+00,  0.000000e+00
  0.000000e+00,  0.000000e+00
  0.000000e+00,  0.000000e+00
  0.000000e+00,  0.000000e+00
  0.000000e+00,  0.000000e+00
  0.000000e+00,  0.000000e+00
  0.000000e+00,  0.000000e+00
  0.000000e+00,  0.000000e+00
  0.000000e+00,  0.000000e+00
  0.000000e+00,  0.000000e+00
  0.000000e+00,  0.000000e+00
  0.000000e+00,  0.000000e+00
  0.000000e+00,  0.000000e+00
  0.000000e+00,  0.000000e+00
  0.000000e+00,  0.000000e+00
  0.000000e+00,  0.000000e+00
  0.000000e+00,  0.000000e+00
  0.000000e+00,  0.000000e+00
  0.000000e+00,  0.000000e+00
  0.000000e+00,  0.000000e+00
  0.000000e+00,  0.000000e+00
  0.000000e+00,  0.000000e+00
  0.000000e+00,  0.000000e+00
  0.000000e+00,  0.000000e+00
  0.000000e+00,  0.000000e+00
  0.000000e+00,  0.000000e+00
  0.000000e+00,  0.000000e+00
  0.000000e+00,  0.000000e+00
  0.000000e+00,  0.000000e+00
  0.000000e+00,  0.000000e+00
  0.000000e+00,  0.000000e+00
  0.000000e+00,  0.000000e+00
  0.000000e+00,  0.000000e+00
  0.000000e+00,  0.000000e+00
  0.000000e+00,  0.000000e+00
  0.000000e+00,  0.000000e+00
  0.000000e+00,  0.000000e+00
  0.000000e+00,  0.000000e+00
  0.000000e+00,  0.000000e+00
  0.000000e+00,  0.000000e+00
  0.000000e+00,  0.000000e+00
  0.000000e+00,  0.000000e+00
  0.000000e+00,  0.000000e+00
  0.000000e+00,  0.000000e+00
  0.000000e+00,  0.000000e+00
  0.000000e+00,  0.000000e+00
  0.000000e+00,  0.000000e+00
  0.000000e+00,  0.000000e+00
  0.000000e+00,  0.000000e+00
  0.000000e+00,  0.000000e+00
  0.000000e+00,  0.000000e+00
  0.000000e+00,  0.000000e+00
  0.000000e+00,  0.000000e+00
  0.000000e+00,  0.000000e+00
  0.000000e+00,  0.000000e+00
  0.000000e+00,  0.000000e+00
  0.000000e+00,  0.000000e+00
  0.000000e+00,  0.000000e+00
  0.000000e+00,  0.000000e+00
  0.000000e+00,  0.000000e+00
  0.000000e+00,  0.000000e+00
  0.000000e+00,  0.000000e+00
  0.000000e+00,  0.000000e+00
  0.000000e+00,  0.000000e+00
  0.000000e+00,  0.000000e+00
  0.000000e+00,  0.000000e+00
  0.000000e+00,  0.000000e+00
  0.000000e+00,  0.000000e+00
  0.000000e+00,  0.000000e+00
  0.000000e+00,  0.000000e+00
  0.000000e+00,  0.000000e+00
  0.000000e+00,  0.000000e+00
  0.000000e+00,  0.000000e+00
  0.000000e+00,  0.000000e+00
  0.000000e+00,  0.000000e+00
  0.000000e+00,  0.000000e+00
  0.000000e+00,  0.000000e+00
  0.000000e+00,  0.000000e+00
  0.000000e+00,  0.000000e+00
  0.000000e+00,  0.000000e+00
  0.000000e+00,  0.000000e+00
  0.000000e+00,  0.000000e+00
  0.000000e+00,  0.000000e+00
  0.000000e+00,  0.000000e+00
  0.000000e+00,  0.000000e+00
  0.000000e+00,  0.000000e+00
  0.000000e+00,  0.000000e+00
  0.000000e+00,  0.000000e+00
  0.000000e+00,  0.000000e+00
  0.000000e+00,  0.000000e+00
  0.000000e+00,  0.000000e+00
  0.000000e+00,  0.000000e+00
  0.000000e+00,  0.000000e+00
  0.000000e+00,  0.000000e+00
  0.000000e+00,  0.000000e+00
  0.000000e+00,  0.000000e+00
  0.000000e+00,  0.000000e+00
  0.000000e+00,  0.000000e+00
  0.000000e+00,  0.000000e+00
  0.000000e+00,  0.000000e+00
  0.000000e+00,  0.000000e+00
  0.000000e+00,  0.000000e+00
  0.000000e+00,  0.000000e+00
  0.000000e+00,  0.000000e+00
  0.000000e+00,  0.000000e+00
  0.000000e+00,  0.000000e+00
  0.000000e+00,  0.000000e+00
  0.000000e+00,  0.000000e+00
  0.000000e+00,  0.000000e+00
  0.000000e+00,  0.000000e+00
  0.000000e+00,  0.000000e+00
  0.000000e+00,  0.000000e+00
  0.000000e+00,  0.000000e+00
  0.000000e+00,  0.000000e+00
  0.000000e+00,  0.000000e+00
  0.000000e+00,  0.000000e+00
  0.000000e+00,  0.000000e+00
  0.000000e+00,  0.000000e+00
  0.000000e+00,  0.000000e+00
  0.000000e+00,  0.000000e+00
  0.000000e+00,  0.000000e+00
  0.000000e+00,  0.000000e+00
  0.000000e+00,  0.000000e+00
  0.000000e+00,  0.000000e+00
  0.000000e+00,  0.000000e+00
  0.000000e+00,  0.000000e+00
  0.000000e+00,  0.000000e+00
  0.000000e+00,  0.000000e+00
  0.000000e+00,  0.000000e+00
  0.000000e+00,  0.000000e+00
  0.000000e+00,  0.000000e+00
  0.000000e+00,  0.000000e+00
  0.000000e+00,  0.000000e+00
  0.000000e+00,  0.000000e+00
  0.000000e+00,  0.000000e+00
  0.000000e+00,  0.000000e+00
  0.000000e+00,  0.000000e+00
  0.000000e+00,  0.000000e+00
  0.000000e+00,  0.000000e+00
  0.000000e+00,  0.000000e+00
  0.000000e+00,  0.000000e+00
  0.000000e+00,  0.000000e+00
  0.000000e+00,  0.000000e+00
  0.000000e+00,  0.000000e+00
  0.000000e+00,  0.000000e+00
  0.000000e+00,  0.000000e+00
  0.000000e+00,  0.000000e+00
  0.000000e+00,  0.000000e+00
  0.000000e+00,  0.000000e+00
  0.000000e+00,  0.000000e+00
  0.000000e+00,  0.000000e+00
  0.000000e+00,  0.000000e+00
  0.000000e+00,  0.000000e+00
  0.000000e+00,  0.000000e+00
  0.000000e+00,  0.000000e+00
  0.000000e+00,  0.000000e+00
  0.000000e+00,  0.000000e+00
  0.000000e+00,  0.000000e+00
  0.000000e+00,  0.000000e+00
  0.000000e+00,  0.000000e+00
  0.000000e+00,  0.000000e+00
  0.000000e+00,  0.000000e+00
  0.000000e+00,  0.000000e+00
  0.000000e+00,  0.000000e+00
  0.000000e+00,  0.000000e+00
  0.000000e+00,  0.000000e+00
  0.000000e+00,  0.000000e+00
  0.000000e+00,  0.000000e+00
  0.000000e+00,  0.000000e+00
  0.000000e+00,  0.000000e+00
  0.000000e+00,  0.000000e+00
  0.000000e+00,  0.000000e+00
  0.000000e+00,  0.000000e+00
  0.000000e+00,  0.000000e+00
  0.000000e+00,  0.000000e+00
  0.000000e+00,  0.000000e+00
  0.000000e+00,  0.000000e+00
  0.000000e+00,  0.000000e+00
  0.000000e+00,  0.000000e+00
  0.000000e+00,  0.000000e+00
  0.000000e+00,  0.000000e+00
  0.000000e+00,  0.000000e+00
  0.000000e+00,  0.000000e+00
  0.000000e+00,  0.000000e+00
  0.000000e+00,  0.000000e+00
  0.000000e+00,  0.000000e+00
  0.000000e+00,  0.000000e+00
  0.000000e+00,  0.000000e+00
  0.000000e+00,  0.000000e+00
  0.000000e+00,  0.000000e+00
  0.000000e+00,  0.000000e+00
  0.000000e+00,  0.000000e+00
  0.000000e+00,  0.000000e+00
  0.000000e+00,  0.000000e+00
  0.000000e+00,  0.000000e+00
  0.000000e+00,  0.000000e+00
  0.000000e+00,  0.000000e+00
  0.000000e+00,  0.000000e+00
  0.000000e+00,  0.000000e+00
  0.000000e+00,  0.000000e+00
  0.000000e+00,  0.000000e+00
  0.000000e+00,  0.000000e+00
  0.000000e+00,  0.000000e+00
  0.000000e+00,  0.000000e+00
  0.000000e+00,  0.000000e+00
  0.000000e+00,  0.000000e+00
  0.000000e+00,  0.000000e+00
  0.000000e+00,  0.000000e+00
  0.000000e+00,  0.000000e+00
  0.000000e+00,  0.000000e+00
  0.000000e+00,  0.000000e+00
  0.000000e+00,  0.000000e+00
  0.000000e+00,  0.000000e+00
  0.000000e+00,  0.000000e+00
  0.000000e+00,  0.000000e+00
  0.000000e+00,  0.000000e+00
  0.000000e+00,  0.000000e+00
  0.000000e+00,  0.000000e+00
  0.000000e+00,  0.000000e+00
  0.000000e+00,  0.000000e+00
  0.000000e+00,  0.000000e+00
  0.000000e+00,  0.000000e+00
  0.000000e+00,  0.000000e+00
  0.000000e+00,  0.000000e+00
  0.000000e+00,  0.000000e+00
  0.000000e+00,  0.000000e+00
  0.000000e+00,  0.000000e+00
  0.000000e+00,  0.000000e+00
  0.000000e+00,  0.000000e+00
  0.000000e+00,  0.000000e+00
  0.000000e+00,  0.000000e+00
  0.000000e+00,  0.000000e+00
  0.000000e+00,  0.000000e+00
  0.000000e+00,  0.000000e+00
  0.000000e+00,  0.000000e+00
  0.000000e+00,  0.000000e+00
  0.000000e+00,  0.000000e+00
  0.000000e+00,  0.000000e+00
  0.000000e+00,  0.000000e+00
  0.000000e+00,  0.000000e+00
  0.000000e+00,  0.000000e+00
  0.000000e+00,  0.000000e+00
  0.000000e+00,  0.000000e+00
  0.000000e+00,  0.000000e+00
  0.000000e+00,  0.000000e+00
  0.000000e+00,  0.000000e+00
  0.000000e+00,  0.000000e+00
  0.000000e+00,  0.000000e+00
  0.000000e+00,  0.000000e+00
  0.000000e+00,  0.000000e+00
  0.000000e+00,  0.000000e+00
  0.000000e+00,  0.000000e+00
  0.000000e+00,  0.000000e+00
  0.000000e+00,  0.000000e+00
  0.000000e+00,  0.000000e+00
  0.000000e+00,  0.000000e+00
  0.000000e+00,  0.000000e+00
  0.000000e+00,  0.000000e+00
  0.000000e+00,  0.000000e+00
  0.000000e+00,  0.000000e+00
  0.000000e+00,  0.000000e+00
  0.000000e+00,  0.000000e+00
  0.000000e+00,  0.000000e+00
  0.000000e+00,  0.000000e+00
  0.000000e+00,  0.000000e+00
  0.000000e+00,  0.000000e+00
  0.000000e+00,  0.000000e+00
  0.000000e+00,  0.000000e+00
  0.000000e+00,  0.000000e+00
  0.000000e+00,  0.000000e+00
  0.000000e+00,  0.000000e+00
  0.000000e+00,  0.000000e+00
  0.000000e+00,  0.000000e+00
  0.000000e+00,  0.000000e+00
  0.000000e+00,  0.000000e+00
  0.000000e+00,  0.000000e+00
  0.000000e+00,  0.000000e+00
  0.000000e+00,  0.000000e+00
  0.000000e+00,  0.000000e+00
  0.000000e+00,  0.000000e+00
  0.000000e+00,  0.000000e+00
  0.000000e+00,  0.000000e+00
  0.000000e+00,  0.000000e+00
  0.000000e+00,  0.000000e+00
  0.000000e+00,  0.000000e+00
  0.000000e+00,  0.000000e+00
  0.000000e+00,  0.000000e+00
  0.000000e+00,  0.000000e+00
  0.000000e+00,  0.000000e+00
  0.000000e+00,  0.000000e+00
  0.000000e+00,  0.000000e+00
  0.000000e+00,  0.000000e+00
  0.000000e+00,  0.000000e+00
  0.000000e+00,  0.000000e+00
  0.000000e+00,  0.000000e+00
  0.000000e+00,  0.000000e+00
  0.000000e+00,  0.000000e+00
  0.000000e+00,  0.000000e+00
  0.000000e+00,  0.000000e+00
  0.000000e+00,  0.000000e+00
  0.000000e+00,  0.000000e+00
  0.000000e+00,  0.000000e+00
  0.000000e+00,  0.000000e+00
  0.000000e+00,  0.000000e+00
  0.000000e+00,  0.000000e+00
  0.000000e+00,  0.000000e+00
  0.000000e+00,  0.000000e+00
  0.000000e+00,  0.000000e+00
  0.000000e+00,  0.000000e+00
  0.000000e+00,  0.000000e+00
  0.000000e+00,  0.000000e+00
  0.000000e+00,  0.000000e+00
  0.000000e+00,  0.000000e+00
  0.000000e+00,  0.000000e+00
  0.000000e+00,  0.000000e+00
  0.000000e+00,  0.000000e+00
  0.000000e+00,  0.000000e+00
  0.000000e+00,  0.000000e+00
  0.000000e+00,  0.000000e+00
  0.000000e+00,  0.000000e+00
  0.000000e+00,  0.000000e+00
  0.000000e+00,  0.000000e+00
  0.000000e+00,  0.000000e+00
  0.000000e+00,  0.000000e+00
  0.000000e+00,  0.000000e+00
  0.000000e+00,  0.000000e+00
  0.000000e+00,  0.000000e+00
  0.000000e+00,  0.000000e+00
  0.000000e+00,  0.000000e+00
  0.000000e+00,  0.000000e+00
  0.000000e+00,  0.000000e+00
  0.000000e+00,  0.000000e+00
  0.000000e+00,  0.000000e+00
  0.000000e+00,  0.000000e+00
  0.000000e+00,  0.000000e+00
  0.000000e+00,  0.000000e+00
  0.000000e+00,  0.000000e+00
  0.000000e+00,  0.000000e+00
  0.000000e+00,  0.000000e+00
  0.000000e+00,  0.000000e+00
  0.000000e+00,  0.000000e+00
  0.000000e+00,  0.000000e+00
  0.000000e+00,  0.000000e+00
  0.000000e+00,  0.000000e+00
  0.000000e+00,  0.000000e+00
  0.000000e+00,  0.000000e+00
  0.000000e+00,  0.000000e+00
  0.000000e+00,  0.000000e+00
  0.000000e+00,  0.000000e+00
  0.000000e+00,  0.000000e+00
  0.000000e+00,  0.000000e+00
  0.000000e+00,  0.000000e+00
  0.000000e+00,  0.000000e+00
  0.000000e+00,  0.000000e+00
  0.000000e+00,  0.000000e+00
  0.000000e+00,  0.000000e+00
  0.000000e+00,  0.000000e+00
  0.000000e+00,  0.000000e+00
  0.000000e+00,  0.000000e+00
  0.000000e+00,  0.000000e+00
  0.000000e+00,  0.000000e+00
  0.000000e+00,  0.000000e+00
  0.000000e+00,  0.000000e+00
  0.000000e+00,  0.000000e+00
  0.000000e+00,  0.000000e+00
  0.000000e+00,  0.000000e+00
  0.000000e+00,  0.000000e+00
  0.000000e+00,  0.000000e+00
  0.000000e+00,  0.000000e+00
  0.000000e+00,  0.000000e+00
  0.000000e+00,  0.000000e+00
  0.000000e+00,  0.000000e+00
  0.000000e+00,  0.000000e+00
  0.000000e+00,  0.000000e+00
  0.000000e+00,  0.000000e+00
  0.000000e+00,  0.000000e+00
  0.000000e+00,  0.000000e+00
  0.000000e+00,  0.000000e+00
  0.000000e+00,  0.000000e+00
  0.000000e+00,  0.000000e+00
  0.000000e+00,  0.000000e+00
  0.000000e+00,  0.000000e+00
  0.000000e+00,  0.000000e+00
  0.000000e+00,  0.000000e+00
  0.000000e+00,  0.000000e+00
  0.000000e+00,  0.000000e+00
  0.000000e+00,  0.000000e+00
  0.000000e+00,  0.000000e+00
  0.000000e+00,  0.000000e+00
  0.000000e+00,  0.000000e+00
  0.000000e+00,  0.000000e+00
  0.000000e+00,  0.000000e+00
  0.000000e+00,  0.000000e+00
  0.000000e+00,  0.000000e+00
  0.000000e+00,  0.000000e+00
  0.000000e+00,  0.000000e+00
  0.000000e+00,  0.000000e+00
  0.000000e+00,  0.000000e+00
  0.000000e+00,  0.000000e+00
  0.000000e+00,  0.000000e+00
  0.000000e+00,  0.000000e+00
  0.000000e+00,  0.000000e+00
  0.000000e+00,  0.000000e+00
  0.000000e+00,  0.000000e+00
  0.000000e+00,  0.000000e+00
  0.000000e+00,  0.000000e+00
  0.000000e+00,  0.000000e+00
  0.000000e+00,  0.000000e+00
  0.000000e+00,  0.000000e+00
  0.000000e+00,  0.000000e+00
  0.000000e+00,  0.000000e+00
  0.000000e+00,  0.000000e+00
  0.000000e+00,  0.000000e+00
  0.000000e+00,  0.000000e+00
  0.000000e+00,  0.000000e+00
  0.000000e+00,  0.000000e+00
  0.000000e+00,  0.000000e+00
  0.000000e+00,  0.000000e+00
  0.000000e+00,  0.000000e+00
  0.000000e+00,  0.000000e+00
  0.000000e+00,  0.000000e+00
  0.000000e+00,  0.000000e+00
  0.000000e+00,  0.000000e+00
  0.000000e+00,  0.000000e+00
  0.000000e+00,  0.000000e+00
  0.000000e+00,  0.000000e+00
  0.000000e+00,  0.000000e+00
  0.000000e+00,  0.000000e+00
  0.000000e+00,  0.000000e+00
  0.000000e+00,  0.000000e+00
  0.000000e+00,  0.000000e+00
  0.000000e+00,  0.000000e+00
  0.000000e+00,  0.000000e+00
  0.000000e+00,  0.000000e+00
  0.000000e+00,  0.000000e+00
  0.000000e+00,  0.000000e+00
  0.000000e+00,  0.000000e+00
  0.000000e+00,  0.000000e+00
  0.000000e+00,  0.000000e+00
  0.000000e+00,  0.000000e+00
  0.000000e+00,  0.000000e+00
  0.000000e+00,  0.000000e+00
  0.000000e+00,  0.000000e+00
  0.000000e+00,  0.000000e+00
  0.000000e+00,  0.000000e+00
  0.000000e+00,  0.000000e+00
  0.000000e+00,  0.000000e+00
  0.000000e+00,  0.000000e+00
  0.000000e+00,  0.000000e+00
  0.000000e+00,  0.000000e+00
  0.000000e+00,  0.000000e+00
  0.000000e+00,  0.000000e+00
  0.000000e+00,  0.000000e+00
  0.000000e+00,  0.000000e+00
  0.000000e+00,  0.000000e+00
  0.000000e+00,  0.000000e+00
  0.000000e+00,  0.000000e+00
  0.000000e+00,  0.000000e+00
  0.000000e+00,  0.000000e+00
  0.000000e+00,  0.000000e+00
  0.000000e+00,  0.000000e+00
  0.000000e+00,  0.000000e+00
  0.000000e+00,  0.000000e+00
  0.000000e+00,  0.000000e+00
  0.000000e+00,  0.000000e+00
  0.000000e+00,  0.000000e+00
  0.000000e+00,  0.000000e+00
  0.000000e+00,  0.000000e+00
  0.000000e+00,  0.000000e+00
  0.000000e+00,  0.000000e+00
  0.000000e+00,  0.000000e+00
  0.000000e+00,  0.000000e+00
  0.000000e+00,  0.000000e+00
  0.000000e+00,  0.000000e+00
  0.000000e+00,  0.000000e+00
  0.000000e+00,  0.000000e+00
  0.000000e+00,  0.000000e+00
  0.000000e+00,  0.000000e+00
  0.000000e+00,  0.000000e+00
  0.000000e+00,  0.000000e+00
  0.000000e+00,  0.000000e+00
  0.000000e+00,  0.000000e+00
  0.000000e+00,  0.000000e+00
  0.000000e+00,  0.000000e+00
  0.000000e+00,  0.000000e+00
  0.000000e+00,  0.000000e+00
  0.000000e+00,  0.000000e+00
  0.000000e+00,  0.000000e+00
  0.000000e+00,  0.000000e+00
  0.000000e+00,  0.000000e+00
  0.000000e+00,  0.000000e+00
  0.000000e+00,  0.000000e+00
  0.000000e+00,  0.000000e+00
  0.000000e+00,  0.000000e+00
  0.000000e+00,  0.000000e+00
  0.000000e+00,  0.000000e+00
  0.000000e+00,  0.000000e+00
  0.000000e+00,  0.000000e+00
  0.000000e+00,  0.000000e+00
  0.000000e+00,  0.000000e+00
  0.000000e+00,  0.000000e+00
  0.000000e+00,  0.000000e+00
  0.000000e+00,  0.000000e+00
  0.000000e+00,  0.000000e+00
  0.000000e+00,  0.000000e+00
  0.000000e+00,  0.000000e+00
  0.000000e+00,  0.000000e+00
  0.000000e+00,  0.000000e+00
  0.000000e+00,  0.000000e+00
  0.000000e+00,  0.000000e+00
  0.000000e+00,  0.000000e+00
  0.000000e+00,  0.000000e+00
  0.000000e+00,  0.000000e+00
  0.000000e+00,  0.000000e+00
  0.000000e+00,  0.000000e+00
  0.000000e+00,  0.000000e+00
  0.000000e+00,  0.000000e+00
  0.000000e+00,  0.000000e+00
  0.000000e+00,  0.000000e+00
  0.000000e+00,  0.000000e+00
  0.000000e+00,  0.000000e+00
  0.000000e+00,  0.000000e+00
  0.000000e+00,  0.000000e+00
  0.000000e+00,  0.000000e+00
  0.000000e+00,  0.000000e+00
  0.000000e+00,  0.000000e+00
  0.000000e+00,  0.000000e+00
  0.000000e+00,  0.000000e+00
  0.000000e+00,  0.000000e+00
  0.000000e+00,  0.000000e+00
  0.000000e+00,  0.000000e+00
  0.000000e+00,  0.000000e+00
  0.000000e+00,  0.000000e+00
  0.000000e+00,  0.000000e+00
  0.000000e+00,  0.000000e+00
  0.000000e+00,  0.000000e+00
  0.000000e+00,  0.000000e+00
  0.000000e+00,  0.000000e+00
  0.000000e+00,  0.000000e+00
  0.000000e+00,  0.000000e+00
  0.000000e+00,  0.000000e+00
  0.000000e+00,  0.000000e+00
  0.000000e+00,  0.000000e+00
  0.000000e+00,  0.000000e+00
  0.000000e+00,  0.000000e+00
  0.000000e+00,  0.000000e+00
  0.000000e+00,  0.000000e+00
  0.000000e+00,  0.000000e+00
  0.000000e+00,  0.000000e+00
  0.000000e+00,  0.000000e+00
  0.000000e+00,  0.000000e+00
  0.000000e+00,  0.000000e+00
  0.000000e+00,  0.000000e+00
  0.000000e+00,  0.000000e+00
  0.000000e+00,  0.000000e+00
  0.000000e+00,  0.000000e+00
  0.000000e+00,  0.000000e+00
  0.000000e+00,  0.000000e+00
  0.000000e+00,  0.000000e+00
  0.000000e+00,  0.000000e+00
  0.000000e+00,  0.000000e+00
  0.000000e+00,  0.000000e+00
  0.000000e+00,  0.000000e+00
  0.000000e+00,  0.000000e+00
  0.000000e+00,  0.000000e+00
  0.000000e+00,  0.000000e+00
  0.000000e+00,  0.000000e+00
  0.000000e+00,  0.000000e+00
  0.000000e+00,  0.000000e+00
  2.051976e+00,  3.594650e+01
  1.657115e+01,  7.489870e+01
  3.288934e+01,  1.254337e+02
  4.168968e+01,  1.650165e+02
  2.549503e+01,  1.740355e+02
  1.440432e+01,  1.369787e+02
  9.300130e+00,  9.750080e+01
  8.736879e+00,  3.423382e+02
  2.144758e+01,  3.022423e+02
  2.656158e+01,  2.816182e+02
  1.906873e+01,  2.632860e+02
  1.364678e+01,  1.890207e+02
  2.483271e+01,  1.510737e+02
  2.056735e+01,  1.353239e+02
  6.807500e+00,  8.152670e+01
  1.076609e+01,  3.312598e+02
  1.759333e+01,  2.869884e+02
  1.758525e+01,  2.792350e+02
  3.299453e+00,  1.417690e+00
  1.986280e+01,  1.083615e+02
  2.342039e+01,  1.314909e+02
  7.635488e+00,  1.840623e+02
  1.771892e+01,  3.152797e+02
  2.379096e+01,  3.350060e+02
  1.492538e+01,  3.280705e+02
  1.225254e+01,  3.070465e+02
  1.707885e+01,  3.311616e+02
  1.940550e+01,  3.496385e+02
  8.132729e+00,  3.369031e+02
  1.514881e+01,  2.223536e+02
  2.456380e+01,  2.096023e+02
  1.805839e+01,  1.818299e+02
  1.847746e+01,  1.350903e+02
  1.860161e+01,  1.407381e+02
  1.428760e+01,  2.002293e+02
  1.989041e+01,  2.578872e+02
  1.904269e+01,  2.874497e+02
  1.026923e+01,  3.148926e+02
  3.486969e+00,  3.193680e+02
  1.159931e+01,  2.660707e+02
  2.761746e+01,  2.769030e+02
  3.070416e+01,  2.950063e+02
  1.392051e+01,  3.335645e+02
  1.643756e+01,  1.043804e+02
  2.566366e+01,  1.360670e+02
  1.207189e+01,  1.609887e+02
  1.291248e+01,  3.374297e+02
  2.539666e+01,  8.689800e-01
  1.553814e+01,  2.888480e+01
  1.184671e+01,  1.634711e+02
  2.739246e+01,  1.940566e+02
  2.694555e+01,  1.919930e+02
  2.086809e+01,  1.663446e+02
  1.228194e+01,  1.524837e+02
  4.675224e+00,  2.944380e+02
  1.514232e+01,  3.074269e+02
  1.226212e+01,  2.921612e+02
  8.893565e+00,  2.256466e+02
  1.547255e+01,  1.871976e+02
  1.622329e+01,  1.681061e+02
  8.612269e+00,  1.385328e+02
  6.443975e+00,  3.586486e+02
  1.918278e+01,  3.267415e+02
  2.601787e+01,  3.162385e+02
  1.962209e+01,  3.181465e+02
  4.512051e+00,  6.158080e+01
  2.346608e+01,  1.276019e+02
  3.036733e+01,  1.397391e+02
  1.931267e+01,  1.641133e+02
  1.265763e+01,  2.562529e+02
  1.834783e+01,  3.048402e+02
  9.012556e+00,  3.393421e+02
  9.207726e+00,  1.178344e+02
  1.602565e+01,  1.334474e+02
  1.185418e+01,  1.199989e+02
  6.921635e+00,  6.850310e+01
  6.447029e+00,  2.401050e+01
  3.081260e+00,  3.267070e+01
  5.056677e+00,  1.340109e+02
  1.060397e+01,  1.422848e+02
  1.392418e+01,  1.485592e+02
  1.731710e+01,  1.644670e+02
  2.379792e+01,  1.721829e+02
  3.037434e+01,  1.669670e+02
  3.125422e+01,  1.609829e+02
  2.314590e+01,  1.494334e+02
  1.397216e+01,  1.058745e+02
  1.195441e+01,  4.388260e+01
  1.111331e+01,  3.362642e+02
  1.442752e+01,  2.838368e+02
  1.188815e+01,  2.469256e+02
  7.047998e+00,  1.614273e+02
  1.418072e+01,  9.717910e+01
  1.818898e+01,  7.012990e+01
  2.070810e+01,  4.350470e+01
  2.629553e+01,  4.573510e+01
  3.074970e+01,  7.981780e+01
  2.945452e+01,  1.332835e+02
  2.166026e+01,  2.199525e+02
  4.622272e+00,  3.191345e+02
##END=
