##TITLE= 90xH_2A 
##JCAMP-DX= 5.00 Bruker JCAMP library 
##DATA TYPE= Shape Data 
##ORIGIN= GRAPE 
##OWNER= <guest> 
##DATE= 29-Jul-2014 
##TIME(HH/MM/SS)= 11:16:6 
##$SHAPE_PARAMETERS= Type: SMP ; Amplitude: 100 
##--------- SMP PARAMETERS ---------
##Total_Duration = 180.00 us 
##Initial_Delay =  5.00 us 
##Ending_Delay = 5.00 us 
##Maximum_Amplitude =25 kHz 
##Transmitter_Offset = 0 Hz 
##----------------------------------
##MINX= 0.000000e+00 
##MAXX= 6.408648e+01 
##MINY= 0.000000e+00 
##MAXY= 3.573697e+02 
##AVG POWER= 3.408621e+01 
##$SHAPE_EXMODE= Excitation 
##$SHAPE_TOTROT= 9.000000e+01 
##$SHAPE_BWFAC= 1.116000e+00 
##$SHAPE_INTEGFAC= 1.000000e+00 
##$SHAPE_MODE= 1 
##NPOINTS= 90 
##XYPOINTS= (XY..XY) 
0.0000E00, 2.7488E02
1.3404E01, 2.7007E02
1.2010E01, 2.5849E02
1.1031E01, 2.4431E02
1.0654E01, 2.2811E02
1.0998E01, 2.1154E02
1.2038E01, 1.9653E02
1.3634E01, 1.8406E02
1.5620E01, 1.7412E02
1.7857E01, 1.6624E02
2.0242E01, 1.5995E02
2.2699E01, 1.5483E02
2.5173E01, 1.5062E02
2.7620E01, 1.4713E02
3.0001E01, 1.4421E02
3.2286E01, 1.4179E02
3.4448E01, 1.3979E02
3.6464E01, 1.3819E02
3.8313E01, 1.3695E02
3.9982E01, 1.3606E02
4.1459E01, 1.3551E02
4.2739E01, 1.3528E02
4.3823E01, 1.3535E02
4.4713E01, 1.3573E02
4.5418E01, 1.3638E02
4.5950E01, 1.3728E02
4.6323E01, 1.3840E02
4.6547E01, 1.3968E02
4.6636E01, 1.4107E02
4.6594E01, 1.4251E02
4.6423E01, 1.4395E02
4.6121E01, 1.4532E02
4.5678E01, 1.4656E02
4.5082E01, 1.4763E02
4.4319E01, 1.4847E02
4.3376E01, 1.4905E02
4.2240E01, 1.4936E02
4.0905E01, 1.4937E02
3.9367E01, 1.4908E02
3.7628E01, 1.4848E02
3.5696E01, 1.4757E02
3.3580E01, 1.4635E02
3.1296E01, 1.4480E02
2.8861E01, 1.4290E02
2.6294E01, 1.4062E02
2.3619E01, 1.3787E02
2.0860E01, 1.3454E02
1.8050E01, 1.3039E02
1.5230E01, 1.2502E02
1.2467E01, 1.1767E02
9.8802E00, 1.0686E02
7.7209E00, 8.9925E01
6.4900E00, 6.4259E01
6.7466E00, 3.4721E01
8.3571E00, 1.1912E01
1.0715E01, 3.5737E02
1.3410E01, 3.4799E02
1.6247E01, 3.4151E02
1.9134E01, 3.3672E02
2.2018E01, 3.3300E02
2.4868E01, 3.3000E02
2.7662E01, 3.2750E02
3.0380E01, 3.2541E02
3.3012E01, 3.2363E02
3.5546E01, 3.2212E02
3.7975E01, 3.2085E02
4.0296E01, 3.1981E02
4.2508E01, 3.1898E02
4.4611E01, 3.1838E02
4.6609E01, 3.1799E02
4.8508E01, 3.1782E02
5.0315E01, 3.1787E02
5.2037E01, 3.1814E02
5.3680E01, 3.1863E02
5.5249E01, 3.1933E02
5.6745E01, 3.2021E02
5.8163E01, 3.2126E02
5.9492E01, 3.2243E02
6.0715E01, 3.2368E02
6.1805E01, 3.2497E02
6.2729E01, 3.2623E02
6.3446E01, 3.2742E02
6.3913E01, 3.2846E02
6.4086E01, 3.2931E02
6.3924E01, 3.2991E02
5.6825E01, 3.3029E02
4.6803E01, 3.3052E02
3.4380E01, 3.3061E02
1.8990E01, 3.3111E02
0.0000E00, 0.0000E00
##END=