##TITLE= twqubit_C6180_H_25000.txt
##JCAMP-DX= 5.00 Bruker JCAMP library
##DATA TYPE= Shape Data
##ORIGIN= Colm's GRAPE Pulses 
##OWNER= caryan
##DATE= 15-Dec-2014
##TIME= 16:29
##MINX= 1.437297e-01
##MAXX= 6.029003e+00
##MINY= 1.221607e-01
##MAXY= 3.569442e+02
##$SHAPE_EXMODE= None
##$SHAPE_TOTROT= 9.000000e+01
##$SHAPE_BWFAC= 1.000000e+00
##$SHAPE_INTEGFAC= 1.000000e+00
##$SHAPE_MODE= 1
##NPOINTS= 200
##XYPOINTS= (XY..XY)
  1.437297e-01,  3.408041e+02
  7.683894e-01,  1.152727e+01
  2.360228e+00,  2.599729e+01
  2.593990e+00,  1.263328e+01
  1.414162e+00,  3.569442e+02
  1.417280e+00,  5.293326e+01
  2.011637e+00,  3.169603e+01
  2.414617e+00,  3.468282e+02
  2.007110e-01,  3.522090e+01
  3.363609e+00,  1.045418e+02
  4.046003e+00,  2.974295e+01
  5.107652e+00,  3.314928e+02
  2.242226e+00,  1.843808e+02
  6.029003e+00,  1.234221e+02
  4.792150e+00,  4.021553e+01
  4.165624e+00,  3.416965e+02
  2.185352e+00,  1.800042e+02
  3.567779e+00,  1.279203e+02
  2.428069e+00,  5.069904e+01
  9.479832e-01,  3.459714e+01
  1.782865e+00,  1.449907e+02
  1.927631e+00,  1.130674e+02
  1.825324e+00,  7.409893e+01
  1.206940e+00,  8.759735e+01
  1.023147e+00,  1.317361e+02
  1.098575e+00,  1.228495e+02
  1.308542e+00,  1.030885e+02
  1.350240e+00,  1.121274e+02
  1.435577e+00,  1.150362e+02
  1.435707e+00,  8.983591e+01
  6.278046e-01,  1.059076e+02
  1.511726e+00,  1.742711e+02
  2.142484e+00,  1.252018e+02
  2.502947e+00,  8.097695e+01
  6.253054e-01,  9.176958e+01
  1.649268e+00,  1.857038e+02
  2.165506e+00,  1.305578e+02
  2.629347e+00,  9.282027e+01
  9.486354e-01,  1.013601e+02
  1.337167e+00,  1.998618e+02
  1.706174e+00,  1.648527e+02
  1.856640e+00,  1.262480e+02
  1.028711e+00,  1.284577e+02
  1.321259e+00,  2.090170e+02
  2.119639e+00,  1.998831e+02
  1.819342e+00,  1.716756e+02
  1.111017e+00,  1.636141e+02
  1.174086e+00,  2.056076e+02
  1.650104e+00,  2.088157e+02
  1.520042e+00,  1.980941e+02
  1.378982e+00,  1.903581e+02
  1.490909e+00,  1.878116e+02
  1.353320e+00,  1.891282e+02
  1.103505e+00,  1.996309e+02
  1.408041e+00,  1.958056e+02
  1.769344e+00,  1.855107e+02
  1.253716e+00,  1.984953e+02
  1.194804e+00,  2.365133e+02
  1.718965e+00,  2.116453e+02
  1.945443e+00,  1.891548e+02
  9.328498e-01,  2.291227e+02
  1.703779e+00,  2.716835e+02
  1.800639e+00,  2.376731e+02
  1.246320e+00,  2.155043e+02
  1.066027e+00,  2.749599e+02
  1.863375e+00,  2.733024e+02
  1.632618e+00,  2.448369e+02
  1.019849e+00,  2.290983e+02
  1.145330e+00,  2.671691e+02
  1.592427e+00,  2.712723e+02
  1.343011e+00,  2.507867e+02
  1.262893e+00,  2.374607e+02
  1.288216e+00,  2.588635e+02
  1.411995e+00,  2.885172e+02
  1.410577e+00,  2.965642e+02
  1.581164e+00,  2.547092e+02
  2.213203e+00,  2.391687e+02
  1.323038e+00,  3.016555e+02
  2.136150e+00,  3.472585e+02
  2.392784e+00,  2.670772e+02
  4.007795e+00,  2.382564e+02
  4.506317e-01,  3.159969e+02
  3.522846e+00,  1.957328e+01
  3.002137e+00,  3.109125e+02
  4.712429e+00,  2.560733e+02
  1.918439e+00,  2.406898e+02
  2.222144e+00,  3.242601e+01
  2.885617e+00,  3.543994e+02
  2.885504e+00,  3.028786e+02
  1.947510e+00,  2.842896e+02
  1.069749e+00,  1.309894e+01
  2.754436e+00,  3.025127e+01
  2.525593e+00,  1.178445e+01
  1.568599e+00,  3.413438e+02
  1.288635e+00,  6.797427e+00
  1.939620e+00,  3.351937e+01
  1.503041e+00,  2.085320e+01
  1.279414e+00,  3.483674e+02
  1.259144e+00,  4.077578e+00
  1.189308e+00,  3.341354e+01
  1.419496e+00,  1.386820e+01
  2.055135e+00,  3.501742e+02
  1.477237e+00,  3.490845e+02
  9.509851e-01,  3.884544e+01
  1.792151e+00,  3.173900e+01
  2.550745e+00,  5.166498e+00
  2.075403e+00,  3.535400e+02
  9.705829e-01,  2.646668e+01
  1.365058e+00,  7.033127e+01
  1.620156e+00,  5.891349e+01
  1.500595e+00,  4.266331e+01
  1.107554e+00,  5.817076e+01
  1.446531e+00,  9.752492e+01
  1.779371e+00,  9.288261e+01
  1.614407e+00,  7.248481e+01
  1.317134e+00,  6.058439e+01
  1.055630e+00,  6.605126e+01
  1.184033e+00,  8.855923e+01
  1.540299e+00,  8.808214e+01
  1.449921e+00,  7.053830e+01
  1.013982e+00,  6.977500e+01
  1.103734e+00,  9.524369e+01
  1.410410e+00,  9.391882e+01
  1.319389e+00,  8.840937e+01
  1.206169e+00,  9.116306e+01
  1.278335e+00,  9.250224e+01
  1.236213e+00,  9.865546e+01
  1.212789e+00,  1.091290e+02
  1.360569e+00,  1.001931e+02
  1.249367e+00,  9.542865e+01
  1.054642e+00,  1.357097e+02
  1.611936e+00,  1.457791e+02
  1.752416e+00,  1.094872e+02
  1.247709e+00,  8.111042e+01
  9.730728e-01,  1.865370e+02
  2.236836e+00,  1.782751e+02
  1.887403e+00,  1.309983e+02
  1.230370e+00,  9.353241e+01
  1.016807e+00,  1.796973e+02
  1.912313e+00,  1.779360e+02
  1.352900e+00,  1.445892e+02
  1.029997e+00,  1.272927e+02
  1.298899e+00,  1.605909e+02
  1.293110e+00,  1.815188e+02
  1.159112e+00,  1.748422e+02
  1.768439e+00,  1.462765e+02
  1.220588e+00,  1.421086e+02
  8.453812e-01,  2.369533e+02
  1.795624e+00,  1.978949e+02
  3.047389e+00,  1.503247e+02
  2.097911e+00,  1.279199e+02
  6.723114e-01,  2.512938e+02
  2.126001e+00,  2.305991e+02
  2.640616e+00,  1.881479e+02
  2.352768e+00,  1.563415e+02
  7.510185e-01,  1.776711e+02
  1.998170e+00,  2.585112e+02
  2.378396e+00,  2.421425e+02
  1.720438e+00,  2.174800e+02
  1.281260e+00,  2.104760e+02
  1.268081e+00,  2.297367e+02
  1.623022e+00,  2.502820e+02
  1.676034e+00,  2.511740e+02
  1.313536e+00,  2.381804e+02
  1.215732e+00,  2.365893e+02
  1.412606e+00,  2.432575e+02
  1.419596e+00,  2.406642e+02
  1.188955e+00,  2.506564e+02
  1.428475e+00,  2.756959e+02
  1.902191e+00,  2.528610e+02
  2.636431e+00,  2.130474e+02
  1.464427e+00,  2.027265e+02
  2.017480e+00,  3.411127e+02
  2.735567e+00,  3.173055e+02
  2.988512e+00,  2.347938e+02
  2.545394e+00,  2.081794e+02
  1.888248e+00,  1.221607e-01
  3.357232e+00,  3.457212e+02
  2.106526e+00,  2.842146e+02
  1.773483e+00,  2.488843e+02
  9.275120e-01,  3.208604e+02
  1.732915e+00,  3.431791e+02
  1.675909e+00,  3.153108e+02
  1.443542e+00,  2.852942e+02
  9.502620e-01,  2.962522e+02
  1.143121e+00,  3.339100e+02
  1.457805e+00,  3.234549e+02
  1.410997e+00,  3.113901e+02
  1.176984e+00,  3.225478e+02
  1.307726e+00,  3.251287e+02
  1.522014e+00,  3.089099e+02
  1.351481e+00,  3.093161e+02
  1.208646e+00,  3.378412e+02
  1.456269e+00,  3.528385e+02
  1.579962e+00,  3.457413e+02
  1.422899e+00,  3.105054e+02
  7.936299e-01,  1.873182e+01
  4.091438e+00,  6.978793e+00
  1.334484e+00,  6.676451e+00
  2.654136e-01,  1.480775e+01
##END=
