##TITLE= twqubit_C5180_H_25000.txt
##JCAMP-DX= 5.00 Bruker JCAMP library
##DATA TYPE= Shape Data
##ORIGIN= Colm's GRAPE Pulses 
##OWNER= caryan
##DATE= 15-Dec-2014
##TIME= 16:29
##MINX= 1.039345e-01
##MAXX= 2.905154e+01
##MINY= 2.980133e+00
##MAXY= 3.597670e+02
##$SHAPE_EXMODE= None
##$SHAPE_TOTROT= 9.000000e+01
##$SHAPE_BWFAC= 1.000000e+00
##$SHAPE_INTEGFAC= 1.000000e+00
##$SHAPE_MODE= 1
##NPOINTS= 200
##XYPOINTS= (XY..XY)
  1.039345e-01,  1.373475e+02
  1.099078e+00,  1.128396e+02
  8.170525e+00,  7.141175e+00
  9.585390e+00,  2.587103e+02
  1.892176e+01,  1.755405e+02
  2.648309e+01,  6.492246e+01
  2.794716e+01,  3.352402e+02
  2.905154e+01,  2.367456e+02
  2.683603e+01,  1.472937e+02
  2.228435e+01,  6.044153e+01
  2.096667e+01,  3.401003e+02
  1.944043e+01,  2.562915e+02
  1.821941e+01,  1.721198e+02
  1.560603e+01,  9.049085e+01
  1.382872e+01,  1.156090e+01
  1.262215e+01,  2.882461e+02
  1.164116e+01,  2.031800e+02
  9.822169e+00,  1.166031e+02
  7.698158e+00,  3.184703e+01
  6.106001e+00,  3.072794e+02
  5.025026e+00,  2.316439e+02
  3.777278e+00,  1.580257e+02
  3.028051e+00,  7.582886e+01
  2.882862e+00,  3.449710e+02
  3.161912e+00,  2.513771e+02
  3.535505e+00,  1.515720e+02
  4.530209e+00,  5.027661e+01
  5.765535e+00,  3.141216e+02
  7.081320e+00,  2.179349e+02
  9.051502e+00,  1.261549e+02
  9.569155e+00,  3.919619e+01
  1.032605e+01,  3.080393e+02
  9.561090e+00,  2.267084e+02
  7.916888e+00,  1.363616e+02
  6.274493e+00,  4.898921e+01
  4.379938e+00,  3.125315e+02
  3.234193e+00,  2.022799e+02
  3.391999e+00,  8.591364e+01
  4.204550e+00,  3.482117e+02
  4.752629e+00,  2.561803e+02
  5.522974e+00,  1.689635e+02
  5.541508e+00,  8.710111e+01
  5.321197e+00,  3.597670e+02
  5.132053e+00,  2.739287e+02
  5.051189e+00,  1.822327e+02
  5.470844e+00,  9.310316e+01
  5.712842e+00,  2.980133e+00
  6.272658e+00,  2.762306e+02
  6.264676e+00,  1.950160e+02
  5.830020e+00,  1.130828e+02
  5.483361e+00,  3.184586e+01
  4.817925e+00,  3.128906e+02
  3.978899e+00,  2.340654e+02
  3.342224e+00,  1.576479e+02
  3.083404e+00,  8.684680e+01
  3.289079e+00,  1.704151e+01
  3.432117e+00,  3.059714e+02
  3.794846e+00,  2.266160e+02
  3.941720e+00,  1.530262e+02
  3.862146e+00,  7.045452e+01
  3.875620e+00,  3.541658e+02
  3.408327e+00,  2.735001e+02
  3.017516e+00,  1.957227e+02
  2.449075e+00,  1.126069e+02
  2.288361e+00,  3.586027e+01
  1.847195e+00,  3.252125e+02
  1.514440e+00,  2.535903e+02
  1.265174e+00,  1.787271e+02
  1.307018e+00,  1.017402e+02
  1.128472e+00,  2.159605e+01
  1.315693e+00,  2.941409e+02
  7.613467e-01,  1.866012e+02
  2.067435e+00,  8.945611e+01
  1.216005e+00,  1.549116e+01
  2.366971e+00,  2.496873e+02
  2.710951e+00,  1.673293e+02
  3.522975e+00,  7.502531e+01
  4.053505e+00,  3.405081e+02
  5.557381e+00,  2.493701e+02
  6.750988e+00,  1.632016e+02
  7.832618e+00,  7.632588e+01
  8.397891e+00,  3.499345e+02
  8.682890e+00,  2.641949e+02
  8.404746e+00,  1.795510e+02
  7.748479e+00,  9.416076e+01
  6.969166e+00,  6.834415e+00
  6.078064e+00,  2.811125e+02
  4.610245e+00,  1.934183e+02
  3.325336e+00,  9.608233e+01
  2.782250e+00,  3.498836e+02
  2.730255e+00,  2.437903e+02
  3.068182e+00,  1.385723e+02
  3.705396e+00,  4.186594e+01
  4.136882e+00,  3.085839e+02
  4.413238e+00,  2.144191e+02
  4.272584e+00,  1.167293e+02
  4.143209e+00,  1.703216e+01
  3.969614e+00,  2.758596e+02
  3.974781e+00,  1.796433e+02
  3.956292e+00,  8.518577e+01
  4.228269e+00,  3.528029e+02
  4.417437e+00,  2.642749e+02
  4.400911e+00,  1.708584e+02
  3.861604e+00,  8.354872e+01
  3.652994e+00,  3.365106e+02
  2.990392e+00,  2.511038e+02
  2.572023e+00,  1.303505e+02
  2.766696e+00,  2.509615e+01
  3.212403e+00,  2.864313e+02
  3.597218e+00,  1.975046e+02
  3.341403e+00,  1.137476e+02
  3.203969e+00,  2.634921e+01
  3.232017e+00,  3.074295e+02
  2.703903e+00,  2.400844e+02
  1.963562e+00,  1.593333e+02
  2.125346e+00,  8.055468e+01
  1.892659e+00,  3.579549e+02
  2.335895e+00,  2.600568e+02
  1.889333e+00,  1.722063e+02
  2.393326e+00,  3.700958e+01
  3.293852e+00,  3.225745e+02
  2.108015e+00,  2.381935e+02
  1.859249e+00,  1.182309e+02
  2.305831e+00,  3.078242e+01
  2.240930e+00,  3.261720e+02
  1.182020e+00,  2.858419e+02
  3.764118e-01,  3.515540e+01
  1.493949e+00,  3.014190e+01
  1.602989e+00,  1.253240e+01
  1.567331e+00,  1.673489e+01
  2.026003e+00,  3.042192e+01
  1.908137e+00,  3.649030e+01
  1.487015e+00,  3.227983e+01
  2.235073e+00,  5.106667e+01
  3.281824e+00,  5.949853e+01
  2.301828e+00,  5.440870e+01
  1.600364e+00,  4.913703e+01
  2.623639e+00,  6.724047e+01
  3.730837e+00,  7.089014e+01
  3.824910e+00,  6.852040e+01
  4.396001e+00,  8.251611e+01
  4.878541e+00,  9.921148e+01
  3.986926e+00,  9.446588e+01
  4.838855e+00,  7.611709e+01
  6.059495e+00,  8.828027e+01
  5.726279e+00,  8.457494e+01
  1.021763e+01,  6.723728e+01
  1.631939e+01,  9.227940e+01
  1.764727e+01,  1.313126e+02
  1.561304e+01,  1.660203e+02
  9.234023e+00,  1.668497e+02
  7.292331e+00,  1.134428e+02
  1.198138e+01,  1.285678e+02
  1.528730e+01,  1.553245e+02
  1.232228e+01,  1.685037e+02
  9.709985e+00,  1.634667e+02
  1.071214e+01,  1.547526e+02
  1.242797e+01,  1.566715e+02
  1.352866e+01,  1.635209e+02
  1.418279e+01,  1.712587e+02
  1.430489e+01,  1.851030e+02
  1.222148e+01,  1.981048e+02
  9.906840e+00,  1.862962e+02
  1.310492e+01,  1.797296e+02
  1.512129e+01,  2.033789e+02
  1.283778e+01,  2.303616e+02
  8.244382e+00,  2.384450e+02
  7.222368e+00,  2.235854e+02
  8.280216e+00,  2.270950e+02
  7.218017e+00,  2.382266e+02
  5.585181e+00,  2.450711e+02
  5.409337e+00,  2.472301e+02
  5.285029e+00,  2.460859e+02
  4.107962e+00,  2.497930e+02
  3.587061e+00,  2.714226e+02
  4.265611e+00,  2.738821e+02
  3.746424e+00,  2.553555e+02
  1.747521e+00,  2.735587e+02
  3.018591e+00,  3.129118e+02
  3.509425e+00,  2.865224e+02
  2.453151e+00,  2.413682e+02
  6.412581e-01,  9.423326e+01
  3.554565e+00,  3.510590e+02
  4.559448e+00,  2.999665e+02
  3.714794e+00,  2.428336e+02
  2.763230e+00,  1.499694e+02
  4.073467e+00,  3.235143e+01
  4.714941e+00,  3.078053e+02
  2.316999e+00,  2.197408e+02
  1.499296e+00,  3.791874e+01
  1.447166e+00,  3.056630e+02
  6.746948e-01,  6.875132e+01
  2.891846e+00,  2.918192e+01
  3.236398e+00,  3.102003e+02
  7.795421e+00,  2.044796e+02
  1.560175e+01,  6.766604e+01
  1.712187e+01,  2.906108e+02
  1.027104e+01,  1.353066e+02
  2.124786e+00,  3.500682e+02
  2.069594e-01,  1.371688e+02
##END=
