 Goodness |  Improvement/step |  Step Size  |  Iterations  |  CPU Time
  0.2897         1.014e+00       6.000e-03          1          0.02 
  0.4503         1.725e-01       1.864e-02         18          0.23 
  0.6198         1.310e-01       5.893e-03         19          0.24 
Had to reset conjugate gradients!
  0.8028         2.566e-02       9.336e-03         21          0.26 
  0.8850         2.970e-02       9.868e-03         22          0.27 
  0.9469         3.268e-02       8.193e-03         23          0.28 
  0.9565         3.298e-02       8.902e-03         24          0.29 
  0.9631         2.967e-02       1.396e-02         31          0.36 
  0.9685         8.281e-03       1.410e-02         41          0.45 
  0.9726         4.579e-04       1.483e-02         53          0.56 
  0.9766         3.518e-04       1.527e-02         65          0.66 
  0.9790         3.186e-04       2.532e-02         73          0.73 
  0.9813         3.962e-04       1.684e-02         77          0.77 
  0.9827         3.518e-04       2.022e-02         84          0.83 
  0.9839         2.653e-04       1.477e-02         90          0.88 
  0.9848         1.462e-04       1.671e-02         98          0.95 
  0.9855         9.750e-05       2.011e-02        108          1.04 
  0.9860         9.960e-05       1.410e-02        112          1.07 
  0.9864         6.462e-05       1.624e-02        121          1.16 
  0.9867         4.809e-05       1.825e-02        130          1.24 
  0.9870         3.863e-05       1.526e-02        139          1.32 
  0.9872         2.515e-05       1.636e-02        149          1.40 
  0.9874         1.750e-05       1.903e-02        161          1.51 
  0.9875         1.730e-05       1.603e-02        167          1.56 
  0.9876         1.584e-05       1.717e-02        176          1.64 
  0.9877         1.775e-05       1.519e-02        181          1.69 
  0.9879         1.468e-05       1.665e-02        192          1.78 
  0.9880         9.635e-06       1.766e-02        203          1.88 

Found pulse of desired fidelity!
