0.914 0.046 0.029 
 0.596 0.084 0.053 
 0.257 0.122 0.256 
 0.178 0.287 0.396 
 0.359 0.115 0.438 
 0.573 0.021 0.195 
 0.693 0.073 0.104 
 0.624 0.140 0.064 
 0.788 0.062 0.035 
 0.964 0.053 0.052 
 0.770 0.167 0.036 
 0.691 0.224 0.030 
 0.666 0.122 0.100 
 0.648 0.014 0.155 
 0.355 0.033 0.384 
 0.148 0.270 0.434 
 0.405 0.162 0.289 
 0.591 0.170 0.080 
 0.899 0.017 0.009 
 0.692 0.122 0.083 
 0.321 0.249 0.312 
 0.148 0.193 0.441 
 0.386 0.110 0.365 
 0.616 0.032 0.234 
 0.676 0.048 0.051 
 0.689 0.192 0.034 
 0.839 0.102 0.027 
 0.892 0.053 0.034 
 0.791 0.099 0.010 
 0.698 0.163 0.036 
 0.681 0.110 0.054 
 0.653 0.025 0.225 
 0.363 0.048 0.439 
 0.152 0.286 0.476 
 0.336 0.238 0.294 
 0.685 0.096 0.064 
 0.904 0.022 0.038 
 