0.0000E00, 0.0000E00
2.1166E01, 2.4779E02
3.7808E01, 2.4716E02
5.0892E01, 2.4473E02
6.1179E01, 2.4084E02
6.9268E01, 2.3605E02
7.5468E01, 2.3058E02
7.8190E01, 2.2394E02
7.9733E01, 2.1507E02
8.1056E01, 2.0275E02
8.1959E01, 1.8624E02
8.2587E01, 1.6529E02
8.4214E01, 1.3998E02
8.7233E01, 1.1051E02
9.1470E01, 7.7206E01
9.3052E01, 4.0897E01
8.9541E01, 2.0069E00
8.6867E01, 3.2117E02
8.4129E01, 2.7900E02
8.3488E01, 2.3609E02
8.5732E01, 1.9365E02
9.1264E01, 1.5315E02
9.5631E01, 1.1556E02
9.6705E01, 8.0971E01
9.7710E01, 4.8806E01
9.8247E01, 1.7818E01
9.8078E01, 3.4636E02
9.2430E01, 3.1304E02
7.6434E01, 2.7687E02
6.1021E01, 2.3450E02
5.4012E01, 1.8536E02
5.9265E01, 1.4038E02
7.0987E01, 1.0893E02
8.3200E01, 8.9224E01
9.4395E01, 7.7655E01
9.8990E01, 7.1182E01
9.8994E01, 6.7235E01
9.8997E01, 6.4653E01
9.8999E01, 6.2580E01
9.9000E01, 6.0400E01
9.9000E01, 5.7712E01
9.8999E01, 5.4286E01
9.8997E01, 4.9991E01
9.8994E01, 4.4720E01
9.8990E01, 3.8410E01
9.8985E01, 3.1139E01
9.8978E01, 2.3281E01
9.8969E01, 1.6304E01
8.9572E01, 1.3774E01
4.8389E01, 1.8821E01
9.8922E01, 8.8594E00
9.7037E01, 2.2881E-01
7.5431E01, 3.5443E02
4.9105E01, 3.5332E02
1.5272E01, 3.5702E02
9.5415E01, 5.4695E00
9.0808E01, 3.5808E02
8.3485E01, 3.5290E02
7.0771E01, 3.4958E02
5.0052E01, 3.4086E02
9.7989E01, 3.5117E02
9.7710E01, 3.4209E02
9.7355E01, 3.3490E02
9.6904E01, 3.2802E02
9.6330E01, 3.1407E02
9.5600E01, 3.3013E02
9.4671E01, 3.2609E02
9.3490E01, 3.2374E02
9.0411E01, 3.1828E02
6.1187E01, 2.9478E02
8.7648E01, 3.4901E02
6.5744E01, 4.9294E-01
4.4217E01, 2.8860E01
4.3294E01, 8.2690E01
6.7173E01, 1.2199E02
6.1179E01, 9.0496E01
5.0892E01, 1.0253E02
3.7808E01, 1.0873E02
2.1166E01, 1.0693E02
0.0000E00, 0.0000E00
