9.462856e-03, 1.633219e+02
1.597044e-01, 9.254572e+01
9.808243e-01, 1.434046e+02
6.739693e+00, 1.288485e+02
1.300187e+01, 1.239879e+02
1.480563e+01, 1.207170e+02
1.522669e+01, 1.185140e+02
1.551575e+01, 1.164829e+02
1.579664e+01, 1.145283e+02
1.607471e+01, 1.126423e+02
1.634825e+01, 1.108220e+02
1.661524e+01, 1.090651e+02
1.687370e+01, 1.073693e+02
1.712171e+01, 1.057320e+02
1.735742e+01, 1.041512e+02
1.757901e+01, 1.026246e+02
1.778477e+01, 1.011501e+02
1.797301e+01, 9.972592e+01
1.814214e+01, 9.835006e+01
1.829061e+01, 9.702073e+01
1.841696e+01, 9.573620e+01
1.851981e+01, 9.449474e+01
1.859789e+01, 9.329464e+01
1.865001e+01, 9.213417e+01
1.867511e+01, 9.101158e+01
1.867224e+01, 8.992507e+01
1.864058e+01, 8.887275e+01
1.857944e+01, 8.785262e+01
1.848830e+01, 8.686256e+01
1.836676e+01, 8.590031e+01
1.821461e+01, 8.496342e+01
1.803182e+01, 8.404927e+01
1.781891e+01, 8.315559e+01
1.757847e+01, 8.228346e+01
1.731337e+01, 8.143578e+01
1.702352e+01, 8.061076e+01
1.670848e+01, 7.980438e+01
1.636797e+01, 7.901211e+01
1.600241e+01, 7.823102e+01
1.561531e+01, 7.746414e+01
1.521007e+01, 7.671357e+01
1.478839e+01, 7.597718e+01
1.435169e+01, 7.525192e+01
1.390142e+01, 7.453453e+01
1.343909e+01, 7.382152e+01
1.296625e+01, 7.310915e+01
1.248445e+01, 7.239344e+01
1.199526e+01, 7.167008e+01
1.150021e+01, 7.093439e+01
1.100081e+01, 7.018130e+01
1.049855e+01, 6.940523e+01
9.994852e+00, 6.859999e+01
9.491085e+00, 6.775869e+01
8.988564e+00, 6.687354e+01
8.488535e+00, 6.593563e+01
7.992179e+00, 6.493468e+01
7.500612e+00, 6.385858e+01
7.014889e+00, 6.269296e+01
6.536013e+00, 6.142040e+01
6.064947e+00, 6.001950e+01
5.602639e+00, 5.846353e+01
5.150045e+00, 5.671850e+01
4.708179e+00, 5.474048e+01
4.278168e+00, 5.247162e+01
3.861350e+00, 4.983433e+01
3.459411e+00, 4.672284e+01
3.074613e+00, 4.299070e+01
2.710144e+00, 3.843352e+01
2.370685e+00, 3.276742e+01
2.063263e+00, 2.561199e+01
1.798368e+00, 1.651017e+01
1.590794e+00, 5.069446e+00
1.458308e+00, 3.513354e+02
1.415381e+00, 3.362596e+02
1.463765e+00, 3.215630e+02
1.589847e+00, 3.087301e+02
1.772644e+00, 2.982950e+02
1.992823e+00, 2.900594e+02
2.236136e+00, 2.835747e+02
2.493022e+00, 2.784099e+02
2.757222e+00, 2.742280e+02
3.024596e+00, 2.707831e+02
3.292325e+00, 2.679000e+02
3.558401e+00, 2.654538e+02
3.821323e+00, 2.633546e+02
4.079899e+00, 2.615367e+02
4.333129e+00, 2.599519e+02
4.580127e+00, 2.585638e+02
4.820074e+00, 2.573448e+02
5.052192e+00, 2.562736e+02
5.275727e+00, 2.553337e+02
5.489940e+00, 2.545120e+02
5.694108e+00, 2.537980e+02
5.887532e+00, 2.531833e+02
6.069535e+00, 2.526613e+02
6.239480e+00, 2.522262e+02
6.396778e+00, 2.518736e+02
6.540897e+00, 2.515998e+02
6.671374e+00, 2.514019e+02
6.787832e+00, 2.512775e+02
6.889980e+00, 2.512249e+02
6.977634e+00, 2.512426e+02
7.050718e+00, 2.513301e+02
7.109268e+00, 2.514867e+02
7.153445e+00, 2.517127e+02
7.183528e+00, 2.520085e+02
7.199920e+00, 2.523749e+02
7.203146e+00, 2.528131e+02
7.193849e+00, 2.533248e+02
7.172784e+00, 2.539120e+02
7.140813e+00, 2.545767e+02
7.098897e+00, 2.553217e+02
7.048087e+00, 2.561495e+02
6.989512e+00, 2.570631e+02
6.924373e+00, 2.580654e+02
6.853926e+00, 2.591593e+02
6.779471e+00, 2.603475e+02
6.702342e+00, 2.616325e+02
6.623890e+00, 2.630164e+02
6.545469e+00, 2.645004e+02
6.468420e+00, 2.660851e+02
6.394054e+00, 2.677702e+02
6.323637e+00, 2.695540e+02
6.258367e+00, 2.714336e+02
6.199359e+00, 2.734049e+02
6.147625e+00, 2.754620e+02
6.104056e+00, 2.775977e+02
6.069406e+00, 2.798036e+02
6.044279e+00, 2.820700e+02
6.029118e+00, 2.843861e+02
6.024201e+00, 2.867408e+02
6.029644e+00, 2.891226e+02
6.045398e+00, 2.915199e+02
6.071271e+00, 2.939219e+02
6.106935e+00, 2.963183e+02
6.151948e+00, 2.986999e+02
6.205777e+00, 3.010586e+02
6.267821e+00, 3.033877e+02
6.337432e+00, 3.056817e+02
6.413941e+00, 3.079365e+02
6.496678e+00, 3.101488e+02
6.584986e+00, 3.123167e+02
6.678242e+00, 3.144389e+02
6.775866e+00, 3.165149e+02
6.877327e+00, 3.185447e+02
6.982150e+00, 3.205284e+02
7.089918e+00, 3.224666e+02
7.200270e+00, 3.243599e+02
7.312897e+00, 3.262088e+02
7.427536e+00, 3.280138e+02
7.543964e+00, 3.297752e+02
7.661988e+00, 3.314933e+02
7.781437e+00, 3.331681e+02
7.902150e+00, 3.347994e+02
8.023970e+00, 3.363870e+02
8.146732e+00, 3.379307e+02
8.270254e+00, 3.394299e+02
8.394332e+00, 3.408844e+02
8.518732e+00, 3.422936e+02
8.643183e+00, 3.436574e+02
8.767377e+00, 3.449756e+02
8.890964e+00, 3.462481e+02
9.013550e+00, 3.474751e+02
9.134701e+00, 3.486569e+02
9.253940e+00, 3.497942e+02
9.370753e+00, 3.508876e+02
9.484592e+00, 3.519382e+02
9.594883e+00, 3.529472e+02
9.701024e+00, 3.539160e+02
9.802400e+00, 3.548459e+02
9.898386e+00, 3.557388e+02
9.988354e+00, 3.565964e+02
1.007168e+01, 3.574205e+02
1.014777e+01, 3.582129e+02
1.021601e+01, 3.589756e+02
1.027587e+01, 3.597104e+02
1.032680e+01, 4.190148e-01
1.036834e+01, 1.103181e+00
1.040004e+01, 1.764484e+00
1.042152e+01, 2.404382e+00
1.043245e+01, 3.024186e+00
1.043256e+01, 3.625050e+00
1.042163e+01, 4.207963e+00
1.039952e+01, 4.773739e+00
1.036614e+01, 5.323020e+00
1.032145e+01, 5.856276e+00
1.026547e+01, 6.373810e+00
1.019830e+01, 6.875764e+00
1.012005e+01, 7.362133e+00
1.003092e+01, 7.832774e+00
9.931121e+00, 8.287418e+00
9.820919e+00, 8.725688e+00
9.700614e+00, 9.147115e+00
9.570537e+00, 9.551150e+00
9.431044e+00, 9.937185e+00
9.282514e+00, 1.030457e+01
9.125342e+00, 1.065262e+01
8.959940e+00, 1.098065e+01
8.786728e+00, 1.128797e+01
8.606132e+00, 1.157391e+01
8.418580e+00, 1.183783e+01
8.224503e+00, 1.207914e+01
8.024323e+00, 1.229731e+01
7.818461e+00, 1.249185e+01
7.607324e+00, 1.266237e+01
7.391310e+00, 1.280854e+01
7.170802e+00, 1.293014e+01
6.946168e+00, 1.302703e+01
6.717756e+00, 1.309915e+01
6.485895e+00, 1.314657e+01
6.250895e+00, 1.316944e+01
6.013040e+00, 1.316801e+01
5.772593e+00, 1.314265e+01
5.529794e+00, 1.309381e+01
5.284858e+00, 1.302206e+01
5.037976e+00, 1.292809e+01
4.789315e+00, 1.281269e+01
4.539021e+00, 1.267676e+01
4.287216e+00, 1.252137e+01
4.034005e+00, 1.234771e+01
3.779472e+00, 1.215719e+01
3.523684e+00, 1.195141e+01
3.266697e+00, 1.173233e+01
3.008552e+00, 1.150230e+01
2.749283e+00, 1.126428e+01
2.488920e+00, 1.102215e+01
2.227487e+00, 1.078124e+01
1.965013e+00, 1.054926e+01
1.701529e+00, 1.033820e+01
1.437080e+00, 1.016821e+01
1.171723e+00, 1.007700e+01
9.055440e-01, 1.014563e+01
6.386845e-01, 1.058946e+01
3.714804e-01, 1.224163e+01
1.066455e-01, 2.427947e+01
1.699503e-01, 1.756947e+02
4.370320e-01, 1.818882e+02
7.054952e-01, 1.830496e+02
9.739141e-01, 1.833301e+02
1.241824e+00, 1.832998e+02
1.508831e+00, 1.831243e+02
1.774521e+00, 1.828700e+02
2.038447e+00, 1.825689e+02
2.300119e+00, 1.822386e+02
2.559002e+00, 1.818897e+02
2.814517e+00, 1.815293e+02
3.066045e+00, 1.811621e+02
3.312927e+00, 1.807918e+02
3.554469e+00, 1.804210e+02
3.789946e+00, 1.800519e+02
4.018611e+00, 1.796862e+02
4.239702e+00, 1.793254e+02
4.452447e+00, 1.789706e+02
4.656078e+00, 1.786230e+02
4.849838e+00, 1.782835e+02
5.032996e+00, 1.779528e+02
5.204853e+00, 1.776319e+02
5.364760e+00, 1.773214e+02
5.512123e+00, 1.770220e+02
5.646420e+00, 1.767343e+02
5.767209e+00, 1.764591e+02
5.874137e+00, 1.761972e+02
5.966947e+00, 1.759492e+02
6.045490e+00, 1.757161e+02
6.109719e+00, 1.754988e+02
6.159702e+00, 1.752984e+02
6.195614e+00, 1.751161e+02
6.217735e+00, 1.749534e+02
6.226448e+00, 1.748118e+02
6.222227e+00, 1.746933e+02
6.205628e+00, 1.745998e+02
6.177278e+00, 1.745338e+02
6.137859e+00, 1.744980e+02
6.088093e+00, 1.744954e+02
6.028728e+00, 1.745293e+02
5.960521e+00, 1.746035e+02
5.884223e+00, 1.747220e+02
5.800563e+00, 1.748895e+02
5.710238e+00, 1.751110e+02
5.613897e+00, 1.753919e+02
5.512141e+00, 1.757382e+02
5.405507e+00, 1.761564e+02
5.294473e+00, 1.766537e+02
5.179456e+00, 1.772379e+02
5.060817e+00, 1.779176e+02
4.938870e+00, 1.787024e+02
4.813893e+00, 1.796029e+02
4.686143e+00, 1.806310e+02
4.555881e+00, 1.818000e+02
4.423391e+00, 1.831250e+02
4.289016e+00, 1.846232e+02
4.153185e+00, 1.863141e+02
4.016460e+00, 1.882200e+02
3.879575e+00, 1.903659e+02
3.743493e+00, 1.927798e+02
3.609453e+00, 1.954926e+02
3.479036e+00, 1.985368e+02
3.354214e+00, 2.019457e+02
3.237398e+00, 2.057500e+02
3.131456e+00, 2.099738e+02
3.039690e+00, 2.146285e+02
2.965743e+00, 2.197054e+02
2.913411e+00, 2.251680e+02
2.886364e+00, 2.309469e+02
2.887791e+00, 2.369394e+02
2.920041e+00, 2.430169e+02
2.984348e+00, 2.490399e+02
3.080724e+00, 2.548757e+02
3.208042e+00, 2.604147e+02
3.364274e+00, 2.655796e+02
3.546795e+00, 2.703269e+02
3.752682e+00, 2.746430e+02
3.978957e+00, 2.785367e+02
4.222746e+00, 2.820312e+02
4.481380e+00, 2.851582e+02
4.752439e+00, 2.879524e+02
5.033765e+00, 2.904492e+02
5.323450e+00, 2.926820e+02
5.619822e+00, 2.946817e+02
5.921423e+00, 2.964763e+02
6.226982e+00, 2.980905e+02
6.535396e+00, 2.995462e+02
6.845709e+00, 3.008627e+02
7.157094e+00, 3.020569e+02
7.468836e+00, 3.031435e+02
7.780316e+00, 3.041352e+02
8.090999e+00, 3.050435e+02
8.400420e+00, 3.058779e+02
8.708176e+00, 3.066470e+02
9.013914e+00, 3.073582e+02
9.317322e+00, 3.080178e+02
9.618121e+00, 3.086314e+02
9.916061e+00, 3.092036e+02
1.021091e+01, 3.097383e+02
1.050245e+01, 3.102389e+02
1.079049e+01, 3.107081e+02
1.107481e+01, 3.111480e+02
1.135523e+01, 3.115606e+02
1.163155e+01, 3.119471e+02
1.190357e+01, 3.123084e+02
1.217109e+01, 3.126453e+02
1.243390e+01, 3.129583e+02
1.269180e+01, 3.132475e+02
1.294455e+01, 3.135129e+02
1.319194e+01, 3.137546e+02
1.343372e+01, 3.139724e+02
1.366964e+01, 3.141662e+02
1.389945e+01, 3.143358e+02
1.412288e+01, 3.144811e+02
1.433966e+01, 3.146020e+02
1.454950e+01, 3.146986e+02
1.475211e+01, 3.147711e+02
1.494718e+01, 3.148198e+02
1.513441e+01, 3.148451e+02
1.531349e+01, 3.148476e+02
1.548409e+01, 3.148281e+02
1.564589e+01, 3.147876e+02
1.579855e+01, 3.147271e+02
1.594176e+01, 3.146478e+02
1.607518e+01, 3.145512e+02
1.619849e+01, 3.144386e+02
1.631138e+01, 3.143118e+02
1.641353e+01, 3.141725e+02
1.650467e+01, 3.140222e+02
1.658451e+01, 3.138630e+02
1.665280e+01, 3.136966e+02
1.670930e+01, 3.135249e+02
1.675383e+01, 3.133496e+02
1.678619e+01, 3.131727e+02
1.680626e+01, 3.129958e+02
1.681392e+01, 3.128207e+02
1.680911e+01, 3.126490e+02
1.679178e+01, 3.124822e+02
1.676194e+01, 3.123219e+02
1.671960e+01, 3.121695e+02
1.666484e+01, 3.120261e+02
1.659774e+01, 3.118932e+02
1.651842e+01, 3.117717e+02
1.642700e+01, 3.116629e+02
1.632364e+01, 3.115677e+02
1.620849e+01, 3.114872e+02
1.608172e+01, 3.114224e+02
1.594351e+01, 3.113742e+02
1.579401e+01, 3.113439e+02
1.563341e+01, 3.113324e+02
1.546186e+01, 3.113410e+02
1.527952e+01, 3.113712e+02
1.508656e+01, 3.114243e+02
1.488313e+01, 3.115021e+02
1.466938e+01, 3.116067e+02
1.444549e+01, 3.117402e+02
1.421162e+01, 3.119052e+02
1.396798e+01, 3.121046e+02
1.371479e+01, 3.123418e+02
1.345231e+01, 3.126207e+02
1.318085e+01, 3.129455e+02
1.290078e+01, 3.133211e+02
1.261253e+01, 3.137532e+02
1.231662e+01, 3.142479e+02
1.201368e+01, 3.148124e+02
1.170442e+01, 3.154543e+02
1.138971e+01, 3.161827e+02
1.107054e+01, 3.170071e+02
1.074805e+01, 3.179384e+02
1.042359e+01, 3.189885e+02
1.009867e+01, 3.201703e+02
9.775029e+00, 3.214977e+02
9.454646e+00, 3.229856e+02
9.139738e+00, 3.246495e+02
8.832791e+00, 3.265050e+02
8.536562e+00, 3.285675e+02
8.254085e+00, 3.308510e+02
7.988646e+00, 3.333670e+02
7.743755e+00, 3.361231e+02
7.523073e+00, 3.391210e+02
7.330313e+00, 3.423547e+02
7.169106e+00, 3.458087e+02
7.042821e+00, 3.494567e+02
6.954374e+00, 3.532614e+02
6.906030e+00, 3.571754e+02
6.899233e+00, 1.143866e+00
6.934501e+00, 5.108153e+00
7.011392e+00, 9.010447e+00
7.128562e+00, 1.279795e+01
7.283895e+00, 1.642633e+01
7.474679e+00, 1.986169e+01
7.697804e+00, 2.308118e+01
7.949947e+00, 2.607226e+01
8.227730e+00, 2.883123e+01
8.527837e+00, 3.136139e+01
8.847099e+00, 3.367110e+01
9.182540e+00, 3.577208e+01
9.531396e+00, 3.767807e+01
9.891117e+00, 3.940367e+01
1.025936e+01, 4.096359e+01
1.063396e+01, 4.237216e+01
1.101291e+01, 4.364291e+01
1.139434e+01, 4.478846e+01
1.177650e+01, 4.582038e+01
1.215770e+01, 4.674919e+01
1.253635e+01, 4.758438e+01
1.291089e+01, 4.833446e+01
1.327979e+01, 4.900704e+01
1.364156e+01, 4.960890e+01
1.399474e+01, 5.014608e+01
1.433786e+01, 5.062395e+01
1.466948e+01, 5.104725e+01
1.498817e+01, 5.142022e+01
1.529253e+01, 5.174662e+01
1.558120e+01, 5.202979e+01
1.585285e+01, 5.227271e+01
1.610620e+01, 5.247805e+01
1.634006e+01, 5.264818e+01
1.655331e+01, 5.278525e+01
1.674492e+01, 5.289120e+01
1.691400e+01, 5.296779e+01
1.705977e+01, 5.301661e+01
1.718160e+01, 5.303914e+01
1.727901e+01, 5.303676e+01
1.735170e+01, 5.301072e+01
1.739954e+01, 5.296225e+01
1.742255e+01, 5.289247e+01
1.742096e+01, 5.280250e+01
1.739514e+01, 5.269339e+01
1.734567e+01, 5.256619e+01
1.727325e+01, 5.242194e+01
1.717873e+01, 5.226166e+01
1.706310e+01, 5.208637e+01
1.692745e+01, 5.189711e+01
1.677297e+01, 5.169490e+01
1.660091e+01, 5.148080e+01
1.641256e+01, 5.125585e+01
1.620926e+01, 5.102110e+01
1.599231e+01, 5.077762e+01
1.576305e+01, 5.052644e+01
1.552275e+01, 5.026862e+01
1.527263e+01, 5.000517e+01
1.501388e+01, 4.973708e+01
1.474758e+01, 4.946531e+01
1.447476e+01, 4.919078e+01
1.419634e+01, 4.891434e+01
1.391318e+01, 4.863682e+01
1.362604e+01, 4.835895e+01
1.333559e+01, 4.808142e+01
1.304244e+01, 4.780483e+01
1.274712e+01, 4.752973e+01
1.245009e+01, 4.725662e+01
1.215176e+01, 4.698593e+01
1.185250e+01, 4.671804e+01
1.155262e+01, 4.645332e+01
1.125242e+01, 4.619211e+01
1.095219e+01, 4.593474e+01
1.065216e+01, 4.568159e+01
1.035261e+01, 4.543307e+01
1.005378e+01, 4.518967e+01
9.755938e+00, 4.495197e+01
9.459338e+00, 4.472069e+01
9.164257e+00, 4.449671e+01
8.870979e+00, 4.428109e+01
8.579795e+00, 4.407515e+01
8.291007e+00, 4.388044e+01
8.004922e+00, 4.369882e+01
7.721851e+00, 4.353249e+01
7.442106e+00, 4.338404e+01
7.165994e+00, 4.325644e+01
6.893815e+00, 4.315313e+01
6.625860e+00, 4.307806e+01
6.362406e+00, 4.303569e+01
6.103714e+00, 4.303105e+01
5.850027e+00, 4.306983e+01
5.601571e+00, 4.315836e+01
5.358551e+00, 4.330370e+01
5.121158e+00, 4.351369e+01
4.889567e+00, 4.379704e+01
4.663940e+00, 4.416337e+01
4.444435e+00, 4.462328e+01
4.231207e+00, 4.518852e+01
4.024419e+00, 4.587200e+01
3.824247e+00, 4.668796e+01
3.630889e+00, 4.765205e+01
3.444578e+00, 4.878140e+01
3.265590e+00, 5.009470e+01
3.094257e+00, 5.161214e+01
2.930979e+00, 5.335525e+01
2.776235e+00, 5.534655e+01
2.630594e+00, 5.760885e+01
2.494724e+00, 6.016412e+01
2.369392e+00, 6.303185e+01
2.255456e+00, 6.622659e+01
2.153851e+00, 6.975496e+01
2.065548e+00, 7.361201e+01
1.991497e+00, 7.777760e+01
1.932557e+00, 8.221361e+01
1.889400e+00, 8.686292e+01
1.862431e+00, 9.165146e+01
1.851715e+00, 9.649328e+01
1.856947e+00, 1.012984e+02
1.877462e+00, 1.059815e+02
1.912296e+00, 1.104694e+02
1.960269e+00, 1.147063e+02
2.020084e+00, 1.186551e+02
2.090417e+00, 1.222964e+02
2.169986e+00, 1.256258e+02
2.257602e+00, 1.286497e+02
2.352195e+00, 1.313824e+02
2.452828e+00, 1.338425e+02
2.558692e+00, 1.360510e+02
2.669101e+00, 1.380294e+02
2.783482e+00, 1.397987e+02
2.901357e+00, 1.413789e+02
3.022337e+00, 1.427883e+02
3.146103e+00, 1.440437e+02
3.272401e+00, 1.451604e+02
3.401027e+00, 1.461521e+02
3.531824e+00, 1.470309e+02
3.664675e+00, 1.478079e+02
3.799493e+00, 1.484927e+02
3.936219e+00, 1.490943e+02
4.074821e+00, 1.496204e+02
4.215284e+00, 1.500780e+02
4.357613e+00, 1.504736e+02
4.501827e+00, 1.508130e+02
4.647961e+00, 1.511014e+02
4.796056e+00, 1.513435e+02
4.946167e+00, 1.515439e+02
5.098351e+00, 1.517067e+02
5.252671e+00, 1.518355e+02
5.409193e+00, 1.519340e+02
5.567982e+00, 1.520056e+02
5.729097e+00, 1.520534e+02
5.892594e+00, 1.520803e+02
6.058519e+00, 1.520893e+02
6.226906e+00, 1.520831e+02
6.397773e+00, 1.520643e+02
6.571120e+00, 1.520353e+02
6.746926e+00, 1.519986e+02
6.925146e+00, 1.519563e+02
7.105709e+00, 1.519106e+02
7.288516e+00, 1.518635e+02
7.473435e+00, 1.518169e+02
7.660307e+00, 1.517724e+02
7.848940e+00, 1.517318e+02
8.039109e+00, 1.516964e+02
8.230562e+00, 1.516676e+02
8.423014e+00, 1.516464e+02
8.616159e+00, 1.516339e+02
8.809663e+00, 1.516309e+02
9.003175e+00, 1.516382e+02
9.196324e+00, 1.516562e+02
9.388732e+00, 1.516855e+02
9.580010e+00, 1.517262e+02
9.769769e+00, 1.517787e+02
9.957620e+00, 1.518428e+02
1.014318e+01, 1.519187e+02
1.032608e+01, 1.520062e+02
1.050597e+01, 1.521052e+02
1.068250e+01, 1.522153e+02
1.085536e+01, 1.523365e+02
1.102424e+01, 1.524682e+02
1.118888e+01, 1.526103e+02
1.134903e+01, 1.527625e+02
1.150444e+01, 1.529244e+02
1.165491e+01, 1.530959e+02
1.180024e+01, 1.532766e+02
1.194026e+01, 1.534665e+02
1.207479e+01, 1.536654e+02
1.220367e+01, 1.538734e+02
1.232673e+01, 1.540905e+02
1.244380e+01, 1.543169e+02
1.255471e+01, 1.545528e+02
1.265926e+01, 1.547987e+02
1.275725e+01, 1.550549e+02
1.284844e+01, 1.553222e+02
1.293258e+01, 1.556012e+02
1.300940e+01, 1.558928e+02
1.307859e+01, 1.561979e+02
1.313982e+01, 1.565176e+02
1.319274e+01, 1.568531e+02
1.323699e+01, 1.572057e+02
1.327216e+01, 1.575769e+02
1.329788e+01, 1.579680e+02
1.331375e+01, 1.583808e+02
1.331938e+01, 1.588170e+02
1.331439e+01, 1.592784e+02
1.329845e+01, 1.597669e+02
1.327123e+01, 1.602844e+02
1.323247e+01, 1.608332e+02
1.318197e+01, 1.614153e+02
1.311957e+01, 1.620330e+02
1.304520e+01, 1.626887e+02
1.295887e+01, 1.633848e+02
1.286067e+01, 1.641239e+02
1.275080e+01, 1.649086e+02
1.262952e+01, 1.657418e+02
1.249723e+01, 1.666264e+02
1.235442e+01, 1.675653e+02
1.220167e+01, 1.685618e+02
1.203967e+01, 1.696191e+02
1.186922e+01, 1.707407e+02
1.169119e+01, 1.719301e+02
1.150659e+01, 1.731912e+02
1.131647e+01, 1.745277e+02
1.112201e+01, 1.759435e+02
1.092446e+01, 1.774426e+02
1.072515e+01, 1.790290e+02
1.052550e+01, 1.807066e+02
1.032698e+01, 1.824790e+02
1.013117e+01, 1.843496e+02
9.939669e+00, 1.863214e+02
9.754165e+00, 1.883966e+02
9.576381e+00, 1.905764e+02
9.408073e+00, 1.928612e+02
9.251021e+00, 1.952497e+02
9.106999e+00, 1.977389e+02
8.977755e+00, 2.003240e+02
8.864980e+00, 2.029976e+02
8.770274e+00, 2.057504e+02
8.695110e+00, 2.085704e+02
8.640794e+00, 2.114434e+02
8.608430e+00, 2.143528e+02
8.598883e+00, 2.172805e+02
8.612757e+00, 2.202072e+02
8.650373e+00, 2.231130e+02
8.711762e+00, 2.259780e+02
8.796673e+00, 2.287830e+02
8.904584e+00, 2.315105e+02
9.034730e+00, 2.341446e+02
9.186132e+00, 2.366716e+02
9.357636e+00, 2.390804e+02
9.547951e+00, 2.413622e+02
9.755682e+00, 2.435106e+02
9.979374e+00, 2.455213e+02
1.021754e+01, 2.473922e+02
1.046867e+01, 2.491224e+02
1.073129e+01, 2.507127e+02
1.100396e+01, 2.521647e+02
1.128526e+01, 2.534810e+02
1.157386e+01, 2.546646e+02
1.186847e+01, 2.557188e+02
1.216789e+01, 2.566474e+02
1.247097e+01, 2.574538e+02
1.277664e+01, 2.581417e+02
1.308392e+01, 2.587147e+02
1.339188e+01, 2.591759e+02
1.369966e+01, 2.595286e+02
1.400649e+01, 2.597757e+02
1.431165e+01, 2.599197e+02
1.461449e+01, 2.599631e+02
1.491442e+01, 2.599082e+02
1.521091e+01, 2.597570e+02
1.550348e+01, 2.595111e+02
1.579171e+01, 2.591724e+02
1.607522e+01, 2.587422e+02
1.635370e+01, 2.582220e+02
1.662684e+01, 2.576130e+02
1.689441e+01, 2.569164e+02
1.715620e+01, 2.561334e+02
1.741203e+01, 2.552651e+02
1.766174e+01, 2.543124e+02
1.790521e+01, 2.532767e+02
1.814234e+01, 2.521589e+02
1.837304e+01, 2.509602e+02
1.859725e+01, 2.496818e+02
1.881491e+01, 2.483248e+02
1.902597e+01, 2.468906e+02
1.923042e+01, 2.453803e+02
1.942824e+01, 2.437954e+02
1.961941e+01, 2.421372e+02
1.980397e+01, 2.404069e+02
1.998193e+01, 2.386062e+02
2.015336e+01, 2.367362e+02
2.031832e+01, 2.347985e+02
2.047694e+01, 2.327943e+02
2.062938e+01, 2.307252e+02
2.077581e+01, 2.285923e+02
2.091651e+01, 2.263972e+02
2.105177e+01, 2.241411e+02
2.118198e+01, 2.218253e+02
2.130758e+01, 2.194512e+02
2.142911e+01, 2.170201e+02
2.154716e+01, 2.145335e+02
2.166245e+01, 2.119927e+02
2.177575e+01, 2.093994e+02
2.188792e+01, 2.067552e+02
2.199992e+01, 2.040619e+02
2.211276e+01, 2.013217e+02
2.222754e+01, 1.985367e+02
2.234538e+01, 1.957095e+02
2.246749e+01, 1.928430e+02
2.259507e+01, 1.899404e+02
2.272931e+01, 1.870050e+02
2.287142e+01, 1.840410e+02
2.302254e+01, 1.810525e+02
2.318375e+01, 1.780443e+02
2.335603e+01, 1.750214e+02
2.354023e+01, 1.719891e+02
2.373706e+01, 1.689532e+02
2.394705e+01, 1.659197e+02
2.417052e+01, 1.628947e+02
2.440760e+01, 1.598845e+02
2.465814e+01, 1.568955e+02
2.492176e+01, 1.539340e+02
2.519783e+01, 1.510065e+02
2.548543e+01, 1.481191e+02
2.578341e+01, 1.452778e+02
2.609033e+01, 1.424884e+02
2.640455e+01, 1.397563e+02
2.672416e+01, 1.370867e+02
2.704707e+01, 1.344846e+02
2.737101e+01, 1.319545e+02
2.769354e+01, 1.295005e+02
2.801210e+01, 1.271267e+02
2.832405e+01, 1.248367e+02
2.862666e+01, 1.226338e+02
2.891718e+01, 1.205213e+02
2.919286e+01, 1.185021e+02
2.945097e+01, 1.165791e+02
2.968883e+01, 1.147549e+02
2.990388e+01, 1.130321e+02
3.009361e+01, 1.114134e+02
3.025571e+01, 1.099011e+02
3.038797e+01, 1.084979e+02
3.048838e+01, 1.072062e+02
3.055514e+01, 1.060286e+02
3.058663e+01, 1.049677e+02
3.058150e+01, 1.040264e+02
3.053862e+01, 1.032072e+02
3.045713e+01, 1.025134e+02
3.033645e+01, 1.019479e+02
3.017633e+01, 1.015140e+02
2.997679e+01, 1.012154e+02
2.973823e+01, 1.010557e+02
2.946140e+01, 1.010392e+02
2.914742e+01, 1.011702e+02
2.879787e+01, 1.014537e+02
2.841474e+01, 1.018948e+02
2.800052e+01, 1.024994e+02
2.755822e+01, 1.032737e+02
2.709141e+01, 1.042244e+02
2.660427e+01, 1.053588e+02
2.610165e+01, 1.066843e+02
2.558905e+01, 1.082088e+02
2.507276e+01, 1.099399e+02
2.455978e+01, 1.118848e+02
2.405791e+01, 1.140496e+02
2.357569e+01, 1.164388e+02
2.312234e+01, 1.190539e+02
2.270767e+01, 1.218931e+02
2.234184e+01, 1.249491e+02
2.203516e+01, 1.282089e+02
2.179769e+01, 1.316523e+02
2.163888e+01, 1.352514e+02
2.156705e+01, 1.389710e+02
2.158898e+01, 1.427695e+02
2.170951e+01, 1.466006e+02
2.193122e+01, 1.504160e+02
2.225433e+01, 1.541679e+02
2.267672e+01, 1.578120e+02
2.319411e+01, 1.613098e+02
2.380038e+01, 1.646299e+02
2.448797e+01, 1.677485e+02
2.524823e+01, 1.706496e+02
2.607187e+01, 1.733237e+02
2.694921e+01, 1.757675e+02
2.787050e+01, 1.779820e+02
2.882613e+01, 1.799715e+02
2.980673e+01, 1.817430e+02
3.080332e+01, 1.833047e+02
3.180735e+01, 1.846660e+02
3.281076e+01, 1.858362e+02
3.380601e+01, 1.868251e+02
3.478605e+01, 1.876420e+02
3.574440e+01, 1.882959e+02
3.667507e+01, 1.887954e+02
3.757264e+01, 1.891487e+02
3.843220e+01, 1.893637e+02
3.924937e+01, 1.894477e+02
4.002029e+01, 1.894078e+02
4.074160e+01, 1.892507e+02
4.141044e+01, 1.889831e+02
4.202442e+01, 1.886112e+02
4.258161e+01, 1.881412e+02
4.308050e+01, 1.875793e+02
4.351997e+01, 1.869315e+02
4.389927e+01, 1.862036e+02
4.421796e+01, 1.854017e+02
4.447592e+01, 1.845314e+02
4.467323e+01, 1.835986e+02
4.481025e+01, 1.826089e+02
4.488746e+01, 1.815680e+02
4.490555e+01, 1.804812e+02
4.486532e+01, 1.793539e+02
4.476767e+01, 1.781912e+02
4.461364e+01, 1.769979e+02
4.440434e+01, 1.757787e+02
4.414099e+01, 1.745379e+02
4.382493e+01, 1.732796e+02
4.345760e+01, 1.720075e+02
4.304054e+01, 1.707250e+02
4.257546e+01, 1.694351e+02
4.206421e+01, 1.681403e+02
4.150877e+01, 1.668431e+02
4.091131e+01, 1.655453e+02
4.027413e+01, 1.642486e+02
3.959972e+01, 1.629542e+02
3.889067e+01, 1.616633e+02
3.814976e+01, 1.603764e+02
3.737983e+01, 1.590941e+02
3.658384e+01, 1.578169e+02
3.576479e+01, 1.565447e+02
3.492572e+01, 1.552777e+02
3.406967e+01, 1.540159e+02
3.319963e+01, 1.527590e+02
3.231853e+01, 1.515070e+02
3.142920e+01, 1.502598e+02
3.053434e+01, 1.490172e+02
2.963649e+01, 1.477793e+02
2.873805e+01, 1.465460e+02
2.784121e+01, 1.453175e+02
2.694798e+01, 1.440939e+02
2.606014e+01, 1.428756e+02
2.517930e+01, 1.416631e+02
2.430687e+01, 1.404568e+02
2.344404e+01, 1.392573e+02
2.259186e+01, 1.380654e+02
2.175117e+01, 1.368819e+02
2.092269e+01, 1.357076e+02
2.010700e+01, 1.345435e+02
1.930455e+01, 1.333906e+02
1.851569e+01, 1.322498e+02
1.774070e+01, 1.311222e+02
1.697976e+01, 1.300089e+02
1.623301e+01, 1.289110e+02
1.550056e+01, 1.278294e+02
1.478245e+01, 1.267654e+02
1.407872e+01, 1.257198e+02
1.338937e+01, 1.246937e+02
1.271438e+01, 1.236882e+02
1.205372e+01, 1.227042e+02
1.140734e+01, 1.217427e+02
1.077517e+01, 1.208048e+02
1.015712e+01, 1.198912e+02
9.553066e+00, 1.190030e+02
8.962869e+00, 1.181411e+02
8.386357e+00, 1.173062e+02
7.823327e+00, 1.164992e+02
7.273542e+00, 1.157206e+02
6.736729e+00, 1.149711e+02
6.212581e+00, 1.142510e+02
5.700755e+00, 1.135604e+02
5.200875e+00, 1.128989e+02
4.712535e+00, 1.122655e+02
4.235298e+00, 1.116585e+02
3.768706e+00, 1.110746e+02
3.312279e+00, 1.105085e+02
2.865526e+00, 1.099511e+02
2.427948e+00, 1.093863e+02
1.999047e+00, 1.087846e+02
1.578341e+00, 1.080854e+02
1.165394e+00, 1.071442e+02
7.599248e-01, 1.055154e+02
3.625871e-01, 1.008288e+02
6.469985e-02, 3.467802e+02
4.259029e-01, 2.966514e+02
8.064538e-01, 2.931465e+02
1.183112e+00, 2.919249e+02
1.555447e+00, 2.913451e+02
1.923610e+00, 2.910512e+02
2.287836e+00, 2.909198e+02
2.648362e+00, 2.908957e+02
3.005406e+00, 2.909504e+02
3.359168e+00, 2.910667e+02
3.709824e+00, 2.912334e+02
4.057530e+00, 2.914425e+02
4.402422e+00, 2.916877e+02
4.744620e+00, 2.919638e+02
5.084227e+00, 2.922662e+02
5.421339e+00, 2.925910e+02
5.756039e+00, 2.929343e+02
6.088404e+00, 2.932924e+02
6.418504e+00, 2.936618e+02
6.746408e+00, 2.940389e+02
7.072179e+00, 2.944204e+02
7.395879e+00, 2.948029e+02
7.717569e+00, 2.951830e+02
8.037305e+00, 2.955573e+02
8.355141e+00, 2.959224e+02
8.671128e+00, 2.962751e+02
8.985310e+00, 2.966121e+02
9.297728e+00, 2.969301e+02
9.608412e+00, 2.972260e+02
9.917382e+00, 2.974967e+02
1.022465e+01, 2.977392e+02
1.053019e+01, 2.979508e+02
1.083399e+01, 2.981286e+02
1.113601e+01, 2.982703e+02
1.143617e+01, 2.983735e+02
1.173441e+01, 2.984361e+02
1.203065e+01, 2.984560e+02
1.232476e+01, 2.984317e+02
1.261665e+01, 2.983616e+02
1.290618e+01, 2.982444e+02
1.319321e+01, 2.980791e+02
1.347757e+01, 2.978649e+02
1.375909e+01, 2.976013e+02
1.403757e+01, 2.972880e+02
1.431283e+01, 2.969249e+02
1.458465e+01, 2.965120e+02
1.485279e+01, 2.960497e+02
1.511703e+01, 2.955384e+02
1.537712e+01, 2.949786e+02
1.563279e+01, 2.943712e+02
1.588377e+01, 2.937168e+02
1.612979e+01, 2.930165e+02
1.637053e+01, 2.922713e+02
1.660569e+01, 2.914820e+02
1.683495e+01, 2.906498e+02
1.705797e+01, 2.897757e+02
1.727440e+01, 2.888607e+02
1.748388e+01, 2.879057e+02
1.768604e+01, 2.869119e+02
1.788047e+01, 2.858799e+02
1.806643e+01, 2.848116e+02
1.824075e+01, 2.837156e+02
1.840234e+01, 2.825954e+02
1.855221e+01, 2.814489e+02
1.869143e+01, 2.802743e+02
1.881891e+01, 2.790749e+02
1.893113e+01, 2.778576e+02
1.902717e+01, 2.766221e+02
1.910646e+01, 2.753671e+02
1.916857e+01, 2.740917e+02
1.921311e+01, 2.727947e+02
1.923975e+01, 2.714747e+02
1.924826e+01, 2.701306e+02
1.923846e+01, 2.687610e+02
1.921026e+01, 2.673645e+02
1.916368e+01, 2.659397e+02
1.909881e+01, 2.644852e+02
1.901586e+01, 2.629995e+02
1.891511e+01, 2.614810e+02
1.879694e+01, 2.599282e+02
1.866185e+01, 2.583395e+02
1.851041e+01, 2.567132e+02
1.834329e+01, 2.550477e+02
1.816127e+01, 2.533413e+02
1.796519e+01, 2.515922e+02
1.775602e+01, 2.497988e+02
1.753479e+01, 2.479592e+02
1.730265e+01, 2.460717e+02
1.706082e+01, 2.441346e+02
1.681059e+01, 2.421461e+02
1.655333e+01, 2.401047e+02
1.629013e+01, 2.380087e+02
1.601608e+01, 2.358518e+02
1.561357e+01, 2.335480e+02
1.314172e+01, 2.297346e+02
2.037580e+00, 2.102485e+02
2.096290e-01, 2.851796e+02
2.203872e+00, 1.029146e+02
