1.861693e+00, 3.881061e+01
7.818696e+00, 2.383708e+02
1.130204e+01, 2.583419e+02
1.254988e+01, 3.176428e+02
1.920780e+01, 3.222881e+02
2.475841e+01, 3.182416e+02
2.953450e+01, 3.149614e+02
3.367940e+01, 3.124264e+02
3.719354e+01, 3.103165e+02
4.006733e+01, 3.084417e+02
4.229767e+01, 3.066959e+02
4.388799e+01, 3.050181e+02
4.484722e+01, 3.033724e+02
4.518924e+01, 3.017377e+02
4.493254e+01, 3.001015e+02
4.410008e+01, 2.984564e+02
4.271927e+01, 2.967973e+02
4.082185e+01, 2.951196e+02
3.844388e+01, 2.934176e+02
3.562556e+01, 2.916826e+02
3.241102e+01, 2.899010e+02
2.884796e+01, 2.880507e+02
2.498718e+01, 2.860939e+02
2.088215e+01, 2.839620e+02
1.658875e+01, 2.815144e+02
1.216580e+01, 2.784064e+02
7.680566e+00, 2.734949e+02
3.265365e+00, 2.594679e+02
1.890135e+00, 1.377725e+02
6.030640e+00, 1.086586e+02
1.029292e+01, 1.022415e+02
1.441028e+01, 9.863112e+01
1.831912e+01, 9.589485e+01
2.197411e+01, 9.354468e+01
2.533647e+01, 9.140547e+01
2.837186e+01, 8.940329e+01
3.104994e+01, 8.750527e+01
3.334444e+01, 8.569775e+01
3.523340e+01, 8.397679e+01
3.669958e+01, 8.234334e+01
3.773099e+01, 8.080062e+01
3.832142e+01, 7.935234e+01
3.847090e+01, 7.800155e+01
3.818614e+01, 7.674971e+01
3.748063e+01, 7.559595e+01
3.637463e+01, 7.453636e+01
3.489479e+01, 7.356327e+01
3.307353e+01, 7.266422e+01
3.094820e+01, 7.182068e+01
2.856002e+01, 7.100593e+01
2.595299e+01, 7.018159e+01
2.317279e+01, 6.929142e+01
2.026586e+01, 6.824977e+01
1.727892e+01, 6.691820e+01
1.425933e+01, 6.505403e+01
1.125765e+01, 6.218311e+01
8.336762e+00, 5.723357e+01
5.607589e+00, 4.726001e+01
3.406893e+00, 2.257331e+01
2.898824e+00, 3.311708e+02
4.446985e+00, 2.965801e+02
6.583149e+00, 2.831378e+02
8.746903e+00, 2.769341e+02
1.079949e+01, 2.735234e+02
1.269122e+01, 2.714127e+02
1.439791e+01, 2.699854e+02
1.590554e+01, 2.689434e+02
1.720530e+01, 2.681246e+02
1.829174e+01, 2.674328e+02
1.916182e+01, 2.668064e+02
1.981453e+01, 2.662029e+02
2.025063e+01, 2.655904e+02
2.047251e+01, 2.649426e+02
2.048416e+01, 2.642348e+02
2.029108e+01, 2.634415e+02
1.990038e+01, 2.625332e+02
1.932084e+01, 2.614735e+02
1.856306e+01, 2.602153e+02
1.763981e+01, 2.586951e+02
1.656649e+01, 2.568260e+02
1.536202e+01, 2.544852e+02
1.405033e+01, 2.514960e+02
1.266296e+01, 2.475991e+02
1.124366e+01, 2.424095e+02
9.856510e+00, 2.353647e+02
8.598887e+00, 2.257102e+02
7.616036e+00, 2.127078e+02
7.093774e+00, 1.964164e+02
7.183170e+00, 1.787141e+02
7.888054e+00, 1.625395e+02
9.068362e+00, 1.495529e+02
1.055082e+01, 1.396637e+02
1.219799e+01, 1.321039e+02
1.391454e+01, 1.261332e+02
1.563465e+01, 1.212064e+02
1.731087e+01, 1.169497e+02
1.890747e+01, 1.131082e+02
2.039673e+01, 1.095050e+02
2.175716e+01, 1.060135e+02
2.297258e+01, 1.025402e+02
2.403175e+01, 9.901381e+01
2.492830e+01, 9.537783e+01
2.566086e+01, 9.158691e+01
2.623275e+01, 8.760288e+01
2.665199e+01, 8.339237e+01
2.693144e+01, 7.892554e+01
2.708892e+01, 7.417566e+01
2.714732e+01, 6.911968e+01
2.713456e+01, 6.373981e+01
2.708337e+01, 5.802641e+01
2.703064e+01, 5.198197e+01
2.701623e+01, 4.562603e+01
2.708094e+01, 3.899976e+01
2.726382e+01, 3.216900e+01
2.759892e+01, 2.522354e+01
2.811190e+01, 1.827173e+01
2.881736e+01, 1.143045e+01
2.971739e+01, 4.812852e+00
3.080175e+01, 3.585169e+02
3.204939e+01, 3.526179e+02
3.343103e+01, 3.471659e+02
3.491202e+01, 3.421875e+02
3.645504e+01, 3.376905e+02
3.802242e+01, 3.336694e+02
3.957790e+01, 3.301102e+02
4.108789e+01, 3.269950e+02
4.252244e+01, 3.243046e+02
4.385576e+01, 3.220205e+02
4.506662e+01, 3.201264e+02
4.613858e+01, 3.186080e+02
4.706006e+01, 3.174537e+02
4.782431e+01, 3.166544e+02
4.842931e+01, 3.162025e+02
4.887751e+01, 3.160921e+02
4.917560e+01, 3.163182e+02
4.933402e+01, 3.168757e+02
4.936651e+01, 3.177594e+02
4.928951e+01, 3.189630e+02
4.912152e+01, 3.204785e+02
4.888236e+01, 3.222959e+02
4.859243e+01, 3.244021e+02
4.827199e+01, 3.267814e+02
4.794044e+01, 3.294147e+02
4.761564e+01, 3.322796e+02
4.731347e+01, 3.353505e+02
4.704729e+01, 3.385991e+02
4.682775e+01, 3.419947e+02
4.666257e+01, 3.455048e+02
4.655653e+01, 3.490956e+02
4.651146e+01, 3.527329e+02
4.652635e+01, 3.563825e+02
4.659762e+01, 1.061241e-02
4.671967e+01, 3.583948e+00
4.688461e+01, 7.070559e+00
4.708225e+01, 1.044022e+01
4.730018e+01, 1.366467e+01
4.752400e+01, 1.671775e+01
4.773747e+01, 1.957556e+01
4.792280e+01, 2.221640e+01
4.806106e+01, 2.462083e+01
4.813258e+01, 2.677139e+01
4.811756e+01, 2.865246e+01
4.799663e+01, 3.024982e+01
4.775164e+01, 3.155017e+01
4.736628e+01, 3.254056e+01
4.682695e+01, 3.320763e+01
4.612345e+01, 3.353684e+01
4.524976e+01, 3.351152e+01
4.420481e+01, 3.311180e+01
4.299317e+01, 3.231360e+01
4.162581e+01, 3.108741e+01
4.012081e+01, 2.939733e+01
3.850411e+01, 2.720034e+01
3.681019e+01, 2.444642e+01
3.508267e+01, 2.108016e+01
3.337462e+01, 1.704520e+01
3.174816e+01, 1.229291e+01
3.027269e+01, 6.796826e+00
2.902105e+01, 5.728327e-01
2.806271e+01, 3.537009e+02
2.745428e+01, 3.463390e+02
2.722919e+01, 3.387161e+02
2.739009e+01, 3.310993e+02
2.790752e+01, 3.237436e+02
2.872542e+01, 3.168478e+02
2.977109e+01, 3.105328e+02
3.096567e+01, 3.048468e+02
3.223223e+01, 2.997833e+02
3.350073e+01, 2.953040e+02
3.471040e+01, 2.913556e+02
3.581028e+01, 2.878819e+02
3.675897e+01, 2.848300e+02
3.752385e+01, 2.821537e+02
3.808028e+01, 2.798137e+02
3.841074e+01, 2.777779e+02
3.850412e+01, 2.760201e+02
3.835496e+01, 2.745196e+02
3.796282e+01, 2.732598e+02
3.733169e+01, 2.722280e+02
3.646942e+01, 2.714142e+02
3.538712e+01, 2.708111e+02
3.409861e+01, 2.704136e+02
3.261969e+01, 2.702182e+02
3.096808e+01, 2.702235e+02
2.916318e+01, 2.704312e+02
2.722562e+01, 2.708473e+02
2.517706e+01, 2.714834e+02
2.303992e+01, 2.723598e+02
2.083730e+01, 2.735098e+02
1.859301e+01, 2.749867e+02
1.633178e+01, 2.768760e+02
1.407985e+01, 2.793173e+02
1.186621e+01, 2.825462e+02
9.725346e+00, 2.869790e+02
7.703767e+00, 2.933947e+02
5.876286e+00, 3.033232e+02
4.386863e+00, 3.196524e+02
3.512891e+00, 3.455030e+02
3.530437e+00, 1.568287e+01
4.256825e+00, 3.840212e+01
5.267245e+00, 5.243283e+01
6.306071e+00, 6.132750e+01
7.258702e+00, 6.748153e+01
8.071073e+00, 7.213241e+01
8.714700e+00, 7.593319e+01
9.173453e+00, 7.925753e+01
9.438213e+00, 8.234174e+01
9.504484e+00, 8.535441e+01
9.371247e+00, 8.843520e+01
9.040434e+00, 9.172254e+01
8.516878e+00, 9.538238e+01
7.808919e+00, 9.965143e+01
6.930385e+00, 1.049205e+02
5.906054e+00, 1.119216e+02
4.787398e+00, 1.221872e+02
3.702091e+00, 1.391252e+02
2.993294e+00, 1.683944e+02
3.246219e+00, 2.055051e+02
4.516985e+00, 2.320719e+02
6.370467e+00, 2.472909e+02
8.550041e+00, 2.566750e+02
1.094967e+01, 2.631401e+02
1.351549e+01, 2.679847e+02
1.620960e+01, 2.718240e+02
1.899753e+01, 2.749742e+02
2.184333e+01, 2.776096e+02
2.470759e+01, 2.798315e+02
2.754691e+01, 2.817012e+02
3.031406e+01, 2.832573e+02
3.295879e+01, 2.845251e+02
3.542915e+01, 2.855217e+02
3.767300e+01, 2.862594e+02
3.963992e+01, 2.867477e+02
4.128304e+01, 2.869947e+02
4.256087e+01, 2.870079e+02
4.343901e+01, 2.867951e+02
4.389135e+01, 2.863647e+02
4.390105e+01, 2.857259e+02
4.346082e+01, 2.848895e+02
4.257286e+01, 2.838679e+02
4.124827e+01, 2.826754e+02
3.950604e+01, 2.813282e+02
3.737181e+01, 2.798451e+02
3.487654e+01, 2.782481e+02
3.205506e+01, 2.765627e+02
2.894494e+01, 2.748203e+02
2.558536e+01, 2.730614e+02
2.201649e+01, 2.713433e+02
1.827910e+01, 2.697583e+02
1.441477e+01, 2.684820e+02
1.046742e+01, 2.679336e+02
6.490799e+00, 2.695201e+02
2.624495e+00, 2.828929e+02
1.994038e+00, 3.989333e+01
5.679870e+00, 6.097692e+01
9.453555e+00, 6.341714e+01
1.310560e+01, 6.318082e+01
1.657720e+01, 6.210969e+01
1.982310e+01, 6.070450e+01
2.280124e+01, 5.916211e+01
2.547089e+01, 5.757940e+01
2.779227e+01, 5.601211e+01
2.972668e+01, 5.449589e+01
3.123678e+01, 5.305466e+01
3.228716e+01, 5.170391e+01
3.284481e+01, 5.045152e+01
3.287990e+01, 4.929699e+01
3.236636e+01, 4.822927e+01
3.128258e+01, 4.722272e+01
2.961203e+01, 4.622954e+01
2.734401e+01, 4.516520e+01
2.447486e+01, 4.387713e+01
2.101101e+01, 4.206949e+01
1.697785e+01, 3.909081e+01
1.245210e+01, 3.318778e+01
7.727694e+00, 1.791228e+01
4.677226e+00, 3.254531e+02
7.905255e+00, 2.609761e+02
1.044853e+01, 1.847997e+02
1.920584e+00, 3.427322e+01
