##TITLE= ShapedPulse
##JCAPM-DX= 5.00 Bruker JCAMP library
##DATA TYPE= Shape Pulses 
##ORIGIN= Colm Fixed Pulses 
##OWNER=  
##DATE= 
##TIME= 
##MINX= 4.992246e-11
##MAXX= 2.235326e+01
##MINY= -1.796193e+02
##MAXY= 1.793898e+02
##$SHAPE_EXMODE= None
##$SHAPE_TOTROT= 9.000000e+01
##$SHAPE_BWFAC= 1.000000e+00
##$SHAPE_INTEGFAC= 1.000000e+00
##$SHAPE_MODE= 1
##PULSE_WIDTH= 2.000000e-02
##NPOINTS= 1000
##XYPOINTS= (XY..XY)
0.000000e+000, -15.191755e+000 
11.574310e+000, 145.724755e+000 
10.943891e+000, 138.599759e+000 
10.656010e+000, 130.193569e+000 
10.686458e+000, 121.192411e+000 
10.974788e+000, 112.236596e+000 
11.432794e+000, 103.709788e+000 
11.962553e+000, 95.691473e+000 
12.472765e+000, 88.029299e+000 
12.890016e+000, 80.425040e+000 
13.168254e+000, 72.480603e+000 
13.319896e+000, 63.806117e+000 
13.459145e+000, 54.414541e+000 
13.699079e+000, 44.593616e+000 
14.109088e+000, 34.785894e+000 
14.702704e+000, 25.469255e+000 
15.439945e+000, 17.022800e+000 
16.242131e+000, 9.660260e+000 
17.009977e+000, 3.448429e+000 
17.637343e+000, -1.631275e+000 
18.018670e+000, -5.620529e+000 
18.073175e+000, -8.583824e+000 
17.814295e+000, -10.698216e+000 
17.289755e+000, -12.084987e+000 
16.555487e+000, -12.790337e+000 
15.673133e+000, -12.806068e+000 
14.709527e+000, -12.082947e+000 
13.736950e+000, -10.545816e+000 
12.833233e+000, -8.121407e+000 
12.080629e+000, -4.790401e+000 
11.561898e+000, -0.664875e+000 
11.331701e+000, 3.934401e+000 
11.344196e+000, 8.531328e+000 
11.512906e+000, 12.726583e+000 
11.738950e+000, 16.284030e+000 
11.919903e+000, 19.109318e+000 
11.955755e+000, 21.185550e+000 
11.751537e+000, 22.505077e+000 
11.218065e+000, 23.002781e+000 
10.273003e+000, 22.459525e+000 
8.846208e+000, 20.269491e+000 
6.936647e+000, 14.802400e+000 
4.794787e+000, 1.473953e+000 
3.198799e+000, -33.756728e+000 
3.844466e+000, -83.962090e+000 
6.193823e+000, -107.617106e+000 
8.895399e+000, -117.310917e+000 
11.475261e+000, -122.238893e+000 
13.696826e+000, -125.233815e+000 
15.376777e+000, -127.358454e+000 
16.347905e+000, -129.124760e+000 
16.496874e+000, -130.856257e+000 
15.902020e+000, -132.784992e+000 
14.692530e+000, -135.125697e+000 
13.002866e+000, -138.159994e+000 
10.975903e+000, -142.349601e+000 
8.770670e+000, -148.568618e+000 
6.583544e+000, -158.650520e+000 
4.708538e+000, -176.472406e+000 
3.639967e+000, 153.361060e+000 
3.748439e+000, 119.757447e+000 
4.528908e+000, 97.295213e+000 
5.410304e+000, 83.683961e+000 
6.196486e+000, 74.511450e+000 
6.853256e+000, 67.634507e+000 
7.399120e+000, 62.133861e+000 
7.868819e+000, 57.647459e+000 
8.300484e+000, 54.083937e+000 
8.731519e+000, 51.487063e+000 
9.199049e+000, 49.955772e+000 
9.743341e+000, 49.585272e+000 
10.399185e+000, 50.349874e+000 
11.156774e+000, 51.914584e+000 
11.996032e+000, 53.930890e+000 
12.894068e+000, 56.131716e+000 
13.822065e+000, 58.328150e+000 
14.744167e+000, 60.395937e+000 
15.617460e+000, 62.258519e+000 
16.392637e+000, 63.870453e+000 
17.015295e+000, 65.202716e+000 
17.427963e+000, 66.229783e+000 
17.583828e+000, 66.948034e+000 
17.483282e+000, 67.454338e+000 
17.142753e+000, 67.854694e+000 
16.583517e+000, 68.249198e+000 
15.831235e+000, 68.747538e+000 
14.915575e+000, 69.485785e+000 
13.870431e+000, 70.647674e+000 
12.735529e+000, 72.493552e+000 
11.560652e+000, 75.398320e+000 
10.414295e+000, 79.888318e+000 
9.397209e+000, 86.561613e+000 
8.643013e+000, 95.643281e+000 
8.289314e+000, 106.629733e+000 
8.421948e+000, 118.074991e+000 
9.025348e+000, 128.217065e+000 
9.997894e+000, 135.992423e+000 
11.212952e+000, 141.250094e+000 
12.563196e+000, 144.311493e+000 
13.973716e+000, 145.582900e+000 
15.400578e+000, 145.400892e+000 
16.819126e+000, 144.083043e+000 
18.190911e+000, 142.116664e+000 
19.468821e+000, 139.887616e+000 
20.596209e+000, 137.649325e+000 
21.505450e+000, 135.566191e+000 
22.119332e+000, 133.746223e+000 
22.353262e+000, 132.267488e+000 
22.117413e+000, 131.202918e+000 
21.318784e+000, 130.650517e+000 
19.863967e+000, 130.784194e+000 
17.710263e+000, 131.882627e+000 
15.008808e+000, 134.207573e+000 
11.972525e+000, 138.349499e+000 
8.847466e+000, 145.789218e+000 
5.977273e+000, 160.415934e+000 
4.023241e+000, -169.027543e+000 
3.916910e+000, -126.588095e+000 
5.020173e+000, -99.795098e+000 
5.999291e+000, -85.970551e+000 
6.233081e+000, -76.832972e+000 
5.491758e+000, -67.712142e+000 
3.992200e+000, -52.844592e+000 
2.497189e+000, -13.879500e+000 
3.248077e+000, 48.679033e+000 
5.925778e+000, 74.367965e+000 
9.012156e+000, 84.865969e+000 
12.022859e+000, 90.946067e+000 
14.681901e+000, 95.421480e+000 
16.757950e+000, 99.354185e+000 
18.039337e+000, 103.356549e+000 
18.399275e+000, 107.930663e+000 
17.985084e+000, 113.360279e+000 
17.012013e+000, 119.899653e+000 
15.697087e+000, 127.838873e+000 
14.254049e+000, 137.454004e+000 
12.876415e+000, 148.880843e+000 
11.701697e+000, 161.930078e+000 
10.762255e+000, 176.009661e+000 
9.954897e+000, -169.595652e+000 
9.066919e+000, -155.102652e+000 
7.920121e+000, -139.381786e+000 
6.702559e+000, -119.424662e+000 
5.936594e+000, -92.365817e+000 
6.250796e+000, -61.792143e+000 
7.689962e+000, -37.144748e+000 
9.723751e+000, -20.561870e+000 
11.856197e+000, -9.256584e+000 
13.747718e+000, -0.870599e+000 
15.144872e+000, 6.000806e+000 
15.837478e+000, 12.272545e+000 
15.710210e+000, 18.723696e+000 
14.931561e+000, 26.042438e+000 
13.761319e+000, 34.841091e+000 
12.483294e+000, 45.654044e+000 
11.383339e+000, 58.663560e+000 
10.681371e+000, 73.193653e+000 
10.423758e+000, 87.574051e+000 
10.432377e+000, 99.999496e+000 
10.382753e+000, 109.468404e+000 
9.925771e+000, 115.656370e+000 
8.808682e+000, 118.330660e+000 
7.062828e+000, 117.146104e+000 
4.901914e+000, 109.108097e+000 
2.924104e+000, 80.330192e+000 
3.093137e+000, 21.285260e+000 
5.415328e+000, -5.966120e+000 
8.096751e+000, -14.968470e+000 
10.567014e+000, -18.657528e+000 
12.556542e+000, -20.271901e+000 
13.852932e+000, -20.820479e+000 
14.312554e+000, -20.653036e+000 
14.008034e+000, -19.873700e+000 
13.067010e+000, -18.404624e+000 
11.620734e+000, -15.969792e+000 
9.811011e+000, -11.960355e+000 
7.809336e+000, -5.052194e+000 
5.871955e+000, 7.703153e+000 
4.483311e+000, 31.481922e+000 
4.362795e+000, 64.183086e+000 
5.501834e+000, 88.343900e+000 
7.135303e+000, 100.551404e+000 
8.791215e+000, 106.392779e+000 
10.285116e+000, 109.108348e+000 
11.531778e+000, 110.114902e+000 
12.479268e+000, 110.056928e+000 
13.088409e+000, 109.235976e+000 
13.325866e+000, 107.775920e+000 
13.161924e+000, 105.680632e+000 
12.570677e+000, 102.831495e+000 
11.533212e+000, 98.917989e+000 
10.076902e+000, 93.238015e+000 
8.390518e+000, 84.367372e+000 
6.801485e+000, 69.813985e+000 
5.837090e+000, 47.261487e+000 
6.041602e+000, 21.241096e+000 
7.328517e+000, 1.730677e+000 
9.136105e+000, -9.320083e+000 
11.030516e+000, -14.574150e+000 
12.774258e+000, -16.029918e+000 
14.250682e+000, -14.618425e+000 
15.445157e+000, -10.810287e+000 
16.443835e+000, -5.389494e+000 
17.335709e+000, 0.956310e+000 
18.164193e+000, 7.681377e+000 
18.912127e+000, 14.356655e+000 
19.502805e+000, 20.682106e+000 
19.811413e+000, 26.486884e+000 
19.680098e+000, 31.709232e+000 
18.931663e+000, 36.369636e+000 
17.379895e+000, 40.554848e+000 
14.899024e+000, 44.514422e+000 
11.626402e+000, 49.046807e+000 
7.804023e+000, 56.203897e+000 
3.854044e+000, 76.017577e+000 
2.566637e+000, 163.616506e+000 
6.172103e+000, -157.269485e+000 
10.170606e+000, -147.858686e+000 
13.765831e+000, -143.552448e+000 
16.665201e+000, -140.908439e+000 
18.627828e+000, -139.006068e+000 
19.491578e+000, -137.470862e+000 
19.365409e+000, -136.030570e+000 
18.429139e+000, -134.484850e+000 
16.865588e+000, -132.630913e+000 
14.861296e+000, -130.185360e+000 
12.610547e+000, -126.688222e+000 
10.325088e+000, -121.359258e+000 
8.252953e+000, -112.960117e+000 
6.697648e+000, -100.188312e+000 
5.960694e+000, -84.033504e+000 
6.082700e+000, -69.742348e+000 
6.738545e+000, -60.852133e+000 
7.633574e+000, -56.817328e+000 
8.617152e+000, -55.964851e+000 
9.621539e+000, -56.956656e+000 
10.607726e+000, -58.915755e+000 
11.539027e+000, -61.288886e+000 
12.371045e+000, -63.727983e+000 
13.049436e+000, -66.010928e+000 
13.511140e+000, -67.987349e+000 
13.706386e+000, -69.574232e+000 
13.661301e+000, -70.816850e+000 
13.423729e+000, -71.746810e+000 
13.043792e+000, -72.356373e+000 
12.573550e+000, -72.607014e+000 
12.066933e+000, -72.435383e+000 
11.579951e+000, -71.762826e+000 
11.171098e+000, -70.514747e+000 
10.901567e+000, -68.654331e+000 
10.834549e+000, -66.226852e+000 
11.016475e+000, -63.393239e+000 
11.424412e+000, -60.385273e+000 
12.013501e+000, -57.402058e+000 
12.734092e+000, -54.570396e+000 
13.533574e+000, -51.944819e+000 
14.358290e+000, -49.525164e+000 
15.155078e+000, -47.276361e+000 
15.872463e+000, -45.142550e+000 
16.461696e+000, -43.053821e+000 
16.877802e+000, -40.926411e+000 
17.091721e+000, -38.683900e+000 
17.121842e+000, -36.338557e+000 
16.996663e+000, -33.928448e+000 
16.742337e+000, -31.498700e+000 
16.381833e+000, -29.106679e+000 
15.934310e+000, -26.826909e+000 
15.414798e+000, -24.756187e+000 
14.834350e+000, -23.019555e+000 
14.200883e+000, -21.778089e+000 
13.521182e+000, -21.239911e+000 
12.807569e+000, -21.621534e+000 
12.090598e+000, -22.975302e+000 
11.410132e+000, -25.297885e+000 
10.809342e+000, -28.542854e+000 
10.330082e+000, -32.575318e+000 
10.006459e+000, -37.134338e+000 
9.857861e+000, -41.832426e+000 
9.884613e+000, -46.211196e+000 
10.069460e+000, -49.832511e+000 
10.385325e+000, -52.353350e+000 
10.796189e+000, -53.629012e+000 
11.237069e+000, -53.907982e+000 
11.646651e+000, -53.506108e+000 
11.970830e+000, -52.684841e+000 
12.157598e+000, -51.647785e+000 
12.154246e+000, -50.553097e+000 
11.906138e+000, -49.532441e+000 
11.356457e+000, -48.716417e+000 
10.446678e+000, -48.276510e+000 
9.118052e+000, -48.519689e+000 
7.344088e+000, -50.071889e+000 
5.225358e+000, -54.299673e+000 
2.954176e+000, -67.119630e+000 
1.429813e+000, -128.294327e+000 
2.994618e+000, 170.382706e+000 
5.372145e+000, 157.093734e+000 
7.666928e+000, 152.034309e+000 
9.685431e+000, 149.201417e+000 
11.296365e+000, 147.145543e+000 
12.381399e+000, 145.295009e+000 
12.861108e+000, 143.338111e+000 
12.790686e+000, 141.192033e+000 
12.255842e+000, 138.830742e+000 
11.338188e+000, 136.238261e+000 
10.113963e+000, 133.419346e+000 
8.652315e+000, 130.426213e+000 
7.013181e+000, 127.427996e+000 
5.245460e+000, 124.928271e+000 
3.390064e+000, 124.718616e+000 
1.540527e+000, 137.872821e+000 
1.171305e+000, -127.039903e+000 
3.077565e+000, -100.546253e+000 
5.166285e+000, -96.985954e+000 
7.177217e+000, -96.509005e+000 
8.982692e+000, -96.599871e+000 
10.461516e+000, -96.583539e+000 
11.492355e+000, -96.150248e+000 
11.956206e+000, -95.024287e+000 
11.743256e+000, -92.777236e+000 
10.770854e+000, -88.517016e+000 
9.087014e+000, -80.280361e+000 
7.136480e+000, -64.339780e+000 
5.879408e+000, -35.131271e+000 
6.554831e+000, 0.009809e+000 
8.928423e+000, 23.274057e+000 
11.904411e+000, 36.029487e+000 
14.811811e+000, 43.672117e+000 
17.261522e+000, 48.908183e+000 
18.965820e+000, 53.024504e+000 
19.678459e+000, 56.790858e+000 
19.258344e+000, 60.868431e+000 
17.903349e+000, 65.902934e+000 
15.926664e+000, 72.708388e+000 
13.709860e+000, 82.460661e+000 
11.748065e+000, 96.565646e+000 
10.631083e+000, 115.251118e+000 
10.748452e+000, 135.095203e+000 
11.887858e+000, 151.095134e+000 
13.430039e+000, 161.580736e+000 
14.797435e+000, 167.389978e+000 
15.630234e+000, 169.641073e+000 
15.890433e+000, 169.498648e+000 
15.681953e+000, 167.637131e+000 
15.148308e+000, 164.413492e+000 
14.438389e+000, 160.106891e+000 
13.680638e+000, 155.079260e+000 
12.959075e+000, 149.883333e+000 
12.297001e+000, 145.299036e+000 
11.661756e+000, 142.309609e+000 
11.003376e+000, 142.108596e+000 
10.333168e+000, 145.904138e+000 
9.786874e+000, 153.850287e+000 
9.586952e+000, 165.239640e+000 
9.920701e+000, 178.249856e+000 
10.807751e+000, -169.430603e+000 
12.085396e+000, -159.212795e+000 
13.505449e+000, -151.286319e+000 
14.816614e+000, -145.249636e+000 
15.791174e+000, -140.631282e+000 
16.223815e+000, -137.078455e+000 
15.975298e+000, -134.340076e+000 
15.121496e+000, -132.150414e+000 
13.801036e+000, -130.351306e+000 
12.160181e+000, -128.864864e+000 
10.350440e+000, -127.654699e+000 
8.527239e+000, -126.705049e+000 
6.848765e+000, -125.996774e+000 
5.474673e+000, -125.450552e+000 
4.564664e+000, -124.814198e+000 
4.277662e+000, -123.647620e+000 
4.723047e+000, -121.888717e+000 
5.810445e+000, -120.247389e+000 
7.395559e+000, -119.115341e+000 
9.331703e+000, -118.490117e+000 
11.471706e+000, -118.290655e+000 
13.668834e+000, -118.475562e+000 
15.777685e+000, -119.055701e+000 
17.655715e+000, -120.087617e+000 
19.165880e+000, -121.672211e+000 
20.181185e+000, -123.965461e+000 
20.629847e+000, -127.136987e+000 
20.606220e+000, -131.160409e+000 
20.239126e+000, -135.951205e+000 
19.642642e+000, -141.387528e+000 
18.904709e+000, -147.281025e+000 
18.075423e+000, -153.362542e+000 
17.158385e+000, -159.284512e+000 
16.109166e+000, -164.630610e+000 
14.843771e+000, -168.900545e+000 
13.258887e+000, -171.401041e+000 
11.291408e+000, -171.113827e+000 
9.044484e+000, -166.811257e+000 
6.798910e+000, -155.547951e+000 
5.173755e+000, -131.597320e+000 
5.145977e+000, -97.513327e+000 
6.684077e+000, -72.887960e+000 
8.764099e+000, -60.207081e+000 
10.724036e+000, -53.605470e+000 
12.215206e+000, -49.904425e+000 
12.997862e+000, -47.703551e+000 
12.924017e+000, -46.333606e+000 
12.077170e+000, -45.467065e+000 
10.599709e+000, -44.991729e+000 
8.635112e+000, -44.971447e+000 
6.327932e+000, -45.801884e+000 
3.829952e+000, -49.182783e+000 
1.380528e+000, -69.564231e+000 
1.566779e+000, 173.764841e+000 
3.782644e+000, 158.556915e+000 
5.763442e+000, 157.216533e+000 
7.348125e+000, 158.967078e+000 
8.565580e+000, 161.932000e+000 
9.473645e+000, 165.438660e+000 
10.116567e+000, 169.144045e+000 
10.521145e+000, 172.791472e+000 
10.696010e+000, 176.138045e+000 
10.633459e+000, 178.915988e+000 
10.314217e+000, -179.215592e+000 
9.716597e+000, -178.764588e+000 
8.835038e+000, 179.389787e+000 
7.733594e+000, 173.809493e+000 
6.633832e+000, 162.996528e+000 
5.897598e+000, 145.879260e+000 
5.902852e+000, 125.008165e+000 
6.702675e+000, 106.811124e+000 
7.973492e+000, 94.470190e+000 
9.344227e+000, 87.047121e+000 
10.541806e+000, 82.996223e+000 
11.371996e+000, 81.377381e+000 
11.691004e+000, 81.869570e+000 
11.432682e+000, 84.581935e+000 
10.707614e+000, 89.605649e+000 
9.695468e+000, 97.325979e+000 
8.613432e+000, 108.415429e+000 
7.714757e+000, 123.426596e+000 
7.242933e+000, 141.799337e+000 
7.308268e+000, 161.165794e+000 
7.797522e+000, 178.918418e+000 
8.463023e+000, -165.725371e+000 
9.074457e+000, -151.931101e+000 
9.537907e+000, -138.379883e+000 
9.999537e+000, -124.505284e+000 
10.634961e+000, -110.633159e+000 
11.542419e+000, -97.547783e+000 
12.714759e+000, -85.967553e+000 
14.058535e+000, -76.214866e+000 
15.435065e+000, -68.240586e+000 
16.693186e+000, -61.806702e+000 
17.685085e+000, -56.632393e+000 
18.270065e+000, -52.462357e+000 
18.346487e+000, -49.037478e+000 
17.956445e+000, -45.984979e+000 
17.188024e+000, -42.984372e+000 
16.136406e+000, -39.758567e+000 
14.902627e+000, -36.033235e+000 
13.595363e+000, -31.520847e+000 
12.333274e+000, -25.942614e+000 
11.244243e+000, -19.124622e+000 
10.455065e+000, -11.199092e+000 
10.065831e+000, -2.826769e+000 
10.100915e+000, 4.893101e+000 
10.458533e+000, 11.097079e+000 
11.006695e+000, 15.458698e+000 
11.631372e+000, 18.030438e+000 
12.246901e+000, 19.011546e+000 
12.794983e+000, 18.599912e+000 
13.240745e+000, 16.931957e+000 
13.569878e+000, 14.068573e+000 
13.788061e+000, 9.999259e+000 
13.922989e+000, 4.655425e+000 
14.034812e+000, -1.961843e+000 
14.213105e+000, -9.416906e+000 
14.506819e+000, -17.113088e+000 
14.899705e+000, -24.481094e+000 
15.314365e+000, -31.085581e+000 
15.629978e+000, -36.664046e+000 
15.703216e+000, -41.084874e+000 
15.385101e+000, -44.258589e+000 
14.533076e+000, -46.018380e+000 
13.023359e+000, -45.913771e+000 
10.824185e+000, -42.867484e+000 
8.193155e+000, -34.657346e+000 
5.708607e+000, -14.962460e+000 
4.724115e+000, 24.523308e+000 
6.253140e+000, 59.996096e+000 
8.897449e+000, 76.747513e+000 
11.518198e+000, 84.670787e+000 
13.612284e+000, 88.971997e+000 
14.861932e+000, 91.610870e+000 
15.003327e+000, 93.451221e+000 
13.877266e+000, 95.001661e+000 
11.674686e+000, 96.726858e+000 
8.678886e+000, 99.328567e+000 
5.191142e+000, 105.092789e+000 
1.724267e+000, 135.140788e+000 
2.748601e+000, -112.163405e+000 
6.049740e+000, -97.723672e+000 
8.870072e+000, -93.656409e+000 
10.839035e+000, -91.613441e+000 
11.657891e+000, -90.175948e+000 
11.127148e+000, -88.740742e+000 
9.415237e+000, -86.703782e+000 
6.794451e+000, -82.752536e+000 
3.606250e+000, -70.740697e+000 
1.570977e+000, 12.789822e+000 
4.651373e+000, 66.214359e+000 
8.359409e+000, 74.658310e+000 
11.779377e+000, 77.606323e+000 
14.601460e+000, 78.898882e+000 
16.554557e+000, 79.414374e+000 
17.444211e+000, 79.430261e+000 
17.361839e+000, 79.020179e+000 
16.470001e+000, 78.120481e+000 
14.934218e+000, 76.523664e+000 
12.930009e+000, 73.790661e+000 
10.657744e+000, 69.026130e+000 
8.379440e+000, 60.402095e+000 
6.507889e+000, 44.680794e+000 
5.686739e+000, 20.357234e+000 
6.316123e+000, -3.190863e+000 
7.921298e+000, -16.818859e+000 
9.865245e+000, -23.007079e+000 
11.841545e+000, -25.439913e+000 
13.707972e+000, -26.073128e+000 
15.370004e+000, -25.869397e+000 
16.741211e+000, -25.329990e+000 
17.731133e+000, -24.743161e+000 
18.242810e+000, -24.306792e+000 
18.174371e+000, -24.205573e+000 
17.423407e+000, -24.688625e+000 
15.935427e+000, -26.115058e+000 
13.833532e+000, -28.849382e+000 
11.307366e+000, -33.681766e+000 
8.605648e+000, -42.526875e+000 
6.149869e+000, -60.026525e+000 
4.821532e+000, -92.862037e+000 
5.499792e+000, -128.688427e+000 
7.391948e+000, -149.334448e+000 
9.422128e+000, -159.771485e+000 
11.076506e+000, -165.525816e+000 
12.115396e+000, -168.995708e+000 
12.542885e+000, -171.352982e+000 
12.436579e+000, -173.167002e+000 
11.886890e+000, -174.762226e+000 
10.990284e+000, -176.391081e+000 
9.847161e+000, -178.327299e+000 
8.562351e+000, 179.051217e+000 
7.248602e+000, 175.163202e+000 
6.034613e+000, 169.138007e+000 
5.076419e+000, 159.992390e+000 
4.527202e+000, 147.695945e+000 
4.408409e+000, 134.191854e+000 
4.636594e+000, 122.079520e+000 
5.078136e+000, 112.561887e+000 
5.609761e+000, 105.342506e+000 
6.142004e+000, 99.599632e+000 
6.615049e+000, 94.535187e+000 
6.991709e+000, 89.477453e+000 
7.256036e+000, 83.830912e+000 
7.418823e+000, 77.011330e+000 
7.531006e+000, 68.594244e+000 
7.673625e+000, 58.887600e+000 
7.905524e+000, 48.496629e+000 
8.242917e+000, 38.050345e+000 
8.658425e+000, 28.013167e+000 
9.093533e+000, 18.570427e+000 
9.476350e+000, 9.635501e+000 
9.737685e+000, 0.910286e+000 
9.824800e+000, -8.078296e+000 
9.717467e+000, -17.997213e+000 
9.477659e+000, -29.645796e+000 
9.323302e+000, -43.292978e+000 
9.488136e+000, -58.262815e+000 
10.108186e+000, -73.017859e+000 
11.163501e+000, -86.050874e+000 
12.510475e+000, -96.711294e+000 
13.957483e+000, -105.131241e+000 
15.313970e+000, -111.759802e+000 
16.405603e+000, -117.059921e+000 
17.074397e+000, -121.407297e+000 
17.212835e+000, -125.113127e+000 
16.875952e+000, -128.487854e+000 
16.169241e+000, -131.726308e+000 
15.204765e+000, -134.919650e+000 
14.095943e+000, -138.068741e+000 
12.953913e+000, -141.070123e+000 
11.885650e+000, -143.686066e+000 
10.995195e+000, -145.521941e+000 
10.390419e+000, -146.064877e+000 
10.196445e+000, -144.865698e+000 
10.523989e+000, -141.985303e+000 
11.320462e+000, -138.363442e+000 
12.465403e+000, -134.913975e+000 
13.808323e+000, -132.118276e+000 
15.181062e+000, -130.104083e+000 
16.409404e+000, -128.824523e+000 
17.318702e+000, -128.186674e+000 
17.735379e+000, -128.119681e+000 
17.486940e+000, -128.618597e+000 
16.402815e+000, -129.808546e+000 
14.384619e+000, -132.050548e+000 
11.612655e+000, -136.065563e+000 
8.381171e+000, -143.933465e+000 
5.195009e+000, -163.053267e+000 
3.650511e+000, 146.731588e+000 
5.535119e+000, 101.833816e+000 
8.559542e+000, 85.556592e+000 
11.375570e+000, 78.769884e+000 
13.529508e+000, 75.508910e+000 
14.732003e+000, 74.123975e+000 
14.810028e+000, 74.169199e+000 
13.907285e+000, 75.601548e+000 
12.263393e+000, 78.834216e+000 
10.157874e+000, 84.969922e+000 
7.966864e+000, 96.394451e+000 
6.293400e+000, 116.932268e+000 
5.949569e+000, 145.317085e+000 
7.055945e+000, 168.297281e+000 
8.799028e+000, -179.619278e+000 
10.494505e+000, -175.150006e+000 
11.828261e+000, -175.555972e+000 
12.786325e+000, -178.926751e+000 
13.461554e+000, 175.783416e+000 
13.957810e+000, 169.205025e+000 
14.355254e+000, 161.836989e+000 
14.690310e+000, 154.117462e+000 
14.947112e+000, 146.401862e+000 
15.060479e+000, 138.915197e+000 
14.927394e+000, 131.715638e+000 
14.422123e+000, 124.666074e+000 
13.453607e+000, 117.335654e+000 
12.116019e+000, 108.876084e+000 
10.598999e+000, 98.142939e+000 
9.177003e+000, 83.708378e+000 
8.231778e+000, 64.620548e+000 
8.147524e+000, 42.655409e+000 
9.009308e+000, 22.531228e+000 
10.523123e+000, 7.164775e+000 
12.300930e+000, -3.810175e+000 
14.036991e+000, -11.734036e+000 
15.527161e+000, -17.709340e+000 
16.693140e+000, -22.462602e+000 
17.500225e+000, -26.402866e+000 
17.922806e+000, -29.763191e+000 
17.937752e+000, -32.684389e+000 
17.521824e+000, -35.256299e+000 
16.650853e+000, -37.538386e+000 
15.299739e+000, -39.569163e+000 
13.442905e+000, -41.367458e+000 
11.055019e+000, -42.921432e+000 
8.141668e+000, -44.232846e+000 
4.832038e+000, -45.764822e+000 
1.299973e+000, -52.496232e+000 
2.328827e+000, 141.184998e+000 
5.816835e+000, 138.416809e+000 
9.022310e+000, 138.101498e+000 
11.767805e+000, 138.409120e+000 
13.881014e+000, 139.135275e+000 
15.195070e+000, 140.323575e+000 
15.553147e+000, 142.194945e+000 
14.878286e+000, 145.174680e+000 
13.361128e+000, 149.756870e+000 
11.290122e+000, 156.933260e+000 
9.036506e+000, 168.732901e+000 
7.158637e+000, -171.498993e+000 
6.436049e+000, -143.131582e+000 
7.193579e+000, -116.169999e+000 
8.742111e+000, -98.219983e+000 
10.271659e+000, -87.079266e+000 
11.269964e+000, -79.508767e+000 
11.465145e+000, -73.487503e+000 
10.928185e+000, -67.742326e+000 
9.833310e+000, -61.400322e+000 
8.375582e+000, -53.566787e+000 
6.770992e+000, -42.991604e+000 
5.264355e+000, -27.825849e+000 
4.121479e+000, -6.237869e+000 
3.511774e+000, 20.377683e+000 
3.269399e+000, 46.361129e+000 
2.969281e+000, 70.188474e+000 
2.416618e+000, 100.373033e+000 
2.368476e+000, 148.728770e+000 
3.742972e+000, -172.687046e+000 
6.025353e+000, -154.781692e+000 
8.685409e+000, -145.901545e+000 
11.444214e+000, -140.960503e+000 
14.095877e+000, -138.122957e+000 
16.457875e+000, -136.650927e+000 
18.359807e+000, -136.253435e+000 
19.643172e+000, -136.884247e+000 
20.209684e+000, -138.621972e+000 
20.151280e+000, -141.438785e+000 
19.618442e+000, -145.374912e+000 
18.776841e+000, -150.545945e+000 
17.806336e+000, -157.075859e+000 
16.893991e+000, -164.996224e+000 
16.213992e+000, -174.105803e+000 
15.891371e+000, 176.135693e+000 
15.962402e+000, 166.538321e+000 
16.359905e+000, 157.911696e+000 
16.942965e+000, 150.734989e+000 
17.573705e+000, 144.931605e+000 
18.152701e+000, 140.257699e+000 
18.612287e+000, 136.471897e+000 
18.907273e+000, 133.368091e+000 
19.007328e+000, 130.779177e+000 
18.891633e+000, 128.569773e+000 
18.545536e+000, 126.625835e+000 
17.958795e+000, 124.843649e+000 
17.124971e+000, 123.118098e+000 
16.055098e+000, 121.340533e+000 
14.817757e+000, 119.435833e+000 
13.497003e+000, 117.350676e+000 
12.177711e+000, 115.058122e+000 
10.943991e+000, 112.587077e+000 
9.876999e+000, 110.070979e+000 
9.052748e+000, 107.802326e+000 
8.541828e+000, 106.241308e+000 
8.414059e+000, 105.894268e+000 
8.748433e+000, 107.042373e+000 
9.600210e+000, 109.433916e+000 
10.870667e+000, 112.304891e+000 
12.412861e+000, 115.109390e+000 
14.071051e+000, 117.647910e+000 
15.685479e+000, 119.925992e+000 
17.096049e+000, 122.041426e+000 
18.144124e+000, 124.134987e+000 
18.673648e+000, 126.387147e+000 
18.533394e+000, 129.052716e+000 
17.583697e+000, 132.557061e+000 
15.777981e+000, 137.650257e+000 
13.377294e+000, 145.435592e+000 
10.809246e+000, 157.917681e+000 
8.724878e+000, 178.149699e+000 
8.008301e+000, -153.869181e+000 
9.002371e+000, -127.574408e+000 
10.954990e+000, -109.662727e+000 
12.978045e+000, -98.170965e+000 
14.500473e+000, -90.095838e+000 
15.149965e+000, -83.466134e+000 
14.736286e+000, -76.796351e+000 
13.465302e+000, -68.657510e+000 
11.724835e+000, -57.309945e+000 
10.081390e+000, -40.536560e+000 
9.319236e+000, -17.625493e+000 
10.038614e+000, 6.284662e+000 
12.013060e+000, 24.527056e+000 
14.535671e+000, 36.375084e+000 
17.003785e+000, 43.848006e+000 
18.990170e+000, 48.581929e+000 
20.223062e+000, 51.566811e+000 
20.713905e+000, 53.551295e+000 
20.567639e+000, 54.958362e+000 
19.906100e+000, 56.010807e+000 
18.859734e+000, 56.833240e+000 
17.564610e+000, 57.500698e+000 
16.161121e+000, 58.066818e+000 
14.793094e+000, 58.584110e+000 
13.606997e+000, 59.119876e+000 
12.751322e+000, 59.762908e+000 
12.334734e+000, 60.595806e+000 
12.301146e+000, 61.636667e+000 
12.554675e+000, 62.875960e+000 
13.001525e+000, 64.298331e+000 
13.550220e+000, 65.894029e+000 
14.111766e+000, 67.667759e+000 
14.599745e+000, 69.646579e+000 
14.930571e+000, 71.891201e+000 
15.024442e+000, 74.516409e+000 
14.808311e+000, 77.729679e+000 
14.254939e+000, 81.821141e+000 
13.478408e+000, 86.912536e+000 
12.624448e+000, 93.037280e+000 
11.828025e+000, 100.092787e+000 
11.195909e+000, 107.708548e+000 
10.783649e+000, 115.182252e+000 
10.581150e+000, 121.585430e+000 
10.524142e+000, 125.989564e+000 
10.533885e+000, 127.611165e+000 
10.573317e+000, 125.785356e+000 
10.700591e+000, 120.177121e+000 
11.045618e+000, 111.650240e+000 
11.732700e+000, 101.602282e+000 
12.801436e+000, 91.434590e+000 
14.182562e+000, 82.090051e+000 
15.730492e+000, 73.903320e+000 
17.268227e+000, 66.792431e+000 
18.615716e+000, 60.497472e+000 
19.601499e+000, 54.711877e+000 
20.066752e+000, 49.110762e+000 
19.917093e+000, 43.328889e+000 
19.268449e+000, 37.032769e+000 
18.299981e+000, 29.946907e+000 
17.203172e+000, 21.854794e+000 
16.173119e+000, 12.678898e+000 
15.385994e+000, 2.624451e+000 
14.960298e+000, -7.708456e+000 
14.918102e+000, -17.412059e+000 
15.177883e+000, -25.575974e+000 
15.591309e+000, -31.552169e+000 
15.998345e+000, -35.102721e+000 
16.279053e+000, -36.622636e+000 
16.376129e+000, -36.562123e+000 
16.268571e+000, -35.265191e+000 
15.949502e+000, -32.994258e+000 
15.411997e+000, -29.954922e+000 
14.639858e+000, -26.308148e+000 
13.602105e+000, -22.165124e+000 
12.251166e+000, -17.556490e+000 
10.525370e+000, -12.345446e+000 
8.388481e+000, -5.874118e+000 
5.961578e+000, 4.353188e+000 
3.605135e+000, 27.545259e+000 
2.783323e+000, 85.448048e+000 
4.729233e+000, 127.183723e+000 
7.519869e+000, 141.862047e+000 
10.344879e+000, 148.511962e+000 
12.953103e+000, 152.161564e+000 
15.190466e+000, 154.312194e+000 
16.929004e+000, 155.523861e+000 
18.083445e+000, 156.039578e+000 
18.702516e+000, 156.013594e+000 
18.870006e+000, 155.512801e+000 
18.670672e+000, 154.546029e+000 
18.189755e+000, 153.086747e+000 
17.513599e+000, 151.084567e+000 
16.730822e+000, 148.476713e+000 
15.933333e+000, 145.207678e+000 
15.216142e+000, 141.264191e+000 
14.674550e+000, 136.726520e+000 
14.379927e+000, 131.824488e+000 
14.317182e+000, 126.915047e+000 
14.433929e+000, 122.336562e+000 
14.663148e+000, 118.341267e+000 
14.931221e+000, 115.085247e+000 
15.165351e+000, 112.653348e+000 
15.298805e+000, 111.098636e+000 
15.274179e+000, 110.482394e+000 
15.045973e+000, 110.912366e+000 
14.584379e+000, 112.585995e+000 
13.902381e+000, 115.773090e+000 
13.116745e+000, 120.574596e+000 
12.375895e+000, 126.973322e+000 
11.822548e+000, 134.719978e+000 
11.564472e+000, 143.181732e+000 
11.641453e+000, 151.393120e+000 
12.013142e+000, 158.365777e+000 
12.582306e+000, 163.400463e+000 
13.237745e+000, 166.141901e+000 
13.893877e+000, 166.433689e+000 
14.525636e+000, 164.331197e+000 
15.184187e+000, 160.500056e+000 
15.936018e+000, 155.684155e+000 
16.817992e+000, 150.553327e+000 
17.818661e+000, 145.667056e+000 
18.878599e+000, 141.436934e+000 
19.903639e+000, 138.133307e+000 
20.783284e+000, 135.935237e+000 
21.409669e+000, 135.000041e+000 
21.697449e+000, 135.535848e+000 
21.621138e+000, 137.741541e+000 
21.261293e+000, 141.440778e+000 
20.733065e+000, 146.404111e+000 
20.143782e+000, 152.398228e+000 
19.568070e+000, 159.139415e+000 
19.026883e+000, 166.294385e+000 
18.475389e+000, 173.530087e+000 
17.803883e+000, -179.409941e+000 
16.850909e+000, -172.634059e+000 
15.423620e+000, -166.036996e+000 
13.380903e+000, -159.114076e+000 
10.853008e+000, -150.551317e+000 
8.131634e+000, -137.657167e+000 
5.768512e+000, -114.404428e+000 
4.877390e+000, -75.512930e+000 
6.048989e+000, -40.692729e+000 
8.070300e+000, -21.649009e+000 
9.931613e+000, -10.917527e+000 
11.154523e+000, -3.662529e+000 
11.449443e+000, 2.363913e+000 
10.676863e+000, 8.746165e+000 
9.053866e+000, 17.413587e+000 
6.999711e+000, 31.932207e+000 
5.310589e+000, 59.457119e+000 
5.365343e+000, 99.105289e+000 
7.364954e+000, 127.400307e+000 
10.093103e+000, 142.011457e+000 
12.781819e+000, 150.143549e+000 
15.042052e+000, 155.313086e+000 
16.607763e+000, 159.028346e+000 
17.308081e+000, 162.077277e+000 
17.213124e+000, 165.008957e+000 
16.454337e+000, 168.236596e+000 
15.167526e+000, 172.182447e+000 
13.501939e+000, 177.411676e+000 
11.638214e+000, -175.214135e+000 
9.819633e+000, -164.395918e+000 
8.392136e+000, -148.697079e+000 
7.772061e+000, -128.491326e+000 
8.173033e+000, -108.239065e+000 
9.358087e+000, -92.535046e+000 
10.916506e+000, -81.659112e+000 
12.556494e+000, -74.100027e+000 
14.105473e+000, -68.547061e+000 
15.456442e+000, -64.145473e+000 
16.535537e+000, -60.353695e+000 
17.287402e+000, -56.807220e+000 
17.669836e+000, -53.229168e+000 
17.653181e+000, -49.367758e+000 
17.222952e+000, -44.939789e+000 
16.403954e+000, -39.613269e+000 
15.312644e+000, -33.146583e+000 
14.090882e+000, -25.320214e+000 
12.881032e+000, -15.954978e+000 
11.812883e+000, -5.028106e+000 
10.979310e+000, 7.183292e+000 
10.405568e+000, 20.064399e+000 
10.031749e+000, 32.873167e+000 
9.727097e+000, 45.108223e+000 
9.329421e+000, 56.768474e+000 
8.719202e+000, 68.516356e+000 
7.965472e+000, 81.710968e+000 
7.271103e+000, 97.728494e+000 
6.929659e+000, 116.970175e+000 
7.214494e+000, 137.342646e+000 
8.183271e+000, 155.172545e+000 
9.659336e+000, 168.585692e+000 
11.400020e+000, 177.941075e+000 
13.200169e+000, -175.767973e+000 
14.902548e+000, -171.738764e+000 
16.388423e+000, -169.413654e+000 
17.582642e+000, -168.259741e+000 
18.436202e+000, -167.928945e+000 
18.911513e+000, -168.225325e+000 
18.976957e+000, -169.044842e+000 
18.604839e+000, -170.347630e+000 
17.770912e+000, -172.152340e+000 
16.454808e+000, -174.554228e+000 
14.641792e+000, -177.787544e+000 
12.328803e+000, 177.592434e+000 
9.578482e+000, 170.150158e+000 
6.699521e+000, 155.860122e+000 
4.523433e+000, 123.625193e+000 
4.827346e+000, 75.241688e+000 
7.310747e+000, 47.601481e+000 
10.301660e+000, 35.060255e+000 
13.125449e+000, 28.129019e+000 
15.479976e+000, 23.520279e+000 
17.155511e+000, 19.964217e+000 
17.973316e+000, 16.821902e+000 
17.823037e+000, 13.632898e+000 
16.815733e+000, 9.968386e+000 
15.131223e+000, 5.307461e+000 
12.978085e+000, -1.182991e+000 
10.626046e+000, -11.013256e+000 
8.484642e+000, -26.811284e+000 
7.211807e+000, -50.965759e+000 
7.447435e+000, -78.556062e+000 
8.988947e+000, -99.483767e+000 
11.075368e+000, -112.251794e+000 
13.155610e+000, -119.825724e+000 
15.000481e+000, -124.547079e+000 
16.523385e+000, -127.612865e+000 
17.686404e+000, -129.611076e+000 
18.472823e+000, -130.842008e+000 
18.877223e+000, -131.458319e+000 
18.901731e+000, -131.527423e+000 
18.554546e+000, -131.058253e+000 
17.849381e+000, -130.008244e+000 
16.805626e+000, -128.274339e+000 
15.455680e+000, -125.680258e+000 
13.864566e+000, -121.987769e+000 
12.114945e+000, -116.800601e+000 
10.310651e+000, -109.438059e+000 
8.596625e+000, -98.784907e+000 
7.191832e+000, -83.354080e+000 
6.400215e+000, -62.585246e+000 
6.465821e+000, -39.683284e+000 
7.312057e+000, -20.057119e+000 
8.617942e+000, -5.616722e+000 
10.097809e+000, 4.758642e+000 
11.601270e+000, 12.491736e+000 
13.051617e+000, 18.522172e+000 
14.404613e+000, 23.417550e+000 
15.632627e+000, 27.527934e+000 
16.717600e+000, 31.081149e+000 
17.647830e+000, 34.236195e+000 
18.416199e+000, 37.113292e+000 
19.018664e+000, 39.811354e+000 
19.452540e+000, 42.418638e+000 
19.721350e+000, 44.999452e+000 
19.850751e+000, 47.532007e+000 
19.862226e+000, 49.959511e+000 
19.765519e+000, 52.208036e+000 
19.560231e+000, 54.185060e+000 
19.239021e+000, 55.775961e+000 
18.792076e+000, 56.836759e+000 
18.212707e+000, 57.181447e+000 
0.000000e+000, 151.219602e+000 
##END=