 Goodness |  Improvement/step |  Step Size  |  Iterations  |  CPU Time
  0.9403         1.047e+00       2.919e-04          1         26.96 
  0.9407         9.970e-01       3.235e-04          2         46.23 
  0.9409         9.470e-01       4.430e-04          3         66.47 
  0.9412         8.971e-01       4.222e-04          4         86.39 
  0.9414         8.471e-01       4.049e-04          5         106.50 
  0.9417         7.971e-01       4.792e-04          6         127.69 
  0.9420         7.471e-01       4.393e-04          7         148.13 
  0.9423         6.971e-01       5.440e-04          8         170.70 
  0.9428         6.471e-01       5.206e-04          9         192.02 
  0.9432         5.972e-01       4.695e-04         10         212.44 
  0.9436         5.472e-01       4.850e-04         11         232.31 
  0.9439         4.972e-01       4.123e-04         12         252.25 
  0.9442         4.472e-01       4.262e-04         13         269.88 
  0.9446         3.972e-01       4.567e-04         14         288.97 
  0.9449         3.472e-01       4.797e-04         15         307.94 
  0.9454         2.973e-01       4.595e-04         16         327.47 
  0.9458         2.473e-01       5.099e-04         17         347.54 
  0.9464         1.973e-01       5.046e-04         18         369.00 
  0.9468         1.473e-01       4.620e-04         19         390.85 
  0.9472         9.736e-02       4.743e-04         20         412.10 
  0.9477         3.687e-04       3.810e-04         21         434.12 
  0.9481         3.677e-04       4.730e-04         22         454.80 
  0.9486         3.856e-04       4.717e-04         23         475.28 
  0.9492         4.016e-04       4.256e-04         24         495.60 
  0.9496         4.086e-04       4.496e-04         25         514.64 
  0.9501         4.182e-04       5.162e-04         26         534.62 
  0.9507         4.309e-04       5.736e-04         27         553.36 
  0.9515         4.551e-04       4.656e-04         28         572.13 
  0.9519         4.552e-04       3.982e-04         29         592.03 
  0.9523         4.523e-04       4.612e-04         30         612.09 
  0.9528         4.616e-04       3.981e-04         31         631.09 
  0.9532         4.671e-04       3.943e-04         32         651.80 
  0.9536         4.693e-04       4.951e-04         33         673.09 
  0.9542         4.797e-04       4.874e-04         34         693.73 
  0.9547         4.909e-04       4.763e-04         35         714.15 
  0.9553         4.966e-04       4.514e-04         36         737.50 
  0.9558         4.985e-04       4.166e-04         37         757.83 
  0.9562         4.948e-04       3.616e-04         38         779.26 
  0.9566         4.872e-04       4.410e-04         39         800.88 
  0.9570         4.916e-04       4.273e-04         40         822.20 
  0.9575         4.892e-04       3.923e-04         41         844.39 
  0.9578         4.896e-04       4.086e-04         42         863.36 
  0.9581         4.778e-04       5.427e-04         43         882.32 
  0.9585         4.667e-04       4.735e-04         44         903.11 
  0.9590         4.693e-04       4.680e-04         45         924.08 
  0.9594         4.687e-04       3.820e-04         46         944.00 
  0.9598         4.594e-04       3.968e-04         47         962.61 
  0.9603         4.406e-04       4.177e-04         48         982.27 
  0.9606         4.378e-04       3.962e-04         49         999.88 
  0.9610         4.349e-04       4.049e-04         50         1020.91 
  0.9613         4.236e-04       4.312e-04         51         1042.76 
  0.9616         4.170e-04       4.691e-04         52         1063.26 
  0.9620         4.181e-04       3.549e-04         53         1084.24 
  0.9623         4.049e-04       3.918e-04         54         1106.46 
  0.9626         3.939e-04       4.341e-04         55         1126.27 
  0.9629         3.786e-04       4.359e-04         56         1148.98 
  0.9631         3.658e-04       3.919e-04         57         1171.16 
  0.9633         3.540e-04       4.012e-04         58         1193.78 
  0.9636         3.502e-04       4.173e-04         59         1215.73 
  0.9638         3.393e-04       4.002e-04         60         1235.61 
  0.9642         3.346e-04       4.082e-04         61         1255.76 
  0.9645         3.318e-04       3.897e-04         62         1278.08 
  0.9647         3.280e-04       4.056e-04         63         1298.13 
  0.9649         3.161e-04       4.131e-04         64         1319.29 
  0.9651         3.051e-04       3.932e-04         65         1341.30 
  0.9654         2.964e-04       4.202e-04         66         1363.15 
  0.9657         2.906e-04       4.362e-04         67         1384.09 
  0.9659         2.812e-04       3.901e-04         68         1406.33 
  0.9661         2.743e-04       3.894e-04         69         1429.18 
  0.9663         2.689e-04       3.983e-04         70         1450.15 
  0.9665         2.630e-04       3.815e-04         71         1470.96 
  0.9668         2.603e-04       4.447e-04         72         1492.96 
  0.9671         2.546e-04       4.097e-04         73         1514.19 
  0.9673         2.531e-04       3.692e-04         74         1535.88 
  0.9675         2.444e-04       4.204e-04         75         1557.22 
  0.9677         2.394e-04       3.621e-04         76         1578.51 
  0.9678         2.371e-04       3.874e-04         77         1599.30 
  0.9680         2.349e-04       3.938e-04         78         1620.56 
  0.9682         2.326e-04       4.369e-04         79         1643.16 
  0.9685         2.310e-04       4.532e-04         80         1664.70 
  0.9688         2.299e-04       3.913e-04         81         1685.17 
  0.9690         2.235e-04       3.354e-04         82         1706.04 
  0.9691         2.196e-04       4.176e-04         83         1726.44 
  0.9693         2.207e-04       4.158e-04         84         1746.50 
  0.9695         2.202e-04       4.054e-04         85         1767.17 
  0.9697         2.189e-04       3.954e-04         86         1787.81 
  0.9699         2.145e-04       3.711e-04         87         1808.14 
  0.9701         2.115e-04       3.823e-04         88         1829.51 
  0.9703         2.098e-04       3.755e-04         89         1850.93 
  0.9705         2.097e-04       3.827e-04         90         1873.10 
  0.9708         2.125e-04       4.318e-04         91         1894.70 
  0.9710         2.116e-04       3.916e-04         92         1917.21 
  0.9712         2.053e-04       3.485e-04         93         1939.89 
  0.9714         2.017e-04       3.724e-04         94         1960.13 
  0.9715         2.027e-04       3.732e-04         95         1980.49 
  0.9717         2.017e-04       3.691e-04         96         2001.56 
  0.9719         2.012e-04       4.115e-04         97         2022.81 
  0.9721         2.012e-04       3.733e-04         98         2044.03 
  0.9722         2.007e-04       3.544e-04         99         2065.19 
  0.9724         1.980e-04       3.506e-04        100         2085.32 
  0.9726         1.894e-04       3.818e-04        101         2108.19 
  0.9727         1.889e-04       3.891e-04        102         2128.84 
  0.9729         1.889e-04       3.577e-04        103         2151.02 
  0.9730         1.860e-04       4.012e-04        104         2173.12 
  0.9732         1.848e-04       3.372e-04        105         2196.32 
  0.9733         1.789e-04       3.796e-04        106         2216.86 
  0.9735         1.778e-04       4.182e-04        107         2239.08 
  0.9737         1.770e-04       3.630e-04        108         2258.56 
  0.9738         1.728e-04       3.394e-04        109         2279.44 
  0.9739         1.679e-04       3.563e-04        110         2300.67 
  0.9740         1.615e-04       3.751e-04        111         2319.83 
  0.9741         1.562e-04       4.124e-04        112         2339.15 
  0.9743         1.567e-04       3.836e-04        113         2358.19 
  0.9745         1.555e-04       3.614e-04        114         2379.24 
  0.9746         1.535e-04       3.438e-04        115         2399.97 
  0.9747         1.513e-04       3.695e-04        116         2418.44 
  0.9749         1.506e-04       3.754e-04        117         2437.82 
  0.9750         1.496e-04       3.866e-04        118         2457.86 
  0.9752         1.481e-04       3.457e-04        119         2479.23 
  0.9753         1.447e-04       3.792e-04        120         2498.82 
  0.9754         1.438e-04       3.460e-04        121         2518.94 
  0.9756         1.422e-04       3.423e-04        122         2539.34 
  0.9757         1.418e-04       3.693e-04        123         2560.46 
  0.9758         1.412e-04       3.669e-04        124         2580.19 
  0.9759         1.361e-04       3.787e-04        125         2598.03 
  0.9760         1.344e-04       3.785e-04        126         2618.56 
  0.9761         1.317e-04       3.454e-04        127         2638.64 
  0.9762         1.297e-04       3.553e-04        128         2660.57 
  0.9764         1.290e-04       3.750e-04        129         2682.14 
  0.9765         1.292e-04       4.087e-04        130         2703.90 
  0.9766         1.311e-04       4.048e-04        131         2726.36 
  0.9768         1.319e-04       3.400e-04        132         2748.06 
  0.9769         1.290e-04       3.660e-04        133         2770.78 
  0.9770         1.292e-04       3.622e-04        134         2793.00 
  0.9772         1.288e-04       3.331e-04        135         2814.29 
  0.9773         1.279e-04       3.883e-04        136         2836.22 
  0.9774         1.253e-04       3.415e-04        137         2858.21 
  0.9775         1.219e-04       3.494e-04        138         2877.93 
  0.9776         1.202e-04       4.030e-04        139         2899.14 
  0.9777         1.215e-04       3.562e-04        140         2918.70 
  0.9779         1.212e-04       3.640e-04        141         2939.15 
  0.9780         1.209e-04       3.589e-04        142         2959.93 
  0.9781         1.194e-04       3.692e-04        143         2979.79 
  0.9782         1.192e-04       3.568e-04        144         3000.25 
  0.9783         1.217e-04       3.551e-04        145         3022.73 
  0.9785         1.238e-04       3.699e-04        146         3046.28 
  0.9786         1.242e-04       3.252e-04        147         3067.35 
  0.9787         1.224e-04       3.618e-04        148         3089.34 
  0.9788         1.219e-04       3.357e-04        149         3111.56 
  0.9789         1.197e-04       3.296e-04        150         3131.91 
  0.9789         1.158e-04       3.822e-04        151         3151.94 
  0.9790         1.133e-04       3.680e-04        152         3172.58 
  0.9791         1.116e-04       3.974e-04        153         3192.63 
  0.9792         1.089e-04       3.483e-04        154         3213.66 
  0.9793         1.071e-04       3.414e-04        155         3234.20 
  0.9794         1.055e-04       3.546e-04        156         3257.05 
  0.9795         1.046e-04       3.602e-04        157         3278.85 
  0.9796         1.047e-04       3.975e-04        158         3299.99 
  0.9797         1.059e-04       3.875e-04        159         3322.95 
  0.9798         1.040e-04       3.512e-04        160         3345.01 
  0.9799         1.027e-04       3.313e-04        161         3365.71 
  0.9800         1.016e-04       3.600e-04        162         3386.29 
  0.9801         1.009e-04       3.355e-04        163         3407.50 
  0.9802         9.942e-05       3.777e-04        164         3429.40 
  0.9803         9.721e-05       3.744e-04        165         3452.24 
  0.9804         9.492e-05       3.466e-04        166         3473.45 
  0.9805         9.288e-05       3.196e-04        167         3494.39 
  0.9806         9.265e-05       3.607e-04        168         3515.78 
  0.9806         9.162e-05       3.472e-04        169         3538.41 
  0.9807         9.149e-05       3.696e-04        170         3561.80 
  0.9808         9.167e-05       3.753e-04        171         3584.03 
  0.9809         9.125e-05       3.546e-04        172         3606.42 
  0.9809         9.062e-05       3.526e-04        173         3628.49 
  0.9810         9.020e-05       3.722e-04        174         3651.80 
  0.9811         9.083e-05       3.409e-04        175         3671.59 
  0.9812         9.054e-05       3.285e-04        176         3693.05 
  0.9813         8.978e-05       3.835e-04        177         3715.93 
  0.9814         8.935e-05       3.461e-04        178         3741.57 
  0.9815         8.772e-05       3.926e-04        179         3762.81 
  0.9816         8.822e-05       3.400e-04        180         3785.62 
  0.9817         8.758e-05       3.505e-04        181         3807.18 
  0.9817         8.624e-05       3.447e-04        182         3827.95 
  0.9818         8.555e-05       3.426e-04        183         3848.74 
  0.9819         8.503e-05       3.482e-04        184         3869.36 
  0.9820         8.436e-05       3.582e-04        185         3888.43 
  0.9821         8.352e-05       3.673e-04        186         3910.24 
  0.9821         8.337e-05       3.748e-04        187         3929.97 
  0.9822         8.414e-05       3.222e-04        188         3951.62 
  0.9823         8.379e-05       3.771e-04        189         3972.53 
  0.9824         8.541e-05       3.371e-04        190         3993.56 
  0.9825         8.518e-05       3.657e-04        191         4016.67 
  0.9826         8.506e-05       3.544e-04        192         4037.85 
  0.9826         8.505e-05       3.364e-04        193         4060.58 
  0.9827         8.362e-05       3.409e-04        194         4083.43 
  0.9828         8.223e-05       3.454e-04        195         4105.82 
  0.9829         8.214e-05       3.931e-04        196         4127.82 
  0.9829         8.332e-05       3.366e-04        197         4150.99 
  0.9830         8.223e-05       3.282e-04        198         4172.75 
