 Goodness |  Improvement/step |  Step Size  |  Iterations  |  CPU Time
  0.0842         1.004e+00       4.561e-03          1          1.60 
  0.0943         9.547e-01       3.767e-03          2          2.69 
  0.1030         9.051e-01       1.191e-03          3          3.75 
  0.1078         8.554e-01       1.565e-03          4          5.18 
  0.1733         8.087e-01       4.950e-04          5          6.24 
  0.1801         7.590e-01       9.725e-04          6          7.75 
  0.2138         7.107e-01       9.625e-04          7          8.83 
  0.2552         6.628e-01       9.676e-04          8          9.89 
  0.2781         6.139e-01       9.889e-04          9         10.96 
  0.2888         5.644e-01       1.079e-03         10         12.02 
  0.2995         5.150e-01       1.210e-03         11         13.09 
  0.3096         4.655e-01       1.163e-03         12         14.16 
  0.3316         4.166e-01       9.806e-04         13         15.27 
  0.3488         3.674e-01       1.015e-03         14         16.38 
  0.3546         3.177e-01       1.372e-03         15         17.78 
  0.3718         2.686e-01       1.039e-03         16         18.85 
  0.3849         2.192e-01       1.439e-03         17         19.91 
  0.4092         1.705e-01       4.549e-04         18         21.06 
  0.4152         1.208e-01       6.294e-04         19         22.13 
  0.4371         7.186e-02       6.222e-04         20         23.20 
  0.4435         1.796e-02       9.554e-04         21         24.59 
  0.4494         1.776e-02       8.953e-04         22         25.67 
  0.4541         1.755e-02       1.074e-03         23         26.74 
  0.4581         1.752e-02       1.125e-03         24         27.80 
  0.4625         1.446e-02       1.126e-03         25         28.87 
  0.4693         1.446e-02       1.182e-03         26         29.93 
  0.4751         1.306e-02       1.258e-03         27         31.12 
  0.4778         1.113e-02       1.250e-03         28         32.19 
  0.4794         1.007e-02       1.304e-03         29         33.26 
  0.4817         9.646e-03       1.259e-03         30         34.43 
  0.4857         9.313e-03       1.143e-03         31         35.50 
  0.4882         8.931e-03       1.167e-03         32         36.57 
  0.4911         7.973e-03       1.097e-03         33         37.63 
  0.4932         7.218e-03       1.135e-03         34         38.70 
  0.4962         7.078e-03       1.425e-03         35         39.76 
  0.5005         6.435e-03       1.387e-03         36         40.83 
  0.5052         6.016e-03       1.296e-03         37         41.90 
  0.5143         5.257e-03       1.326e-03         38         42.96 
  0.5253         5.504e-03       1.105e-03         39         44.03 
  0.5315         4.718e-03       1.098e-03         40         45.09 
  0.5356         4.601e-03       1.062e-03         41         46.16 
  0.5392         4.489e-03       1.060e-03         42         47.22 
  0.5428         4.436e-03       1.162e-03         43         48.29 
  0.5462         4.402e-03       1.197e-03         44         49.37 
  0.5492         4.335e-03       1.072e-03         45         50.54 
  0.5520         4.135e-03       1.198e-03         46         51.61 
  0.5552         4.006e-03       1.245e-03         47         52.67 
  0.5580         4.008e-03       1.068e-03         48         53.75 
  0.5599         4.025e-03       1.026e-03         49         54.82 
  0.5620         4.015e-03       1.233e-03         50         55.98 
  0.5645         3.940e-03       1.153e-03         51         57.07 
  0.5671         3.943e-03       1.147e-03         52         58.37 
  0.5698         3.936e-03       9.718e-04         53         60.80 
  0.5716         3.919e-03       1.156e-03         54         62.52 
  0.5740         3.892e-03       1.083e-03         55         63.58 
  0.5769         3.818e-03       1.174e-03         56         64.66 
  0.5802         3.751e-03       1.172e-03         57         65.73 
  0.5835         3.463e-03       1.034e-03         58         66.84 
  0.5875         3.111e-03       1.246e-03         59         67.90 
  0.5935         3.101e-03       1.022e-03         60         68.97 
  0.5996         3.203e-03       1.297e-03         61         70.03 
  0.6100         3.541e-03       9.388e-04         62         71.11 
  0.6162         3.673e-03       1.050e-03         63         72.17 
  0.6247         3.923e-03       9.629e-04         64         73.24 
  0.6317         4.125e-03       9.484e-04         65         74.30 
  0.6387         4.339e-03       1.050e-03         66         75.37 
  0.6463         4.552e-03       8.944e-04         67         76.49 
  0.6527         4.737e-03       8.545e-04         68         77.55 
  0.6575         4.877e-03       8.701e-04         69         78.62 
  0.6610         4.951e-03       8.356e-04         70         79.68 
  0.6639         4.971e-03       9.257e-04         71         80.77 
  0.6667         4.983e-03       8.504e-04         72         81.85 
  0.6688         4.950e-03       9.139e-04         73         82.93 
  0.6709         4.969e-03       9.888e-04         74         83.99 
  0.6729         4.943e-03       9.559e-04         75         85.06 
  0.6753         4.922e-03       1.043e-03         76         86.13 
  0.6781         4.891e-03       9.296e-04         77         87.19 
  0.6803         4.838e-03       9.400e-04         78         88.26 
  0.6828         4.766e-03       8.998e-04         79         89.32 
  0.6846         4.557e-03       8.812e-04         80         90.39 
  0.6863         4.332e-03       8.882e-04         81         91.45 
  0.6877         3.886e-03       9.070e-04         82         92.52 
  0.6891         3.644e-03       9.301e-04         83         93.58 
  0.6906         3.297e-03       9.408e-04         84         94.66 
  0.6921         3.017e-03       8.769e-04         85         95.73 
  0.6934         2.732e-03       9.140e-04         86         96.79 
  0.6946         2.414e-03       8.173e-04         87         97.85 
  0.6954         2.134e-03       9.123e-04         88         98.92 
  0.6963         1.940e-03       9.380e-04         89         100.00 
  0.6971         1.804e-03       8.915e-04         90         101.09 
  0.6980         1.703e-03       9.361e-04         91         102.15 
  0.6988         1.604e-03       9.047e-04         92         103.22 
  0.6995         1.534e-03       9.221e-04         93         104.36 
  0.7003         1.468e-03       9.673e-04         94         105.49 
  0.7011         1.410e-03       8.577e-04         95         106.55 
  0.7017         1.317e-03       8.886e-04         96         107.61 
  0.7023         1.211e-03       1.031e-03         97         108.68 
  0.7030         1.136e-03       8.194e-04         98         109.75 
  0.7036         1.037e-03       9.313e-04         99         110.82 
  0.7041         9.723e-04       9.557e-04        100         111.89 
  0.7046         9.169e-04       8.955e-04        101         112.96 
  0.7051         8.698e-04       1.000e-03        102         114.03 
  0.7057         8.303e-04       8.469e-04        103         115.09 
  0.7062         7.797e-04       9.072e-04        104         116.16 
  0.7066         7.277e-04       8.514e-04        105         117.22 
  0.7069         6.780e-04       9.332e-04        106         118.30 
  0.7073         6.379e-04       9.435e-04        107         119.37 
  0.7077         6.156e-04       9.517e-04        108         120.43 
  0.7082         5.943e-04       9.879e-04        109         121.50 
  0.7086         5.743e-04       8.710e-04        110         122.56 
  0.7090         5.499e-04       9.668e-04        111         123.62 
  0.7095         5.319e-04       9.119e-04        112         124.73 
  0.7098         5.163e-04       8.719e-04        113         125.82 
  0.7102         4.932e-04       9.469e-04        114         126.95 
  0.7105         4.717e-04       9.173e-04        115         128.05 
  0.7108         4.577e-04       8.820e-04        116         129.20 
  0.7112         4.449e-04       1.028e-03        117         130.27 
  0.7116         4.261e-04       8.756e-04        118         131.33 
  0.7119         4.163e-04       9.556e-04        119         133.17 
  0.7122         4.066e-04       8.720e-04        120         135.36 
  0.7125         3.970e-04       9.535e-04        121         136.78 
  0.7128         3.856e-04       8.950e-04        122         137.93 
  0.7131         3.681e-04       9.068e-04        123         140.58 
  0.7134         3.603e-04       9.937e-04        124         142.05 
  0.7137         3.528e-04       9.133e-04        125         142.95 
  0.7139         3.475e-04       8.971e-04        126         143.82 
  0.7142         3.416e-04       9.955e-04        127         145.25 
  0.7144         3.372e-04       9.013e-04        128         147.54 
  0.7147         3.249e-04       9.789e-04        129         149.22 
  0.7149         3.170e-04       9.000e-04        130         151.74 
  0.7152         3.092e-04       9.658e-04        131         153.22 
  0.7155         3.011e-04       9.024e-04        132         154.27 
  0.7157         2.944e-04       9.194e-04        133         155.39 
  0.7159         2.890e-04       1.041e-03        134         156.32 
  0.7163         2.861e-04       8.783e-04        135         157.44 
  0.7165         2.831e-04       9.559e-04        136         159.69 
  0.7168         2.799e-04       9.965e-04        137         161.23 
  0.7170         2.736e-04       8.409e-04        138         162.72 
  0.7172         2.666e-04       1.000e-03        139         164.55 
  0.7175         2.640e-04       1.061e-03        140         165.78 
  0.7177         2.604e-04       9.141e-04        141         166.80 
  0.7179         2.547e-04       9.224e-04        142         167.86 
  0.7181         2.526e-04       8.861e-04        143         168.92 
  0.7183         2.468e-04       1.083e-03        144         170.37 
  0.7186         2.465e-04       1.051e-03        145         172.27 
