##TITLE= Gaussian
##JCAPM-DX= 5.00 Bruker JCAMP library
##DATA TYPE= Shape Pulses 
##ORIGIN= Colm Fixed Pulses 
##OWNER= Jun Li
##DATE= 
##TIME= 
##MINX= 1.361982e-01
##MAXX= 7.055241e+01
##MINY= 0.000000e+00
##MAXY= 0.000000e+00
##$SHAPE_EXMODE= None
##$SHAPE_TOTROT= 9.000000e+01
##$SHAPE_BWFAC= 1.000000e+00
##$SHAPE_INTEGFAC= 1.000000e+00
##$SHAPE_MODE= 1
##NPOINTS= 1000
##XYPOINTS= (XY..XY)
0.139643e+000, 0.000000e+000 
0.143167e+000, 0.000000e+000 
0.146773e+000, 0.000000e+000 
0.150462e+000, 0.000000e+000 
0.154236e+000, 0.000000e+000 
0.158097e+000, 0.000000e+000 
0.162047e+000, 0.000000e+000 
0.166087e+000, 0.000000e+000 
0.170219e+000, 0.000000e+000 
0.174445e+000, 0.000000e+000 
0.178768e+000, 0.000000e+000 
0.183188e+000, 0.000000e+000 
0.187708e+000, 0.000000e+000 
0.192330e+000, 0.000000e+000 
0.197056e+000, 0.000000e+000 
0.201888e+000, 0.000000e+000 
0.206828e+000, 0.000000e+000 
0.211878e+000, 0.000000e+000 
0.217041e+000, 0.000000e+000 
0.222319e+000, 0.000000e+000 
0.227713e+000, 0.000000e+000 
0.233227e+000, 0.000000e+000 
0.238862e+000, 0.000000e+000 
0.244621e+000, 0.000000e+000 
0.250507e+000, 0.000000e+000 
0.256521e+000, 0.000000e+000 
0.262667e+000, 0.000000e+000 
0.268946e+000, 0.000000e+000 
0.275362e+000, 0.000000e+000 
0.281917e+000, 0.000000e+000 
0.288613e+000, 0.000000e+000 
0.295453e+000, 0.000000e+000 
0.302441e+000, 0.000000e+000 
0.309578e+000, 0.000000e+000 
0.316868e+000, 0.000000e+000 
0.324314e+000, 0.000000e+000 
0.331917e+000, 0.000000e+000 
0.339682e+000, 0.000000e+000 
0.347612e+000, 0.000000e+000 
0.355708e+000, 0.000000e+000 
0.363975e+000, 0.000000e+000 
0.372416e+000, 0.000000e+000 
0.381033e+000, 0.000000e+000 
0.389830e+000, 0.000000e+000 
0.398810e+000, 0.000000e+000 
0.407977e+000, 0.000000e+000 
0.417334e+000, 0.000000e+000 
0.426883e+000, 0.000000e+000 
0.436630e+000, 0.000000e+000 
0.446577e+000, 0.000000e+000 
0.456727e+000, 0.000000e+000 
0.467085e+000, 0.000000e+000 
0.477654e+000, 0.000000e+000 
0.488437e+000, 0.000000e+000 
0.499439e+000, 0.000000e+000 
0.510664e+000, 0.000000e+000 
0.522114e+000, 0.000000e+000 
0.533795e+000, 0.000000e+000 
0.545709e+000, 0.000000e+000 
0.557862e+000, 0.000000e+000 
0.570256e+000, 0.000000e+000 
0.582897e+000, 0.000000e+000 
0.595789e+000, 0.000000e+000 
0.608935e+000, 0.000000e+000 
0.622340e+000, 0.000000e+000 
0.636008e+000, 0.000000e+000 
0.649944e+000, 0.000000e+000 
0.664152e+000, 0.000000e+000 
0.678637e+000, 0.000000e+000 
0.693403e+000, 0.000000e+000 
0.708455e+000, 0.000000e+000 
0.723797e+000, 0.000000e+000 
0.739435e+000, 0.000000e+000 
0.755373e+000, 0.000000e+000 
0.771615e+000, 0.000000e+000 
0.788168e+000, 0.000000e+000 
0.805035e+000, 0.000000e+000 
0.822223e+000, 0.000000e+000 
0.839735e+000, 0.000000e+000 
0.857577e+000, 0.000000e+000 
0.875755e+000, 0.000000e+000 
0.894273e+000, 0.000000e+000 
0.913137e+000, 0.000000e+000 
0.932353e+000, 0.000000e+000 
0.951925e+000, 0.000000e+000 
0.971859e+000, 0.000000e+000 
0.992162e+000, 0.000000e+000 
1.012838e+000, 0.000000e+000 
1.033893e+000, 0.000000e+000 
1.055332e+000, 0.000000e+000 
1.077163e+000, 0.000000e+000 
1.099390e+000, 0.000000e+000 
1.122020e+000, 0.000000e+000 
1.145059e+000, 0.000000e+000 
1.168512e+000, 0.000000e+000 
1.192385e+000, 0.000000e+000 
1.216686e+000, 0.000000e+000 
1.241420e+000, 0.000000e+000 
1.266593e+000, 0.000000e+000 
1.292212e+000, 0.000000e+000 
1.318284e+000, 0.000000e+000 
1.344814e+000, 0.000000e+000 
1.371810e+000, 0.000000e+000 
1.399277e+000, 0.000000e+000 
1.427223e+000, 0.000000e+000 
1.455655e+000, 0.000000e+000 
1.484578e+000, 0.000000e+000 
1.514001e+000, 0.000000e+000 
1.543930e+000, 0.000000e+000 
1.574371e+000, 0.000000e+000 
1.605332e+000, 0.000000e+000 
1.636821e+000, 0.000000e+000 
1.668843e+000, 0.000000e+000 
1.701408e+000, 0.000000e+000 
1.734520e+000, 0.000000e+000 
1.768189e+000, 0.000000e+000 
1.802421e+000, 0.000000e+000 
1.837224e+000, 0.000000e+000 
1.872606e+000, 0.000000e+000 
1.908573e+000, 0.000000e+000 
1.945134e+000, 0.000000e+000 
1.982296e+000, 0.000000e+000 
2.020067e+000, 0.000000e+000 
2.058455e+000, 0.000000e+000 
2.097468e+000, 0.000000e+000 
2.137113e+000, 0.000000e+000 
2.177399e+000, 0.000000e+000 
2.218333e+000, 0.000000e+000 
2.259923e+000, 0.000000e+000 
2.302179e+000, 0.000000e+000 
2.345107e+000, 0.000000e+000 
2.388716e+000, 0.000000e+000 
2.433014e+000, 0.000000e+000 
2.478010e+000, 0.000000e+000 
2.523712e+000, 0.000000e+000 
2.570128e+000, 0.000000e+000 
2.617268e+000, 0.000000e+000 
2.665138e+000, 0.000000e+000 
2.713748e+000, 0.000000e+000 
2.763107e+000, 0.000000e+000 
2.813223e+000, 0.000000e+000 
2.864105e+000, 0.000000e+000 
2.915761e+000, 0.000000e+000 
2.968200e+000, 0.000000e+000 
3.021432e+000, 0.000000e+000 
3.075464e+000, 0.000000e+000 
3.130306e+000, 0.000000e+000 
3.185967e+000, 0.000000e+000 
3.242455e+000, 0.000000e+000 
3.299780e+000, 0.000000e+000 
3.357951e+000, 0.000000e+000 
3.416976e+000, 0.000000e+000 
3.476864e+000, 0.000000e+000 
3.537626e+000, 0.000000e+000 
3.599269e+000, 0.000000e+000 
3.661804e+000, 0.000000e+000 
3.725238e+000, 0.000000e+000 
3.789582e+000, 0.000000e+000 
3.854845e+000, 0.000000e+000 
3.921036e+000, 0.000000e+000 
3.988164e+000, 0.000000e+000 
4.056238e+000, 0.000000e+000 
4.125267e+000, 0.000000e+000 
4.195262e+000, 0.000000e+000 
4.266231e+000, 0.000000e+000 
4.338184e+000, 0.000000e+000 
4.411130e+000, 0.000000e+000 
4.485078e+000, 0.000000e+000 
4.560038e+000, 0.000000e+000 
4.636018e+000, 0.000000e+000 
4.713029e+000, 0.000000e+000 
4.791080e+000, 0.000000e+000 
4.870180e+000, 0.000000e+000 
4.950338e+000, 0.000000e+000 
5.031564e+000, 0.000000e+000 
5.113867e+000, 0.000000e+000 
5.197256e+000, 0.000000e+000 
5.281741e+000, 0.000000e+000 
5.367331e+000, 0.000000e+000 
5.454036e+000, 0.000000e+000 
5.541864e+000, 0.000000e+000 
5.630824e+000, 0.000000e+000 
5.720927e+000, 0.000000e+000 
5.812181e+000, 0.000000e+000 
5.904595e+000, 0.000000e+000 
5.998179e+000, 0.000000e+000 
6.092941e+000, 0.000000e+000 
6.188891e+000, 0.000000e+000 
6.286037e+000, 0.000000e+000 
6.384389e+000, 0.000000e+000 
6.483956e+000, 0.000000e+000 
6.584747e+000, 0.000000e+000 
6.686769e+000, 0.000000e+000 
6.790033e+000, 0.000000e+000 
6.894547e+000, 0.000000e+000 
7.000320e+000, 0.000000e+000 
7.107360e+000, 0.000000e+000 
7.215676e+000, 0.000000e+000 
7.325276e+000, 0.000000e+000 
7.436169e+000, 0.000000e+000 
7.548364e+000, 0.000000e+000 
7.661868e+000, 0.000000e+000 
7.776690e+000, 0.000000e+000 
7.892839e+000, 0.000000e+000 
8.010321e+000, 0.000000e+000 
8.129146e+000, 0.000000e+000 
8.249321e+000, 0.000000e+000 
8.370854e+000, 0.000000e+000 
8.493752e+000, 0.000000e+000 
8.618024e+000, 0.000000e+000 
8.743677e+000, 0.000000e+000 
8.870719e+000, 0.000000e+000 
8.999157e+000, 0.000000e+000 
9.128997e+000, 0.000000e+000 
9.260248e+000, 0.000000e+000 
9.392917e+000, 0.000000e+000 
9.527009e+000, 0.000000e+000 
9.662533e+000, 0.000000e+000 
9.799495e+000, 0.000000e+000 
9.937901e+000, 0.000000e+000 
10.077758e+000, 0.000000e+000 
10.219073e+000, 0.000000e+000 
10.361851e+000, 0.000000e+000 
10.506098e+000, 0.000000e+000 
10.651821e+000, 0.000000e+000 
10.799025e+000, 0.000000e+000 
10.947716e+000, 0.000000e+000 
11.097899e+000, 0.000000e+000 
11.249581e+000, 0.000000e+000 
11.402765e+000, 0.000000e+000 
11.557457e+000, 0.000000e+000 
11.713662e+000, 0.000000e+000 
11.871385e+000, 0.000000e+000 
12.030629e+000, 0.000000e+000 
12.191401e+000, 0.000000e+000 
12.353703e+000, 0.000000e+000 
12.517540e+000, 0.000000e+000 
12.682916e+000, 0.000000e+000 
12.849833e+000, 0.000000e+000 
13.018297e+000, 0.000000e+000 
13.188310e+000, 0.000000e+000 
13.359876e+000, 0.000000e+000 
13.532996e+000, 0.000000e+000 
13.707674e+000, 0.000000e+000 
13.883913e+000, 0.000000e+000 
14.061715e+000, 0.000000e+000 
14.241082e+000, 0.000000e+000 
14.422015e+000, 0.000000e+000 
14.604517e+000, 0.000000e+000 
14.788589e+000, 0.000000e+000 
14.974232e+000, 0.000000e+000 
15.161447e+000, 0.000000e+000 
15.350236e+000, 0.000000e+000 
15.540598e+000, 0.000000e+000 
15.732535e+000, 0.000000e+000 
15.926046e+000, 0.000000e+000 
16.121130e+000, 0.000000e+000 
16.317789e+000, 0.000000e+000 
16.516021e+000, 0.000000e+000 
16.715825e+000, 0.000000e+000 
16.917200e+000, 0.000000e+000 
17.120145e+000, 0.000000e+000 
17.324659e+000, 0.000000e+000 
17.530739e+000, 0.000000e+000 
17.738384e+000, 0.000000e+000 
17.947590e+000, 0.000000e+000 
18.158356e+000, 0.000000e+000 
18.370679e+000, 0.000000e+000 
18.584555e+000, 0.000000e+000 
18.799981e+000, 0.000000e+000 
19.016953e+000, 0.000000e+000 
19.235468e+000, 0.000000e+000 
19.455520e+000, 0.000000e+000 
19.677106e+000, 0.000000e+000 
19.900221e+000, 0.000000e+000 
20.124860e+000, 0.000000e+000 
20.351016e+000, 0.000000e+000 
20.578685e+000, 0.000000e+000 
20.807861e+000, 0.000000e+000 
21.038537e+000, 0.000000e+000 
21.270707e+000, 0.000000e+000 
21.504363e+000, 0.000000e+000 
21.739499e+000, 0.000000e+000 
21.976108e+000, 0.000000e+000 
22.214181e+000, 0.000000e+000 
22.453710e+000, 0.000000e+000 
22.694687e+000, 0.000000e+000 
22.937104e+000, 0.000000e+000 
23.180951e+000, 0.000000e+000 
23.426219e+000, 0.000000e+000 
23.672898e+000, 0.000000e+000 
23.920979e+000, 0.000000e+000 
24.170451e+000, 0.000000e+000 
24.421304e+000, 0.000000e+000 
24.673526e+000, 0.000000e+000 
24.927107e+000, 0.000000e+000 
25.182035e+000, 0.000000e+000 
25.438298e+000, 0.000000e+000 
25.695885e+000, 0.000000e+000 
25.954782e+000, 0.000000e+000 
26.214976e+000, 0.000000e+000 
26.476455e+000, 0.000000e+000 
26.739205e+000, 0.000000e+000 
27.003213e+000, 0.000000e+000 
27.268464e+000, 0.000000e+000 
27.534943e+000, 0.000000e+000 
27.802636e+000, 0.000000e+000 
28.071529e+000, 0.000000e+000 
28.341605e+000, 0.000000e+000 
28.612848e+000, 0.000000e+000 
28.885243e+000, 0.000000e+000 
29.158774e+000, 0.000000e+000 
29.433423e+000, 0.000000e+000 
29.709173e+000, 0.000000e+000 
29.986007e+000, 0.000000e+000 
30.263908e+000, 0.000000e+000 
30.542857e+000, 0.000000e+000 
30.822836e+000, 0.000000e+000 
31.103827e+000, 0.000000e+000 
31.385809e+000, 0.000000e+000 
31.668765e+000, 0.000000e+000 
31.952673e+000, 0.000000e+000 
32.237515e+000, 0.000000e+000 
32.523271e+000, 0.000000e+000 
32.809918e+000, 0.000000e+000 
33.097437e+000, 0.000000e+000 
33.385806e+000, 0.000000e+000 
33.675004e+000, 0.000000e+000 
33.965009e+000, 0.000000e+000 
34.255799e+000, 0.000000e+000 
34.547350e+000, 0.000000e+000 
34.839641e+000, 0.000000e+000 
35.132648e+000, 0.000000e+000 
35.426349e+000, 0.000000e+000 
35.720718e+000, 0.000000e+000 
36.015732e+000, 0.000000e+000 
36.311368e+000, 0.000000e+000 
36.607599e+000, 0.000000e+000 
36.904402e+000, 0.000000e+000 
37.201752e+000, 0.000000e+000 
37.499622e+000, 0.000000e+000 
37.797987e+000, 0.000000e+000 
38.096821e+000, 0.000000e+000 
38.396098e+000, 0.000000e+000 
38.695792e+000, 0.000000e+000 
38.995874e+000, 0.000000e+000 
39.296319e+000, 0.000000e+000 
39.597099e+000, 0.000000e+000 
39.898186e+000, 0.000000e+000 
40.199552e+000, 0.000000e+000 
40.501170e+000, 0.000000e+000 
40.803010e+000, 0.000000e+000 
41.105045e+000, 0.000000e+000 
41.407244e+000, 0.000000e+000 
41.709581e+000, 0.000000e+000 
42.012024e+000, 0.000000e+000 
42.314544e+000, 0.000000e+000 
42.617112e+000, 0.000000e+000 
42.919697e+000, 0.000000e+000 
43.222269e+000, 0.000000e+000 
43.524798e+000, 0.000000e+000 
43.827254e+000, 0.000000e+000 
44.129604e+000, 0.000000e+000 
44.431819e+000, 0.000000e+000 
44.733866e+000, 0.000000e+000 
45.035715e+000, 0.000000e+000 
45.337334e+000, 0.000000e+000 
45.638691e+000, 0.000000e+000 
45.939754e+000, 0.000000e+000 
46.240491e+000, 0.000000e+000 
46.540870e+000, 0.000000e+000 
46.840858e+000, 0.000000e+000 
47.140422e+000, 0.000000e+000 
47.439530e+000, 0.000000e+000 
47.738149e+000, 0.000000e+000 
48.036246e+000, 0.000000e+000 
48.333788e+000, 0.000000e+000 
48.630741e+000, 0.000000e+000 
48.927071e+000, 0.000000e+000 
49.222747e+000, 0.000000e+000 
49.517733e+000, 0.000000e+000 
49.811997e+000, 0.000000e+000 
50.105503e+000, 0.000000e+000 
50.398220e+000, 0.000000e+000 
50.690111e+000, 0.000000e+000 
50.981145e+000, 0.000000e+000 
51.271285e+000, 0.000000e+000 
51.560499e+000, 0.000000e+000 
51.848751e+000, 0.000000e+000 
52.136008e+000, 0.000000e+000 
52.422236e+000, 0.000000e+000 
52.707399e+000, 0.000000e+000 
52.991464e+000, 0.000000e+000 
53.274397e+000, 0.000000e+000 
53.556162e+000, 0.000000e+000 
53.836725e+000, 0.000000e+000 
54.116052e+000, 0.000000e+000 
54.394109e+000, 0.000000e+000 
54.670860e+000, 0.000000e+000 
54.946273e+000, 0.000000e+000 
55.220312e+000, 0.000000e+000 
55.492943e+000, 0.000000e+000 
55.764131e+000, 0.000000e+000 
56.033843e+000, 0.000000e+000 
56.302045e+000, 0.000000e+000 
56.568701e+000, 0.000000e+000 
56.833779e+000, 0.000000e+000 
57.097244e+000, 0.000000e+000 
57.359062e+000, 0.000000e+000 
57.619200e+000, 0.000000e+000 
57.877624e+000, 0.000000e+000 
58.134300e+000, 0.000000e+000 
58.389195e+000, 0.000000e+000 
58.642275e+000, 0.000000e+000 
58.893507e+000, 0.000000e+000 
59.142859e+000, 0.000000e+000 
59.390296e+000, 0.000000e+000 
59.635787e+000, 0.000000e+000 
59.879299e+000, 0.000000e+000 
60.120799e+000, 0.000000e+000 
60.360255e+000, 0.000000e+000 
60.597634e+000, 0.000000e+000 
60.832906e+000, 0.000000e+000 
61.066037e+000, 0.000000e+000 
61.296997e+000, 0.000000e+000 
61.525754e+000, 0.000000e+000 
61.752277e+000, 0.000000e+000 
61.976535e+000, 0.000000e+000 
62.198498e+000, 0.000000e+000 
62.418135e+000, 0.000000e+000 
62.635415e+000, 0.000000e+000 
62.850309e+000, 0.000000e+000 
63.062787e+000, 0.000000e+000 
63.272820e+000, 0.000000e+000 
63.480378e+000, 0.000000e+000 
63.685433e+000, 0.000000e+000 
63.887955e+000, 0.000000e+000 
64.087918e+000, 0.000000e+000 
64.285291e+000, 0.000000e+000 
64.480049e+000, 0.000000e+000 
64.672162e+000, 0.000000e+000 
64.861605e+000, 0.000000e+000 
65.048351e+000, 0.000000e+000 
65.232372e+000, 0.000000e+000 
65.413643e+000, 0.000000e+000 
65.592139e+000, 0.000000e+000 
65.767833e+000, 0.000000e+000 
65.940700e+000, 0.000000e+000 
66.110716e+000, 0.000000e+000 
66.277856e+000, 0.000000e+000 
66.442097e+000, 0.000000e+000 
66.603415e+000, 0.000000e+000 
66.761786e+000, 0.000000e+000 
66.917188e+000, 0.000000e+000 
67.069598e+000, 0.000000e+000 
67.218994e+000, 0.000000e+000 
67.365354e+000, 0.000000e+000 
67.508658e+000, 0.000000e+000 
67.648884e+000, 0.000000e+000 
67.786011e+000, 0.000000e+000 
67.920021e+000, 0.000000e+000 
68.050893e+000, 0.000000e+000 
68.178608e+000, 0.000000e+000 
68.303148e+000, 0.000000e+000 
68.424493e+000, 0.000000e+000 
68.542628e+000, 0.000000e+000 
68.657533e+000, 0.000000e+000 
68.769192e+000, 0.000000e+000 
68.877589e+000, 0.000000e+000 
68.982707e+000, 0.000000e+000 
69.084532e+000, 0.000000e+000 
69.183047e+000, 0.000000e+000 
69.278239e+000, 0.000000e+000 
69.370094e+000, 0.000000e+000 
69.458597e+000, 0.000000e+000 
69.543736e+000, 0.000000e+000 
69.625498e+000, 0.000000e+000 
69.703871e+000, 0.000000e+000 
69.778843e+000, 0.000000e+000 
69.850403e+000, 0.000000e+000 
69.918540e+000, 0.000000e+000 
69.983245e+000, 0.000000e+000 
70.044507e+000, 0.000000e+000 
70.102317e+000, 0.000000e+000 
70.156668e+000, 0.000000e+000 
70.207550e+000, 0.000000e+000 
70.254956e+000, 0.000000e+000 
70.298879e+000, 0.000000e+000 
70.339312e+000, 0.000000e+000 
70.376250e+000, 0.000000e+000 
70.409687e+000, 0.000000e+000 
70.439617e+000, 0.000000e+000 
70.466037e+000, 0.000000e+000 
70.488942e+000, 0.000000e+000 
70.508330e+000, 0.000000e+000 
70.524196e+000, 0.000000e+000 
70.536538e+000, 0.000000e+000 
70.545356e+000, 0.000000e+000 
70.550647e+000, 0.000000e+000 
70.552411e+000, 0.000000e+000 
70.550647e+000, 0.000000e+000 
70.545356e+000, 0.000000e+000 
70.536538e+000, 0.000000e+000 
70.524196e+000, 0.000000e+000 
70.508330e+000, 0.000000e+000 
70.488942e+000, 0.000000e+000 
70.466037e+000, 0.000000e+000 
70.439617e+000, 0.000000e+000 
70.409687e+000, 0.000000e+000 
70.376250e+000, 0.000000e+000 
70.339312e+000, 0.000000e+000 
70.298879e+000, 0.000000e+000 
70.254956e+000, 0.000000e+000 
70.207550e+000, 0.000000e+000 
70.156668e+000, 0.000000e+000 
70.102317e+000, 0.000000e+000 
70.044507e+000, 0.000000e+000 
69.983245e+000, 0.000000e+000 
69.918540e+000, 0.000000e+000 
69.850403e+000, 0.000000e+000 
69.778843e+000, 0.000000e+000 
69.703871e+000, 0.000000e+000 
69.625498e+000, 0.000000e+000 
69.543736e+000, 0.000000e+000 
69.458597e+000, 0.000000e+000 
69.370094e+000, 0.000000e+000 
69.278239e+000, 0.000000e+000 
69.183047e+000, 0.000000e+000 
69.084532e+000, 0.000000e+000 
68.982707e+000, 0.000000e+000 
68.877589e+000, 0.000000e+000 
68.769192e+000, 0.000000e+000 
68.657533e+000, 0.000000e+000 
68.542628e+000, 0.000000e+000 
68.424493e+000, 0.000000e+000 
68.303148e+000, 0.000000e+000 
68.178608e+000, 0.000000e+000 
68.050893e+000, 0.000000e+000 
67.920021e+000, 0.000000e+000 
67.786011e+000, 0.000000e+000 
67.648884e+000, 0.000000e+000 
67.508658e+000, 0.000000e+000 
67.365354e+000, 0.000000e+000 
67.218994e+000, 0.000000e+000 
67.069598e+000, 0.000000e+000 
66.917188e+000, 0.000000e+000 
66.761786e+000, 0.000000e+000 
66.603415e+000, 0.000000e+000 
66.442097e+000, 0.000000e+000 
66.277856e+000, 0.000000e+000 
66.110716e+000, 0.000000e+000 
65.940700e+000, 0.000000e+000 
65.767833e+000, 0.000000e+000 
65.592139e+000, 0.000000e+000 
65.413643e+000, 0.000000e+000 
65.232372e+000, 0.000000e+000 
65.048351e+000, 0.000000e+000 
64.861605e+000, 0.000000e+000 
64.672162e+000, 0.000000e+000 
64.480049e+000, 0.000000e+000 
64.285291e+000, 0.000000e+000 
64.087918e+000, 0.000000e+000 
63.887955e+000, 0.000000e+000 
63.685433e+000, 0.000000e+000 
63.480378e+000, 0.000000e+000 
63.272820e+000, 0.000000e+000 
63.062787e+000, 0.000000e+000 
62.850309e+000, 0.000000e+000 
62.635415e+000, 0.000000e+000 
62.418135e+000, 0.000000e+000 
62.198498e+000, 0.000000e+000 
61.976535e+000, 0.000000e+000 
61.752277e+000, 0.000000e+000 
61.525754e+000, 0.000000e+000 
61.296997e+000, 0.000000e+000 
61.066037e+000, 0.000000e+000 
60.832906e+000, 0.000000e+000 
60.597634e+000, 0.000000e+000 
60.360255e+000, 0.000000e+000 
60.120799e+000, 0.000000e+000 
59.879299e+000, 0.000000e+000 
59.635787e+000, 0.000000e+000 
59.390296e+000, 0.000000e+000 
59.142859e+000, 0.000000e+000 
58.893507e+000, 0.000000e+000 
58.642275e+000, 0.000000e+000 
58.389195e+000, 0.000000e+000 
58.134300e+000, 0.000000e+000 
57.877624e+000, 0.000000e+000 
57.619200e+000, 0.000000e+000 
57.359062e+000, 0.000000e+000 
57.097244e+000, 0.000000e+000 
56.833779e+000, 0.000000e+000 
56.568701e+000, 0.000000e+000 
56.302045e+000, 0.000000e+000 
56.033843e+000, 0.000000e+000 
55.764131e+000, 0.000000e+000 
55.492943e+000, 0.000000e+000 
55.220312e+000, 0.000000e+000 
54.946273e+000, 0.000000e+000 
54.670860e+000, 0.000000e+000 
54.394109e+000, 0.000000e+000 
54.116052e+000, 0.000000e+000 
53.836725e+000, 0.000000e+000 
53.556162e+000, 0.000000e+000 
53.274397e+000, 0.000000e+000 
52.991464e+000, 0.000000e+000 
52.707399e+000, 0.000000e+000 
52.422236e+000, 0.000000e+000 
52.136008e+000, 0.000000e+000 
51.848751e+000, 0.000000e+000 
51.560499e+000, 0.000000e+000 
51.271285e+000, 0.000000e+000 
50.981145e+000, 0.000000e+000 
50.690111e+000, 0.000000e+000 
50.398220e+000, 0.000000e+000 
50.105503e+000, 0.000000e+000 
49.811997e+000, 0.000000e+000 
49.517733e+000, 0.000000e+000 
49.222747e+000, 0.000000e+000 
48.927071e+000, 0.000000e+000 
48.630741e+000, 0.000000e+000 
48.333788e+000, 0.000000e+000 
48.036246e+000, 0.000000e+000 
47.738149e+000, 0.000000e+000 
47.439530e+000, 0.000000e+000 
47.140422e+000, 0.000000e+000 
46.840858e+000, 0.000000e+000 
46.540870e+000, 0.000000e+000 
46.240491e+000, 0.000000e+000 
45.939754e+000, 0.000000e+000 
45.638691e+000, 0.000000e+000 
45.337334e+000, 0.000000e+000 
45.035715e+000, 0.000000e+000 
44.733866e+000, 0.000000e+000 
44.431819e+000, 0.000000e+000 
44.129604e+000, 0.000000e+000 
43.827254e+000, 0.000000e+000 
43.524798e+000, 0.000000e+000 
43.222269e+000, 0.000000e+000 
42.919697e+000, 0.000000e+000 
42.617112e+000, 0.000000e+000 
42.314544e+000, 0.000000e+000 
42.012024e+000, 0.000000e+000 
41.709581e+000, 0.000000e+000 
41.407244e+000, 0.000000e+000 
41.105045e+000, 0.000000e+000 
40.803010e+000, 0.000000e+000 
40.501170e+000, 0.000000e+000 
40.199552e+000, 0.000000e+000 
39.898186e+000, 0.000000e+000 
39.597099e+000, 0.000000e+000 
39.296319e+000, 0.000000e+000 
38.995874e+000, 0.000000e+000 
38.695792e+000, 0.000000e+000 
38.396098e+000, 0.000000e+000 
38.096821e+000, 0.000000e+000 
37.797987e+000, 0.000000e+000 
37.499622e+000, 0.000000e+000 
37.201752e+000, 0.000000e+000 
36.904402e+000, 0.000000e+000 
36.607599e+000, 0.000000e+000 
36.311368e+000, 0.000000e+000 
36.015732e+000, 0.000000e+000 
35.720718e+000, 0.000000e+000 
35.426349e+000, 0.000000e+000 
35.132648e+000, 0.000000e+000 
34.839641e+000, 0.000000e+000 
34.547350e+000, 0.000000e+000 
34.255799e+000, 0.000000e+000 
33.965009e+000, 0.000000e+000 
33.675004e+000, 0.000000e+000 
33.385806e+000, 0.000000e+000 
33.097437e+000, 0.000000e+000 
32.809918e+000, 0.000000e+000 
32.523271e+000, 0.000000e+000 
32.237515e+000, 0.000000e+000 
31.952673e+000, 0.000000e+000 
31.668765e+000, 0.000000e+000 
31.385809e+000, 0.000000e+000 
31.103827e+000, 0.000000e+000 
30.822836e+000, 0.000000e+000 
30.542857e+000, 0.000000e+000 
30.263908e+000, 0.000000e+000 
29.986007e+000, 0.000000e+000 
29.709173e+000, 0.000000e+000 
29.433423e+000, 0.000000e+000 
29.158774e+000, 0.000000e+000 
28.885243e+000, 0.000000e+000 
28.612848e+000, 0.000000e+000 
28.341605e+000, 0.000000e+000 
28.071529e+000, 0.000000e+000 
27.802636e+000, 0.000000e+000 
27.534943e+000, 0.000000e+000 
27.268464e+000, 0.000000e+000 
27.003213e+000, 0.000000e+000 
26.739205e+000, 0.000000e+000 
26.476455e+000, 0.000000e+000 
26.214976e+000, 0.000000e+000 
25.954782e+000, 0.000000e+000 
25.695885e+000, 0.000000e+000 
25.438298e+000, 0.000000e+000 
25.182035e+000, 0.000000e+000 
24.927107e+000, 0.000000e+000 
24.673526e+000, 0.000000e+000 
24.421304e+000, 0.000000e+000 
24.170451e+000, 0.000000e+000 
23.920979e+000, 0.000000e+000 
23.672898e+000, 0.000000e+000 
23.426219e+000, 0.000000e+000 
23.180951e+000, 0.000000e+000 
22.937104e+000, 0.000000e+000 
22.694687e+000, 0.000000e+000 
22.453710e+000, 0.000000e+000 
22.214181e+000, 0.000000e+000 
21.976108e+000, 0.000000e+000 
21.739499e+000, 0.000000e+000 
21.504363e+000, 0.000000e+000 
21.270707e+000, 0.000000e+000 
21.038537e+000, 0.000000e+000 
20.807861e+000, 0.000000e+000 
20.578685e+000, 0.000000e+000 
20.351016e+000, 0.000000e+000 
20.124860e+000, 0.000000e+000 
19.900221e+000, 0.000000e+000 
19.677106e+000, 0.000000e+000 
19.455520e+000, 0.000000e+000 
19.235468e+000, 0.000000e+000 
19.016953e+000, 0.000000e+000 
18.799981e+000, 0.000000e+000 
18.584555e+000, 0.000000e+000 
18.370679e+000, 0.000000e+000 
18.158356e+000, 0.000000e+000 
17.947590e+000, 0.000000e+000 
17.738384e+000, 0.000000e+000 
17.530739e+000, 0.000000e+000 
17.324659e+000, 0.000000e+000 
17.120145e+000, 0.000000e+000 
16.917200e+000, 0.000000e+000 
16.715825e+000, 0.000000e+000 
16.516021e+000, 0.000000e+000 
16.317789e+000, 0.000000e+000 
16.121130e+000, 0.000000e+000 
15.926046e+000, 0.000000e+000 
15.732535e+000, 0.000000e+000 
15.540598e+000, 0.000000e+000 
15.350236e+000, 0.000000e+000 
15.161447e+000, 0.000000e+000 
14.974232e+000, 0.000000e+000 
14.788589e+000, 0.000000e+000 
14.604517e+000, 0.000000e+000 
14.422015e+000, 0.000000e+000 
14.241082e+000, 0.000000e+000 
14.061715e+000, 0.000000e+000 
13.883913e+000, 0.000000e+000 
13.707674e+000, 0.000000e+000 
13.532996e+000, 0.000000e+000 
13.359876e+000, 0.000000e+000 
13.188310e+000, 0.000000e+000 
13.018297e+000, 0.000000e+000 
12.849833e+000, 0.000000e+000 
12.682916e+000, 0.000000e+000 
12.517540e+000, 0.000000e+000 
12.353703e+000, 0.000000e+000 
12.191401e+000, 0.000000e+000 
12.030629e+000, 0.000000e+000 
11.871385e+000, 0.000000e+000 
11.713662e+000, 0.000000e+000 
11.557457e+000, 0.000000e+000 
11.402765e+000, 0.000000e+000 
11.249581e+000, 0.000000e+000 
11.097899e+000, 0.000000e+000 
10.947716e+000, 0.000000e+000 
10.799025e+000, 0.000000e+000 
10.651821e+000, 0.000000e+000 
10.506098e+000, 0.000000e+000 
10.361851e+000, 0.000000e+000 
10.219073e+000, 0.000000e+000 
10.077758e+000, 0.000000e+000 
9.937901e+000, 0.000000e+000 
9.799495e+000, 0.000000e+000 
9.662533e+000, 0.000000e+000 
9.527009e+000, 0.000000e+000 
9.392917e+000, 0.000000e+000 
9.260248e+000, 0.000000e+000 
9.128997e+000, 0.000000e+000 
8.999157e+000, 0.000000e+000 
8.870719e+000, 0.000000e+000 
8.743677e+000, 0.000000e+000 
8.618024e+000, 0.000000e+000 
8.493752e+000, 0.000000e+000 
8.370854e+000, 0.000000e+000 
8.249321e+000, 0.000000e+000 
8.129146e+000, 0.000000e+000 
8.010321e+000, 0.000000e+000 
7.892839e+000, 0.000000e+000 
7.776690e+000, 0.000000e+000 
7.661868e+000, 0.000000e+000 
7.548364e+000, 0.000000e+000 
7.436169e+000, 0.000000e+000 
7.325276e+000, 0.000000e+000 
7.215676e+000, 0.000000e+000 
7.107360e+000, 0.000000e+000 
7.000320e+000, 0.000000e+000 
6.894547e+000, 0.000000e+000 
6.790033e+000, 0.000000e+000 
6.686769e+000, 0.000000e+000 
6.584747e+000, 0.000000e+000 
6.483956e+000, 0.000000e+000 
6.384389e+000, 0.000000e+000 
6.286037e+000, 0.000000e+000 
6.188891e+000, 0.000000e+000 
6.092941e+000, 0.000000e+000 
5.998179e+000, 0.000000e+000 
5.904595e+000, 0.000000e+000 
5.812181e+000, 0.000000e+000 
5.720927e+000, 0.000000e+000 
5.630824e+000, 0.000000e+000 
5.541864e+000, 0.000000e+000 
5.454036e+000, 0.000000e+000 
5.367331e+000, 0.000000e+000 
5.281741e+000, 0.000000e+000 
5.197256e+000, 0.000000e+000 
5.113867e+000, 0.000000e+000 
5.031564e+000, 0.000000e+000 
4.950338e+000, 0.000000e+000 
4.870180e+000, 0.000000e+000 
4.791080e+000, 0.000000e+000 
4.713029e+000, 0.000000e+000 
4.636018e+000, 0.000000e+000 
4.560038e+000, 0.000000e+000 
4.485078e+000, 0.000000e+000 
4.411130e+000, 0.000000e+000 
4.338184e+000, 0.000000e+000 
4.266231e+000, 0.000000e+000 
4.195262e+000, 0.000000e+000 
4.125267e+000, 0.000000e+000 
4.056238e+000, 0.000000e+000 
3.988164e+000, 0.000000e+000 
3.921036e+000, 0.000000e+000 
3.854845e+000, 0.000000e+000 
3.789582e+000, 0.000000e+000 
3.725238e+000, 0.000000e+000 
3.661804e+000, 0.000000e+000 
3.599269e+000, 0.000000e+000 
3.537626e+000, 0.000000e+000 
3.476864e+000, 0.000000e+000 
3.416976e+000, 0.000000e+000 
3.357951e+000, 0.000000e+000 
3.299780e+000, 0.000000e+000 
3.242455e+000, 0.000000e+000 
3.185967e+000, 0.000000e+000 
3.130306e+000, 0.000000e+000 
3.075464e+000, 0.000000e+000 
3.021432e+000, 0.000000e+000 
2.968200e+000, 0.000000e+000 
2.915761e+000, 0.000000e+000 
2.864105e+000, 0.000000e+000 
2.813223e+000, 0.000000e+000 
2.763107e+000, 0.000000e+000 
2.713748e+000, 0.000000e+000 
2.665138e+000, 0.000000e+000 
2.617268e+000, 0.000000e+000 
2.570128e+000, 0.000000e+000 
2.523712e+000, 0.000000e+000 
2.478010e+000, 0.000000e+000 
2.433014e+000, 0.000000e+000 
2.388716e+000, 0.000000e+000 
2.345107e+000, 0.000000e+000 
2.302179e+000, 0.000000e+000 
2.259923e+000, 0.000000e+000 
2.218333e+000, 0.000000e+000 
2.177399e+000, 0.000000e+000 
2.137113e+000, 0.000000e+000 
2.097468e+000, 0.000000e+000 
2.058455e+000, 0.000000e+000 
2.020067e+000, 0.000000e+000 
1.982296e+000, 0.000000e+000 
1.945134e+000, 0.000000e+000 
1.908573e+000, 0.000000e+000 
1.872606e+000, 0.000000e+000 
1.837224e+000, 0.000000e+000 
1.802421e+000, 0.000000e+000 
1.768189e+000, 0.000000e+000 
1.734520e+000, 0.000000e+000 
1.701408e+000, 0.000000e+000 
1.668843e+000, 0.000000e+000 
1.636821e+000, 0.000000e+000 
1.605332e+000, 0.000000e+000 
1.574371e+000, 0.000000e+000 
1.543930e+000, 0.000000e+000 
1.514001e+000, 0.000000e+000 
1.484578e+000, 0.000000e+000 
1.455655e+000, 0.000000e+000 
1.427223e+000, 0.000000e+000 
1.399277e+000, 0.000000e+000 
1.371810e+000, 0.000000e+000 
1.344814e+000, 0.000000e+000 
1.318284e+000, 0.000000e+000 
1.292212e+000, 0.000000e+000 
1.266593e+000, 0.000000e+000 
1.241420e+000, 0.000000e+000 
1.216686e+000, 0.000000e+000 
1.192385e+000, 0.000000e+000 
1.168512e+000, 0.000000e+000 
1.145059e+000, 0.000000e+000 
1.122020e+000, 0.000000e+000 
1.099390e+000, 0.000000e+000 
1.077163e+000, 0.000000e+000 
1.055332e+000, 0.000000e+000 
1.033893e+000, 0.000000e+000 
1.012838e+000, 0.000000e+000 
0.992162e+000, 0.000000e+000 
0.971859e+000, 0.000000e+000 
0.951925e+000, 0.000000e+000 
0.932353e+000, 0.000000e+000 
0.913137e+000, 0.000000e+000 
0.894273e+000, 0.000000e+000 
0.875755e+000, 0.000000e+000 
0.857577e+000, 0.000000e+000 
0.839735e+000, 0.000000e+000 
0.822223e+000, 0.000000e+000 
0.805035e+000, 0.000000e+000 
0.788168e+000, 0.000000e+000 
0.771615e+000, 0.000000e+000 
0.755373e+000, 0.000000e+000 
0.739435e+000, 0.000000e+000 
0.723797e+000, 0.000000e+000 
0.708455e+000, 0.000000e+000 
0.693403e+000, 0.000000e+000 
0.678637e+000, 0.000000e+000 
0.664152e+000, 0.000000e+000 
0.649944e+000, 0.000000e+000 
0.636008e+000, 0.000000e+000 
0.622340e+000, 0.000000e+000 
0.608935e+000, 0.000000e+000 
0.595789e+000, 0.000000e+000 
0.582897e+000, 0.000000e+000 
0.570256e+000, 0.000000e+000 
0.557862e+000, 0.000000e+000 
0.545709e+000, 0.000000e+000 
0.533795e+000, 0.000000e+000 
0.522114e+000, 0.000000e+000 
0.510664e+000, 0.000000e+000 
0.499439e+000, 0.000000e+000 
0.488437e+000, 0.000000e+000 
0.477654e+000, 0.000000e+000 
0.467085e+000, 0.000000e+000 
0.456727e+000, 0.000000e+000 
0.446577e+000, 0.000000e+000 
0.436630e+000, 0.000000e+000 
0.426883e+000, 0.000000e+000 
0.417334e+000, 0.000000e+000 
0.407977e+000, 0.000000e+000 
0.398810e+000, 0.000000e+000 
0.389830e+000, 0.000000e+000 
0.381033e+000, 0.000000e+000 
0.372416e+000, 0.000000e+000 
0.363975e+000, 0.000000e+000 
0.355708e+000, 0.000000e+000 
0.347612e+000, 0.000000e+000 
0.339682e+000, 0.000000e+000 
0.331917e+000, 0.000000e+000 
0.324314e+000, 0.000000e+000 
0.316868e+000, 0.000000e+000 
0.309578e+000, 0.000000e+000 
0.302441e+000, 0.000000e+000 
0.295453e+000, 0.000000e+000 
0.288613e+000, 0.000000e+000 
0.281917e+000, 0.000000e+000 
0.275362e+000, 0.000000e+000 
0.268946e+000, 0.000000e+000 
0.262667e+000, 0.000000e+000 
0.256521e+000, 0.000000e+000 
0.250507e+000, 0.000000e+000 
0.244621e+000, 0.000000e+000 
0.238862e+000, 0.000000e+000 
0.233227e+000, 0.000000e+000 
0.227713e+000, 0.000000e+000 
0.222319e+000, 0.000000e+000 
0.217041e+000, 0.000000e+000 
0.211878e+000, 0.000000e+000 
0.206828e+000, 0.000000e+000 
0.201888e+000, 0.000000e+000 
0.197056e+000, 0.000000e+000 
0.192330e+000, 0.000000e+000 
0.187708e+000, 0.000000e+000 
0.183188e+000, 0.000000e+000 
0.178768e+000, 0.000000e+000 
0.174445e+000, 0.000000e+000 
0.170219e+000, 0.000000e+000 
0.166087e+000, 0.000000e+000 
0.162047e+000, 0.000000e+000 
0.158097e+000, 0.000000e+000 
0.154236e+000, 0.000000e+000 
0.150462e+000, 0.000000e+000 
0.146773e+000, 0.000000e+000 
0.143167e+000, 0.000000e+000 
0.139643e+000, 0.000000e+000 
0.136198e+000, 0.000000e+000 
##END=
