0.041 0.873 0.024 
 0.119 0.640 0.084 
 0.267 0.324 0.323 
 0.230 0.195 0.355 
 0.067 0.404 0.389 
 0.029 0.663 0.300 
 0.087 0.677 0.096 
 0.154 0.711 0.046 
 0.066 0.831 0.024 
 0.055 0.872 0.032 
 0.076 0.815 0.042 
 0.157 0.717 0.037 
 0.092 0.622 0.089 
 0.034 0.596 0.224 
 0.073 0.453 0.459 
 0.217 0.186 0.353 
 0.281 0.310 0.291 
 0.085 0.709 0.073 
 0.061 0.940 0.018 
 0.092 0.756 0.069 
 0.242 0.345 0.285 
 0.336 0.226 0.410 
 0.078 0.451 0.421 
 0.031 0.602 0.274 
 0.078 0.637 0.132 
 0.152 0.665 0.035 
 0.020 0.832 0.018 
 0.038 0.942 0.044 
 0.063 0.814 0.044 
 0.159 0.654 0.017 
 0.100 0.626 0.094 
 0.051 0.612 0.227 
 0.076 0.437 0.352 
 0.222 0.189 0.377 
 0.223 0.379 0.317 
 0.071 0.664 0.057 
 0.038 0.910 0.040 
 