0.042 0.903 0.032 
 0.085 0.767 0.066 
 0.210 0.421 0.261 
 0.311 0.242 0.421 
 0.136 0.411 0.449 
 0.068 0.599 0.290 
 0.101 0.634 0.153 
 0.181 0.656 0.020 
 0.047 0.827 0.000 
 0.052 0.897 0.037 
 0.072 0.815 0.033 
 0.153 0.702 0.060 
 0.073 0.617 0.083 
 0.029 0.594 0.245 
 0.092 0.425 0.379 
 0.288 0.261 0.371 
 0.219 0.393 0.305 
 0.045 0.636 0.058 
 0.011 0.899 0.022 
 0.059 0.697 0.074 
 0.229 0.321 0.267 
 0.207 0.192 0.379 
 0.157 0.437 0.453 
 0.012 0.610 0.278 
 0.082 0.652 0.112 
 0.156 0.718 0.033 
 0.109 0.776 0.006 
 0.003 0.885 0.024 
 0.072 0.825 0.029 
 0.143 0.696 0.033 
 0.099 0.657 0.112 
 0.042 0.620 0.277 
 0.152 0.358 0.372 
 0.326 0.250 0.380 
 0.251 0.345 0.264 
 0.048 0.797 0.081 
 0.027 0.945 0.044 
 