##TITLE= twqubit_C1180_C_25000.txt
##JCAMP-DX= 5.00 Bruker JCAMP library
##DATA TYPE= Shape Data
##ORIGIN= Colm's GRAPE Pulses 
##OWNER= caryan
##DATE= 15-Dec-2014
##TIME= 16:29
##MINX= 1.142721e+00
##MAXX= 6.261974e+01
##MINY= 4.956298e-02
##MAXY= 3.590309e+02
##$SHAPE_EXMODE= None
##$SHAPE_TOTROT= 9.000000e+01
##$SHAPE_BWFAC= 1.000000e+00
##$SHAPE_INTEGFAC= 1.000000e+00
##$SHAPE_MODE= 1
##NPOINTS= 200
##XYPOINTS= (XY..XY)
  1.142721e+00,  3.764549e+01
  7.519279e+00,  2.298425e+00
  2.797428e+01,  8.969877e+00
  4.191461e+01,  2.420012e-01
  3.400607e+01,  3.412444e+02
  1.660455e+01,  3.045898e+02
  1.616289e+01,  2.188241e+02
  2.911392e+01,  1.816998e+02
  3.835317e+01,  1.702145e+02
  3.648270e+01,  1.633657e+02
  2.778356e+01,  1.379293e+02
  2.853656e+01,  9.383382e+01
  3.167792e+01,  6.786559e+01
  2.282769e+01,  5.183726e+01
  6.855659e+00,  4.268811e+00
  1.325686e+01,  2.697141e+02
  1.805740e+01,  2.682069e+02
  1.730886e+01,  2.822674e+02
  1.649652e+01,  2.867636e+02
  1.726476e+01,  2.592048e+02
  2.038320e+01,  2.214638e+02
  2.189732e+01,  1.718452e+02
  3.113874e+01,  1.295731e+02
  3.197308e+01,  1.113998e+02
  1.228905e+01,  8.520259e+01
  1.966156e+01,  3.049504e+02
  3.481699e+01,  2.895004e+02
  3.174605e+01,  2.632591e+02
  3.286652e+01,  2.165415e+02
  3.480980e+01,  1.903228e+02
  2.403453e+01,  1.752039e+02
  1.834895e+01,  1.361507e+02
  3.142532e+01,  1.144842e+02
  3.917360e+01,  1.074767e+02
  3.013814e+01,  9.477547e+01
  1.418428e+01,  5.894362e+01
  1.260187e+01,  3.532019e+02
  9.293248e+00,  3.082125e+02
  1.617707e+01,  2.160717e+02
  2.996374e+01,  2.155484e+02
  2.886213e+01,  2.499455e+02
  1.809275e+01,  3.017552e+02
  8.967473e+00,  3.225280e+01
  5.565746e+00,  1.283893e+02
  6.862643e+00,  2.421979e+02
  7.800330e+00,  3.539293e+02
  2.128518e+01,  5.275497e+01
  2.136243e+01,  6.761760e+01
  5.987122e+00,  1.482982e+00
  2.214592e+01,  3.047742e+02
  2.110717e+01,  3.178869e+02
  2.741968e+00,  1.071573e+02
  2.506028e+01,  1.652081e+02
  2.356475e+01,  1.921720e+02
  1.121329e+01,  3.121847e+02
  3.268185e+01,  1.729697e+01
  3.598230e+01,  4.228937e+01
  1.852700e+01,  4.399545e+01
  7.769704e+00,  2.614521e+02
  2.642000e+01,  2.343169e+02
  3.094607e+01,  2.337854e+02
  2.093291e+01,  2.267999e+02
  1.044961e+01,  1.692814e+02
  1.386204e+01,  1.134479e+02
  1.125018e+01,  8.729173e+01
  1.201959e+01,  3.967824e+01
  2.334789e+01,  2.937145e+01
  3.395666e+01,  2.626346e+01
  3.917204e+01,  1.310081e+01
  4.347009e+01,  3.590309e+02
  3.760276e+01,  3.481765e+02
  1.660095e+01,  3.192821e+02
  1.314454e+01,  2.025310e+02
  2.034659e+01,  1.465363e+02
  3.202871e+01,  8.619563e+01
  4.936747e+01,  5.601110e+01
  4.760179e+01,  3.592320e+01
  3.825485e+01,  2.688901e+00
  4.244607e+01,  3.325616e+02
  3.977309e+01,  3.259165e+02
  2.133505e+01,  3.312580e+02
  4.314628e+00,  1.210996e+01
  3.437819e+00,  8.126385e+01
  3.456885e+00,  5.895150e+01
  9.957895e+00,  1.269190e+02
  2.720333e+01,  1.437122e+02
  3.263839e+01,  1.446444e+02
  2.024521e+01,  1.086105e+02
  3.118032e+01,  3.842181e+01
  4.045028e+01,  2.620638e+01
  2.508848e+01,  2.939453e+01
  2.130284e+00,  3.218354e+02
  1.590370e+01,  2.288827e+02
  1.953251e+01,  2.100108e+02
  2.049938e+01,  1.885408e+02
  1.742521e+01,  1.841681e+02
  8.135895e+00,  2.014421e+02
  3.389956e+00,  3.263839e+02
  8.266854e+00,  2.018966e+01
  1.038077e+01,  2.752185e+01
  1.219266e+01,  4.956298e-02
  1.588295e+01,  3.298380e+02
  1.386978e+01,  3.002319e+02
  1.068416e+01,  2.242351e+02
  2.363345e+01,  1.677465e+02
  3.640423e+01,  1.343846e+02
  4.546883e+01,  9.536958e+01
  4.558430e+01,  7.302392e+01
  2.015037e+01,  7.239287e+01
  1.016136e+01,  3.199599e+02
  3.302895e+01,  3.547539e+02
  5.562742e+01,  1.304322e+01
  5.709320e+01,  3.464692e+02
  6.261974e+01,  3.098637e+02
  4.150887e+01,  3.004781e+02
  8.110851e+00,  2.383929e+02
  2.948969e+01,  1.660705e+02
  2.327794e+01,  1.608394e+02
  1.683466e+01,  2.787802e+01
  5.375975e+01,  2.016950e+01
  5.847748e+01,  1.027148e+01
  4.119705e+01,  3.338706e+02
  3.332658e+01,  2.984768e+02
  2.316431e+01,  3.003514e+02
  1.368468e+01,  3.373985e+02
  5.180948e+00,  6.398928e+01
  1.883677e+01,  1.517301e+02
  3.120238e+01,  1.616190e+02
  2.572038e+01,  1.561539e+02
  1.553790e+01,  7.759489e+01
  3.347721e+01,  2.787381e+01
  3.233939e+01,  1.120544e+01
  1.581008e+01,  3.314904e+02
  2.064936e+01,  2.679017e+02
  2.304361e+01,  2.611743e+02
  1.179379e+01,  2.500763e+02
  9.428188e+00,  1.751993e+02
  1.455158e+01,  1.814946e+02
  1.259268e+01,  2.215513e+02
  7.915515e+00,  3.178629e+02
  2.391495e+01,  3.228867e+01
  3.602267e+01,  5.238804e+01
  2.306556e+01,  5.731752e+01
  1.227564e+01,  2.880079e+02
  3.282543e+01,  2.775007e+02
  2.011579e+01,  2.830323e+02
  1.487669e+01,  1.220800e+02
  3.492333e+01,  1.325915e+02
  2.430807e+01,  1.567178e+02
  9.166617e+00,  2.520542e+02
  1.785393e+01,  3.151364e+02
  1.312560e+01,  3.257309e+02
  4.165222e+00,  3.031940e+02
  4.700896e+00,  3.028448e+02
  1.175286e+01,  3.361341e+02
  1.701484e+01,  3.338788e+02
  1.896390e+01,  3.079559e+02
  2.333228e+01,  2.715284e+02
  2.714672e+01,  2.397709e+02
  1.641169e+01,  2.002343e+02
  2.249203e+01,  1.065121e+02
  3.627998e+01,  9.132815e+01
  3.079738e+01,  7.058415e+01
  2.287615e+01,  1.709776e+01
  2.191873e+01,  3.238750e+02
  2.197568e+01,  2.720067e+02
  2.847926e+01,  2.229334e+02
  3.263737e+01,  1.902874e+02
  2.287314e+01,  1.706185e+02
  7.155214e+00,  1.319303e+02
  5.883796e+00,  4.400979e+01
  2.939038e+00,  3.058298e+02
  1.216341e+01,  2.607564e+02
  1.564642e+01,  2.944344e+02
  2.388623e+01,  3.491702e+02
  3.607607e+01,  3.587479e+02
  4.331563e+01,  3.306486e+02
  5.441731e+01,  2.955546e+02
  5.272977e+01,  2.750385e+02
  2.957922e+01,  2.574148e+02
  1.338179e+01,  1.868373e+02
  1.274647e+01,  1.156147e+02
  2.544950e+01,  3.107368e+01
  4.554801e+01,  2.479040e+01
  4.292640e+01,  2.745023e+01
  2.389415e+01,  5.193383e+00
  1.765731e+01,  2.897570e+02
  2.519112e+01,  2.630480e+02
  2.172747e+01,  2.745779e+02
  7.810409e+00,  2.859480e+02
  1.210533e+01,  1.341843e+02
  2.155905e+01,  1.366458e+02
  1.437105e+01,  1.141008e+02
  2.375071e+01,  4.147482e+01
  3.483071e+01,  2.631899e+01
  1.561441e+01,  3.453681e+02
  4.214732e+01,  2.582229e+02
  2.826374e+01,  2.324263e+02
  1.265228e+01,  6.779358e+01
  2.304392e+00,  2.381570e+02
##END=
