##TITLE= twqubit_C1180_H_25000.txt
##JCAMP-DX= 5.00 Bruker JCAMP library
##DATA TYPE= Shape Data
##ORIGIN= Colm's GRAPE Pulses 
##OWNER= caryan
##DATE= 15-Dec-2014
##TIME= 16:29
##MINX= 4.870684e-01
##MAXX= 3.490393e+01
##MINY= 4.081632e+00
##MAXY= 3.597313e+02
##$SHAPE_EXMODE= None
##$SHAPE_TOTROT= 9.000000e+01
##$SHAPE_BWFAC= 1.000000e+00
##$SHAPE_INTEGFAC= 1.000000e+00
##$SHAPE_MODE= 1
##NPOINTS= 200
##XYPOINTS= (XY..XY)
  5.354726e-01,  1.192377e+02
  4.870684e-01,  1.651593e+02
  1.064122e+01,  2.298477e+02
  2.695002e+01,  2.322046e+02
  3.311081e+01,  2.357557e+02
  3.057590e+01,  2.408685e+02
  2.604033e+01,  2.464639e+02
  2.321706e+01,  2.524925e+02
  2.294168e+01,  2.568097e+02
  2.413262e+01,  2.591463e+02
  2.565455e+01,  2.611488e+02
  2.701384e+01,  2.628807e+02
  2.746846e+01,  2.631088e+02
  2.610213e+01,  2.610107e+02
  2.309084e+01,  2.559376e+02
  1.968327e+01,  2.466506e+02
  1.717367e+01,  2.320566e+02
  1.646623e+01,  2.134977e+02
  1.780349e+01,  1.957668e+02
  2.033760e+01,  1.828820e+02
  2.244367e+01,  1.750131e+02
  2.292049e+01,  1.705692e+02
  2.180182e+01,  1.684944e+02
  1.964568e+01,  1.694533e+02
  1.707421e+01,  1.757223e+02
  1.532085e+01,  1.882647e+02
  1.541623e+01,  2.031769e+02
  1.719365e+01,  2.164203e+02
  1.985852e+01,  2.265163e+02
  2.195977e+01,  2.314298e+02
  2.227489e+01,  2.298377e+02
  2.128592e+01,  2.225952e+02
  2.011106e+01,  2.132764e+02
  1.880110e+01,  2.051373e+02
  1.743794e+01,  1.967424e+02
  1.732825e+01,  1.857558e+02
  1.913152e+01,  1.762832e+02
  2.155997e+01,  1.722723e+02
  2.377082e+01,  1.720565e+02
  2.584353e+01,  1.723212e+02
  2.732804e+01,  1.713944e+02
  2.772320e+01,  1.698116e+02
  2.710132e+01,  1.685010e+02
  2.574977e+01,  1.675212e+02
  2.426104e+01,  1.665998e+02
  2.330705e+01,  1.661524e+02
  2.293903e+01,  1.671881e+02
  2.290188e+01,  1.706535e+02
  2.321358e+01,  1.766505e+02
  2.370873e+01,  1.836894e+02
  2.388175e+01,  1.899324e+02
  2.361155e+01,  1.943747e+02
  2.287263e+01,  1.961309e+02
  2.124069e+01,  1.935078e+02
  1.905281e+01,  1.839754e+02
  1.791188e+01,  1.675415e+02
  1.852849e+01,  1.499147e+02
  2.003805e+01,  1.355786e+02
  2.161742e+01,  1.255993e+02
  2.268382e+01,  1.203301e+02
  2.307623e+01,  1.196247e+02
  2.327191e+01,  1.230406e+02
  2.373853e+01,  1.296150e+02
  2.445422e+01,  1.378253e+02
  2.523102e+01,  1.458410e+02
  2.588737e+01,  1.515347e+02
  2.599103e+01,  1.533869e+02
  2.515928e+01,  1.519309e+02
  2.380168e+01,  1.496819e+02
  2.289485e+01,  1.481260e+02
  2.252730e+01,  1.446251e+02
  2.196114e+01,  1.365809e+02
  2.143388e+01,  1.263534e+02
  2.167331e+01,  1.173357e+02
  2.287774e+01,  1.083017e+02
  2.437005e+01,  9.908830e+01
  2.489901e+01,  9.448468e+01
  2.443166e+01,  9.772096e+01
  2.391831e+01,  1.048703e+02
  2.268593e+01,  1.092443e+02
  2.059561e+01,  1.089204e+02
  1.940174e+01,  1.053073e+02
  2.010692e+01,  1.008594e+02
  2.187302e+01,  9.713763e+01
  2.351810e+01,  9.370172e+01
  2.476955e+01,  8.953220e+01
  2.548159e+01,  8.449265e+01
  2.517417e+01,  7.955889e+01
  2.411389e+01,  7.661847e+01
  2.344912e+01,  7.673656e+01
  2.381601e+01,  7.800426e+01
  2.442991e+01,  7.893407e+01
  2.425440e+01,  8.081797e+01
  2.325316e+01,  8.413040e+01
  2.186734e+01,  8.710693e+01
  2.039447e+01,  8.855458e+01
  1.927126e+01,  8.871201e+01
  1.867718e+01,  8.709379e+01
  1.808715e+01,  8.294707e+01
  1.694660e+01,  7.740826e+01
  1.535170e+01,  7.292329e+01
  1.393779e+01,  6.973631e+01
  1.325628e+01,  6.402606e+01
  1.335359e+01,  5.363216e+01
  1.397080e+01,  4.118583e+01
  1.521319e+01,  2.917958e+01
  1.768670e+01,  1.993278e+01
  2.116900e+01,  1.542301e+01
  2.468444e+01,  1.513772e+01
  2.752678e+01,  1.781428e+01
  2.877829e+01,  2.264230e+01
  2.714191e+01,  3.000994e+01
  2.331746e+01,  4.177279e+01
  2.039962e+01,  5.717966e+01
  1.903459e+01,  7.126654e+01
  1.767320e+01,  8.458309e+01
  1.635505e+01,  9.699647e+01
  1.487694e+01,  1.014602e+02
  1.277702e+01,  9.598296e+01
  1.072599e+01,  8.611572e+01
  9.504994e+00,  7.372937e+01
  1.006827e+01,  5.466353e+01
  1.280916e+01,  3.478560e+01
  1.640384e+01,  2.102089e+01
  1.917150e+01,  1.279515e+01
  2.047670e+01,  8.293049e+00
  2.064254e+01,  5.962077e+00
  2.025852e+01,  4.478817e+00
  2.004570e+01,  4.081632e+00
  2.042371e+01,  5.793555e+00
  2.074434e+01,  8.408341e+00
  2.029942e+01,  9.741371e+00
  1.973374e+01,  9.211510e+00
  1.982192e+01,  8.080756e+00
  2.009426e+01,  7.877932e+00
  1.992421e+01,  8.953708e+00
  1.971348e+01,  1.040438e+01
  2.032036e+01,  1.087840e+01
  2.196005e+01,  1.033711e+01
  2.413585e+01,  9.849542e+00
  2.645093e+01,  9.616092e+00
  2.877883e+01,  9.193207e+00
  3.055996e+01,  8.593254e+00
  3.116147e+01,  7.479100e+00
  3.049325e+01,  4.739252e+00
  2.824915e+01,  3.597313e+02
  2.434475e+01,  3.519407e+02
  2.050771e+01,  3.401968e+02
  1.901097e+01,  3.263452e+02
  1.983247e+01,  3.156459e+02
  2.147837e+01,  3.094152e+02
  2.297347e+01,  3.070299e+02
  2.384196e+01,  3.087462e+02
  2.382858e+01,  3.142846e+02
  2.290583e+01,  3.220734e+02
  2.135902e+01,  3.300012e+02
  2.003597e+01,  3.361984e+02
  1.984287e+01,  3.401362e+02
  2.051744e+01,  3.434432e+02
  2.115401e+01,  3.469479e+02
  2.160382e+01,  3.482679e+02
  2.156640e+01,  3.443839e+02
  2.049636e+01,  3.349938e+02
  1.890874e+01,  3.224397e+02
  1.745646e+01,  3.092727e+02
  1.643721e+01,  2.944082e+02
  1.645625e+01,  2.784209e+02
  1.713891e+01,  2.681276e+02
  1.759968e+01,  2.670660e+02
  1.808922e+01,  2.723972e+02
  1.874616e+01,  2.794727e+02
  1.953409e+01,  2.865343e+02
  2.091857e+01,  2.934832e+02
  2.280995e+01,  2.996632e+02
  2.412138e+01,  3.043947e+02
  2.409587e+01,  3.074099e+02
  2.336413e+01,  3.089704e+02
  2.294992e+01,  3.094780e+02
  2.262467e+01,  3.080644e+02
  2.186709e+01,  3.036424e+02
  2.128564e+01,  2.972861e+02
  2.133570e+01,  2.910489e+02
  2.149138e+01,  2.852953e+02
  2.082954e+01,  2.798795e+02
  1.886863e+01,  2.754714e+02
  1.622248e+01,  2.734118e+02
  1.390042e+01,  2.746767e+02
  1.245004e+01,  2.772092e+02
  1.212858e+01,  2.759385e+02
  1.332400e+01,  2.697405e+02
  1.595354e+01,  2.640428e+02
  1.909615e+01,  2.611961e+02
  2.265026e+01,  2.592111e+02
  2.740167e+01,  2.577710e+02
  3.239993e+01,  2.586823e+02
  3.490393e+01,  2.615824e+02
  2.865723e+01,  2.615748e+02
  1.074934e+01,  2.442537e+02
  4.140094e+00,  4.162284e+01
  9.487479e-01,  1.682716e+02
##END=
