##TITLE= twqubit_C2180_C_25000.txt
##JCAMP-DX= 5.00 Bruker JCAMP library
##DATA TYPE= Shape Data
##ORIGIN= Colm's GRAPE Pulses 
##OWNER= caryan
##DATE= 15-Dec-2014
##TIME= 16:29
##MINX= 7.056857e-01
##MAXX= 6.837868e+01
##MINY= 1.171877e+00
##MAXY= 3.589189e+02
##$SHAPE_EXMODE= None
##$SHAPE_TOTROT= 9.000000e+01
##$SHAPE_BWFAC= 1.000000e+00
##$SHAPE_INTEGFAC= 1.000000e+00
##$SHAPE_MODE= 1
##NPOINTS= 200
##XYPOINTS= (XY..XY)
  1.230465e+00,  5.998568e+01
  6.498471e+00,  8.896140e+01
  1.142744e+01,  1.285615e+02
  1.282498e+01,  1.568311e+02
  1.802592e+00,  2.237643e+02
  7.495087e+00,  2.991481e+02
  5.716816e+00,  3.405824e+02
  9.615863e+00,  8.951526e+00
  2.467013e+00,  3.455973e+02
  6.780719e+00,  1.921576e+02
  8.342690e+00,  2.004350e+02
  4.342562e+00,  2.407754e+02
  4.908480e+00,  3.457226e+02
  7.901061e+00,  3.094425e+01
  8.870380e+00,  7.510471e+01
  9.000522e+00,  1.178561e+02
  7.763380e+00,  1.627013e+02
  6.492029e+00,  2.296239e+02
  7.574121e+00,  2.924686e+02
  8.379590e+00,  3.333961e+02
  6.393785e+00,  3.582597e+02
  3.681331e+00,  7.795166e+01
  5.151725e+00,  1.619467e+02
  9.533347e+00,  1.919171e+02
  6.585599e+00,  1.841299e+02
  2.016684e+00,  3.040360e+02
  3.953388e+00,  3.496021e+02
  6.792711e+00,  2.691617e+01
  5.425326e+00,  1.851647e+01
  8.264178e-01,  1.498822e+02
  2.341538e+00,  1.800025e+02
  3.358738e+00,  2.434040e+02
  7.056857e-01,  2.580455e+02
  7.924392e+00,  5.351041e+00
  7.134257e+00,  3.144360e+02
  4.349154e+00,  1.662901e+02
  4.953908e+00,  1.666817e+02
  1.428533e+01,  1.708710e+02
  1.050457e+01,  1.088621e+02
  5.235439e+00,  2.903491e+02
  9.424532e+00,  9.024345e+01
  2.713298e+01,  1.171877e+00
  2.515444e+01,  2.722896e+02
  1.774458e+01,  1.555767e+02
  5.076056e+00,  2.635126e+01
  1.164993e+01,  2.134305e+02
  5.211243e+00,  1.021554e+02
  6.627068e+00,  3.010730e+02
  8.495021e+00,  1.404884e+02
  1.790515e+01,  7.260545e+01
  1.888523e+01,  1.007778e+01
  2.536060e+01,  2.822894e+02
  3.395427e+01,  2.055406e+02
  3.592924e+01,  1.021347e+02
  4.304383e+01,  9.019283e+00
  3.519103e+01,  2.912669e+02
  3.114261e+01,  1.979289e+02
  2.964889e+01,  1.410919e+02
  1.330368e+01,  8.241264e+01
  1.833575e+01,  2.772045e+02
  1.554065e+01,  2.193031e+02
  1.118374e+01,  6.861913e+01
  2.036199e+01,  2.982762e+01
  1.479581e+01,  3.236930e+01
  6.551821e+00,  4.908262e+01
  5.455677e+00,  2.112800e+02
  1.056222e+01,  2.311398e+02
  1.153689e+01,  2.599655e+02
  9.516909e+00,  2.704926e+02
  1.711080e+00,  3.000180e+02
  5.121308e+00,  1.039797e+02
  8.880345e+00,  1.132693e+02
  6.835726e+00,  1.141735e+02
  2.254183e+00,  1.153099e+02
  1.624528e+00,  2.921070e+01
  2.865254e+00,  4.520130e+01
  3.737798e+00,  7.331702e+01
  1.893320e+00,  9.047375e+01
  3.242625e+00,  2.828164e+02
  9.556249e+00,  2.932598e+02
  1.307691e+01,  2.896122e+02
  8.289420e+00,  2.773648e+02
  3.711178e+00,  1.439891e+02
  1.230308e+01,  1.300754e+02
  1.615953e+01,  1.204746e+02
  8.964909e+00,  9.088386e+01
  5.495775e+00,  3.123510e+02
  9.476102e+00,  3.141502e+02
  1.140815e+01,  3.226333e+02
  3.813004e+00,  3.067823e+02
  6.140549e+00,  1.222014e+02
  7.532663e+00,  1.398871e+02
  6.174572e+00,  1.644482e+02
  4.491408e+00,  2.604205e+02
  6.655541e+00,  2.683652e+02
  4.908483e+00,  1.971123e+00
  3.733402e+00,  2.997201e+02
  1.749026e+01,  1.389519e+02
  1.626909e+01,  6.364587e+01
  1.534250e+01,  2.561723e+02
  1.311310e+01,  1.115430e+02
  3.906425e+01,  3.353875e+02
  3.501499e+01,  2.341573e+02
  4.026270e+01,  8.304638e+01
  4.504858e+01,  3.109953e+02
  6.837868e+01,  1.894817e+02
  6.143504e+01,  9.856773e+01
  3.437557e+01,  3.388892e+02
  1.668386e+01,  2.233763e+02
  1.328570e+01,  5.132275e+01
  1.255145e+01,  3.448494e+02
  2.620687e+00,  2.724955e+02
  3.918762e+00,  2.020821e+02
  4.205777e+00,  2.020295e+02
  1.570986e+00,  2.579477e+02
  3.423394e+00,  3.155895e+02
  3.589293e+00,  2.550787e+02
  8.410078e+00,  1.710456e+02
  9.237237e+00,  1.272996e+02
  2.920743e+00,  2.414534e+01
  4.455041e+00,  2.958976e+02
  7.615670e+00,  4.373527e+01
  1.832228e+01,  1.509960e+01
  1.246047e+01,  3.208238e+02
  1.482807e+01,  2.012591e+02
  2.191970e+01,  1.546316e+02
  1.373237e+01,  8.984644e+01
  2.107142e+01,  3.151351e+02
  2.379839e+01,  2.502346e+02
  7.917897e+00,  1.545133e+02
  5.569286e+00,  9.089943e+01
  1.861957e+01,  1.078765e+02
  2.008087e+01,  4.912936e+01
  1.459903e+01,  2.887020e+02
  1.526840e+01,  2.097519e+02
  5.532527e+00,  6.587318e+01
  1.609777e+01,  3.403803e+02
  1.065110e+01,  3.001193e+02
  3.499074e+00,  1.846235e+02
  7.232359e+00,  1.410880e+02
  6.682578e+00,  1.499967e+02
  3.955932e+00,  1.767254e+02
  1.187298e+00,  2.474667e+02
  3.721209e+00,  1.184206e+01
  5.215342e+00,  3.144380e+01
  6.139997e+00,  7.943171e+01
  5.765537e+00,  9.627903e+01
  4.498741e+00,  1.855140e+02
  4.451893e+00,  2.145232e+02
  8.377066e+00,  2.972388e+02
  1.029413e+01,  2.902953e+02
  3.407438e+00,  3.299044e+02
  1.568605e+00,  7.646311e+01
  7.996059e+00,  1.566037e+02
  8.880018e+00,  1.521130e+02
  3.270601e+00,  1.582378e+02
  4.672587e+00,  1.078029e+01
  1.051846e+01,  8.296498e+00
  8.651603e+00,  1.175736e+01
  1.161591e+00,  3.340388e+01
  7.024880e+00,  2.026401e+02
  9.760366e+00,  2.134968e+02
  5.624554e+00,  2.445132e+02
  5.012425e+00,  3.444245e+02
  8.435664e+00,  3.603211e+01
  9.215909e+00,  7.023822e+01
  8.140228e+00,  1.384048e+02
  1.229744e+01,  1.673523e+02
  5.848637e+00,  1.968437e+02
  8.710704e+00,  2.704034e+02
  6.614162e+00,  3.582272e+02
  1.791219e+01,  3.573961e+02
  9.986811e+00,  3.101251e+02
  4.701940e+00,  1.139089e+02
  8.036653e+00,  2.522815e+02
  2.207106e+01,  1.943606e+02
  1.707929e+01,  1.267638e+02
  6.610252e+00,  3.774235e+01
  6.189400e+00,  6.283126e+01
  1.266397e+01,  2.399842e+01
  1.054273e+01,  3.246574e+02
  7.292707e+00,  2.598347e+02
  4.865634e+00,  2.136086e+02
  2.316376e+00,  1.949011e+02
  4.040014e+00,  1.597791e+02
  8.120179e+00,  9.683007e+01
  6.946553e+00,  4.627839e+01
  5.673753e+00,  3.386217e+02
  1.499771e+01,  2.719593e+02
  2.069360e+01,  2.087153e+02
  1.160257e+01,  1.239897e+02
  7.263147e+00,  3.589189e+02
  6.796543e+00,  7.955614e+01
  1.506249e+01,  1.922191e+01
  1.172108e+01,  9.004637e+01
  2.494631e+01,  3.566155e+02
  3.037852e+01,  2.242128e+02
  1.887572e+01,  1.661701e+02
  1.187615e+01,  2.711134e+02
  1.660177e+00,  3.149530e+02
##END=
