 Goodness |  Improvement/step |  Step Size  |  Iterations  |  CPU Time
  0.0000         1.000e+00       4.000e-02          1          2.30 
  0.0000         9.500e-01       8.000e-02          2          4.62 
  0.0000         9.000e-01       1.600e-01          3          6.93 
  0.0000         8.500e-01       3.200e-01          4          9.32 
  0.0000         8.000e-01       6.400e-01          5         11.66 
  0.0000         7.500e-01       1.280e+00          6         14.00 
  0.0000         7.000e-01       2.560e+00          7         16.35 
  0.0000         6.500e-01       5.120e+00          8         18.70 
  0.0001         6.000e-01       1.024e+01          9         21.06 
  0.0001         5.500e-01       2.048e+01         10         23.40 
  0.0005         5.000e-01       2.045e+01         11         25.25 
  0.0509         4.525e-01       6.467e+00         12         27.77 
Had to reset conjugate gradients!
  0.0509         4.025e-01       2.045e+00         13         29.72 
  0.1280         3.564e-01       6.467e-01         14         31.37 
  0.2224         3.111e-01       5.059e-01         15         33.15 
  0.3256         2.663e-01       4.508e-01         16         34.97 
  0.3756         2.188e-01       1.426e-01         17         36.72 
  0.4245         1.712e-01       1.742e-01         18         38.62 
  0.5903         1.295e-01       1.983e-01         19         40.44 
  0.6685         8.343e-02       1.747e-01         20         42.06 
  0.7242         3.621e-02       2.842e-01         21         44.09 
  0.8174         4.087e-02       2.233e-01         22         45.66 
  0.9005         4.502e-02       1.696e-01         23         47.24 
  0.9453         4.726e-02       1.713e-01         24         49.86 
  0.9588         4.794e-02       2.299e-01         25         52.88 
  0.9726         4.863e-02       1.915e-01         26         55.33 
  0.9799         4.899e-02       1.678e-01         27         57.62 
  0.9822         4.911e-02       1.898e-01         28         59.78 
  0.9843         4.921e-02       1.838e-01         29         61.92 
  0.9851         4.925e-02       1.498e-01         30         65.19 
  0.9853         4.924e-02       1.648e-01         31         68.13 
  0.9854         4.672e-02       1.966e-01         32         70.60 
  0.9855         4.673e-02       2.004e-01         33         73.15 
  0.9855         4.288e-02       1.662e-01         34         75.92 
  0.9856         3.816e-02       1.829e-01         35         78.85 
  0.9856         3.300e-02       1.880e-01         36         81.88 
  0.9856         3.050e-02       1.759e-01         37         84.70 
  0.9856         2.805e-02       2.309e-01         38         86.74 
  0.9856         1.977e-02       3.150e-01         39         89.74 
  0.9856         1.585e-02       2.839e-01         40         92.33 
  0.9856         1.307e-02       2.940e-01         41         94.73 
  0.9857         8.410e-03       2.880e-01         42         97.15 
  0.9857         4.259e-03       3.168e-01         43         99.52 
  0.9858         2.023e-03       3.418e-01         44         101.99 
  0.9859         1.354e-03       2.807e-01         45         104.86 
  0.9861         6.755e-04       2.389e-01         46         107.43 
  0.9864         3.247e-04       2.571e-01         47         109.84 
  0.9866         2.191e-04       2.364e-01         48         112.87 
  0.9869         1.314e-04       1.991e-01         49         115.89 
  0.9871         9.830e-05       2.075e-01         50         119.10 
  0.9872         9.427e-05       2.028e-01         51         122.10 
  0.9872         9.280e-05       2.113e-01         52         125.51 
  0.9873         8.971e-05       2.356e-01         53         128.68 
  0.9873         8.868e-05       2.430e-01         54         131.89 
  0.9874         8.998e-05       2.141e-01         55         134.20 
  0.9874         9.145e-05       2.025e-01         56         136.08 
  0.9874         9.243e-05       2.138e-01         57         138.00 
  0.9875         9.298e-05       2.746e-01         58         139.87 
  0.9875         9.360e-05       2.774e-01         59         142.50 
  0.9875         9.470e-05       2.416e-01         60         145.34 
  0.9875         9.544e-05       2.417e-01         61         147.92 
  0.9876         9.612e-05       2.329e-01         62         149.96 
  0.9876         9.535e-05       2.559e-01         63         152.68 
  0.9876         9.318e-05       3.370e-01         64         155.68 
  0.9877         9.132e-05       3.172e-01         65         158.90 
  0.9879         8.970e-05       2.861e-01         66         161.72 
  0.9881         8.542e-05       2.686e-01         67         164.33 
  0.9882         7.871e-05       2.306e-01         68         166.29 
  0.9883         7.022e-05       2.866e-01         69         168.94 
  0.9885         7.011e-05       2.367e-01         70         171.49 
  0.9886         7.394e-05       2.284e-01         71         173.68 
  0.9888         7.736e-05       1.941e-01         72         176.01 
  0.9889         7.905e-05       1.804e-01         73         178.14 
  0.9889         7.863e-05       2.221e-01         74         180.88 
  0.9889         7.801e-05       2.281e-01         75         183.11 
  0.9890         7.712e-05       2.148e-01         76         186.16 
  0.9890         7.680e-05       2.274e-01         77         188.94 
  0.9890         7.753e-05       2.406e-01         78         191.62 
  0.9890         7.784e-05       2.692e-01         79         194.82 
  0.9891         7.761e-05       2.592e-01         80         197.04 
  0.9891         7.880e-05       3.175e-01         81         199.60 
  0.9892         8.286e-05       3.700e-01         82         202.01 
  0.9895         9.334e-05       2.540e-01         83         203.88 
  0.9897         1.017e-04       2.506e-01         84         207.06 
  0.9899         1.103e-04       2.415e-01         85         210.24 
  0.9902         1.129e-04       2.785e-01         86         213.30 
  0.9904         1.189e-04       2.004e-01         87         215.56 
  0.9906         1.214e-04       2.074e-01         88         217.96 
  0.9908         1.228e-04       1.857e-01         89         220.52 
  0.9908         1.185e-04       1.902e-01         90         222.61 
  0.9909         1.118e-04       2.170e-01         91         225.26 
  0.9909         1.074e-04       1.995e-01         92         228.47 
  0.9910         1.054e-04       2.158e-01         93         231.29 
  0.9910         1.051e-04       2.355e-01         94         233.73 
  0.9910         1.044e-04       2.109e-01         95         236.92 
  0.9910         1.040e-04       2.173e-01         96         239.65 
  0.9911         1.039e-04       2.439e-01         97         242.77 
  0.9911         1.037e-04       2.591e-01         98         245.99 
  0.9911         1.039e-04       2.574e-01         99         249.12 
  0.9912         1.048e-04       2.908e-01        100         252.12 
  0.9912         1.062e-04       2.689e-01        101         254.24 
  0.9913         1.036e-04       2.600e-01        102         256.24 
  0.9914         9.496e-05       2.448e-01        103         258.14 
  0.9915         8.934e-05       2.991e-01        104         259.99 
  0.9916         8.321e-05       2.138e-01        105         261.89 
  0.9917         7.445e-05       1.816e-01        106         263.81 
  0.9917         6.388e-05       2.032e-01        107         265.72 
  0.9918         5.730e-05       2.334e-01        108         267.64 
  0.9918         5.154e-05       2.125e-01        109         269.55 
  0.9918         4.913e-05       2.075e-01        110         271.47 
  0.9918         4.796e-05       2.196e-01        111         273.36 
  0.9919         4.630e-05       2.617e-01        112         274.94 
  0.9919         4.566e-05       2.188e-01        113         276.52 
  0.9919         4.488e-05       2.454e-01        114         278.11 
  0.9919         4.464e-05       2.403e-01        115         279.67 
  0.9919         4.480e-05       2.739e-01        116         281.21 
  0.9920         4.565e-05       2.706e-01        117         282.74 
  0.9920         4.729e-05       2.900e-01        118         284.29 
  0.9921         4.989e-05       2.523e-01        119         285.83 
  0.9922         5.102e-05       2.338e-01        120         287.38 
  0.9923         5.114e-05       2.366e-01        121         288.94 
  0.9923         5.107e-05       2.721e-01        122         290.49 
  0.9924         5.103e-05       2.321e-01        123         292.03 
  0.9924         4.879e-05       1.996e-01        124         293.58 
  0.9925         4.379e-05       1.799e-01        125         295.12 
  0.9925         4.037e-05       2.271e-01        126         296.66 
  0.9925         3.861e-05       2.098e-01        127         298.20 
  0.9925         3.736e-05       2.115e-01        128         299.75 
  0.9925         3.633e-05       2.388e-01        129         301.31 
  0.9925         3.611e-05       2.959e-01        130         302.85 
  0.9926         3.631e-05       2.904e-01        131         304.41 
  0.9926         3.706e-05       2.459e-01        132         305.96 
  0.9926         3.765e-05       2.421e-01        133         307.75 
  0.9927         3.855e-05       2.685e-01        134         309.61 
  0.9927         3.962e-05       2.396e-01        135         311.47 
  0.9927         4.104e-05       2.397e-01        136         313.32 
  0.9928         4.232e-05       2.117e-01        137         315.18 
  0.9929         4.151e-05       2.142e-01        138         317.05 
  0.9929         3.874e-05       2.062e-01        139         318.90 
  0.9929         3.617e-05       2.037e-01        140         320.75 
  0.9929         3.256e-05       2.611e-01        141         322.60 
  0.9929         3.021e-05       2.210e-01        142         324.45 
  0.9929         2.764e-05       2.401e-01        143         326.30 
  0.9930         2.605e-05       2.256e-01        144         328.15 
  0.9930         2.512e-05       2.512e-01        145         330.00 
  0.9930         2.499e-05       2.443e-01        146         331.86 
  0.9930         2.527e-05       2.461e-01        147         333.71 
  0.9930         2.556e-05       2.688e-01        148         335.57 
  0.9931         2.614e-05       2.415e-01        149         337.45 
  0.9931         2.634e-05       2.666e-01        150         339.31 
  0.9931         2.668e-05       2.422e-01        151         341.18 
  0.9931         2.678e-05       2.216e-01        152         343.06 
  0.9932         2.633e-05       1.996e-01        153         344.93 
  0.9932         2.556e-05       1.841e-01        154         346.81 
  0.9932         2.413e-05       2.181e-01        155         348.68 
  0.9932         2.210e-05       2.574e-01        156         350.45 
  0.9932         1.958e-05       2.180e-01        157         352.05 
  0.9932         1.793e-05       2.685e-01        158         353.64 
  0.9932         1.741e-05       2.687e-01        159         355.24 
  0.9932         1.715e-05       2.684e-01        160         356.84 
  0.9933         1.756e-05       2.518e-01        161         358.43 
  0.9933         1.784e-05       2.391e-01        162         360.03 
  0.9933         1.848e-05       2.201e-01        163         361.62 
  0.9933         1.871e-05       2.329e-01        164         363.23 
  0.9933         1.903e-05       2.271e-01        165         364.83 
  0.9934         1.953e-05       2.437e-01        166         366.43 
  0.9934         1.967e-05       2.278e-01        167         368.04 
  0.9934         1.948e-05       2.109e-01        168         369.63 
  0.9934         1.885e-05       1.825e-01        169         371.23 
  0.9934         1.830e-05       2.555e-01        170         372.83 
  0.9934         1.738e-05       2.286e-01        171         374.42 
  0.9935         1.634e-05       2.636e-01        172         376.02 
  0.9935         1.610e-05       2.590e-01        173         377.62 
  0.9935         1.665e-05       2.510e-01        174         379.23 
  0.9935         1.739e-05       2.607e-01        175         380.84 
  0.9936         1.857e-05       2.668e-01        176         382.41 
  0.9936         1.970e-05       2.437e-01        177         383.97 
  0.9936         2.106e-05       2.036e-01        178         385.53 
  0.9937         2.153e-05       1.843e-01        179         387.19 
  0.9937         2.141e-05       2.213e-01        180         389.06 
  0.9937         2.114e-05       2.344e-01        181         390.93 
  0.9937         2.072e-05       2.163e-01        182         392.81 
  0.9937         2.011e-05       2.408e-01        183         394.68 
  0.9937         1.976e-05       2.452e-01        184         396.56 
  0.9937         1.947e-05       2.517e-01        185         398.43 
  0.9938         1.902e-05       2.628e-01        186         400.29 
  0.9938         1.926e-05       2.606e-01        187         402.16 
  0.9938         2.014e-05       2.077e-01        188         404.37 
  0.9938         2.064e-05       2.139e-01        189         406.26 
  0.9939         2.117e-05       2.256e-01        190         408.14 
  0.9939         2.166e-05       2.351e-01        191         410.01 
  0.9939         2.170e-05       2.489e-01        192         411.88 
  0.9939         2.160e-05       2.219e-01        193         413.75 
  0.9939         2.087e-05       2.276e-01        194         415.62 
  0.9939         2.021e-05       2.436e-01        195         417.49 
  0.9939         1.915e-05       2.406e-01        196         419.37 
  0.9940         1.789e-05       2.427e-01        197         421.24 
  0.9940         1.667e-05       2.320e-01        198         423.12 
  0.9940         1.613e-05       2.491e-01        199         424.92 
  0.9940         1.622e-05       2.230e-01        200         426.52 
  0.9940         1.637e-05       2.196e-01        201         428.12 
  0.9940         1.630e-05       2.450e-01        202         429.72 
  0.9940         1.649e-05       1.914e-01        203         431.28 
  0.9940         1.626e-05       2.330e-01        204         433.60 
  0.9941         1.593e-05       2.333e-01        205         435.45 
  0.9941         1.549e-05       2.250e-01        206         437.33 
  0.9941         1.443e-05       2.217e-01        207         439.21 
  0.9941         1.311e-05       2.639e-01        208         441.09 
  0.9941         1.260e-05       2.724e-01        209         443.31 
  0.9941         1.239e-05       3.001e-01        210         445.17 
  0.9941         1.224e-05       2.412e-01        211         447.04 
  0.9941         1.237e-05       2.056e-01        212         448.91 
  0.9941         1.209e-05       2.239e-01        213         450.78 
  0.9942         1.191e-05       2.118e-01        214         452.65 
  0.9942         1.161e-05       1.896e-01        215         454.51 
  0.9942         1.122e-05       2.205e-01        216         456.38 
  0.9942         1.096e-05       2.439e-01        217         458.24 
  0.9942         1.065e-05       2.775e-01        218         460.10 
  0.9942         1.033e-05       2.793e-01        219         461.96 
  0.9942         1.006e-05       2.575e-01        220         463.52 
  0.9942         9.763e-06       2.607e-01        221         465.08 
  0.9942         9.943e-06       2.497e-01        222         466.68 
  0.9942         9.891e-06       2.370e-01        223         468.28 
  0.9942         1.013e-05       2.028e-01        224         469.89 
  0.9943         1.004e-05       2.141e-01        225         471.46 
  0.9943         9.942e-06       1.912e-01        226         473.02 
  0.9943         9.813e-06       2.207e-01        227         474.58 
  0.9943         9.602e-06       2.519e-01        228         476.14 
  0.9943         9.233e-06       2.564e-01        229         477.69 
  0.9943         8.845e-06       2.762e-01        230         479.25 
  0.9943         8.481e-06       2.743e-01        231         480.83 
  0.9943         8.517e-06       2.641e-01        232         482.39 
  0.9943         8.635e-06       2.800e-01        233         483.96 
  0.9943         9.102e-06       2.360e-01        234         485.55 
  0.9943         9.239e-06       2.246e-01        235         487.13 
  0.9944         9.493e-06       1.988e-01        236         488.69 
  0.9944         9.570e-06       2.218e-01        237         490.26 
  0.9944         9.549e-06       2.241e-01        238         491.87 
  0.9944         9.456e-06       2.292e-01        239         493.47 
  0.9944         9.245e-06       2.560e-01        240         495.03 
  0.9944         9.064e-06       3.009e-01        241         496.64 
  0.9944         8.980e-06       2.887e-01        242         498.20 
  0.9944         9.032e-06       2.571e-01        243         499.76 
  0.9944         9.110e-06       2.401e-01        244         501.32 
  0.9944         9.551e-06       2.169e-01        245         502.89 
  0.9945         9.842e-06       2.101e-01        246         504.49 
  0.9945         1.002e-05       2.168e-01        247         506.09 
  0.9945         1.027e-05       1.959e-01        248         507.67 
  0.9945         1.027e-05       2.719e-01        249         509.23 
  0.9945         1.034e-05       2.324e-01        250         510.82 
  0.9945         1.025e-05       2.794e-01        251         512.42 
  0.9945         9.897e-06       2.880e-01        252         514.02 
  0.9945         9.882e-06       2.725e-01        253         515.59 
  0.9945         9.509e-06       2.627e-01        254         517.15 
  0.9945         9.771e-06       2.394e-01        255         518.71 
  0.9946         9.988e-06       2.425e-01        256         520.26 
  0.9946         1.029e-05       2.441e-01        257         521.82 
  0.9946         1.059e-05       2.012e-01        258         523.43 
  0.9946         1.076e-05       2.181e-01        259         525.02 
  0.9946         1.082e-05       2.268e-01        260         526.58 
  0.9946         1.085e-05       2.462e-01        261         528.16 
  0.9946         1.053e-05       2.417e-01        262         530.04 
  0.9946         1.021e-05       2.533e-01        263         531.92 
  0.9946         9.933e-06       2.426e-01        264         533.80 
  0.9946         9.558e-06       2.542e-01        265         535.68 
  0.9946         9.440e-06       2.369e-01        266         537.57 
  0.9947         9.499e-06       2.541e-01        267         539.46 
  0.9947         9.541e-06       2.341e-01        268         541.38 
  0.9947         9.875e-06       2.167e-01        269         543.26 
  0.9947         9.964e-06       2.409e-01        270         545.14 
  0.9947         1.007e-05       2.319e-01        271         547.02 
  0.9947         1.001e-05       2.333e-01        272         548.94 
  0.9947         9.633e-06       2.419e-01        273         550.86 
  0.9947         9.399e-06       2.199e-01        274         552.78 
  0.9947         8.907e-06       2.908e-01        275         554.71 
  0.9947         8.608e-06       2.583e-01        276         556.63 
  0.9947         8.370e-06       2.804e-01        277         558.56 
  0.9947         8.216e-06       2.725e-01        278         560.45 
  0.9948         8.407e-06       2.247e-01        279         562.32 
  0.9948         8.396e-06       2.352e-01        280         564.20 
  0.9948         8.448e-06       2.002e-01        281         566.08 
  0.9948         8.431e-06       2.356e-01        282         567.96 
  0.9948         8.294e-06       2.235e-01        283         569.83 
  0.9948         8.137e-06       2.172e-01        284         571.72 
  0.9948         7.922e-06       2.524e-01        285         573.60 
  0.9948         7.673e-06       2.769e-01        286         575.47 
  0.9948         7.491e-06       2.880e-01        287         577.92 
  0.9948         7.322e-06       2.868e-01        288         579.80 
  0.9948         7.103e-06       2.364e-01        289         581.72 
  0.9948         6.949e-06       2.536e-01        290         583.71 
  0.9948         6.794e-06       2.454e-01        291         585.59 
  0.9948         6.751e-06       2.482e-01        292         587.47 
  0.9948         6.765e-06       2.268e-01        293         589.35 
  0.9949         6.668e-06       2.342e-01        294         591.23 
  0.9949         6.648e-06       2.171e-01        295         593.11 
  0.9949         6.435e-06       2.368e-01        296         595.11 
  0.9949         6.232e-06       2.326e-01        297         596.98 
  0.9949         5.975e-06       2.403e-01        298         598.86 
  0.9949         5.547e-06       2.574e-01        299         600.73 
  0.9949         5.399e-06       2.453e-01        300         602.60 
  0.9949         5.157e-06       2.626e-01        301         604.48 
  0.9949         5.103e-06       2.438e-01        302         606.35 
  0.9949         5.106e-06       2.481e-01        303         608.22 
  0.9949         5.109e-06       2.321e-01        304         610.28 
  0.9949         5.161e-06       2.353e-01        305         612.16 
  0.9949         5.104e-06       2.493e-01        306         614.04 
  0.9949         5.002e-06       2.363e-01        307         615.92 
  0.9949         4.803e-06       2.429e-01        308         617.80 
  0.9949         4.539e-06       2.584e-01        309         619.68 
  0.9949         4.360e-06       2.459e-01        310         621.56 
  0.9949         4.158e-06       2.720e-01        311         623.44 
  0.9949         4.035e-06       2.665e-01        312         625.32 
  0.9949         3.987e-06       2.519e-01        313         627.20 
  0.9949         3.985e-06       2.662e-01        314         629.07 
  0.9949         3.996e-06       2.318e-01        315         631.79 
  0.9949         4.031e-06       2.218e-01        316         633.67 
  0.9949         4.002e-06       2.448e-01        317         635.55 
  0.9949         4.005e-06       2.011e-01        318         637.43 
  0.9949         3.888e-06       2.404e-01        319         639.31 
  0.9949         3.734e-06       2.260e-01        320         641.20 
  0.9950         3.618e-06       2.690e-01        321         643.08 
  0.9950         3.462e-06       2.834e-01        322         644.99 
  0.9950         3.387e-06       2.610e-01        323         646.87 
  0.9950         3.305e-06       2.605e-01        324         648.75 
  0.9950         3.273e-06       2.394e-01        325         650.64 
  0.9950         3.283e-06       2.552e-01        326         652.51 
  0.9950         3.291e-06       2.387e-01        327         654.48 
  0.9950         3.286e-06       2.358e-01        328         656.37 
  0.9950         3.274e-06       2.154e-01        329         657.99 
  0.9950         3.209e-06       2.338e-01        330         659.61 
  0.9950         3.162e-06       2.322e-01        331         661.22 
  0.9950         3.086e-06       2.502e-01        332         662.83 
  0.9950         2.989e-06       2.525e-01        333         664.45 
  0.9950         2.922e-06       2.642e-01        334         666.05 
  0.9950         2.843e-06       2.342e-01        335         667.66 
  0.9950         2.791e-06       2.455e-01        336         669.27 
  0.9950         2.793e-06       2.813e-01        337         670.88 
  0.9950         2.774e-06       2.554e-01        338         672.49 

Found pulse of desired fidelity!
