 Goodness |  Improvement/step |  Step Size  |  Iterations  |  CPU Time
  0.7786         1.039e+00       5.886e-04          1         16.94 
  0.8379         9.919e-01       5.007e-04          2         26.82 
  0.8726         9.436e-01       4.598e-04          3         36.70 
  0.8919         8.946e-01       4.201e-04          4         46.87 
  0.9009         8.450e-01       4.397e-04          5         56.91 
  0.9089         7.954e-01       5.449e-04          6         66.86 
  0.9170         7.458e-01       5.227e-04          7         76.36 
  0.9223         6.961e-01       5.296e-04          8         86.04 
  0.9268         6.463e-01       4.706e-04          9         95.73 
  0.9308         5.965e-01       4.176e-04         10         105.43 
  0.9327         5.466e-01       4.381e-04         11         114.62 
  0.9341         4.967e-01       4.982e-04         12         123.16 
  0.9364         4.468e-01       6.197e-04         13         132.55 
  0.9388         3.969e-01       5.058e-04         14         141.87 
  0.9409         3.470e-01       5.030e-04         15         150.64 
  0.9427         2.971e-01       4.725e-04         16         160.03 
  0.9445         2.472e-01       4.475e-04         17         169.73 
  0.9459         1.973e-01       4.525e-04         18         179.76 
  0.9474         1.474e-01       5.852e-04         19         189.36 
  0.9491         9.746e-02       4.498e-04         20         198.74 
  0.9500         8.572e-03       4.944e-04         21         208.13 
  0.9512         5.664e-03       4.428e-04         22         217.54 
  0.9521         3.978e-03       4.708e-04         23         226.93 
  0.9532         3.061e-03       4.834e-04         24         236.32 
  0.9541         2.661e-03       4.803e-04         25         245.89 
  0.9547         2.293e-03       5.422e-04         26         255.39 
  0.9558         1.941e-03       4.396e-04         27         264.93 
  0.9569         1.726e-03       4.836e-04         28         274.73 
  0.9577         1.545e-03       5.203e-04         29         285.25 
  0.9586         1.391e-03       4.870e-04         30         295.52 
  0.9595         1.341e-03       4.549e-04         31         306.26 
  0.9604         1.315e-03       4.502e-04         32         315.97 
  0.9612         1.243e-03       4.591e-04         33         325.78 
  0.9620         1.155e-03       4.563e-04         34         335.66 
  0.9628         1.098e-03       4.687e-04         35         346.02 
  0.9635         1.042e-03       4.554e-04         36         355.07 
  0.9641         9.781e-04       4.432e-04         37         364.40 
  0.9647         9.391e-04       4.728e-04         38         373.31 
  0.9654         8.995e-04       4.641e-04         39         381.81 
  0.9662         8.524e-04       4.513e-04         40         391.75 
  0.9669         8.424e-04       3.966e-04         41         400.55 
  0.9672         7.996e-04       4.327e-04         42         410.01 
  0.9676         7.759e-04       4.961e-04         43         419.82 
  0.9683         7.596e-04       4.865e-04         44         429.28 
  0.9690         7.467e-04       4.036e-04         45         438.27 
  0.9694         7.362e-04       3.936e-04         46         448.43 
  0.9698         7.005e-04       4.526e-04         47         458.57 
  0.9702         6.686e-04       4.208e-04         48         468.28 
  0.9706         6.422e-04       4.329e-04         49         477.25 
  0.9710         6.200e-04       4.517e-04         50         486.77 
  0.9714         5.951e-04       3.722e-04         51         495.19 
  0.9717         5.639e-04       4.675e-04         52         505.15 
  0.9721         5.411e-04       4.739e-04         53         515.31 
  0.9725         5.259e-04       4.530e-04         54         524.51 
  0.9729         5.044e-04       4.492e-04         55         533.86 
  0.9734         4.926e-04       3.802e-04         56         543.22 
  0.9738         4.854e-04       4.461e-04         57         552.85 
  0.9742         4.751e-04       4.964e-04         58         562.51 
  0.9746         4.595e-04       4.193e-04         59         571.77 
  0.9750         4.414e-04       4.270e-04         60         580.26 
  0.9755         4.305e-04       4.484e-04         61         589.94 
  0.9758         4.282e-04       4.003e-04         62         598.42 
  0.9760         4.187e-04       4.360e-04         63         606.89 
  0.9764         4.020e-04       4.251e-04         64         615.08 
  0.9767         3.813e-04       4.056e-04         65         624.43 
  0.9769         3.715e-04       4.189e-04         66         634.09 
  0.9771         3.640e-04       4.179e-04         67         643.74 
  0.9774         3.579e-04       4.674e-04         68         652.25 
  0.9777         3.544e-04       4.408e-04         69         660.41 
  0.9780         3.486e-04       3.990e-04         70         668.56 
  0.9783         3.431e-04       4.162e-04         71         677.01 
  0.9786         3.458e-04       4.090e-04         72         685.74 
  0.9788         3.367e-04       4.253e-04         73         695.40 
  0.9790         3.267e-04       3.773e-04         74         704.53 
  0.9792         3.155e-04       4.008e-04         75         712.77 
  0.9794         2.987e-04       4.639e-04         76         721.31 
  0.9795         2.885e-04       4.048e-04         77         730.67 
  0.9797         2.766e-04       4.896e-04         78         740.05 
  0.9800         2.684e-04       4.438e-04         79         748.47 
  0.9802         2.611e-04       3.922e-04         80         756.64 
  0.9804         2.458e-04       4.485e-04         81         764.73 
  0.9806         2.424e-04       4.112e-04         82         772.82 
  0.9808         2.407e-04       4.183e-04         83         780.92 
  0.9811         2.336e-04       4.199e-04         84         789.01 
  0.9813         2.294e-04       4.207e-04         85         797.09 
  0.9815         2.292e-04       4.401e-04         86         806.45 
  0.9817         2.289e-04       4.094e-04         87         815.58 
  0.9819         2.263e-04       3.877e-04         88         823.68 
  0.9821         2.206e-04       4.365e-04         89         831.75 
  0.9823         2.133e-04       3.984e-04         90         840.22 
  0.9824         2.067e-04       3.924e-04         91         848.35 
  0.9826         1.996e-04       4.501e-04         92         857.77 
  0.9827         1.966e-04       4.279e-04         93         869.31 
  0.9828         1.917e-04       3.801e-04         94         879.18 
  0.9830         1.876e-04       4.752e-04         95         888.65 
  0.9831         1.872e-04       4.617e-04         96         898.51 
  0.9833         1.867e-04       4.138e-04         97         907.95 
  0.9834         1.850e-04       3.861e-04         98         917.74 
  0.9835         1.780e-04       3.793e-04         99         928.05 
  0.9836         1.706e-04       4.712e-04        100         937.67 
  0.9838         1.681e-04       4.301e-04        101         947.06 
  0.9839         1.629e-04       4.125e-04        102         957.43 
  0.9840         1.601e-04       4.311e-04        103         967.23 
  0.9842         1.568e-04       4.538e-04        104         977.06 
  0.9844         1.553e-04       4.025e-04        105         986.08 
  0.9845         1.529e-04       4.517e-04        106         995.55 
  0.9847         1.521e-04       3.890e-04        107         1005.49 
  0.9849         1.482e-04       3.753e-04        108         1015.52 
  0.9850         1.451e-04       3.727e-04        109         1024.90 
  0.9851         1.412e-04       4.247e-04        110         1034.68 
  0.9852         1.393e-04       4.118e-04        111         1044.03 
  0.9853         1.377e-04       4.419e-04        112         1053.37 
  0.9855         1.385e-04       4.109e-04        113         1062.73 
  0.9856         1.391e-04       3.704e-04        114         1072.08 
  0.9857         1.388e-04       3.718e-04        115         1081.51 
  0.9858         1.358e-04       3.947e-04        116         1090.88 
  0.9859         1.331e-04       4.351e-04        117         1099.38 
  0.9860         1.320e-04       3.730e-04        118         1107.82 
  0.9862         1.308e-04       3.825e-04        119         1116.85 
  0.9862         1.310e-04       4.239e-04        120         1125.05 
  0.9863         1.288e-04       3.936e-04        121         1134.40 
  0.9864         1.264e-04       4.381e-04        122         1143.76 
  0.9866         1.257e-04       4.027e-04        123         1153.12 
  0.9867         1.234e-04       3.752e-04        124         1162.49 
  0.9867         1.189e-04       4.085e-04        125         1171.85 
  0.9868         1.165e-04       3.824e-04        126         1181.22 
  0.9869         1.094e-04       4.174e-04        127         1190.69 
  0.9870         1.076e-04       4.007e-04        128         1199.58 
  0.9871         1.065e-04       3.968e-04        129         1207.71 
  0.9872         1.072e-04       3.793e-04        130         1216.34 
  0.9873         1.068e-04       4.051e-04        131         1226.19 
  0.9874         1.053e-04       4.135e-04        132         1234.45 
  0.9876         1.035e-04       3.972e-04        133         1242.63 
  0.9877         1.025e-04       3.293e-04        134         1250.75 
  0.9877         1.004e-04       3.586e-04        135         1258.88 
  0.9878         9.834e-05       4.409e-04        136         1267.03 
  0.9879         9.668e-05       3.735e-04        137         1275.46 
  0.9879         9.386e-05       4.461e-04        138         1284.63 
  0.9880         9.335e-05       4.595e-04        139         1294.00 
  0.9881         9.374e-05       3.792e-04        140         1303.36 
  0.9882         9.370e-05       4.009e-04        141         1312.76 
  0.9883         9.412e-05       4.162e-04        142         1322.13 
  0.9884         9.246e-05       3.870e-04        143         1331.51 
  0.9885         9.161e-05       4.099e-04        144         1340.91 
  0.9886         9.287e-05       3.760e-04        145         1350.28 
  0.9887         9.207e-05       4.014e-04        146         1359.13 
  0.9888         9.294e-05       3.797e-04        147         1368.51 
  0.9889         9.205e-05       4.280e-04        148         1376.94 
  0.9890         9.298e-05       3.953e-04        149         1385.07 
  0.9891         9.185e-05       3.499e-04        150         1393.19 
  0.9892         9.119e-05       3.440e-04        151         1402.11 
  0.9892         8.871e-05       3.653e-04        152         1411.48 
  0.9892         8.403e-05       3.578e-04        153         1420.78 
  0.9893         8.045e-05       4.251e-04        154         1428.93 
  0.9893         7.994e-05       4.278e-04        155         1437.50 
  0.9894         7.979e-05       3.814e-04        156         1445.67 
  0.9895         7.987e-05       3.822e-04        157         1454.76 
  0.9895         7.983e-05       3.583e-04        158         1464.12 
  0.9896         7.737e-05       3.583e-04        159         1473.66 
  0.9896         7.450e-05       4.096e-04        160         1483.46 
  0.9897         7.304e-05       3.737e-04        161         1492.90 
  0.9897         7.129e-05       3.724e-04        162         1502.26 
  0.9898         6.875e-05       3.580e-04        163         1511.88 
  0.9898         6.658e-05       3.726e-04        164         1520.78 
  0.9899         6.352e-05       3.761e-04        165         1529.31 
  0.9899         6.147e-05       3.998e-04        166         1537.44 
  0.9900         5.928e-05       3.937e-04        167         1545.73 
  0.9900         5.755e-05       3.605e-04        168         1554.87 

Found pulse of desired fidelity!
