 Goodness |  Improvement/step |  Step Size  |  Iterations  |  CPU Time
  0.1898         1.009e+00       6.325e-03          1         15.85 
  0.4472         9.724e-01       2.000e-03          2         26.39 
  0.4727         9.236e-01       6.325e-04          3         35.82 
  0.5083         8.754e-01       6.588e-04          4         45.37 
  0.6262         8.313e-01       5.074e-04          5         54.75 
  0.6562         7.828e-01       7.512e-04          6         67.05 
  0.6889         7.344e-01       7.743e-04          7         76.47 
  0.7175         6.859e-01       6.651e-04          8         85.54 
  0.7432         6.372e-01       5.896e-04          9         94.55 
  0.7569         5.878e-01       6.093e-04         10         102.92 
  0.7690         5.384e-01       6.417e-04         11         110.98 
  0.7793         4.890e-01       6.774e-04         12         120.24 
  0.7909         4.395e-01       6.278e-04         13         128.49 
  0.7997         3.900e-01       5.616e-04         14         137.01 
  0.8057         3.403e-01       5.739e-04         15         146.23 
  0.8110         2.905e-01       8.132e-04         16         158.45 
  0.8190         2.410e-01       6.598e-04         17         167.89 
  0.8269         1.913e-01       5.830e-04         18         177.27 
  0.8315         1.416e-01       6.210e-04         19         186.76 
  0.8372         9.186e-02       6.086e-04         20         196.95 
  0.8410         3.256e-02       5.985e-04         21         206.54 
  0.8459         1.993e-02       6.375e-04         22         215.91 
  0.8498         1.885e-02       6.324e-04         23         225.14 
  0.8553         1.735e-02       6.368e-04         24         234.50 
  0.8603         1.170e-02       5.421e-04         25         243.86 
  0.8638         1.038e-02       5.859e-04         26         254.33 
  0.8671         8.909e-03       6.540e-04         27         263.71 
  0.8719         7.721e-03       6.253e-04         28         273.18 
  0.8770         6.690e-03       5.411e-04         29         282.77 
  0.8808         6.192e-03       5.627e-04         30         292.43 
  0.8842         5.762e-03       6.546e-04         31         300.99 
  0.8887         5.470e-03       5.702e-04         32         310.17 
  0.8924         5.074e-03       5.445e-04         33         319.64 
  0.8950         4.767e-03       5.980e-04         34         329.12 
  0.8984         4.632e-03       6.174e-04         35         338.78 
  0.9011         4.504e-03       5.415e-04         36         348.31 
  0.9036         4.228e-03       6.169e-04         37         356.59 
  0.9065         3.983e-03       5.801e-04         38         365.04 
  0.9103         3.937e-03       5.515e-04         39         374.38 
  0.9124         3.761e-03       5.513e-04         40         383.74 
  0.9141         3.654e-03       6.202e-04         41         393.06 
  0.9160         3.503e-03       5.900e-04         42         401.18 
  0.9179         3.408e-03       5.705e-04         43         409.30 
  0.9195         3.212e-03       5.276e-04         44         418.27 
  0.9208         3.030e-03       5.730e-04         45         427.77 
  0.9222         2.921e-03       5.151e-04         46         437.73 
  0.9232         2.808e-03       5.631e-04         47         447.71 
  0.9246         2.634e-03       6.301e-04         48         457.32 
  0.9267         2.486e-03       6.090e-04         49         465.84 
  0.9292         2.421e-03       5.658e-04         50         474.33 
  0.9308         2.326e-03       5.730e-04         51         482.91 
  0.9316         2.148e-03       5.886e-04         52         491.98 
  0.9326         2.013e-03       7.155e-04         53         501.16 
  0.9347         1.985e-03       5.848e-04         54         510.94 
  0.9363         1.897e-03       6.029e-04         55         520.61 
  0.9380         1.849e-03       5.575e-04         56         529.15 
  0.9394         1.791e-03       5.215e-04         57         539.36 
  0.9406         1.704e-03       4.951e-04         58         549.58 
  0.9418         1.578e-03       5.692e-04         59         559.85 
  0.9434         1.550e-03       5.018e-04         60         569.40 
  0.9444         1.518e-03       5.672e-04         61         579.24 
  0.9452         1.462e-03       5.990e-04         62         590.43 
  0.9461         1.409e-03       6.214e-04         63         599.58 
  0.9471         1.379e-03       5.320e-04         64         609.90 
  0.9481         1.365e-03       5.078e-04         65         620.23 
  0.9487         1.327e-03       5.519e-04         66         630.57 
  0.9495         1.310e-03       5.011e-04         67         640.72 
  0.9501         1.277e-03       4.851e-04         68         650.80 

Found pulse of desired fidelity!
