 Goodness |  Improvement/step |  Step Size  |  Iterations  |  CPU Time
  0.9507         1.048e+00       3.934e-04          1         11.28 
  0.9511         9.976e-01       4.371e-04          2         21.51 
  0.9514         9.476e-01       4.529e-04          3         31.76 
  0.9516         8.976e-01       4.777e-04          4         41.79 
  0.9519         8.476e-01       5.900e-04          5         52.27 
  0.9522         7.976e-01       5.591e-04          6         61.57 
  0.9526         7.476e-01       5.176e-04          7         69.89 
  0.9529         6.976e-01       5.515e-04          8         78.10 
  0.9532         6.477e-01       6.534e-04          9         86.37 
  0.9536         5.977e-01       7.016e-04         10         94.46 
  0.9542         5.477e-01       6.281e-04         11         102.53 
  0.9547         4.977e-01       6.109e-04         12         110.61 
  0.9550         4.478e-01       5.733e-04         13         119.91 
  0.9554         3.978e-01       5.116e-04         14         129.74 
  0.9558         3.478e-01       5.374e-04         15         139.26 
  0.9562         2.978e-01       5.163e-04         16         148.66 
  0.9566         2.478e-01       5.643e-04         17         158.34 
  0.9570         1.978e-01       4.996e-04         18         168.00 
  0.9573         1.479e-01       5.754e-04         19         177.67 
  0.9577         9.788e-02       7.392e-04         20         188.16 
  0.9582         3.751e-04       6.451e-04         21         199.83 
  0.9588         3.844e-04       5.511e-04         22         209.88 
  0.9592         3.935e-04       4.722e-04         23         219.29 
  0.9595         3.929e-04       5.448e-04         24         227.57 
  0.9599         4.009e-04       5.868e-04         25         237.83 
  0.9604         4.078e-04       5.577e-04         26         248.29 
  0.9610         4.178e-04       4.970e-04         27         257.88 
  0.9614         4.233e-04       5.407e-04         28         266.75 
  0.9618         4.290e-04       5.776e-04         29         275.57 
  0.9622         4.296e-04       6.946e-04         30         285.44 
  0.9628         4.280e-04       7.269e-04         31         294.80 
  0.9636         4.437e-04       5.109e-04         32         304.23 
  0.9640         4.495e-04       6.094e-04         33         314.13 
  0.9646         4.590e-04       5.537e-04         34         323.51 
  0.9650         4.617e-04       6.233e-04         35         333.38 
  0.9658         4.811e-04       5.288e-04         36         342.97 
  0.9663         4.865e-04       4.334e-04         37         352.42 
  0.9666         4.834e-04       4.994e-04         38         361.84 
  0.9670         4.817e-04       5.829e-04         39         370.32 
  0.9673         4.838e-04       6.037e-04         40         379.09 
  0.9678         4.768e-04       5.635e-04         41         387.66 
  0.9682         4.697e-04       4.978e-04         42         396.94 
  0.9684         4.609e-04       5.753e-04         43         406.59 
  0.9689         4.725e-04       5.139e-04         44         416.00 
  0.9693         4.695e-04       5.104e-04         45         425.37 
  0.9696         4.623e-04       5.454e-04         46         434.77 
  0.9700         4.530e-04       5.306e-04         47         444.16 
  0.9704         4.496e-04       5.626e-04         48         453.93 
  0.9707         4.446e-04       6.564e-04         49         463.57 
  0.9711         4.458e-04       5.691e-04         50         473.41 
  0.9715         4.362e-04       4.756e-04         51         482.77 
  0.9718         4.131e-04       4.768e-04         52         492.80 
  0.9720         4.015e-04       5.219e-04         53         503.40 
  0.9723         3.853e-04       5.644e-04         54         511.64 
  0.9725         3.736e-04       5.586e-04         55         519.73 
  0.9728         3.469e-04       5.669e-04         56         528.43 
  0.9730         3.352e-04       5.680e-04         57         536.74 
  0.9733         3.315e-04       5.813e-04         58         546.27 
  0.9736         3.304e-04       5.408e-04         59         555.88 
  0.9738         3.234e-04       4.774e-04         60         564.64 
  0.9740         3.118e-04       5.533e-04         61         572.92 
  0.9743         3.071e-04       5.398e-04         62         582.34 
  0.9746         3.059e-04       5.054e-04         63         592.19 
  0.9748         2.910e-04       6.435e-04         64         601.55 
  0.9750         2.835e-04       6.283e-04         65         610.18 
  0.9753         2.832e-04       5.511e-04         66         618.28 
  0.9756         2.787e-04       5.211e-04         67         626.37 
  0.9758         2.693e-04       5.625e-04         68         635.56 
  0.9759         2.622e-04       5.292e-04         69         645.37 
  0.9761         2.501e-04       4.719e-04         70         654.93 
  0.9762         2.372e-04       5.212e-04         71         664.33 
  0.9764         2.282e-04       5.844e-04         72         673.68 
  0.9766         2.279e-04       5.189e-04         73         683.12 
  0.9767         2.235e-04       5.704e-04         74         692.47 
  0.9769         2.200e-04       5.926e-04         75         702.11 
  0.9771         2.176e-04       5.771e-04         76         711.66 
  0.9773         2.133e-04       5.003e-04         77         720.97 
  0.9775         2.090e-04       5.048e-04         78         730.35 
  0.9776         1.999e-04       4.796e-04         79         739.97 
  0.9777         1.948e-04       5.891e-04         80         749.42 
  0.9779         1.939e-04       5.392e-04         81         758.76 
  0.9781         1.894e-04       5.591e-04         82         768.12 
  0.9782         1.841e-04       4.728e-04         83         778.00 
  0.9783         1.789e-04       5.873e-04         84         788.19 
  0.9785         1.742e-04       6.067e-04         85         797.15 
  0.9786         1.636e-04       5.709e-04         86         806.38 
  0.9787         1.569e-04       5.186e-04         87         815.75 
  0.9789         1.552e-04       4.854e-04         88         825.14 
  0.9790         1.538e-04       5.397e-04         89         834.53 
  0.9792         1.530e-04       6.131e-04         90         843.92 
  0.9794         1.565e-04       5.441e-04         91         853.30 
  0.9795         1.572e-04       4.884e-04         92         862.69 
  0.9796         1.516e-04       5.141e-04         93         872.07 
  0.9797         1.480e-04       5.499e-04         94         881.44 
  0.9798         1.449e-04       5.499e-04         95         891.00 
  0.9799         1.407e-04       5.348e-04         96         900.36 
  0.9801         1.373e-04       5.011e-04         97         909.77 
  0.9802         1.367e-04       5.337e-04         98         919.12 
  0.9803         1.363e-04       5.811e-04         99         928.22 
  0.9804         1.352e-04       5.864e-04        100         936.24 
  0.9805         1.308e-04       6.199e-04        101         944.64 
  0.9806         1.279e-04       5.210e-04        102         954.04 
  0.9808         1.255e-04       5.437e-04        103         962.41 
  0.9809         1.267e-04       4.874e-04        104         970.38 
  0.9809         1.245e-04       5.572e-04        105         978.73 
  0.9811         1.238e-04       5.708e-04        106         988.67 
  0.9812         1.233e-04       5.073e-04        107         997.67 
  0.9813         1.218e-04       5.106e-04        108         1007.33 
  0.9814         1.191e-04       6.223e-04        109         1017.03 
  0.9815         1.172e-04       5.485e-04        110         1026.21 
  0.9816         1.130e-04       5.055e-04        111         1035.41 
  0.9817         1.089e-04       5.042e-04        112         1044.94 
  0.9818         1.088e-04       5.353e-04        113         1052.99 
  0.9819         1.097e-04       5.080e-04        114         1061.04 
  0.9820         1.078e-04       5.426e-04        115         1069.10 
  0.9820         1.063e-04       6.451e-04        116         1078.06 
  0.9822         1.059e-04       5.374e-04        117         1087.40 
  0.9823         1.048e-04       4.826e-04        118         1096.81 
  0.9823         1.020e-04       5.156e-04        119         1106.45 
  0.9824         1.004e-04       5.390e-04        120         1115.89 
  0.9825         9.961e-05       5.865e-04        121         1125.32 
  0.9826         9.782e-05       5.575e-04        122         1136.44 
  0.9827         9.615e-05       5.355e-04        123         1146.61 
  0.9828         9.479e-05       5.894e-04        124         1156.93 
  0.9829         9.599e-05       5.467e-04        125         1166.37 
  0.9830         9.530e-05       4.814e-04        126         1174.97 
  0.9830         9.191e-05       5.269e-04        127         1183.80 
  0.9831         9.004e-05       5.020e-04        128         1193.13 
  0.9832         8.957e-05       5.468e-04        129         1202.48 
  0.9833         8.802e-05       5.696e-04        130         1212.16 
  0.9833         8.680e-05       6.020e-04        131         1221.54 
  0.9835         8.754e-05       5.611e-04        132         1231.60 
  0.9835         8.752e-05       4.961e-04        133         1241.90 
  0.9836         8.763e-05       5.264e-04        134         1251.31 
  0.9837         8.847e-05       5.636e-04        135         1261.32 
  0.9838         8.860e-05       5.558e-04        136         1271.35 
  0.9839         8.677e-05       5.576e-04        137         1280.49 
  0.9840         8.567e-05       5.388e-04        138         1290.47 
  0.9841         8.740e-05       5.108e-04        139         1300.60 
  0.9842         8.744e-05       5.461e-04        140         1310.51 
  0.9842         8.723e-05       5.721e-04        141         1320.41 
  0.9844         8.752e-05       5.538e-04        142         1330.49 
  0.9845         8.850e-05       4.841e-04        143         1340.62 
  0.9845         8.839e-05       5.268e-04        144         1350.18 
  0.9846         8.676e-05       5.932e-04        145         1358.71 
  0.9847         8.542e-05       5.937e-04        146         1368.48 
  0.9848         8.575e-05       5.341e-04        147         1378.83 
  0.9849         8.735e-05       6.032e-04        148         1387.44 
  0.9850         8.972e-05       5.199e-04        149         1397.43 
  0.9850         8.893e-05       5.549e-04        150         1406.58 
  0.9851         8.809e-05       5.536e-04        151         1414.97 
  0.9852         8.644e-05       5.332e-04        152         1423.41 
  0.9853         8.518e-05       5.546e-04        153         1433.02 
  0.9853         8.411e-05       5.029e-04        154         1442.93 
  0.9854         8.270e-05       5.329e-04        155         1452.55 
  0.9854         8.088e-05       6.232e-04        156         1464.14 
  0.9855         8.079e-05       5.468e-04        157         1474.15 
  0.9856         8.024e-05       5.322e-04        158         1484.12 
  0.9857         7.890e-05       4.892e-04        159         1494.12 
  0.9857         7.713e-05       5.280e-04        160         1504.11 
  0.9858         7.525e-05       5.779e-04        161         1514.11 
  0.9858         7.274e-05       5.510e-04        162         1524.12 
  0.9859         7.065e-05       5.902e-04        163         1534.21 
  0.9859         6.965e-05       5.652e-04        164         1544.03 
  0.9860         6.969e-05       5.739e-04        165         1554.18 
  0.9861         6.894e-05       5.393e-04        166         1564.17 
  0.9861         6.763e-05       5.893e-04        167         1572.90 
  0.9862         6.641e-05       5.416e-04        168         1581.52 
  0.9863         6.427e-05       5.282e-04        169         1590.15 
  0.9863         6.366e-05       5.362e-04        170         1599.22 
  0.9864         6.233e-05       5.625e-04        171         1608.77 
  0.9864         6.168e-05       5.842e-04        172         1617.89 
  0.9865         6.100e-05       5.665e-04        173         1628.05 
  0.9865         6.008e-05       5.370e-04        174         1636.75 
  0.9866         5.992e-05       5.634e-04        175         1645.82 
  0.9866         6.009e-05       5.432e-04        176         1655.88 
  0.9867         5.813e-05       5.250e-04        177         1665.95 
  0.9867         5.661e-05       5.900e-04        178         1675.93 
  0.9868         5.575e-05       5.414e-04        179         1685.93 
  0.9868         5.615e-05       5.554e-04        180         1695.91 
  0.9869         5.580e-05       5.934e-04        181         1705.90 
  0.9869         5.585e-05       6.121e-04        182         1715.88 
  0.9870         5.681e-05       5.455e-04        183         1726.18 
  0.9871         5.672e-05       5.965e-04        184         1736.44 
  0.9871         5.618e-05       5.315e-04        185         1745.60 
  0.9872         5.549e-05       5.380e-04        186         1754.60 
  0.9872         5.493e-05       5.696e-04        187         1764.60 
  0.9873         5.336e-05       5.282e-04        188         1774.58 
  0.9873         5.196e-05       6.388e-04        189         1784.68 
  0.9874         5.261e-05       5.942e-04        190         1794.65 
  0.9874         5.407e-05       5.401e-04        191         1804.29 
  0.9875         5.391e-05       5.359e-04        192         1814.30 
  0.9875         5.346e-05       5.486e-04        193         1824.31 
  0.9876         5.325e-05       5.456e-04        194         1834.30 
  0.9876         5.312e-05       5.631e-04        195         1844.51 
  0.9877         5.246e-05       5.557e-04        196         1854.51 
  0.9877         5.247e-05       5.494e-04        197         1864.45 
  0.9878         5.241e-05       5.703e-04        198         1874.45 
  0.9878         5.251e-05       5.524e-04        199         1884.47 
  0.9879         5.241e-05       5.398e-04        200         1893.53 
  0.9879         5.246e-05       5.523e-04        201         1902.14 
  0.9880         5.175e-05       5.796e-04        202         1911.98 
  0.9880         5.031e-05       5.423e-04        203         1920.47 
  0.9880         4.963e-05       5.888e-04        204         1928.92 
  0.9881         4.951e-05       6.051e-04        205         1937.41 
  0.9882         5.012e-05       5.552e-04        206         1945.86 
  0.9882         4.992e-05       5.314e-04        207         1955.78 
  0.9883         4.962e-05       5.373e-04        208         1965.35 
  0.9883         4.967e-05       5.713e-04        209         1974.94 
  0.9883         4.861e-05       5.400e-04        210         1983.97 
  0.9884         4.703e-05       5.214e-04        211         1993.83 
  0.9884         4.591e-05       5.500e-04        212         2004.28 
  0.9884         4.496e-05       5.974e-04        213         2014.41 
  0.9885         4.471e-05       5.757e-04        214         2024.86 
  0.9885         4.439e-05       5.516e-04        215         2035.08 
  0.9886         4.441e-05       5.895e-04        216         2044.71 
  0.9886         4.424e-05       5.900e-04        217         2053.31 
  0.9887         4.461e-05       5.738e-04        218         2061.92 
  0.9887         4.551e-05       5.326e-04        219         2070.99 
  0.9888         4.587e-05       5.681e-04        220         2080.19 
  0.9888         4.588e-05       5.669e-04        221         2089.74 
  0.9889         4.596e-05       5.700e-04        222         2100.06 
  0.9889         4.646e-05       5.444e-04        223         2110.39 
  0.9890         4.704e-05       5.831e-04        224         2120.71 
  0.9890         4.673e-05       6.078e-04        225         2131.05 
  0.9891         4.672e-05       5.667e-04        226         2141.39 
  0.9892         4.792e-05       5.301e-04        227         2151.73 
  0.9892         4.837e-05       5.276e-04        228         2161.40 
  0.9893         4.864e-05       5.118e-04        229         2172.33 
  0.9893         4.838e-05       5.484e-04        230         2182.54 
  0.9893         4.841e-05       5.526e-04        231         2192.73 
  0.9894         4.866e-05       5.601e-04        232         2202.44 
  0.9894         4.921e-05       5.357e-04        233         2210.81 
  0.9895         4.882e-05       5.506e-04        234         2219.29 
  0.9895         4.828e-05       5.650e-04        235         2228.32 
  0.9895         4.795e-05       5.990e-04        236         2238.36 
  0.9896         4.787e-05       5.688e-04        237         2247.95 
  0.9896         4.771e-05       5.579e-04        238         2256.52 
  0.9897         4.665e-05       5.668e-04        239         2265.13 
  0.9897         4.631e-05       5.493e-04        240         2274.65 
  0.9898         4.655e-05       5.989e-04        241         2283.84 
  0.9898         4.708e-05       5.754e-04        242         2292.88 
  0.9899         4.704e-05       5.023e-04        243         2302.90 
  0.9899         4.671e-05       5.096e-04        244         2312.93 
  0.9900         4.599e-05       5.396e-04        245         2323.03 
  0.9900         4.452e-05       5.418e-04        246         2333.68 
  0.9900         4.274e-05       5.800e-04        247         2343.81 

Found pulse of desired fidelity!
