0.862 0.044 0.010 
 0.727 0.133 0.029 
 0.385 0.445 0.085 
 0.023 0.685 0.061 
 0.054 0.844 0.103 
 0.184 0.690 0.056 
 0.376 0.639 0.035 
 0.594 0.240 0.040 
 0.784 0.069 0.060 
 0.906 0.060 0.012 
 0.812 0.070 0.044 
 0.513 0.262 0.010 
 0.397 0.544 0.027 
 0.155 0.731 0.046 
 0.057 0.834 0.034 
 0.040 0.812 0.111 
 0.242 0.389 0.098 
 0.623 0.214 0.107 
 0.914 0.006 0.035 
 0.668 0.036 0.202 
 0.208 0.113 0.413 
 0.069 0.031 0.779 
 0.022 0.080 0.759 
 0.070 0.283 0.410 
 0.230 0.486 0.065 
 0.545 0.351 0.006 
 0.670 0.121 0.058 
 0.918 0.031 0.042 
 0.771 0.056 0.040 
 0.452 0.318 0.012 
 0.389 0.440 0.070 
 0.121 0.377 0.456 
 0.094 0.118 0.784 
 0.048 0.051 0.757 
 0.203 0.128 0.326 
 0.703 0.038 0.113 
 0.894 0.025 0.058 
 