##TITLE= C1235180_790fix8
##JCAMP-DX= 5.00 Bruker JCAMP library
##DATA TYPE= Shape Data
##ORIGIN= Colm Fixed Pulses 
##OWNER= d29lu
##DATE= 12-Jun-2014
##TIME= 11:47
##MINX= 1.234222e-01
##MAXX= 6.184773e+01
##MINY= -1.799326e+02
##MAXY= 1.793370e+02
##$SHAPE_EXMODE= None
##$SHAPE_TOTROT= 9.000000e+01
##$SHAPE_BWFAC= 1.000000e+00
##$SHAPE_INTEGFAC= 1.000000e+00
##$SHAPE_MODE= 1
##NPOINTS= 1000
##XYPOINTS= (XY..XY)
  4.090283e+00,  1.419895e+01
  3.552858e+00,  2.253614e+01
  3.071513e+00,  3.243587e+01
  2.759191e+00,  4.265082e+01
  2.553946e+00,  5.330022e+01
  2.402517e+00,  6.605789e+01
  2.340916e+00,  8.119348e+01
  2.408042e+00,  9.627677e+01
  2.575652e+00,  1.092238e+02
  2.806168e+00,  1.202234e+02
  3.087163e+00,  1.299941e+02
  3.397857e+00,  1.385842e+02
  3.695750e+00,  1.458522e+02
  3.947323e+00,  1.519903e+02
  4.147301e+00,  1.574032e+02
  4.298911e+00,  1.623819e+02
  4.390383e+00,  1.670032e+02
  4.401065e+00,  1.712793e+02
  4.323666e+00,  1.753217e+02
  4.168597e+00,  1.793370e+02
  3.945127e+00,  -1.765247e+02
  3.646793e+00,  -1.722709e+02
  3.261982e+00,  -1.679539e+02
  2.797551e+00,  -1.634140e+02
  2.285883e+00,  -1.580888e+02
  1.767043e+00,  -1.509851e+02
  1.269183e+00,  -1.404963e+02
  8.164874e-01,  -1.224746e+02
  5.039804e-01,  -8.263886e+01
  5.877890e-01,  -2.669700e+01
  9.568120e-01,  -6.272445e-01
  1.407444e+00,  1.045391e+01
  1.900087e+00,  1.690617e+01
  2.410331e+00,  2.185075e+01
  2.895682e+00,  2.619995e+01
  3.313285e+00,  3.018406e+01
  3.642355e+00,  3.391740e+01
  3.884006e+00,  3.754816e+01
  4.042188e+00,  4.122604e+01
  4.110636e+00,  4.505195e+01
  4.079582e+00,  4.909534e+01
  3.949945e+00,  5.345891e+01
  3.735639e+00,  5.832401e+01
  3.451850e+00,  6.395168e+01
  3.106547e+00,  7.068699e+01
  2.709506e+00,  7.903883e+01
  2.292076e+00,  8.983487e+01
  1.917376e+00,  1.042658e+02
  1.669989e+00,  1.232168e+02
  1.627304e+00,  1.452653e+02
  1.818567e+00,  1.661091e+02
  2.210119e+00,  -1.774393e+02
  2.733082e+00,  -1.654259e+02
  3.312862e+00,  -1.566154e+02
  3.891717e+00,  -1.498688e+02
  4.440219e+00,  -1.444401e+02
  4.947369e+00,  -1.399024e+02
  5.401182e+00,  -1.360040e+02
  5.782222e+00,  -1.325702e+02
  6.073396e+00,  -1.294881e+02
  6.268971e+00,  -1.267195e+02
  6.370852e+00,  -1.242659e+02
  6.379960e+00,  -1.220937e+02
  6.294791e+00,  -1.201156e+02
  6.116079e+00,  -1.182653e+02
  5.848441e+00,  -1.165708e+02
  5.497839e+00,  -1.151034e+02
  5.071737e+00,  -1.138452e+02
  4.582279e+00,  -1.126551e+02
  4.044893e+00,  -1.114425e+02
  3.471868e+00,  -1.103679e+02
  2.872523e+00,  -1.097634e+02
  2.266101e+00,  -1.097337e+02
  1.690321e+00,  -1.098060e+02
  1.186616e+00,  -1.091993e+02
  7.708870e-01,  -1.082260e+02
  4.189513e-01,  -1.111709e+02
  1.234222e-01,  -1.534246e+02
  2.870987e-01,  1.036156e+02
  5.779855e-01,  8.724855e+01
  8.221590e-01,  7.696163e+01
  1.014065e+00,  6.810538e+01
  1.170410e+00,  6.029494e+01
  1.317186e+00,  5.286526e+01
  1.483264e+00,  4.499247e+01
  1.694525e+00,  3.656436e+01
  1.967682e+00,  2.823747e+01
  2.308382e+00,  2.069861e+01
  2.714834e+00,  1.422121e+01
  3.178961e+00,  8.800760e+00
  3.684542e+00,  4.382741e+00
  4.210565e+00,  9.246419e-01
  4.739228e+00,  -1.636080e+00
  5.258731e+00,  -3.409618e+00
  5.757416e+00,  -4.550962e+00
  6.217728e+00,  -5.231291e+00
  6.618108e+00,  -5.596735e+00
  6.939959e+00,  -5.733461e+00
  7.171759e+00,  -5.658074e+00
  7.307704e+00,  -5.343571e+00
  7.344599e+00,  -4.769130e+00
  7.279700e+00,  -3.957291e+00
  7.109259e+00,  -2.965460e+00
  6.828774e+00,  -1.837599e+00
  6.437037e+00,  -5.599034e-01
  5.941311e+00,  9.444772e-01
  5.356472e+00,  2.794240e+00
  4.696826e+00,  5.149074e+00
  3.971346e+00,  8.267084e+00
  3.193754e+00,  1.264085e+01
  2.402101e+00,  1.929188e+01
  1.668909e+00,  3.056091e+01
  1.103348e+00,  5.205767e+01
  8.789928e-01,  8.965709e+01
  1.091808e+00,  1.244399e+02
  1.564404e+00,  1.425686e+02
  2.154297e+00,  1.513814e+02
  2.778415e+00,  1.558655e+02
  3.365133e+00,  1.580738e+02
  3.871141e+00,  1.589207e+02
  4.291931e+00,  1.588578e+02
  4.643008e+00,  1.580780e+02
  4.934681e+00,  1.565933e+02
  5.167969e+00,  1.543400e+02
  5.350589e+00,  1.513139e+02
  5.508395e+00,  1.476332e+02
  5.677028e+00,  1.434888e+02
  5.884382e+00,  1.390499e+02
  6.142368e+00,  1.344430e+02
  6.451488e+00,  1.298299e+02
  6.807810e+00,  1.254496e+02
  7.204573e+00,  1.215494e+02
  7.629525e+00,  1.182831e+02
  8.062234e+00,  1.156923e+02
  8.474923e+00,  1.137640e+02
  8.837664e+00,  1.124849e+02
  9.124624e+00,  1.118441e+02
  9.315728e+00,  1.118155e+02
  9.393463e+00,  1.123667e+02
  9.340915e+00,  1.134938e+02
  9.145357e+00,  1.152499e+02
  8.803458e+00,  1.177459e+02
  8.321515e+00,  1.211351e+02
  7.712344e+00,  1.256257e+02
  6.998132e+00,  1.315462e+02
  6.223725e+00,  1.394380e+02
  5.472154e+00,  1.500984e+02
  4.870374e+00,  1.643634e+02
  4.575685e+00,  -1.777547e+02
  4.722761e+00,  -1.582913e+02
  5.339662e+00,  -1.405754e+02
  6.331467e+00,  -1.264755e+02
  7.552117e+00,  -1.158061e+02
  8.870962e+00,  -1.076214e+02
  1.019935e+01,  -1.010645e+02
  1.148421e+01,  -9.556137e+01
  1.268377e+01,  -9.076971e+01
  1.374919e+01,  -8.649295e+01
  1.462906e+01,  -8.261643e+01
  1.528639e+01,  -7.906122e+01
  1.570660e+01,  -7.573956e+01
  1.588622e+01,  -7.253191e+01
  1.581541e+01,  -6.931776e+01
  1.547396e+01,  -6.603889e+01
  1.484698e+01,  -6.271531e+01
  1.394355e+01,  -5.936439e+01
  1.279553e+01,  -5.588019e+01
  1.143390e+01,  -5.198873e+01
  9.871190e+00,  -4.731777e+01
  8.120777e+00,  -4.143580e+01
  6.242895e+00,  -3.357368e+01
  4.379330e+00,  -2.152439e+01
  2.805048e+00,  1.857341e+00
  2.207080e+00,  4.843580e+01
  3.130660e+00,  8.907747e+01
  4.785080e+00,  1.081430e+02
  6.646471e+00,  1.185236e+02
  8.484778e+00,  1.256555e+02
  1.015548e+01,  1.313960e+02
  1.159602e+01,  1.364710e+02
  1.279898e+01,  1.411639e+02
  1.375211e+01,  1.455972e+02
  1.441231e+01,  1.499051e+02
  1.473590e+01,  1.542865e+02
  1.471616e+01,  1.589467e+02
  1.437973e+01,  1.640360e+02
  1.375541e+01,  1.696922e+02
  1.286361e+01,  1.761720e+02
  1.174521e+01,  -1.760324e+02
  1.049959e+01,  -1.661762e+02
  9.300922e+00,  -1.533509e+02
  8.394274e+00,  -1.368212e+02
  8.064764e+00,  -1.169952e+02
  8.525333e+00,  -9.640736e+01
  9.773339e+00,  -7.823012e+01
  1.161825e+01,  -6.373811e+01
  1.382496e+01,  -5.249327e+01
  1.619432e+01,  -4.363669e+01
  1.858039e+01,  -3.644152e+01
  2.088498e+01,  -3.036661e+01
  2.303909e+01,  -2.502023e+01
  2.498143e+01,  -2.013998e+01
  2.665007e+01,  -1.557075e+01
  2.799121e+01,  -1.122372e+01
  2.897002e+01,  -7.028920e+00
  2.957014e+01,  -2.904254e+00
  2.978394e+01,  1.246427e+00
  2.960757e+01,  5.513850e+00
  2.904514e+01,  9.966972e+00
  2.811458e+01,  1.466380e+01
  2.684938e+01,  1.968881e+01
  2.529799e+01,  2.518898e+01
  2.352534e+01,  3.138094e+01
  2.161754e+01,  3.852841e+01
  1.968636e+01,  4.691186e+01
  1.786948e+01,  5.679808e+01
  1.632494e+01,  6.837727e+01
  1.521826e+01,  8.160749e+01
  1.469230e+01,  9.597770e+01
  1.481114e+01,  1.104423e+02
  1.551215e+01,  1.238366e+02
  1.662764e+01,  1.354701e+02
  1.796239e+01,  1.452584e+02
  1.935061e+01,  1.534324e+02
  2.066087e+01,  1.602674e+02
  2.178195e+01,  1.660010e+02
  2.262461e+01,  1.708518e+02
  2.313492e+01,  1.750176e+02
  2.329246e+01,  1.786390e+02
  2.308808e+01,  -1.782245e+02
  2.250729e+01,  -1.755662e+02
  2.154104e+01,  -1.733888e+02
  2.020932e+01,  -1.717040e+02
  1.856441e+01,  -1.705903e+02
  1.666805e+01,  -1.702497e+02
  1.457361e+01,  -1.710224e+02
  1.234409e+01,  -1.734052e+02
  1.009493e+01,  -1.782019e+02
  8.030771e+00,  1.731248e+02
  6.469258e+00,  1.584212e+02
  5.811981e+00,  1.374641e+02
  6.249166e+00,  1.164001e+02
  7.480811e+00,  1.014507e+02
  9.054048e+00,  9.258474e+01
  1.065081e+01,  8.778773e+01
  1.208667e+01,  8.556735e+01
  1.325848e+01,  8.498730e+01
  1.410141e+01,  8.546035e+01
  1.456829e+01,  8.667061e+01
  1.463343e+01,  8.851381e+01
  1.429783e+01,  9.101561e+01
  1.357763e+01,  9.428673e+01
  1.249210e+01,  9.856261e+01
  1.107733e+01,  1.043138e+02
  9.424989e+00,  1.124265e+02
  7.722754e+00,  1.245369e+02
  6.305469e+00,  1.433231e+02
  5.714755e+00,  1.701734e+02
  6.422632e+00,  -1.617799e+02
  8.264527e+00,  -1.411295e+02
  1.075468e+01,  -1.276624e+02
  1.352874e+01,  -1.185416e+02
  1.636238e+01,  -1.119458e+02
  1.912238e+01,  -1.069019e+02
  2.172615e+01,  -1.028232e+02
  2.410612e+01,  -9.932143e+01
  2.619534e+01,  -9.617860e+01
  2.793560e+01,  -9.331997e+01
  2.928725e+01,  -9.072898e+01
  3.022441e+01,  -8.835753e+01
  3.072447e+01,  -8.611043e+01
  3.076978e+01,  -8.390770e+01
  3.036091e+01,  -8.174434e+01
  2.951911e+01,  -7.967178e+01
  2.827048e+01,  -7.771548e+01
  2.663227e+01,  -7.581842e+01
  2.462492e+01,  -7.387430e+01
  2.229780e+01,  -7.180807e+01
  1.973009e+01,  -6.960323e+01
  1.699472e+01,  -6.723013e+01
  1.412908e+01,  -6.453504e+01
  1.116073e+01,  -6.115979e+01
  8.171321e+00,  -5.638053e+01
  5.330350e+00,  -4.824067e+01
  2.919534e+00,  -2.884296e+01
  1.870591e+00,  2.843034e+01
  3.130830e+00,  7.415756e+01
  5.039526e+00,  8.812718e+01
  6.960058e+00,  9.371783e+01
  8.692339e+00,  9.639937e+01
  1.012152e+01,  9.751294e+01
  1.123101e+01,  9.749171e+01
  1.207205e+01,  9.656488e+01
  1.269448e+01,  9.484904e+01
  1.312012e+01,  9.231223e+01
  1.337685e+01,  8.884211e+01
  1.353324e+01,  8.440694e+01
  1.368419e+01,  7.914819e+01
  1.390987e+01,  7.331462e+01
  1.425822e+01,  6.714930e+01
  1.475473e+01,  6.088492e+01
  1.540731e+01,  5.480067e+01
  1.619625e+01,  4.918867e+01
  1.707128e+01,  4.424116e+01
  1.796453e+01,  3.999911e+01
  1.880603e+01,  3.640316e+01
  1.953122e+01,  3.336499e+01
  2.008371e+01,  3.079319e+01
  2.041630e+01,  2.858510e+01
  2.049076e+01,  2.662636e+01
  2.027817e+01,  2.480996e+01
  1.976272e+01,  2.304855e+01
  1.894679e+01,  2.125402e+01
  1.785002e+01,  1.929250e+01
  1.650258e+01,  1.695118e+01
  1.494191e+01,  1.393931e+01
  1.322047e+01,  9.897052e+00
  1.142098e+01,  4.354960e+00
  9.669144e+00,  -3.375312e+00
  8.140205e+00,  -1.425101e+01
  7.053894e+00,  -2.903409e+01
  6.615737e+00,  -4.680314e+01
  6.869296e+00,  -6.419777e+01
  7.624610e+00,  -7.820489e+01
  8.594273e+00,  -8.834644e+01
  9.532503e+00,  -9.552404e+01
  1.027424e+01,  -1.007402e+02
  1.072508e+01,  -1.047585e+02
  1.082984e+01,  -1.081491e+02
  1.054208e+01,  -1.114060e+02
  9.825780e+00,  -1.150792e+02
  8.693957e+00,  -1.199732e+02
  7.253227e+00,  -1.275844e+02
  5.750464e+00,  -1.411006e+02
  4.724154e+00,  -1.658953e+02
  5.091311e+00,  1.610634e+02
  7.107564e+00,  1.372210e+02
  1.015774e+01,  1.247683e+02
  1.375464e+01,  1.183988e+02
  1.762311e+01,  1.151085e+02
  2.160262e+01,  1.135562e+02
  2.559172e+01,  1.130995e+02
  2.949756e+01,  1.133909e+02
  3.321318e+01,  1.142273e+02
  3.663214e+01,  1.154886e+02
  3.967096e+01,  1.171047e+02
  4.226814e+01,  1.190364e+02
  4.436607e+01,  1.212638e+02
  4.590373e+01,  1.237867e+02
  4.682891e+01,  1.266234e+02
  4.711456e+01,  1.298155e+02
  4.676344e+01,  1.334302e+02
  4.580462e+01,  1.375600e+02
  4.429318e+01,  1.423165e+02
  4.231415e+01,  1.478276e+02
  3.998755e+01,  1.542554e+02
  3.747811e+01,  1.618204e+02
  3.501217e+01,  1.707929e+02
  3.288656e+01,  -1.786059e+02
  3.143933e+01,  -1.664053e+02
  3.097014e+01,  -1.530729e+02
  3.164623e+01,  -1.394772e+02
  3.345297e+01,  -1.265610e+02
  3.621175e+01,  -1.149744e+02
  3.964038e+01,  -1.049411e+02
  4.342609e+01,  -9.635959e+01
  4.728556e+01,  -8.898597e+01
  5.099128e+01,  -8.256905e+01
  5.436359e+01,  -7.690303e+01
  5.725182e+01,  -7.182223e+01
  5.952625e+01,  -6.718414e+01
  6.108254e+01,  -6.286581e+01
  6.184773e+01,  -5.876957e+01
  6.178055e+01,  -5.482326e+01
  6.086607e+01,  -5.097058e+01
  5.910914e+01,  -4.715790e+01
  5.653308e+01,  -4.332442e+01
  5.318685e+01,  -3.939696e+01
  4.915235e+01,  -3.528392e+01
  4.453758e+01,  -3.086149e+01
  3.945814e+01,  -2.594455e+01
  3.403321e+01,  -2.023461e+01
  2.841524e+01,  -1.322653e+01
  2.284227e+01,  -4.018325e+00
  1.769698e+01,  9.081151e+00
  1.361600e+01,  2.896057e+01
  1.160651e+01,  5.739578e+01
  1.236845e+01,  8.718840e+01
  1.512957e+01,  1.090017e+02
  1.863241e+01,  1.232233e+02
  2.210336e+01,  1.329974e+02
  2.515445e+01,  1.403187e+02
  2.758896e+01,  1.462238e+02
  2.928707e+01,  1.512660e+02
  3.015730e+01,  1.557648e+02
  3.014456e+01,  1.599257e+02
  2.924863e+01,  1.639143e+02
  2.750573e+01,  1.679024e+02
  2.494612e+01,  1.720910e+02
  2.159053e+01,  1.767329e+02
  1.750879e+01,  -1.777443e+02
  1.288435e+01,  -1.702225e+02
  8.061677e+00,  -1.565637e+02
  4.159941e+00,  -1.152070e+02
  5.664090e+00,  -4.326661e+01
  1.087214e+01,  -1.885089e+01
  1.682580e+01,  -8.739079e+00
  2.293904e+01,  -2.380213e+00
  2.890196e+01,  2.498736e+00
  3.450975e+01,  6.614563e+00
  3.965141e+01,  1.029616e+01
  4.425385e+01,  1.374588e+01
  4.822691e+01,  1.708756e+01
  5.145919e+01,  2.038540e+01
  5.385220e+01,  2.368102e+01
  5.534910e+01,  2.702727e+01
  5.593404e+01,  3.049012e+01
  5.561363e+01,  3.412959e+01
  5.440652e+01,  3.799616e+01
  5.235314e+01,  4.215806e+01
  4.953258e+01,  4.673467e+01
  4.606485e+01,  5.190754e+01
  4.209885e+01,  5.791831e+01
  3.781331e+01,  6.508980e+01
  3.344859e+01,  7.387641e+01
  2.934998e+01,  8.488006e+01
  2.598185e+01,  9.868237e+01
  2.387188e+01,  1.152988e+02
  2.343260e+01,  1.334365e+02
  2.470369e+01,  1.507432e+02
  2.729519e+01,  1.654339e+02
  3.063377e+01,  1.771663e+02
  3.421491e+01,  -1.735533e+02
  3.768087e+01,  -1.660930e+02
  4.078208e+01,  -1.599702e+02
  4.332400e+01,  -1.548462e+02
  4.515507e+01,  -1.504636e+02
  4.618272e+01,  -1.466240e+02
  4.637074e+01,  -1.431987e+02
  4.570764e+01,  -1.401342e+02
  4.418462e+01,  -1.374167e+02
  4.181304e+01,  -1.350303e+02
  3.865164e+01,  -1.329565e+02
  3.479596e+01,  -1.312233e+02
  3.033687e+01,  -1.299660e+02
  2.535257e+01,  -1.294695e+02
  1.996419e+01,  -1.302692e+02
  1.440486e+01,  -1.336518e+02
  9.092821e+00,  -1.439221e+02
  5.241331e+00,  -1.781142e+02
  6.271143e+00,  1.258891e+02
  1.071146e+01,  1.043165e+02
  1.574885e+01,  9.765403e+01
  2.065103e+01,  9.549446e+01
  2.509969e+01,  9.520197e+01
  2.893372e+01,  9.591835e+01
  3.209167e+01,  9.725709e+01
  3.453373e+01,  9.899663e+01
  3.619755e+01,  1.010320e+02
  3.702065e+01,  1.033595e+02
  3.698513e+01,  1.060328e+02
  3.612672e+01,  1.091144e+02
  3.450690e+01,  1.126728e+02
  3.218933e+01,  1.168340e+02
  2.925279e+01,  1.218629e+02
  2.583033e+01,  1.282462e+02
  2.214954e+01,  1.367915e+02
  1.857442e+01,  1.487761e+02
  1.568026e+01,  1.658810e+02
  1.429585e+01,  -1.714328e+02
  1.510246e+01,  -1.473317e+02
  1.791393e+01,  -1.277463e+02
  2.195328e+01,  -1.139162e+02
  2.654566e+01,  -1.042195e+02
  3.126478e+01,  -9.712328e+01
  3.584779e+01,  -9.170876e+01
  4.012026e+01,  -8.744338e+01
  4.395706e+01,  -8.397213e+01
  4.726623e+01,  -8.103890e+01
  4.997946e+01,  -7.848226e+01
  5.204542e+01,  -7.622690e+01
  5.343018e+01,  -7.424142e+01
  5.412343e+01,  -7.249251e+01
  5.413915e+01,  -7.093345e+01
  5.350517e+01,  -6.952492e+01
  5.225420e+01,  -6.825262e+01
  5.042850e+01,  -6.711720e+01
  4.809125e+01,  -6.610802e+01
  4.532442e+01,  -6.518948e+01
  4.221037e+01,  -6.430924e+01
  3.881751e+01,  -6.341236e+01
  3.520681e+01,  -6.243805e+01
  3.144808e+01,  -6.129356e+01
  2.762185e+01,  -5.981681e+01
  2.380459e+01,  -5.773965e+01
  2.006360e+01,  -5.463840e+01
  1.648391e+01,  -4.981747e+01
  1.322197e+01,  -4.205935e+01
  1.057387e+01,  -2.938406e+01
  9.034632e+00,  -1.013972e+01
  9.111436e+00,  1.251998e+01
  1.075700e+01,  3.116577e+01
  1.343430e+01,  4.332122e+01
  1.667608e+01,  5.074727e+01
  2.021111e+01,  5.530931e+01
  2.389193e+01,  5.818380e+01
  2.763319e+01,  6.008496e+01
  3.136995e+01,  6.144777e+01
  3.503575e+01,  6.252073e+01
  3.855900e+01,  6.343759e+01
  4.186807e+01,  6.428054e+01
  4.489388e+01,  6.511707e+01
  4.756786e+01,  6.600750e+01
  4.981929e+01,  6.700003e+01
  5.157667e+01,  6.812563e+01
  5.277461e+01,  6.939464e+01
  5.336138e+01,  7.079831e+01
  5.330230e+01,  7.232503e+01
  5.257758e+01,  7.398957e+01
  5.117995e+01,  7.585201e+01
  4.911696e+01,  7.800308e+01
  4.641531e+01,  8.052828e+01
  4.312281e+01,  8.349579e+01
  3.930773e+01,  8.700026e+01
  3.506168e+01,  9.124362e+01
  3.051012e+01,  9.661076e+01
  2.583100e+01,  1.037414e+02
  2.129104e+01,  1.136668e+02
  1.732139e+01,  1.279928e+02
  1.461859e+01,  1.483324e+02
  1.398727e+01,  1.730503e+02
  1.556558e+01,  -1.643302e+02
  1.859343e+01,  -1.476838e+02
  2.223210e+01,  -1.360781e+02
  2.593899e+01,  -1.277215e+02
  2.937984e+01,  -1.214259e+02
  3.233270e+01,  -1.164837e+02
  3.465260e+01,  -1.124284e+02
  3.625271e+01,  -1.089486e+02
  3.707751e+01,  -1.058751e+02
  3.708123e+01,  -1.031456e+02
  3.623488e+01,  -1.007327e+02
  3.454957e+01,  -9.860244e+01
  3.207596e+01,  -9.674164e+01
  2.886954e+01,  -9.522759e+01
  2.497019e+01,  -9.426501e+01
  2.044231e+01,  -9.421028e+01
  1.544493e+01,  -9.581002e+01
  1.027136e+01,  -1.014609e+02
  5.567312e+00,  -1.223498e+02
  4.501029e+00,  1.721481e+02
  8.767899e+00,  1.379893e+02
  1.427646e+01,  1.294790e+02
  1.994650e+01,  1.270073e+02
  2.540695e+01,  1.266876e+02
  3.044083e+01,  1.274925e+02
  3.494106e+01,  1.290160e+02
  3.884344e+01,  1.310002e+02
  4.206522e+01,  1.332802e+02
  4.450834e+01,  1.357997e+02
  4.610248e+01,  1.385864e+02
  4.682549e+01,  1.416974e+02
  4.668769e+01,  1.451787e+02
  4.571442e+01,  1.490789e+02
  4.395218e+01,  1.534850e+02
  4.148548e+01,  1.585553e+02
  3.844531e+01,  1.645382e+02
  3.501374e+01,  1.717885e+02
  3.144243e+01,  -1.792108e+02
  2.808542e+01,  -1.678709e+02
  2.541928e+01,  -1.537080e+02
  2.399079e+01,  -1.369271e+02
  2.421626e+01,  -1.190500e+02
  2.612031e+01,  -1.023579e+02
  2.932427e+01,  -8.831146e+01
  3.329912e+01,  -7.704740e+01
  3.757770e+01,  -6.804096e+01
  4.181553e+01,  -6.069494e+01
  4.576744e+01,  -5.453859e+01
  4.924553e+01,  -4.923294e+01
  5.209434e+01,  -4.453604e+01
  5.418956e+01,  -4.027999e+01
  5.544718e+01,  -3.635568e+01
  5.582438e+01,  -3.268928e+01
  5.530674e+01,  -2.921415e+01
  5.389381e+01,  -2.585902e+01
  5.159906e+01,  -2.256205e+01
  4.846739e+01,  -1.928763e+01
  4.458751e+01,  -1.601360e+01
  4.007531e+01,  -1.268709e+01
  3.503391e+01,  -9.186214e+00
  2.953728e+01,  -5.316455e+00
  2.367228e+01,  -7.975363e-01
  1.760688e+01,  4.921901e+00
  1.161870e+01,  1.353212e+01
  6.170977e+00,  3.269423e+01
  3.507537e+00,  1.003807e+02
  6.913510e+00,  1.531269e+02
  1.162952e+01,  1.683944e+02
  1.620559e+01,  1.762242e+02
  2.028831e+01,  -1.781828e+02
  2.367018e+01,  -1.735441e+02
  2.625422e+01,  -1.693802e+02
  2.801637e+01,  -1.654128e+02
  2.894544e+01,  -1.614417e+02
  2.902107e+01,  -1.573233e+02
  2.823419e+01,  -1.529248e+02
  2.661206e+01,  -1.480428e+02
  2.422879e+01,  -1.423148e+02
  2.121634e+01,  -1.351355e+02
  1.779302e+01,  -1.254636e+02
  1.433154e+01,  -1.113284e+02
  1.154809e+01,  -8.932053e+01
  1.072118e+01,  -5.834416e+01
  1.275229e+01,  -2.869901e+01
  1.689512e+01,  -8.682154e+00
  2.204668e+01,  4.131467e+00
  2.755476e+01,  1.309859e+01
  3.307247e+01,  1.999216e+01
  3.840031e+01,  2.564920e+01
  4.339445e+01,  3.050989e+01
  4.792257e+01,  3.486260e+01
  5.186315e+01,  3.891741e+01
  5.512162e+01,  4.281432e+01
  5.763286e+01,  4.663506e+01
  5.934917e+01,  5.043526e+01
  6.023598e+01,  5.427369e+01
  6.028412e+01,  5.821629e+01
  5.952033e+01,  6.232403e+01
  5.799911e+01,  6.665406e+01
  5.578825e+01,  7.128503e+01
  5.297219e+01,  7.634237e+01
  4.967066e+01,  8.199403e+01
  4.604647e+01,  8.842496e+01
  4.229318e+01,  9.582847e+01
  3.862757e+01,  1.044281e+02
  3.530452e+01,  1.144715e+02
  3.262528e+01,  1.261006e+02
  3.088790e+01,  1.391077e+02
  3.028123e+01,  1.527898e+02
  3.080296e+01,  1.661547e+02
  3.227031e+01,  1.783595e+02
  3.439495e+01,  -1.710176e+02
  3.685876e+01,  -1.620040e+02
  3.936932e+01,  -1.544063e+02
  4.169259e+01,  -1.479712e+02
  4.365954e+01,  -1.424746e+02
  4.515413e+01,  -1.377401e+02
  4.609787e+01,  -1.336263e+02
  4.644042e+01,  -1.300138e+02
  4.615531e+01,  -1.268077e+02
  4.523947e+01,  -1.239424e+02
  4.371457e+01,  -1.213873e+02
  4.162456e+01,  -1.191395e+02
  3.902735e+01,  -1.172089e+02
  3.598785e+01,  -1.156020e+02
  3.257934e+01,  -1.143227e+02
  2.888882e+01,  -1.134023e+02
  2.501217e+01,  -1.129564e+02
  2.104046e+01,  -1.132306e+02
  1.706006e+01,  -1.146285e+02
  1.318015e+01,  -1.178134e+02
  9.571357e+00,  -1.241406e+02
  6.511876e+00,  -1.369628e+02
  4.529619e+00,  -1.631485e+02
  4.363471e+00,  1.603733e+02
  5.634020e+00,  1.357515e+02
  7.295478e+00,  1.233264e+02
  8.830082e+00,  1.163877e+02
  1.002053e+01,  1.118827e+02
  1.078256e+01,  1.085898e+02
  1.111349e+01,  1.058376e+02
  1.104719e+01,  1.030516e+02
  1.062349e+01,  9.967650e+01
  9.891869e+00,  9.518791e+01
  8.936366e+00,  8.900370e+01
  7.898608e+00,  8.028134e+01
  6.992547e+00,  6.791022e+01
  6.497762e+00,  5.144334e+01
  6.661107e+00,  3.297269e+01
  7.516602e+00,  1.643530e+01
  8.881584e+00,  3.922116e+00
  1.052705e+01,  -4.863092e+00
  1.226847e+01,  -1.094638e+01
  1.396901e+01,  -1.526929e+01
  1.553001e+01,  -1.852978e+01
  1.688714e+01,  -2.116821e+01
  1.800384e+01,  -2.341526e+01
  1.885884e+01,  -2.539995e+01
  1.943613e+01,  -2.725403e+01
  1.972640e+01,  -2.914151e+01
  1.973640e+01,  -3.121646e+01
  1.949564e+01,  -3.357857e+01
  1.905058e+01,  -3.628185e+01
  1.845193e+01,  -3.938187e+01
  1.774716e+01,  -4.296320e+01
  1.698487e+01,  -4.711366e+01
  1.622358e+01,  -5.186710e+01
  1.552867e+01,  -5.716133e+01
  1.495380e+01,  -6.283670e+01
  1.452099e+01,  -6.867002e+01
  1.421753e+01,  -7.440863e+01
  1.400733e+01,  -7.978399e+01
  1.383872e+01,  -8.453878e+01
  1.364390e+01,  -8.850504e+01
  1.334642e+01,  -9.167004e+01
  1.288353e+01,  -9.411647e+01
  1.222160e+01,  -9.584784e+01
  1.134142e+01,  -9.666919e+01
  1.021121e+01,  -9.625969e+01
  8.792981e+00,  -9.432398e+01
  7.091230e+00,  -9.046954e+01
  5.202470e+00,  -8.330281e+01
  3.363363e+00,  -6.711261e+01
  2.302572e+00,  -2.440815e+01
  3.292139e+00,  2.348625e+01
  5.538254e+00,  4.317684e+01
  8.243406e+00,  5.232617e+01
  1.113686e+01,  5.800356e+01
  1.404685e+01,  6.207390e+01
  1.686749e+01,  6.518274e+01
  1.954886e+01,  6.771463e+01
  2.205261e+01,  6.996784e+01
  2.432060e+01,  7.213375e+01
  2.628620e+01,  7.428945e+01
  2.790053e+01,  7.644214e+01
  2.913599e+01,  7.858421e+01
  2.996895e+01,  8.072524e+01
  3.037167e+01,  8.289819e+01
  3.032566e+01,  8.514903e+01
  2.983607e+01,  8.751812e+01
  2.892611e+01,  9.002795e+01
  2.761943e+01,  9.269502e+01
  2.593588e+01,  9.556523e+01
  2.390699e+01,  9.874394e+01
  2.158924e+01,  1.023934e+02
  1.905571e+01,  1.067151e+02
  1.637885e+01,  1.119817e+02
  1.363615e+01,  1.186788e+02
  1.094946e+01,  1.277773e+02
  8.536498e+00,  1.410891e+02
  6.754717e+00,  1.611138e+02
  6.051949e+00,  -1.723415e+02
  6.566769e+00,  -1.467816e+02
  7.880241e+00,  -1.283344e+02
  9.493314e+00,  -1.160997e+02
  1.108506e+01,  -1.076721e+02
  1.247152e+01,  -1.015101e+02
  1.355593e+01,  -9.682960e+01
  1.429039e+01,  -9.324169e+01
  1.464588e+01,  -9.052368e+01
  1.460593e+01,  -8.854118e+01
  1.417655e+01,  -8.726670e+01
  1.338783e+01,  -8.680462e+01
  1.228215e+01,  -8.737970e+01
  1.091123e+01,  -8.935241e+01
  9.359823e+00,  -9.337748e+01
  7.786434e+00,  -1.007424e+02
  6.467337e+00,  -1.135327e+02
  5.815153e+00,  -1.328705e+02
  6.182893e+00,  -1.542671e+02
  7.487660e+00,  -1.706810e+02
  9.354665e+00,  1.792544e+02
  1.146130e+01,  1.736956e+02
  1.359717e+01,  1.709533e+02
  1.562875e+01,  1.699509e+02
  1.746862e+01,  1.700543e+02
  1.905452e+01,  1.709331e+02
  2.034002e+01,  1.724398e+02
  2.129217e+01,  1.744991e+02
  2.188911e+01,  1.770513e+02
  2.211859e+01,  -1.799326e+02
  2.198174e+01,  -1.764157e+02
  2.149848e+01,  -1.722964e+02
  2.070652e+01,  -1.674446e+02
  1.965566e+01,  -1.617158e+02
  1.841111e+01,  -1.549173e+02
  1.706948e+01,  -1.467696e+02
  1.577170e+01,  -1.369461e+02
  1.469322e+01,  -1.252329e+02
  1.401364e+01,  -1.117652e+02
  1.387923e+01,  -9.720986e+01
  1.436114e+01,  -8.269340e+01
  1.542056e+01,  -6.934190e+01
  1.691893e+01,  -5.776414e+01
  1.867752e+01,  -4.797001e+01
  2.053530e+01,  -3.966125e+01
  2.236702e+01,  -3.250877e+01
  2.407324e+01,  -2.625202e+01
  2.557073e+01,  -2.068676e+01
  2.679449e+01,  -1.564097e+01
  2.769961e+01,  -1.097159e+01
  2.825540e+01,  -6.565351e+00
  2.843870e+01,  -2.329963e+00
  2.823606e+01,  1.814118e+00
  2.765036e+01,  5.934168e+00
  2.670037e+01,  1.009065e+01
  2.541334e+01,  1.435954e+01
  2.381994e+01,  1.885620e+01
  2.195775e+01,  2.373435e+01
  1.987762e+01,  2.916490e+01
  1.764510e+01,  3.534158e+01
  1.533979e+01,  4.255409e+01
  1.306067e+01,  5.131222e+01
  1.094087e+01,  6.244680e+01
  9.165691e+00,  7.702428e+01
  7.972597e+00,  9.564352e+01
  7.567441e+00,  1.168381e+02
  7.947325e+00,  1.369369e+02
  8.870813e+00,  1.533400e+02
  1.004494e+01,  1.660132e+02
  1.124911e+01,  1.759271e+02
  1.233872e+01,  -1.760844e+02
  1.322151e+01,  -1.694738e+02
  1.384304e+01,  -1.638307e+02
  1.417424e+01,  -1.588016e+02
  1.419719e+01,  -1.541264e+02
  1.389940e+01,  -1.496730e+02
  1.328315e+01,  -1.453747e+02
  1.237467e+01,  -1.411014e+02
  1.121264e+01,  -1.365872e+02
  9.825482e+00,  -1.314672e+02
  8.233517e+00,  -1.253178e+02
  6.488197e+00,  -1.174598e+02
  4.714512e+00,  -1.061501e+02
  3.148789e+00,  -8.616594e+01
  2.317001e+00,  -4.689901e+01
  2.872608e+00,  -3.829206e+00
  4.324730e+00,  1.897314e+01
  6.074072e+00,  3.101039e+01
  7.860254e+00,  3.887211e+01
  9.537022e+00,  4.484911e+01
  1.103715e+01,  4.978844e+01
  1.234529e+01,  5.406050e+01
  1.344901e+01,  5.788265e+01
  1.431772e+01,  6.141612e+01
  1.492251e+01,  6.477776e+01
  1.525925e+01,  6.804811e+01
  1.534286e+01,  7.130038e+01
  1.518619e+01,  7.461835e+01
  1.479304e+01,  7.807319e+01
  1.416970e+01,  8.169257e+01
  1.333634e+01,  8.548833e+01
  1.232711e+01,  8.955217e+01
  1.118424e+01,  9.413330e+01
  9.954213e+00,  9.960733e+01
  8.686493e+00,  1.063697e+02
  7.435717e+00,  1.148143e+02
  6.273647e+00,  1.254981e+02
  5.309668e+00,  1.392407e+02
  4.689700e+00,  1.564417e+02
  4.525954e+00,  1.754977e+02
  4.794059e+00,  -1.668797e+02
  5.352344e+00,  -1.526801e+02
  6.051806e+00,  -1.418982e+02
  6.782107e+00,  -1.338574e+02
  7.466153e+00,  -1.278787e+02
  8.054849e+00,  -1.233840e+02
  8.523523e+00,  -1.199483e+02
  8.862444e+00,  -1.173419e+02
  9.067415e+00,  -1.154758e+02
  9.138446e+00,  -1.142872e+02
  9.082884e+00,  -1.136787e+02
  8.914708e+00,  -1.135643e+02
  8.650835e+00,  -1.139470e+02
  8.310811e+00,  -1.149135e+02
  7.919605e+00,  -1.165384e+02
  7.505615e+00,  -1.188063e+02
  7.092559e+00,  -1.216476e+02
  6.695490e+00,  -1.250322e+02
  6.326523e+00,  -1.289659e+02
  6.000117e+00,  -1.333515e+02
  5.726514e+00,  -1.378915e+02
  5.500591e+00,  -1.422112e+02
  5.301963e+00,  -1.460847e+02
  5.105919e+00,  -1.494711e+02
  4.891479e+00,  -1.523391e+02
  4.641882e+00,  -1.545441e+02
  4.343612e+00,  -1.559122e+02
  3.987145e+00,  -1.563834e+02
  3.565993e+00,  -1.559689e+02
  3.076257e+00,  -1.544992e+02
  2.524636e+00,  -1.513275e+02
  1.943573e+00,  -1.450551e+02
  1.399710e+00,  -1.329548e+02
  9.956789e-01,  -1.098725e+02
  8.841117e-01,  -7.366205e+01
  1.145948e+00,  -4.213854e+01
  1.672182e+00,  -2.488012e+01
  2.353321e+00,  -1.592750e+01
  3.100861e+00,  -1.078741e+01
  3.835752e+00,  -7.410429e+00
  4.511934e+00,  -4.887530e+00
  5.119318e+00,  -2.802794e+00
  5.658326e+00,  -9.800626e-01
  6.117903e+00,  6.173028e-01
  6.479056e+00,  1.966177e+00
  6.731626e+00,  3.063982e+00
  6.879343e+00,  3.960861e+00
  6.928642e+00,  4.715117e+00
  6.879067e+00,  5.322291e+00
  6.728372e+00,  5.707153e+00
  6.483690e+00,  5.796199e+00
  6.162041e+00,  5.587615e+00
  5.779194e+00,  5.129305e+00
  5.342646e+00,  4.418140e+00
  4.858995e+00,  3.332907e+00
  4.345227e+00,  1.679681e+00
  3.827145e+00,  -7.050787e-01
  3.325848e+00,  -3.922093e+00
  2.851291e+00,  -8.099503e+00
  2.413384e+00,  -1.347139e+01
  2.034299e+00,  -2.022675e+01
  1.739272e+00,  -2.814918e+01
  1.532052e+00,  -3.656203e+01
  1.387007e+00,  -4.493870e+01
  1.267791e+00,  -5.321793e+01
  1.147180e+00,  -6.113613e+01
  1.010168e+00,  -6.777682e+01
  8.500668e-01,  -7.239647e+01
  6.654278e-01,  -7.603177e+01
  4.532555e-01,  -8.338573e+01
  2.327418e-01,  -1.132110e+02
  2.669918e-01,  1.625854e+02
  5.922836e-01,  1.327069e+02
  9.886702e-01,  1.216812e+02
  1.433314e+00,  1.160168e+02
  1.930201e+00,  1.132140e+02
  2.473955e+00,  1.119955e+02
  3.037178e+00,  1.115720e+02
  3.582197e+00,  1.116496e+02
  4.084512e+00,  1.121851e+02
  4.539731e+00,  1.131118e+02
  4.947626e+00,  1.142900e+02
  5.295829e+00,  1.156294e+02
  5.563592e+00,  1.171542e+02
  5.737655e+00,  1.189203e+02
  5.819013e+00,  1.209186e+02
  5.814399e+00,  1.230990e+02
  5.726055e+00,  1.254766e+02
  5.551552e+00,  1.281597e+02
  5.290291e+00,  1.312655e+02
  4.947442e+00,  1.348445e+02
  4.532794e+00,  1.389296e+02
  4.058972e+00,  1.436646e+02
  3.541645e+00,  1.493829e+02
  3.001733e+00,  1.566020e+02
  2.469960e+00,  1.660600e+02
  1.993050e+00,  1.788513e+02
  1.635366e+00,  -1.637897e+02
  1.462871e+00,  -1.421777e+02
  1.501631e+00,  -1.200680e+02
  1.717297e+00,  -1.015841e+02
  2.049896e+00,  -8.768033e+01
  2.437619e+00,  -7.745935e+01
  2.820622e+00,  -6.975296e+01
  3.153074e+00,  -6.356586e+01
  3.413686e+00,  -5.822519e+01
  3.599526e+00,  -5.343585e+01
  3.710232e+00,  -4.915180e+01
  3.740365e+00,  -4.531381e+01
  3.683988e+00,  -4.169761e+01
  3.539631e+00,  -3.801895e+01
  3.308832e+00,  -3.414679e+01
  2.994872e+00,  -3.013499e+01
  2.608480e+00,  -2.597072e+01
  2.173127e+00,  -2.125553e+01
  1.718084e+00,  -1.509660e+01
  1.265281e+00,  -6.101561e+00
  8.309856e-01,  8.776196e+00
  4.740799e-01,  4.163690e+01
  4.476062e-01,  1.052279e+02
  7.619755e-01,  1.385526e+02
  1.158267e+00,  1.509748e+02
  1.595059e+00,  1.574593e+02
  2.068250e+00,  1.621807e+02
  2.545827e+00,  1.663913e+02
  2.977295e+00,  1.704097e+02
  3.329451e+00,  1.743198e+02
  3.603718e+00,  1.781658e+02
  3.816850e+00,  -1.780245e+02
  3.970314e+00,  -1.741988e+02
  4.045777e+00,  -1.702251e+02
  4.030447e+00,  -1.659244e+02
  3.938115e+00,  -1.611858e+02
  3.796814e+00,  -1.560139e+02
  3.618966e+00,  -1.503740e+02
  3.396579e+00,  -1.439813e+02
  3.130601e+00,  -1.364130e+02
  2.851043e+00,  -1.275488e+02
  2.594440e+00,  -1.176994e+02
  2.378401e+00,  -1.068213e+02
  2.223330e+00,  -9.397205e+01
  2.173333e+00,  -7.901618e+01
  2.235665e+00,  -6.440047e+01
  2.339438e+00,  -5.230173e+01
  2.456497e+00,  -4.191217e+01
  2.691967e+00,  -3.166131e+01
  3.149488e+00,  -2.221228e+01
  3.700604e+00,  -1.500218e+01
##END=