##TITLE= C1235180_790fix5
##JCAMP-DX= 5.00 Bruker JCAMP library
##DATA TYPE= Shape Data
##ORIGIN= Colm Fixed Pulses 
##OWNER= d29lu
##DATE= 12-Jun-2014
##TIME= 11:46
##MINX= 1.242166e-01
##MAXX= 6.186220e+01
##MINY= -1.798461e+02
##MAXY= 1.793151e+02
##$SHAPE_EXMODE= None
##$SHAPE_TOTROT= 9.000000e+01
##$SHAPE_BWFAC= 1.000000e+00
##$SHAPE_INTEGFAC= 1.000000e+00
##$SHAPE_MODE= 1
##NPOINTS= 1000
##XYPOINTS= (XY..XY)
  4.091248e+00,  1.441073e+01
  3.558787e+00,  2.273364e+01
  3.083339e+00,  3.260931e+01
  2.764725e+00,  4.290725e+01
  2.553080e+00,  5.368518e+01
  2.403653e+00,  6.637084e+01
  2.344786e+00,  8.121773e+01
  2.408130e+00,  9.615289e+01
  2.570982e+00,  1.092603e+02
  2.801160e+00,  1.204664e+02
  3.084700e+00,  1.302458e+02
  3.397834e+00,  1.386820e+02
  3.697721e+00,  1.458119e+02
  3.950944e+00,  1.519405e+02
  4.150836e+00,  1.574507e+02
  4.300120e+00,  1.625296e+02
  4.389260e+00,  1.671669e+02
  4.400780e+00,  1.713728e+02
  4.328193e+00,  1.753297e+02
  4.179080e+00,  1.793151e+02
  3.958407e+00,  -1.765114e+02
  3.657495e+00,  -1.722031e+02
  3.266615e+00,  -1.678567e+02
  2.797474e+00,  -1.633131e+02
  2.286284e+00,  -1.579761e+02
  1.772300e+00,  -1.508291e+02
  1.278820e+00,  -1.402896e+02
  8.258856e-01,  -1.222509e+02
  5.101307e-01,  -8.241670e+01
  5.936961e-01,  -2.648992e+01
  9.621855e-01,  -4.885626e-01
  1.409712e+00,  1.051322e+01
  1.899931e+00,  1.689526e+01
  2.410575e+00,  2.180578e+01
  2.897417e+00,  2.616820e+01
  3.314482e+00,  3.020058e+01
  3.640516e+00,  3.398616e+01
  3.879480e+00,  3.764166e+01
  4.038096e+00,  4.131124e+01
  4.109589e+00,  4.512184e+01
  4.081091e+00,  4.917306e+01
  3.951229e+00,  5.356879e+01
  3.734418e+00,  5.846010e+01
  3.448052e+00,  6.408032e+01
  3.101807e+00,  7.078434e+01
  2.705637e+00,  7.912093e+01
  2.289874e+00,  8.994525e+01
  1.916449e+00,  1.044394e+02
  1.670018e+00,  1.234608e+02
  1.629549e+00,  1.455279e+02
  1.824239e+00,  1.662693e+02
  2.217557e+00,  -1.774165e+02
  2.738814e+00,  -1.654408e+02
  3.314400e+00,  -1.565605e+02
  3.889116e+00,  -1.497177e+02
  4.436019e+00,  -1.442417e+02
  4.945312e+00,  -1.397207e+02
  5.404110e+00,  -1.358642e+02
  5.790162e+00,  -1.324525e+02
  6.083557e+00,  -1.293608e+02
  6.278096e+00,  -1.265753e+02
  6.377635e+00,  -1.241290e+02
  6.384851e+00,  -1.219954e+02
  6.297815e+00,  -1.200631e+02
  6.116157e+00,  -1.182323e+02
  5.845657e+00,  -1.165175e+02
  5.495325e+00,  -1.150081e+02
  5.073512e+00,  -1.137203e+02
  4.588858e+00,  -1.125371e+02
  4.052308e+00,  -1.113656e+02
  3.476098e+00,  -1.103372e+02
  2.874301e+00,  -1.097473e+02
  2.269821e+00,  -1.096790e+02
  1.698092e+00,  -1.096853e+02
  1.194768e+00,  -1.091026e+02
  7.730991e-01,  -1.084389e+02
  4.133852e-01,  -1.123260e+02
  1.242166e-01,  -1.599898e+02
  2.974945e-01,  1.042707e+02
  5.794741e-01,  8.786742e+01
  8.163673e-01,  7.748750e+01
  1.005301e+00,  6.854883e+01
  1.163303e+00,  6.054054e+01
  1.315163e+00,  5.281057e+01
  1.486900e+00,  4.471803e+01
  1.700684e+00,  3.628934e+01
  1.971531e+00,  2.811294e+01
  2.307366e+00,  2.072050e+01
  2.709741e+00,  1.430734e+01
  3.171228e+00,  8.882899e+00
  3.674681e+00,  4.443678e+00
  4.200190e+00,  9.877600e-01
  4.732837e+00,  -1.547148e+00
  5.260897e+00,  -3.310788e+00
  5.767421e+00,  -4.493588e+00
  6.228580e+00,  -5.248490e+00
  6.622655e+00,  -5.655279e+00
  6.937910e+00,  -5.749258e+00
  7.169399e+00,  -5.568661e+00
  7.310456e+00,  -5.167403e+00
  7.351233e+00,  -4.589011e+00
  7.284888e+00,  -3.842812e+00
  7.110830e+00,  -2.913969e+00
  6.830317e+00,  -1.792943e+00
  6.442690e+00,  -4.842541e-01
  5.949662e+00,  1.026128e+00
  5.361525e+00,  2.825746e+00
  4.695030e+00,  5.117495e+00
  3.966311e+00,  8.237239e+00
  3.193203e+00,  1.270168e+01
  2.410254e+00,  1.944826e+01
  1.681795e+00,  3.065054e+01
  1.111148e+00,  5.183805e+01
  8.770449e-01,  8.952369e+01
  1.091221e+00,  1.247552e+02
  1.569373e+00,  1.428263e+02
  2.160723e+00,  1.514907e+02
  2.782486e+00,  1.558917e+02
  3.366066e+00,  1.580798e+02
  3.870412e+00,  1.589485e+02
  4.290882e+00,  1.589253e+02
  4.641449e+00,  1.581715e+02
  4.931990e+00,  1.566779e+02
  5.165254e+00,  1.543925e+02
  5.350856e+00,  1.513474e+02
  5.513904e+00,  1.476845e+02
  5.686742e+00,  1.435782e+02
  5.894429e+00,  1.391611e+02
  6.148787e+00,  1.345479e+02
  6.452531e+00,  1.299241e+02
  6.804582e+00,  1.255535e+02
  7.200454e+00,  1.216792e+02
  7.628499e+00,  1.184317e+02
  8.066237e+00,  1.158365e+02
  8.482099e+00,  1.138863e+02
  8.843693e+00,  1.125834e+02
  9.126278e+00,  1.119262e+02
  9.313216e+00,  1.118879e+02
  9.389523e+00,  1.124338e+02
  9.338316e+00,  1.135644e+02
  9.145637e+00,  1.153392e+02
  8.807275e+00,  1.178656e+02
  8.328808e+00,  1.212782e+02
  7.721618e+00,  1.257651e+02
  7.006471e+00,  1.316515e+02
  6.228603e+00,  1.394979e+02
  5.473269e+00,  1.501245e+02
  4.869287e+00,  1.643765e+02
  4.574062e+00,  -1.777358e+02
  4.721735e+00,  -1.582507e+02
  5.339851e+00,  -1.405072e+02
  6.332319e+00,  -1.263842e+02
  7.552471e+00,  -1.157030e+02
  8.870878e+00,  -1.075267e+02
  1.020038e+01,  -1.009990e+02
  1.148754e+01,  -9.552494e+01
  1.268887e+01,  -9.073354e+01
  1.375509e+01,  -8.642093e+01
  1.463620e+01,  -8.249936e+01
  1.529606e+01,  -7.892723e+01
  1.571824e+01,  -7.562743e+01
  1.589615e+01,  -7.245387e+01
  1.581904e+01,  -6.925076e+01
  1.547006e+01,  -6.595313e+01
  1.483966e+01,  -6.260811e+01
  1.393950e+01,  -5.926305e+01
  1.279895e+01,  -5.581102e+01
  1.144327e+01,  -5.194650e+01
  9.880703e+00,  -4.726902e+01
  8.124860e+00,  -4.135307e+01
  6.239514e+00,  -3.346592e+01
  4.369803e+00,  -2.142701e+01
  2.792898e+00,  1.974330e+00
  2.201110e+00,  4.870749e+01
  3.133893e+00,  8.922107e+01
  4.790548e+00,  1.082043e+02
  6.650593e+00,  1.186108e+02
  8.487176e+00,  1.257903e+02
  1.015775e+01,  1.315476e+02
  1.159979e+01,  1.366039e+02
  1.280475e+01,  1.412702e+02
  1.375949e+01,  1.456952e+02
  1.442037e+01,  1.500138e+02
  1.474297e+01,  1.544065e+02
  1.472044e+01,  1.590658e+02
  1.438110e+01,  1.641482e+02
  1.375608e+01,  1.698013e+02
  1.286578e+01,  1.762781e+02
  1.174773e+01,  -1.759445e+02
  1.049830e+01,  -1.661226e+02
  9.293445e+00,  -1.533203e+02
  8.383887e+00,  -1.367718e+02
  8.058023e+00,  -1.168990e+02
  8.525715e+00,  -9.628143e+01
  9.779170e+00,  -7.810511e+01
  1.162477e+01,  -6.363196e+01
  1.382638e+01,  -5.240551e+01
  1.618768e+01,  -4.354860e+01
  1.856957e+01,  -3.633359e+01
  2.087884e+01,  -3.023983e+01
  2.304390e+01,  -2.489690e+01
  2.499519e+01,  -2.004220e+01
  2.666482e+01,  -1.549960e+01
  2.800072e+01,  -1.115978e+01
  2.897478e+01,  -6.951401e+00
  2.957538e+01,  -2.808551e+00
  2.979435e+01,  1.348060e+00
  2.962385e+01,  5.605762e+00
  2.906390e+01,  1.004391e+01
  2.813035e+01,  1.473461e+01
  2.685762e+01,  1.976955e+01
  2.529841e+01,  2.529105e+01
  2.352290e+01,  3.150072e+01
  2.161872e+01,  3.864538e+01
  1.969287e+01,  4.700028e+01
  1.787635e+01,  5.684967e+01
  1.632643e+01,  6.841607e+01
  1.521516e+01,  8.167260e+01
  1.469064e+01,  9.608196e+01
  1.481391e+01,  1.105617e+02
  1.551682e+01,  1.239474e+02
  1.663186e+01,  1.355707e+02
  1.796714e+01,  1.453568e+02
  1.935735e+01,  1.535340e+02
  2.066875e+01,  1.603740e+02
  2.178881e+01,  1.661096e+02
  2.262921e+01,  1.709526e+02
  2.313770e+01,  1.750992e+02
  2.329500e+01,  1.786995e+02
  2.309253e+01,  -1.781717e+02
  2.251545e+01,  -1.755023e+02
  2.155271e+01,  -1.733065e+02
  2.022157e+01,  -1.716139e+02
  1.857364e+01,  -1.705082e+02
  1.667312e+01,  -1.701776e+02
  1.457670e+01,  -1.709417e+02
  1.234801e+01,  -1.732899e+02
  1.010012e+01,  -1.780407e+02
  8.035411e+00,  1.733164e+02
  6.472035e+00,  1.586080e+02
  5.813651e+00,  1.376215e+02
  6.249886e+00,  1.165380e+02
  7.478686e+00,  1.015765e+02
  9.048281e+00,  9.269101e+01
  1.064363e+01,  8.787021e+01
  1.208245e+01,  8.563441e+01
  1.326106e+01,  8.505665e+01
  1.411122e+01,  8.554630e+01
  1.458155e+01,  8.677304e+01
  1.464491e+01,  8.861943e+01
  1.430525e+01,  9.110998e+01
  1.358324e+01,  9.436436e+01
  1.249939e+01,  9.862636e+01
  1.108645e+01,  1.043691e+02
  9.432327e+00,  1.124832e+02
  7.725941e+00,  1.246168e+02
  6.307616e+00,  1.434476e+02
  5.720107e+00,  1.703042e+02
  6.427806e+00,  -1.616916e+02
  8.266080e+00,  -1.410446e+02
  1.075590e+01,  -1.275613e+02
  1.353338e+01,  -1.184384e+02
  1.636987e+01,  -1.118510e+02
  1.912950e+01,  -1.068111e+02
  2.173144e+01,  -1.027267e+02
  2.411153e+01,  -9.921627e+01
  2.620366e+01,  -9.607128e+01
  2.794717e+01,  -9.321993e+01
  2.929978e+01,  -9.064049e+01
  3.023579e+01,  -8.827662e+01
  3.073514e+01,  -8.602796e+01
  3.078214e+01,  -8.381547e+01
  3.037628e+01,  -8.163981e+01
  2.953545e+01,  -7.955877e+01
  2.828336e+01,  -7.760110e+01
  2.663844e+01,  -7.570910e+01
  2.462509e+01,  -7.377346e+01
  2.229594e+01,  -7.171692e+01
  1.973020e+01,  -6.952367e+01
  1.699831e+01,  -6.716704e+01
  1.413534e+01,  -6.449488e+01
  1.116805e+01,  -6.114444e+01
  8.177922e+00,  -5.637786e+01
  5.334327e+00,  -4.821557e+01
  2.920451e+00,  -2.872280e+01
  1.873985e+00,  2.868856e+01
  3.135425e+00,  7.434596e+01
  5.040193e+00,  8.828649e+01
  6.957354e+00,  9.382995e+01
  8.690076e+00,  9.645981e+01
  1.012216e+01,  9.754612e+01
  1.123330e+01,  9.753278e+01
  1.207335e+01,  9.663598e+01
  1.269408e+01,  9.494995e+01
  1.311902e+01,  9.242854e+01
  1.337517e+01,  8.895647e+01
  1.353005e+01,  8.450427e+01
  1.368036e+01,  7.922094e+01
  1.390894e+01,  7.337137e+01
  1.426255e+01,  6.721288e+01
  1.476199e+01,  6.097346e+01
  1.541257e+01,  5.491134e+01
  1.619746e+01,  4.930400e+01
  1.707131e+01,  4.434775e+01
  1.796809e+01,  4.009545e+01
  1.881536e+01,  3.649300e+01
  1.954470e+01,  3.344925e+01
  2.009732e+01,  3.086917e+01
  2.042660e+01,  2.865146e+01
  2.049721e+01,  2.668798e+01
  2.028312e+01,  2.487745e+01
  1.976880e+01,  2.313121e+01
  1.895395e+01,  2.135081e+01
  1.785549e+01,  1.939018e+01
  1.650429e+01,  1.703463e+01
  1.494166e+01,  1.400659e+01
  1.322274e+01,  9.964061e+00
  1.142833e+01,  4.442010e+00
  9.679435e+00,  -3.265056e+00
  8.148796e+00,  -1.414153e+01
  7.058142e+00,  -2.896240e+01
  6.616820e+00,  -4.678487e+01
  6.870041e+00,  -6.420401e+01
  7.626930e+00,  -7.818844e+01
  8.598314e+00,  -8.828132e+01
  9.536833e+00,  -9.541640e+01
  1.027761e+01,  -1.006164e+02
  1.072851e+01,  -1.046437e+02
  1.083608e+01,  -1.080503e+02
  1.055242e+01,  -1.113089e+02
  9.837854e+00,  -1.149610e+02
  8.703318e+00,  -1.198227e+02
  7.257073e+00,  -1.274178e+02
  5.750119e+00,  -1.409652e+02
  4.725203e+00,  -1.658339e+02
  5.098069e+00,  1.611189e+02
  7.116137e+00,  1.373234e+02
  1.016447e+01,  1.248972e+02
  1.375974e+01,  1.185407e+02
  1.762880e+01,  1.152504e+02
  2.161048e+01,  1.136841e+02
  2.560122e+01,  1.132072e+02
  2.950715e+01,  1.134838e+02
  3.322232e+01,  1.143158e+02
  3.664167e+01,  1.155774e+02
  3.968141e+01,  1.171887e+02
  4.227848e+01,  1.191062e+02
  4.437476e+01,  1.213169e+02
  4.591092e+01,  1.238324e+02
  4.683708e+01,  1.266779e+02
  4.712633e+01,  1.298895e+02
  4.677870e+01,  1.335212e+02
  4.582004e+01,  1.376545e+02
  4.430513e+01,  1.424004e+02
  4.232250e+01,  1.478964e+02
  3.999618e+01,  1.543138e+02
  3.749075e+01,  1.618764e+02
  3.502759e+01,  1.708522e+02
  3.289953e+01,  -1.785370e+02
  3.144750e+01,  -1.663194e+02
  3.097841e+01,  -1.529715e+02
  3.166084e+01,  -1.393780e+02
  3.347255e+01,  -1.264822e+02
  3.622844e+01,  -1.149118e+02
  3.964942e+01,  -1.048724e+02
  4.343118e+01,  -9.626875e+01
  4.729481e+01,  -8.887811e+01
  5.100940e+01,  -8.246402e+01
  5.438846e+01,  -7.681651e+01
  5.727747e+01,  -7.175304e+01
  5.954804e+01,  -6.711807e+01
  6.109969e+01,  -6.279011e+01
  6.186220e+01,  -5.868361e+01
  6.179472e+01,  -5.473669e+01
  6.088125e+01,  -5.089311e+01
  5.912520e+01,  -4.709138e+01
  5.654880e+01,  -4.326301e+01
  5.320104e+01,  -3.933203e+01
  4.916531e+01,  -3.520818e+01
  4.455096e+01,  -3.077127e+01
  3.947251e+01,  -2.584240e+01
  3.404569e+01,  -2.013113e+01
  2.842081e+01,  -1.313635e+01
  2.283885e+01,  -3.947717e+00
  1.768966e+01,  9.145303e+00
  1.361439e+01,  2.903766e+01
  1.161362e+01,  5.746990e+01
  1.237559e+01,  8.725508e+01
  1.513365e+01,  1.091015e+02
  1.863878e+01,  1.233513e+02
  2.211528e+01,  1.331217e+02
  2.516992e+01,  1.404198e+02
  2.760431e+01,  1.463035e+02
  2.930105e+01,  1.513363e+02
  3.017113e+01,  1.558365e+02
  3.015868e+01,  1.600064e+02
  2.926075e+01,  1.640112e+02
  2.751261e+01,  1.680204e+02
  2.494703e+01,  1.722256e+02
  2.158810e+01,  1.768677e+02
  1.750647e+01,  -1.776255e+02
  1.288396e+01,  -1.701172e+02
  8.064146e+00,  -1.564429e+02
  4.167496e+00,  -1.150835e+02
  5.665815e+00,  -4.322826e+01
  1.086715e+01,  -1.875722e+01
  1.682096e+01,  -8.633793e+00
  2.294123e+01,  -2.287998e+00
  2.891340e+01,  2.581094e+00
  3.452659e+01,  6.702306e+00
  3.966787e+01,  1.039503e+01
  4.426725e+01,  1.384501e+01
  4.823871e+01,  1.717250e+01
  5.147196e+01,  2.045548e+01
  5.386661e+01,  2.375198e+01
  5.536369e+01,  2.711702e+01
  5.594709e+01,  3.060260e+01
  5.562500e+01,  3.425216e+01
  5.441778e+01,  3.811123e+01
  5.236587e+01,  4.225705e+01
  4.954638e+01,  4.682282e+01
  4.607767e+01,  5.199770e+01
  4.210949e+01,  5.801991e+01
  3.782256e+01,  6.520103e+01
  3.345698e+01,  7.398563e+01
  2.935583e+01,  8.497705e+01
  2.598375e+01,  9.877038e+01
  2.387240e+01,  1.153910e+02
  2.343572e+01,  1.335387e+02
  2.470983e+01,  1.508533e+02
  2.730388e+01,  1.655524e+02
  3.064672e+01,  1.772886e+02
  3.423201e+01,  -1.734394e+02
  3.769718e+01,  -1.659970e+02
  4.079251e+01,  -1.598917e+02
  4.332980e+01,  -1.547780e+02
  4.516300e+01,  -1.503984e+02
  4.619735e+01,  -1.465562e+02
  4.638948e+01,  -1.431230e+02
  4.572418e+01,  -1.400455e+02
  4.419603e+01,  -1.373144e+02
  4.182178e+01,  -1.349219e+02
  3.866099e+01,  -1.328542e+02
  3.480551e+01,  -1.311351e+02
  3.034377e+01,  -1.298890e+02
  2.535603e+01,  -1.293921e+02
  1.996667e+01,  -1.301810e+02
  1.440864e+01,  -1.335503e+02
  9.096994e+00,  -1.438085e+02
  5.243135e+00,  -1.779882e+02
  6.271836e+00,  1.259966e+02
  1.071341e+01,  1.044206e+02
  1.575160e+01,  9.775449e+01
  2.065428e+01,  9.557956e+01
  2.510263e+01,  9.526591e+01
  2.893529e+01,  9.596978e+01
  3.209245e+01,  9.731352e+01
  3.453607e+01,  9.906975e+01
  3.620234e+01,  1.011190e+02
  3.702536e+01,  1.034489e+02
  3.698698e+01,  1.061167e+02
  3.612714e+01,  1.091932e+02
  3.451027e+01,  1.127495e+02
  3.219668e+01,  1.169079e+02
  2.925916e+01,  1.219328e+02
  2.583097e+01,  1.283189e+02
  2.214753e+01,  1.368799e+02
  1.857839e+01,  1.488788e+02
  1.569204e+01,  1.659639e+02
  1.430427e+01,  -1.713975e+02
  1.509936e+01,  -1.472981e+02
  1.790700e+01,  -1.276725e+02
  2.195164e+01,  -1.138106e+02
  2.655120e+01,  -1.040964e+02
  3.127556e+01,  -9.699636e+01
  3.586144e+01,  -9.159690e+01
  4.013460e+01,  -8.736201e+01
  4.397124e+01,  -8.391853e+01
  4.728220e+01,  -8.099104e+01
  5.000102e+01,  -7.841611e+01
  5.207415e+01,  -7.613646e+01
  5.346218e+01,  -7.414167e+01
  5.415144e+01,  -7.240254e+01
  5.415852e+01,  -7.085795e+01
  5.351801e+01,  -6.945316e+01
  5.226733e+01,  -6.817439e+01
  5.044731e+01,  -6.703584e+01
  4.811499e+01,  -6.603457e+01
  4.534713e+01,  -6.512516e+01
  4.222642e+01,  -6.423904e+01
  3.882667e+01,  -6.332028e+01
  3.521421e+01,  -6.232778e+01
  3.145861e+01,  -6.118838e+01
  2.763468e+01,  -5.973481e+01
  2.381399e+01,  -5.767040e+01
  2.006603e+01,  -5.454978e+01
  1.648301e+01,  -4.969147e+01
  1.322439e+01,  -4.192359e+01
  1.057942e+01,  -2.929835e+01
  9.035507e+00,  -1.011236e+01
  9.107255e+00,  1.257859e+01
  1.075683e+01,  3.128175e+01
  1.343873e+01,  4.344787e+01
  1.667862e+01,  5.085921e+01
  2.021029e+01,  5.540522e+01
  2.389408e+01,  5.827012e+01
  2.764456e+01,  6.016825e+01
  3.138884e+01,  6.153298e+01
  3.505347e+01,  6.261174e+01
  3.856815e+01,  6.353705e+01
  4.186898e+01,  6.438751e+01
  4.489320e+01,  6.522489e+01
  4.757168e+01,  6.610600e+01
  4.982848e+01,  6.708200e+01
  5.158855e+01,  6.819224e+01
  5.278771e+01,  6.945386e+01
  5.337691e+01,  7.085758e+01
  5.332058e+01,  7.238594e+01
  5.259494e+01,  7.405049e+01
  5.119118e+01,  7.591500e+01
  4.912114e+01,  7.807573e+01
  4.641758e+01,  8.061679e+01
  4.312900e+01,  8.359656e+01
  3.931787e+01,  8.710057e+01
  3.507052e+01,  9.133218e+01
  3.051405e+01,  9.668712e+01
  2.583275e+01,  1.038138e+02
  2.129606e+01,  1.137409e+02
  1.733058e+01,  1.280663e+02
  1.462688e+01,  1.484091e+02
  1.399150e+01,  1.731591e+02
  1.556948e+01,  -1.641737e+02
  1.860076e+01,  -1.475076e+02
  2.224326e+01,  -1.359231e+02
  2.595251e+01,  -1.276151e+02
  2.939363e+01,  -1.213658e+02
  3.234545e+01,  -1.164389e+02
  3.466488e+01,  -1.123619e+02
  3.626577e+01,  -1.088455e+02
  3.709072e+01,  -1.057507e+02
  3.709238e+01,  -1.030271e+02
  3.624379e+01,  -1.006339e+02
  3.455971e+01,  -9.851548e+01
  3.209051e+01,  -9.665153e+01
  2.888675e+01,  -9.513021e+01
  2.498499e+01,  -9.417042e+01
  2.045251e+01,  -9.413034e+01
  1.545315e+01,  -9.574327e+01
  1.027964e+01,  -1.013821e+02
  5.570753e+00,  -1.221940e+02
  4.491880e+00,  1.722524e+02
  8.761605e+00,  1.380412e+02
  1.427328e+01,  1.295625e+02
  1.994561e+01,  1.271064e+02
  2.541023e+01,  1.267767e+02
  3.044879e+01,  1.275594e+02
  3.495019e+01,  1.290700e+02
  3.885002e+01,  1.310624e+02
  4.207037e+01,  1.333621e+02
  4.451669e+01,  1.358930e+02
  4.611604e+01,  1.386737e+02
  4.684092e+01,  1.417709e+02
  4.670011e+01,  1.452495e+02
  4.572261e+01,  1.491652e+02
  4.395888e+01,  1.535924e+02
  4.149346e+01,  1.586687e+02
  3.845412e+01,  1.646326e+02
  3.502008e+01,  1.718506e+02
  3.144358e+01,  -1.791690e+02
  2.808339e+01,  -1.678180e+02
  2.542155e+01,  -1.536200e+02
  2.400312e+01,  -1.368162e+02
  2.423327e+01,  -1.189507e+02
  2.613049e+01,  -1.022812e+02
  2.932445e+01,  -8.824403e+01
  3.329652e+01,  -7.698121e+01
  3.758053e+01,  -6.797672e+01
  4.182637e+01,  -6.063027e+01
  4.578380e+01,  -5.446485e+01
  4.926279e+01,  -4.914325e+01
  5.210762e+01,  -4.443341e+01
  5.419631e+01,  -4.017630e+01
  5.545037e+01,  -3.626220e+01
  5.583189e+01,  -3.260794e+01
  5.532445e+01,  -2.913734e+01
  5.391883e+01,  -2.577776e+01
  5.162201e+01,  -2.247450e+01
  4.848222e+01,  -1.919990e+01
  4.459755e+01,  -1.593228e+01
  4.008794e+01,  -1.261066e+01
  3.505063e+01,  -9.103941e+00
  2.955180e+01,  -5.216566e+00
  2.367850e+01,  -6.776975e-01
  1.760601e+01,  5.049902e+00
  1.161649e+01,  1.364394e+01
  6.168878e+00,  3.275099e+01
  3.499488e+00,  1.004662e+02
  6.910382e+00,  1.532739e+02
  1.163077e+01,  1.685086e+02
  1.620711e+01,  1.763134e+02
  2.028872e+01,  -1.781097e+02
  2.367185e+01,  -1.734782e+02
  2.625955e+01,  -1.693132e+02
  2.802460e+01,  -1.653376e+02
  2.895398e+01,  -1.613531e+02
  2.902873e+01,  -1.572193e+02
  2.824194e+01,  -1.528101e+02
  2.662084e+01,  -1.479292e+02
  2.423792e+01,  -1.422165e+02
  2.122452e+01,  -1.350592e+02
  1.779989e+01,  -1.254029e+02
  1.433751e+01,  -1.112674e+02
  1.155326e+01,  -8.924411e+01
  1.072635e+01,  -5.824800e+01
  1.275843e+01,  -2.860123e+01
  1.689941e+01,  -8.599965e+00
  2.204561e+01,  4.202907e+00
  2.755031e+01,  1.317674e+01
  3.307241e+01,  2.008963e+01
  3.841063e+01,  2.576249e+01
  4.341159e+01,  3.062293e+01
  4.793574e+01,  3.496015e+01
  5.186563e+01,  3.899543e+01
  5.511850e+01,  4.287971e+01
  5.763574e+01,  4.669834e+01
  5.936344e+01,  5.050446e+01
  6.025558e+01,  5.435292e+01
  6.029973e+01,  5.830577e+01
  5.953035e+01,  6.241911e+01
  5.800986e+01,  6.674574e+01
  5.580402e+01,  7.136600e+01
  5.298873e+01,  7.641556e+01
  4.968069e+01,  8.207381e+01
  4.604932e+01,  8.852539e+01
  4.229523e+01,  9.594740e+01
  3.863281e+01,  1.045455e+02
  3.530926e+01,  1.145683e+02
  3.262514e+01,  1.261792e+02
  3.088634e+01,  1.391845e+02
  3.028487e+01,  1.528690e+02
  3.081035e+01,  1.662270e+02
  3.227353e+01,  1.784251e+02
  3.439108e+01,  -1.709467e+02
  3.685323e+01,  -1.619199e+02
  3.936862e+01,  -1.543124e+02
  4.169806e+01,  -1.478759e+02
  4.366851e+01,  -1.423846e+02
  4.516413e+01,  -1.376580e+02
  4.610821e+01,  -1.335519e+02
  4.645095e+01,  -1.299452e+02
  4.616550e+01,  -1.267414e+02
  4.524886e+01,  -1.238754e+02
  4.372318e+01,  -1.213164e+02
  4.163261e+01,  -1.190616e+02
  3.903532e+01,  -1.171215e+02
  3.599707e+01,  -1.155054e+02
  3.259160e+01,  -1.142218e+02
  2.890404e+01,  -1.133057e+02
  2.502670e+01,  -1.128693e+02
  2.104912e+01,  -1.131483e+02
  1.706064e+01,  -1.145367e+02
  1.317528e+01,  -1.176978e+02
  9.565382e+00,  -1.239997e+02
  6.506543e+00,  -1.368143e+02
  4.524079e+00,  -1.630341e+02
  4.358023e+00,  1.604234e+02
  5.627675e+00,  1.357909e+02
  7.286750e+00,  1.233894e+02
  8.821107e+00,  1.164749e+02
  1.001517e+01,  1.119747e+02
  1.078181e+01,  1.086647e+02
  1.111403e+01,  1.058897e+02
  1.104517e+01,  1.030949e+02
  1.061869e+01,  9.972943e+01
  9.887098e+00,  9.525720e+01
  8.933286e+00,  8.908271e+01
  7.894957e+00,  8.036026e+01
  6.984462e+00,  6.797633e+01
  6.485609e+00,  5.147688e+01
  6.651222e+00,  3.298895e+01
  7.513462e+00,  1.649607e+01
  8.882234e+00,  4.040925e+00
  1.052554e+01,  -4.737442e+00
  1.226194e+01,  -1.086281e+01
  1.395944e+01,  -1.523116e+01
  1.552173e+01,  -1.850346e+01
  1.688313e+01,  -2.111804e+01
  1.800406e+01,  -2.332933e+01
  1.886153e+01,  -2.528989e+01
  1.943985e+01,  -2.713829e+01
  1.973044e+01,  -2.903186e+01
  1.974005e+01,  -3.111636e+01
  1.949761e+01,  -3.348752e+01
  1.904974e+01,  -3.619810e+01
  1.844827e+01,  -3.930402e+01
  1.774218e+01,  -4.289323e+01
  1.698105e+01,  -4.705782e+01
  1.622276e+01,  -5.182913e+01
  1.553029e+01,  -5.713308e+01
  1.495525e+01,  -6.280020e+01
  1.452083e+01,  -6.861199e+01
  1.421836e+01,  -7.433025e+01
  1.401361e+01,  -7.969609e+01
  1.385112e+01,  -8.445386e+01
  1.365767e+01,  -8.843507e+01
  1.335646e+01,  -9.162250e+01
  1.288968e+01,  -9.408458e+01
  1.222702e+01,  -9.580764e+01
  1.134671e+01,  -9.659437e+01
  1.021293e+01,  -9.614500e+01
  8.788662e+00,  -9.419270e+01
  7.083700e+00,  -9.035686e+01
  5.197349e+00,  -8.323153e+01
  3.362852e+00,  -6.708227e+01
  2.303706e+00,  -2.439718e+01
  3.294627e+00,  2.354686e+01
  5.542995e+00,  4.326836e+01
  8.248006e+00,  5.242122e+01
  1.113992e+01,  5.809189e+01
  1.404960e+01,  6.216277e+01
  1.687170e+01,  6.528487e+01
  1.955474e+01,  6.783362e+01
  2.205908e+01,  7.009462e+01
  2.432661e+01,  7.225526e+01
  2.629086e+01,  7.439757e+01
  2.790253e+01,  7.653339e+01
  2.913379e+01,  7.865466e+01
  2.996219e+01,  8.077156e+01
  3.036248e+01,  8.292589e+01
  3.031842e+01,  8.517616e+01
  2.983527e+01,  8.756474e+01
  2.893310e+01,  9.009879e+01
  2.763061e+01,  9.277385e+01
  2.594459e+01,  9.563050e+01
  2.390856e+01,  9.879209e+01
  2.158480e+01,  1.024462e+02
  1.905111e+01,  1.068007e+02
  1.637904e+01,  1.121061e+02
  1.364023e+01,  1.188167e+02
  1.095158e+01,  1.278981e+02
  8.532783e+00,  1.412028e+02
  6.750302e+00,  1.612797e+02
  6.056630e+00,  -1.721384e+02
  6.577744e+00,  -1.466517e+02
  7.886982e+00,  -1.282687e+02
  9.493760e+00,  -1.160470e+02
  1.108455e+01,  -1.076182e+02
  1.247438e+01,  -1.014561e+02
  1.356099e+01,  -9.676864e+01
  1.429350e+01,  -9.316179e+01
  1.464552e+01,  -9.042078e+01
  1.460539e+01,  -8.842385e+01
  1.418060e+01,  -8.714842e+01
  1.339769e+01,  -8.669394e+01
  1.229415e+01,  -8.727745e+01
  1.092019e+01,  -8.925523e+01
  9.363470e+00,  -9.328255e+01
  7.786748e+00,  -1.006522e+02
  6.468806e+00,  -1.134561e+02
  5.821731e+00,  -1.328005e+02
  6.193628e+00,  -1.541767e+02
  7.496821e+00,  -1.705914e+02
  9.358267e+00,  1.793096e+02
  1.146060e+01,  1.737286e+02
  1.359694e+01,  1.710057e+02
  1.563262e+01,  1.700502e+02
  1.747559e+01,  1.701876e+02
  1.906025e+01,  1.710592e+02
  2.034146e+01,  1.725271e+02
  2.129047e+01,  1.745533e+02
  2.188830e+01,  1.771077e+02
  2.212206e+01,  -1.798461e+02
  2.198973e+01,  -1.763061e+02
  2.150830e+01,  -1.721982e+02
  2.071453e+01,  -1.673837e+02
  1.965956e+01,  -1.616829e+02
  1.841127e+01,  -1.548766e+02
  1.706846e+01,  -1.466957e+02
  1.577166e+01,  -1.368508e+02
  1.469342e+01,  -1.251524e+02
  1.401148e+01,  -1.117160e+02
  1.387523e+01,  -9.716758e+01
  1.436081e+01,  -8.262781e+01
  1.542832e+01,  -6.925785e+01
  1.693199e+01,  -5.768885e+01
  1.868874e+01,  -4.791689e+01
  2.054096e+01,  -3.961748e+01
  2.236992e+01,  -3.245030e+01
  2.407829e+01,  -2.616589e+01
  2.557937e+01,  -2.058078e+01
  2.680403e+01,  -1.553513e+01
  2.770711e+01,  -1.088120e+01
  2.826046e+01,  -6.490440e+00
  2.844240e+01,  -2.258366e+00
  2.823883e+01,  1.894753e+00
  2.765195e+01,  6.026118e+00
  2.670127e+01,  1.018505e+01
  2.541452e+01,  1.444429e+01
  2.382142e+01,  1.892636e+01
  2.195868e+01,  2.379703e+01
  1.987827e+01,  2.923395e+01
  1.764729e+01,  3.542478e+01
  1.534365e+01,  4.264406e+01
  1.306212e+01,  5.139416e+01
  1.093512e+01,  6.252266e+01
  9.154598e+00,  7.712501e+01
  7.965037e+00,  9.578409e+01
  7.567123e+00,  1.169666e+02
  7.946578e+00,  1.370295e+02
  8.864273e+00,  1.534522e+02
  1.003755e+01,  1.661684e+02
  1.124808e+01,  1.760842e+02
  1.234502e+01,  -1.759681e+02
  1.323033e+01,  -1.693944e+02
  1.384960e+01,  -1.637516e+02
  1.417719e+01,  -1.587007e+02
  1.419771e+01,  -1.540232e+02
  1.389921e+01,  -1.496073e+02
  1.328423e+01,  -1.453619e+02
  1.237950e+01,  -1.411113e+02
  1.122290e+01,  -1.365661e+02
  9.840484e+00,  -1.313814e+02
  8.250488e+00,  -1.251763e+02
  6.503782e+00,  -1.173046e+02
  4.725516e+00,  -1.060365e+02
  3.151625e+00,  -8.613523e+01
  2.310854e+00,  -4.680312e+01
  2.868943e+00,  -3.562187e+00
  4.326966e+00,  1.916213e+01
  6.077534e+00,  3.110315e+01
  7.861235e+00,  3.892661e+01
  9.535018e+00,  4.491680e+01
  1.103379e+01,  4.988393e+01
  1.234240e+01,  5.416374e+01
  1.344801e+01,  5.796695e+01
  1.431971e+01,  6.147685e+01
  1.492761e+01,  6.483651e+01
  1.526591e+01,  6.813125e+01
  1.534866e+01,  7.141375e+01
  1.518985e+01,  7.474166e+01
  1.479558e+01,  7.817928e+01
  1.417352e+01,  8.177201e+01
  1.334328e+01,  8.555554e+01
  1.233681e+01,  8.962846e+01
  1.119372e+01,  9.422594e+01
  9.959257e+00,  9.970725e+01
  8.684649e+00,  1.064680e+02
  7.428732e+00,  1.149133e+02
  6.266347e+00,  1.255967e+02
  5.305272e+00,  1.393151e+02
  4.686747e+00,  1.564711e+02
  4.521884e+00,  1.755206e+02
  4.790008e+00,  -1.668091e+02
  5.350402e+00,  -1.525713e+02
  6.051258e+00,  -1.417960e+02
  6.781095e+00,  -1.337948e+02
  7.464631e+00,  -1.278611e+02
  8.054280e+00,  -1.233875e+02
  8.524296e+00,  -1.199295e+02
  8.862910e+00,  -1.172631e+02
  9.065878e+00,  -1.153332e+02
  9.135311e+00,  -1.141181e+02
  9.079880e+00,  -1.135367e+02
  8.911950e+00,  -1.134788e+02
  8.645942e+00,  -1.139007e+02
  8.302236e+00,  -1.148586e+02
  7.910306e+00,  -1.164368e+02
  7.501625e+00,  -1.186579e+02
  7.096877e+00,  -1.214837e+02
  6.704126e+00,  -1.248862e+02
  6.332106e+00,  -1.288506e+02
  5.999551e+00,  -1.332532e+02
  5.723664e+00,  -1.377798e+02
  5.500884e+00,  -1.420648e+02
  5.305838e+00,  -1.459221e+02
  5.109135e+00,  -1.493479e+02
  4.891261e+00,  -1.522975e+02
  4.640548e+00,  -1.545601e+02
  4.345141e+00,  -1.559016e+02
  3.991695e+00,  -1.562708e+02
  3.569582e+00,  -1.557540e+02
  3.075953e+00,  -1.542611e+02
  2.522486e+00,  -1.511657e+02
  1.943966e+00,  -1.450135e+02
  1.404055e+00,  -1.329748e+02
  1.002511e+00,  -1.098101e+02
  8.931533e-01,  -7.353701e+01
  1.154176e+00,  -4.208903e+01
  1.674172e+00,  -2.482128e+01
  2.348761e+00,  -1.583899e+01
  3.095818e+00,  -1.067992e+01
  3.836043e+00,  -7.277206e+00
  4.516475e+00,  -4.720808e+00
  5.121811e+00,  -2.617317e+00
  5.655059e+00,  -8.098126e-01
  6.111884e+00,  7.464369e-01
  6.475867e+00,  2.058536e+00
  6.732810e+00,  3.148322e+00
  6.881350e+00,  4.064197e+00
  6.927590e+00,  4.844706e+00
  6.874712e+00,  5.471956e+00
  6.723042e+00,  5.872478e+00
  6.478957e+00,  5.974011e+00
  6.157803e+00,  5.760859e+00
  5.775372e+00,  5.265604e+00
  5.340048e+00,  4.498924e+00
  4.857945e+00,  3.386377e+00
  4.344395e+00,  1.771390e+00
  3.824827e+00,  -5.334003e-01
  3.322442e+00,  -3.712074e+00
  2.849703e+00,  -7.960205e+00
  2.416419e+00,  -1.348315e+01
  2.041858e+00,  -2.035173e+01
  1.748476e+00,  -2.824444e+01
  1.540078e+00,  -3.649062e+01
  1.393070e+00,  -4.464903e+01
  1.272152e+00,  -5.273082e+01
  1.149769e+00,  -6.051532e+01
  1.011225e+00,  -6.710576e+01
  8.510278e-01,  -7.173425e+01
  6.679313e-01,  -7.538967e+01
  4.572067e-01,  -8.272686e+01
  2.355628e-01,  -1.122802e+02
  2.676273e-01,  1.631280e+02
  5.951953e-01,  1.329329e+02
  9.917544e-01,  1.218062e+02
  1.434075e+00,  1.161109e+02
  1.929548e+00,  1.133625e+02
  2.476425e+00,  1.122331e+02
  3.046465e+00,  1.118446e+02
  3.595940e+00,  1.118618e+02
  4.094571e+00,  1.122793e+02
  4.539023e+00,  1.131121e+02
  4.937058e+00,  1.142725e+02
  5.283512e+00,  1.156493e+02
  5.556716e+00,  1.172083e+02
  5.736090e+00,  1.189756e+02
  5.817644e+00,  1.209631e+02
  5.810700e+00,  1.231557e+02
  5.723370e+00,  1.255690e+02
  5.554612e+00,  1.282783e+02
  5.299388e+00,  1.313753e+02
  4.958619e+00,  1.349210e+02
  4.543000e+00,  1.389738e+02
  4.068846e+00,  1.436815e+02
  3.552683e+00,  1.493593e+02
  3.012517e+00,  1.565284e+02
  2.477000e+00,  1.659819e+02
  1.994977e+00,  1.788843e+02
  1.634559e+00,  -1.635417e+02
  1.462462e+00,  -1.417494e+02
  1.502886e+00,  -1.196070e+02
  1.720638e+00,  -1.012161e+02
  2.054700e+00,  -8.746510e+01
  2.441121e+00,  -7.736930e+01
  2.819630e+00,  -6.970539e+01
  3.146977e+00,  -6.349486e+01
  3.405477e+00,  -5.812140e+01
  3.594014e+00,  -5.333166e+01
  3.711082e+00,  -4.907929e+01
  3.747998e+00,  -4.527890e+01
  3.695377e+00,  -4.168501e+01
  3.550245e+00,  -3.800443e+01
  3.315687e+00,  -3.409779e+01
  2.998226e+00,  -3.001514e+01
  2.610420e+00,  -2.576685e+01
  2.174733e+00,  -2.100914e+01
  1.718680e+00,  -1.489666e+01
  1.264574e+00,  -6.022426e+00
  8.308724e-01,  8.696195e+00
  4.750739e-01,  4.106723e+01
  4.410126e-01,  1.045572e+02
  7.524381e-01,  1.388288e+02
  1.152590e+00,  1.515890e+02
  1.594260e+00,  1.580420e+02
  2.069282e+00,  1.625476e+02
  2.545623e+00,  1.665443e+02
  2.976017e+00,  1.704584e+02
  3.329863e+00,  1.743706e+02
  3.607440e+00,  1.782588e+02
  3.821878e+00,  -1.779070e+02
  3.973041e+00,  -1.740799e+02
  4.045588e+00,  -1.700990e+02
  4.031241e+00,  -1.657749e+02
  3.943899e+00,  -1.610238e+02
  3.805805e+00,  -1.558757e+02
  3.623948e+00,  -1.502731e+02
  3.392413e+00,  -1.438791e+02
  3.120289e+00,  -1.362541e+02
  2.842751e+00,  -1.273220e+02
  2.593242e+00,  -1.174395e+02
  2.383001e+00,  -1.065516e+02
  2.229371e+00,  -9.371289e+01
  2.176579e+00,  -7.881989e+01
  2.234149e+00,  -6.427562e+01
  2.336651e+00,  -5.219519e+01
  2.458165e+00,  -4.181155e+01
  2.696908e+00,  -3.161732e+01
  3.150856e+00,  -2.221174e+01
  3.706068e+00,  -1.497392e+01
##END=