##TITLE= twqubit_encoding2_H
##JCAMP-DX= 5.00 Bruker JCAMP library
##DATA TYPE= Shape Data
##ORIGIN= Dawei's GRAPE Pulses 
##OWNER= Dawei
##DATE= 17-Dec-2014
##TIME= 14:48
##MINX= 0.000000e+00
##MAXX= 5.877938e+01
##MINY= 0.000000e+00
##MAXY= 3.597313e+02
##$SHAPE_EXMODE= None
##$SHAPE_TOTROT= 9.000000e+01
##$SHAPE_BWFAC= 1.000000e+00
##$SHAPE_INTEGFAC= 1.000000e+00
##$SHAPE_MODE= 1
##PULSE_WIDTH= 2.329000e-02
##Calibration_Power= 25000
##NPOINTS= 2329
##XYPOINTS= (XY..XY)
  1.825983e+00,  2.280581e+02
  1.364813e+00,  2.292836e+02
  1.394435e+00,  8.847885e+01
  5.587812e+00,  7.659820e+01
  9.627044e+00,  7.318521e+01
  1.352811e+01,  7.035830e+01
  1.709273e+01,  6.803750e+01
  1.980311e+01,  6.669976e+01
  2.147891e+01,  6.658897e+01
  2.237475e+01,  6.801683e+01
  2.267701e+01,  7.106443e+01
  2.234880e+01,  7.488762e+01
  2.129627e+01,  7.819324e+01
  1.972895e+01,  8.035863e+01
  1.797823e+01,  8.121008e+01
  1.584521e+01,  8.003359e+01
  1.317476e+01,  7.585953e+01
  1.055130e+01,  6.909772e+01
  8.379576e+00,  6.175147e+01
  6.459027e+00,  5.332487e+01
  4.814159e+00,  3.898526e+01
  3.878289e+00,  1.505441e+01
  3.902688e+00,  3.463413e+02
  4.909668e+00,  3.219591e+02
  6.658544e+00,  3.067876e+02
  8.489965e+00,  2.982011e+02
  9.851403e+00,  2.921832e+02
  1.067211e+01,  2.867094e+02
  1.127183e+01,  2.813974e+02
  1.189414e+01,  2.760399e+02
  1.244839e+01,  2.697890e+02
  1.290537e+01,  2.629281e+02
  1.339039e+01,  2.578670e+02
  1.383327e+01,  2.563649e+02
  1.404929e+01,  2.581802e+02
  1.393577e+01,  2.629063e+02
  1.360263e+01,  2.702496e+02
  1.331831e+01,  2.789402e+02
  1.321307e+01,  2.871682e+02
  1.315749e+01,  2.936609e+02
  1.281656e+01,  2.981937e+02
  1.192457e+01,  3.021971e+02
  1.064480e+01,  3.077041e+02
  9.324636e+00,  3.146395e+02
  7.936190e+00,  3.210508e+02
  6.298716e+00,  3.268914e+02
  4.547520e+00,  3.336172e+02
  2.993226e+00,  3.369879e+02
  1.915851e+00,  3.204990e+02
  1.848478e+00,  2.804918e+02
  2.898272e+00,  2.552704e+02
  5.186962e+00,  2.515908e+02
  8.771909e+00,  2.567175e+02
  1.287732e+01,  2.620053e+02
  1.665916e+01,  2.656292e+02
  1.987824e+01,  2.679333e+02
  2.231890e+01,  2.693320e+02
  2.351356e+01,  2.699831e+02
  2.325895e+01,  2.701460e+02
  2.193584e+01,  2.702681e+02
  2.008476e+01,  2.706822e+02
  1.786792e+01,  2.715090e+02
  1.528778e+01,  2.727816e+02
  1.252398e+01,  2.742310e+02
  9.653866e+00,  2.753780e+02
  6.685868e+00,  2.769142e+02
  4.016698e+00,  2.826790e+02
  2.227188e+00,  3.010890e+02
  1.477429e+00,  3.371429e+02
  1.427512e+00,  1.755186e+01
  1.783543e+00,  4.937779e+01
  2.474720e+00,  7.008684e+01
  3.535298e+00,  7.883223e+01
  5.014150e+00,  7.795916e+01
  6.905216e+00,  7.380222e+01
  8.943260e+00,  7.044223e+01
  1.085348e+01,  6.822752e+01
  1.255997e+01,  6.658803e+01
  1.402397e+01,  6.515225e+01
  1.531295e+01,  6.381033e+01
  1.663976e+01,  6.307260e+01
  1.800961e+01,  6.377996e+01
  1.903349e+01,  6.636479e+01
  1.917470e+01,  7.065947e+01
  1.825559e+01,  7.567978e+01
  1.669529e+01,  7.965467e+01
  1.496735e+01,  8.170646e+01
  1.304398e+01,  8.322876e+01
  1.072523e+01,  8.538015e+01
  8.140341e+00,  8.673591e+01
  5.499357e+00,  8.499257e+01
  2.835879e+00,  7.567153e+01
  1.116798e+00,  3.557166e+02
  3.326191e+00,  3.024974e+02
  5.695593e+00,  2.965741e+02
  7.506641e+00,  2.955385e+02
  8.757502e+00,  2.962313e+02
  9.149920e+00,  2.967763e+02
  6.082035e+00,  2.760019e+02
  2.238381e+00,  1.386527e+02
  0.000000e+00,  0.000000e+00
  0.000000e+00,  0.000000e+00
  0.000000e+00,  0.000000e+00
  0.000000e+00,  0.000000e+00
  0.000000e+00,  0.000000e+00
  0.000000e+00,  0.000000e+00
  0.000000e+00,  0.000000e+00
  0.000000e+00,  0.000000e+00
  0.000000e+00,  0.000000e+00
  0.000000e+00,  0.000000e+00
  0.000000e+00,  0.000000e+00
  0.000000e+00,  0.000000e+00
  0.000000e+00,  0.000000e+00
  0.000000e+00,  0.000000e+00
  0.000000e+00,  0.000000e+00
  0.000000e+00,  0.000000e+00
  0.000000e+00,  0.000000e+00
  0.000000e+00,  0.000000e+00
  0.000000e+00,  0.000000e+00
  0.000000e+00,  0.000000e+00
  0.000000e+00,  0.000000e+00
  0.000000e+00,  0.000000e+00
  0.000000e+00,  0.000000e+00
  0.000000e+00,  0.000000e+00
  0.000000e+00,  0.000000e+00
  0.000000e+00,  0.000000e+00
  0.000000e+00,  0.000000e+00
  0.000000e+00,  0.000000e+00
  0.000000e+00,  0.000000e+00
  0.000000e+00,  0.000000e+00
  0.000000e+00,  0.000000e+00
  0.000000e+00,  0.000000e+00
  0.000000e+00,  0.000000e+00
  0.000000e+00,  0.000000e+00
  0.000000e+00,  0.000000e+00
  0.000000e+00,  0.000000e+00
  0.000000e+00,  0.000000e+00
  0.000000e+00,  0.000000e+00
  0.000000e+00,  0.000000e+00
  0.000000e+00,  0.000000e+00
  0.000000e+00,  0.000000e+00
  0.000000e+00,  0.000000e+00
  0.000000e+00,  0.000000e+00
  0.000000e+00,  0.000000e+00
  0.000000e+00,  0.000000e+00
  0.000000e+00,  0.000000e+00
  0.000000e+00,  0.000000e+00
  0.000000e+00,  0.000000e+00
  0.000000e+00,  0.000000e+00
  0.000000e+00,  0.000000e+00
  0.000000e+00,  0.000000e+00
  0.000000e+00,  0.000000e+00
  0.000000e+00,  0.000000e+00
  0.000000e+00,  0.000000e+00
  0.000000e+00,  0.000000e+00
  0.000000e+00,  0.000000e+00
  0.000000e+00,  0.000000e+00
  0.000000e+00,  0.000000e+00
  0.000000e+00,  0.000000e+00
  0.000000e+00,  0.000000e+00
  0.000000e+00,  0.000000e+00
  0.000000e+00,  0.000000e+00
  0.000000e+00,  0.000000e+00
  0.000000e+00,  0.000000e+00
  0.000000e+00,  0.000000e+00
  0.000000e+00,  0.000000e+00
  0.000000e+00,  0.000000e+00
  0.000000e+00,  0.000000e+00
  0.000000e+00,  0.000000e+00
  0.000000e+00,  0.000000e+00
  0.000000e+00,  0.000000e+00
  0.000000e+00,  0.000000e+00
  0.000000e+00,  0.000000e+00
  0.000000e+00,  0.000000e+00
  0.000000e+00,  0.000000e+00
  0.000000e+00,  0.000000e+00
  0.000000e+00,  0.000000e+00
  0.000000e+00,  0.000000e+00
  0.000000e+00,  0.000000e+00
  0.000000e+00,  0.000000e+00
  0.000000e+00,  0.000000e+00
  0.000000e+00,  0.000000e+00
  0.000000e+00,  0.000000e+00
  0.000000e+00,  0.000000e+00
  0.000000e+00,  0.000000e+00
  0.000000e+00,  0.000000e+00
  0.000000e+00,  0.000000e+00
  0.000000e+00,  0.000000e+00
  0.000000e+00,  0.000000e+00
  0.000000e+00,  0.000000e+00
  0.000000e+00,  0.000000e+00
  0.000000e+00,  0.000000e+00
  0.000000e+00,  0.000000e+00
  0.000000e+00,  0.000000e+00
  0.000000e+00,  0.000000e+00
  0.000000e+00,  0.000000e+00
  0.000000e+00,  0.000000e+00
  0.000000e+00,  0.000000e+00
  0.000000e+00,  0.000000e+00
  0.000000e+00,  0.000000e+00
  0.000000e+00,  0.000000e+00
  0.000000e+00,  0.000000e+00
  0.000000e+00,  0.000000e+00
  0.000000e+00,  0.000000e+00
  0.000000e+00,  0.000000e+00
  0.000000e+00,  0.000000e+00
  0.000000e+00,  0.000000e+00
  0.000000e+00,  0.000000e+00
  0.000000e+00,  0.000000e+00
  0.000000e+00,  0.000000e+00
  0.000000e+00,  0.000000e+00
  0.000000e+00,  0.000000e+00
  0.000000e+00,  0.000000e+00
  0.000000e+00,  0.000000e+00
  0.000000e+00,  0.000000e+00
  0.000000e+00,  0.000000e+00
  0.000000e+00,  0.000000e+00
  0.000000e+00,  0.000000e+00
  0.000000e+00,  0.000000e+00
  0.000000e+00,  0.000000e+00
  0.000000e+00,  0.000000e+00
  0.000000e+00,  0.000000e+00
  0.000000e+00,  0.000000e+00
  0.000000e+00,  0.000000e+00
  0.000000e+00,  0.000000e+00
  0.000000e+00,  0.000000e+00
  0.000000e+00,  0.000000e+00
  0.000000e+00,  0.000000e+00
  0.000000e+00,  0.000000e+00
  0.000000e+00,  0.000000e+00
  0.000000e+00,  0.000000e+00
  0.000000e+00,  0.000000e+00
  0.000000e+00,  0.000000e+00
  0.000000e+00,  0.000000e+00
  0.000000e+00,  0.000000e+00
  0.000000e+00,  0.000000e+00
  0.000000e+00,  0.000000e+00
  0.000000e+00,  0.000000e+00
  0.000000e+00,  0.000000e+00
  0.000000e+00,  0.000000e+00
  0.000000e+00,  0.000000e+00
  0.000000e+00,  0.000000e+00
  0.000000e+00,  0.000000e+00
  0.000000e+00,  0.000000e+00
  0.000000e+00,  0.000000e+00
  0.000000e+00,  0.000000e+00
  0.000000e+00,  0.000000e+00
  0.000000e+00,  0.000000e+00
  0.000000e+00,  0.000000e+00
  0.000000e+00,  0.000000e+00
  0.000000e+00,  0.000000e+00
  0.000000e+00,  0.000000e+00
  0.000000e+00,  0.000000e+00
  0.000000e+00,  0.000000e+00
  0.000000e+00,  0.000000e+00
  0.000000e+00,  0.000000e+00
  0.000000e+00,  0.000000e+00
  0.000000e+00,  0.000000e+00
  0.000000e+00,  0.000000e+00
  0.000000e+00,  0.000000e+00
  0.000000e+00,  0.000000e+00
  0.000000e+00,  0.000000e+00
  0.000000e+00,  0.000000e+00
  0.000000e+00,  0.000000e+00
  0.000000e+00,  0.000000e+00
  0.000000e+00,  0.000000e+00
  0.000000e+00,  0.000000e+00
  0.000000e+00,  0.000000e+00
  0.000000e+00,  0.000000e+00
  0.000000e+00,  0.000000e+00
  0.000000e+00,  0.000000e+00
  0.000000e+00,  0.000000e+00
  0.000000e+00,  0.000000e+00
  0.000000e+00,  0.000000e+00
  0.000000e+00,  0.000000e+00
  0.000000e+00,  0.000000e+00
  0.000000e+00,  0.000000e+00
  0.000000e+00,  0.000000e+00
  0.000000e+00,  0.000000e+00
  0.000000e+00,  0.000000e+00
  0.000000e+00,  0.000000e+00
  0.000000e+00,  0.000000e+00
  0.000000e+00,  0.000000e+00
  0.000000e+00,  0.000000e+00
  0.000000e+00,  0.000000e+00
  0.000000e+00,  0.000000e+00
  0.000000e+00,  0.000000e+00
  0.000000e+00,  0.000000e+00
  0.000000e+00,  0.000000e+00
  0.000000e+00,  0.000000e+00
  0.000000e+00,  0.000000e+00
  0.000000e+00,  0.000000e+00
  0.000000e+00,  0.000000e+00
  0.000000e+00,  0.000000e+00
  0.000000e+00,  0.000000e+00
  0.000000e+00,  0.000000e+00
  0.000000e+00,  0.000000e+00
  0.000000e+00,  0.000000e+00
  0.000000e+00,  0.000000e+00
  0.000000e+00,  0.000000e+00
  0.000000e+00,  0.000000e+00
  0.000000e+00,  0.000000e+00
  0.000000e+00,  0.000000e+00
  0.000000e+00,  0.000000e+00
  0.000000e+00,  0.000000e+00
  0.000000e+00,  0.000000e+00
  0.000000e+00,  0.000000e+00
  0.000000e+00,  0.000000e+00
  0.000000e+00,  0.000000e+00
  0.000000e+00,  0.000000e+00
  0.000000e+00,  0.000000e+00
  0.000000e+00,  0.000000e+00
  0.000000e+00,  0.000000e+00
  0.000000e+00,  0.000000e+00
  0.000000e+00,  0.000000e+00
  0.000000e+00,  0.000000e+00
  0.000000e+00,  0.000000e+00
  0.000000e+00,  0.000000e+00
  0.000000e+00,  0.000000e+00
  0.000000e+00,  0.000000e+00
  0.000000e+00,  0.000000e+00
  0.000000e+00,  0.000000e+00
  0.000000e+00,  0.000000e+00
  0.000000e+00,  0.000000e+00
  0.000000e+00,  0.000000e+00
  0.000000e+00,  0.000000e+00
  0.000000e+00,  0.000000e+00
  0.000000e+00,  0.000000e+00
  0.000000e+00,  0.000000e+00
  0.000000e+00,  0.000000e+00
  0.000000e+00,  0.000000e+00
  0.000000e+00,  0.000000e+00
  0.000000e+00,  0.000000e+00
  0.000000e+00,  0.000000e+00
  0.000000e+00,  0.000000e+00
  0.000000e+00,  0.000000e+00
  0.000000e+00,  0.000000e+00
  0.000000e+00,  0.000000e+00
  0.000000e+00,  0.000000e+00
  0.000000e+00,  0.000000e+00
  0.000000e+00,  0.000000e+00
  0.000000e+00,  0.000000e+00
  0.000000e+00,  0.000000e+00
  0.000000e+00,  0.000000e+00
  0.000000e+00,  0.000000e+00
  0.000000e+00,  0.000000e+00
  0.000000e+00,  0.000000e+00
  0.000000e+00,  0.000000e+00
  0.000000e+00,  0.000000e+00
  0.000000e+00,  0.000000e+00
  0.000000e+00,  0.000000e+00
  0.000000e+00,  0.000000e+00
  0.000000e+00,  0.000000e+00
  0.000000e+00,  0.000000e+00
  0.000000e+00,  0.000000e+00
  0.000000e+00,  0.000000e+00
  0.000000e+00,  0.000000e+00
  0.000000e+00,  0.000000e+00
  0.000000e+00,  0.000000e+00
  0.000000e+00,  0.000000e+00
  0.000000e+00,  0.000000e+00
  0.000000e+00,  0.000000e+00
  0.000000e+00,  0.000000e+00
  0.000000e+00,  0.000000e+00
  0.000000e+00,  0.000000e+00
  0.000000e+00,  0.000000e+00
  0.000000e+00,  0.000000e+00
  0.000000e+00,  0.000000e+00
  0.000000e+00,  0.000000e+00
  0.000000e+00,  0.000000e+00
  0.000000e+00,  0.000000e+00
  0.000000e+00,  0.000000e+00
  0.000000e+00,  0.000000e+00
  0.000000e+00,  0.000000e+00
  0.000000e+00,  0.000000e+00
  0.000000e+00,  0.000000e+00
  0.000000e+00,  0.000000e+00
  0.000000e+00,  0.000000e+00
  0.000000e+00,  0.000000e+00
  0.000000e+00,  0.000000e+00
  0.000000e+00,  0.000000e+00
  0.000000e+00,  0.000000e+00
  0.000000e+00,  0.000000e+00
  0.000000e+00,  0.000000e+00
  0.000000e+00,  0.000000e+00
  0.000000e+00,  0.000000e+00
  0.000000e+00,  0.000000e+00
  0.000000e+00,  0.000000e+00
  0.000000e+00,  0.000000e+00
  0.000000e+00,  0.000000e+00
  0.000000e+00,  0.000000e+00
  0.000000e+00,  0.000000e+00
  0.000000e+00,  0.000000e+00
  0.000000e+00,  0.000000e+00
  0.000000e+00,  0.000000e+00
  0.000000e+00,  0.000000e+00
  0.000000e+00,  0.000000e+00
  0.000000e+00,  0.000000e+00
  0.000000e+00,  0.000000e+00
  0.000000e+00,  0.000000e+00
  0.000000e+00,  0.000000e+00
  0.000000e+00,  0.000000e+00
  0.000000e+00,  0.000000e+00
  0.000000e+00,  0.000000e+00
  0.000000e+00,  0.000000e+00
  0.000000e+00,  0.000000e+00
  0.000000e+00,  0.000000e+00
  0.000000e+00,  0.000000e+00
  0.000000e+00,  0.000000e+00
  0.000000e+00,  0.000000e+00
  0.000000e+00,  0.000000e+00
  0.000000e+00,  0.000000e+00
  0.000000e+00,  0.000000e+00
  0.000000e+00,  0.000000e+00
  0.000000e+00,  0.000000e+00
  0.000000e+00,  0.000000e+00
  0.000000e+00,  0.000000e+00
  0.000000e+00,  0.000000e+00
  0.000000e+00,  0.000000e+00
  0.000000e+00,  0.000000e+00
  0.000000e+00,  0.000000e+00
  0.000000e+00,  0.000000e+00
  0.000000e+00,  0.000000e+00
  0.000000e+00,  0.000000e+00
  0.000000e+00,  0.000000e+00
  0.000000e+00,  0.000000e+00
  0.000000e+00,  0.000000e+00
  0.000000e+00,  0.000000e+00
  0.000000e+00,  0.000000e+00
  0.000000e+00,  0.000000e+00
  0.000000e+00,  0.000000e+00
  0.000000e+00,  0.000000e+00
  0.000000e+00,  0.000000e+00
  0.000000e+00,  0.000000e+00
  0.000000e+00,  0.000000e+00
  0.000000e+00,  0.000000e+00
  0.000000e+00,  0.000000e+00
  0.000000e+00,  0.000000e+00
  0.000000e+00,  0.000000e+00
  0.000000e+00,  0.000000e+00
  0.000000e+00,  0.000000e+00
  0.000000e+00,  0.000000e+00
  0.000000e+00,  0.000000e+00
  0.000000e+00,  0.000000e+00
  0.000000e+00,  0.000000e+00
  0.000000e+00,  0.000000e+00
  0.000000e+00,  0.000000e+00
  0.000000e+00,  0.000000e+00
  0.000000e+00,  0.000000e+00
  0.000000e+00,  0.000000e+00
  0.000000e+00,  0.000000e+00
  0.000000e+00,  0.000000e+00
  0.000000e+00,  0.000000e+00
  0.000000e+00,  0.000000e+00
  0.000000e+00,  0.000000e+00
  0.000000e+00,  0.000000e+00
  0.000000e+00,  0.000000e+00
  0.000000e+00,  0.000000e+00
  0.000000e+00,  0.000000e+00
  0.000000e+00,  0.000000e+00
  0.000000e+00,  0.000000e+00
  0.000000e+00,  0.000000e+00
  0.000000e+00,  0.000000e+00
  0.000000e+00,  0.000000e+00
  0.000000e+00,  0.000000e+00
  0.000000e+00,  0.000000e+00
  0.000000e+00,  0.000000e+00
  0.000000e+00,  0.000000e+00
  0.000000e+00,  0.000000e+00
  0.000000e+00,  0.000000e+00
  0.000000e+00,  0.000000e+00
  0.000000e+00,  0.000000e+00
  0.000000e+00,  0.000000e+00
  0.000000e+00,  0.000000e+00
  0.000000e+00,  0.000000e+00
  0.000000e+00,  0.000000e+00
  0.000000e+00,  0.000000e+00
  0.000000e+00,  0.000000e+00
  0.000000e+00,  0.000000e+00
  0.000000e+00,  0.000000e+00
  0.000000e+00,  0.000000e+00
  0.000000e+00,  0.000000e+00
  0.000000e+00,  0.000000e+00
  0.000000e+00,  0.000000e+00
  0.000000e+00,  0.000000e+00
  0.000000e+00,  0.000000e+00
  0.000000e+00,  0.000000e+00
  0.000000e+00,  0.000000e+00
  0.000000e+00,  0.000000e+00
  0.000000e+00,  0.000000e+00
  0.000000e+00,  0.000000e+00
  0.000000e+00,  0.000000e+00
  0.000000e+00,  0.000000e+00
  0.000000e+00,  0.000000e+00
  0.000000e+00,  0.000000e+00
  0.000000e+00,  0.000000e+00
  0.000000e+00,  0.000000e+00
  0.000000e+00,  0.000000e+00
  0.000000e+00,  0.000000e+00
  0.000000e+00,  0.000000e+00
  0.000000e+00,  0.000000e+00
  0.000000e+00,  0.000000e+00
  0.000000e+00,  0.000000e+00
  0.000000e+00,  0.000000e+00
  0.000000e+00,  0.000000e+00
  0.000000e+00,  0.000000e+00
  0.000000e+00,  0.000000e+00
  0.000000e+00,  0.000000e+00
  0.000000e+00,  0.000000e+00
  0.000000e+00,  0.000000e+00
  0.000000e+00,  0.000000e+00
  0.000000e+00,  0.000000e+00
  0.000000e+00,  0.000000e+00
  0.000000e+00,  0.000000e+00
  0.000000e+00,  0.000000e+00
  0.000000e+00,  0.000000e+00
  0.000000e+00,  0.000000e+00
  0.000000e+00,  0.000000e+00
  0.000000e+00,  0.000000e+00
  0.000000e+00,  0.000000e+00
  0.000000e+00,  0.000000e+00
  0.000000e+00,  0.000000e+00
  0.000000e+00,  0.000000e+00
  0.000000e+00,  0.000000e+00
  0.000000e+00,  0.000000e+00
  0.000000e+00,  0.000000e+00
  0.000000e+00,  0.000000e+00
  0.000000e+00,  0.000000e+00
  0.000000e+00,  0.000000e+00
  0.000000e+00,  0.000000e+00
  0.000000e+00,  0.000000e+00
  0.000000e+00,  0.000000e+00
  0.000000e+00,  0.000000e+00
  0.000000e+00,  0.000000e+00
  5.354726e-01,  1.192377e+02
  4.870684e-01,  1.651593e+02
  1.064122e+01,  2.298477e+02
  2.695002e+01,  2.322046e+02
  3.311081e+01,  2.357557e+02
  3.057590e+01,  2.408685e+02
  2.604033e+01,  2.464639e+02
  2.321706e+01,  2.524925e+02
  2.294168e+01,  2.568097e+02
  2.413262e+01,  2.591463e+02
  2.565455e+01,  2.611488e+02
  2.701384e+01,  2.628807e+02
  2.746846e+01,  2.631088e+02
  2.610213e+01,  2.610107e+02
  2.309084e+01,  2.559376e+02
  1.968327e+01,  2.466506e+02
  1.717367e+01,  2.320566e+02
  1.646623e+01,  2.134977e+02
  1.780349e+01,  1.957668e+02
  2.033760e+01,  1.828820e+02
  2.244367e+01,  1.750131e+02
  2.292049e+01,  1.705692e+02
  2.180182e+01,  1.684944e+02
  1.964568e+01,  1.694533e+02
  1.707421e+01,  1.757223e+02
  1.532085e+01,  1.882647e+02
  1.541623e+01,  2.031769e+02
  1.719365e+01,  2.164203e+02
  1.985852e+01,  2.265163e+02
  2.195977e+01,  2.314298e+02
  2.227489e+01,  2.298377e+02
  2.128592e+01,  2.225952e+02
  2.011106e+01,  2.132764e+02
  1.880110e+01,  2.051373e+02
  1.743794e+01,  1.967424e+02
  1.732825e+01,  1.857558e+02
  1.913152e+01,  1.762832e+02
  2.155997e+01,  1.722723e+02
  2.377082e+01,  1.720565e+02
  2.584353e+01,  1.723212e+02
  2.732804e+01,  1.713944e+02
  2.772320e+01,  1.698116e+02
  2.710132e+01,  1.685010e+02
  2.574977e+01,  1.675212e+02
  2.426104e+01,  1.665998e+02
  2.330705e+01,  1.661524e+02
  2.293903e+01,  1.671881e+02
  2.290188e+01,  1.706535e+02
  2.321358e+01,  1.766505e+02
  2.370873e+01,  1.836894e+02
  2.388175e+01,  1.899324e+02
  2.361155e+01,  1.943747e+02
  2.287263e+01,  1.961309e+02
  2.124069e+01,  1.935078e+02
  1.905281e+01,  1.839754e+02
  1.791188e+01,  1.675415e+02
  1.852849e+01,  1.499147e+02
  2.003805e+01,  1.355786e+02
  2.161742e+01,  1.255993e+02
  2.268382e+01,  1.203301e+02
  2.307623e+01,  1.196247e+02
  2.327191e+01,  1.230406e+02
  2.373853e+01,  1.296150e+02
  2.445422e+01,  1.378253e+02
  2.523102e+01,  1.458410e+02
  2.588737e+01,  1.515347e+02
  2.599103e+01,  1.533869e+02
  2.515928e+01,  1.519309e+02
  2.380168e+01,  1.496819e+02
  2.289485e+01,  1.481260e+02
  2.252730e+01,  1.446251e+02
  2.196114e+01,  1.365809e+02
  2.143388e+01,  1.263534e+02
  2.167331e+01,  1.173357e+02
  2.287774e+01,  1.083017e+02
  2.437005e+01,  9.908830e+01
  2.489901e+01,  9.448468e+01
  2.443166e+01,  9.772096e+01
  2.391831e+01,  1.048703e+02
  2.268593e+01,  1.092443e+02
  2.059561e+01,  1.089204e+02
  1.940174e+01,  1.053073e+02
  2.010692e+01,  1.008594e+02
  2.187302e+01,  9.713763e+01
  2.351810e+01,  9.370172e+01
  2.476955e+01,  8.953220e+01
  2.548159e+01,  8.449265e+01
  2.517417e+01,  7.955889e+01
  2.411389e+01,  7.661847e+01
  2.344912e+01,  7.673656e+01
  2.381601e+01,  7.800426e+01
  2.442991e+01,  7.893407e+01
  2.425440e+01,  8.081797e+01
  2.325316e+01,  8.413040e+01
  2.186734e+01,  8.710693e+01
  2.039447e+01,  8.855458e+01
  1.927126e+01,  8.871201e+01
  1.867718e+01,  8.709379e+01
  1.808715e+01,  8.294707e+01
  1.694660e+01,  7.740826e+01
  1.535170e+01,  7.292329e+01
  1.393779e+01,  6.973631e+01
  1.325628e+01,  6.402606e+01
  1.335359e+01,  5.363216e+01
  1.397080e+01,  4.118583e+01
  1.521319e+01,  2.917958e+01
  1.768670e+01,  1.993278e+01
  2.116900e+01,  1.542301e+01
  2.468444e+01,  1.513772e+01
  2.752678e+01,  1.781428e+01
  2.877829e+01,  2.264230e+01
  2.714191e+01,  3.000994e+01
  2.331746e+01,  4.177279e+01
  2.039962e+01,  5.717966e+01
  1.903459e+01,  7.126654e+01
  1.767320e+01,  8.458309e+01
  1.635505e+01,  9.699647e+01
  1.487694e+01,  1.014602e+02
  1.277702e+01,  9.598296e+01
  1.072599e+01,  8.611572e+01
  9.504994e+00,  7.372937e+01
  1.006827e+01,  5.466353e+01
  1.280916e+01,  3.478560e+01
  1.640384e+01,  2.102089e+01
  1.917150e+01,  1.279515e+01
  2.047670e+01,  8.293049e+00
  2.064254e+01,  5.962077e+00
  2.025852e+01,  4.478817e+00
  2.004570e+01,  4.081632e+00
  2.042371e+01,  5.793555e+00
  2.074434e+01,  8.408341e+00
  2.029942e+01,  9.741371e+00
  1.973374e+01,  9.211510e+00
  1.982192e+01,  8.080756e+00
  2.009426e+01,  7.877932e+00
  1.992421e+01,  8.953708e+00
  1.971348e+01,  1.040438e+01
  2.032036e+01,  1.087840e+01
  2.196005e+01,  1.033711e+01
  2.413585e+01,  9.849542e+00
  2.645093e+01,  9.616092e+00
  2.877883e+01,  9.193207e+00
  3.055996e+01,  8.593254e+00
  3.116147e+01,  7.479100e+00
  3.049325e+01,  4.739252e+00
  2.824915e+01,  3.597313e+02
  2.434475e+01,  3.519407e+02
  2.050771e+01,  3.401968e+02
  1.901097e+01,  3.263452e+02
  1.983247e+01,  3.156459e+02
  2.147837e+01,  3.094152e+02
  2.297347e+01,  3.070299e+02
  2.384196e+01,  3.087462e+02
  2.382858e+01,  3.142846e+02
  2.290583e+01,  3.220734e+02
  2.135902e+01,  3.300012e+02
  2.003597e+01,  3.361984e+02
  1.984287e+01,  3.401362e+02
  2.051744e+01,  3.434432e+02
  2.115401e+01,  3.469479e+02
  2.160382e+01,  3.482679e+02
  2.156640e+01,  3.443839e+02
  2.049636e+01,  3.349938e+02
  1.890874e+01,  3.224397e+02
  1.745646e+01,  3.092727e+02
  1.643721e+01,  2.944082e+02
  1.645625e+01,  2.784209e+02
  1.713891e+01,  2.681276e+02
  1.759968e+01,  2.670660e+02
  1.808922e+01,  2.723972e+02
  1.874616e+01,  2.794727e+02
  1.953409e+01,  2.865343e+02
  2.091857e+01,  2.934832e+02
  2.280995e+01,  2.996632e+02
  2.412138e+01,  3.043947e+02
  2.409587e+01,  3.074099e+02
  2.336413e+01,  3.089704e+02
  2.294992e+01,  3.094780e+02
  2.262467e+01,  3.080644e+02
  2.186709e+01,  3.036424e+02
  2.128564e+01,  2.972861e+02
  2.133570e+01,  2.910489e+02
  2.149138e+01,  2.852953e+02
  2.082954e+01,  2.798795e+02
  1.886863e+01,  2.754714e+02
  1.622248e+01,  2.734118e+02
  1.390042e+01,  2.746767e+02
  1.245004e+01,  2.772092e+02
  1.212858e+01,  2.759385e+02
  1.332400e+01,  2.697405e+02
  1.595354e+01,  2.640428e+02
  1.909615e+01,  2.611961e+02
  2.265026e+01,  2.592111e+02
  2.740167e+01,  2.577710e+02
  3.239993e+01,  2.586823e+02
  3.490393e+01,  2.615824e+02
  2.865723e+01,  2.615748e+02
  1.074934e+01,  2.442537e+02
  4.140094e+00,  4.162284e+01
  9.487479e-01,  1.682716e+02
  0.000000e+00,  0.000000e+00
  0.000000e+00,  0.000000e+00
  0.000000e+00,  0.000000e+00
  0.000000e+00,  0.000000e+00
  0.000000e+00,  0.000000e+00
  0.000000e+00,  0.000000e+00
  0.000000e+00,  0.000000e+00
  0.000000e+00,  0.000000e+00
  0.000000e+00,  0.000000e+00
  0.000000e+00,  0.000000e+00
  0.000000e+00,  0.000000e+00
  0.000000e+00,  0.000000e+00
  0.000000e+00,  0.000000e+00
  0.000000e+00,  0.000000e+00
  0.000000e+00,  0.000000e+00
  0.000000e+00,  0.000000e+00
  0.000000e+00,  0.000000e+00
  0.000000e+00,  0.000000e+00
  0.000000e+00,  0.000000e+00
  0.000000e+00,  0.000000e+00
  0.000000e+00,  0.000000e+00
  0.000000e+00,  0.000000e+00
  0.000000e+00,  0.000000e+00
  0.000000e+00,  0.000000e+00
  0.000000e+00,  0.000000e+00
  0.000000e+00,  0.000000e+00
  0.000000e+00,  0.000000e+00
  0.000000e+00,  0.000000e+00
  0.000000e+00,  0.000000e+00
  0.000000e+00,  0.000000e+00
  0.000000e+00,  0.000000e+00
  0.000000e+00,  0.000000e+00
  0.000000e+00,  0.000000e+00
  0.000000e+00,  0.000000e+00
  0.000000e+00,  0.000000e+00
  0.000000e+00,  0.000000e+00
  0.000000e+00,  0.000000e+00
  0.000000e+00,  0.000000e+00
  0.000000e+00,  0.000000e+00
  0.000000e+00,  0.000000e+00
  0.000000e+00,  0.000000e+00
  0.000000e+00,  0.000000e+00
  0.000000e+00,  0.000000e+00
  0.000000e+00,  0.000000e+00
  0.000000e+00,  0.000000e+00
  0.000000e+00,  0.000000e+00
  0.000000e+00,  0.000000e+00
  0.000000e+00,  0.000000e+00
  0.000000e+00,  0.000000e+00
  0.000000e+00,  0.000000e+00
  0.000000e+00,  0.000000e+00
  0.000000e+00,  0.000000e+00
  0.000000e+00,  0.000000e+00
  0.000000e+00,  0.000000e+00
  0.000000e+00,  0.000000e+00
  0.000000e+00,  0.000000e+00
  0.000000e+00,  0.000000e+00
  0.000000e+00,  0.000000e+00
  0.000000e+00,  0.000000e+00
  0.000000e+00,  0.000000e+00
  0.000000e+00,  0.000000e+00
  0.000000e+00,  0.000000e+00
  0.000000e+00,  0.000000e+00
  0.000000e+00,  0.000000e+00
  0.000000e+00,  0.000000e+00
  0.000000e+00,  0.000000e+00
  0.000000e+00,  0.000000e+00
  0.000000e+00,  0.000000e+00
  0.000000e+00,  0.000000e+00
  0.000000e+00,  0.000000e+00
  0.000000e+00,  0.000000e+00
  0.000000e+00,  0.000000e+00
  0.000000e+00,  0.000000e+00
  0.000000e+00,  0.000000e+00
  0.000000e+00,  0.000000e+00
  0.000000e+00,  0.000000e+00
  0.000000e+00,  0.000000e+00
  0.000000e+00,  0.000000e+00
  0.000000e+00,  0.000000e+00
  0.000000e+00,  0.000000e+00
  0.000000e+00,  0.000000e+00
  0.000000e+00,  0.000000e+00
  0.000000e+00,  0.000000e+00
  0.000000e+00,  0.000000e+00
  0.000000e+00,  0.000000e+00
  0.000000e+00,  0.000000e+00
  0.000000e+00,  0.000000e+00
  0.000000e+00,  0.000000e+00
  0.000000e+00,  0.000000e+00
  0.000000e+00,  0.000000e+00
  0.000000e+00,  0.000000e+00
  0.000000e+00,  0.000000e+00
  0.000000e+00,  0.000000e+00
  0.000000e+00,  0.000000e+00
  0.000000e+00,  0.000000e+00
  0.000000e+00,  0.000000e+00
  0.000000e+00,  0.000000e+00
  0.000000e+00,  0.000000e+00
  0.000000e+00,  0.000000e+00
  0.000000e+00,  0.000000e+00
  0.000000e+00,  0.000000e+00
  0.000000e+00,  0.000000e+00
  0.000000e+00,  0.000000e+00
  0.000000e+00,  0.000000e+00
  0.000000e+00,  0.000000e+00
  0.000000e+00,  0.000000e+00
  0.000000e+00,  0.000000e+00
  0.000000e+00,  0.000000e+00
  0.000000e+00,  0.000000e+00
  0.000000e+00,  0.000000e+00
  0.000000e+00,  0.000000e+00
  0.000000e+00,  0.000000e+00
  0.000000e+00,  0.000000e+00
  0.000000e+00,  0.000000e+00
  0.000000e+00,  0.000000e+00
  0.000000e+00,  0.000000e+00
  0.000000e+00,  0.000000e+00
  0.000000e+00,  0.000000e+00
  0.000000e+00,  0.000000e+00
  0.000000e+00,  0.000000e+00
  0.000000e+00,  0.000000e+00
  0.000000e+00,  0.000000e+00
  0.000000e+00,  0.000000e+00
  0.000000e+00,  0.000000e+00
  0.000000e+00,  0.000000e+00
  0.000000e+00,  0.000000e+00
  0.000000e+00,  0.000000e+00
  0.000000e+00,  0.000000e+00
  0.000000e+00,  0.000000e+00
  0.000000e+00,  0.000000e+00
  0.000000e+00,  0.000000e+00
  0.000000e+00,  0.000000e+00
  0.000000e+00,  0.000000e+00
  0.000000e+00,  0.000000e+00
  0.000000e+00,  0.000000e+00
  0.000000e+00,  0.000000e+00
  0.000000e+00,  0.000000e+00
  0.000000e+00,  0.000000e+00
  0.000000e+00,  0.000000e+00
  0.000000e+00,  0.000000e+00
  0.000000e+00,  0.000000e+00
  0.000000e+00,  0.000000e+00
  0.000000e+00,  0.000000e+00
  0.000000e+00,  0.000000e+00
  0.000000e+00,  0.000000e+00
  0.000000e+00,  0.000000e+00
  0.000000e+00,  0.000000e+00
  0.000000e+00,  0.000000e+00
  0.000000e+00,  0.000000e+00
  0.000000e+00,  0.000000e+00
  0.000000e+00,  0.000000e+00
  0.000000e+00,  0.000000e+00
  0.000000e+00,  0.000000e+00
  0.000000e+00,  0.000000e+00
  0.000000e+00,  0.000000e+00
  0.000000e+00,  0.000000e+00
  0.000000e+00,  0.000000e+00
  0.000000e+00,  0.000000e+00
  0.000000e+00,  0.000000e+00
  0.000000e+00,  0.000000e+00
  0.000000e+00,  0.000000e+00
  0.000000e+00,  0.000000e+00
  0.000000e+00,  0.000000e+00
  0.000000e+00,  0.000000e+00
  0.000000e+00,  0.000000e+00
  0.000000e+00,  0.000000e+00
  0.000000e+00,  0.000000e+00
  0.000000e+00,  0.000000e+00
  0.000000e+00,  0.000000e+00
  0.000000e+00,  0.000000e+00
  0.000000e+00,  0.000000e+00
  0.000000e+00,  0.000000e+00
  0.000000e+00,  0.000000e+00
  0.000000e+00,  0.000000e+00
  0.000000e+00,  0.000000e+00
  0.000000e+00,  0.000000e+00
  0.000000e+00,  0.000000e+00
  0.000000e+00,  0.000000e+00
  0.000000e+00,  0.000000e+00
  0.000000e+00,  0.000000e+00
  0.000000e+00,  0.000000e+00
  0.000000e+00,  0.000000e+00
  0.000000e+00,  0.000000e+00
  0.000000e+00,  0.000000e+00
  0.000000e+00,  0.000000e+00
  0.000000e+00,  0.000000e+00
  0.000000e+00,  0.000000e+00
  0.000000e+00,  0.000000e+00
  0.000000e+00,  0.000000e+00
  0.000000e+00,  0.000000e+00
  0.000000e+00,  0.000000e+00
  0.000000e+00,  0.000000e+00
  0.000000e+00,  0.000000e+00
  0.000000e+00,  0.000000e+00
  0.000000e+00,  0.000000e+00
  0.000000e+00,  0.000000e+00
  0.000000e+00,  0.000000e+00
  0.000000e+00,  0.000000e+00
  0.000000e+00,  0.000000e+00
  0.000000e+00,  0.000000e+00
  0.000000e+00,  0.000000e+00
  0.000000e+00,  0.000000e+00
  0.000000e+00,  0.000000e+00
  0.000000e+00,  0.000000e+00
  0.000000e+00,  0.000000e+00
  0.000000e+00,  0.000000e+00
  0.000000e+00,  0.000000e+00
  0.000000e+00,  0.000000e+00
  0.000000e+00,  0.000000e+00
  0.000000e+00,  0.000000e+00
  0.000000e+00,  0.000000e+00
  0.000000e+00,  0.000000e+00
  0.000000e+00,  0.000000e+00
  0.000000e+00,  0.000000e+00
  0.000000e+00,  0.000000e+00
  0.000000e+00,  0.000000e+00
  0.000000e+00,  0.000000e+00
  0.000000e+00,  0.000000e+00
  0.000000e+00,  0.000000e+00
  0.000000e+00,  0.000000e+00
  0.000000e+00,  0.000000e+00
  0.000000e+00,  0.000000e+00
  0.000000e+00,  0.000000e+00
  0.000000e+00,  0.000000e+00
  0.000000e+00,  0.000000e+00
  0.000000e+00,  0.000000e+00
  0.000000e+00,  0.000000e+00
  0.000000e+00,  0.000000e+00
  0.000000e+00,  0.000000e+00
  0.000000e+00,  0.000000e+00
  0.000000e+00,  0.000000e+00
  0.000000e+00,  0.000000e+00
  0.000000e+00,  0.000000e+00
  0.000000e+00,  0.000000e+00
  0.000000e+00,  0.000000e+00
  0.000000e+00,  0.000000e+00
  0.000000e+00,  0.000000e+00
  0.000000e+00,  0.000000e+00
  0.000000e+00,  0.000000e+00
  0.000000e+00,  0.000000e+00
  0.000000e+00,  0.000000e+00
  0.000000e+00,  0.000000e+00
  0.000000e+00,  0.000000e+00
  0.000000e+00,  0.000000e+00
  0.000000e+00,  0.000000e+00
  0.000000e+00,  0.000000e+00
  0.000000e+00,  0.000000e+00
  0.000000e+00,  0.000000e+00
  0.000000e+00,  0.000000e+00
  0.000000e+00,  0.000000e+00
  0.000000e+00,  0.000000e+00
  0.000000e+00,  0.000000e+00
  0.000000e+00,  0.000000e+00
  0.000000e+00,  0.000000e+00
  0.000000e+00,  0.000000e+00
  0.000000e+00,  0.000000e+00
  0.000000e+00,  0.000000e+00
  0.000000e+00,  0.000000e+00
  0.000000e+00,  0.000000e+00
  0.000000e+00,  0.000000e+00
  0.000000e+00,  0.000000e+00
  0.000000e+00,  0.000000e+00
  0.000000e+00,  0.000000e+00
  0.000000e+00,  0.000000e+00
  0.000000e+00,  0.000000e+00
  0.000000e+00,  0.000000e+00
  0.000000e+00,  0.000000e+00
  0.000000e+00,  0.000000e+00
  0.000000e+00,  0.000000e+00
  0.000000e+00,  0.000000e+00
  0.000000e+00,  0.000000e+00
  0.000000e+00,  0.000000e+00
  0.000000e+00,  0.000000e+00
  0.000000e+00,  0.000000e+00
  0.000000e+00,  0.000000e+00
  0.000000e+00,  0.000000e+00
  0.000000e+00,  0.000000e+00
  0.000000e+00,  0.000000e+00
  0.000000e+00,  0.000000e+00
  0.000000e+00,  0.000000e+00
  0.000000e+00,  0.000000e+00
  0.000000e+00,  0.000000e+00
  0.000000e+00,  0.000000e+00
  0.000000e+00,  0.000000e+00
  0.000000e+00,  0.000000e+00
  0.000000e+00,  0.000000e+00
  0.000000e+00,  0.000000e+00
  0.000000e+00,  0.000000e+00
  0.000000e+00,  0.000000e+00
  0.000000e+00,  0.000000e+00
  0.000000e+00,  0.000000e+00
  0.000000e+00,  0.000000e+00
  0.000000e+00,  0.000000e+00
  0.000000e+00,  0.000000e+00
  0.000000e+00,  0.000000e+00
  0.000000e+00,  0.000000e+00
  0.000000e+00,  0.000000e+00
  0.000000e+00,  0.000000e+00
  0.000000e+00,  0.000000e+00
  0.000000e+00,  0.000000e+00
  0.000000e+00,  0.000000e+00
  0.000000e+00,  0.000000e+00
  0.000000e+00,  0.000000e+00
  0.000000e+00,  0.000000e+00
  0.000000e+00,  0.000000e+00
  0.000000e+00,  0.000000e+00
  0.000000e+00,  0.000000e+00
  0.000000e+00,  0.000000e+00
  0.000000e+00,  0.000000e+00
  0.000000e+00,  0.000000e+00
  0.000000e+00,  0.000000e+00
  0.000000e+00,  0.000000e+00
  0.000000e+00,  0.000000e+00
  0.000000e+00,  0.000000e+00
  0.000000e+00,  0.000000e+00
  0.000000e+00,  0.000000e+00
  0.000000e+00,  0.000000e+00
  0.000000e+00,  0.000000e+00
  0.000000e+00,  0.000000e+00
  0.000000e+00,  0.000000e+00
  0.000000e+00,  0.000000e+00
  0.000000e+00,  0.000000e+00
  0.000000e+00,  0.000000e+00
  0.000000e+00,  0.000000e+00
  0.000000e+00,  0.000000e+00
  0.000000e+00,  0.000000e+00
  0.000000e+00,  0.000000e+00
  0.000000e+00,  0.000000e+00
  0.000000e+00,  0.000000e+00
  0.000000e+00,  0.000000e+00
  1.128224e-01,  3.476040e+02
  7.943964e-01,  3.595337e+02
  2.882068e+00,  7.678673e+00
  2.674525e+00,  3.557520e+02
  1.122003e+00,  3.426935e+02
  1.370558e+00,  1.751697e+01
  1.487171e+00,  5.164181e+00
  1.221526e+00,  1.420195e+00
  1.361038e+00,  1.330581e+01
  1.463398e+00,  6.936517e+00
  1.415261e+00,  5.826524e-01
  1.346303e+00,  7.886374e+00
  1.339768e+00,  1.644789e+01
  1.365531e+00,  1.901402e+01
  1.485680e+00,  2.326613e+01
  1.612531e+00,  2.245749e+01
  1.398840e+00,  1.655456e+01
  1.026758e+00,  3.759078e+01
  1.428258e+00,  6.661773e+01
  1.730898e+00,  6.165121e+01
  1.478752e+00,  4.796243e+01
  1.058935e+00,  5.565643e+01
  1.248163e+00,  8.529858e+01
  1.542053e+00,  8.295414e+01
  1.381290e+00,  6.833491e+01
  1.147220e+00,  6.745926e+01
  1.230095e+00,  7.844153e+01
  1.363939e+00,  7.746389e+01
  1.238265e+00,  7.478309e+01
  1.077715e+00,  8.274850e+01
  1.296616e+00,  8.917911e+01
  1.390592e+00,  8.409681e+01
  9.895177e-01,  8.671723e+01
  1.070444e+00,  9.548409e+01
  1.489382e+00,  9.046261e+01
  1.143216e+00,  9.501935e+01
  9.132522e-01,  1.236746e+02
  1.619158e+00,  1.179224e+02
  1.974063e+00,  9.221079e+01
  9.621098e-01,  6.084693e+01
  1.141367e+00,  1.851513e+02
  2.464002e+00,  1.424052e+02
  2.415976e+00,  9.324869e+01
  5.963234e-01,  3.965013e+01
  1.500652e+00,  2.012549e+02
  2.650033e+00,  1.561631e+02
  1.941747e+00,  1.144178e+02
  5.484485e-01,  6.084564e+01
  1.279419e+00,  1.841116e+02
  2.232510e+00,  1.660342e+02
  1.233382e+00,  1.395734e+02
  1.207793e+00,  1.136345e+02
  9.753049e-01,  1.784700e+02
  1.753369e+00,  2.095474e+02
  2.902803e+00,  1.328641e+02
  1.430664e+00,  1.023626e+02
  2.546145e+00,  2.641515e+02
  3.070800e+00,  1.793069e+02
  3.285734e+00,  1.292110e+02
  5.840841e-02,  3.121289e+02
  1.930348e+00,  2.111107e+02
  2.639375e+00,  1.734860e+02
  1.320837e+00,  1.680692e+02
  1.482090e+00,  1.945252e+02
  2.495457e+00,  1.815248e+02
  1.468561e+00,  1.866806e+02
  1.510393e+00,  2.707558e+02
  2.205130e+00,  2.534688e+02
  2.195170e+00,  2.202282e+02
  1.494105e+00,  2.155426e+02
  1.199273e+00,  2.528182e+02
  1.569736e+00,  2.561031e+02
  1.674502e+00,  2.488657e+02
  1.655168e+00,  2.522959e+02
  1.598120e+00,  2.467671e+02
  1.492286e+00,  2.266314e+02
  1.353653e+00,  2.245009e+02
  1.355337e+00,  2.604038e+02
  1.686735e+00,  2.818142e+02
  1.524875e+00,  2.640373e+02
  1.823924e+00,  2.304746e+02
  1.653346e+00,  2.327358e+02
  1.081032e+00,  2.971896e+02
  1.790338e+00,  3.214641e+02
  1.914490e+00,  2.821127e+02
  1.932630e+00,  2.475056e+02
  7.002168e-01,  2.805155e+02
  1.759439e+00,  3.442757e+02
  1.999794e+00,  3.157245e+02
  1.551835e+00,  2.843184e+02
  1.176563e+00,  3.117871e+02
  1.498548e+00,  3.205520e+02
  1.229867e+00,  3.004738e+02
  1.160910e+00,  3.195685e+02
  1.781378e+00,  3.205266e+02
  1.517200e+00,  2.942026e+02
  5.079388e-01,  3.151780e+02
  1.717539e+00,  3.452376e+02
  2.539347e+00,  3.101494e+02
  1.493476e+00,  2.631358e+02
  1.223088e+00,  6.642452e+01
  3.391025e+00,  6.648162e+00
  3.799910e+00,  3.047527e+02
  2.522432e+00,  2.245236e+02
  3.379945e+00,  7.684140e+01
  4.910709e+00,  6.855813e+00
  4.770395e+00,  2.837571e+02
  1.793422e+00,  1.547264e+02
  4.195268e+00,  6.360475e+01
  3.248763e+00,  3.495796e+02
  1.435792e+00,  3.005286e+02
  1.166245e+00,  8.120150e+01
  2.149601e+00,  4.253114e+01
  1.822151e+00,  4.554453e+00
  1.166065e+00,  6.339855e+00
  1.065567e+00,  4.814145e+01
  1.381905e+00,  5.548404e+01
  1.870267e+00,  2.753537e+01
  1.721801e+00,  7.402275e+00
  7.325958e-01,  5.133694e+01
  1.624051e+00,  7.716015e+01
  2.036216e+00,  4.535031e+01
  1.605111e+00,  1.509590e+01
  9.909965e-01,  7.923854e+01
  2.357472e+00,  8.396120e+01
  2.058103e+00,  2.726280e+01
  2.100057e-01,  7.201543e+01
  2.789586e+00,  1.133472e+02
  2.977788e+00,  4.966806e+01
  1.563711e+00,  3.515106e+02
  2.188899e+00,  1.617251e+02
  2.931475e+00,  1.137176e+02
  2.323099e+00,  4.810315e+01
  4.734038e-01,  6.611079e+01
  1.801071e+00,  1.481851e+02
  1.728976e+00,  1.099347e+02
  1.254333e+00,  8.736949e+01
  9.325089e-01,  1.219908e+02
  1.406126e+00,  1.249391e+02
  1.483946e+00,  1.079128e+02
  1.088031e+00,  1.042369e+02
  1.011384e+00,  1.237149e+02
  1.276729e+00,  1.314664e+02
  1.359844e+00,  1.306903e+02
  1.298631e+00,  1.235479e+02
  1.283711e+00,  1.183536e+02
  1.333964e+00,  1.270126e+02
  1.238594e+00,  1.343778e+02
  1.167891e+00,  1.489399e+02
  1.525496e+00,  1.507258e+02
  1.714528e+00,  1.331197e+02
  1.198554e+00,  1.311931e+02
  1.022654e+00,  1.868949e+02
  1.659021e+00,  1.910460e+02
  1.708025e+00,  1.701406e+02
  1.356336e+00,  1.597076e+02
  1.121589e+00,  1.789166e+02
  1.316166e+00,  1.948916e+02
  1.404417e+00,  1.951069e+02
  1.471590e+00,  1.892436e+02
  1.616863e+00,  1.762817e+02
  1.453763e+00,  1.695502e+02
  1.163113e+00,  1.907888e+02
  1.557248e+00,  2.009266e+02
  1.839640e+00,  1.842374e+02
  1.361654e+00,  1.822349e+02
  1.320781e+00,  2.225453e+02
  2.117953e+00,  2.134363e+02
  2.106083e+00,  1.875031e+02
  6.195169e-01,  1.980895e+02
  2.074705e+00,  2.817620e+02
  3.069889e+00,  2.443644e+02
  2.870742e+00,  1.927729e+02
  6.781217e-01,  1.406516e+02
  2.619667e+00,  3.108230e+02
  3.209273e+00,  2.683082e+02
  2.307678e+00,  2.075058e+02
  5.993294e-01,  1.965930e+02
  1.802236e+00,  3.022006e+02
  2.029165e+00,  2.772538e+02
  1.402900e+00,  2.467940e+02
  1.206242e+00,  2.593986e+02
  1.474190e+00,  2.723723e+02
  1.116813e+00,  2.712997e+02
  1.128962e+00,  3.003217e+02
  1.812532e+00,  2.856346e+02
  1.808276e+00,  2.573702e+02
  5.894316e-01,  2.964412e+02
  1.554943e+00,  3.266697e+02
  2.422340e+00,  2.782036e+02
  1.639665e+00,  2.528122e+02
  6.665240e-01,  3.052461e+00
  2.124840e+00,  3.413102e+02
  3.122098e+00,  3.040066e+02
  3.208604e+00,  2.477112e+02
  1.513186e+00,  1.415150e+02
  5.150171e+00,  6.899402e+00
  4.830970e+00,  2.938092e+02
  1.095341e+00,  3.478763e+02
  1.321417e-01,  3.136677e+02
  2.124051e-01,  2.473769e+02
  1.576702e+00,  2.411183e+02
  2.606860e+00,  2.471311e+02
  1.868129e+00,  2.372864e+02
  2.058072e+00,  1.942931e+02
  2.311854e+00,  1.873172e+02
  1.606025e+00,  2.054266e+02
  1.227362e+00,  2.167770e+02
  1.384505e+00,  2.139047e+02
  1.725147e+00,  2.478303e+02
  2.821245e+00,  2.817988e+02
  3.129426e+00,  2.855598e+02
  2.135800e+00,  2.663955e+02
  1.546342e+00,  2.435400e+02
  1.712395e+00,  2.479797e+02
  2.297793e+00,  2.403479e+02
  2.445080e+00,  2.206864e+02
  2.052870e+00,  2.060608e+02
  1.812123e+00,  2.117950e+02
  1.972049e+00,  2.066689e+02
  2.307684e+00,  1.683324e+02
  2.923872e+00,  1.418123e+02
  2.393226e+00,  1.421216e+02
  1.469541e+00,  1.774690e+02
  1.590351e+00,  2.261311e+02
  1.991269e+00,  2.452537e+02
  2.137725e+00,  2.443849e+02
  2.267667e+00,  2.370325e+02
  2.687893e+00,  2.381151e+02
  3.002281e+00,  2.333836e+02
  2.754295e+00,  2.093429e+02
  2.529873e+00,  1.775694e+02
  2.293072e+00,  1.644802e+02
  2.119895e+00,  1.760350e+02
  2.226342e+00,  1.904047e+02
  2.206876e+00,  1.940873e+02
  2.159114e+00,  1.907621e+02
  2.220880e+00,  1.780592e+02
  2.373541e+00,  1.550197e+02
  2.577380e+00,  1.359043e+02
  2.617921e+00,  1.238892e+02
  2.317283e+00,  1.165006e+02
  1.377392e+00,  1.422489e+02
  2.157633e+00,  2.043426e+02
  2.953265e+00,  2.005651e+02
  2.656978e+00,  1.689771e+02
  2.539085e+00,  1.412101e+02
  2.140473e+00,  1.391890e+02
  1.792590e+00,  1.460734e+02
  1.692813e+00,  1.464641e+02
  1.745168e+00,  1.517493e+02
  1.974405e+00,  1.551938e+02
  2.249553e+00,  1.351494e+02
  2.586953e+00,  1.075916e+02
  1.961385e+00,  1.017497e+02
  1.328573e+00,  1.657659e+02
  2.466265e+00,  1.818930e+02
  2.653926e+00,  1.520752e+02
  2.438568e+00,  1.181160e+02
  1.447423e+00,  1.196289e+02
  1.777014e+00,  1.743925e+02
  2.946955e+00,  1.621260e+02
  3.328764e+00,  1.312620e+02
  2.730785e+00,  1.069829e+02
  1.915996e+00,  1.128170e+02
  2.672976e+00,  1.216221e+02
  3.506432e+00,  9.350922e+01
  3.620407e+00,  6.070296e+01
  3.006038e+00,  4.991906e+01
  3.293513e+00,  5.084588e+01
  3.731159e+00,  3.271837e+01
  2.098172e+00,  6.301821e+00
  1.004196e+00,  2.104520e+02
  2.815349e+00,  1.741645e+02
  3.069956e+00,  1.493225e+02
  2.219948e+00,  1.192470e+02
  9.126622e-01,  1.241792e+02
  2.420411e+00,  1.750346e+02
  4.476776e+00,  1.456557e+02
  4.932302e+00,  1.033191e+02
  4.159519e+00,  6.282838e+01
  2.670500e+00,  4.471168e+01
  1.929941e+00,  4.983867e+01
  1.511647e+00,  2.639252e+01
  1.435701e-01,  3.883973e+01
  2.888804e+00,  1.244104e+02
  4.936523e+00,  8.700988e+01
  4.958737e+00,  3.522033e+01
  4.018483e+00,  3.515116e+02
  1.084708e+00,  3.575839e+02
  2.051375e+00,  8.412324e+01
  1.946679e+00,  5.043753e+01
  6.234992e-01,  2.982179e+02
  3.031022e+00,  1.770386e+02
  5.618392e+00,  1.278463e+02
  6.575058e+00,  7.982610e+01
  5.685251e+00,  3.541597e+01
  3.664798e+00,  2.605089e+00
  2.493170e+00,  3.506808e+02
  3.616413e+00,  3.367576e+02
  4.341789e+00,  3.189589e+02
  1.204344e+00,  2.760470e+02
  3.780116e+00,  1.236926e+02
  5.370983e+00,  9.001342e+01
  4.281943e+00,  5.564757e+01
  2.042509e+00,  2.253092e+01
  8.163527e-01,  2.868599e+01
  2.053567e+00,  4.963939e+01
  3.166749e+00,  3.123794e+01
  2.920294e+00,  1.503789e+01
  2.235662e+00,  4.214286e+00
  2.203944e+00,  3.568638e+02
  2.311432e+00,  2.620976e+00
  2.181367e+00,  1.124228e+01
  1.915501e+00,  3.579766e+02
  1.631215e+00,  3.461375e+02
  1.166185e+00,  2.109333e+01
  1.713265e+00,  6.040204e+01
  2.779856e+00,  5.334110e+01
  4.015828e+00,  2.305118e+01
  4.707146e+00,  3.399404e+02
  4.461733e+00,  2.979073e+02
  2.436436e+00,  2.693476e+02
  4.707071e-01,  3.239883e+02
  1.452974e+00,  3.584234e+02
  1.978477e+00,  3.504233e-01
  2.522416e+00,  1.854166e+01
  2.686652e+00,  1.549157e+01
  2.305249e+00,  3.500034e+02
  2.087291e+00,  3.349677e+02
  1.854447e+00,  3.434244e+02
  1.902936e+00,  3.463202e+02
  2.222332e+00,  3.301973e+02
  2.583588e+00,  3.034526e+02
  2.797007e+00,  2.790367e+02
  2.059297e+00,  2.816094e+02
  1.578994e+00,  3.349684e+02
  1.879175e+00,  3.377353e+02
  2.000924e+00,  3.020600e+02
  1.706231e+00,  3.068015e+02
  1.985453e+00,  3.561699e+02
  2.374697e+00,  3.556693e+02
  2.128654e+00,  3.214958e+02
  1.942363e+00,  3.078806e+02
  1.645521e+00,  3.383243e+02
  2.160013e+00,  3.508229e+02
  2.806846e+00,  3.268765e+02
  3.170006e+00,  2.825327e+02
  4.142721e+00,  2.365646e+02
  3.615157e+00,  2.213167e+02
  1.642689e+00,  2.428333e+02
  1.623104e+00,  2.747094e+02
  1.792309e+00,  2.920133e+02
  2.633012e+00,  3.432703e+02
  3.502557e+00,  3.562141e+02
  2.429612e+00,  3.346487e+02
  2.052720e+00,  2.849486e+02
  2.029415e+00,  2.730403e+02
  1.848077e+00,  2.786786e+02
  2.018706e+00,  2.665979e+02
  2.239255e+00,  2.546078e+02
  1.987251e+00,  2.597795e+02
  1.769250e+00,  2.678153e+02
  1.867925e+00,  2.584490e+02
  2.018493e+00,  2.512423e+02
  1.841549e+00,  2.571960e+02
  1.677783e+00,  2.661429e+02
  1.736017e+00,  2.673736e+02
  1.724500e+00,  2.672146e+02
  1.464608e+00,  2.560381e+02
  1.627850e+00,  2.223204e+02
  2.120154e+00,  2.112292e+02
  1.965500e+00,  2.228872e+02
  1.660037e+00,  2.367156e+02
  1.649705e+00,  2.295408e+02
  1.912824e+00,  2.306265e+02
  2.195587e+00,  2.566553e+02
  2.590210e+00,  2.796177e+02
  2.464696e+00,  2.849096e+02
  1.792457e+00,  2.748680e+02
  8.700336e-01,  2.327384e+02
  8.712563e-01,  1.710706e+02
  1.134758e+00,  2.282770e+02
  3.576550e+00,  2.383898e+02
  6.116908e+00,  2.183981e+02
  3.443233e+00,  1.619297e+02
  2.264183e+01,  2.800072e+01
  5.877938e+01,  3.269044e+02
  5.094582e+01,  2.589424e+02
  5.380641e+01,  2.016807e+02
  4.499889e+01,  1.352013e+02
  8.118358e+00,  8.585187e+01
  5.622217e+00,  2.775543e+02
  4.742557e+00,  2.428765e+02
  3.396580e+00,  1.998113e+02
  1.331680e+00,  2.165540e+02
  9.963017e-01,  2.648038e+02
  7.431614e+00,  2.902531e+02
  1.496302e+00,  3.535565e+02
  4.337097e-01,  2.341450e+02
  0.000000e+00,  0.000000e+00
  0.000000e+00,  0.000000e+00
  0.000000e+00,  0.000000e+00
  0.000000e+00,  0.000000e+00
  0.000000e+00,  0.000000e+00
  0.000000e+00,  0.000000e+00
  0.000000e+00,  0.000000e+00
  0.000000e+00,  0.000000e+00
  0.000000e+00,  0.000000e+00
  0.000000e+00,  0.000000e+00
  0.000000e+00,  0.000000e+00
  0.000000e+00,  0.000000e+00
  0.000000e+00,  0.000000e+00
  0.000000e+00,  0.000000e+00
  0.000000e+00,  0.000000e+00
  0.000000e+00,  0.000000e+00
  0.000000e+00,  0.000000e+00
  0.000000e+00,  0.000000e+00
  0.000000e+00,  0.000000e+00
  0.000000e+00,  0.000000e+00
  0.000000e+00,  0.000000e+00
  0.000000e+00,  0.000000e+00
  0.000000e+00,  0.000000e+00
  0.000000e+00,  0.000000e+00
  0.000000e+00,  0.000000e+00
  0.000000e+00,  0.000000e+00
  0.000000e+00,  0.000000e+00
  0.000000e+00,  0.000000e+00
  0.000000e+00,  0.000000e+00
  0.000000e+00,  0.000000e+00
  0.000000e+00,  0.000000e+00
  0.000000e+00,  0.000000e+00
  0.000000e+00,  0.000000e+00
  0.000000e+00,  0.000000e+00
  0.000000e+00,  0.000000e+00
  0.000000e+00,  0.000000e+00
  0.000000e+00,  0.000000e+00
  0.000000e+00,  0.000000e+00
  0.000000e+00,  0.000000e+00
  0.000000e+00,  0.000000e+00
  0.000000e+00,  0.000000e+00
  0.000000e+00,  0.000000e+00
  0.000000e+00,  0.000000e+00
  0.000000e+00,  0.000000e+00
  0.000000e+00,  0.000000e+00
  0.000000e+00,  0.000000e+00
  0.000000e+00,  0.000000e+00
  0.000000e+00,  0.000000e+00
  0.000000e+00,  0.000000e+00
  0.000000e+00,  0.000000e+00
  0.000000e+00,  0.000000e+00
  0.000000e+00,  0.000000e+00
  0.000000e+00,  0.000000e+00
  0.000000e+00,  0.000000e+00
  0.000000e+00,  0.000000e+00
  0.000000e+00,  0.000000e+00
  0.000000e+00,  0.000000e+00
  0.000000e+00,  0.000000e+00
  0.000000e+00,  0.000000e+00
  0.000000e+00,  0.000000e+00
  0.000000e+00,  0.000000e+00
  0.000000e+00,  0.000000e+00
  0.000000e+00,  0.000000e+00
  0.000000e+00,  0.000000e+00
  0.000000e+00,  0.000000e+00
  0.000000e+00,  0.000000e+00
  0.000000e+00,  0.000000e+00
  0.000000e+00,  0.000000e+00
  0.000000e+00,  0.000000e+00
  0.000000e+00,  0.000000e+00
  0.000000e+00,  0.000000e+00
  0.000000e+00,  0.000000e+00
  0.000000e+00,  0.000000e+00
  0.000000e+00,  0.000000e+00
  0.000000e+00,  0.000000e+00
  0.000000e+00,  0.000000e+00
  0.000000e+00,  0.000000e+00
  0.000000e+00,  0.000000e+00
  0.000000e+00,  0.000000e+00
  0.000000e+00,  0.000000e+00
  0.000000e+00,  0.000000e+00
  0.000000e+00,  0.000000e+00
  0.000000e+00,  0.000000e+00
  0.000000e+00,  0.000000e+00
  0.000000e+00,  0.000000e+00
  0.000000e+00,  0.000000e+00
  0.000000e+00,  0.000000e+00
  0.000000e+00,  0.000000e+00
  0.000000e+00,  0.000000e+00
  0.000000e+00,  0.000000e+00
  0.000000e+00,  0.000000e+00
  0.000000e+00,  0.000000e+00
  0.000000e+00,  0.000000e+00
  0.000000e+00,  0.000000e+00
  0.000000e+00,  0.000000e+00
  0.000000e+00,  0.000000e+00
  0.000000e+00,  0.000000e+00
  0.000000e+00,  0.000000e+00
  0.000000e+00,  0.000000e+00
  0.000000e+00,  0.000000e+00
  0.000000e+00,  0.000000e+00
  0.000000e+00,  0.000000e+00
  0.000000e+00,  0.000000e+00
  0.000000e+00,  0.000000e+00
  0.000000e+00,  0.000000e+00
  0.000000e+00,  0.000000e+00
  0.000000e+00,  0.000000e+00
  0.000000e+00,  0.000000e+00
  0.000000e+00,  0.000000e+00
  0.000000e+00,  0.000000e+00
  0.000000e+00,  0.000000e+00
  0.000000e+00,  0.000000e+00
  0.000000e+00,  0.000000e+00
  0.000000e+00,  0.000000e+00
  0.000000e+00,  0.000000e+00
  0.000000e+00,  0.000000e+00
  0.000000e+00,  0.000000e+00
  0.000000e+00,  0.000000e+00
  0.000000e+00,  0.000000e+00
  0.000000e+00,  0.000000e+00
  0.000000e+00,  0.000000e+00
  0.000000e+00,  0.000000e+00
  0.000000e+00,  0.000000e+00
  0.000000e+00,  0.000000e+00
  0.000000e+00,  0.000000e+00
  0.000000e+00,  0.000000e+00
  0.000000e+00,  0.000000e+00
  0.000000e+00,  0.000000e+00
  0.000000e+00,  0.000000e+00
  0.000000e+00,  0.000000e+00
  0.000000e+00,  0.000000e+00
  0.000000e+00,  0.000000e+00
  0.000000e+00,  0.000000e+00
  0.000000e+00,  0.000000e+00
  0.000000e+00,  0.000000e+00
  0.000000e+00,  0.000000e+00
  0.000000e+00,  0.000000e+00
  0.000000e+00,  0.000000e+00
  0.000000e+00,  0.000000e+00
  0.000000e+00,  0.000000e+00
  0.000000e+00,  0.000000e+00
  0.000000e+00,  0.000000e+00
  0.000000e+00,  0.000000e+00
  0.000000e+00,  0.000000e+00
  0.000000e+00,  0.000000e+00
  0.000000e+00,  0.000000e+00
  0.000000e+00,  0.000000e+00
  0.000000e+00,  0.000000e+00
  0.000000e+00,  0.000000e+00
  0.000000e+00,  0.000000e+00
  0.000000e+00,  0.000000e+00
  0.000000e+00,  0.000000e+00
  0.000000e+00,  0.000000e+00
  0.000000e+00,  0.000000e+00
  0.000000e+00,  0.000000e+00
  0.000000e+00,  0.000000e+00
  0.000000e+00,  0.000000e+00
  0.000000e+00,  0.000000e+00
  0.000000e+00,  0.000000e+00
  0.000000e+00,  0.000000e+00
  0.000000e+00,  0.000000e+00
  0.000000e+00,  0.000000e+00
  0.000000e+00,  0.000000e+00
  0.000000e+00,  0.000000e+00
  0.000000e+00,  0.000000e+00
  0.000000e+00,  0.000000e+00
  0.000000e+00,  0.000000e+00
  0.000000e+00,  0.000000e+00
  0.000000e+00,  0.000000e+00
  0.000000e+00,  0.000000e+00
  0.000000e+00,  0.000000e+00
  0.000000e+00,  0.000000e+00
  0.000000e+00,  0.000000e+00
  0.000000e+00,  0.000000e+00
  0.000000e+00,  0.000000e+00
  0.000000e+00,  0.000000e+00
  0.000000e+00,  0.000000e+00
  0.000000e+00,  0.000000e+00
  0.000000e+00,  0.000000e+00
  0.000000e+00,  0.000000e+00
  0.000000e+00,  0.000000e+00
  0.000000e+00,  0.000000e+00
  0.000000e+00,  0.000000e+00
  0.000000e+00,  0.000000e+00
  0.000000e+00,  0.000000e+00
  0.000000e+00,  0.000000e+00
  0.000000e+00,  0.000000e+00
  0.000000e+00,  0.000000e+00
  0.000000e+00,  0.000000e+00
  0.000000e+00,  0.000000e+00
  0.000000e+00,  0.000000e+00
  0.000000e+00,  0.000000e+00
  0.000000e+00,  0.000000e+00
  0.000000e+00,  0.000000e+00
  0.000000e+00,  0.000000e+00
  0.000000e+00,  0.000000e+00
  0.000000e+00,  0.000000e+00
  0.000000e+00,  0.000000e+00
  0.000000e+00,  0.000000e+00
  0.000000e+00,  0.000000e+00
  0.000000e+00,  0.000000e+00
  0.000000e+00,  0.000000e+00
  0.000000e+00,  0.000000e+00
  0.000000e+00,  0.000000e+00
  0.000000e+00,  0.000000e+00
  0.000000e+00,  0.000000e+00
  0.000000e+00,  0.000000e+00
  0.000000e+00,  0.000000e+00
  0.000000e+00,  0.000000e+00
  0.000000e+00,  0.000000e+00
  0.000000e+00,  0.000000e+00
  0.000000e+00,  0.000000e+00
  0.000000e+00,  0.000000e+00
  0.000000e+00,  0.000000e+00
  0.000000e+00,  0.000000e+00
  0.000000e+00,  0.000000e+00
  0.000000e+00,  0.000000e+00
  0.000000e+00,  0.000000e+00
  0.000000e+00,  0.000000e+00
  0.000000e+00,  0.000000e+00
  0.000000e+00,  0.000000e+00
  0.000000e+00,  0.000000e+00
  0.000000e+00,  0.000000e+00
  0.000000e+00,  0.000000e+00
  0.000000e+00,  0.000000e+00
  0.000000e+00,  0.000000e+00
  0.000000e+00,  0.000000e+00
  0.000000e+00,  0.000000e+00
  0.000000e+00,  0.000000e+00
  0.000000e+00,  0.000000e+00
  0.000000e+00,  0.000000e+00
  0.000000e+00,  0.000000e+00
  0.000000e+00,  0.000000e+00
  0.000000e+00,  0.000000e+00
  0.000000e+00,  0.000000e+00
  0.000000e+00,  0.000000e+00
  0.000000e+00,  0.000000e+00
  0.000000e+00,  0.000000e+00
  0.000000e+00,  0.000000e+00
  0.000000e+00,  0.000000e+00
  0.000000e+00,  0.000000e+00
  0.000000e+00,  0.000000e+00
  0.000000e+00,  0.000000e+00
  0.000000e+00,  0.000000e+00
  0.000000e+00,  0.000000e+00
  0.000000e+00,  0.000000e+00
  0.000000e+00,  0.000000e+00
  0.000000e+00,  0.000000e+00
  0.000000e+00,  0.000000e+00
  0.000000e+00,  0.000000e+00
  0.000000e+00,  0.000000e+00
  0.000000e+00,  0.000000e+00
  0.000000e+00,  0.000000e+00
  0.000000e+00,  0.000000e+00
  0.000000e+00,  0.000000e+00
  0.000000e+00,  0.000000e+00
  0.000000e+00,  0.000000e+00
  0.000000e+00,  0.000000e+00
  0.000000e+00,  0.000000e+00
  0.000000e+00,  0.000000e+00
  0.000000e+00,  0.000000e+00
  0.000000e+00,  0.000000e+00
  0.000000e+00,  0.000000e+00
  0.000000e+00,  0.000000e+00
  0.000000e+00,  0.000000e+00
  0.000000e+00,  0.000000e+00
  0.000000e+00,  0.000000e+00
  0.000000e+00,  0.000000e+00
  0.000000e+00,  0.000000e+00
  0.000000e+00,  0.000000e+00
  0.000000e+00,  0.000000e+00
  0.000000e+00,  0.000000e+00
  0.000000e+00,  0.000000e+00
  0.000000e+00,  0.000000e+00
  0.000000e+00,  0.000000e+00
  0.000000e+00,  0.000000e+00
  0.000000e+00,  0.000000e+00
  0.000000e+00,  0.000000e+00
  0.000000e+00,  0.000000e+00
  0.000000e+00,  0.000000e+00
  0.000000e+00,  0.000000e+00
  0.000000e+00,  0.000000e+00
  0.000000e+00,  0.000000e+00
  0.000000e+00,  0.000000e+00
  0.000000e+00,  0.000000e+00
  0.000000e+00,  0.000000e+00
  0.000000e+00,  0.000000e+00
  0.000000e+00,  0.000000e+00
  0.000000e+00,  0.000000e+00
  0.000000e+00,  0.000000e+00
  0.000000e+00,  0.000000e+00
  0.000000e+00,  0.000000e+00
  0.000000e+00,  0.000000e+00
  0.000000e+00,  0.000000e+00
  0.000000e+00,  0.000000e+00
  0.000000e+00,  0.000000e+00
  0.000000e+00,  0.000000e+00
  0.000000e+00,  0.000000e+00
  0.000000e+00,  0.000000e+00
  0.000000e+00,  0.000000e+00
  0.000000e+00,  0.000000e+00
  0.000000e+00,  0.000000e+00
  0.000000e+00,  0.000000e+00
  0.000000e+00,  0.000000e+00
  0.000000e+00,  0.000000e+00
  0.000000e+00,  0.000000e+00
  0.000000e+00,  0.000000e+00
  0.000000e+00,  0.000000e+00
  0.000000e+00,  0.000000e+00
  0.000000e+00,  0.000000e+00
  0.000000e+00,  0.000000e+00
  0.000000e+00,  0.000000e+00
  0.000000e+00,  0.000000e+00
  0.000000e+00,  0.000000e+00
  0.000000e+00,  0.000000e+00
  0.000000e+00,  0.000000e+00
  0.000000e+00,  0.000000e+00
  0.000000e+00,  0.000000e+00
  0.000000e+00,  0.000000e+00
  0.000000e+00,  0.000000e+00
  0.000000e+00,  0.000000e+00
  0.000000e+00,  0.000000e+00
  0.000000e+00,  0.000000e+00
  0.000000e+00,  0.000000e+00
  0.000000e+00,  0.000000e+00
  0.000000e+00,  0.000000e+00
  0.000000e+00,  0.000000e+00
  0.000000e+00,  0.000000e+00
  0.000000e+00,  0.000000e+00
  0.000000e+00,  0.000000e+00
  0.000000e+00,  0.000000e+00
  0.000000e+00,  0.000000e+00
  0.000000e+00,  0.000000e+00
  0.000000e+00,  0.000000e+00
  0.000000e+00,  0.000000e+00
  0.000000e+00,  0.000000e+00
  0.000000e+00,  0.000000e+00
  0.000000e+00,  0.000000e+00
  0.000000e+00,  0.000000e+00
  0.000000e+00,  0.000000e+00
  0.000000e+00,  0.000000e+00
  0.000000e+00,  0.000000e+00
  0.000000e+00,  0.000000e+00
  0.000000e+00,  0.000000e+00
  0.000000e+00,  0.000000e+00
  0.000000e+00,  0.000000e+00
  0.000000e+00,  0.000000e+00
  0.000000e+00,  0.000000e+00
  0.000000e+00,  0.000000e+00
  0.000000e+00,  0.000000e+00
  0.000000e+00,  0.000000e+00
  0.000000e+00,  0.000000e+00
  0.000000e+00,  0.000000e+00
  0.000000e+00,  0.000000e+00
  0.000000e+00,  0.000000e+00
  0.000000e+00,  0.000000e+00
  0.000000e+00,  0.000000e+00
  0.000000e+00,  0.000000e+00
  0.000000e+00,  0.000000e+00
  0.000000e+00,  0.000000e+00
  0.000000e+00,  0.000000e+00
  0.000000e+00,  0.000000e+00
  0.000000e+00,  0.000000e+00
  0.000000e+00,  0.000000e+00
  0.000000e+00,  0.000000e+00
  0.000000e+00,  0.000000e+00
  0.000000e+00,  0.000000e+00
  0.000000e+00,  0.000000e+00
  0.000000e+00,  0.000000e+00
  0.000000e+00,  0.000000e+00
  0.000000e+00,  0.000000e+00
  0.000000e+00,  0.000000e+00
  0.000000e+00,  0.000000e+00
  0.000000e+00,  0.000000e+00
  0.000000e+00,  0.000000e+00
  0.000000e+00,  0.000000e+00
  0.000000e+00,  0.000000e+00
  0.000000e+00,  0.000000e+00
  0.000000e+00,  0.000000e+00
  0.000000e+00,  0.000000e+00
  0.000000e+00,  0.000000e+00
  0.000000e+00,  0.000000e+00
  0.000000e+00,  0.000000e+00
  0.000000e+00,  0.000000e+00
  0.000000e+00,  0.000000e+00
  0.000000e+00,  0.000000e+00
  0.000000e+00,  0.000000e+00
  0.000000e+00,  0.000000e+00
  0.000000e+00,  0.000000e+00
  0.000000e+00,  0.000000e+00
  0.000000e+00,  0.000000e+00
  0.000000e+00,  0.000000e+00
  0.000000e+00,  0.000000e+00
  0.000000e+00,  0.000000e+00
  0.000000e+00,  0.000000e+00
  0.000000e+00,  0.000000e+00
  0.000000e+00,  0.000000e+00
  0.000000e+00,  0.000000e+00
  0.000000e+00,  0.000000e+00
  0.000000e+00,  0.000000e+00
  0.000000e+00,  0.000000e+00
  0.000000e+00,  0.000000e+00
  0.000000e+00,  0.000000e+00
  0.000000e+00,  0.000000e+00
  0.000000e+00,  0.000000e+00
  0.000000e+00,  0.000000e+00
  0.000000e+00,  0.000000e+00
  0.000000e+00,  0.000000e+00
  0.000000e+00,  0.000000e+00
  0.000000e+00,  0.000000e+00
  0.000000e+00,  0.000000e+00
  0.000000e+00,  0.000000e+00
  0.000000e+00,  0.000000e+00
  0.000000e+00,  0.000000e+00
  0.000000e+00,  0.000000e+00
  0.000000e+00,  0.000000e+00
  0.000000e+00,  0.000000e+00
  0.000000e+00,  0.000000e+00
  0.000000e+00,  0.000000e+00
  0.000000e+00,  0.000000e+00
  0.000000e+00,  0.000000e+00
  0.000000e+00,  0.000000e+00
  0.000000e+00,  0.000000e+00
  0.000000e+00,  0.000000e+00
  0.000000e+00,  0.000000e+00
  0.000000e+00,  0.000000e+00
  0.000000e+00,  0.000000e+00
  0.000000e+00,  0.000000e+00
  0.000000e+00,  0.000000e+00
  0.000000e+00,  0.000000e+00
  0.000000e+00,  0.000000e+00
  0.000000e+00,  0.000000e+00
  0.000000e+00,  0.000000e+00
  0.000000e+00,  0.000000e+00
  0.000000e+00,  0.000000e+00
  0.000000e+00,  0.000000e+00
  0.000000e+00,  0.000000e+00
  0.000000e+00,  0.000000e+00
  0.000000e+00,  0.000000e+00
  0.000000e+00,  0.000000e+00
  0.000000e+00,  0.000000e+00
  0.000000e+00,  0.000000e+00
  0.000000e+00,  0.000000e+00
  0.000000e+00,  0.000000e+00
  0.000000e+00,  0.000000e+00
  0.000000e+00,  0.000000e+00
  0.000000e+00,  0.000000e+00
  0.000000e+00,  0.000000e+00
  0.000000e+00,  0.000000e+00
  0.000000e+00,  0.000000e+00
  0.000000e+00,  0.000000e+00
  0.000000e+00,  0.000000e+00
  0.000000e+00,  0.000000e+00
  0.000000e+00,  0.000000e+00
  0.000000e+00,  0.000000e+00
  0.000000e+00,  0.000000e+00
  0.000000e+00,  0.000000e+00
  0.000000e+00,  0.000000e+00
  0.000000e+00,  0.000000e+00
  0.000000e+00,  0.000000e+00
  0.000000e+00,  0.000000e+00
  0.000000e+00,  0.000000e+00
  0.000000e+00,  0.000000e+00
  0.000000e+00,  0.000000e+00
  0.000000e+00,  0.000000e+00
  0.000000e+00,  0.000000e+00
  0.000000e+00,  0.000000e+00
  0.000000e+00,  0.000000e+00
  0.000000e+00,  0.000000e+00
  0.000000e+00,  0.000000e+00
  0.000000e+00,  0.000000e+00
  0.000000e+00,  0.000000e+00
  0.000000e+00,  0.000000e+00
  0.000000e+00,  0.000000e+00
  0.000000e+00,  0.000000e+00
  0.000000e+00,  0.000000e+00
  0.000000e+00,  0.000000e+00
  0.000000e+00,  0.000000e+00
  0.000000e+00,  0.000000e+00
  0.000000e+00,  0.000000e+00
  0.000000e+00,  0.000000e+00
  0.000000e+00,  0.000000e+00
  0.000000e+00,  0.000000e+00
  0.000000e+00,  0.000000e+00
  0.000000e+00,  0.000000e+00
  0.000000e+00,  0.000000e+00
  0.000000e+00,  0.000000e+00
  0.000000e+00,  0.000000e+00
  0.000000e+00,  0.000000e+00
  0.000000e+00,  0.000000e+00
  0.000000e+00,  0.000000e+00
  0.000000e+00,  0.000000e+00
  0.000000e+00,  0.000000e+00
  0.000000e+00,  0.000000e+00
  0.000000e+00,  0.000000e+00
  0.000000e+00,  0.000000e+00
  0.000000e+00,  0.000000e+00
  0.000000e+00,  0.000000e+00
  0.000000e+00,  0.000000e+00
  0.000000e+00,  0.000000e+00
  0.000000e+00,  0.000000e+00
  0.000000e+00,  0.000000e+00
  0.000000e+00,  0.000000e+00
  0.000000e+00,  0.000000e+00
  0.000000e+00,  0.000000e+00
  0.000000e+00,  0.000000e+00
  0.000000e+00,  0.000000e+00
  0.000000e+00,  0.000000e+00
  0.000000e+00,  0.000000e+00
  0.000000e+00,  0.000000e+00
  0.000000e+00,  0.000000e+00
  0.000000e+00,  0.000000e+00
  0.000000e+00,  0.000000e+00
  0.000000e+00,  0.000000e+00
  0.000000e+00,  0.000000e+00
  0.000000e+00,  0.000000e+00
  0.000000e+00,  0.000000e+00
  0.000000e+00,  0.000000e+00
  0.000000e+00,  0.000000e+00
  0.000000e+00,  0.000000e+00
  0.000000e+00,  0.000000e+00
  0.000000e+00,  0.000000e+00
  0.000000e+00,  0.000000e+00
  0.000000e+00,  0.000000e+00
  0.000000e+00,  0.000000e+00
  0.000000e+00,  0.000000e+00
  0.000000e+00,  0.000000e+00
  0.000000e+00,  0.000000e+00
  0.000000e+00,  0.000000e+00
  0.000000e+00,  0.000000e+00
  0.000000e+00,  0.000000e+00
  0.000000e+00,  0.000000e+00
  0.000000e+00,  0.000000e+00
  0.000000e+00,  0.000000e+00
  0.000000e+00,  0.000000e+00
  0.000000e+00,  0.000000e+00
  0.000000e+00,  0.000000e+00
  0.000000e+00,  0.000000e+00
  0.000000e+00,  0.000000e+00
  0.000000e+00,  0.000000e+00
  0.000000e+00,  0.000000e+00
  0.000000e+00,  0.000000e+00
  0.000000e+00,  0.000000e+00
  0.000000e+00,  0.000000e+00
  0.000000e+00,  0.000000e+00
  0.000000e+00,  0.000000e+00
  0.000000e+00,  0.000000e+00
  0.000000e+00,  0.000000e+00
  0.000000e+00,  0.000000e+00
  0.000000e+00,  0.000000e+00
  0.000000e+00,  0.000000e+00
  0.000000e+00,  0.000000e+00
  0.000000e+00,  0.000000e+00
  0.000000e+00,  0.000000e+00
  0.000000e+00,  0.000000e+00
  0.000000e+00,  0.000000e+00
  0.000000e+00,  0.000000e+00
  0.000000e+00,  0.000000e+00
  0.000000e+00,  0.000000e+00
  0.000000e+00,  0.000000e+00
  0.000000e+00,  0.000000e+00
  0.000000e+00,  0.000000e+00
  0.000000e+00,  0.000000e+00
  0.000000e+00,  0.000000e+00
  0.000000e+00,  0.000000e+00
  0.000000e+00,  0.000000e+00
  0.000000e+00,  0.000000e+00
  0.000000e+00,  0.000000e+00
  0.000000e+00,  0.000000e+00
  0.000000e+00,  0.000000e+00
  0.000000e+00,  0.000000e+00
  0.000000e+00,  0.000000e+00
  0.000000e+00,  0.000000e+00
  0.000000e+00,  0.000000e+00
  0.000000e+00,  0.000000e+00
  0.000000e+00,  0.000000e+00
  0.000000e+00,  0.000000e+00
  0.000000e+00,  0.000000e+00
  0.000000e+00,  0.000000e+00
  0.000000e+00,  0.000000e+00
  0.000000e+00,  0.000000e+00
  0.000000e+00,  0.000000e+00
  0.000000e+00,  0.000000e+00
  0.000000e+00,  0.000000e+00
  0.000000e+00,  0.000000e+00
  0.000000e+00,  0.000000e+00
  0.000000e+00,  0.000000e+00
  0.000000e+00,  0.000000e+00
  0.000000e+00,  0.000000e+00
  0.000000e+00,  0.000000e+00
  0.000000e+00,  0.000000e+00
  0.000000e+00,  0.000000e+00
  0.000000e+00,  0.000000e+00
  0.000000e+00,  0.000000e+00
  0.000000e+00,  0.000000e+00
  0.000000e+00,  0.000000e+00
  0.000000e+00,  0.000000e+00
  0.000000e+00,  0.000000e+00
  0.000000e+00,  0.000000e+00
  0.000000e+00,  0.000000e+00
  0.000000e+00,  0.000000e+00
  0.000000e+00,  0.000000e+00
  0.000000e+00,  0.000000e+00
  0.000000e+00,  0.000000e+00
  0.000000e+00,  0.000000e+00
  0.000000e+00,  0.000000e+00
  0.000000e+00,  0.000000e+00
  0.000000e+00,  0.000000e+00
  0.000000e+00,  0.000000e+00
  0.000000e+00,  0.000000e+00
  0.000000e+00,  0.000000e+00
  0.000000e+00,  0.000000e+00
  0.000000e+00,  0.000000e+00
  0.000000e+00,  0.000000e+00
  0.000000e+00,  0.000000e+00
  0.000000e+00,  0.000000e+00
  0.000000e+00,  0.000000e+00
  0.000000e+00,  0.000000e+00
  0.000000e+00,  0.000000e+00
  0.000000e+00,  0.000000e+00
  0.000000e+00,  0.000000e+00
  0.000000e+00,  0.000000e+00
  0.000000e+00,  0.000000e+00
  0.000000e+00,  0.000000e+00
  0.000000e+00,  0.000000e+00
  0.000000e+00,  0.000000e+00
  0.000000e+00,  0.000000e+00
  0.000000e+00,  0.000000e+00
  0.000000e+00,  0.000000e+00
  0.000000e+00,  0.000000e+00
  0.000000e+00,  0.000000e+00
  0.000000e+00,  0.000000e+00
  0.000000e+00,  0.000000e+00
  0.000000e+00,  0.000000e+00
  0.000000e+00,  0.000000e+00
  0.000000e+00,  0.000000e+00
  0.000000e+00,  0.000000e+00
  0.000000e+00,  0.000000e+00
  0.000000e+00,  0.000000e+00
  0.000000e+00,  0.000000e+00
  0.000000e+00,  0.000000e+00
  0.000000e+00,  0.000000e+00
  0.000000e+00,  0.000000e+00
  0.000000e+00,  0.000000e+00
  0.000000e+00,  0.000000e+00
  0.000000e+00,  0.000000e+00
  0.000000e+00,  0.000000e+00
  0.000000e+00,  0.000000e+00
  0.000000e+00,  0.000000e+00
  0.000000e+00,  0.000000e+00
  0.000000e+00,  0.000000e+00
  0.000000e+00,  0.000000e+00
  0.000000e+00,  0.000000e+00
  0.000000e+00,  0.000000e+00
  0.000000e+00,  0.000000e+00
  0.000000e+00,  0.000000e+00
  0.000000e+00,  0.000000e+00
  0.000000e+00,  0.000000e+00
  0.000000e+00,  0.000000e+00
  0.000000e+00,  0.000000e+00
  0.000000e+00,  0.000000e+00
  0.000000e+00,  0.000000e+00
  0.000000e+00,  0.000000e+00
  0.000000e+00,  0.000000e+00
  0.000000e+00,  0.000000e+00
  0.000000e+00,  0.000000e+00
  0.000000e+00,  0.000000e+00
  0.000000e+00,  0.000000e+00
  0.000000e+00,  0.000000e+00
  0.000000e+00,  0.000000e+00
  0.000000e+00,  0.000000e+00
  0.000000e+00,  0.000000e+00
  0.000000e+00,  0.000000e+00
  0.000000e+00,  0.000000e+00
  0.000000e+00,  0.000000e+00
  0.000000e+00,  0.000000e+00
  0.000000e+00,  0.000000e+00
  0.000000e+00,  0.000000e+00
  0.000000e+00,  0.000000e+00
  0.000000e+00,  0.000000e+00
  0.000000e+00,  0.000000e+00
  0.000000e+00,  0.000000e+00
  0.000000e+00,  0.000000e+00
  0.000000e+00,  0.000000e+00
  0.000000e+00,  0.000000e+00
  0.000000e+00,  0.000000e+00
  0.000000e+00,  0.000000e+00
  0.000000e+00,  0.000000e+00
  0.000000e+00,  0.000000e+00
  0.000000e+00,  0.000000e+00
  0.000000e+00,  0.000000e+00
  0.000000e+00,  0.000000e+00
  0.000000e+00,  0.000000e+00
  0.000000e+00,  0.000000e+00
  0.000000e+00,  0.000000e+00
  0.000000e+00,  0.000000e+00
  0.000000e+00,  0.000000e+00
  0.000000e+00,  0.000000e+00
  0.000000e+00,  0.000000e+00
  0.000000e+00,  0.000000e+00
  0.000000e+00,  0.000000e+00
  0.000000e+00,  0.000000e+00
  0.000000e+00,  0.000000e+00
  0.000000e+00,  0.000000e+00
  0.000000e+00,  0.000000e+00
  0.000000e+00,  0.000000e+00
  0.000000e+00,  0.000000e+00
  0.000000e+00,  0.000000e+00
  0.000000e+00,  0.000000e+00
  0.000000e+00,  0.000000e+00
  0.000000e+00,  0.000000e+00
  0.000000e+00,  0.000000e+00
  0.000000e+00,  0.000000e+00
  0.000000e+00,  0.000000e+00
  0.000000e+00,  0.000000e+00
  0.000000e+00,  0.000000e+00
  0.000000e+00,  0.000000e+00
  0.000000e+00,  0.000000e+00
  0.000000e+00,  0.000000e+00
  0.000000e+00,  0.000000e+00
  0.000000e+00,  0.000000e+00
  0.000000e+00,  0.000000e+00
  0.000000e+00,  0.000000e+00
  0.000000e+00,  0.000000e+00
  0.000000e+00,  0.000000e+00
  0.000000e+00,  0.000000e+00
  0.000000e+00,  0.000000e+00
  0.000000e+00,  0.000000e+00
  0.000000e+00,  0.000000e+00
  0.000000e+00,  0.000000e+00
  0.000000e+00,  0.000000e+00
  0.000000e+00,  0.000000e+00
  0.000000e+00,  0.000000e+00
  0.000000e+00,  0.000000e+00
  0.000000e+00,  0.000000e+00
  0.000000e+00,  0.000000e+00
  0.000000e+00,  0.000000e+00
  0.000000e+00,  0.000000e+00
  0.000000e+00,  0.000000e+00
  0.000000e+00,  0.000000e+00
  0.000000e+00,  0.000000e+00
  0.000000e+00,  0.000000e+00
  0.000000e+00,  0.000000e+00
  0.000000e+00,  0.000000e+00
  0.000000e+00,  0.000000e+00
  0.000000e+00,  0.000000e+00
  0.000000e+00,  0.000000e+00
  0.000000e+00,  0.000000e+00
  0.000000e+00,  0.000000e+00
  0.000000e+00,  0.000000e+00
  0.000000e+00,  0.000000e+00
  0.000000e+00,  0.000000e+00
  0.000000e+00,  0.000000e+00
  0.000000e+00,  0.000000e+00
  0.000000e+00,  0.000000e+00
  0.000000e+00,  0.000000e+00
  0.000000e+00,  0.000000e+00
  0.000000e+00,  0.000000e+00
  0.000000e+00,  0.000000e+00
  0.000000e+00,  0.000000e+00
  0.000000e+00,  0.000000e+00
  0.000000e+00,  0.000000e+00
  0.000000e+00,  0.000000e+00
  0.000000e+00,  0.000000e+00
  0.000000e+00,  0.000000e+00
  1.825983e+00,  1.380581e+02
  1.364813e+00,  1.392836e+02
  1.394435e+00,  3.584788e+02
  5.587812e+00,  3.465982e+02
  9.627044e+00,  3.431852e+02
  1.352811e+01,  3.403583e+02
  1.709273e+01,  3.380375e+02
  1.980311e+01,  3.366998e+02
  2.147891e+01,  3.365890e+02
  2.237475e+01,  3.380168e+02
  2.267701e+01,  3.410644e+02
  2.234880e+01,  3.448876e+02
  2.129627e+01,  3.481932e+02
  1.972895e+01,  3.503586e+02
  1.797823e+01,  3.512101e+02
  1.584521e+01,  3.500336e+02
  1.317476e+01,  3.458595e+02
  1.055130e+01,  3.390977e+02
  8.379576e+00,  3.317515e+02
  6.459027e+00,  3.233249e+02
  4.814159e+00,  3.089853e+02
  3.878289e+00,  2.850544e+02
  3.902688e+00,  2.563413e+02
  4.909668e+00,  2.319591e+02
  6.658544e+00,  2.167876e+02
  8.489965e+00,  2.082011e+02
  9.851403e+00,  2.021832e+02
  1.067211e+01,  1.967094e+02
  1.127183e+01,  1.913974e+02
  1.189414e+01,  1.860399e+02
  1.244839e+01,  1.797890e+02
  1.290537e+01,  1.729281e+02
  1.339039e+01,  1.678670e+02
  1.383327e+01,  1.663649e+02
  1.404929e+01,  1.681802e+02
  1.393577e+01,  1.729063e+02
  1.360263e+01,  1.802496e+02
  1.331831e+01,  1.889402e+02
  1.321307e+01,  1.971682e+02
  1.315749e+01,  2.036609e+02
  1.281656e+01,  2.081937e+02
  1.192457e+01,  2.121971e+02
  1.064480e+01,  2.177041e+02
  9.324636e+00,  2.246395e+02
  7.936190e+00,  2.310508e+02
  6.298716e+00,  2.368914e+02
  4.547520e+00,  2.436172e+02
  2.993226e+00,  2.469879e+02
  1.915851e+00,  2.304990e+02
  1.848478e+00,  1.904918e+02
  2.898272e+00,  1.652704e+02
  5.186962e+00,  1.615908e+02
  8.771909e+00,  1.667175e+02
  1.287732e+01,  1.720053e+02
  1.665916e+01,  1.756292e+02
  1.987824e+01,  1.779333e+02
  2.231890e+01,  1.793320e+02
  2.351356e+01,  1.799831e+02
  2.325895e+01,  1.801460e+02
  2.193584e+01,  1.802681e+02
  2.008476e+01,  1.806822e+02
  1.786792e+01,  1.815090e+02
  1.528778e+01,  1.827816e+02
  1.252398e+01,  1.842310e+02
  9.653866e+00,  1.853780e+02
  6.685868e+00,  1.869142e+02
  4.016698e+00,  1.926790e+02
  2.227188e+00,  2.110890e+02
  1.477429e+00,  2.471429e+02
  1.427512e+00,  2.875519e+02
  1.783543e+00,  3.193778e+02
  2.474720e+00,  3.400868e+02
  3.535298e+00,  3.488322e+02
  5.014150e+00,  3.479592e+02
  6.905216e+00,  3.438022e+02
  8.943260e+00,  3.404422e+02
  1.085348e+01,  3.382275e+02
  1.255997e+01,  3.365880e+02
  1.402397e+01,  3.351522e+02
  1.531295e+01,  3.338103e+02
  1.663976e+01,  3.330726e+02
  1.800961e+01,  3.337800e+02
  1.903349e+01,  3.363648e+02
  1.917470e+01,  3.406595e+02
  1.825559e+01,  3.456798e+02
  1.669529e+01,  3.496547e+02
  1.496735e+01,  3.517065e+02
  1.304398e+01,  3.532288e+02
  1.072523e+01,  3.553802e+02
  8.140341e+00,  3.567359e+02
  5.499357e+00,  3.549926e+02
  2.835879e+00,  3.456715e+02
  1.116798e+00,  2.657166e+02
  3.326191e+00,  2.124974e+02
  5.695593e+00,  2.065741e+02
  7.506641e+00,  2.055385e+02
  8.757502e+00,  2.062313e+02
  9.149920e+00,  2.067763e+02
  6.082035e+00,  1.860019e+02
  2.238381e+00,  4.865270e+01
##END=
