1.204554e+00, 2.602175e+00
1.217972e+00, 7.804535e+00
1.231512e+00, 1.300690e+01
1.245175e+00, 1.820925e+01
1.258961e+00, 2.341162e+01
1.272872e+00, 2.861397e+01
1.286908e+00, 3.381634e+01
1.301070e+00, 3.901870e+01
1.315359e+00, 4.422105e+01
1.329774e+00, 4.942341e+01
1.344318e+00, 5.462577e+01
1.358991e+00, 5.982814e+01
1.373794e+00, 6.503050e+01
1.388726e+00, 7.023286e+01
1.403790e+00, 7.543521e+01
1.418986e+00, 8.063757e+01
1.434315e+00, 8.583993e+01
1.449776e+00, 9.104229e+01
1.465372e+00, 9.624465e+01
1.481103e+00, 1.014470e+02
1.496969e+00, 1.066494e+02
1.512972e+00, 1.118517e+02
1.529112e+00, 1.170541e+02
1.545390e+00, 1.222565e+02
1.561806e+00, 1.274588e+02
1.578361e+00, 1.326612e+02
1.595057e+00, 1.378635e+02
1.611893e+00, 1.430659e+02
1.628871e+00, 1.482683e+02
1.645991e+00, 1.534706e+02
1.663254e+00, 1.586730e+02
1.680661e+00, 1.638753e+02
1.698212e+00, 1.690777e+02
1.715908e+00, 1.742801e+02
1.733751e+00, 1.794824e+02
1.751740e+00, -1.753152e+02
1.769876e+00, -1.701129e+02
1.788160e+00, -1.649105e+02
1.806593e+00, -1.597081e+02
1.825175e+00, -1.545058e+02
1.843908e+00, -1.493034e+02
1.862791e+00, -1.441011e+02
1.881826e+00, -1.388987e+02
1.901013e+00, -1.336963e+02
1.920354e+00, -1.284940e+02
1.939847e+00, -1.232916e+02
1.959496e+00, -1.180893e+02
1.979299e+00, -1.128869e+02
1.999258e+00, -1.076845e+02
2.019373e+00, -1.024822e+02
2.039645e+00, -9.727983e+01
2.060076e+00, -9.207747e+01
2.080664e+00, -8.687511e+01
2.101412e+00, -8.167275e+01
2.122319e+00, -7.647038e+01
2.143387e+00, -7.126802e+01
2.164615e+00, -6.606566e+01
2.186006e+00, -6.086330e+01
2.207558e+00, -5.566094e+01
2.229274e+00, -5.045858e+01
2.251153e+00, -4.525623e+01
2.273197e+00, -4.005387e+01
2.295405e+00, -3.485151e+01
2.317779e+00, -2.964915e+01
2.340319e+00, -2.444678e+01
2.363025e+00, -1.924442e+01
2.385899e+00, -1.404206e+01
2.408941e+00, -8.839705e+00
2.432151e+00, -3.637345e+00
2.455530e+00, 1.565015e+00
2.479079e+00, 6.767375e+00
2.502798e+00, 1.196974e+01
2.526688e+00, 1.717209e+01
2.550749e+00, 2.237446e+01
2.574982e+00, 2.757681e+01
2.599388e+00, 3.277918e+01
2.623966e+00, 3.798154e+01
2.648719e+00, 4.318389e+01
2.673645e+00, 4.838625e+01
2.698746e+00, 5.358861e+01
2.724022e+00, 5.879098e+01
2.749473e+00, 6.399334e+01
2.775101e+00, 6.919570e+01
2.800905e+00, 7.439805e+01
2.826887e+00, 7.960041e+01
2.853046e+00, 8.480277e+01
2.879383e+00, 9.000513e+01
2.905899e+00, 9.520749e+01
2.932593e+00, 1.004099e+02
2.959467e+00, 1.056122e+02
2.986521e+00, 1.108146e+02
3.013756e+00, 1.160169e+02
3.041171e+00, 1.212193e+02
3.068767e+00, 1.264217e+02
3.096545e+00, 1.316240e+02
3.124505e+00, 1.368264e+02
3.152648e+00, 1.420287e+02
3.180973e+00, 1.472311e+02
3.209481e+00, 1.524335e+02
3.238173e+00, 1.576358e+02
3.267049e+00, 1.628382e+02
3.296109e+00, 1.680405e+02
3.325354e+00, 1.732429e+02
3.354783e+00, 1.784453e+02
3.384398e+00, -1.763524e+02
3.414198e+00, -1.711500e+02
3.444184e+00, -1.659477e+02
3.474357e+00, -1.607453e+02
3.504715e+00, -1.555429e+02
3.535261e+00, -1.503406e+02
3.565993e+00, -1.451382e+02
3.596913e+00, -1.399359e+02
3.628020e+00, -1.347335e+02
3.659315e+00, -1.295311e+02
3.690798e+00, -1.243288e+02
3.722469e+00, -1.191264e+02
3.754328e+00, -1.139241e+02
3.786376e+00, -1.087217e+02
3.818612e+00, -1.035193e+02
3.851038e+00, -9.831699e+01
3.883652e+00, -9.311463e+01
3.916456e+00, -8.791227e+01
3.949449e+00, -8.270991e+01
3.982631e+00, -7.750754e+01
4.016003e+00, -7.230518e+01
4.049564e+00, -6.710282e+01
4.083316e+00, -6.190046e+01
4.117257e+00, -5.669810e+01
4.151388e+00, -5.149574e+01
4.185709e+00, -4.629339e+01
4.220219e+00, -4.109103e+01
4.254920e+00, -3.588867e+01
4.289811e+00, -3.068631e+01
4.324892e+00, -2.548394e+01
4.360162e+00, -2.028158e+01
4.395623e+00, -1.507922e+01
4.431274e+00, -9.876865e+00
4.467114e+00, -4.674505e+00
4.503145e+00, 5.278550e-01
4.539365e+00, 5.730215e+00
4.575775e+00, 1.093257e+01
4.612374e+00, 1.613493e+01
4.649163e+00, 2.133730e+01
4.686141e+00, 2.653965e+01
4.723308e+00, 3.174201e+01
4.760664e+00, 3.694438e+01
4.798209e+00, 4.214673e+01
4.835942e+00, 4.734909e+01
4.873864e+00, 5.255145e+01
4.911974e+00, 5.775382e+01
4.950273e+00, 6.295618e+01
4.988759e+00, 6.815854e+01
5.027432e+00, 7.336089e+01
5.066293e+00, 7.856325e+01
5.105340e+00, 8.376561e+01
5.144574e+00, 8.896797e+01
5.183995e+00, 9.417033e+01
5.223601e+00, 9.937269e+01
5.263394e+00, 1.045751e+02
5.303371e+00, 1.097774e+02
5.343533e+00, 1.149798e+02
5.383880e+00, 1.201821e+02
5.424411e+00, 1.253845e+02
5.465126e+00, 1.305869e+02
5.506023e+00, 1.357892e+02
5.547104e+00, 1.409916e+02
5.588367e+00, 1.461939e+02
5.629812e+00, 1.513963e+02
5.671438e+00, 1.565987e+02
5.713245e+00, 1.618010e+02
5.755232e+00, 1.670034e+02
5.797399e+00, 1.722057e+02
5.839745e+00, 1.774081e+02
5.882269e+00, -1.773895e+02
5.924972e+00, -1.721872e+02
5.967852e+00, -1.669848e+02
6.010909e+00, -1.617825e+02
6.054142e+00, -1.565801e+02
6.097550e+00, -1.513777e+02
6.141133e+00, -1.461754e+02
6.184891e+00, -1.409730e+02
6.228821e+00, -1.357707e+02
6.272924e+00, -1.305683e+02
6.317199e+00, -1.253659e+02
6.361646e+00, -1.201636e+02
6.406262e+00, -1.149612e+02
6.451048e+00, -1.097589e+02
6.496003e+00, -1.045565e+02
6.541126e+00, -9.935415e+01
6.586416e+00, -9.415179e+01
6.631872e+00, -8.894943e+01
6.677493e+00, -8.374707e+01
6.723279e+00, -7.854470e+01
6.769228e+00, -7.334234e+01
6.815340e+00, -6.813998e+01
6.861614e+00, -6.293762e+01
6.908048e+00, -5.773526e+01
6.954642e+00, -5.253290e+01
7.001394e+00, -4.733055e+01
7.048305e+00, -4.212819e+01
7.095371e+00, -3.692583e+01
7.142594e+00, -3.172347e+01
7.189971e+00, -2.652110e+01
7.237501e+00, -2.131874e+01
7.285184e+00, -1.611639e+01
7.333018e+00, -1.091403e+01
7.381001e+00, -5.711665e+00
7.429134e+00, -5.093050e-01
7.477415e+00, 4.693055e+00
7.525842e+00, 9.895415e+00
7.574414e+00, 1.509778e+01
7.623130e+00, 2.030014e+01
7.671990e+00, 2.550249e+01
7.720990e+00, 3.070485e+01
7.770132e+00, 3.590722e+01
7.819412e+00, 4.110957e+01
7.868830e+00, 4.631193e+01
7.918384e+00, 5.151429e+01
7.968073e+00, 5.671666e+01
8.017896e+00, 6.191902e+01
8.067851e+00, 6.712138e+01
8.117936e+00, 7.232373e+01
8.168152e+00, 7.752609e+01
8.218495e+00, 8.272845e+01
8.268965e+00, 8.793081e+01
8.319560e+00, 9.313317e+01
8.370278e+00, 9.833553e+01
8.421118e+00, 1.035379e+02
8.472079e+00, 1.087403e+02
8.523159e+00, 1.139426e+02
8.574357e+00, 1.191450e+02
8.625670e+00, 1.243473e+02
8.677098e+00, 1.295497e+02
8.728638e+00, 1.347521e+02
8.780289e+00, 1.399544e+02
8.832050e+00, 1.451568e+02
8.883918e+00, 1.503591e+02
8.935892e+00, 1.555615e+02
8.987971e+00, 1.607639e+02
9.040152e+00, 1.659662e+02
9.092434e+00, 1.711686e+02
9.144815e+00, 1.763709e+02
9.197294e+00, -1.784267e+02
9.249868e+00, -1.732243e+02
9.302536e+00, -1.680220e+02
9.355297e+00, -1.628196e+02
9.408147e+00, -1.576173e+02
9.461085e+00, -1.524149e+02
9.514110e+00, -1.472125e+02
9.567220e+00, -1.420102e+02
9.620412e+00, -1.368078e+02
9.673685e+00, -1.316055e+02
9.727037e+00, -1.264031e+02
9.780466e+00, -1.212007e+02
9.833969e+00, -1.159984e+02
9.887546e+00, -1.107960e+02
9.941194e+00, -1.055937e+02
9.994910e+00, -1.003913e+02
1.004869e+01, -9.518895e+01
1.010254e+01, -8.998659e+01
1.015645e+01, -8.478423e+01
1.021043e+01, -7.958186e+01
1.026446e+01, -7.437950e+01
1.031854e+01, -6.917714e+01
1.037269e+01, -6.397478e+01
1.042688e+01, -5.877242e+01
1.048113e+01, -5.357006e+01
1.053542e+01, -4.836771e+01
1.058976e+01, -4.316535e+01
1.064414e+01, -3.796299e+01
1.069856e+01, -3.276062e+01
1.075302e+01, -2.755826e+01
1.080753e+01, -2.235590e+01
1.086206e+01, -1.715355e+01
1.091663e+01, -1.195119e+01
1.097123e+01, -6.748825e+00
1.102585e+01, -1.546465e+00
1.108050e+01, 3.655895e+00
1.113518e+01, 8.858255e+00
1.118988e+01, 1.406062e+01
1.124459e+01, 1.926298e+01
1.129932e+01, 2.446533e+01
1.135407e+01, 2.966769e+01
1.140882e+01, 3.487006e+01
1.146359e+01, 4.007241e+01
1.151836e+01, 4.527477e+01
1.157314e+01, 5.047713e+01
1.162792e+01, 5.567950e+01
1.168270e+01, 6.088186e+01
1.173748e+01, 6.608422e+01
1.179225e+01, 7.128657e+01
1.184702e+01, 7.648893e+01
1.190177e+01, 8.169129e+01
1.195651e+01, 8.689365e+01
1.201124e+01, 9.209601e+01
1.206595e+01, 9.729837e+01
1.212063e+01, 1.025007e+02
1.217530e+01, 1.077031e+02
1.222994e+01, 1.129055e+02
1.228455e+01, 1.181078e+02
1.233914e+01, 1.233102e+02
1.239368e+01, 1.285125e+02
1.244820e+01, 1.337149e+02
1.250267e+01, 1.389173e+02
1.255711e+01, 1.441196e+02
1.261150e+01, 1.493220e+02
1.266585e+01, 1.545243e+02
1.272015e+01, 1.597267e+02
1.277439e+01, 1.649291e+02
1.282859e+01, 1.701314e+02
1.288272e+01, 1.753338e+02
1.293680e+01, -1.794639e+02
1.299082e+01, -1.742615e+02
1.304477e+01, -1.690591e+02
1.309865e+01, -1.638568e+02
1.315247e+01, -1.586544e+02
1.320621e+01, -1.534521e+02
1.325988e+01, -1.482497e+02
1.331347e+01, -1.430473e+02
1.336698e+01, -1.378450e+02
1.342040e+01, -1.326426e+02
1.347374e+01, -1.274403e+02
1.352699e+01, -1.222379e+02
1.358015e+01, -1.170355e+02
1.363322e+01, -1.118332e+02
1.368619e+01, -1.066308e+02
1.373906e+01, -1.014285e+02
1.379182e+01, -9.622611e+01
1.384449e+01, -9.102375e+01
1.389704e+01, -8.582139e+01
1.394949e+01, -8.061902e+01
1.400182e+01, -7.541666e+01
1.405403e+01, -7.021430e+01
1.410613e+01, -6.501194e+01
1.415810e+01, -5.980958e+01
1.420995e+01, -5.460722e+01
1.426168e+01, -4.940487e+01
1.431327e+01, -4.420251e+01
1.436473e+01, -3.900015e+01
1.441606e+01, -3.379778e+01
1.446725e+01, -2.859542e+01
1.451829e+01, -2.339306e+01
1.456919e+01, -1.819071e+01
1.461995e+01, -1.298835e+01
1.467056e+01, -7.785985e+00
1.472101e+01, -2.583625e+00
1.477131e+01, 2.618735e+00
1.482146e+01, 7.821095e+00
1.487144e+01, 1.302346e+01
1.492126e+01, 1.822582e+01
1.497091e+01, 2.342817e+01
1.502040e+01, 2.863053e+01
1.506972e+01, 3.383290e+01
1.511885e+01, 3.903525e+01
1.516782e+01, 4.423761e+01
1.521660e+01, 4.943997e+01
1.526520e+01, 5.464234e+01
1.531362e+01, 5.984470e+01
1.536185e+01, 6.504706e+01
1.540989e+01, 7.024941e+01
1.545773e+01, 7.545177e+01
1.550538e+01, 8.065413e+01
1.555283e+01, 8.585649e+01
1.560008e+01, 9.105885e+01
1.564712e+01, 9.626122e+01
1.569396e+01, 1.014636e+02
1.574059e+01, 1.066659e+02
1.578700e+01, 1.118683e+02
1.583320e+01, 1.170707e+02
1.587919e+01, 1.222730e+02
1.592495e+01, 1.274754e+02
1.597049e+01, 1.326777e+02
1.601580e+01, 1.378801e+02
1.606089e+01, 1.430825e+02
1.610574e+01, 1.482848e+02
1.615037e+01, 1.534872e+02
1.619475e+01, 1.586895e+02
1.623890e+01, 1.638919e+02
1.628280e+01, 1.690943e+02
1.632646e+01, 1.742966e+02
1.636987e+01, 1.794990e+02
1.641304e+01, -1.752987e+02
1.645595e+01, -1.700963e+02
1.649861e+01, -1.648939e+02
1.654101e+01, -1.596916e+02
1.658315e+01, -1.544892e+02
1.662503e+01, -1.492869e+02
1.666664e+01, -1.440845e+02
1.670799e+01, -1.388821e+02
1.674907e+01, -1.336798e+02
1.678987e+01, -1.284774e+02
1.683040e+01, -1.232751e+02
1.687066e+01, -1.180727e+02
1.691063e+01, -1.128703e+02
1.695033e+01, -1.076680e+02
1.698973e+01, -1.024656e+02
1.702886e+01, -9.726327e+01
1.706769e+01, -9.206091e+01
1.710623e+01, -8.685855e+01
1.714447e+01, -8.165618e+01
1.718243e+01, -7.645382e+01
1.722008e+01, -7.125146e+01
1.725743e+01, -6.604910e+01
1.729447e+01, -6.084674e+01
1.733122e+01, -5.564438e+01
1.736765e+01, -5.044203e+01
1.740377e+01, -4.523967e+01
1.743959e+01, -4.003731e+01
1.747508e+01, -3.483494e+01
1.751026e+01, -2.963258e+01
1.754512e+01, -2.443023e+01
1.757966e+01, -1.922787e+01
1.761388e+01, -1.402551e+01
1.764777e+01, -8.823145e+00
1.768133e+01, -3.620785e+00
1.771456e+01, 1.581575e+00
1.774746e+01, 6.783935e+00
1.778003e+01, 1.198630e+01
1.781226e+01, 1.718866e+01
1.784416e+01, 2.239101e+01
1.787571e+01, 2.759338e+01
1.790692e+01, 3.279574e+01
1.793778e+01, 3.799809e+01
1.796830e+01, 4.320045e+01
1.799848e+01, 4.840281e+01
1.802830e+01, 5.360518e+01
1.805777e+01, 5.880754e+01
1.808688e+01, 6.400990e+01
1.811565e+01, 6.921225e+01
1.814405e+01, 7.441461e+01
1.817209e+01, 7.961697e+01
1.819978e+01, 8.481933e+01
1.822710e+01, 9.002169e+01
1.825405e+01, 9.522406e+01
1.828064e+01, 1.004264e+02
1.830686e+01, 1.056288e+02
1.833271e+01, 1.108311e+02
1.835819e+01, 1.160335e+02
1.838330e+01, 1.212359e+02
1.840803e+01, 1.264382e+02
1.843239e+01, 1.316406e+02
1.845637e+01, 1.368429e+02
1.847996e+01, 1.420453e+02
1.850318e+01, 1.472477e+02
1.852602e+01, 1.524500e+02
1.854847e+01, 1.576524e+02
1.857053e+01, 1.628547e+02
1.859221e+01, 1.680571e+02
1.861350e+01, 1.732595e+02
1.863440e+01, 1.784618e+02
1.865491e+01, -1.763358e+02
1.867503e+01, -1.711335e+02
1.869475e+01, -1.659311e+02
1.871408e+01, -1.607287e+02
1.873301e+01, -1.555264e+02
1.875154e+01, -1.503240e+02
1.876968e+01, -1.451217e+02
1.878741e+01, -1.399193e+02
1.880475e+01, -1.347169e+02
1.882168e+01, -1.295146e+02
1.883821e+01, -1.243122e+02
1.885433e+01, -1.191099e+02
1.887005e+01, -1.139075e+02
1.888536e+01, -1.087051e+02
1.890027e+01, -1.035028e+02
1.891476e+01, -9.830043e+01
1.892885e+01, -9.309807e+01
1.894252e+01, -8.789571e+01
1.895579e+01, -8.269334e+01
1.896864e+01, -7.749098e+01
1.898108e+01, -7.228862e+01
1.899310e+01, -6.708626e+01
1.900472e+01, -6.188390e+01
1.901591e+01, -5.668154e+01
1.902669e+01, -5.147919e+01
1.903705e+01, -4.627683e+01
1.904699e+01, -4.107446e+01
1.905652e+01, -3.587210e+01
1.906563e+01, -3.066974e+01
1.907431e+01, -2.546739e+01
1.908258e+01, -2.026503e+01
1.909043e+01, -1.506267e+01
1.909785e+01, -9.860305e+00
1.910486e+01, -4.657945e+00
1.911144e+01, 5.444150e-01
1.911760e+01, 5.746775e+00
1.912334e+01, 1.094914e+01
1.912865e+01, 1.615150e+01
1.913354e+01, 2.135385e+01
1.913800e+01, 2.655622e+01
1.914204e+01, 3.175858e+01
1.914566e+01, 3.696093e+01
1.914885e+01, 4.216329e+01
1.915162e+01, 4.736565e+01
1.915396e+01, 5.256802e+01
1.915587e+01, 5.777038e+01
1.915736e+01, 6.297274e+01
1.915843e+01, 6.817509e+01
1.915906e+01, 7.337745e+01
1.915928e+01, 7.857981e+01
1.915906e+01, 8.378217e+01
1.915843e+01, 8.898453e+01
1.915736e+01, 9.418690e+01
1.915587e+01, 9.938926e+01
1.915396e+01, 1.045916e+02
1.915162e+01, 1.097940e+02
1.914885e+01, 1.149963e+02
1.914566e+01, 1.201987e+02
1.914204e+01, 1.254011e+02
1.913800e+01, 1.306034e+02
1.913354e+01, 1.358058e+02
1.912865e+01, 1.410081e+02
1.912334e+01, 1.462105e+02
1.911760e+01, 1.514129e+02
1.911144e+01, 1.566152e+02
1.910486e+01, 1.618176e+02
1.909785e+01, 1.670199e+02
1.909043e+01, 1.722223e+02
1.908258e+01, 1.774247e+02
1.907431e+01, -1.773730e+02
1.906563e+01, -1.721706e+02
1.905652e+01, -1.669683e+02
1.904699e+01, -1.617659e+02
1.903705e+01, -1.565635e+02
1.902669e+01, -1.513612e+02
1.901591e+01, -1.461588e+02
1.900472e+01, -1.409565e+02
1.899310e+01, -1.357541e+02
1.898108e+01, -1.305517e+02
1.896864e+01, -1.253494e+02
1.895579e+01, -1.201470e+02
1.894252e+01, -1.149447e+02
1.892885e+01, -1.097423e+02
1.891476e+01, -1.045399e+02
1.890027e+01, -9.933759e+01
1.888536e+01, -9.413523e+01
1.887005e+01, -8.893287e+01
1.885433e+01, -8.373050e+01
1.883821e+01, -7.852814e+01
1.882168e+01, -7.332578e+01
1.880475e+01, -6.812342e+01
1.878741e+01, -6.292106e+01
1.876968e+01, -5.771870e+01
1.875154e+01, -5.251635e+01
1.873301e+01, -4.731399e+01
1.871408e+01, -4.211162e+01
1.869475e+01, -3.690926e+01
1.867503e+01, -3.170690e+01
1.865491e+01, -2.650455e+01
1.863440e+01, -2.130219e+01
1.861350e+01, -1.609982e+01
1.859221e+01, -1.089747e+01
1.857053e+01, -5.695105e+00
1.854847e+01, -4.927450e-01
1.852602e+01, 4.709615e+00
1.850318e+01, 9.911975e+00
1.847996e+01, 1.511434e+01
1.845637e+01, 2.031669e+01
1.843239e+01, 2.551906e+01
1.840803e+01, 3.072142e+01
1.838330e+01, 3.592377e+01
1.835819e+01, 4.112613e+01
1.833271e+01, 4.632849e+01
1.830686e+01, 5.153086e+01
1.828064e+01, 5.673322e+01
1.825405e+01, 6.193558e+01
1.822710e+01, 6.713793e+01
1.819978e+01, 7.234029e+01
1.817209e+01, 7.754265e+01
1.814405e+01, 8.274501e+01
1.811565e+01, 8.794737e+01
1.808688e+01, 9.314974e+01
1.805777e+01, 9.835210e+01
1.802830e+01, 1.035545e+02
1.799848e+01, 1.087568e+02
1.796830e+01, 1.139592e+02
1.793778e+01, 1.191615e+02
1.790692e+01, 1.243639e+02
1.787571e+01, 1.295663e+02
1.784416e+01, 1.347686e+02
1.781226e+01, 1.399710e+02
1.778003e+01, 1.451733e+02
1.774746e+01, 1.503757e+02
1.771456e+01, 1.555781e+02
1.768133e+01, 1.607804e+02
1.764777e+01, 1.659828e+02
1.761388e+01, 1.711851e+02
1.757966e+01, 1.763875e+02
1.754512e+01, -1.784101e+02
1.751026e+01, -1.732078e+02
1.747508e+01, -1.680054e+02
1.743959e+01, -1.628031e+02
1.740377e+01, -1.576007e+02
1.736765e+01, -1.523983e+02
1.733122e+01, -1.471960e+02
1.729447e+01, -1.419936e+02
1.725743e+01, -1.367913e+02
1.722008e+01, -1.315889e+02
1.718243e+01, -1.263865e+02
1.714447e+01, -1.211842e+02
1.710623e+01, -1.159818e+02
1.706769e+01, -1.107795e+02
1.702886e+01, -1.055771e+02
1.698973e+01, -1.003747e+02
1.695033e+01, -9.517239e+01
1.691063e+01, -8.997003e+01
1.687066e+01, -8.476766e+01
1.683040e+01, -7.956530e+01
1.678987e+01, -7.436294e+01
1.674907e+01, -6.916058e+01
1.670799e+01, -6.395822e+01
1.666664e+01, -5.875587e+01
1.662503e+01, -5.355351e+01
1.658315e+01, -4.835115e+01
1.654101e+01, -4.314878e+01
1.649861e+01, -3.794642e+01
1.645595e+01, -3.274406e+01
1.641304e+01, -2.754171e+01
1.636987e+01, -2.233935e+01
1.632646e+01, -1.713698e+01
1.628280e+01, -1.193463e+01
1.623890e+01, -6.732265e+00
1.619475e+01, -1.529905e+00
1.615037e+01, 3.672455e+00
1.610574e+01, 8.874815e+00
1.606089e+01, 1.407718e+01
1.601580e+01, 1.927953e+01
1.597049e+01, 2.448190e+01
1.592495e+01, 2.968426e+01
1.587919e+01, 3.488661e+01
1.583320e+01, 4.008897e+01
1.578700e+01, 4.529133e+01
1.574059e+01, 5.049370e+01
1.569396e+01, 5.569606e+01
1.564712e+01, 6.089841e+01
1.560008e+01, 6.610077e+01
1.555283e+01, 7.130313e+01
1.550538e+01, 7.650549e+01
1.545773e+01, 8.170785e+01
1.540989e+01, 8.691021e+01
1.536185e+01, 9.211258e+01
1.531362e+01, 9.731494e+01
1.526520e+01, 1.025173e+02
1.521660e+01, 1.077197e+02
1.516782e+01, 1.129220e+02
1.511885e+01, 1.181244e+02
1.506972e+01, 1.233267e+02
1.502040e+01, 1.285291e+02
1.497091e+01, 1.337315e+02
1.492126e+01, 1.389338e+02
1.487144e+01, 1.441362e+02
1.482146e+01, 1.493385e+02
1.477131e+01, 1.545409e+02
1.472101e+01, 1.597433e+02
1.467056e+01, 1.649456e+02
1.461995e+01, 1.701480e+02
1.456919e+01, 1.753503e+02
1.451829e+01, -1.794473e+02
1.446725e+01, -1.742449e+02
1.441606e+01, -1.690426e+02
1.436473e+01, -1.638402e+02
1.431327e+01, -1.586379e+02
1.426168e+01, -1.534355e+02
1.420995e+01, -1.482331e+02
1.415810e+01, -1.430308e+02
1.410613e+01, -1.378284e+02
1.405403e+01, -1.326261e+02
1.400182e+01, -1.274237e+02
1.394949e+01, -1.222213e+02
1.389704e+01, -1.170190e+02
1.384449e+01, -1.118166e+02
1.379182e+01, -1.066143e+02
1.373906e+01, -1.014119e+02
1.368619e+01, -9.620955e+01
1.363322e+01, -9.100719e+01
1.358015e+01, -8.580482e+01
1.352699e+01, -8.060246e+01
1.347374e+01, -7.540010e+01
1.342040e+01, -7.019774e+01
1.336698e+01, -6.499538e+01
1.331347e+01, -5.979303e+01
1.325988e+01, -5.459067e+01
1.320621e+01, -4.938831e+01
1.315247e+01, -4.418594e+01
1.309865e+01, -3.898358e+01
1.304477e+01, -3.378122e+01
1.299082e+01, -2.857887e+01
1.293680e+01, -2.337651e+01
1.288272e+01, -1.817414e+01
1.282859e+01, -1.297179e+01
1.277439e+01, -7.769425e+00
1.272015e+01, -2.567065e+00
1.266585e+01, 2.635295e+00
1.261150e+01, 7.837655e+00
1.255711e+01, 1.304002e+01
1.250267e+01, 1.824237e+01
1.244820e+01, 2.344474e+01
1.239368e+01, 2.864710e+01
1.233914e+01, 3.384945e+01
1.228455e+01, 3.905181e+01
1.222994e+01, 4.425417e+01
1.217530e+01, 4.945654e+01
1.212063e+01, 5.465890e+01
1.206595e+01, 5.986125e+01
1.201124e+01, 6.506361e+01
1.195651e+01, 7.026597e+01
1.190177e+01, 7.546833e+01
1.184702e+01, 8.067069e+01
1.179225e+01, 8.587305e+01
1.173748e+01, 9.107542e+01
1.168270e+01, 9.627778e+01
1.162792e+01, 1.014801e+02
1.157314e+01, 1.066825e+02
1.151836e+01, 1.118849e+02
1.146359e+01, 1.170872e+02
1.140882e+01, 1.222896e+02
1.135407e+01, 1.274919e+02
1.129932e+01, 1.326943e+02
1.124459e+01, 1.378967e+02
1.118988e+01, 1.430990e+02
1.113518e+01, 1.483014e+02
1.108050e+01, 1.535037e+02
1.102585e+01, 1.587061e+02
1.097123e+01, 1.639085e+02
1.091663e+01, 1.691108e+02
1.086206e+01, 1.743132e+02
1.080753e+01, 1.795155e+02
1.075302e+01, -1.752821e+02
1.069856e+01, -1.700797e+02
1.064414e+01, -1.648774e+02
1.058976e+01, -1.596750e+02
1.053542e+01, -1.544727e+02
1.048113e+01, -1.492703e+02
1.042688e+01, -1.440679e+02
1.037269e+01, -1.388656e+02
1.031854e+01, -1.336632e+02
1.026446e+01, -1.284609e+02
1.021043e+01, -1.232585e+02
1.015645e+01, -1.180561e+02
1.010254e+01, -1.128538e+02
1.004869e+01, -1.076514e+02
9.994910e+00, -1.024491e+02
9.941194e+00, -9.724671e+01
9.887546e+00, -9.204435e+01
9.833969e+00, -8.684198e+01
9.780466e+00, -8.163962e+01
9.727037e+00, -7.643726e+01
9.673685e+00, -7.123490e+01
9.620412e+00, -6.603254e+01
9.567220e+00, -6.083019e+01
9.514110e+00, -5.562783e+01
9.461085e+00, -5.042547e+01
9.408147e+00, -4.522310e+01
9.355297e+00, -4.002074e+01
9.302536e+00, -3.481838e+01
9.249868e+00, -2.961603e+01
9.197294e+00, -2.441367e+01
9.144815e+00, -1.921130e+01
9.092434e+00, -1.400895e+01
9.040152e+00, -8.806585e+00
8.987971e+00, -3.604225e+00
8.935892e+00, 1.598135e+00
8.883918e+00, 6.800495e+00
8.832050e+00, 1.200286e+01
8.780289e+00, 1.720521e+01
8.728638e+00, 2.240758e+01
8.677098e+00, 2.760994e+01
8.625670e+00, 3.281229e+01
8.574357e+00, 3.801465e+01
8.523159e+00, 4.321702e+01
8.472079e+00, 4.841938e+01
8.421118e+00, 5.362174e+01
8.370278e+00, 5.882409e+01
8.319560e+00, 6.402645e+01
8.268965e+00, 6.922881e+01
8.218495e+00, 7.443117e+01
8.168152e+00, 7.963353e+01
8.117936e+00, 8.483589e+01
8.067851e+00, 9.003826e+01
8.017896e+00, 9.524062e+01
7.968073e+00, 1.004430e+02
7.918384e+00, 1.056453e+02
7.868830e+00, 1.108477e+02
7.819412e+00, 1.160501e+02
7.770132e+00, 1.212524e+02
7.720990e+00, 1.264548e+02
7.671990e+00, 1.316571e+02
7.623130e+00, 1.368595e+02
7.574414e+00, 1.420619e+02
7.525842e+00, 1.472642e+02
7.477415e+00, 1.524666e+02
7.429134e+00, 1.576689e+02
7.381001e+00, 1.628713e+02
7.333018e+00, 1.680737e+02
7.285184e+00, 1.732760e+02
7.237501e+00, 1.784784e+02
7.189971e+00, -1.763193e+02
7.142594e+00, -1.711169e+02
7.095371e+00, -1.659145e+02
7.048305e+00, -1.607122e+02
7.001394e+00, -1.555098e+02
6.954642e+00, -1.503075e+02
6.908048e+00, -1.451051e+02
6.861614e+00, -1.399027e+02
6.815340e+00, -1.347004e+02
6.769228e+00, -1.294980e+02
6.723279e+00, -1.242957e+02
6.677493e+00, -1.190933e+02
6.631872e+00, -1.138909e+02
6.586416e+00, -1.086886e+02
6.541126e+00, -1.034862e+02
6.496003e+00, -9.828387e+01
6.451048e+00, -9.308151e+01
6.406262e+00, -8.787914e+01
6.361646e+00, -8.267678e+01
6.317199e+00, -7.747442e+01
6.272924e+00, -7.227206e+01
6.228821e+00, -6.706970e+01
6.184891e+00, -6.186735e+01
6.141133e+00, -5.666499e+01
6.097550e+00, -5.146263e+01
6.054142e+00, -4.626026e+01
6.010909e+00, -4.105790e+01
5.967852e+00, -3.585554e+01
5.924972e+00, -3.065319e+01
5.882269e+00, -2.545082e+01
5.839745e+00, -2.024846e+01
5.797399e+00, -1.504611e+01
5.755232e+00, -9.843745e+00
5.713245e+00, -4.641385e+00
5.671438e+00, 5.609750e-01
5.629812e+00, 5.763335e+00
5.588367e+00, 1.096570e+01
5.547104e+00, 1.616805e+01
5.506023e+00, 2.137042e+01
5.465126e+00, 2.657278e+01
5.424411e+00, 3.177513e+01
5.383880e+00, 3.697749e+01
5.343533e+00, 4.217986e+01
5.303371e+00, 4.738222e+01
5.263394e+00, 5.258458e+01
5.223601e+00, 5.778693e+01
5.183995e+00, 6.298929e+01
5.144574e+00, 6.819165e+01
5.105340e+00, 7.339401e+01
5.066293e+00, 7.859637e+01
5.027432e+00, 8.379873e+01
4.988759e+00, 8.900110e+01
4.950273e+00, 9.420346e+01
4.911974e+00, 9.940582e+01
4.873864e+00, 1.046082e+02
4.835942e+00, 1.098105e+02
4.798209e+00, 1.150129e+02
4.760664e+00, 1.202153e+02
4.723308e+00, 1.254176e+02
4.686141e+00, 1.306200e+02
4.649163e+00, 1.358223e+02
4.612374e+00, 1.410247e+02
4.575775e+00, 1.462271e+02
4.539365e+00, 1.514294e+02
4.503145e+00, 1.566318e+02
4.467114e+00, 1.618341e+02
4.431274e+00, 1.670365e+02
4.395623e+00, 1.722389e+02
4.360162e+00, 1.774412e+02
4.324892e+00, -1.773564e+02
4.289811e+00, -1.721541e+02
4.254920e+00, -1.669517e+02
4.220219e+00, -1.617493e+02
4.185709e+00, -1.565470e+02
4.151388e+00, -1.513446e+02
4.117257e+00, -1.461423e+02
4.083316e+00, -1.409399e+02
4.049564e+00, -1.357375e+02
4.016003e+00, -1.305352e+02
3.982631e+00, -1.253328e+02
3.949449e+00, -1.201305e+02
3.916456e+00, -1.149281e+02
3.883652e+00, -1.097257e+02
3.851038e+00, -1.045234e+02
3.818612e+00, -9.932103e+01
3.786376e+00, -9.411866e+01
3.754328e+00, -8.891630e+01
3.722469e+00, -8.371394e+01
3.690798e+00, -7.851158e+01
3.659315e+00, -7.330922e+01
3.628020e+00, -6.810686e+01
3.596913e+00, -6.290451e+01
3.565993e+00, -5.770215e+01
3.535261e+00, -5.249979e+01
3.504715e+00, -4.729742e+01
3.474357e+00, -4.209506e+01
3.444184e+00, -3.689270e+01
3.414198e+00, -3.169035e+01
3.384398e+00, -2.648798e+01
3.354783e+00, -2.128562e+01
3.325354e+00, -1.608327e+01
3.296109e+00, -1.088091e+01
3.267049e+00, -5.678545e+00
3.238173e+00, -4.761850e-01
3.209481e+00, 4.726175e+00
3.180973e+00, 9.928535e+00
3.152648e+00, 1.513090e+01
3.124505e+00, 2.033326e+01
3.096545e+00, 2.553561e+01
3.068767e+00, 3.073797e+01
3.041171e+00, 3.594033e+01
3.013756e+00, 4.114270e+01
2.986521e+00, 4.634506e+01
2.959467e+00, 5.154742e+01
2.932593e+00, 5.674977e+01
2.905899e+00, 6.195213e+01
2.879383e+00, 6.715449e+01
2.853046e+00, 7.235685e+01
2.826887e+00, 7.755921e+01
2.800905e+00, 8.276157e+01
2.775101e+00, 8.796394e+01
2.749473e+00, 9.316630e+01
2.724022e+00, 9.836866e+01
2.698746e+00, 1.035710e+02
2.673645e+00, 1.087734e+02
2.648719e+00, 1.139757e+02
2.623966e+00, 1.191781e+02
2.599388e+00, 1.243805e+02
2.574982e+00, 1.295828e+02
2.550749e+00, 1.347852e+02
2.526688e+00, 1.399875e+02
2.502798e+00, 1.451899e+02
2.479079e+00, 1.503923e+02
2.455530e+00, 1.555946e+02
2.432151e+00, 1.607970e+02
2.408941e+00, 1.659993e+02
2.385899e+00, 1.712017e+02
2.363025e+00, 1.764041e+02
2.340319e+00, -1.783936e+02
2.317779e+00, -1.731912e+02
2.295405e+00, -1.679889e+02
2.273197e+00, -1.627865e+02
2.251153e+00, -1.575841e+02
2.229274e+00, -1.523818e+02
2.207558e+00, -1.471794e+02
2.186006e+00, -1.419771e+02
2.164615e+00, -1.367747e+02
2.143387e+00, -1.315723e+02
2.122319e+00, -1.263700e+02
2.101412e+00, -1.211676e+02
2.080664e+00, -1.159653e+02
2.060076e+00, -1.107629e+02
2.039645e+00, -1.055605e+02
2.019373e+00, -1.003582e+02
1.999258e+00, -9.515582e+01
1.979299e+00, -8.995346e+01
1.959496e+00, -8.475110e+01
1.939847e+00, -7.954874e+01
1.920354e+00, -7.434638e+01
1.901013e+00, -6.914402e+01
1.881826e+00, -6.394167e+01
1.862791e+00, -5.873931e+01
1.843908e+00, -5.353695e+01
1.825175e+00, -4.833458e+01
1.806593e+00, -4.313222e+01
1.788160e+00, -3.792986e+01
1.769876e+00, -3.272751e+01
1.751740e+00, -2.752514e+01
1.733751e+00, -2.232278e+01
1.715908e+00, -1.712043e+01
1.698212e+00, -1.191807e+01
1.680661e+00, -6.715705e+00
1.663254e+00, -1.513345e+00
1.645991e+00, 3.689015e+00
1.628871e+00, 8.891375e+00
1.611893e+00, 1.409374e+01
1.595057e+00, 1.929610e+01
1.578361e+00, 2.449845e+01
1.561806e+00, 2.970081e+01
1.545390e+00, 3.490317e+01
1.529112e+00, 4.010554e+01
1.512972e+00, 4.530790e+01
1.496969e+00, 5.051026e+01
1.481103e+00, 5.571261e+01
1.465372e+00, 6.091497e+01
1.449776e+00, 6.611733e+01
1.434315e+00, 7.131969e+01
1.418986e+00, 7.652205e+01
1.403790e+00, 8.172441e+01
1.388726e+00, 8.692678e+01
1.373794e+00, 9.212914e+01
1.358991e+00, 9.733150e+01
1.344318e+00, 1.025339e+02
1.329774e+00, 1.077362e+02
1.315359e+00, 1.129386e+02
1.301070e+00, 1.181409e+02
1.286908e+00, 1.233433e+02
1.272872e+00, 1.285457e+02
1.258961e+00, 1.337480e+02
1.245175e+00, 1.389504e+02
1.231512e+00, 1.441527e+02
1.217972e+00, 1.493551e+02
1.204554e+00, 1.545575e+02
1.191257e+00, 1.597598e+02
