1.204554e+00, -2.464048e+00
1.217972e+00, -7.390288e+00
1.231512e+00, -1.231653e+01
1.245175e+00, -1.724277e+01
1.258961e+00, -2.216901e+01
1.272872e+00, -2.709525e+01
1.286908e+00, -3.202149e+01
1.301070e+00, -3.694773e+01
1.315359e+00, -4.187397e+01
1.329774e+00, -4.680021e+01
1.344318e+00, -5.172645e+01
1.358991e+00, -5.665269e+01
1.373794e+00, -6.157893e+01
1.388726e+00, -6.650517e+01
1.403790e+00, -7.143141e+01
1.418986e+00, -7.635765e+01
1.434315e+00, -8.128389e+01
1.449776e+00, -8.621013e+01
1.465372e+00, -9.113637e+01
1.481103e+00, -9.606261e+01
1.496969e+00, -1.009888e+02
1.512972e+00, -1.059151e+02
1.529112e+00, -1.108413e+02
1.545390e+00, -1.157676e+02
1.561806e+00, -1.206938e+02
1.578361e+00, -1.256200e+02
1.595057e+00, -1.305463e+02
1.611893e+00, -1.354725e+02
1.628871e+00, -1.403988e+02
1.645991e+00, -1.453250e+02
1.663254e+00, -1.502512e+02
1.680661e+00, -1.551775e+02
1.698212e+00, -1.601037e+02
1.715908e+00, -1.650300e+02
1.733751e+00, -1.699562e+02
1.751740e+00, -1.748824e+02
1.769876e+00, -1.798087e+02
1.788160e+00, 1.752651e+02
1.806593e+00, 1.703388e+02
1.825175e+00, 1.654126e+02
1.843908e+00, 1.604864e+02
1.862791e+00, 1.555601e+02
1.881826e+00, 1.506339e+02
1.901013e+00, 1.457076e+02
1.920354e+00, 1.407814e+02
1.939847e+00, 1.358552e+02
1.959496e+00, 1.309289e+02
1.979299e+00, 1.260027e+02
1.999258e+00, 1.210764e+02
2.019373e+00, 1.161502e+02
2.039645e+00, 1.112240e+02
2.060076e+00, 1.062977e+02
2.080664e+00, 1.013715e+02
2.101412e+00, 9.644523e+01
2.122319e+00, 9.151899e+01
2.143387e+00, 8.659275e+01
2.164615e+00, 8.166651e+01
2.186006e+00, 7.674027e+01
2.207558e+00, 7.181403e+01
2.229274e+00, 6.688779e+01
2.251153e+00, 6.196155e+01
2.273197e+00, 5.703531e+01
2.295405e+00, 5.210907e+01
2.317779e+00, 4.718283e+01
2.340319e+00, 4.225659e+01
2.363025e+00, 3.733035e+01
2.385899e+00, 3.240411e+01
2.408941e+00, 2.747787e+01
2.432151e+00, 2.255163e+01
2.455530e+00, 1.762539e+01
2.479079e+00, 1.269915e+01
2.502798e+00, 7.772912e+00
2.526688e+00, 2.846672e+00
2.550749e+00, -2.079568e+00
2.574982e+00, -7.005808e+00
2.599388e+00, -1.193205e+01
2.623966e+00, -1.685829e+01
2.648719e+00, -2.178453e+01
2.673645e+00, -2.671077e+01
2.698746e+00, -3.163701e+01
2.724022e+00, -3.656325e+01
2.749473e+00, -4.148949e+01
2.775101e+00, -4.641573e+01
2.800905e+00, -5.134197e+01
2.826887e+00, -5.626821e+01
2.853046e+00, -6.119445e+01
2.879383e+00, -6.612069e+01
2.905899e+00, -7.104693e+01
2.932593e+00, -7.597317e+01
2.959467e+00, -8.089941e+01
2.986521e+00, -8.582565e+01
3.013756e+00, -9.075189e+01
3.041171e+00, -9.567813e+01
3.068767e+00, -1.006044e+02
3.096545e+00, -1.055306e+02
3.124505e+00, -1.104568e+02
3.152648e+00, -1.153831e+02
3.180973e+00, -1.203093e+02
3.209481e+00, -1.252356e+02
3.238173e+00, -1.301618e+02
3.267049e+00, -1.350880e+02
3.296109e+00, -1.400143e+02
3.325354e+00, -1.449405e+02
3.354783e+00, -1.498668e+02
3.384398e+00, -1.547930e+02
3.414198e+00, -1.597192e+02
3.444184e+00, -1.646455e+02
3.474357e+00, -1.695717e+02
3.504715e+00, -1.744980e+02
3.535261e+00, -1.794242e+02
3.565993e+00, 1.756496e+02
3.596913e+00, 1.707233e+02
3.628020e+00, 1.657971e+02
3.659315e+00, 1.608708e+02
3.690798e+00, 1.559446e+02
3.722469e+00, 1.510184e+02
3.754328e+00, 1.460921e+02
3.786376e+00, 1.411659e+02
3.818612e+00, 1.362396e+02
3.851038e+00, 1.313134e+02
3.883652e+00, 1.263872e+02
3.916456e+00, 1.214609e+02
3.949449e+00, 1.165347e+02
3.982631e+00, 1.116084e+02
4.016003e+00, 1.066822e+02
4.049564e+00, 1.017560e+02
4.083316e+00, 9.682971e+01
4.117257e+00, 9.190347e+01
4.151388e+00, 8.697723e+01
4.185709e+00, 8.205099e+01
4.220219e+00, 7.712475e+01
4.254920e+00, 7.219851e+01
4.289811e+00, 6.727227e+01
4.324892e+00, 6.234603e+01
4.360162e+00, 5.741979e+01
4.395623e+00, 5.249355e+01
4.431274e+00, 4.756731e+01
4.467114e+00, 4.264107e+01
4.503145e+00, 3.771483e+01
4.539365e+00, 3.278859e+01
4.575775e+00, 2.786235e+01
4.612374e+00, 2.293611e+01
4.649163e+00, 1.800987e+01
4.686141e+00, 1.308363e+01
4.723308e+00, 8.157392e+00
4.760664e+00, 3.231152e+00
4.798209e+00, -1.695088e+00
4.835942e+00, -6.621328e+00
4.873864e+00, -1.154757e+01
4.911974e+00, -1.647381e+01
4.950273e+00, -2.140005e+01
4.988759e+00, -2.632629e+01
5.027432e+00, -3.125253e+01
5.066293e+00, -3.617877e+01
5.105340e+00, -4.110501e+01
5.144574e+00, -4.603125e+01
5.183995e+00, -5.095749e+01
5.223601e+00, -5.588373e+01
5.263394e+00, -6.080997e+01
5.303371e+00, -6.573621e+01
5.343533e+00, -7.066245e+01
5.383880e+00, -7.558869e+01
5.424411e+00, -8.051493e+01
5.465126e+00, -8.544117e+01
5.506023e+00, -9.036741e+01
5.547104e+00, -9.529365e+01
5.588367e+00, -1.002199e+02
5.629812e+00, -1.051461e+02
5.671438e+00, -1.100724e+02
5.713245e+00, -1.149986e+02
5.755232e+00, -1.199248e+02
5.797399e+00, -1.248511e+02
5.839745e+00, -1.297773e+02
5.882269e+00, -1.347036e+02
5.924972e+00, -1.396298e+02
5.967852e+00, -1.445560e+02
6.010909e+00, -1.494823e+02
6.054142e+00, -1.544085e+02
6.097550e+00, -1.593348e+02
6.141133e+00, -1.642610e+02
6.184891e+00, -1.691872e+02
6.228821e+00, -1.741135e+02
6.272924e+00, -1.790397e+02
6.317199e+00, 1.760340e+02
6.361646e+00, 1.711078e+02
6.406262e+00, 1.661816e+02
6.451048e+00, 1.612553e+02
6.496003e+00, 1.563291e+02
6.541126e+00, 1.514028e+02
6.586416e+00, 1.464766e+02
6.631872e+00, 1.415504e+02
6.677493e+00, 1.366241e+02
6.723279e+00, 1.316979e+02
6.769228e+00, 1.267716e+02
6.815340e+00, 1.218454e+02
6.861614e+00, 1.169192e+02
6.908048e+00, 1.119929e+02
6.954642e+00, 1.070667e+02
7.001394e+00, 1.021404e+02
7.048305e+00, 9.721419e+01
7.095371e+00, 9.228795e+01
7.142594e+00, 8.736171e+01
7.189971e+00, 8.243547e+01
7.237501e+00, 7.750923e+01
7.285184e+00, 7.258299e+01
7.333018e+00, 6.765675e+01
7.381001e+00, 6.273051e+01
7.429134e+00, 5.780427e+01
7.477415e+00, 5.287803e+01
7.525842e+00, 4.795179e+01
7.574414e+00, 4.302555e+01
7.623130e+00, 3.809931e+01
7.671990e+00, 3.317307e+01
7.720990e+00, 2.824683e+01
7.770132e+00, 2.332059e+01
7.819412e+00, 1.839435e+01
7.868830e+00, 1.346811e+01
7.918384e+00, 8.541872e+00
7.968073e+00, 3.615632e+00
8.017896e+00, -1.310608e+00
8.067851e+00, -6.236848e+00
8.117936e+00, -1.116309e+01
8.168152e+00, -1.608933e+01
8.218495e+00, -2.101557e+01
8.268965e+00, -2.594181e+01
8.319560e+00, -3.086805e+01
8.370278e+00, -3.579429e+01
8.421118e+00, -4.072053e+01
8.472079e+00, -4.564677e+01
8.523159e+00, -5.057301e+01
8.574357e+00, -5.549925e+01
8.625670e+00, -6.042549e+01
8.677098e+00, -6.535173e+01
8.728638e+00, -7.027797e+01
8.780289e+00, -7.520421e+01
8.832050e+00, -8.013045e+01
8.883918e+00, -8.505669e+01
8.935892e+00, -8.998293e+01
8.987971e+00, -9.490917e+01
9.040152e+00, -9.983541e+01
9.092434e+00, -1.047616e+02
9.144815e+00, -1.096879e+02
9.197294e+00, -1.146141e+02
9.249868e+00, -1.195404e+02
9.302536e+00, -1.244666e+02
9.355297e+00, -1.293928e+02
9.408147e+00, -1.343191e+02
9.461085e+00, -1.392453e+02
9.514110e+00, -1.441716e+02
9.567220e+00, -1.490978e+02
9.620412e+00, -1.540240e+02
9.673685e+00, -1.589503e+02
9.727037e+00, -1.638765e+02
9.780466e+00, -1.688028e+02
9.833969e+00, -1.737290e+02
9.887546e+00, -1.786552e+02
9.941194e+00, 1.764185e+02
9.994910e+00, 1.714923e+02
1.004869e+01, 1.665660e+02
1.010254e+01, 1.616398e+02
1.015645e+01, 1.567136e+02
1.021043e+01, 1.517873e+02
1.026446e+01, 1.468611e+02
1.031854e+01, 1.419348e+02
1.037269e+01, 1.370086e+02
1.042688e+01, 1.320824e+02
1.048113e+01, 1.271561e+02
1.053542e+01, 1.222299e+02
1.058976e+01, 1.173036e+02
1.064414e+01, 1.123774e+02
1.069856e+01, 1.074512e+02
1.075302e+01, 1.025249e+02
1.080753e+01, 9.759867e+01
1.086206e+01, 9.267243e+01
1.091663e+01, 8.774619e+01
1.097123e+01, 8.281995e+01
1.102585e+01, 7.789371e+01
1.108050e+01, 7.296747e+01
1.113518e+01, 6.804123e+01
1.118988e+01, 6.311499e+01
1.124459e+01, 5.818875e+01
1.129932e+01, 5.326251e+01
1.135407e+01, 4.833627e+01
1.140882e+01, 4.341003e+01
1.146359e+01, 3.848379e+01
1.151836e+01, 3.355755e+01
1.157314e+01, 2.863131e+01
1.162792e+01, 2.370507e+01
1.168270e+01, 1.877883e+01
1.173748e+01, 1.385259e+01
1.179225e+01, 8.926352e+00
1.184702e+01, 4.000112e+00
1.190177e+01, -9.261280e-01
1.195651e+01, -5.852368e+00
1.201124e+01, -1.077861e+01
1.206595e+01, -1.570485e+01
1.212063e+01, -2.063109e+01
1.217530e+01, -2.555733e+01
1.222994e+01, -3.048357e+01
1.228455e+01, -3.540981e+01
1.233914e+01, -4.033605e+01
1.239368e+01, -4.526229e+01
1.244820e+01, -5.018853e+01
1.250267e+01, -5.511477e+01
1.255711e+01, -6.004101e+01
1.261150e+01, -6.496725e+01
1.266585e+01, -6.989349e+01
1.272015e+01, -7.481973e+01
1.277439e+01, -7.974597e+01
1.282859e+01, -8.467221e+01
1.288272e+01, -8.959845e+01
1.293680e+01, -9.452469e+01
1.299082e+01, -9.945093e+01
1.304477e+01, -1.043772e+02
1.309865e+01, -1.093034e+02
1.315247e+01, -1.142296e+02
1.320621e+01, -1.191559e+02
1.325988e+01, -1.240821e+02
1.331347e+01, -1.290084e+02
1.336698e+01, -1.339346e+02
1.342040e+01, -1.388608e+02
1.347374e+01, -1.437871e+02
1.352699e+01, -1.487133e+02
1.358015e+01, -1.536396e+02
1.363322e+01, -1.585658e+02
1.368619e+01, -1.634920e+02
1.373906e+01, -1.684183e+02
1.379182e+01, -1.733445e+02
1.384449e+01, -1.782708e+02
1.389704e+01, 1.768030e+02
1.394949e+01, 1.718768e+02
1.400182e+01, 1.669505e+02
1.405403e+01, 1.620243e+02
1.410613e+01, 1.570980e+02
1.415810e+01, 1.521718e+02
1.420995e+01, 1.472456e+02
1.426168e+01, 1.423193e+02
1.431327e+01, 1.373931e+02
1.436473e+01, 1.324668e+02
1.441606e+01, 1.275406e+02
1.446725e+01, 1.226144e+02
1.451829e+01, 1.176881e+02
1.456919e+01, 1.127619e+02
1.461995e+01, 1.078356e+02
1.467056e+01, 1.029094e+02
1.472101e+01, 9.798315e+01
1.477131e+01, 9.305691e+01
1.482146e+01, 8.813067e+01
1.487144e+01, 8.320443e+01
1.492126e+01, 7.827819e+01
1.497091e+01, 7.335195e+01
1.502040e+01, 6.842571e+01
1.506972e+01, 6.349947e+01
1.511885e+01, 5.857323e+01
1.516782e+01, 5.364699e+01
1.521660e+01, 4.872075e+01
1.526520e+01, 4.379451e+01
1.531362e+01, 3.886827e+01
1.536185e+01, 3.394203e+01
1.540989e+01, 2.901579e+01
1.545773e+01, 2.408955e+01
1.550538e+01, 1.916331e+01
1.555283e+01, 1.423707e+01
1.560008e+01, 9.310832e+00
1.564712e+01, 4.384592e+00
1.569396e+01, -5.416480e-01
1.574059e+01, -5.467888e+00
1.578700e+01, -1.039413e+01
1.583320e+01, -1.532037e+01
1.587919e+01, -2.024661e+01
1.592495e+01, -2.517285e+01
1.597049e+01, -3.009909e+01
1.601580e+01, -3.502533e+01
1.606089e+01, -3.995157e+01
1.610574e+01, -4.487781e+01
1.615037e+01, -4.980405e+01
1.619475e+01, -5.473029e+01
1.623890e+01, -5.965653e+01
1.628280e+01, -6.458277e+01
1.632646e+01, -6.950901e+01
1.636987e+01, -7.443525e+01
1.641304e+01, -7.936149e+01
1.645595e+01, -8.428773e+01
1.649861e+01, -8.921397e+01
1.654101e+01, -9.414021e+01
1.658315e+01, -9.906645e+01
1.662503e+01, -1.039927e+02
1.666664e+01, -1.089189e+02
1.670799e+01, -1.138452e+02
1.674907e+01, -1.187714e+02
1.678987e+01, -1.236976e+02
1.683040e+01, -1.286239e+02
1.687066e+01, -1.335501e+02
1.691063e+01, -1.384764e+02
1.695033e+01, -1.434026e+02
1.698973e+01, -1.483288e+02
1.702886e+01, -1.532551e+02
1.706769e+01, -1.581813e+02
1.710623e+01, -1.631076e+02
1.714447e+01, -1.680338e+02
1.718243e+01, -1.729600e+02
1.722008e+01, -1.778863e+02
1.725743e+01, 1.771875e+02
1.729447e+01, 1.722612e+02
1.733122e+01, 1.673350e+02
1.736765e+01, 1.624088e+02
1.740377e+01, 1.574825e+02
1.743959e+01, 1.525563e+02
1.747508e+01, 1.476300e+02
1.751026e+01, 1.427038e+02
1.754512e+01, 1.377776e+02
1.757966e+01, 1.328513e+02
1.761388e+01, 1.279251e+02
1.764777e+01, 1.229988e+02
1.768133e+01, 1.180726e+02
1.771456e+01, 1.131464e+02
1.774746e+01, 1.082201e+02
1.778003e+01, 1.032939e+02
1.781226e+01, 9.836763e+01
1.784416e+01, 9.344139e+01
1.787571e+01, 8.851515e+01
1.790692e+01, 8.358891e+01
1.793778e+01, 7.866267e+01
1.796830e+01, 7.373643e+01
1.799848e+01, 6.881019e+01
1.802830e+01, 6.388395e+01
1.805777e+01, 5.895771e+01
1.808688e+01, 5.403147e+01
1.811565e+01, 4.910523e+01
1.814405e+01, 4.417899e+01
1.817209e+01, 3.925275e+01
1.819978e+01, 3.432651e+01
1.822710e+01, 2.940027e+01
1.825405e+01, 2.447403e+01
1.828064e+01, 1.954779e+01
1.830686e+01, 1.462155e+01
1.833271e+01, 9.695312e+00
1.835819e+01, 4.769072e+00
1.838330e+01, -1.571680e-01
1.840803e+01, -5.083408e+00
1.843239e+01, -1.000965e+01
1.845637e+01, -1.493589e+01
1.847996e+01, -1.986213e+01
1.850318e+01, -2.478837e+01
1.852602e+01, -2.971461e+01
1.854847e+01, -3.464085e+01
1.857053e+01, -3.956709e+01
1.859221e+01, -4.449333e+01
1.861350e+01, -4.941957e+01
1.863440e+01, -5.434581e+01
1.865491e+01, -5.927205e+01
1.867503e+01, -6.419829e+01
1.869475e+01, -6.912453e+01
1.871408e+01, -7.405077e+01
1.873301e+01, -7.897701e+01
1.875154e+01, -8.390325e+01
1.876968e+01, -8.882949e+01
1.878741e+01, -9.375573e+01
1.880475e+01, -9.868197e+01
1.882168e+01, -1.036082e+02
1.883821e+01, -1.085344e+02
1.885433e+01, -1.134607e+02
1.887005e+01, -1.183869e+02
1.888536e+01, -1.233132e+02
1.890027e+01, -1.282394e+02
1.891476e+01, -1.331656e+02
1.892885e+01, -1.380919e+02
1.894252e+01, -1.430181e+02
1.895579e+01, -1.479444e+02
1.896864e+01, -1.528706e+02
1.898108e+01, -1.577968e+02
1.899310e+01, -1.627231e+02
1.900472e+01, -1.676493e+02
1.901591e+01, -1.725756e+02
1.902669e+01, -1.775018e+02
1.903705e+01, 1.775720e+02
1.904699e+01, 1.726457e+02
1.905652e+01, 1.677195e+02
1.906563e+01, 1.627932e+02
1.907431e+01, 1.578670e+02
1.908258e+01, 1.529408e+02
1.909043e+01, 1.480145e+02
1.909785e+01, 1.430883e+02
1.910486e+01, 1.381620e+02
1.911144e+01, 1.332358e+02
1.911760e+01, 1.283096e+02
1.912334e+01, 1.233833e+02
1.912865e+01, 1.184571e+02
1.913354e+01, 1.135308e+02
1.913800e+01, 1.086046e+02
1.914204e+01, 1.036784e+02
1.914566e+01, 9.875211e+01
1.914885e+01, 9.382587e+01
1.915162e+01, 8.889963e+01
1.915396e+01, 8.397339e+01
1.915587e+01, 7.904715e+01
1.915736e+01, 7.412091e+01
1.915843e+01, 6.919467e+01
1.915906e+01, 6.426843e+01
1.915928e+01, 5.934219e+01
1.915906e+01, 5.441595e+01
1.915843e+01, 4.948971e+01
1.915736e+01, 4.456347e+01
1.915587e+01, 3.963723e+01
1.915396e+01, 3.471099e+01
1.915162e+01, 2.978475e+01
1.914885e+01, 2.485851e+01
1.914566e+01, 1.993227e+01
1.914204e+01, 1.500603e+01
1.913800e+01, 1.007979e+01
1.913354e+01, 5.153552e+00
1.912865e+01, 2.273120e-01
1.912334e+01, -4.698928e+00
1.911760e+01, -9.625168e+00
1.911144e+01, -1.455141e+01
1.910486e+01, -1.947765e+01
1.909785e+01, -2.440389e+01
1.909043e+01, -2.933013e+01
1.908258e+01, -3.425637e+01
1.907431e+01, -3.918261e+01
1.906563e+01, -4.410885e+01
1.905652e+01, -4.903509e+01
1.904699e+01, -5.396133e+01
1.903705e+01, -5.888757e+01
1.902669e+01, -6.381381e+01
1.901591e+01, -6.874005e+01
1.900472e+01, -7.366629e+01
1.899310e+01, -7.859253e+01
1.898108e+01, -8.351877e+01
1.896864e+01, -8.844501e+01
1.895579e+01, -9.337125e+01
1.894252e+01, -9.829749e+01
1.892885e+01, -1.032237e+02
1.891476e+01, -1.081500e+02
1.890027e+01, -1.130762e+02
1.888536e+01, -1.180024e+02
1.887005e+01, -1.229287e+02
1.885433e+01, -1.278549e+02
1.883821e+01, -1.327812e+02
1.882168e+01, -1.377074e+02
1.880475e+01, -1.426336e+02
1.878741e+01, -1.475599e+02
1.876968e+01, -1.524861e+02
1.875154e+01, -1.574124e+02
1.873301e+01, -1.623386e+02
1.871408e+01, -1.672648e+02
1.869475e+01, -1.721911e+02
1.867503e+01, -1.771173e+02
1.865491e+01, 1.779564e+02
1.863440e+01, 1.730302e+02
1.861350e+01, 1.681040e+02
1.859221e+01, 1.631777e+02
1.857053e+01, 1.582515e+02
1.854847e+01, 1.533252e+02
1.852602e+01, 1.483990e+02
1.850318e+01, 1.434728e+02
1.847996e+01, 1.385465e+02
1.845637e+01, 1.336203e+02
1.843239e+01, 1.286940e+02
1.840803e+01, 1.237678e+02
1.838330e+01, 1.188416e+02
1.835819e+01, 1.139153e+02
1.833271e+01, 1.089891e+02
1.830686e+01, 1.040628e+02
1.828064e+01, 9.913659e+01
1.825405e+01, 9.421035e+01
1.822710e+01, 8.928411e+01
1.819978e+01, 8.435787e+01
1.817209e+01, 7.943163e+01
1.814405e+01, 7.450539e+01
1.811565e+01, 6.957915e+01
1.808688e+01, 6.465291e+01
1.805777e+01, 5.972667e+01
1.802830e+01, 5.480043e+01
1.799848e+01, 4.987419e+01
1.796830e+01, 4.494795e+01
1.793778e+01, 4.002171e+01
1.790692e+01, 3.509547e+01
1.787571e+01, 3.016923e+01
1.784416e+01, 2.524299e+01
1.781226e+01, 2.031675e+01
1.778003e+01, 1.539051e+01
1.774746e+01, 1.046427e+01
1.771456e+01, 5.538032e+00
1.768133e+01, 6.117920e-01
1.764777e+01, -4.314448e+00
1.761388e+01, -9.240688e+00
1.757966e+01, -1.416693e+01
1.754512e+01, -1.909317e+01
1.751026e+01, -2.401941e+01
1.747508e+01, -2.894565e+01
1.743959e+01, -3.387189e+01
1.740377e+01, -3.879813e+01
1.736765e+01, -4.372437e+01
1.733122e+01, -4.865061e+01
1.729447e+01, -5.357685e+01
1.725743e+01, -5.850309e+01
1.722008e+01, -6.342933e+01
1.718243e+01, -6.835557e+01
1.714447e+01, -7.328181e+01
1.710623e+01, -7.820805e+01
1.706769e+01, -8.313429e+01
1.702886e+01, -8.806053e+01
1.698973e+01, -9.298677e+01
1.695033e+01, -9.791301e+01
1.691063e+01, -1.028392e+02
1.687066e+01, -1.077655e+02
1.683040e+01, -1.126917e+02
1.678987e+01, -1.176180e+02
1.674907e+01, -1.225442e+02
1.670799e+01, -1.274704e+02
1.666664e+01, -1.323967e+02
1.662503e+01, -1.373229e+02
1.658315e+01, -1.422492e+02
1.654101e+01, -1.471754e+02
1.649861e+01, -1.521016e+02
1.645595e+01, -1.570279e+02
1.641304e+01, -1.619541e+02
1.636987e+01, -1.668804e+02
1.632646e+01, -1.718066e+02
1.628280e+01, -1.767328e+02
1.623890e+01, 1.783409e+02
1.619475e+01, 1.734147e+02
1.615037e+01, 1.684884e+02
1.610574e+01, 1.635622e+02
1.606089e+01, 1.586360e+02
1.601580e+01, 1.537097e+02
1.597049e+01, 1.487835e+02
1.592495e+01, 1.438572e+02
1.587919e+01, 1.389310e+02
1.583320e+01, 1.340048e+02
1.578700e+01, 1.290785e+02
1.574059e+01, 1.241523e+02
1.569396e+01, 1.192260e+02
1.564712e+01, 1.142998e+02
1.560008e+01, 1.093736e+02
1.555283e+01, 1.044473e+02
1.550538e+01, 9.952107e+01
1.545773e+01, 9.459483e+01
1.540989e+01, 8.966859e+01
1.536185e+01, 8.474235e+01
1.531362e+01, 7.981611e+01
1.526520e+01, 7.488987e+01
1.521660e+01, 6.996363e+01
1.516782e+01, 6.503739e+01
1.511885e+01, 6.011115e+01
1.506972e+01, 5.518491e+01
1.502040e+01, 5.025867e+01
1.497091e+01, 4.533243e+01
1.492126e+01, 4.040619e+01
1.487144e+01, 3.547995e+01
1.482146e+01, 3.055371e+01
1.477131e+01, 2.562747e+01
1.472101e+01, 2.070123e+01
1.467056e+01, 1.577499e+01
1.461995e+01, 1.084875e+01
1.456919e+01, 5.922512e+00
1.451829e+01, 9.962720e-01
1.446725e+01, -3.929968e+00
1.441606e+01, -8.856208e+00
1.436473e+01, -1.378245e+01
1.431327e+01, -1.870869e+01
1.426168e+01, -2.363493e+01
1.420995e+01, -2.856117e+01
1.415810e+01, -3.348741e+01
1.410613e+01, -3.841365e+01
1.405403e+01, -4.333989e+01
1.400182e+01, -4.826613e+01
1.394949e+01, -5.319237e+01
1.389704e+01, -5.811861e+01
1.384449e+01, -6.304485e+01
1.379182e+01, -6.797109e+01
1.373906e+01, -7.289733e+01
1.368619e+01, -7.782357e+01
1.363322e+01, -8.274981e+01
1.358015e+01, -8.767605e+01
1.352699e+01, -9.260229e+01
1.347374e+01, -9.752853e+01
1.342040e+01, -1.024548e+02
1.336698e+01, -1.073810e+02
1.331347e+01, -1.123072e+02
1.325988e+01, -1.172335e+02
1.320621e+01, -1.221597e+02
1.315247e+01, -1.270860e+02
1.309865e+01, -1.320122e+02
1.304477e+01, -1.369384e+02
1.299082e+01, -1.418647e+02
1.293680e+01, -1.467909e+02
1.288272e+01, -1.517172e+02
1.282859e+01, -1.566434e+02
1.277439e+01, -1.615696e+02
1.272015e+01, -1.664959e+02
1.266585e+01, -1.714221e+02
1.261150e+01, -1.763484e+02
1.255711e+01, 1.787254e+02
1.250267e+01, 1.737992e+02
1.244820e+01, 1.688729e+02
1.239368e+01, 1.639467e+02
1.233914e+01, 1.590204e+02
1.228455e+01, 1.540942e+02
1.222994e+01, 1.491680e+02
1.217530e+01, 1.442417e+02
1.212063e+01, 1.393155e+02
1.206595e+01, 1.343892e+02
1.201124e+01, 1.294630e+02
1.195651e+01, 1.245368e+02
1.190177e+01, 1.196105e+02
1.184702e+01, 1.146843e+02
1.179225e+01, 1.097580e+02
1.173748e+01, 1.048318e+02
1.168270e+01, 9.990555e+01
1.162792e+01, 9.497931e+01
1.157314e+01, 9.005307e+01
1.151836e+01, 8.512683e+01
1.146359e+01, 8.020059e+01
1.140882e+01, 7.527435e+01
1.135407e+01, 7.034811e+01
1.129932e+01, 6.542187e+01
1.124459e+01, 6.049563e+01
1.118988e+01, 5.556939e+01
1.113518e+01, 5.064315e+01
1.108050e+01, 4.571691e+01
1.102585e+01, 4.079067e+01
1.097123e+01, 3.586443e+01
1.091663e+01, 3.093819e+01
1.086206e+01, 2.601195e+01
1.080753e+01, 2.108571e+01
1.075302e+01, 1.615947e+01
1.069856e+01, 1.123323e+01
1.064414e+01, 6.306992e+00
1.058976e+01, 1.380752e+00
1.053542e+01, -3.545488e+00
1.048113e+01, -8.471728e+00
1.042688e+01, -1.339797e+01
1.037269e+01, -1.832421e+01
1.031854e+01, -2.325045e+01
1.026446e+01, -2.817669e+01
1.021043e+01, -3.310293e+01
1.015645e+01, -3.802917e+01
1.010254e+01, -4.295541e+01
1.004869e+01, -4.788165e+01
9.994910e+00, -5.280789e+01
9.941194e+00, -5.773413e+01
9.887546e+00, -6.266037e+01
9.833969e+00, -6.758661e+01
9.780466e+00, -7.251285e+01
9.727037e+00, -7.743909e+01
9.673685e+00, -8.236533e+01
9.620412e+00, -8.729157e+01
9.567220e+00, -9.221781e+01
9.514110e+00, -9.714405e+01
9.461085e+00, -1.020703e+02
9.408147e+00, -1.069965e+02
9.355297e+00, -1.119228e+02
9.302536e+00, -1.168490e+02
9.249868e+00, -1.217752e+02
9.197294e+00, -1.267015e+02
9.144815e+00, -1.316277e+02
9.092434e+00, -1.365540e+02
9.040152e+00, -1.414802e+02
8.987971e+00, -1.464064e+02
8.935892e+00, -1.513327e+02
8.883918e+00, -1.562589e+02
8.832050e+00, -1.611852e+02
8.780289e+00, -1.661114e+02
8.728638e+00, -1.710376e+02
8.677098e+00, -1.759639e+02
8.625670e+00, 1.791099e+02
8.574357e+00, 1.741836e+02
8.523159e+00, 1.692574e+02
8.472079e+00, 1.643312e+02
8.421118e+00, 1.594049e+02
8.370278e+00, 1.544787e+02
8.319560e+00, 1.495524e+02
8.268965e+00, 1.446262e+02
8.218495e+00, 1.397000e+02
8.168152e+00, 1.347737e+02
8.117936e+00, 1.298475e+02
8.067851e+00, 1.249212e+02
8.017896e+00, 1.199950e+02
7.968073e+00, 1.150688e+02
7.918384e+00, 1.101425e+02
7.868830e+00, 1.052163e+02
7.819412e+00, 1.002900e+02
7.770132e+00, 9.536379e+01
7.720990e+00, 9.043755e+01
7.671990e+00, 8.551131e+01
7.623130e+00, 8.058507e+01
7.574414e+00, 7.565883e+01
7.525842e+00, 7.073259e+01
7.477415e+00, 6.580635e+01
7.429134e+00, 6.088011e+01
7.381001e+00, 5.595387e+01
7.333018e+00, 5.102763e+01
7.285184e+00, 4.610139e+01
7.237501e+00, 4.117515e+01
7.189971e+00, 3.624891e+01
7.142594e+00, 3.132267e+01
7.095371e+00, 2.639643e+01
7.048305e+00, 2.147019e+01
7.001394e+00, 1.654395e+01
6.954642e+00, 1.161771e+01
6.908048e+00, 6.691472e+00
6.861614e+00, 1.765232e+00
6.815340e+00, -3.161008e+00
6.769228e+00, -8.087248e+00
6.723279e+00, -1.301349e+01
6.677493e+00, -1.793973e+01
6.631872e+00, -2.286597e+01
6.586416e+00, -2.779221e+01
6.541126e+00, -3.271845e+01
6.496003e+00, -3.764469e+01
6.451048e+00, -4.257093e+01
6.406262e+00, -4.749717e+01
6.361646e+00, -5.242341e+01
6.317199e+00, -5.734965e+01
6.272924e+00, -6.227589e+01
6.228821e+00, -6.720213e+01
6.184891e+00, -7.212837e+01
6.141133e+00, -7.705461e+01
6.097550e+00, -8.198085e+01
6.054142e+00, -8.690709e+01
6.010909e+00, -9.183333e+01
5.967852e+00, -9.675957e+01
5.924972e+00, -1.016858e+02
5.882269e+00, -1.066120e+02
5.839745e+00, -1.115383e+02
5.797399e+00, -1.164645e+02
5.755232e+00, -1.213908e+02
5.713245e+00, -1.263170e+02
5.671438e+00, -1.312432e+02
5.629812e+00, -1.361695e+02
5.588367e+00, -1.410957e+02
5.547104e+00, -1.460220e+02
5.506023e+00, -1.509482e+02
5.465126e+00, -1.558744e+02
5.424411e+00, -1.608007e+02
5.383880e+00, -1.657269e+02
5.343533e+00, -1.706532e+02
5.303371e+00, -1.755794e+02
5.263394e+00, 1.794944e+02
5.223601e+00, 1.745681e+02
5.183995e+00, 1.696419e+02
5.144574e+00, 1.647156e+02
5.105340e+00, 1.597894e+02
5.066293e+00, 1.548632e+02
5.027432e+00, 1.499369e+02
4.988759e+00, 1.450107e+02
4.950273e+00, 1.400844e+02
4.911974e+00, 1.351582e+02
4.873864e+00, 1.302320e+02
4.835942e+00, 1.253057e+02
4.798209e+00, 1.203795e+02
4.760664e+00, 1.154532e+02
4.723308e+00, 1.105270e+02
4.686141e+00, 1.056008e+02
4.649163e+00, 1.006745e+02
4.612374e+00, 9.574827e+01
4.575775e+00, 9.082203e+01
4.539365e+00, 8.589579e+01
4.503145e+00, 8.096955e+01
4.467114e+00, 7.604331e+01
4.431274e+00, 7.111707e+01
4.395623e+00, 6.619083e+01
4.360162e+00, 6.126459e+01
4.324892e+00, 5.633835e+01
4.289811e+00, 5.141211e+01
4.254920e+00, 4.648587e+01
4.220219e+00, 4.155963e+01
4.185709e+00, 3.663339e+01
4.151388e+00, 3.170715e+01
4.117257e+00, 2.678091e+01
4.083316e+00, 2.185467e+01
4.049564e+00, 1.692843e+01
4.016003e+00, 1.200219e+01
3.982631e+00, 7.075952e+00
3.949449e+00, 2.149712e+00
3.916456e+00, -2.776528e+00
3.883652e+00, -7.702768e+00
3.851038e+00, -1.262901e+01
3.818612e+00, -1.755525e+01
3.786376e+00, -2.248149e+01
3.754328e+00, -2.740773e+01
3.722469e+00, -3.233397e+01
3.690798e+00, -3.726021e+01
3.659315e+00, -4.218645e+01
3.628020e+00, -4.711269e+01
3.596913e+00, -5.203893e+01
3.565993e+00, -5.696517e+01
3.535261e+00, -6.189141e+01
3.504715e+00, -6.681765e+01
3.474357e+00, -7.174389e+01
3.444184e+00, -7.667013e+01
3.414198e+00, -8.159637e+01
3.384398e+00, -8.652261e+01
3.354783e+00, -9.144885e+01
3.325354e+00, -9.637509e+01
3.296109e+00, -1.013013e+02
3.267049e+00, -1.062276e+02
3.238173e+00, -1.111538e+02
3.209481e+00, -1.160800e+02
3.180973e+00, -1.210063e+02
3.152648e+00, -1.259325e+02
3.124505e+00, -1.308588e+02
3.096545e+00, -1.357850e+02
3.068767e+00, -1.407112e+02
3.041171e+00, -1.456375e+02
3.013756e+00, -1.505637e+02
2.986521e+00, -1.554900e+02
2.959467e+00, -1.604162e+02
2.932593e+00, -1.653424e+02
2.905899e+00, -1.702687e+02
2.879383e+00, -1.751949e+02
2.853046e+00, 1.798788e+02
2.826887e+00, 1.749526e+02
2.800905e+00, 1.700264e+02
2.775101e+00, 1.651001e+02
2.749473e+00, 1.601739e+02
2.724022e+00, 1.552476e+02
2.698746e+00, 1.503214e+02
2.673645e+00, 1.453952e+02
2.648719e+00, 1.404689e+02
2.623966e+00, 1.355427e+02
2.599388e+00, 1.306164e+02
2.574982e+00, 1.256902e+02
2.550749e+00, 1.207640e+02
2.526688e+00, 1.158377e+02
2.502798e+00, 1.109115e+02
2.479079e+00, 1.059852e+02
2.455530e+00, 1.010590e+02
2.432151e+00, 9.613275e+01
2.408941e+00, 9.120651e+01
2.385899e+00, 8.628027e+01
2.363025e+00, 8.135403e+01
2.340319e+00, 7.642779e+01
2.317779e+00, 7.150155e+01
2.295405e+00, 6.657531e+01
2.273197e+00, 6.164907e+01
2.251153e+00, 5.672283e+01
2.229274e+00, 5.179659e+01
2.207558e+00, 4.687035e+01
2.186006e+00, 4.194411e+01
2.164615e+00, 3.701787e+01
2.143387e+00, 3.209163e+01
2.122319e+00, 2.716539e+01
2.101412e+00, 2.223915e+01
2.080664e+00, 1.731291e+01
2.060076e+00, 1.238667e+01
2.039645e+00, 7.460432e+00
2.019373e+00, 2.534192e+00
1.999258e+00, -2.392048e+00
1.979299e+00, -7.318288e+00
1.959496e+00, -1.224453e+01
1.939847e+00, -1.717077e+01
1.920354e+00, -2.209701e+01
1.901013e+00, -2.702325e+01
1.881826e+00, -3.194949e+01
1.862791e+00, -3.687573e+01
1.843908e+00, -4.180197e+01
1.825175e+00, -4.672821e+01
1.806593e+00, -5.165445e+01
1.788160e+00, -5.658069e+01
1.769876e+00, -6.150693e+01
1.751740e+00, -6.643317e+01
1.733751e+00, -7.135941e+01
1.715908e+00, -7.628565e+01
1.698212e+00, -8.121189e+01
1.680661e+00, -8.613813e+01
1.663254e+00, -9.106437e+01
1.645991e+00, -9.599061e+01
1.628871e+00, -1.009168e+02
1.611893e+00, -1.058431e+02
1.595057e+00, -1.107693e+02
1.578361e+00, -1.156956e+02
1.561806e+00, -1.206218e+02
1.545390e+00, -1.255480e+02
1.529112e+00, -1.304743e+02
1.512972e+00, -1.354005e+02
1.496969e+00, -1.403268e+02
1.481103e+00, -1.452530e+02
1.465372e+00, -1.501792e+02
1.449776e+00, -1.551055e+02
1.434315e+00, -1.600317e+02
1.418986e+00, -1.649580e+02
1.403790e+00, -1.698842e+02
1.388726e+00, -1.748104e+02
1.373794e+00, -1.797367e+02
1.358991e+00, 1.753371e+02
1.344318e+00, 1.704108e+02
1.329774e+00, 1.654846e+02
1.315359e+00, 1.605584e+02
1.301070e+00, 1.556321e+02
1.286908e+00, 1.507059e+02
1.272872e+00, 1.457796e+02
1.258961e+00, 1.408534e+02
1.245175e+00, 1.359272e+02
1.231512e+00, 1.310009e+02
1.217972e+00, 1.260747e+02
1.204554e+00, 1.211484e+02
1.191257e+00, 1.162222e+02
