##TITLE= C190
##JCAMP-DX= 5.00 Bruker JCAMP library
##DATA TYPE= Shape Data
##ORIGIN= Colm's GRAPE Pulses 
##OWNER= caryan
##DATE= 29-Sep-2013
##TIME= 17:47
##MINX= 4.572021e+00
##MAXX= 5.007655e+02
##MINY= 1.345101e-01
##MAXY= 3.599827e+02
##$SHAPE_EXMODE= None
##$SHAPE_TOTROT= 9.000000e+01
##$SHAPE_BWFAC= 1.000000e+00
##$SHAPE_INTEGFAC= 1.000000e+00
##$SHAPE_MODE= 1
##NPOINTS= 1000
##XYPOINTS= (XY..XY)
  1.859594e+02,  2.541892e+02
  1.536692e+02,  2.398662e+02
  1.754934e+02,  2.222523e+02
  2.445962e+02,  2.221678e+02
  2.779138e+02,  2.215572e+02
  3.019959e+02,  2.208977e+02
  3.228097e+02,  2.203301e+02
  3.409606e+02,  2.198278e+02
  3.564780e+02,  2.193687e+02
  3.693464e+02,  2.189365e+02
  3.795559e+02,  2.185195e+02
  3.871069e+02,  2.181079e+02
  3.920098e+02,  2.176940e+02
  3.942849e+02,  2.172710e+02
  3.939625e+02,  2.168329e+02
  3.910824e+02,  2.163738e+02
  3.856941e+02,  2.158881e+02
  3.778564e+02,  2.153694e+02
  3.676380e+02,  2.148110e+02
  3.551171e+02,  2.142047e+02
  3.403815e+02,  2.135403e+02
  3.235293e+02,  2.128050e+02
  3.046687e+02,  2.119814e+02
  2.839192e+02,  2.110454e+02
  2.614123e+02,  2.099625e+02
  2.372938e+02,  2.086812e+02
  2.117277e+02,  2.071210e+02
  1.849040e+02,  2.051493e+02
  1.570563e+02,  2.025322e+02
  1.285034e+02,  1.988197e+02
  9.976650e+01,  1.930394e+02
  7.196058e+01,  1.827645e+02
  4.838146e+01,  1.612603e+02
  3.938797e+01,  1.190986e+02
  5.362883e+01,  8.146314e+01
  7.958351e+01,  6.360541e+01
  1.090634e+02,  5.475170e+01
  1.395821e+02,  4.958504e+01
  1.702212e+02,  4.617502e+01
  2.005086e+02,  4.371966e+01
  2.301311e+02,  4.183595e+01
  2.588446e+02,  4.031998e+01
  2.864414e+02,  3.905376e+01
  3.127361e+02,  3.796444e+01
  3.375598e+02,  3.700461e+01
  3.607573e+02,  3.614207e+01
  3.821856e+02,  3.535414e+01
  4.017136e+02,  3.462436e+01
  4.192214e+02,  3.394044e+01
  4.346003e+02,  3.329300e+01
  4.477526e+02,  3.267473e+01
  4.586097e+02,  3.207961e+01
  4.671876e+02,  3.150216e+01
  4.735307e+02,  3.093811e+01
  4.776929e+02,  3.038430e+01
  4.797365e+02,  2.983851e+01
  4.797320e+02,  2.929930e+01
  4.777564e+02,  2.876592e+01
  4.738934e+02,  2.823827e+01
  4.682320e+02,  2.771687e+01
  4.608660e+02,  2.720286e+01
  4.518935e+02,  2.669804e+01
  4.414159e+02,  2.620495e+01
  4.295381e+02,  2.572691e+01
  4.163673e+02,  2.526818e+01
  4.020133e+02,  2.483414e+01
  3.865883e+02,  2.443155e+01
  3.702062e+02,  2.406880e+01
  3.529836e+02,  2.375640e+01
  3.350392e+02,  2.350755e+01
  3.164948e+02,  2.333887e+01
  2.974756e+02,  2.327149e+01
  2.781115e+02,  2.333246e+01
  2.585385e+02,  2.355667e+01
  2.389010e+02,  2.398958e+01
  2.193552e+02,  2.469079e+01
  2.000571e+02,  2.573888e+01
  1.811182e+02,  2.723844e+01
  1.626684e+02,  2.933221e+01
  1.448920e+02,  3.221724e+01
  1.280558e+02,  3.616446e+01
  1.125531e+02,  4.153462e+01
  9.896067e+01,  4.876275e+01
  8.808629e+01,  5.823918e+01
  8.091708e+01,  6.998522e+01
  7.832657e+01,  8.321078e+01
  8.058081e+01,  9.634082e+01
  8.711257e+01,  1.078788e+02
  9.686105e+01,  1.171750e+02
  1.087626e+02,  1.243357e+02
  1.219868e+02,  1.297731e+02
  1.359487e+02,  1.339158e+02
  1.502471e+02,  1.371117e+02
  1.646039e+02,  1.396206e+02
  1.788213e+02,  1.416315e+02
  1.927536e+02,  1.432819e+02
  2.062914e+02,  1.446733e+02
  2.193503e+02,  1.458817e+02
  2.318652e+02,  1.469655e+02
  2.437868e+02,  1.479702e+02
  2.550788e+02,  1.489323e+02
  2.657050e+02,  1.498801e+02
  2.755897e+02,  1.508309e+02
  2.846543e+02,  1.517988e+02
  2.928295e+02,  1.527963e+02
  3.000558e+02,  1.538355e+02
  3.062836e+02,  1.549274e+02
  3.114737e+02,  1.560829e+02
  3.155975e+02,  1.573126e+02
  3.186372e+02,  1.586275e+02
  3.205865e+02,  1.600386e+02
  3.214508e+02,  1.615577e+02
  3.212475e+02,  1.631972e+02
  3.200071e+02,  1.649705e+02
  3.177734e+02,  1.668924e+02
  3.146046e+02,  1.689789e+02
  3.105744e+02,  1.712476e+02
  3.057726e+02,  1.737180e+02
  3.003072e+02,  1.764112e+02
  2.943052e+02,  1.793499e+02
  2.879145e+02,  1.825578e+02
  2.813052e+02,  1.860590e+02
  2.746701e+02,  1.898765e+02
  2.682251e+02,  1.940304e+02
  2.622076e+02,  1.985345e+02
  2.568721e+02,  2.033933e+02
  2.524971e+02,  2.085931e+02
  2.493987e+02,  2.140827e+02
  2.478445e+02,  2.197808e+02
  2.480120e+02,  2.255855e+02
  2.499704e+02,  2.313837e+02
  2.536745e+02,  2.370642e+02
  2.589726e+02,  2.425306e+02
  2.656257e+02,  2.477095e+02
  2.733337e+02,  2.525544e+02
  2.817617e+02,  2.570440e+02
  2.905621e+02,  2.611776e+02
  2.993928e+02,  2.649694e+02
  3.079277e+02,  2.684433e+02
  3.158641e+02,  2.716284e+02
  3.229259e+02,  2.745555e+02
  3.288646e+02,  2.772553e+02
  3.334592e+02,  2.797572e+02
  3.365145e+02,  2.820881e+02
  3.378604e+02,  2.842729e+02
  3.373492e+02,  2.863337e+02
  3.348544e+02,  2.882907e+02
  3.302688e+02,  2.901621e+02
  3.235025e+02,  2.919647e+02
  3.144811e+02,  2.937142e+02
  3.031447e+02,  2.954262e+02
  2.894742e+02,  2.971199e+02
  2.735799e+02,  2.988293e+02
  2.556186e+02,  3.005968e+02
  2.357651e+02,  3.024762e+02
  2.142130e+02,  3.045413e+02
  1.911795e+02,  3.069015e+02
  1.669158e+02,  3.097318e+02
  1.417317e+02,  3.133342e+02
  1.160557e+02,  3.182791e+02
  9.059797e+01,  3.257571e+02
  6.685607e+01,  3.385037e+02
  4.873956e+01,  2.392946e+00
  4.472929e+01,  3.950462e+01
  5.807464e+01,  7.006666e+01
  8.043893e+01,  8.664197e+01
  1.059491e+02,  9.573917e+01
  1.323717e+02,  1.013114e+02
  1.587571e+02,  1.050551e+02
  1.845894e+02,  1.077445e+02
  2.095234e+02,  1.097703e+02
  2.332939e+02,  1.113478e+02
  2.556791e+02,  1.126035e+02
  2.764854e+02,  1.136161e+02
  2.955400e+02,  1.144360e+02
  3.126869e+02,  1.150960e+02
  3.278122e+02,  1.156195e+02
  3.409246e+02,  1.160281e+02
  3.520725e+02,  1.163385e+02
  3.613167e+02,  1.165620e+02
  3.687286e+02,  1.167065e+02
  3.743894e+02,  1.167769e+02
  3.783895e+02,  1.167765e+02
  3.808270e+02,  1.167069e+02
  3.818077e+02,  1.165684e+02
  3.814436e+02,  1.163607e+02
  3.798526e+02,  1.160826e+02
  3.771573e+02,  1.157326e+02
  3.734847e+02,  1.153087e+02
  3.689650e+02,  1.148093e+02
  3.637310e+02,  1.142327e+02
  3.579172e+02,  1.135779e+02
  3.516590e+02,  1.128448e+02
  3.450913e+02,  1.120343e+02
  3.383477e+02,  1.111493e+02
  3.315591e+02,  1.101943e+02
  3.248522e+02,  1.091768e+02
  3.183479e+02,  1.081067e+02
  3.121598e+02,  1.069975e+02
  3.063927e+02,  1.058662e+02
  3.011413e+02,  1.047332e+02
  2.964639e+02,  1.036210e+02
  2.923093e+02,  1.025481e+02
  2.885944e+02,  1.015309e+02
  2.852316e+02,  1.005839e+02
  2.821300e+02,  9.971976e+01
  2.791971e+02,  9.894887e+01
  2.763400e+02,  9.827939e+01
  2.734669e+02,  9.771726e+01
  2.704882e+02,  9.726634e+01
  2.673173e+02,  9.692859e+01
  2.638714e+02,  9.670426e+01
  2.600714e+02,  9.659212e+01
  2.558425e+02,  9.658965e+01
  2.511137e+02,  9.669320e+01
  2.458180e+02,  9.689820e+01
  2.398915e+02,  9.719922e+01
  2.332731e+02,  9.759005e+01
  2.259041e+02,  9.806377e+01
  2.177271e+02,  9.861266e+01
  2.086857e+02,  9.922814e+01
  1.987236e+02,  9.990051e+01
  1.877841e+02,  1.006186e+02
  1.758094e+02,  1.013692e+02
  1.627400e+02,  1.021355e+02
  1.485148e+02,  1.028956e+02
  1.331023e+02,  1.036217e+02
  1.165996e+02,  1.042882e+02
  9.913499e+01,  1.048539e+02
  8.083606e+01,  1.052365e+02
  6.183252e+01,  1.052467e+02
  4.226582e+01,  1.043334e+02
  2.235288e+01,  9.994831e+01
  4.626273e+00,  4.030834e+01
  1.980040e+01,  3.061461e+02
  4.041829e+01,  3.005713e+02
  6.123381e+01,  2.994615e+02
  8.200385e+01,  2.994395e+02
  1.025909e+02,  2.998468e+02
  1.228736e+02,  3.004667e+02
  1.427339e+02,  3.012066e+02
  1.620534e+02,  3.020202e+02
  1.807120e+02,  3.028816e+02
  1.985863e+02,  3.037753e+02
  2.155498e+02,  3.046916e+02
  2.314718e+02,  3.056242e+02
  2.462177e+02,  3.065692e+02
  2.596482e+02,  3.075242e+02
  2.716201e+02,  3.084880e+02
  2.819856e+02,  3.094606e+02
  2.905934e+02,  3.104427e+02
  2.973273e+02,  3.114361e+02
  3.022228e+02,  3.124432e+02
  3.053516e+02,  3.134662e+02
  3.067836e+02,  3.145068e+02
  3.065866e+02,  3.155668e+02
  3.048276e+02,  3.166477e+02
  3.015726e+02,  3.177512e+02
  2.968874e+02,  3.188790e+02
  2.908378e+02,  3.200330e+02
  2.834903e+02,  3.212157e+02
  2.749127e+02,  3.224299e+02
  2.651743e+02,  3.236795e+02
  2.543467e+02,  3.249697e+02
  2.425044e+02,  3.263073e+02
  2.297255e+02,  3.277017e+02
  2.160928e+02,  3.291661e+02
  2.016942e+02,  3.307184e+02
  1.866247e+02,  3.323843e+02
  1.709871e+02,  3.342003e+02
  1.548953e+02,  3.362198e+02
  1.384768e+02,  3.385227e+02
  1.218789e+02,  3.412323e+02
  1.052793e+02,  3.445458e+02
  8.890555e+01,  3.487933e+02
  7.307845e+01,  3.545539e+02
  5.828414e+01,  2.895121e+00
  4.534854e+01,  1.584182e+01
  3.605074e+01,  3.641487e+01
  3.330255e+01,  6.440979e+01
  3.831066e+01,  9.034633e+01
  4.855910e+01,  1.077562e+02
  6.132430e+01,  1.185586e+02
  7.519331e+01,  1.255514e+02
  8.951595e+01,  1.303704e+02
  1.039666e+02,  1.338790e+02
  1.183583e+02,  1.365483e+02
  1.325679e+02,  1.386509e+02
  1.465029e+02,  1.403540e+02
  1.600871e+02,  1.417660e+02
  1.732530e+02,  1.429602e+02
  1.859382e+02,  1.439890e+02
  1.980834e+02,  1.448907e+02
  2.096316e+02,  1.456952e+02
  2.205280e+02,  1.464263e+02
  2.307197e+02,  1.471037e+02
  2.401560e+02,  1.477445e+02
  2.487887e+02,  1.483640e+02
  2.565728e+02,  1.489765e+02
  2.634671e+02,  1.495956e+02
  2.694346e+02,  1.502350e+02
  2.744340e+02,  1.509043e+02
  2.783912e+02,  1.515971e+02
  2.812287e+02,  1.523051e+02
  2.828765e+02,  1.530211e+02
  2.832729e+02,  1.537394e+02
  2.823647e+02,  1.544547e+02
  2.801081e+02,  1.551620e+02
  2.764691e+02,  1.558561e+02
  2.714237e+02,  1.565313e+02
  2.649584e+02,  1.571808e+02
  2.570705e+02,  1.577960e+02
  2.477679e+02,  1.583660e+02
  2.370695e+02,  1.588759e+02
  2.250057e+02,  1.593057e+02
  2.116184e+02,  1.596274e+02
  1.969623e+02,  1.598010e+02
  1.811068e+02,  1.597674e+02
  1.641401e+02,  1.594368e+02
  1.461772e+02,  1.586666e+02
  1.273776e+02,  1.572186e+02
  1.079833e+02,  1.546695e+02
  8.841384e+01,  1.502116e+02
  6.951790e+01,  1.421964e+02
  5.327886e+01,  1.273077e+02
  4.424903e+01,  1.016494e+02
  4.798539e+01,  7.177341e+01
  6.287634e+01,  5.129784e+01
  8.337822e+01,  4.013758e+01
  1.062990e+02,  3.406581e+01
  1.302203e+02,  3.064571e+01
  1.544275e+02,  2.870267e+01
  1.784846e+02,  2.764645e+01
  2.020806e+02,  2.715835e+01
  2.249685e+02,  2.705436e+01
  2.469395e+02,  2.722202e+01
  2.678102e+02,  2.758919e+01
  2.874167e+02,  2.810757e+01
  3.056111e+02,  2.874355e+01
  3.222588e+02,  2.947276e+01
  3.372373e+02,  3.027686e+01
  3.504340e+02,  3.114139e+01
  3.617454e+02,  3.205447e+01
  3.710747e+02,  3.300588e+01
  3.783309e+02,  3.398650e+01
  3.834266e+02,  3.498788e+01
  3.862768e+02,  3.600203e+01
  3.867973e+02,  3.702121e+01
  3.849035e+02,  3.803791e+01
  3.805098e+02,  3.904473e+01
  3.735287e+02,  4.003437e+01
  3.639089e+02,  4.099997e+01
  3.517504e+02,  4.193595e+01
  3.371905e+02,  4.283638e+01
  3.203670e+02,  4.369442e+01
  3.014190e+02,  4.450181e+01
  2.804882e+02,  4.524797e+01
  2.577200e+02,  4.591840e+01
  2.332649e+02,  4.649192e+01
  2.072793e+02,  4.693525e+01
  1.799276e+02,  4.719237e+01
  1.513855e+02,  4.716060e+01
  1.218477e+02,  4.663047e+01
  9.155245e+01,  4.510287e+01
  6.088180e+01,  4.105226e+01
  3.106943e+01,  2.702795e+01
  1.610316e+01,  3.085899e+02
  4.055763e+01,  2.602666e+02
  7.164081e+01,  2.513564e+02
  1.033728e+02,  2.484498e+02
  1.349983e+02,  2.473695e+02
  1.662042e+02,  2.470839e+02
  1.967707e+02,  2.472217e+02
  2.265088e+02,  2.476179e+02
  2.552440e+02,  2.481881e+02
  2.828095e+02,  2.488851e+02
  3.090605e+02,  2.496775e+02
  3.339223e+02,  2.505351e+02
  3.573371e+02,  2.514340e+02
  3.792456e+02,  2.523564e+02
  3.995859e+02,  2.532879e+02
  4.182927e+02,  2.542164e+02
  4.352967e+02,  2.551314e+02
  4.505246e+02,  2.560233e+02
  4.638996e+02,  2.568837e+02
  4.753419e+02,  2.577045e+02
  4.847702e+02,  2.584784e+02
  4.921034e+02,  2.591986e+02
  4.972623e+02,  2.598588e+02
  5.001722e+02,  2.604531e+02
  5.007655e+02,  2.609759e+02
  4.989836e+02,  2.614219e+02
  4.947802e+02,  2.617862e+02
  4.881229e+02,  2.620637e+02
  4.789959e+02,  2.622490e+02
  4.674016e+02,  2.623364e+02
  4.533619e+02,  2.623192e+02
  4.369191e+02,  2.621891e+02
  4.181372e+02,  2.619357e+02
  3.971015e+02,  2.615450e+02
  3.739195e+02,  2.609976e+02
  3.487331e+02,  2.602670e+02
  3.217564e+02,  2.593172e+02
  2.932392e+02,  2.580961e+02
  2.634585e+02,  2.565247e+02
  2.327267e+02,  2.544792e+02
  2.014098e+02,  2.517571e+02
  1.699674e+02,  2.480098e+02
  1.390454e+02,  2.425994e+02
  1.097073e+02,  2.342899e+02
  8.403280e+01,  2.206712e+02
  6.639403e+01,  1.982218e+02
  6.328767e+01,  1.684438e+02
  7.562385e+01,  1.431972e+02
  9.672945e+01,  1.273725e+02
  1.211356e+02,  1.178069e+02
  1.462268e+02,  1.116564e+02
  1.707570e+02,  1.074173e+02
  1.940385e+02,  1.043217e+02
  2.156270e+02,  1.019557e+02
  2.351982e+02,  1.000821e+02
  2.524935e+02,  9.855719e+01
  2.672957e+02,  9.728981e+01
  2.794162e+02,  9.622022e+01
  2.886885e+02,  9.530851e+01
  2.949646e+02,  9.452811e+01
  2.981438e+02,  9.385907e+01
  2.982635e+02,  9.327742e+01
  2.954111e+02,  9.276378e+01
  2.896923e+02,  9.230471e+01
  2.812306e+02,  9.189159e+01
  2.701662e+02,  9.152004e+01
  2.566557e+02,  9.118995e+01
  2.408715e+02,  9.090614e+01
  2.230014e+02,  9.067975e+01
  2.032483e+02,  9.053113e+01
  1.818300e+02,  9.049534e+01
  1.589799e+02,  9.063319e+01
  1.349494e+02,  9.105512e+01
  1.100147e+02,  9.197892e+01
  8.449957e+01,  9.389249e+01
  5.886037e+01,  9.813278e+01
  3.414983e+01,  1.098436e+02
  1.671712e+01,  1.584054e+02
  2.795937e+01,  2.237962e+02
  5.093444e+01,  2.399672e+02
  7.473395e+01,  2.451112e+02
  9.784437e+01,  2.471320e+02
  1.197354e+02,  2.478448e+02
  1.400636e+02,  2.478618e+02
  1.585466e+02,  2.474383e+02
  1.749756e+02,  2.466917e+02
  1.893346e+02,  2.456744e+02
  2.016729e+02,  2.444099e+02
  2.120628e+02,  2.429066e+02
  2.206011e+02,  2.411637e+02
  2.274102e+02,  2.391747e+02
  2.326395e+02,  2.369292e+02
  2.364659e+02,  2.344150e+02
  2.390945e+02,  2.316194e+02
  2.407571e+02,  2.285314e+02
  2.417102e+02,  2.251437e+02
  2.422298e+02,  2.214560e+02
  2.426043e+02,  2.174773e+02
  2.431232e+02,  2.132294e+02
  2.440628e+02,  2.087484e+02
  2.456690e+02,  2.040857e+02
  2.481399e+02,  1.993065e+02
  2.516088e+02,  1.944856e+02
  2.561334e+02,  1.897016e+02
  2.616899e+02,  1.850303e+02
  2.681751e+02,  1.805387e+02
  2.754153e+02,  1.762810e+02
  2.831788e+02,  1.722963e+02
  2.911903e+02,  1.686099e+02
  2.991454e+02,  1.652345e+02
  3.067212e+02,  1.621667e+02
  3.135973e+02,  1.593696e+02
  3.194932e+02,  1.567992e+02
  3.241717e+02,  1.544131e+02
  3.274353e+02,  1.521712e+02
  3.291235e+02,  1.500355e+02
  3.291106e+02,  1.479695e+02
  3.273041e+02,  1.459374e+02
  3.236448e+02,  1.439024e+02
  3.181064e+02,  1.418263e+02
  3.106976e+02,  1.396666e+02
  3.014639e+02,  1.373752e+02
  2.904925e+02,  1.348952e+02
  2.779185e+02,  1.321571e+02
  2.639348e+02,  1.290747e+02
  2.488066e+02,  1.255388e+02
  2.328931e+02,  1.214111e+02
  2.166776e+02,  1.165191e+02
  2.008079e+02,  1.106572e+02
  1.861396e+02,  1.036070e+02
  1.737627e+02,  9.519748e+01
  1.649540e+02,  8.542453e+01
  1.609821e+02,  7.460131e+01
  1.627528e+02,  6.340868e+01
  1.704742e+02,  5.270240e+01
  1.835868e+02,  4.316692e+01
  2.009837e+02,  3.509642e+01
  2.214663e+02,  2.846103e+01
  2.439763e+02,  2.307347e+01
  2.676495e+02,  1.870971e+01
  2.917972e+02,  1.516577e+01
  3.158686e+02,  1.227474e+01
  3.394163e+02,  9.906251e+00
  3.620698e+02,  7.960355e+00
  3.835174e+02,  6.360733e+00
  4.034943e+02,  5.048845e+00
  4.217746e+02,  3.979360e+00
  4.381656e+02,  3.116710e+00
  4.525049e+02,  2.432537e+00
  4.646580e+02,  1.903809e+00
  4.745159e+02,  1.511431e+00
  4.819942e+02,  1.239220e+00
  4.870315e+02,  1.073141e+00
  4.895881e+02,  1.000743e+00
  4.896449e+02,  1.010725e+00
  4.872019e+02,  1.092612e+00
  4.822769e+02,  1.236492e+00
  4.749044e+02,  1.432801e+00
  4.651346e+02,  1.672109e+00
  4.530318e+02,  1.944907e+00
  4.386775e+02,  2.243577e+00
  4.221803e+02,  2.569455e+00
  4.036623e+02,  2.927419e+00
  3.832549e+02,  3.324451e+00
  3.610986e+02,  3.770518e+00
  3.373431e+02,  4.279823e+00
  3.121478e+02,  4.872692e+00
  2.856823e+02,  5.578576e+00
  2.581275e+02,  6.441045e+00
  2.296783e+02,  7.526590e+00
  2.005482e+02,  8.941115e+00
  1.709803e+02,  1.086314e+01
  1.412718e+02,  1.361682e+01
  1.118374e+02,  1.785099e+01
  8.340013e+01,  2.503762e+01
  5.767160e+01,  3.899936e+01
  3.995218e+01,  6.885658e+01
  4.120162e+01,  1.120661e+02
  5.931708e+01,  1.388546e+02
  8.311367e+01,  1.514170e+02
  1.080738e+02,  1.580780e+02
  1.327410e+02,  1.621279e+02
  1.564981e+02,  1.648571e+02
  1.790034e+02,  1.668475e+02
  2.000295e+02,  1.683956e+02
  2.194042e+02,  1.696672e+02
  2.369781e+02,  1.707597e+02
  2.526251e+02,  1.717350e+02
  2.662422e+02,  1.726346e+02
  2.777465e+02,  1.734879e+02
  2.870741e+02,  1.743160e+02
  2.941788e+02,  1.751344e+02
  2.990313e+02,  1.759553e+02
  3.016179e+02,  1.767880e+02
  3.019400e+02,  1.776402e+02
  3.000127e+02,  1.785184e+02
  2.958644e+02,  1.794288e+02
  2.895355e+02,  1.803774e+02
  2.810775e+02,  1.813707e+02
  2.705529e+02,  1.824166e+02
  2.580338e+02,  1.835248e+02
  2.436021e+02,  1.847087e+02
  2.273486e+02,  1.859866e+02
  2.093736e+02,  1.873857e+02
  1.897866e+02,  1.889467e+02
  1.687083e+02,  1.907349e+02
  1.462732e+02,  1.928611e+02
  1.226389e+02,  1.955302e+02
  9.800880e+01,  1.991664e+02
  7.271036e+01,  2.048064e+02
  4.755860e+01,  2.157196e+02
  2.624214e+01,  2.460527e+02
  2.606837e+01,  3.125336e+02
  4.790008e+01,  3.436326e+02
  7.443211e+01,  3.546761e+02
  1.018424e+02,  2.855031e-01
  1.292124e+02,  3.852986e+00
  1.561204e+02,  6.457115e+00
  1.822842e+02,  8.539348e+00
  2.074787e+02,  1.031339e+01
  2.315110e+02,  1.189557e+01
  2.542112e+02,  1.335486e+01
  2.754277e+02,  1.473477e+01
  2.950253e+02,  1.606397e+01
  3.128834e+02,  1.736187e+01
  3.288937e+02,  1.864167e+01
  3.429590e+02,  1.991222e+01
  3.549911e+02,  2.117909e+01
  3.649084e+02,  2.244534e+01
  3.726342e+02,  2.371198e+01
  3.780945e+02,  2.497834e+01
  3.812160e+02,  2.624229e+01
  3.819247e+02,  2.750044e+01
  3.801444e+02,  2.874831e+01
  3.757962e+02,  2.998029e+01
  3.688304e+02,  3.119118e+01
  3.593228e+02,  3.238014e+01
  3.473809e+02,  3.354667e+01
  3.331127e+02,  3.468952e+01
  3.166281e+02,  3.580685e+01
  2.980407e+02,  3.689623e+01
  2.774692e+02,  3.795448e+01
  2.550387e+02,  3.897731e+01
  2.308824e+02,  3.995847e+01
  2.051421e+02,  4.088819e+01
  1.779692e+02,  4.174991e+01
  1.495249e+02,  4.251295e+01
  1.199808e+02,  4.311372e+01
  8.952097e+01,  4.339730e+01
  5.835024e+01,  4.286773e+01
  2.677321e+01,  3.865763e+01
  7.255477e+00,  2.670347e+02
  3.827005e+01,  2.368438e+02
  7.037505e+01,  2.347491e+02
  1.022913e+02,  2.345673e+02
  1.337573e+02,  2.349240e+02
  1.645533e+02,  2.355038e+02
  1.944686e+02,  2.361953e+02
  2.232966e+02,  2.369486e+02
  2.508340e+02,  2.377379e+02
  2.769021e+02,  2.385472e+02
  3.014097e+02,  2.393623e+02
  3.242906e+02,  2.401725e+02
  3.454816e+02,  2.409700e+02
  3.649232e+02,  2.417486e+02
  3.825596e+02,  2.425036e+02
  3.983395e+02,  2.432309e+02
  4.122161e+02,  2.439275e+02
  4.241478e+02,  2.445906e+02
  4.340992e+02,  2.452182e+02
  4.420415e+02,  2.458091e+02
  4.479532e+02,  2.463623e+02
  4.518212e+02,  2.468776e+02
  4.536416e+02,  2.473554e+02
  4.534199e+02,  2.477965e+02
  4.511723e+02,  2.482026e+02
  4.469259e+02,  2.485759e+02
  4.407189e+02,  2.489191e+02
  4.326015e+02,  2.492357e+02
  4.226353e+02,  2.495300e+02
  4.108940e+02,  2.498069e+02
  3.974627e+02,  2.500721e+02
  3.824377e+02,  2.503323e+02
  3.659267e+02,  2.505955e+02
  3.480475e+02,  2.508710e+02
  3.289224e+02,  2.511698e+02
  3.086599e+02,  2.515060e+02
  2.873716e+02,  2.518970e+02
  2.651777e+02,  2.523651e+02
  2.422070e+02,  2.529402e+02
  2.185968e+02,  2.536633e+02
  1.944938e+02,  2.545943e+02
  1.700571e+02,  2.558249e+02
  1.454638e+02,  2.575043e+02
  1.209227e+02,  2.598947e+02
  9.670948e+01,  2.635023e+02
  7.326627e+01,  2.694293e+02
  5.154130e+01,  2.804469e+02
  3.434183e+01,  3.039896e+02
  2.952001e+01,  3.468160e+02
  4.054339e+01,  2.085450e+01
  5.819205e+01,  3.688369e+01
  7.727350e+01,  4.501458e+01
  9.621022e+01,  4.984338e+01
  1.144110e+02,  5.308947e+01
  1.315818e+02,  5.549039e+01
  1.475426e+02,  5.740917e+01
  1.621691e+02,  5.904584e+01
  1.753708e+02,  6.052163e+01
  1.870819e+02,  6.191662e+01
  1.972581e+02,  6.328551e+01
  2.058728e+02,  6.466006e+01
  2.129162e+02,  6.606416e+01
  2.183949e+02,  6.751924e+01
  2.223331e+02,  6.904568e+01
  2.247722e+02,  7.066382e+01
  2.257715e+02,  7.239477e+01
  2.254089e+02,  7.426099e+01
  2.237814e+02,  7.628675e+01
  2.210053e+02,  7.849848e+01
  2.172174e+02,  8.092493e+01
  2.125752e+02,  8.359702e+01
  2.072574e+02,  8.654726e+01
  2.014639e+02,  8.980854e+01
  1.954146e+02,  9.341194e+01
  1.893471e+02,  9.738333e+01
  1.835115e+02,  1.017386e+02
  1.781618e+02,  1.064777e+02
  1.735432e+02,  1.115780e+02
  1.698748e+02,  1.169896e+02
  1.673298e+02,  1.226331e+02
  1.660159e+02,  1.284039e+02
  1.659611e+02,  1.341823e+02
  1.671086e+02,  1.398481e+02
  1.693221e+02,  1.452950e+02
  1.724158e+02,  1.504425e+02
  1.762158e+02,  1.552386e+02
  1.805384e+02,  1.596542e+02
  1.851897e+02,  1.636787e+02
  1.899766e+02,  1.673167e+02
  1.947151e+02,  1.705833e+02
  1.992357e+02,  1.735004e+02
  2.033859e+02,  1.760931e+02
  2.070324e+02,  1.783875e+02
  2.100604e+02,  1.804093e+02
  2.123743e+02,  1.821829e+02
  2.138964e+02,  1.837304e+02
  2.145659e+02,  1.850720e+02
  2.143385e+02,  1.862256e+02
  2.131849e+02,  1.872069e+02
  2.110901e+02,  1.880297e+02
  2.080522e+02,  1.887057e+02
  2.040819e+02,  1.892452e+02
  1.992010e+02,  1.896565e+02
  1.934420e+02,  1.899468e+02
  1.868471e+02,  1.901214e+02
  1.794673e+02,  1.901846e+02
  1.713614e+02,  1.901392e+02
  1.625956e+02,  1.899863e+02
  1.532422e+02,  1.897256e+02
  1.433739e+02,  1.893563e+02
  1.330468e+02,  1.888819e+02
  1.223146e+02,  1.883068e+02
  1.112324e+02,  1.876348e+02
  9.985634e+01,  1.868697e+02
  8.824198e+01,  1.860150e+02
  7.644406e+01,  1.850748e+02
  6.451554e+01,  1.840539e+02
  5.250694e+01,  1.829597e+02
  4.046583e+01,  1.818062e+02
  2.843632e+01,  1.806277e+02
  1.645883e+01,  1.795533e+02
  4.572021e+00,  1.800294e+02
  7.207516e+00,  3.540755e+02
  1.883060e+01,  3.535034e+02
  3.028651e+01,  3.520484e+02
  4.155593e+01,  3.503832e+02
  5.262492e+01,  3.485995e+02
  6.348355e+01,  3.467258e+02
  7.412552e+01,  3.447755e+02
  8.454754e+01,  3.427568e+02
  9.474888e+01,  3.406761e+02
  1.047307e+02,  3.385389e+02
  1.144953e+02,  3.363504e+02
  1.240457e+02,  3.341156e+02
  1.333876e+02,  3.318437e+02
  1.425343e+02,  3.295599e+02
  1.514898e+02,  3.272891e+02
  1.602452e+02,  3.250518e+02
  1.687779e+02,  3.228651e+02
  1.770526e+02,  3.207427e+02
  1.850216e+02,  3.186960e+02
  1.926262e+02,  3.167338e+02
  1.997977e+02,  3.148631e+02
  2.064593e+02,  3.130890e+02
  2.125274e+02,  3.114157e+02
  2.179131e+02,  3.098462e+02
  2.225241e+02,  3.083831e+02
  2.262659e+02,  3.070286e+02
  2.290438e+02,  3.057853e+02
  2.307641e+02,  3.046562e+02
  2.313356e+02,  3.036454e+02
  2.306711e+02,  3.027585e+02
  2.286887e+02,  3.020033e+02
  2.253133e+02,  3.013906e+02
  2.204784e+02,  3.009357e+02
  2.141275e+02,  3.006600e+02
  2.062169e+02,  3.005937e+02
  1.967184e+02,  3.007800e+02
  1.856246e+02,  3.012816e+02
  1.729706e+02,  3.021855e+02
  1.588876e+02,  3.035954e+02
  1.435706e+02,  3.056701e+02
  1.272880e+02,  3.086689e+02
  1.104315e+02,  3.130250e+02
  9.362175e+01,  3.194758e+02
  7.793000e+01,  3.292511e+02
  6.528595e+01,  3.440575e+02
  5.875609e+01,  4.615927e+00
  6.111589e+01,  2.722301e+01
  7.191193e+01,  4.581747e+01
  8.824226e+01,  5.866757e+01
  1.075662e+02,  6.721750e+01
  1.283517e+02,  7.304669e+01
  1.497038e+02,  7.718162e+01
  1.710505e+02,  8.023058e+01
  1.919818e+02,  8.255648e+01
  2.121727e+02,  8.438313e+01
  2.313467e+02,  8.585381e+01
  2.492563e+02,  8.706368e+01
  2.656740e+02,  8.807798e+01
  2.803864e+02,  8.894281e+01
  2.931919e+02,  8.969165e+01
  3.038993e+02,  9.034947e+01
  3.123267e+02,  9.093540e+01
  3.183358e+02,  9.146464e+01
  3.219343e+02,  9.194962e+01
  3.231732e+02,  9.240054e+01
  3.221132e+02,  9.282624e+01
  3.188246e+02,  9.323493e+01
  3.133876e+02,  9.363473e+01
  3.058925e+02,  9.403425e+01
  2.964398e+02,  9.444313e+01
  2.851406e+02,  9.487279e+01
  2.721163e+02,  9.533723e+01
  2.574995e+02,  9.585434e+01
  2.414343e+02,  9.644767e+01
  2.240766e+02,  9.714919e+01
  2.055958e+02,  9.800370e+01
  1.861770e+02,  9.907607e+01
  1.660250e+02,  1.004639e+02
  1.453727e+02,  1.023201e+02
  1.244980e+02,  1.048973e+02
  1.037607e+02,  1.086356e+02
  8.368726e+01,  1.143513e+02
  6.518445e+01,  1.236245e+02
  5.005841e+01,  1.393154e+02
  4.175287e+01,  1.639945e+02
  4.356668e+01,  1.917536e+02
  5.363497e+01,  2.118712e+02
  6.754085e+01,  2.236825e+02
  8.265517e+01,  2.305425e+02
  9.784040e+01,  2.346714e+02
  1.125937e+02,  2.372157e+02
  1.266730e+02,  2.387758e+02
  1.399531e+02,  2.396857e+02
  1.523664e+02,  2.401432e+02
  1.638768e+02,  2.402722e+02
  1.744664e+02,  2.401541e+02
  1.841292e+02,  2.398452e+02
  1.928673e+02,  2.393858e+02
  2.006884e+02,  2.388064e+02
  2.076046e+02,  2.381306e+02
  2.136312e+02,  2.373782e+02
  2.187865e+02,  2.365658e+02
  2.230906e+02,  2.357089e+02
  2.265654e+02,  2.348217e+02
  2.292343e+02,  2.339186e+02
  2.311218e+02,  2.330142e+02
  2.322536e+02,  2.321239e+02
  2.326565e+02,  2.312644e+02
  2.323586e+02,  2.304541e+02
  2.313901e+02,  2.297133e+02
  2.297837e+02,  2.290650e+02
  2.275762e+02,  2.285356e+02
  2.247913e+02,  2.281493e+02
  2.213883e+02,  2.279133e+02
  2.173203e+02,  2.278314e+02
  2.125547e+02,  2.279107e+02
  2.070724e+02,  2.281611e+02
  2.008686e+02,  2.285972e+02
  1.939535e+02,  2.292383e+02
  1.863529e+02,  2.301105e+02
  1.781100e+02,  2.312479e+02
  1.692871e+02,  2.326948e+02
  1.599691e+02,  2.345092e+02
  1.502674e+02,  2.367657e+02
  1.403270e+02,  2.395600e+02
  1.303349e+02,  2.430131e+02
  1.205323e+02,  2.472732e+02
  1.112290e+02,  2.525107e+02
  1.028166e+02,  2.588965e+02
  9.576916e+01,  2.665500e+02
  9.061355e+01,  2.754485e+02
  8.784398e+01,  2.853239e+02
  8.778796e+01,  2.956367e+02
  9.048808e+01,  3.057098e+02
  9.568812e+01,  3.149679e+02
  1.029342e+02,  3.230982e+02
  1.117112e+02,  3.300474e+02
  1.215442e+02,  3.359131e+02
  1.320391e+02,  3.408207e+02
  1.428516e+02,  3.449070e+02
  1.536815e+02,  3.483043e+02
  1.642702e+02,  3.511285e+02
  1.743950e+02,  3.534758e+02
  1.838639e+02,  3.554243e+02
  1.925115e+02,  3.570362e+02
  2.001958e+02,  3.583610e+02
  2.067954e+02,  3.594370e+02
  2.122083e+02,  2.942188e-01
  2.163502e+02,  9.550771e-01
  2.191538e+02,  1.435891e+00
  2.205682e+02,  1.747406e+00
  2.205583e+02,  1.895179e+00
  2.191049e+02,  1.879620e+00
  2.162042e+02,  1.695685e+00
  2.118687e+02,  1.332164e+00
  2.061270e+02,  7.704599e-01
  1.990260e+02,  3.599827e+02
  1.906324e+02,  3.589286e+02
  1.810365e+02,  3.575516e+02
  1.703584e+02,  3.557717e+02
  1.587579e+02,  3.534763e+02
  1.464509e+02,  3.505060e+02
  1.337346e+02,  3.466450e+02
  1.210105e+02,  3.416357e+02
  1.088147e+02,  3.351508e+02
  9.786712e+01,  3.268152e+02
  8.910234e+01,  3.163366e+02
  8.359423e+01,  3.038053e+02
  8.225876e+01,  2.900324e+02
  8.541163e+01,  2.764385e+02
  9.258935e+01,  2.643117e+02
  1.028485e+02,  2.542161e+02
  1.151948e+02,  2.460776e+02
  1.288101e+02,  2.395484e+02
  1.430873e+02,  2.342522e+02
  1.575906e+02,  2.298748e+02
  1.720078e+02,  2.261765e+02
  1.861143e+02,  2.229798e+02
  1.997488e+02,  2.201538e+02
  2.127974e+02,  2.176006e+02
  2.251844e+02,  2.152462e+02
  2.368656e+02,  2.130331e+02
  2.478244e+02,  2.109159e+02
  2.580690e+02,  2.088578e+02
  2.676303e+02,  2.068286e+02
  2.765600e+02,  2.048031e+02
  2.849297e+02,  2.027604e+02
  2.928312e+02,  2.006868e+02
  3.003743e+02,  1.985869e+02
  3.076676e+02,  1.964705e+02
  3.148118e+02,  1.943484e+02
  3.218971e+02,  1.922326e+02
  3.290012e+02,  1.901355e+02
  3.361868e+02,  1.880702e+02
  3.435007e+02,  1.860494e+02
  3.509721e+02,  1.840856e+02
  3.586126e+02,  1.821905e+02
  3.664156e+02,  1.803744e+02
  3.743571e+02,  1.786464e+02
  3.823964e+02,  1.770135e+02
  3.904772e+02,  1.754814e+02
  3.985289e+02,  1.740536e+02
  4.064682e+02,  1.727320e+02
  4.142006e+02,  1.715170e+02
  4.216217e+02,  1.704074e+02
  4.286189e+02,  1.694006e+02
  4.350725e+02,  1.684933e+02
  4.408574e+02,  1.676811e+02
  4.458437e+02,  1.669591e+02
  4.498985e+02,  1.663220e+02
  4.528866e+02,  1.657643e+02
  4.546720e+02,  1.652803e+02
  4.551313e+02,  1.648637e+02
  4.541947e+02,  1.645049e+02
  4.518091e+02,  1.641938e+02
  4.479271e+02,  1.639213e+02
  4.425075e+02,  1.636787e+02
  4.355165e+02,  1.634579e+02
  4.269290e+02,  1.632513e+02
  4.167293e+02,  1.630514e+02
  4.049120e+02,  1.628512e+02
  3.914831e+02,  1.626433e+02
  3.764605e+02,  1.624202e+02
  3.598746e+02,  1.621738e+02
  3.417684e+02,  1.618948e+02
  3.221983e+02,  1.615722e+02
  3.012339e+02,  1.611919e+02
  2.789579e+02,  1.607357e+02
  2.554667e+02,  1.601781e+02
  2.308707e+02,  1.594819e+02
  2.052955e+02,  1.585904e+02
  1.788848e+02,  1.574116e+02
  1.518079e+02,  1.557854e+02
  1.242774e+02,  1.534074e+02
  9.660030e+01,  1.496258e+02
  6.934967e+01,  1.427874e+02
  4.413718e+01,  1.276290e+02
  2.796230e+01,  8.723195e+01
  3.616152e+01,  3.531503e+01
  5.902882e+01,  1.364122e+01
  8.504994e+01,  4.738578e+00
  1.115334e+02,  1.345101e-01
  1.376702e+02,  3.573661e+02
  1.630695e+02,  3.555351e+02
  1.874695e+02,  3.542445e+02
  2.106596e+02,  3.532937e+02
  2.324543e+02,  3.525707e+02
  2.526827e+02,  3.520082e+02
  2.711848e+02,  3.515633e+02
  2.878093e+02,  3.512076e+02
  3.024136e+02,  3.509212e+02
  3.148641e+02,  3.506902e+02
  3.250362e+02,  3.505045e+02
  3.328155e+02,  3.503568e+02
  3.380979e+02,  3.502417e+02
  3.407855e+02,  3.501558e+02
  3.407252e+02,  3.500970e+02
  3.370065e+02,  3.500708e+02
  3.202299e+02,  3.502175e+02
  2.037940e+02,  3.542644e+02
  6.118543e+01,  1.188601e+02
##END=
