 Goodness |  Improvement/step |  Step Size  |  Iterations  |  CPU Time
  0.1076         1.005e+00       5.868e-03          1          0.57 
  0.1136         9.557e-01       3.887e-03          2          1.00 
  0.1154         9.058e-01       3.179e-03          3          1.44 
  0.1157         8.558e-01       6.197e-03          4          2.00 
  0.1161         8.058e-01       7.286e-03          5          2.44 
  0.1440         7.572e-01       2.304e-03          6          2.87 
Had to reset conjugate gradients!
  0.1440         7.072e-01       2.439e-03          7          3.30 
  0.1877         6.594e-01       2.686e-03          8          3.73 
  0.2315         6.116e-01       1.937e-03          9          4.17 
  0.2524         5.626e-01       2.342e-03         10          4.60 
  0.2707         5.135e-01       2.188e-03         11          5.04 
  0.3001         4.650e-01       2.058e-03         12          5.47 
  0.3162         4.158e-01       2.635e-03         13          6.04 
  0.3620         3.681e-01       8.333e-04         14          6.47 
  0.3768         3.188e-01       1.060e-03         15          6.90 
  0.4013         2.701e-01       1.303e-03         16          7.33 
  0.4074         2.204e-01       1.982e-03         17          7.89 
  0.4112         1.706e-01       2.134e-03         18          8.33 
  0.4169         1.208e-01       1.746e-03         19          8.76 
  0.4207         7.104e-02       2.124e-03         20          9.19 
  0.4237         1.580e-02       2.494e-03         21          9.62 
  0.4270         1.567e-02       2.799e-03         22         10.06 
  0.4349         1.597e-02       2.190e-03         23         10.49 
  0.4455         1.649e-02       1.648e-03         24         10.92 
  0.4512         1.675e-02       2.321e-03         25         11.49 
  0.4593         1.577e-02       1.724e-03         26         11.92 
  0.4642         1.601e-02       1.745e-03         27         12.35 
  0.4695         1.409e-02       1.775e-03         28         12.79 
  0.4747         1.216e-02       1.558e-03         29         13.22 
  0.4792         1.134e-02       2.001e-03         30         13.65 
  0.4840         1.067e-02       2.126e-03         31         14.08 
  0.4889         9.443e-03       1.812e-03         32         14.52 
  0.4923         8.803e-03       1.845e-03         33         14.95 
  0.4948         6.641e-03       1.556e-03         34         15.38 
  0.4964         5.979e-03       1.779e-03         35         15.82 
  0.4981         4.839e-03       1.951e-03         36         16.26 
  0.5002         4.641e-03       1.829e-03         37         16.69 
  0.5028         4.581e-03       2.187e-03         38         17.13 
  0.5061         4.458e-03       1.949e-03         39         17.57 
  0.5088         4.401e-03       1.993e-03         40         18.01 
  0.5131         4.471e-03       1.914e-03         41         18.44 
  0.5196         4.629e-03       1.887e-03         42         18.87 
  0.5264         4.573e-03       1.758e-03         43         19.31 
  0.5338         4.412e-03       1.706e-03         44         19.74 
  0.5399         4.437e-03       1.537e-03         45         20.17 
  0.5460         4.332e-03       1.513e-03         46         20.61 
  0.5502         4.299e-03       2.196e-03         47         21.18 
  0.5561         4.330e-03       1.754e-03         48         21.61 
  0.5614         4.333e-03       1.477e-03         49         22.05 
  0.5657         4.323e-03       1.666e-03         50         22.48 
  0.5713         4.364e-03       1.558e-03         51         22.92 
  0.5783         4.467e-03       1.516e-03         52         23.35 
  0.5850         4.639e-03       1.463e-03         53         23.79 
  0.5903         4.773e-03       1.338e-03         54         24.22 
  0.5962         4.989e-03       1.567e-03         55         24.65 
  0.6025         5.221e-03       1.288e-03         56         25.09 
  0.6096         5.471e-03       1.281e-03         57         25.52 
  0.6162         5.669e-03       1.427e-03         58         25.95 
  0.6212         5.755e-03       1.317e-03         59         26.39 
  0.6249         5.809e-03       1.295e-03         60         26.82 
  0.6282         5.757e-03       1.594e-03         61         27.25 
  0.6320         5.619e-03       1.427e-03         62         27.69 
  0.6347         5.415e-03       1.286e-03         63         28.12 
  0.6367         5.146e-03       1.299e-03         64         28.55 
  0.6384         4.925e-03       1.472e-03         65         28.98 
  0.6404         4.722e-03       1.523e-03         66         29.41 
  0.6421         4.594e-03       1.640e-03         67         29.84 
  0.6440         4.395e-03       1.337e-03         68         30.27 
  0.6453         4.195e-03       1.596e-03         69         30.71 
  0.6470         4.064e-03       1.568e-03         70         31.14 
  0.6481         3.839e-03       1.677e-03         71         31.57 
  0.6493         3.552e-03       1.366e-03         72         32.01 
  0.6502         3.260e-03       1.619e-03         73         32.44 
  0.6514         3.056e-03       1.629e-03         74         32.87 
  0.6526         2.819e-03       1.491e-03         75         33.31 
  0.6538         2.561e-03       1.650e-03         76         33.74 
  0.6552         2.281e-03       1.721e-03         77         34.17 
  0.6574         2.061e-03       1.502e-03         78         34.61 
  0.6590         1.890e-03       1.596e-03         79         35.04 
  0.6609         1.796e-03       1.418e-03         80         35.48 
  0.6623         1.704e-03       1.649e-03         81         35.91 
  0.6641         1.604e-03       1.645e-03         82         36.35 
  0.6661         1.571e-03       1.656e-03         83         36.78 
  0.6685         1.588e-03       1.552e-03         84         37.22 
  0.6704         1.600e-03       1.400e-03         85         37.65 
  0.6725         1.603e-03       1.530e-03         86         38.08 
  0.6742         1.607e-03       1.496e-03         87         38.52 
  0.6754         1.571e-03       1.439e-03         88         38.95 
  0.6767         1.573e-03       1.417e-03         89         39.39 
  0.6779         1.544e-03       1.465e-03         90         39.83 
  0.6789         1.540e-03       1.540e-03         91         40.32 
  0.6799         1.531e-03       1.518e-03         92         40.81 
  0.6812         1.551e-03       1.511e-03         93         41.27 
  0.6825         1.553e-03       1.324e-03         94         41.70 
  0.6833         1.533e-03       1.455e-03         95         42.17 
  0.6841         1.517e-03       1.467e-03         96         42.69 
  0.6848         1.479e-03       1.467e-03         97         43.20 
  0.6856         1.410e-03       1.405e-03         98         43.69 
  0.6862         1.363e-03       1.471e-03         99         44.20 
  0.6870         1.307e-03       1.426e-03        100         44.68 
  0.6876         1.266e-03       1.467e-03        101         45.12 
  0.6883         1.209e-03       1.318e-03        102         45.56 
  0.6887         1.131e-03       1.409e-03        103         45.99 
  0.6892         1.038e-03       1.485e-03        104         46.43 
  0.6897         9.669e-04       1.562e-03        105         46.86 
  0.6903         8.931e-04       1.416e-03        106         47.29 
  0.6909         8.352e-04       1.414e-03        107         47.73 
  0.6915         8.079e-04       1.548e-03        108         48.16 
  0.6920         7.644e-04       1.411e-03        109         48.59 
  0.6924         7.281e-04       1.350e-03        110         49.03 
  0.6928         6.980e-04       1.338e-03        111         49.46 
  0.6931         6.601e-04       1.552e-03        112         49.90 
  0.6935         6.112e-04       1.437e-03        113         50.33 
  0.6938         5.665e-04       1.497e-03        114         50.77 
  0.6942         5.484e-04       1.676e-03        115         51.20 
  0.6947         5.315e-04       1.536e-03        116         51.63 
  0.6952         5.198e-04       1.368e-03        117         52.07 
  0.6956         5.017e-04       1.438e-03        118         52.50 
  0.6961         4.915e-04       1.607e-03        119         52.93 
  0.6965         4.762e-04       1.641e-03        120         53.31 
  0.6976         4.660e-04       1.495e-03        122         54.02 
  0.6987         4.730e-04       1.662e-03        124         54.72 
  0.7001         4.892e-04       1.436e-03        126         55.51 
  0.7009         4.993e-04       1.671e-03        127         55.94 
  0.7018         5.125e-04       1.460e-03        128         56.38 
  0.7025         5.257e-04       1.453e-03        129         56.81 
  0.7031         5.343e-04       1.545e-03        130         57.24 
  0.7037         5.423e-04       1.525e-03        131         57.68 
  0.7045         5.671e-04       1.546e-03        132         58.11 
  0.7051         5.835e-04       1.600e-03        133         58.54 
  0.7059         6.052e-04       1.516e-03        134         58.98 
  0.7066         6.201e-04       1.583e-03        135         59.41 
  0.7072         6.220e-04       1.445e-03        136         59.85 
  0.7076         6.217e-04       1.489e-03        137         60.28 
  0.7081         6.260e-04       1.508e-03        138         60.71 
  0.7087         6.294e-04       1.545e-03        139         61.15 
  0.7092         6.322e-04       1.508e-03        140         61.58 
  0.7097         6.325e-04       1.452e-03        141         62.01 
  0.7103         6.364e-04       1.567e-03        142         62.44 
  0.7109         6.351e-04       1.595e-03        143         62.88 
  0.7114         6.365e-04       1.612e-03        144         63.31 
  0.7121         6.359e-04       1.644e-03        145         63.74 
  0.7127         6.275e-04       1.419e-03        146         64.17 
  0.7132         6.183e-04       1.413e-03        147         64.60 
  0.7139         6.033e-04       1.602e-03        148         65.03 
  0.7144         5.955e-04       1.542e-03        149         65.47 
  0.7149         5.902e-04       1.645e-03        150         65.90 
  0.7156         5.943e-04       1.626e-03        151         66.33 
  0.7162         5.851e-04       1.510e-03        152         66.76 
  0.7168         5.849e-04       1.651e-03        153         67.19 
  0.7175         5.827e-04       1.521e-03        154         67.62 
  0.7181         5.748e-04       1.433e-03        155         68.06 
  0.7187         5.765e-04       1.423e-03        156         68.49 
  0.7192         5.775e-04       1.528e-03        157         68.92 
  0.7197         5.776e-04       1.472e-03        158         69.36 
  0.7202         5.746e-04       1.668e-03        159         69.79 
  0.7206         5.716e-04       1.796e-03        160         70.22 
  0.7213         5.771e-04       1.613e-03        161         70.65 
  0.7221         5.883e-04       1.583e-03        162         71.08 
  0.7226         5.874e-04       1.601e-03        163         71.52 
  0.7233         5.932e-04       1.660e-03        164         71.95 
  0.7241         6.009e-04       1.718e-03        165         72.38 
  0.7248         6.049e-04       1.524e-03        166         72.81 
  0.7254         6.055e-04       1.403e-03        167         73.24 
  0.7259         6.000e-04       1.534e-03        168         73.67 
  0.7264         5.997e-04       1.662e-03        169         74.11 
  0.7271         6.085e-04       1.546e-03        170         74.54 
  0.7277         6.048e-04       1.561e-03        171         74.97 
  0.7283         6.047e-04       1.540e-03        172         75.41 
  0.7288         5.988e-04       1.467e-03        173         75.86 
  0.7293         5.874e-04       1.504e-03        174         76.32 
  0.7298         5.825e-04       1.502e-03        175         76.75 
  0.7303         5.802e-04       1.510e-03        176         77.18 
  0.7309         5.840e-04       1.402e-03        177         77.62 
  0.7313         5.804e-04       1.539e-03        178         78.05 
  0.7317         5.772e-04       1.694e-03        179         78.48 
  0.7323         5.818e-04       1.491e-03        180         78.91 
  0.7327         5.724e-04       1.386e-03        181         79.35 
  0.7331         5.510e-04       1.443e-03        182         79.78 
  0.7335         5.441e-04       1.424e-03        183         80.21 
  0.7338         5.272e-04       1.677e-03        184         80.65 
  0.7343         5.099e-04       1.707e-03        185         81.08 
  0.7348         4.999e-04       1.775e-03        186         81.51 
  0.7353         4.980e-04       1.589e-03        187         81.95 
  0.7358         4.975e-04       1.437e-03        188         82.38 
  0.7364         4.972e-04       1.679e-03        189         82.81 
  0.7372         5.041e-04       1.657e-03        190         83.25 
  0.7381         5.207e-04       1.449e-03        191         83.68 
  0.7387         5.217e-04       1.706e-03        192         84.12 
  0.7394         5.288e-04       1.436e-03        193         84.55 
  0.7400         5.366e-04       1.472e-03        194         84.98 
  0.7407         5.455e-04       1.519e-03        195         85.41 
  0.7414         5.562e-04       1.325e-03        196         85.84 
  0.7420         5.573e-04       1.429e-03        197         86.28 
  0.7426         5.623e-04       1.514e-03        198         86.71 
  0.7433         5.806e-04       1.536e-03        199         87.14 
  0.7439         5.817e-04       1.638e-03        200         87.57 
  0.7445         5.901e-04       1.420e-03        201         88.00 
  0.7450         5.972e-04       1.243e-03        202         88.44 
  0.7454         5.938e-04       1.571e-03        203         88.87 
  0.7459         6.057e-04       1.412e-03        204         89.30 
  0.7464         6.068e-04       1.533e-03        205         89.73 
  0.7469         6.044e-04       1.606e-03        206         90.16 
  0.7475         6.073e-04       1.483e-03        207         90.59 
  0.7486         6.135e-04       1.551e-03        209         91.32 
  0.7503         6.093e-04       1.393e-03        211         92.02 
  0.7519         6.267e-04       1.580e-03        213         92.73 
  0.7538         6.566e-04       1.471e-03        215         93.43 
  0.7553         6.654e-04       1.466e-03        217         94.14 
  0.7571         6.888e-04       1.394e-03        219         94.84 
  0.7590         7.233e-04       1.657e-03        221         95.55 
  0.7610         7.813e-04       1.542e-03        223         96.25 
  0.7634         8.516e-04       1.265e-03        225         96.96 
  0.7657         9.117e-04       1.457e-03        227         97.66 
  0.7681         9.748e-04       1.434e-03        229         98.37 
  0.7698         9.767e-04       1.548e-03        231         99.07 
  0.7716         9.832e-04       1.477e-03        233         99.78 
  0.7734         9.806e-04       1.666e-03        235         100.49 
  0.7757         1.020e-03       1.400e-03        237         101.19 
  0.7777         1.028e-03       1.211e-03        239         101.91 
  0.7792         1.011e-03       1.437e-03        241         102.61 
  0.7810         1.000e-03       1.398e-03        243         103.39 
  0.7820         9.940e-04       1.401e-03        244         103.82 
  0.7829         9.715e-04       1.461e-03        245         104.26 
  0.7839         9.614e-04       1.292e-03        246         104.69 
  0.7850         9.630e-04       1.232e-03        247         105.13 
  0.7859         9.471e-04       1.398e-03        248         105.56 
  0.7870         9.430e-04       1.471e-03        249         105.99 
  0.7884         9.671e-04       1.288e-03        250         106.42 
  0.7897         9.972e-04       1.442e-03        251         106.86 
  0.7914         1.037e-03       1.554e-03        252         107.29 
  0.7933         1.087e-03       1.269e-03        253         107.72 
  0.7959         1.166e-03       1.222e-03        254         108.15 
  0.7981         1.234e-03       1.441e-03        255         108.58 
  0.8008         1.306e-03       1.310e-03        256         109.02 
  0.8038         1.406e-03       1.340e-03        257         109.45 
  0.8074         1.535e-03       1.307e-03        258         109.88 
  0.8109         1.662e-03       1.340e-03        259         110.31 
  0.8135         1.754e-03       1.166e-03        260         110.74 
  0.8161         1.846e-03       1.265e-03        261         111.18 
  0.8187         1.932e-03       1.229e-03        262         111.61 
  0.8210         1.997e-03       1.278e-03        263         112.04 
  0.8240         2.100e-03       1.448e-03        264         112.47 
  0.8267         2.193e-03       1.514e-03        265         112.90 
  0.8299         2.299e-03       1.409e-03        266         113.33 
  0.8332         2.412e-03       1.327e-03        267         113.77 
  0.8361         2.511e-03       1.359e-03        268         114.20 
  0.8387         2.584e-03       1.292e-03        269         114.63 
  0.8414         2.650e-03       1.300e-03        270         115.06 
  0.8443         2.726e-03       1.259e-03        271         115.49 
  0.8478         2.822e-03       1.229e-03        272         115.92 
  0.8509         2.879e-03       1.288e-03        273         116.36 
  0.8540         2.904e-03       1.328e-03        274         116.79 
  0.8572         2.954e-03       1.330e-03        275         117.22 
  0.8613         3.024e-03       1.284e-03        276         117.65 
  0.8644         3.030e-03       1.305e-03        277         118.08 
  0.8688         3.070e-03       1.307e-03        278         118.52 
  0.8731         3.112e-03       1.029e-03        279         118.95 
  0.8763         3.140e-03       1.251e-03        280         119.38 
  0.8793         3.158e-03       1.301e-03        281         119.82 
  0.8828         3.206e-03       1.115e-03        282         120.25 
  0.8856         3.234e-03       1.189e-03        283         120.68 
  0.8886         3.232e-03       1.132e-03        284         121.11 
  0.8910         3.212e-03       1.099e-03        285         121.55 
  0.8929         3.150e-03       1.171e-03        286         121.98 
  0.8953         3.104e-03       1.262e-03        287         122.41 
  0.8979         3.091e-03       1.146e-03        288         122.84 
  0.9001         3.074e-03       1.022e-03        289         123.27 
  0.9019         3.026e-03       1.052e-03        290         123.71 
  0.9039         2.980e-03       1.185e-03        291         124.14 
  0.9063         2.924e-03       1.107e-03        292         124.57 
  0.9083         2.867e-03       1.087e-03        293         125.00 
  0.9103         2.817e-03       1.130e-03        294         125.43 
  0.9129         2.783e-03       1.033e-03        295         125.87 
  0.9146         2.666e-03       9.989e-04        296         126.30 
  0.9166         2.611e-03       1.100e-03        297         126.73 
  0.9190         2.506e-03       1.126e-03        298         127.16 
  0.9217         2.428e-03       9.756e-04        299         127.60 
  0.9239         2.382e-03       1.015e-03        300         128.03 
  0.9262         2.346e-03       1.027e-03        301         128.46 
  0.9278         2.250e-03       9.633e-04        302         128.89 
  0.9299         2.213e-03       1.035e-03        303         129.32 
  0.9317         2.152e-03       1.024e-03        304         129.75 
  0.9332         2.113e-03       1.050e-03        305         130.19 
  0.9347         2.094e-03       9.842e-04        306         130.62 
  0.9364         2.056e-03       1.123e-03        307         131.05 
  0.9388         2.044e-03       1.022e-03        308         131.48 
  0.9405         2.020e-03       9.395e-04        309         131.91 
  0.9421         2.010e-03       9.471e-04        310         132.34 
  0.9435         1.980e-03       1.025e-03        311         132.78 
  0.9447         1.919e-03       9.902e-04        312         133.21 
  0.9461         1.891e-03       9.710e-04        313         133.64 
  0.9475         1.862e-03       9.919e-04        314         134.07 
  0.9488         1.797e-03       9.191e-04        315         134.51 
  0.9500         1.767e-03       1.187e-03        316         134.94 
  0.9517         1.754e-03       9.593e-04        317         135.37 
  0.9529         1.699e-03       9.105e-04        318         135.80 
  0.9541         1.620e-03       9.559e-04        319         136.23 
  0.9551         1.560e-03       1.005e-03        320         136.67 
  0.9563         1.503e-03       9.757e-04        321         137.10 
  0.9575         1.483e-03       1.065e-03        322         137.53 
  0.9591         1.460e-03       1.078e-03        323         137.96 
  0.9605         1.440e-03       8.988e-04        324         138.39 
  0.9617         1.425e-03       8.873e-04        325         138.83 
  0.9627         1.398e-03       9.839e-04        326         139.26 
  0.9638         1.371e-03       9.791e-04        327         139.69 
  0.9649         1.303e-03       8.701e-04        328         140.12 
  0.9656         1.252e-03       1.024e-03        329         140.56 
  0.9665         1.220e-03       1.032e-03        330         140.99 
  0.9674         1.197e-03       9.002e-04        331         141.42 
  0.9683         1.178e-03       9.445e-04        332         141.85 
  0.9691         1.151e-03       9.381e-04        333         142.28 
  0.9698         1.115e-03       8.243e-04        334         142.72 
  0.9703         1.078e-03       1.080e-03        335         143.15 
  0.9710         1.050e-03       1.103e-03        336         143.58 
  0.9718         1.006e-03       9.587e-04        337         144.01 
  0.9725         9.803e-04       8.519e-04        338         144.44 
  0.9731         9.532e-04       1.008e-03        339         144.87 
  0.9737         9.307e-04       1.012e-03        340         145.31 
  0.9752         8.837e-04       9.701e-04        342         146.02 
  0.9763         7.926e-04       9.130e-04        344         146.73 
  0.9773         7.276e-04       1.009e-03        346         147.44 
  0.9784         6.772e-04       9.497e-04        348         148.14 
  0.9794         6.469e-04       1.014e-03        350         148.85 
  0.9799         6.240e-04       9.365e-04        351         149.23 
  0.9803         6.024e-04       9.868e-04        352         149.66 
  0.9808         5.830e-04       9.398e-04        353         150.09 
  0.9812         5.684e-04       9.310e-04        354         150.53 
  0.9816         5.627e-04       9.992e-04        355         150.96 
  0.9821         5.554e-04       1.134e-03        356         151.39 
  0.9828         5.469e-04       9.929e-04        357         151.82 
  0.9833         5.375e-04       9.790e-04        358         152.26 
  0.9838         5.310e-04       9.232e-04        359         152.69 
  0.9842         5.212e-04       9.110e-04        360         153.12 
  0.9846         5.044e-04       8.593e-04        361         153.56 
  0.9849         4.845e-04       9.540e-04        362         153.99 
  0.9852         4.644e-04       9.712e-04        363         154.42 
  0.9855         4.579e-04       1.043e-03        364         154.85 
  0.9858         4.523e-04       9.995e-04        365         155.28 
  0.9862         4.453e-04       9.207e-04        366         155.72 
  0.9864         4.303e-04       8.665e-04        367         156.15 
  0.9867         4.126e-04       9.966e-04        368         156.58 
  0.9869         3.985e-04       9.714e-04        369         157.01 
  0.9872         3.893e-04       1.018e-03        370         157.45 
  0.9876         3.830e-04       9.838e-04        371         157.88 
  0.9878         3.727e-04       9.865e-04        372         158.32 
  0.9880         3.639e-04       1.075e-03        373         158.75 
  0.9884         3.582e-04       9.164e-04        374         159.19 
  0.9887         3.546e-04       9.482e-04        375         159.62 
  0.9890         3.452e-04       9.232e-04        376         160.05 
  0.9893         3.254e-04       9.898e-04        377         160.48 
  0.9896         3.141e-04       1.017e-03        378         160.92 
  0.9899         3.068e-04       9.552e-04        379         161.35 
  0.9902         3.007e-04       9.717e-04        380         161.78 
  0.9905         2.942e-04       8.509e-04        381         162.21 
  0.9907         2.902e-04       8.752e-04        382         162.64 
  0.9908         2.830e-04       9.223e-04        383         163.08 
  0.9911         2.778e-04       1.072e-03        384         163.51 
  0.9913         2.730e-04       1.060e-03        385         163.94 
  0.9915         2.677e-04       9.137e-04        386         164.37 
  0.9917         2.622e-04       9.304e-04        387         164.80 
  0.9918         2.583e-04       9.569e-04        388         165.24 
  0.9920         2.524e-04       9.569e-04        389         165.67 
  0.9921         2.455e-04       8.931e-04        390         166.10 
  0.9923         2.357e-04       9.608e-04        391         166.53 
  0.9924         2.319e-04       9.883e-04        392         166.97 
  0.9926         2.265e-04       9.496e-04        393         167.40 
  0.9927         2.159e-04       1.098e-03        394         167.84 
  0.9929         2.085e-04       9.825e-04        395         168.27 
  0.9930         2.008e-04       9.706e-04        396         168.71 
  0.9932         1.940e-04       9.296e-04        397         169.14 
  0.9933         1.871e-04       9.233e-04        398         169.57 
  0.9935         1.786e-04       9.037e-04        399         170.01 
  0.9936         1.701e-04       9.308e-04        400         170.44 
  0.9937         1.610e-04       9.790e-04        401         170.87 
  0.9938         1.563e-04       1.047e-03        402         171.31 
  0.9939         1.533e-04       9.081e-04        403         171.74 
  0.9940         1.469e-04       9.585e-04        404         172.17 
  0.9941         1.394e-04       9.438e-04        405         172.61 
  0.9942         1.317e-04       9.655e-04        406         173.04 
  0.9942         1.276e-04       9.820e-04        407         173.47 
  0.9943         1.251e-04       1.007e-03        408         173.90 
  0.9944         1.235e-04       9.553e-04        409         174.34 
  0.9945         1.194e-04       9.848e-04        410         174.77 
  0.9946         1.168e-04       1.048e-03        411         175.21 
  0.9947         1.137e-04       1.027e-03        412         175.64 
  0.9948         1.112e-04       9.792e-04        413         176.07 
  0.9949         1.090e-04       9.353e-04        414         176.51 
  0.9949         1.042e-04       8.691e-04        415         176.94 
  0.9950         9.925e-05       9.677e-04        416         177.37 
  0.9951         9.417e-05       1.000e-03        417         177.80 

Found pulse of desired fidelity!
