basic	C12456790	C12456790	-20696.0000	C1;C2;C4;C5;C6;C7	0.250000;0.250000;0.250000;0.250000;0.250000;0.250000	1.0000e-03	17	157.08
	zi	-0.2556	-0.1831	-0.1019	0.2311	-0.1403	0.4213	-0.3932	
	zt	0.2345	0.4705	-0.1019	0.4525	0.3720	0.1762	0.4219	
#pred.:	z	-0.0210	0.2872	-0.2039	-0.3166	0.2319	-0.4025	0.0290	
	zzi	0.0129	-0.0006	0.0000	-0.0003	0.0014	0.0003	
		0.0089	0.0001	0.0006	-0.0004	0.0074	
		-0.0000	0.0003	-0.0000	0.0002	
		0.0068	-0.0007	0.0055	
		0.0084	-0.0052	
		0.0079	
	zzt	0.0150	-0.0006	0.0000	-0.0003	0.0015	0.0004	
		0.0100	0.0001	0.0007	-0.0004	0.0113	
		-0.0000	0.0003	-0.0000	0.0003	
		0.0092	-0.0009	0.0074	
		0.0083	-0.0051	
		0.0090	
	errs	0.001	0.000	0.000	0.000	0.000	0.000	
		0.001	0.000	0.000	0.000	0.001	
		0.000	0.000	0.000	0.001	
		0.000	0.000	0.001	
		0.000	0.000	
		0.001	
		
end
