basic	C2180	C2180.txt	-20696.0000	C2	0.500000	2.0000e-03	6	157.08
	zi	-0.0228	0.0000	-0.2292	-0.3609	0.2488	-0.3841	0.0585	
	zt	-0.0228	-0.3920	-0.2292	-0.3609	0.2488	-0.3841	0.0585	
#pred.:	z	-0.0456	-0.0000	-0.4576	0.2795	0.4973	0.2340	0.1174	
	zzi	-0.0000	-0.0010	0.0000	0.0006	0.0028	-0.0007	
		-0.0000	-0.0000	-0.0000	-0.0000	-0.0000	
		-0.0000	-0.0005	-0.0000	0.0005	
		0.0164	-0.0016	0.0144	
		0.0166	0.0109	
		0.0172	
	zzt	0.0000	-0.0010	0.0000	0.0006	0.0028	-0.0007	
		0.0000	-0.0000	-0.0000	-0.0000	0.0000	
		-0.0000	-0.0005	-0.0000	0.0005	
		0.0164	-0.0016	0.0144	
		0.0166	0.0109	
		0.0172	
	errs	0.004	0.000	0.000	0.000	0.000	0.000	
		0.002	0.001	0.001	0.001	0.002	
		0.000	0.000	0.000	0.000	
		0.000	0.000	0.000	
		0.000	0.000	
		0.000	
		
end
