basic	C390	Gausstest	-6245.1668	C3	0.250000	1.0000e-03	2	62.8
	zi	-0.0116	-0.3976	0.0000	-0.1723	0.1252	-0.1923	0.0323	
	zt	-0.0116	-0.3976	-0.2464	-0.1723	0.1252	-0.1923	0.0323	
#pred.:	z	-0.0225	0.2048	-0.2448	-0.3431	0.2504	-0.3827	0.0647	
	zzi	0.0143	-0.0006	0.0000	-0.0003	0.0014	0.0004	
		0.0096	0.0001	0.0007	-0.0004	0.0093	
		-0.0000	0.0003	-0.0000	0.0003	
		0.0083	-0.0007	0.0073	
		0.0083	-0.0054	
		0.0086	
	zzt	0.0143	-0.0006	0.0000	-0.0003	0.0014	0.0004	
		0.0096	0.0001	0.0007	-0.0004	0.0093	
		-0.0000	0.0003	-0.0000	0.0003	
		0.0083	-0.0007	0.0073	
		0.0083	-0.0054	
		0.0086	
	errs	0.000	0.000	0.000	0.000	0.000	0.000	
		0.000	0.000	0.000	0.000	0.000	
		0.000	0.000	0.000	0.000	
		0.000	0.000	0.000	
		0.000	0.000	
		0.000	
		
end
