basic	C490	Gausstest	-10333.5500	C4	0.250000	1.0000e-03	7	62.8
	zi	-0.0115	-0.3750	-0.1182	0.0001	0.1235	-0.1924	0.0218	
	zt	-0.0115	-0.3750	-0.1182	-0.3349	0.1235	-0.1924	0.0218	
#pred.:	z	-0.0229	0.2500	-0.2349	-0.3332	0.2472	-0.3829	0.0438	
	zzi	0.0140	-0.0005	0.0000	-0.0003	0.0014	0.0004	
		0.0081	0.0001	0.0006	-0.0004	0.0086	
		-0.0000	0.0003	-0.0000	0.0002	
		0.0099	-0.0008	0.0081	
		0.0083	-0.0054	
		0.0085	
	zzt	0.0140	-0.0005	0.0000	-0.0003	0.0014	0.0004	
		0.0081	0.0001	0.0006	-0.0004	0.0086	
		-0.0000	0.0003	-0.0000	0.0002	
		0.0099	-0.0008	0.0081	
		0.0083	-0.0054	
		0.0085	
	errs	0.000	0.000	0.000	0.000	0.000	0.000	
		0.000	0.000	0.000	0.000	0.001	
		0.000	0.000	0.000	0.000	
		0.000	0.000	0.000	
		0.000	0.000	
		0.000	
		
end
