##TITLE= GRAPE
##JCAMP-DX= 5.00 $$ Bruker JCAMP library
##DATA TYPE= Shape Data
##ORIGIN= USTC MPHY
##OWNER= <Jing.ZHU>
##DATE= 08/08/08
##TIME= 08:08:08
##--------- GRAPE PARAMETERS --------- 
##Total_Duration_(us)= 10000
##Maximum_Amplitude_(Hz)= 2400
##------------------------------------ 
##MINX= 4.83206
##MAXX= 99.5389
##MINY= 2.73133
##MAXY= 358.761
##$SHAPE_EXMODE= None
##$SHAPE_TOTROT= 0.000000e+00
##$SHAPE_BWFAC= 0.000000e+00
##$SHAPE_INTEGFAC= 2.052226e-03
##$SHAPE_MODE= 4
##NPOINTS= 100
##XYPOINTS= (XY..XY)
2.461171e+001, 9.531996e+001
2.208801e+001, 4.256042e+001
6.261890e+001, 2.237006e+002
3.133630e+001, 2.295448e+002
9.138358e+001, 1.253329e+002
6.918511e+001, 7.896227e+001
5.102710e+001, 1.317919e+002
7.193180e+001, 1.499548e+002
6.849411e+001, 1.211390e+002
5.046034e+001, 3.578497e+002
3.973941e+001, 5.038479e+000
2.394614e+001, 2.000754e+002
7.026504e+001, 2.836218e+002
6.975728e+001, 1.073891e+002
6.238999e+001, 9.933755e+001
6.049557e+001, 2.317720e+002
1.349393e+001, 1.954768e+002
7.282280e+001, 1.664762e+002
8.836906e+001, 1.372042e+002
3.376284e+001, 2.254440e+002
6.182558e+001, 1.410886e+002
3.508106e+001, 3.587607e+002
6.832335e+001, 9.111252e+001
9.377930e+001, 2.254679e+002
6.860037e+001, 2.536437e+002
3.730662e+001, 1.884302e+002
4.688065e+001, 3.337772e+002
7.779645e+001, 3.170751e+002
8.255387e+001, 3.173221e+002
8.240890e+001, 1.213150e+002
6.441143e+001, 9.806860e+001
8.610319e+001, 1.481555e+002
4.170874e+001, 3.476681e+002
1.936157e+001, 2.112905e+002
4.150384e+001, 6.379401e+001
8.392676e+001, 3.346648e+001
3.947650e+001, 2.410847e+002
3.561066e+001, 2.451011e+001
4.832065e+000, 1.975121e+002
3.433903e+001, 2.569041e+002
8.484637e+001, 2.426934e+002
7.222805e+001, 1.351803e+002
2.429930e+001, 1.074788e+001
6.944475e+001, 1.748697e+002
6.956397e+001, 1.712607e+002
1.057349e+001, 1.622278e+002
7.651082e+001, 2.517897e+002
6.440578e+001, 1.079281e+002
7.919040e+001, 1.157577e+002
7.760195e+001, 2.619267e+002
9.261256e+001, 2.241453e+002
8.121840e+001, 3.306613e+002
9.730431e+001, 1.369626e+002
1.311391e+001, 6.326706e+001
2.291316e+001, 7.453581e+001
9.953893e+001, 2.277170e+002
7.813189e+001, 2.387502e+002
7.338211e+001, 1.036069e+002
1.250783e+001, 1.655789e+002
7.567549e+001, 3.064581e+002
7.859643e+001, 4.556354e+001
7.995264e+001, 3.081575e+001
7.961839e+001, 1.344923e+002
5.962928e+001, 2.130934e+002
6.786293e+001, 1.546651e+002
6.098252e+001, 9.932520e+001
6.164200e+001, 1.380086e+002
6.095655e+001, 2.364428e+002
5.490937e+001, 2.382834e+002
5.144310e+001, 6.977268e+001
2.556526e+001, 2.985944e+001
7.761334e+001, 2.649517e+001
1.907259e+001, 2.327681e+002
5.975347e+001, 3.372738e+002
7.770109e+001, 1.265063e+002
2.287348e+001, 1.452545e+002
4.395332e+001, 7.761217e+001
9.802694e+001, 3.143316e+002
7.404177e+001, 1.629176e+002
7.182997e+001, 1.542711e+002
8.629987e+001, 4.308828e+001
3.358610e+001, 3.280989e+002
5.200284e+001, 2.731326e+000
5.314540e+001, 4.067266e+001
7.599223e+001, 3.346927e+002
7.028880e+001, 2.540211e+002
6.734999e+001, 2.612937e+002
6.248981e+001, 2.324914e+002
4.682936e+001, 8.999645e+001
8.133808e+001, 2.110094e+002
5.961997e+001, 8.807868e+000
6.432463e+001, 1.140044e+002
5.286442e+001, 1.571152e+002
7.003395e+001, 1.175427e+002
9.363615e+001, 3.167272e+002
7.949453e+001, 2.880918e+002
4.645169e+001, 2.231835e+002
4.631102e+001, 1.255804e+002
2.382095e+001, 2.640702e+002
8.800891e+001, 4.427803e+001
##END=