##TITLE= twqubit_encoding1_Cfix1
##JCAMP-DX= 5.00 Bruker JCAMP library
##DATA TYPE= Shape Data
##ORIGIN= Colm Fixed Pulses 
##OWNER= d29lu
##DATE= 21-Apr-2015
##TIME= 19:7
##MINX= 6.826511e-02
##MAXX= 7.722530e+01
##MINY= -1.798825e+02
##MAXY= 1.799401e+02
##$SHAPE_EXMODE= None
##$SHAPE_TOTROT= 9.000000e+01
##$SHAPE_BWFAC= 1.000000e+00
##$SHAPE_INTEGFAC= 1.000000e+00
##$SHAPE_MODE= 1
##NPOINTS= 3298
##XYPOINTS= (XY..XY)
  2.715824e+00,  -4.831869e+01
  2.613066e+00,  8.740300e+01
  1.837118e+01,  9.810915e+01
  1.931570e+01,  1.617883e+02
  2.908270e+01,  -1.237170e+02
  2.576223e+01,  -7.481517e+01
  1.523296e+01,  2.042586e+01
  3.354639e+01,  9.306147e+01
  4.309124e+01,  1.120903e+02
  3.971341e+01,  8.110270e+01
  4.410861e+01,  5.703705e+01
  1.317869e+01,  1.033646e+02
  3.266932e+01,  -1.399275e+02
  3.156150e+01,  -1.142226e+02
  9.247118e+00,  -8.992521e+00
  3.329892e+01,  7.736790e+01
  3.826042e+01,  9.279042e+01
  1.872702e+01,  5.824576e+01
  2.033985e+01,  -1.349913e+01
  2.776147e+01,  -2.989804e+01
  2.756160e+01,  -5.307246e+01
  1.995234e+01,  -1.157223e+02
  1.711438e+01,  1.608880e+02
  2.861060e+01,  8.747024e+01
  3.642674e+01,  4.744117e+01
  3.081794e+01,  1.640007e+01
  5.747264e+00,  -3.074184e+00
  2.102570e+01,  -1.715560e+02
  2.401811e+01,  -1.732298e+02
  3.135726e+00,  1.272767e+02
  1.961338e+01,  1.487231e+01
  1.887455e+01,  -8.940934e+00
  2.109394e+01,  -7.048389e+01
  2.956849e+01,  -8.834552e+01
  2.029538e+01,  -7.909880e+01
  9.607346e+00,  -8.272796e+00
  1.361870e+01,  4.213998e+01
  9.528620e+00,  6.686411e+01
  6.825525e+00,  1.188380e+02
  5.377547e+00,  8.469075e+01
  1.614448e+01,  2.986394e+01
  1.975294e+01,  2.739304e+01
  6.109123e+00,  -2.796968e+01
  3.231277e+01,  -1.081167e+02
  4.416543e+01,  -8.726623e+01
  2.835539e+01,  -2.785898e+00
  4.390118e+01,  8.828687e+01
  4.401686e+01,  1.436045e+02
  1.112448e+01,  -1.481723e+02
  3.319882e+01,  -1.643937e+01
  3.278265e+01,  -5.235722e+00
  8.072844e+00,  -1.022981e+02
  2.666563e+01,  -1.688858e+02
  2.321325e+01,  1.360064e+02
  3.047295e+01,  7.902886e+01
  2.954472e+01,  4.656080e+01
  1.931532e+01,  -1.733168e+01
  3.004278e+01,  -8.209995e+01
  3.543610e+01,  -1.091040e+02
  2.707211e+01,  -1.284691e+02
  1.159311e+01,  -1.571432e+02
  6.524642e+00,  7.963408e+01
  1.447083e+01,  8.727720e+00
  2.127283e+01,  -1.430766e+01
  1.195772e+01,  -1.096232e+01
  1.143178e+01,  1.543451e+02
  3.029360e+01,  1.658870e+02
  2.253477e+01,  -1.777813e+02
  8.943697e+00,  -9.274762e+00
  3.382654e+01,  2.555641e+01
  3.077903e+01,  3.817731e+01
  7.450118e+00,  1.194040e+01
  1.756022e+01,  -8.381067e+01
  1.824618e+01,  -7.286507e+01
  2.311849e+00,  6.007678e+01
  2.356243e+01,  1.247099e+02
  2.414574e+01,  1.588728e+02
  1.645982e+01,  -8.885845e+01
  3.464988e+01,  -3.651608e+00
  4.068375e+01,  4.340818e+01
  1.372886e+01,  3.806716e+01
  2.381319e+01,  -7.575080e+01
  2.846868e+01,  -8.757193e+01
  2.271179e+01,  -1.241050e+02
  2.776083e+01,  1.695691e+02
  2.800913e+01,  1.388378e+02
  8.056989e+00,  1.089673e+02
  1.677834e+01,  -5.111088e+01
  2.769562e+01,  -7.248036e+01
  1.976177e+01,  -1.013995e+02
  8.215799e+00,  -1.779201e+02
  1.759350e+01,  9.079357e+01
  3.136500e+01,  6.369943e+01
  3.688681e+01,  3.843716e+01
  3.955329e+01,  1.434595e+01
  3.644500e+01,  1.243945e+01
  1.662487e+01,  1.753286e+01
  1.605696e+01,  -1.582985e+02
  1.301933e+01,  -1.231758e+02
  1.163060e+01,  1.618216e+01
  2.903760e+00,  1.404259e+02
  2.171718e+00,  -1.608002e+02
  9.258735e-01,  -1.694699e+01
  1.854147e+00,  3.098515e+01
  8.204442e-01,  8.900329e+01
  6.329403e-01,  -1.796740e+02
  3.182674e-01,  -8.765762e+00
  9.923008e-01,  3.100267e+01
  6.924659e-01,  6.971407e+01
  3.801098e-01,  1.249384e+02
  2.469934e-01,  4.797949e+01
  6.738558e-01,  3.591875e+01
  5.867111e-01,  5.731926e+01
  3.443049e-01,  8.805089e+01
  2.937359e-01,  6.119080e+01
  5.306945e-01,  4.342335e+01
  5.614243e-01,  5.381068e+01
  4.277217e-01,  6.779399e+01
  3.792750e-01,  5.924353e+01
  4.769946e-01,  4.714891e+01
  4.950741e-01,  5.243599e+01
  4.170182e-01,  6.436310e+01
  3.833657e-01,  6.388772e+01
  4.406052e-01,  5.343970e+01
  4.851934e-01,  5.147112e+01
  4.574424e-01,  5.571232e+01
  4.245284e-01,  5.689815e+01
  4.253868e-01,  5.253243e+01
  4.294829e-01,  5.020123e+01
  4.211510e-01,  5.235318e+01
  4.305333e-01,  5.433117e+01
  4.533954e-01,  5.359346e+01
  4.516305e-01,  5.330853e+01
  4.257077e-01,  5.551129e+01
  4.161002e-01,  5.764073e+01
  4.290576e-01,  5.681344e+01
  4.329545e-01,  5.521314e+01
  4.205364e-01,  5.588663e+01
  4.216088e-01,  5.826698e+01
  4.431234e-01,  5.896166e+01
  4.550970e-01,  5.709701e+01
  4.485245e-01,  5.434605e+01
  4.507008e-01,  5.260842e+01
  4.709116e-01,  5.277705e+01
  4.767221e-01,  5.457108e+01
  4.493003e-01,  5.755614e+01
  4.216826e-01,  6.007268e+01
  4.270304e-01,  5.914634e+01
  4.460268e-01,  5.529809e+01
  4.373388e-01,  5.191169e+01
  4.034713e-01,  5.155629e+01
  3.912729e-01,  5.417926e+01
  4.198704e-01,  5.591656e+01
  4.528276e-01,  5.510357e+01
  4.552188e-01,  5.391070e+01
  4.354222e-01,  5.430503e+01
  4.219902e-01,  5.560939e+01
  4.220258e-01,  5.554495e+01
  4.229823e-01,  5.431400e+01
  4.191499e-01,  5.429554e+01
  4.178931e-01,  5.616352e+01
  4.243159e-01,  5.770747e+01
  4.310273e-01,  5.735287e+01
  4.278616e-01,  5.619236e+01
  4.136190e-01,  5.562507e+01
  4.015551e-01,  5.534612e+01
  4.105392e-01,  5.457678e+01
  4.429857e-01,  5.410371e+01
  4.742755e-01,  5.483908e+01
  4.752941e-01,  5.605080e+01
  4.455262e-01,  5.616848e+01
  4.148142e-01,  5.446361e+01
  4.074745e-01,  5.253734e+01
  4.153981e-01,  5.225669e+01
  4.192130e-01,  5.289714e+01
  4.196845e-01,  5.284596e+01
  4.312201e-01,  5.237389e+01
  4.500276e-01,  5.339196e+01
  4.519697e-01,  5.638851e+01
  4.276775e-01,  5.968260e+01
  4.010206e-01,  6.087649e+01
  4.034015e-01,  5.959054e+01
  4.328131e-01,  5.827933e+01
  4.548553e-01,  5.782991e+01
  4.485378e-01,  5.690367e+01
  4.306908e-01,  5.487704e+01
  4.299493e-01,  5.323965e+01
  4.518671e-01,  5.327575e+01
  4.795340e-01,  5.408150e+01
  4.943599e-01,  5.475469e+01
  4.880636e-01,  5.548712e+01
  4.622088e-01,  5.625981e+01
  4.287981e-01,  5.641672e+01
  4.097693e-01,  5.635477e+01
  4.195834e-01,  5.770884e+01
  4.437882e-01,  5.984343e+01
  4.487402e-01,  6.004708e+01
  4.263535e-01,  5.723067e+01
  4.093102e-01,  5.384338e+01
  4.206018e-01,  5.331513e+01
  4.393715e-01,  5.417600e+01
  4.328287e-01,  5.347458e+01
  4.089886e-01,  5.238871e+01
  4.035839e-01,  5.482670e+01
  4.224960e-01,  5.932096e+01
  4.278900e-01,  5.985106e+01
  4.063788e-01,  5.484562e+01
  3.962572e-01,  5.062016e+01
  4.151795e-01,  5.422956e+01
  4.411193e-01,  6.058950e+01
  4.386306e-01,  6.139129e+01
  4.212049e-01,  5.603113e+01
  4.233120e-01,  5.277384e+01
  4.304353e-01,  5.649560e+01
  4.196154e-01,  6.113164e+01
  4.007323e-01,  5.984257e+01
  4.145851e-01,  5.521724e+01
  4.567662e-01,  5.530257e+01
  4.781100e-01,  5.885644e+01
  4.584177e-01,  5.975170e+01
  4.331063e-01,  5.594857e+01
  4.366416e-01,  5.339843e+01
  4.464110e-01,  5.628941e+01
  4.309996e-01,  5.992430e+01
  3.945088e-01,  5.812287e+01
  3.750034e-01,  5.167675e+01
  3.853464e-01,  4.946303e+01
  4.068513e-01,  5.406235e+01
  4.312956e-01,  5.892831e+01
  4.496081e-01,  5.889687e+01
  4.540629e-01,  5.553493e+01
  4.447386e-01,  5.321057e+01
  4.357749e-01,  5.358008e+01
  4.427745e-01,  5.444879e+01
  4.556917e-01,  5.396828e+01
  4.534725e-01,  5.349464e+01
  4.386702e-01,  5.496015e+01
  4.332808e-01,  5.761235e+01
  4.395307e-01,  5.851255e+01
  4.373326e-01,  5.687388e+01
  4.218373e-01,  5.469603e+01
  4.125899e-01,  5.426504e+01
  4.240279e-01,  5.558244e+01
  4.431778e-01,  5.663787e+01
  4.473004e-01,  5.625342e+01
  4.330611e-01,  5.450024e+01
  4.158064e-01,  5.201044e+01
  4.093831e-01,  4.985703e+01
  4.154378e-01,  4.916319e+01
  4.267962e-01,  5.038400e+01
  4.345152e-01,  5.304831e+01
  4.342930e-01,  5.581899e+01
  4.300468e-01,  5.671693e+01
  4.307294e-01,  5.464496e+01
  4.399276e-01,  5.164989e+01
  4.482631e-01,  5.146715e+01
  4.491055e-01,  5.503748e+01
  4.488400e-01,  5.896869e+01
  4.511711e-01,  5.936170e+01
  4.557004e-01,  5.695356e+01
  4.595436e-01,  5.551477e+01
  4.574402e-01,  5.620448e+01
  4.448359e-01,  5.691138e+01
  4.214652e-01,  5.643762e+01
  4.012106e-01,  5.616147e+01
  4.052596e-01,  5.670695e+01
  4.352141e-01,  5.613469e+01
  4.626990e-01,  5.411523e+01
  4.601431e-01,  5.280337e+01
  4.366345e-01,  5.353384e+01
  4.266794e-01,  5.477739e+01
  4.404584e-01,  5.459195e+01
  4.527667e-01,  5.432956e+01
  4.443383e-01,  5.584152e+01
  4.305439e-01,  5.837579e+01
  4.336254e-01,  5.987566e+01
  4.489690e-01,  6.041942e+01
  4.538715e-01,  6.083188e+01
  4.369713e-01,  5.985739e+01
  4.095634e-01,  5.654795e+01
  3.909215e-01,  5.428954e+01
  3.926968e-01,  5.710449e+01
  4.185680e-01,  6.125192e+01
  4.487758e-01,  6.036935e+01
  4.600760e-01,  5.561915e+01
  4.471416e-01,  5.350738e+01
  4.261377e-01,  5.783333e+01
  4.234084e-01,  6.375632e+01
  4.337574e-01,  6.411860e+01
  4.449263e-01,  6.018940e+01
  4.548047e-01,  5.783147e+01
  4.596490e-01,  5.877317e+01
  4.554891e-01,  5.957947e+01
  4.437393e-01,  5.744214e+01
  4.364301e-01,  5.409557e+01
  4.375572e-01,  5.341447e+01
  4.385206e-01,  5.589099e+01
  4.343094e-01,  5.821866e+01
  4.301832e-01,  5.732380e+01
  4.345077e-01,  5.404033e+01
  4.424070e-01,  5.246092e+01
  4.446798e-01,  5.513308e+01
  4.478926e-01,  6.030798e+01
  4.545119e-01,  6.348092e+01
  4.499006e-01,  6.248132e+01
  4.301246e-01,  5.921104e+01
  4.152233e-01,  5.715743e+01
  4.263016e-01,  5.766184e+01
  4.530089e-01,  5.849405e+01
  4.598771e-01,  5.810224e+01
  4.354528e-01,  5.755593e+01
  4.100352e-01,  5.851124e+01
  4.149670e-01,  6.003658e+01
  4.427124e-01,  5.929162e+01
  4.650295e-01,  5.612636e+01
  4.688530e-01,  5.290427e+01
  4.567349e-01,  5.180734e+01
  4.357998e-01,  5.297059e+01
  4.190666e-01,  5.487158e+01
  4.236717e-01,  5.596504e+01
  4.509143e-01,  5.555147e+01
  4.759968e-01,  5.382733e+01
  4.767051e-01,  5.190159e+01
  4.616961e-01,  5.181969e+01
  4.523422e-01,  5.449139e+01
  4.467465e-01,  5.719785e+01
  4.270157e-01,  5.672254e+01
  4.025787e-01,  5.344462e+01
  3.999801e-01,  5.127728e+01
  4.179217e-01,  5.195193e+01
  4.322946e-01,  5.277626e+01
  4.352558e-01,  5.237840e+01
  4.420942e-01,  5.281089e+01
  4.555806e-01,  5.552131e+01
  4.580915e-01,  5.821435e+01
  4.451643e-01,  5.774986e+01
  4.413822e-01,  5.420357e+01
  4.571161e-01,  5.176613e+01
  4.654509e-01,  5.293658e+01
  4.511753e-01,  5.594159e+01
  4.374266e-01,  5.735227e+01
  4.504651e-01,  5.581758e+01
  4.798948e-01,  5.421417e+01
  4.926106e-01,  5.525585e+01
  4.815078e-01,  5.859408e+01
  4.660726e-01,  6.131475e+01
  4.559640e-01,  6.059158e+01
  4.469144e-01,  5.687248e+01
  4.377317e-01,  5.303088e+01
  4.340930e-01,  5.162550e+01
  4.386921e-01,  5.303228e+01
  4.427403e-01,  5.553132e+01
  4.338971e-01,  5.706687e+01
  4.139379e-01,  5.648402e+01
  4.005545e-01,  5.452270e+01
  4.056618e-01,  5.412521e+01
  4.205228e-01,  5.719020e+01
  4.295206e-01,  6.193597e+01
  4.276797e-01,  6.452252e+01
  4.253015e-01,  6.245184e+01
  4.338423e-01,  5.783296e+01
  4.433433e-01,  5.519480e+01
  4.408610e-01,  5.573347e+01
  4.364538e-01,  5.682649e+01
  4.423947e-01,  5.581550e+01
  4.501394e-01,  5.370993e+01
  4.434695e-01,  5.332302e+01
  4.275745e-01,  5.552590e+01
  4.205568e-01,  5.827019e+01
  4.212561e-01,  5.948246e+01
  4.184444e-01,  5.993581e+01
  4.184243e-01,  6.081954e+01
  4.335176e-01,  6.081708e+01
  4.523347e-01,  5.825088e+01
  4.541723e-01,  5.451044e+01
  4.439769e-01,  5.337575e+01
  4.485667e-01,  5.694895e+01
  4.727744e-01,  6.135415e+01
  4.819650e-01,  6.189608e+01
  4.626822e-01,  5.851992e+01
  4.444461e-01,  5.506756e+01
  4.439600e-01,  5.533193e+01
  4.452002e-01,  5.794524e+01
  4.348578e-01,  5.937130e+01
  4.281622e-01,  5.844257e+01
  4.376864e-01,  5.684431e+01
  4.426203e-01,  5.617137e+01
  4.255890e-01,  5.639356e+01
  4.094672e-01,  5.728261e+01
  4.211742e-01,  5.862957e+01
  4.421060e-01,  5.973545e+01
  4.349742e-01,  6.000904e+01
  4.069572e-01,  5.914029e+01
  4.029362e-01,  5.732369e+01
  4.366440e-01,  5.560632e+01
  4.688236e-01,  5.455358e+01
  4.647013e-01,  5.394022e+01
  4.408726e-01,  5.349438e+01
  4.365773e-01,  5.325501e+01
  4.590056e-01,  5.374786e+01
  4.797217e-01,  5.531027e+01
  4.760757e-01,  5.730859e+01
  4.542190e-01,  5.831719e+01
  4.335389e-01,  5.770777e+01
  4.251468e-01,  5.686386e+01
  4.293995e-01,  5.674596e+01
  4.441867e-01,  5.599014e+01
  4.638186e-01,  5.405665e+01
  4.748433e-01,  5.320117e+01
  4.663420e-01,  5.490703e+01
  4.447983e-01,  5.670054e+01
  4.261556e-01,  5.497123e+01
  4.235164e-01,  5.178497e+01
  4.340585e-01,  5.303751e+01
  4.486457e-01,  5.831637e+01
  4.527123e-01,  6.122526e+01
  4.338215e-01,  5.866842e+01
  4.081919e-01,  5.422748e+01
  3.982229e-01,  5.333702e+01
  4.113510e-01,  5.567004e+01
  4.351343e-01,  5.776301e+01
  4.530052e-01,  5.966162e+01
  4.612991e-01,  6.197970e+01
  4.583095e-01,  6.203870e+01
  4.413235e-01,  5.723758e+01
  4.213617e-01,  5.028094e+01
  4.066128e-01,  4.771728e+01
  3.990568e-01,  5.153276e+01
  4.029465e-01,  5.697818e+01
  4.166070e-01,  5.989343e+01
  4.362613e-01,  6.032578e+01
  4.480090e-01,  5.892207e+01
  4.360266e-01,  5.545018e+01
  4.114749e-01,  5.150550e+01
  4.041285e-01,  5.120997e+01
  4.253669e-01,  5.449622e+01
  4.505997e-01,  5.585935e+01
  4.553199e-01,  5.362038e+01
  4.544981e-01,  5.242593e+01
  4.719718e-01,  5.663498e+01
  5.010767e-01,  6.206384e+01
  5.006019e-01,  6.206856e+01
  4.658808e-01,  5.577154e+01
  4.394264e-01,  4.976188e+01
  4.379900e-01,  5.141968e+01
  4.528692e-01,  5.708147e+01
  4.613860e-01,  5.906174e+01
  4.577681e-01,  5.674364e+01
  4.566488e-01,  5.465131e+01
  4.592832e-01,  5.432641e+01
  4.571136e-01,  5.280629e+01
  4.517236e-01,  4.988132e+01
  4.519488e-01,  5.006762e+01
  4.594230e-01,  5.455172e+01
  4.622523e-01,  5.778112e+01
  4.467909e-01,  5.587683e+01
  4.284928e-01,  5.221922e+01
  4.278975e-01,  5.287374e+01
  4.480115e-01,  5.686588e+01
  4.690740e-01,  5.884203e+01
  4.697508e-01,  5.810780e+01
  4.519082e-01,  5.742547e+01
  4.320777e-01,  5.776055e+01
  4.243487e-01,  5.741623e+01
  4.299686e-01,  5.620355e+01
  4.403789e-01,  5.600126e+01
  4.494390e-01,  5.669267e+01
  4.576086e-01,  5.607040e+01
  4.619947e-01,  5.372693e+01
  4.521849e-01,  5.183455e+01
  4.272256e-01,  5.183758e+01
  4.099385e-01,  5.244881e+01
  4.215555e-01,  5.166233e+01
  4.521798e-01,  5.074278e+01
  4.746498e-01,  5.261392e+01
  4.833615e-01,  5.761463e+01
  4.871115e-01,  6.207599e+01
  4.731195e-01,  6.211696e+01
  4.311431e-01,  5.811598e+01
  3.874764e-01,  5.410855e+01
  3.817205e-01,  5.390710e+01
  4.172633e-01,  5.569214e+01
  4.491567e-01,  5.681931e+01
  4.464339e-01,  5.841551e+01
  4.347384e-01,  6.114262e+01
  4.457838e-01,  6.235596e+01
  4.618349e-01,  6.089767e+01
  4.491582e-01,  5.945735e+01
  4.186483e-01,  5.974766e+01
  4.147111e-01,  5.943072e+01
  4.443263e-01,  5.653168e+01
  4.622625e-01,  5.398277e+01
  4.382818e-01,  5.430021e+01
  4.092999e-01,  5.610992e+01
  4.241160e-01,  5.571827e+01
  4.685500e-01,  5.412048e+01
  4.835761e-01,  5.458762e+01
  4.514361e-01,  5.684927e+01
  4.186844e-01,  5.762785e+01
  4.254094e-01,  5.572060e+01
  4.499540e-01,  5.514717e+01
  4.471121e-01,  5.784006e+01
  4.207092e-01,  6.114001e+01
  4.113936e-01,  6.093030e+01
  4.353479e-01,  5.815432e+01
  4.600991e-01,  5.739418e+01
  4.542056e-01,  5.910871e+01
  4.313184e-01,  5.974443e+01
  4.224367e-01,  5.638185e+01
  4.334101e-01,  5.196998e+01
  4.395832e-01,  5.119852e+01
  4.300310e-01,  5.426532e+01
  4.218752e-01,  5.735122e+01
  4.296264e-01,  5.703333e+01
  4.514213e-01,  5.472027e+01
  4.698072e-01,  5.396091e+01
  4.669455e-01,  5.591414e+01
  4.450327e-01,  5.902838e+01
  4.254383e-01,  6.037140e+01
  4.276776e-01,  5.842462e+01
  4.463054e-01,  5.567098e+01
  4.548604e-01,  5.535888e+01
  4.467055e-01,  5.773412e+01
  4.454397e-01,  5.977350e+01
  4.623519e-01,  5.862337e+01
  4.750592e-01,  5.592781e+01
  4.584927e-01,  5.507831e+01
  4.285431e-01,  5.697968e+01
  4.229549e-01,  5.830644e+01
  4.417061e-01,  5.597718e+01
  4.493198e-01,  5.242803e+01
  4.276627e-01,  5.138416e+01
  4.058030e-01,  5.335074e+01
  4.147914e-01,  5.468594e+01
  4.378660e-01,  5.407413e+01
  4.415817e-01,  5.502409e+01
  4.323515e-01,  5.923535e+01
  4.440623e-01,  6.214131e+01
  4.746804e-01,  5.940555e+01
  4.884797e-01,  5.443936e+01
  4.605812e-01,  5.252872e+01
  4.180833e-01,  5.573105e+01
  4.076683e-01,  6.095974e+01
  4.244654e-01,  6.391066e+01
  4.312397e-01,  6.493814e+01
  4.208521e-01,  6.472024e+01
  4.191598e-01,  6.218010e+01
  4.362209e-01,  5.816213e+01
  4.467861e-01,  5.532541e+01
  4.343920e-01,  5.452165e+01
  4.210745e-01,  5.483637e+01
  4.286667e-01,  5.499628e+01
  4.428559e-01,  5.459807e+01
  4.392709e-01,  5.413406e+01
  4.220909e-01,  5.456797e+01
  4.123099e-01,  5.627779e+01
  4.113515e-01,  5.747441e+01
  4.030451e-01,  5.626477e+01
  3.889052e-01,  5.428390e+01
  3.904152e-01,  5.583875e+01
  4.183438e-01,  6.029099e+01
  4.482931e-01,  6.135532e+01
  4.523739e-01,  5.661593e+01
  4.435607e-01,  5.052817e+01
  4.422085e-01,  5.008182e+01
  4.519363e-01,  5.513806e+01
  4.557877e-01,  5.935512e+01
  4.382014e-01,  6.017070e+01
  4.175408e-01,  6.003152e+01
  4.161015e-01,  6.082290e+01
  4.287415e-01,  6.052805e+01
  4.402181e-01,  5.756117e+01
  4.512155e-01,  5.377585e+01
  4.636318e-01,  5.180052e+01
  4.660954e-01,  5.181694e+01
  4.521570e-01,  5.243107e+01
  4.382727e-01,  5.244046e+01
  4.435656e-01,  5.134985e+01
  4.572016e-01,  5.008532e+01
  4.520324e-01,  5.037954e+01
  4.316573e-01,  5.262263e+01
  4.298022e-01,  5.397445e+01
  4.552663e-01,  5.190365e+01
  4.733212e-01,  4.931349e+01
  4.508601e-01,  5.042832e+01
  4.102501e-01,  5.614954e+01
  3.965385e-01,  6.139002e+01
  4.084126e-01,  6.125459e+01
  4.164201e-01,  5.858690e+01
  4.077898e-01,  5.738515e+01
  4.010883e-01,  5.793851e+01
  4.160797e-01,  5.809093e+01
  4.447604e-01,  5.677134e+01
  4.648127e-01,  5.468629e+01
  4.646168e-01,  5.330279e+01
  4.467786e-01,  5.461669e+01
  4.216388e-01,  5.912691e+01
  4.019965e-01,  6.316057e+01
  3.982741e-01,  6.193555e+01
  4.210784e-01,  5.723531e+01
  4.578421e-01,  5.540361e+01
  4.756197e-01,  5.765652e+01
  4.614635e-01,  6.055389e+01
  4.359953e-01,  6.079782e+01
  4.331321e-01,  5.805437e+01
  4.569308e-01,  5.474017e+01
  4.725860e-01,  5.261818e+01
  4.529487e-01,  5.238427e+01
  4.165186e-01,  5.414616e+01
  4.040520e-01,  5.544061e+01
  4.254352e-01,  5.379699e+01
  4.516313e-01,  5.214234e+01
  4.535639e-01,  5.435750e+01
  4.395463e-01,  5.948041e+01
  4.284557e-01,  6.153487e+01
  4.196588e-01,  5.739887e+01
  4.091327e-01,  5.155500e+01
  3.965019e-01,  5.005711e+01
  3.959298e-01,  5.376722e+01
  4.161685e-01,  5.808038e+01
  4.382177e-01,  5.937610e+01
  4.448897e-01,  5.796354e+01
  4.431223e-01,  5.602836e+01
  4.456867e-01,  5.602987e+01
  4.504651e-01,  5.815637e+01
  4.469939e-01,  5.971524e+01
  4.373206e-01,  5.844445e+01
  4.391150e-01,  5.587749e+01
  4.567934e-01,  5.553580e+01
  4.717397e-01,  5.723301e+01
  4.655212e-01,  5.793351e+01
  4.432523e-01,  5.649332e+01
  4.272134e-01,  5.520982e+01
  4.266887e-01,  5.623473e+01
  4.315107e-01,  5.800001e+01
  4.315172e-01,  5.826247e+01
  4.336313e-01,  5.729894e+01
  4.477219e-01,  5.665303e+01
  4.647849e-01,  5.659721e+01
  4.663083e-01,  5.658471e+01
  4.521991e-01,  5.667445e+01
  4.433114e-01,  5.692457e+01
  4.511974e-01,  5.657017e+01
  4.605764e-01,  5.536650e+01
  4.521932e-01,  5.440354e+01
  4.321018e-01,  5.457524e+01
  4.244730e-01,  5.503375e+01
  4.379553e-01,  5.451545e+01
  4.546456e-01,  5.402034e+01
  4.538950e-01,  5.524011e+01
  4.378552e-01,  5.758679e+01
  4.252526e-01,  5.809118e+01
  4.288299e-01,  5.542204e+01
  4.417310e-01,  5.264771e+01
  4.417057e-01,  5.306190e+01
  4.207732e-01,  5.667013e+01
  3.963204e-01,  6.062360e+01
  3.891825e-01,  6.136642e+01
  4.044875e-01,  5.835511e+01
  4.285105e-01,  5.420660e+01
  4.420731e-01,  5.128919e+01
  4.403175e-01,  5.083188e+01
  4.342021e-01,  5.313979e+01
  4.349345e-01,  5.703244e+01
  4.422446e-01,  6.044588e+01
  4.504484e-01,  6.190517e+01
  4.589509e-01,  6.065392e+01
  4.696499e-01,  5.686151e+01
  4.760670e-01,  5.261284e+01
  4.633595e-01,  5.114518e+01
  4.329834e-01,  5.426874e+01
  4.131743e-01,  5.935728e+01
  4.197598e-01,  6.042072e+01
  4.385340e-01,  5.687249e+01
  4.453951e-01,  5.374358e+01
  4.324390e-01,  5.408991e+01
  4.206166e-01,  5.634394e+01
  4.259255e-01,  5.741729e+01
  4.378544e-01,  5.763700e+01
  4.397165e-01,  5.882722e+01
  4.326288e-01,  6.015421e+01
  4.294849e-01,  5.930464e+01
  4.349828e-01,  5.655044e+01
  4.385652e-01,  5.424691e+01
  4.300341e-01,  5.309139e+01
  4.171913e-01,  5.242216e+01
  4.180336e-01,  5.275843e+01
  4.390636e-01,  5.501357e+01
  4.660743e-01,  5.774063e+01
  4.782423e-01,  5.853342e+01
  4.745561e-01,  5.682835e+01
  4.719618e-01,  5.456163e+01
  4.722882e-01,  5.403820e+01
  4.569370e-01,  5.512897e+01
  4.211373e-01,  5.601107e+01
  3.946308e-01,  5.527734e+01
  4.095191e-01,  5.370611e+01
  4.542470e-01,  5.311489e+01
  4.857361e-01,  5.354332e+01
  4.827849e-01,  5.447866e+01
  4.632842e-01,  5.626950e+01
  4.509897e-01,  5.927491e+01
  4.486469e-01,  6.203853e+01
  4.490325e-01,  6.210975e+01
  4.547719e-01,  5.920049e+01
  4.682459e-01,  5.629374e+01
  4.769307e-01,  5.585115e+01
  4.720241e-01,  5.679455e+01
  4.602618e-01,  5.654702e+01
  4.503689e-01,  5.466436e+01
  4.408990e-01,  5.330946e+01
  4.298719e-01,  5.392900e+01
  4.262703e-01,  5.551939e+01
  4.353526e-01,  5.636585e+01
  4.459458e-01,  5.610430e+01
  4.442663e-01,  5.513687e+01
  4.322844e-01,  5.393960e+01
  4.237430e-01,  5.369767e+01
  4.291666e-01,  5.536720e+01
  4.505748e-01,  5.744193e+01
  4.779090e-01,  5.755110e+01
  4.891443e-01,  5.607907e+01
  4.663261e-01,  5.539742e+01
  4.250525e-01,  5.644838e+01
  4.123836e-01,  5.710009e+01
  4.501334e-01,  5.619205e+01
  4.961315e-01,  5.638795e+01
  4.899383e-01,  5.812883e+01
  4.320673e-01,  5.764471e+01
  3.875375e-01,  5.173798e+01
  3.982212e-01,  4.846433e+01
  4.295948e-01,  5.527587e+01
  4.535442e-01,  6.431321e+01
  4.602442e-01,  6.418821e+01
  4.680442e-01,  5.539084e+01
  4.684913e-01,  5.039506e+01
  4.284600e-01,  5.382933e+01
  3.949226e-01,  5.711220e+01
  4.226096e-01,  5.342884e+01
  4.754591e-01,  5.267390e+01
  4.654490e-01,  5.800841e+01
  4.087254e-01,  5.850601e+01
  4.142272e-01,  4.682325e+01
  4.768644e-01,  4.458929e+01
  4.630226e-01,  5.867620e+01
  4.069294e-01,  7.041233e+01
  4.275128e-01,  5.376255e+01
  5.778864e-01,  4.311663e+01
  5.471689e-01,  5.692589e+01
  3.666127e-01,  8.276785e+01
  2.705350e-01,  5.267134e+01
  5.998062e-01,  2.987100e+01
  6.680613e-01,  5.201103e+01
  4.851524e-01,  1.024869e+02
  1.806968e-01,  1.082859e+02
  6.793531e-01,  1.779886e+01
  9.432032e-01,  4.286437e+01
  7.200081e-01,  1.124530e+02
  5.028802e-01,  1.743777e+02
  8.164250e-01,  -7.876408e+00
  1.532824e+00,  2.793553e+01
  1.162532e+00,  1.097848e+02
  1.474137e+00,  -1.788505e+02
  1.143023e+00,  -4.135019e+01
  2.962144e+00,  1.678351e+01
  2.285469e+00,  1.007562e+02
  4.145407e+00,  -1.727492e+02
  2.783544e+00,  -4.304894e+01
  1.415927e+01,  1.281901e+02
  4.642241e+01,  -1.384594e+02
  4.259440e+01,  -7.636203e+01
  4.221861e+01,  -6.396344e+00
  6.493205e+00,  -5.637857e+01
  1.046408e+01,  1.122047e+02
  2.836439e+01,  4.835803e+01
  3.357881e+01,  1.822931e+01
  2.101611e+01,  -3.523803e+01
  1.661852e+01,  -8.884769e+01
  1.987231e+01,  -8.629427e+01
  2.444856e+01,  -8.452038e+01
  1.690284e+01,  -8.386163e+01
  4.582446e+00,  -1.557040e+01
  1.032055e+01,  6.065918e+01
  7.770594e+00,  1.717546e+01
  8.533917e+00,  1.793022e+01
  1.293725e+01,  1.140538e+02
  2.673892e+01,  1.733843e+02
  3.216542e+01,  -1.494006e+02
  1.509993e+01,  -9.302379e+01
  2.470347e+01,  3.617774e+01
  3.580452e+01,  5.982206e+01
  2.278891e+01,  3.767267e+01
  1.999384e+01,  -1.221327e+00
  1.875132e+01,  2.049870e+01
  2.074475e+01,  3.781643e+01
  1.519203e+01,  3.130398e+00
  2.498346e+01,  -3.334088e+01
  2.541359e+01,  -4.367913e+01
  1.138423e+01,  -1.082252e+02
  2.121404e+01,  -1.682490e+02
  1.603069e+01,  -1.610256e+02
  4.260210e+00,  -9.356487e+00
  1.922997e+01,  2.471369e+01
  2.062899e+01,  1.617344e+01
  1.910526e+01,  -2.100705e+00
  1.464245e+01,  3.098730e+01
  9.577960e+00,  5.464695e+01
  3.348236e+01,  -2.188293e+01
  5.673756e+01,  1.239725e+01
  4.744224e+01,  8.819573e+01
  5.030353e+01,  -1.727218e+02
  5.429310e+01,  -9.623228e+01
  3.405999e+01,  -1.123867e+01
  4.244027e+01,  7.541633e+01
  2.497766e+01,  1.049976e+02
  1.340191e+01,  -5.921896e+01
  3.050575e+01,  -6.335541e+01
  2.884431e+01,  -7.926403e+01
  2.662378e+01,  -9.346693e+01
  2.063005e+01,  -1.009663e+02
  5.292420e+00,  -2.491413e+01
  2.368162e+01,  3.702503e+01
  3.310043e+01,  2.045980e+01
  3.251682e+01,  1.435049e+00
  1.895818e+01,  -4.618802e+00
  5.516931e+00,  -5.907988e+01
  1.192582e+01,  -1.238295e+02
  4.433682e+00,  -9.668242e+01
  1.989602e+01,  2.921231e+01
  3.454994e+01,  2.836603e+01
  3.843264e+01,  1.828672e+01
  2.839613e+01,  3.387544e+01
  1.392751e+01,  1.232550e+02
  2.846359e+01,  -1.396290e+02
  4.050528e+01,  -9.983945e+01
  2.799863e+01,  -6.287796e+01
  1.631774e+01,  2.374742e+01
  1.384037e+01,  8.690436e+01
  1.372974e+01,  -1.461482e+02
  2.830754e+01,  -1.113384e+02
  1.929999e+01,  -9.882144e+01
  3.738461e+00,  4.827700e+01
  1.769008e+01,  5.604800e+01
  2.073345e+01,  2.771620e+01
  1.985420e+01,  -1.385950e+01
  1.936143e+01,  -6.009967e+01
  1.982992e+01,  -1.082290e+02
  2.045996e+01,  -1.502670e+02
  1.481358e+01,  1.724576e+02
  6.805458e+00,  1.534179e+02
  1.510773e+01,  -1.222373e+02
  3.173435e+01,  -1.037910e+02
  2.889770e+01,  -9.698588e+01
  1.829007e+01,  -1.504655e+02
  2.264453e+01,  1.606707e+02
  1.031098e+01,  8.189695e+01
  2.778060e+01,  3.989538e+00
  3.098465e+01,  -2.169458e+01
  1.258020e+01,  -6.969912e+01
  1.972929e+01,  -1.759460e+02
  1.513810e+01,  1.657354e+02
  3.027838e+01,  3.586534e+01
  5.416031e+01,  5.617778e+01
  3.366339e+01,  1.455740e+02
  6.105351e+01,  -1.072764e+02
  6.091918e+01,  -1.721071e+01
  5.055046e+01,  9.669263e+01
  2.722600e+01,  1.543122e+02
  7.012230e+00,  1.447576e+02
  6.377240e+00,  -6.932949e+01
  1.992100e+01,  -8.997197e+01
  2.665538e+01,  -1.365782e+02
  2.843228e+01,  -1.234996e+02
  1.102622e+01,  -4.465032e+01
  2.841468e+01,  3.151505e+01
  3.756211e+01,  1.801955e+01
  3.782911e+01,  -1.013078e+01
  2.732135e+01,  -9.858212e+00
  1.628746e+01,  -2.850210e+01
  2.203744e+01,  -9.732058e+01
  1.708752e+01,  -1.440944e+02
  2.255492e+01,  1.018443e+02
  3.926675e+01,  6.919878e+01
  2.843816e+01,  3.250732e+01
  2.168377e+01,  -2.938697e+01
  1.448673e+01,  -7.654768e+01
  1.713241e+01,  -1.675984e+02
  2.493104e+01,  -1.784695e+02
  4.669524e+00,  -1.581351e+02
  2.191942e+01,  3.014698e+01
  2.034265e+01,  4.946863e+01
  2.760717e+00,  -1.712780e+02
  7.225393e+00,  -1.787235e+02
  2.646222e+01,  1.139192e+02
  3.061864e+01,  1.249174e+02
  1.038083e+01,  -1.040394e+02
  4.526617e+01,  -4.291187e+01
  3.876968e+01,  -2.701252e+01
  9.971012e+00,  1.743763e+02
  3.942387e+01,  -1.738177e+02
  2.616222e+01,  -1.109317e+02
  4.776643e+01,  -2.070843e+01
  5.669403e+01,  1.853796e+01
  3.310676e+01,  5.088238e+01
  7.664842e+00,  3.305390e+01
  1.737417e+01,  1.448461e+01
  2.902669e+01,  3.119204e+01
  3.560196e+01,  1.425253e+01
  3.631150e+01,  2.669045e+01
  2.666076e+01,  9.032555e+01
  2.580544e+01,  -1.797133e+02
  3.154552e+01,  -1.120317e+02
  2.173368e+01,  -6.215970e+01
  1.382161e+01,  5.011203e+01
  2.440665e+01,  1.129443e+02
  2.354725e+01,  1.598157e+02
  1.787257e+01,  -1.272359e+02
  2.462245e+01,  -5.288340e+01
  2.283127e+01,  -3.744843e+01
  1.555540e+01,  -1.006938e+02
  1.404582e+01,  -1.225314e+02
  8.523694e+00,  4.662654e+01
  2.517861e+01,  5.166312e+01
  2.289256e+01,  4.791104e+01
  1.321208e+01,  3.514228e+01
  8.393247e+00,  -3.148503e+01
  1.300897e+01,  -8.967814e+01
  8.682928e+00,  -9.407577e+01
  1.250303e+01,  2.443848e+01
  2.710087e+01,  3.443820e+01
  2.402996e+01,  2.934140e+01
  4.276814e+00,  1.702190e+02
  3.756228e+01,  -1.583739e+02
  4.837354e+01,  -1.481372e+02
  3.541628e+01,  -1.272806e+02
  2.621234e+01,  -3.964794e+01
  5.298070e+01,  1.176816e+01
  4.570916e+01,  2.989552e+01
  6.033848e+00,  3.294257e+01
  2.590841e+01,  -1.242478e+02
  3.002205e+01,  -1.260377e+02
  1.877810e+01,  -1.554754e+02
  9.466588e+00,  1.509226e+02
  6.154148e+00,  4.779008e+01
  6.662716e+00,  -3.136199e+00
  6.614072e+00,  -9.414190e+01
  1.705545e+01,  -1.180738e+02
  2.506680e+01,  -1.046463e+02
  3.169133e+01,  -8.331728e+01
  3.058962e+01,  -9.210715e+01
  3.652904e+01,  -1.434605e+02
  4.204546e+01,  -1.409879e+02
  2.876165e+01,  -1.002367e+02
  2.814346e+00,  -1.396167e+02
  2.524223e+01,  1.305252e+02
  1.637746e+01,  1.444299e+02
  1.037036e+01,  -7.012381e+01
  1.948684e+01,  -4.784070e+01
  4.455340e+00,  5.195969e+00
  1.867297e+01,  1.393656e+02
  3.003096e+01,  -1.783157e+02
  3.905448e+01,  -1.548947e+02
  4.160365e+01,  -1.541912e+02
  4.054538e+01,  -1.443926e+02
  2.686498e+01,  -8.783460e+01
  2.910925e+01,  6.728742e+01
  1.351365e+00,  -1.146828e+02
  4.134867e+00,  -1.190772e+02
  1.488471e+00,  2.552766e+01
  2.364818e+00,  5.663603e+01
  4.892941e-01,  1.368653e+02
  7.433886e-01,  -1.288622e+02
  6.521222e-01,  2.425748e+01
  1.218837e+00,  5.013748e+01
  4.642540e-01,  8.328078e+01
  1.818065e-01,  -1.682706e+02
  3.970554e-01,  3.819734e+01
  8.490265e-01,  4.915466e+01
  5.546182e-01,  6.306271e+01
  1.878353e-01,  7.477384e+01
  3.326359e-01,  4.229899e+01
  5.910855e-01,  4.659068e+01
  4.879643e-01,  5.752011e+01
  2.880774e-01,  6.784785e+01
  3.412587e-01,  5.629193e+01
  5.255857e-01,  5.315069e+01
  5.225535e-01,  5.876600e+01
  3.863687e-01,  6.459187e+01
  3.449781e-01,  5.790611e+01
  4.276028e-01,  4.984881e+01
  4.658292e-01,  5.039515e+01
  4.238991e-01,  5.347943e+01
  4.063189e-01,  5.344819e+01
  4.525879e-01,  5.312250e+01
  4.985893e-01,  5.705846e+01
  4.977584e-01,  6.127098e+01
  4.622177e-01,  5.941767e+01
  4.342873e-01,  5.345335e+01
  4.324072e-01,  5.374550e+01
  4.507748e-01,  5.935498e+01
  4.629158e-01,  5.965045e+01
  4.553156e-01,  5.546601e+01
  4.562162e-01,  5.759789e+01
  4.841821e-01,  6.314590e+01
  4.826725e-01,  5.714869e+01
  4.415233e-01,  4.150227e+01
  3.971166e-01,  4.278066e+01
  4.473363e-01,  6.612652e+01
  5.196127e-01,  6.777637e+01
  4.622684e-01,  4.494028e+01
  3.729152e-01,  3.450718e+01
  4.091815e-01,  7.359177e+01
  5.729119e-01,  7.785232e+01
  5.209223e-01,  3.813516e+01
  4.768216e-01,  5.279402e+00
  3.448246e-01,  7.418501e+01
  7.869475e-01,  9.513619e+01
  6.312510e-01,  4.979712e+01
  7.203024e-01,  -1.577090e+01
  1.381932e-01,  5.133157e+01
  1.200815e+00,  1.061496e+02
  1.046364e+00,  6.124339e+01
  1.396186e+00,  -4.170112e+01
  6.161671e-01,  1.124336e+02
  4.164744e+00,  9.444500e+01
  1.182741e+01,  -1.541541e+02
  2.197279e+01,  -1.551701e+02
  3.860995e+00,  8.238322e+01
  2.985855e+01,  1.168388e+01
  3.643080e+01,  3.320474e+00
  2.052603e+01,  -1.246857e+01
  1.449950e+01,  -1.454060e+02
  3.364090e+01,  -1.379803e+02
  3.731706e+01,  -8.636654e+01
  3.058684e+01,  -2.754779e+01
  3.114187e+01,  5.010760e+01
  3.169956e+01,  1.020782e+02
  1.863764e+01,  -1.767026e+02
  2.456744e+01,  -8.514128e+01
  2.687816e+00,  -2.968882e+01
  3.859273e+01,  1.359936e+02
  3.688360e+01,  1.532029e+02
  8.846033e+00,  -1.486674e+02
  1.306553e+01,  -3.645344e+01
  5.747413e+00,  -6.522277e+01
  1.358099e+01,  -1.505577e+02
  1.132516e+01,  -1.634364e+02
  7.113650e+00,  9.362428e+01
  6.421599e+00,  4.806538e+01
  1.933592e+01,  -4.277793e+01
  3.385667e+01,  -3.423639e+01
  1.608415e+01,  -3.717469e+01
  1.940121e+01,  1.691217e+02
  3.431944e+01,  1.503285e+02
  2.334629e+01,  1.266665e+02
  2.044648e+01,  2.807976e+01
  3.984700e+01,  1.122767e+01
  2.677817e+01,  3.257874e+01
  1.300394e+01,  1.523644e+02
  2.445900e+01,  -1.311949e+02
  2.943355e+01,  -6.306366e+01
  2.591827e+01,  -4.779609e+01
  3.742618e+01,  -1.313989e+02
  5.632440e+01,  -1.404817e+02
  2.060402e+01,  -1.380288e+02
  2.040123e+01,  7.679676e+01
  2.690807e+01,  7.914212e+01
  1.009782e+01,  5.404163e+01
  4.728423e+00,  -1.203585e+02
  1.343396e+01,  -1.436115e+02
  7.605447e+00,  -1.081075e+02
  7.590442e+00,  -1.298400e+01
  6.527445e+00,  -1.025188e+01
  5.902357e+00,  -8.430306e+01
  9.224429e+00,  -9.321245e+01
  1.367836e+01,  -3.708604e+01
  2.547143e+01,  -1.949752e+01
  2.765348e+01,  -3.306304e+01
  2.057484e+01,  -6.460732e+01
  1.625851e+01,  -1.212298e+02
  1.385641e+01,  1.791849e+02
  2.090657e+01,  1.014057e+02
  3.164535e+01,  6.773839e+01
  2.899967e+01,  4.928298e+01
  1.517281e+01,  3.212316e+01
  6.201911e+00,  -2.169176e+01
  3.099587e+00,  -1.107475e+00
  1.363446e+01,  7.415458e+01
  2.540731e+01,  7.478751e+01
  2.388070e+01,  6.336033e+01
  1.412066e+01,  1.514728e+01
  1.799188e+01,  -4.555832e+01
  1.950035e+01,  -7.282596e+01
  1.672325e+01,  -1.033393e+02
  1.158279e+01,  -1.470555e+02
  1.069745e+01,  1.376360e+02
  1.686874e+01,  1.120491e+02
  1.930798e+01,  1.370009e+02
  1.801479e+01,  -1.754701e+02
  1.257967e+01,  -9.530170e+01
  1.716048e+01,  -1.517728e+01
  1.372684e+01,  3.346848e+01
  1.023283e+01,  1.700995e+02
  2.957111e+01,  -1.313467e+02
  3.297608e+01,  -7.360778e+01
  3.862165e+01,  -7.751924e+00
  3.217871e+01,  4.053262e+01
  1.883013e+01,  1.200723e+02
  2.891210e+01,  -1.552063e+02
  3.673269e+01,  -1.039307e+02
  3.592726e+01,  -7.744365e+01
  2.740180e+01,  -1.300607e+02
  3.815718e+01,  -1.750707e+02
  1.577685e+01,  -1.774541e+02
  4.844196e+00,  -6.868767e+01
  5.843306e+00,  1.235166e+02
  9.327035e+00,  1.282815e+02
  4.792927e+00,  -1.798800e+02
  1.436601e+01,  -1.561030e+02
  1.715051e+01,  -1.632898e+02
  1.113616e+01,  7.957922e+01
  9.994407e+00,  2.557369e+01
  8.281217e+00,  -9.946003e+01
  9.178887e+00,  4.276096e+00
  1.868319e+01,  -2.902003e+01
  2.584239e+01,  -8.795485e+01
  2.467109e+01,  -1.570569e+02
  1.950569e+01,  1.185224e+02
  3.005952e+01,  5.786189e+01
  3.168006e+01,  3.154525e+01
  1.380380e+01,  -1.467075e+01
  3.248296e+01,  -1.235806e+02
  5.201353e+01,  -1.120005e+02
  3.892712e+01,  -5.652553e+01
  4.789878e+01,  3.752702e+01
  6.698722e+01,  8.090852e+01
  4.469903e+01,  1.114790e+02
  2.202009e+01,  -1.560939e+02
  3.766845e+01,  -1.055289e+02
  2.862340e+01,  -1.346700e+02
  3.337548e+01,  1.701980e+02
  1.515474e+01,  1.452828e+02
  1.483287e+01,  6.103509e+00
  1.730960e+01,  -8.058031e+00
  7.252995e+00,  -8.462429e+01
  1.361061e+01,  -1.332950e+02
  4.292677e+00,  -1.180884e+02
  1.379186e+01,  2.989269e+01
  1.812329e+01,  2.198756e+01
  1.801065e+01,  -1.539026e+01
  1.913117e+01,  -3.044787e+01
  7.167499e+00,  -9.729053e+01
  1.855051e+01,  1.671619e+02
  2.905305e+01,  1.243452e+02
  2.810590e+01,  1.069104e+02
  1.284441e+01,  4.678121e+01
  3.140275e+01,  4.365137e+00
  3.217777e+01,  4.034455e+01
  2.538303e+01,  1.253568e+02
  2.942015e+01,  -1.387386e+02
  3.897028e+01,  -5.433508e+01
  3.110474e+01,  -1.703053e+01
  2.975889e+01,  -1.584764e+02
  5.611088e+01,  -1.501279e+02
  1.815777e+01,  -1.305407e+02
  2.322297e+01,  6.553572e+01
  2.815996e+01,  7.799839e+01
  8.122985e+00,  7.799524e+01
  1.239435e+01,  -1.517455e+02
  2.450638e+01,  -1.492423e+02
  1.665133e+01,  -1.236798e+02
  9.433279e+00,  -5.280943e+01
  9.756228e+00,  -4.001778e+01
  1.111680e+01,  -7.863314e+01
  1.310491e+01,  -8.896742e+01
  1.631207e+01,  -4.870978e+01
  2.837129e+01,  -2.465407e+01
  2.962311e+01,  -1.591715e+01
  1.323614e+01,  -1.163621e+01
  1.213537e+01,  -1.449806e+02
  1.847211e+01,  -1.561225e+02
  1.412269e+01,  1.078179e+02
  3.751362e+01,  7.735022e+01
  3.595976e+01,  7.960503e+01
  8.826210e+00,  8.746758e+01
  1.656860e+01,  -7.481642e+01
  1.646491e+01,  -5.434047e+01
  8.552682e+00,  5.961608e+01
  1.964940e+01,  1.004351e+02
  1.122790e+01,  9.058295e+01
  1.262210e+01,  -3.460160e+01
  2.241859e+01,  -5.044214e+01
  1.364155e+01,  -6.487142e+01
  9.909005e+00,  -1.693462e+02
  1.809908e+01,  1.540134e+02
  1.505875e+01,  1.218647e+02
  1.090489e+01,  8.215412e+01
  4.291903e+00,  8.806081e+01
  7.873239e+00,  -1.329678e+02
  1.165623e+01,  -1.034044e+02
  8.886219e+00,  -7.190419e+01
  8.881150e+00,  -4.531548e+01
  7.822889e+00,  -4.754967e+01
  7.343513e+00,  -1.161707e+02
  6.849947e+00,  -8.033386e+01
  1.325548e+01,  1.831206e+01
  1.745135e+01,  6.435960e+01
  1.654331e+01,  1.184587e+02
  2.254977e+01,  -1.696493e+02
  3.850600e+01,  -1.143237e+02
  6.180633e+01,  -9.046169e+01
  7.266928e+01,  -1.194836e+02
  7.722530e+01,  -1.670270e+02
  4.642423e+01,  1.708464e+02
  9.808407e+00,  -1.289044e+02
  1.712671e+00,  -4.789031e+01
  6.010661e+00,  7.684042e+01
  5.585007e+00,  -1.139834e+00
  3.280871e+00,  -7.903561e+01
  7.053933e+00,  1.373303e+02
  2.054083e+01,  7.785208e+01
  2.489343e+00,  1.667536e+02
  5.009831e+00,  -9.613114e+01
  2.238989e+00,  4.358293e+01
  1.952631e+00,  9.272562e+01
  2.723029e-01,  1.649407e+02
  7.489842e-01,  -4.912163e+01
  7.349822e-01,  3.647323e+01
  9.768185e-01,  8.560853e+01
  3.559260e-01,  9.721633e+01
  3.331339e-01,  -2.074103e+01
  4.965674e-01,  3.011950e+01
  6.623379e-01,  7.527547e+01
  4.556509e-01,  8.500481e+01
  2.897556e-01,  3.876684e+01
  4.843525e-01,  3.887057e+01
  5.917040e-01,  6.046709e+01
  4.640332e-01,  6.803007e+01
  3.130205e-01,  5.127639e+01
  3.782750e-01,  4.747967e+01
  4.956209e-01,  6.161658e+01
  4.948651e-01,  6.670752e+01
  4.162167e-01,  5.868632e+01
  4.154750e-01,  5.167160e+01
  4.621168e-01,  5.572287e+01
  4.742138e-01,  5.857778e+01
  4.544398e-01,  5.569498e+01
  4.552681e-01,  5.430825e+01
  4.664868e-01,  5.778506e+01
  4.531684e-01,  5.944986e+01
  4.303874e-01,  5.583478e+01
  4.379012e-01,  5.295376e+01
  4.562253e-01,  5.519554e+01
  4.426524e-01,  5.803796e+01
  4.021850e-01,  5.757082e+01
  3.869436e-01,  5.618720e+01
  4.162473e-01,  5.792397e+01
  4.520142e-01,  6.002050e+01
  4.567322e-01,  5.930511e+01
  4.426610e-01,  5.716372e+01
  4.379648e-01,  5.698008e+01
  4.412719e-01,  5.813525e+01
  4.343090e-01,  5.702935e+01
  4.212984e-01,  5.351342e+01
  4.224102e-01,  5.194436e+01
  4.366988e-01,  5.416812e+01
  4.411400e-01,  5.614475e+01
  4.224014e-01,  5.455169e+01
  4.040735e-01,  5.168142e+01
  4.128087e-01,  5.304116e+01
  4.439797e-01,  5.773857e+01
  4.656621e-01,  5.997934e+01
  4.617042e-01,  5.822190e+01
  4.534425e-01,  5.647134e+01
  4.550589e-01,  5.846578e+01
  4.520206e-01,  6.125774e+01
  4.282795e-01,  5.994935e+01
  4.070525e-01,  5.529112e+01
  4.162299e-01,  5.384395e+01
  4.404020e-01,  5.675762e+01
  4.430591e-01,  5.862518e+01
  4.193934e-01,  5.731550e+01
  4.082287e-01,  5.626278e+01
  4.312539e-01,  5.748774e+01
  4.636800e-01,  5.667648e+01
  4.762137e-01,  5.203163e+01
  4.696159e-01,  4.855554e+01
  4.494916e-01,  5.140669e+01
  4.219102e-01,  5.731994e+01
  3.908960e-01,  5.840972e+01
  3.794151e-01,  5.468949e+01
  4.042991e-01,  5.484009e+01
  4.396714e-01,  5.917451e+01
  4.426020e-01,  6.029381e+01
  4.089014e-01,  5.581608e+01
  3.851365e-01,  5.213936e+01
  4.008819e-01,  5.535571e+01
  4.417659e-01,  5.900641e+01
  4.592426e-01,  5.769057e+01
  4.357442e-01,  5.517536e+01
  4.007806e-01,  5.729448e+01
  3.957240e-01,  6.172038e+01
  4.175723e-01,  6.033780e+01
  4.359031e-01,  5.462208e+01
  4.350144e-01,  5.183297e+01
  4.284863e-01,  5.420848e+01
  4.355744e-01,  5.663738e+01
  4.398785e-01,  5.549594e+01
  4.233715e-01,  5.348506e+01
  4.052695e-01,  5.344501e+01
  4.193557e-01,  5.397224e+01
  4.564088e-01,  5.356816e+01
  4.707339e-01,  5.450775e+01
  4.496719e-01,  5.841272e+01
  4.315513e-01,  6.239601e+01
  4.389880e-01,  6.225698e+01
  4.506970e-01,  6.016360e+01
  4.417070e-01,  5.994388e+01
  4.276790e-01,  6.025928e+01
  4.395671e-01,  5.723087e+01
  4.727807e-01,  5.259439e+01
  4.886640e-01,  5.092680e+01
  4.737449e-01,  5.287993e+01
  4.551543e-01,  5.570682e+01
  4.477326e-01,  5.734454e+01
  4.384994e-01,  5.878713e+01
  4.230240e-01,  6.026572e+01
  4.199782e-01,  6.003978e+01
  4.353045e-01,  5.892803e+01
  4.394406e-01,  5.929717e+01
  4.122276e-01,  5.930586e+01
  3.855948e-01,  5.528265e+01
  3.967445e-01,  5.190044e+01
  4.173616e-01,  5.654752e+01
  4.150793e-01,  6.394197e+01
  4.053744e-01,  6.212449e+01
  4.373835e-01,  5.290104e+01
  4.710285e-01,  5.211662e+01
  4.375729e-01,  5.881709e+01
  3.973237e-01,  5.685583e+01
  4.635263e-01,  4.576677e+01
  5.441740e-01,  4.945126e+01
  4.905590e-01,  6.586121e+01
  3.712474e-01,  7.023052e+01
  4.352266e-01,  4.156075e+01
  6.207929e-01,  4.197248e+01
  5.462410e-01,  6.910832e+01
  3.268881e-01,  9.950864e+01
  2.961934e-01,  2.317286e+01
  7.553467e-01,  2.379259e+01
  6.920400e-01,  6.104330e+01
  4.948047e-01,  1.257753e+02
  1.140906e-01,  -1.579431e+01
  1.072757e+00,  1.123284e+01
  1.098936e+00,  5.432490e+01
  1.066871e+00,  1.381078e+02
  5.728114e-01,  -1.516992e+02
  1.579178e+00,  -8.494389e+00
  1.827785e+00,  3.716044e+01
  2.086793e+00,  1.418131e+02
  1.881063e+00,  -1.644735e+02
  3.356067e+00,  -3.332297e+01
  8.656904e+00,  1.106528e+02
  1.412057e+01,  8.356741e+01
  3.498150e+01,  3.610095e+01
  4.675420e+01,  6.288917e+01
  3.541190e+01,  1.206396e+02
  2.671965e+01,  -1.437297e+02
  3.521614e+01,  -6.378076e+01
  2.762214e+01,  -1.598462e+01
  1.096058e+01,  8.432822e+01
  2.362330e+01,  1.525899e+02
  2.191593e+01,  1.741633e+02
  9.525617e+00,  -1.326626e+02
  1.392638e+01,  -3.856739e+01
  1.643972e+01,  -8.400413e+00
  9.671096e+00,  2.109925e+01
  5.944669e+00,  8.392308e+01
  1.127752e+01,  1.001804e+02
  1.911288e+01,  9.614250e+01
  1.986140e+01,  9.955830e+01
  8.302457e+00,  1.333849e+02
  1.354714e+01,  -1.126347e+02
  1.800950e+01,  -9.507533e+01
  5.136777e+00,  -9.000417e+01
  1.335051e+01,  9.508526e+01
  1.967378e+01,  1.033471e+02
  1.024674e+01,  1.477079e+02
  1.986298e+01,  -1.231450e+02
  2.820338e+01,  -1.009762e+02
  1.559021e+01,  -7.773288e+01
  9.226378e+00,  8.275380e+01
  2.211235e+01,  1.088071e+02
  1.128661e+01,  1.224414e+02
  1.177048e+01,  -3.355156e+01
  2.582035e+01,  -1.191324e+01
  2.294261e+01,  2.868673e+00
  8.020842e+00,  3.117405e+00
  6.010437e+00,  1.651788e+02
  1.379193e+01,  1.474561e+02
  1.560811e+01,  1.240871e+02
  1.488693e+01,  9.454476e+01
  1.694842e+01,  7.993836e+01
  2.146854e+01,  1.004705e+02
  2.475554e+01,  1.305897e+02
  1.635892e+01,  1.586322e+02
  3.042901e+00,  1.047978e+00
  1.913918e+01,  3.043434e+01
  1.811132e+01,  5.883714e+01
  4.952413e+00,  1.447068e+02
  1.717605e+01,  -1.145664e+02
  1.930240e+01,  -9.714346e+01
  6.982879e+00,  -9.072003e+01
  6.948336e+00,  1.229818e+02
  1.211318e+01,  1.173417e+02
  7.882361e+00,  8.965856e+01
  8.610400e+00,  1.369440e+01
  1.196624e+01,  1.593284e-01
  6.271990e+00,  1.458611e+01
  6.373632e+00,  1.665551e+02
  1.391588e+01,  -1.738691e+02
  9.565309e+00,  -1.603927e+02
  3.832339e+00,  -2.104338e+01
  1.183787e+01,  3.864918e+00
  7.460644e+00,  -4.084478e+00
  1.057238e+01,  -1.389495e+02
  2.845185e+01,  -1.447244e+02
  3.200304e+01,  -1.315072e+02
  1.661547e+01,  -8.793369e+01
  1.977203e+01,  3.163924e+01
  3.296884e+01,  6.775818e+01
  2.098369e+01,  8.647511e+01
  9.469351e+00,  -1.455511e+02
  2.500878e+01,  -1.202802e+02
  2.025319e+01,  -1.382173e+02
  1.873677e+01,  1.639528e+02
  1.879053e+01,  1.355032e+02
  9.968641e+00,  9.426692e+01
  1.162397e+01,  1.366230e+01
  1.667808e+01,  -1.435935e+01
  1.614679e+01,  -2.770536e+01
  1.201701e+01,  -3.025446e+01
  7.166864e+00,  -2.726498e+01
  3.893788e+00,  -4.731053e+01
  3.398946e+00,  -1.422587e+02
  1.264268e+01,  1.713504e+02
  2.131200e+01,  1.673259e+02
  1.636440e+01,  1.686019e+02
  3.564050e+00,  6.470936e+01
  2.058231e+01,  1.939322e+01
  2.523769e+01,  1.789959e+01
  1.249879e+01,  5.302254e+00
  9.872501e+00,  -1.017551e+02
  1.681182e+01,  -1.187265e+02
  1.183749e+01,  -1.365001e+02
  7.457520e+00,  1.449556e+02
  1.311190e+01,  9.933837e+01
  1.159415e+01,  1.027988e+02
  3.337339e+00,  1.728357e+02
  7.463361e+00,  -6.998833e+01
  8.049101e+00,  -1.939410e+01
  4.550042e+00,  5.209993e+01
  6.282452e+00,  -1.590450e+02
  1.808607e+01,  -1.037248e+02
  2.651073e+01,  -7.223708e+01
  2.449640e+01,  -4.185776e+01
  2.157093e+01,  1.659030e+01
  3.581400e+01,  6.975519e+01
  4.262589e+01,  1.000330e+02
  2.448939e+01,  1.338814e+02
  1.677647e+01,  -9.845694e+01
  3.732898e+01,  -5.783845e+01
  3.176570e+01,  -3.202897e+01
  1.258770e+01,  4.415764e+01
  2.339677e+01,  1.266464e+02
  2.216997e+01,  1.402580e+02
  8.463437e+00,  1.155530e+02
  6.140291e+00,  1.304347e+01
  7.559872e+00,  -7.314639e+01
  1.736032e+01,  -1.169687e+02
  2.127667e+01,  -1.335386e+02
  1.537588e+01,  -1.635086e+02
  1.209333e+01,  1.308464e+02
  1.530927e+01,  8.570011e+01
  1.466702e+01,  5.938601e+01
  1.247536e+01,  2.358507e+01
  1.376618e+01,  -1.101627e+01
  1.428010e+01,  -1.279957e+01
  1.155732e+01,  1.911307e+01
  8.016206e+00,  7.055158e+01
  6.071247e+00,  1.664679e+02
  1.282524e+01,  -1.380937e+02
  1.569644e+01,  -1.271425e+02
  1.034024e+01,  -1.415811e+02
  8.324977e+00,  1.371461e+02
  1.564613e+01,  1.063464e+02
  1.672371e+01,  9.228190e+01
  1.326553e+01,  5.955110e+01
  1.221598e+01,  6.441765e+00
  1.298080e+01,  -3.573137e+01
  1.120262e+01,  -6.593803e+01
  9.439813e+00,  -8.973357e+01
  9.293359e+00,  -1.070208e+02
  7.518574e+00,  -1.367796e+02
  5.306500e+00,  1.386885e+02
  1.301385e+01,  7.918289e+01
  2.163889e+01,  6.682849e+01
  2.577247e+01,  5.584922e+01
  2.398948e+01,  3.742256e+01
  1.813435e+01,  2.129674e+01
  1.178451e+01,  2.791181e+01
  1.074550e+01,  6.070834e+01
  1.091256e+01,  8.004848e+01
  6.885918e+00,  1.011978e+02
  6.047159e+00,  1.663967e+02
  1.197815e+01,  -1.751352e+02
  1.497587e+01,  -1.729856e+02
  1.031948e+01,  -1.697352e+02
  1.940950e+00,  1.110098e+02
  8.859074e+00,  3.286582e+01
  9.688987e+00,  -6.785009e-01
  8.126178e+00,  -5.687600e+01
  1.134437e+01,  -1.101015e+02
  1.633424e+01,  -1.107084e+02
  1.035056e+01,  -7.533111e+01
  1.702123e+01,  5.486650e+01
  3.535116e+01,  8.613618e+01
  3.041408e+01,  9.843977e+01
  9.228966e+00,  4.118763e+01
  2.313043e+01,  -3.970274e+01
  2.495130e+01,  -5.611032e+01
  1.414782e+01,  -6.982990e+01
  4.309837e+00,  -7.398176e+01
  7.604817e+00,  -2.193287e+01
  1.755138e+01,  -2.905252e+01
  2.086548e+01,  -4.229549e+01
  1.499026e+01,  -5.975644e+01
  4.395181e+00,  -1.053136e+02
  8.653794e+00,  1.356712e+02
  1.123371e+01,  1.212706e+02
  3.458931e+00,  1.112493e+02
  8.488740e+00,  -7.158602e+01
  1.647562e+01,  -8.786314e+01
  1.832216e+01,  -1.011416e+02
  1.295493e+01,  -9.655633e+01
  4.920352e+00,  -7.850580e+01
  4.948908e+00,  -1.614063e+02
  1.409560e+01,  -1.464435e+02
  2.035425e+01,  -1.218681e+02
  2.206975e+01,  -9.704978e+01
  2.543779e+01,  -7.664243e+01
  3.161056e+01,  -5.693255e+01
  2.926179e+01,  -2.237736e+01
  1.930891e+01,  4.881983e+01
  2.646750e+01,  1.287725e+02
  2.799648e+01,  1.527114e+02
  1.755493e+01,  1.385157e+02
  1.024888e+01,  1.086113e+02
  2.781140e+00,  -8.786147e+01
  7.793927e+00,  -1.176341e+02
  1.256589e+00,  3.964933e+01
  2.596667e+00,  6.733265e+01
  1.516869e-01,  1.583854e+02
  4.098981e-01,  -1.233767e+02
  7.061291e-01,  4.627630e+01
  1.038353e+00,  5.233994e+01
  3.606433e-01,  6.689046e+01
  6.826511e-02,  1.197261e+02
  4.612288e-01,  4.966314e+01
  7.471672e-01,  5.044352e+01
  4.811863e-01,  5.722071e+01
  2.500008e-01,  6.731175e+01
  3.974726e-01,  5.547698e+01
  5.780644e-01,  5.069909e+01
  4.808937e-01,  5.137086e+01
  3.348949e-01,  5.509550e+01
  3.854626e-01,  5.473547e+01
  4.987791e-01,  5.185359e+01
  4.845791e-01,  5.084156e+01
  4.139192e-01,  5.327221e+01
  4.260222e-01,  5.696029e+01
  4.785061e-01,  5.719275e+01
  4.762339e-01,  5.539883e+01
  4.490854e-01,  5.463611e+01
  4.601829e-01,  5.619971e+01
  4.748390e-01,  5.719050e+01
  4.387239e-01,  5.545194e+01
  3.960426e-01,  5.236134e+01
  4.137295e-01,  5.232131e+01
  4.654031e-01,  5.479461e+01
  4.777779e-01,  5.650755e+01
  4.470932e-01,  5.733386e+01
  4.287562e-01,  5.830068e+01
  4.335274e-01,  5.834352e+01
  4.202011e-01,  5.569833e+01
  3.845311e-01,  5.169225e+01
  3.729109e-01,  5.119642e+01
  4.069725e-01,  5.435113e+01
  4.429223e-01,  5.488138e+01
  4.352652e-01,  5.134805e+01
  4.073308e-01,  4.840122e+01
  4.099269e-01,  5.162486e+01
  4.523101e-01,  5.745662e+01
  4.816640e-01,  5.993132e+01
  4.624370e-01,  5.940093e+01
  4.271305e-01,  5.814650e+01
  4.212487e-01,  5.670817e+01
  4.429436e-01,  5.457046e+01
  4.565736e-01,  5.318402e+01
  4.451218e-01,  5.437699e+01
  4.254178e-01,  5.712725e+01
  4.153824e-01,  5.823128e+01
  4.187994e-01,  5.760868e+01
  4.347571e-01,  5.803711e+01
  4.549011e-01,  5.920792e+01
  4.598798e-01,  5.838558e+01
  4.424822e-01,  5.570521e+01
  4.243801e-01,  5.482955e+01
  4.308445e-01,  5.732228e+01
  4.536758e-01,  5.908109e+01
  4.574808e-01,  5.739561e+01
  4.336453e-01,  5.408900e+01
  4.094282e-01,  5.225858e+01
  4.094214e-01,  5.263645e+01
  4.280661e-01,  5.374745e+01
  4.445935e-01,  5.528528e+01
  4.517790e-01,  5.723711e+01
  4.541373e-01,  5.827226e+01
  4.525556e-01,  5.787205e+01
  4.468270e-01,  5.779344e+01
  4.432010e-01,  5.909269e+01
  4.458052e-01,  5.970630e+01
  4.448582e-01,  5.785306e+01
  4.304481e-01,  5.553932e+01
  4.116883e-01,  5.610302e+01
  4.128168e-01,  5.894779e+01
  4.366323e-01,  5.948777e+01
  4.561115e-01,  5.670957e+01
  4.532039e-01,  5.410258e+01
  4.406120e-01,  5.495996e+01
  4.429609e-01,  5.837351e+01
  4.569593e-01,  6.020326e+01
  4.596933e-01,  5.909945e+01
  4.497629e-01,  5.700742e+01
  4.448073e-01,  5.586152e+01
  4.504606e-01,  5.548199e+01
  4.531788e-01,  5.505829e+01
  4.448668e-01,  5.516902e+01
  4.366157e-01,  5.633715e+01
  4.398893e-01,  5.696064e+01
  4.478770e-01,  5.550443e+01
  4.460269e-01,  5.358059e+01
  4.301409e-01,  5.407363e+01
  4.133108e-01,  5.702944e+01
  4.108623e-01,  5.863625e+01
  4.230011e-01,  5.650154e+01
  4.365403e-01,  5.323934e+01
  4.340044e-01,  5.236227e+01
  4.180398e-01,  5.467598e+01
  4.148233e-01,  5.803711e+01
  4.374650e-01,  5.939544e+01
  4.628240e-01,  5.854196e+01
  4.573838e-01,  5.729338e+01
  4.236712e-01,  5.679247e+01
  4.038612e-01,  5.672389e+01
  4.246286e-01,  5.610108e+01
  4.588996e-01,  5.516354e+01
  4.630637e-01,  5.452740e+01
  4.375923e-01,  5.397455e+01
  4.220620e-01,  5.342404e+01
  4.340184e-01,  5.411177e+01
  4.455490e-01,  5.654909e+01
  4.282814e-01,  5.872966e+01
  3.954451e-01,  5.749087e+01
  3.871129e-01,  5.298703e+01
  4.140610e-01,  5.089825e+01
  4.459287e-01,  5.336542e+01
  4.569963e-01,  5.699112e+01
  4.452538e-01,  5.868347e+01
  4.234635e-01,  5.854750e+01
  4.026398e-01,  5.837177e+01
  3.905498e-01,  5.803781e+01
  3.981948e-01,  5.626482e+01
  4.291074e-01,  5.452712e+01
  4.646174e-01,  5.515707e+01
  4.793813e-01,  5.739531e+01
  4.674151e-01,  5.872380e+01
  4.456824e-01,  5.812198e+01
  4.338873e-01,  5.751569e+01
  4.348436e-01,  5.861792e+01
  4.391816e-01,  5.968653e+01
  4.389737e-01,  5.836658e+01
  4.371721e-01,  5.564061e+01
  4.409328e-01,  5.498232e+01
  4.510971e-01,  5.743841e+01
  4.561999e-01,  6.003658e+01
  4.397892e-01,  6.012752e+01
  4.095815e-01,  5.850212e+01
  3.969205e-01,  5.816156e+01
  4.185973e-01,  5.925312e+01
  4.516303e-01,  5.831301e+01
  4.614714e-01,  5.436651e+01
  4.454808e-01,  5.029676e+01
  4.276009e-01,  5.003036e+01
  4.296420e-01,  5.355326e+01
  4.486618e-01,  5.687480e+01
  4.663374e-01,  5.842499e+01
  4.751597e-01,  5.930605e+01
  4.758460e-01,  5.955623e+01
  4.677003e-01,  5.823822e+01
  4.541264e-01,  5.636363e+01
  4.437530e-01,  5.687147e+01
  4.421104e-01,  6.034142e+01
  4.444627e-01,  6.329673e+01
  4.420486e-01,  6.261729e+01
  4.374750e-01,  5.882065e+01
  4.334940e-01,  5.477557e+01
  4.242548e-01,  5.236931e+01
  4.142202e-01,  5.161894e+01
  4.223307e-01,  5.191267e+01
  4.532703e-01,  5.255559e+01
  4.800709e-01,  5.323459e+01
  4.743382e-01,  5.424462e+01
  4.447808e-01,  5.565650e+01
  4.248707e-01,  5.630490e+01
  4.293438e-01,  5.511762e+01
  4.443307e-01,  5.351585e+01
  4.535750e-01,  5.361471e+01
  4.554710e-01,  5.531836e+01
  4.513397e-01,  5.646989e+01
  4.389440e-01,  5.580463e+01
  4.245482e-01,  5.440983e+01
  4.204419e-01,  5.366799e+01
  4.290861e-01,  5.307904e+01
  4.408113e-01,  5.198383e+01
  4.469119e-01,  5.172309e+01
  4.454078e-01,  5.372538e+01
  4.360465e-01,  5.664562e+01
  4.191174e-01,  5.758402e+01
  4.059917e-01,  5.616966e+01
  4.107156e-01,  5.557827e+01
  4.259564e-01,  5.752214e+01
  4.284177e-01,  5.963287e+01
  4.097387e-01,  5.945140e+01
  3.938093e-01,  5.749326e+01
  4.052975e-01,  5.652020e+01
  4.345677e-01,  5.717851e+01
  4.505642e-01,  5.801929e+01
  4.400937e-01,  5.877171e+01
  4.213028e-01,  5.978069e+01
  4.156686e-01,  5.970308e+01
  4.221166e-01,  5.673301e+01
  4.267710e-01,  5.202063e+01
  4.219599e-01,  4.881737e+01
  4.134994e-01,  4.900645e+01
  4.130911e-01,  5.125795e+01
  4.212741e-01,  5.307242e+01
  4.298145e-01,  5.390758e+01
  4.357793e-01,  5.470073e+01
  4.409889e-01,  5.614087e+01
  4.428872e-01,  5.826232e+01
  4.372989e-01,  6.052684e+01
  4.302364e-01,  6.181209e+01
  4.347866e-01,  6.144594e+01
  4.501238e-01,  6.054358e+01
  4.552296e-01,  6.032415e+01
  4.383407e-01,  6.000178e+01
  4.201850e-01,  5.812394e+01
  4.269860e-01,  5.607559e+01
  4.471353e-01,  5.698303e+01
  4.481239e-01,  6.037062e+01
  4.266984e-01,  6.219750e+01
  4.148794e-01,  5.874374e+01
  4.351841e-01,  5.284295e+01
  4.579668e-01,  5.034303e+01
  4.504504e-01,  5.171648e+01
  4.298487e-01,  5.376335e+01
  4.260223e-01,  5.370288e+01
  4.341849e-01,  5.292163e+01
  4.316400e-01,  5.416382e+01
  4.245527e-01,  5.676486e+01
  4.351098e-01,  5.697525e+01
  4.555769e-01,  5.393430e+01
  4.526282e-01,  5.128712e+01
  4.170253e-01,  5.230261e+01
  3.873425e-01,  5.630774e+01
  3.952616e-01,  5.789248e+01
  4.259048e-01,  5.534992e+01
  4.485684e-01,  5.283331e+01
  4.505942e-01,  5.312950e+01
  4.414871e-01,  5.527856e+01
  4.299781e-01,  5.708634e+01
  4.185882e-01,  5.847322e+01
  4.123424e-01,  6.022537e+01
  4.127471e-01,  6.072858e+01
  4.125397e-01,  5.773709e+01
  4.090352e-01,  5.273862e+01
  4.064868e-01,  5.060361e+01
  4.113541e-01,  5.355905e+01
  4.266259e-01,  5.727544e+01
  4.400879e-01,  5.663977e+01
  4.451552e-01,  5.254151e+01
  4.449620e-01,  5.037882e+01
  4.398959e-01,  5.315125e+01
  4.307146e-01,  5.764865e+01
  4.183686e-01,  5.916426e+01
  4.187708e-01,  5.789617e+01
  4.476168e-01,  5.764192e+01
  4.853040e-01,  5.843965e+01
  4.894521e-01,  5.731601e+01
  4.511396e-01,  5.404042e+01
  4.122341e-01,  5.270786e+01
  4.143764e-01,  5.597209e+01
  4.485103e-01,  5.839629e+01
  4.654771e-01,  5.648824e+01
  4.474780e-01,  5.359515e+01
  4.219528e-01,  5.442090e+01
  4.203228e-01,  5.775224e+01
  4.321600e-01,  5.770559e+01
  4.287630e-01,  5.375715e+01
  4.148820e-01,  5.040146e+01
  4.197094e-01,  5.116191e+01
  4.467082e-01,  5.404573e+01
  4.516506e-01,  5.543039e+01
  4.141222e-01,  5.408436e+01
  3.904857e-01,  5.092898e+01
  4.265256e-01,  5.030733e+01
  4.673237e-01,  5.308039e+01
  4.440695e-01,  5.529096e+01
  4.078511e-01,  5.299033e+01
  4.533155e-01,  5.008139e+01
  5.138659e-01,  5.312568e+01
  4.545227e-01,  5.875795e+01
  3.448859e-01,  5.884944e+01
  4.078892e-01,  5.213205e+01
  5.894068e-01,  5.526325e+01
  5.641080e-01,  6.265886e+01
  3.091144e-01,  6.353227e+01
  2.872982e-01,  4.020777e+01
  5.992217e-01,  5.007760e+01
  7.094885e-01,  6.603270e+01
  3.381035e-01,  8.167804e+01
  1.595848e-01,  1.205977e+01
  6.481424e-01,  3.852538e+01
  9.396328e-01,  6.539495e+01
  4.002637e-01,  1.113188e+02
  3.272428e-01,  -9.641111e+01
  9.170487e-01,  2.592816e+01
  1.687860e+00,  6.653866e+01
  2.460295e-01,  -1.623321e+02
  8.126101e+00,  5.118619e+01
  1.034702e+01,  7.128767e+01
  9.738588e+00,  -1.301890e+02
  2.121714e+01,  -9.073932e+01
  2.080728e+01,  -6.170358e+01
  1.147100e+01,  -1.778798e+01
  1.084448e+01,  8.960569e+01
  1.877558e+01,  1.291396e+02
  1.658025e+01,  1.401320e+02
  7.705136e+00,  1.266261e+02
  5.469884e+00,  5.159544e+01
  6.965486e+00,  3.898204e+01
  2.571042e+00,  3.848199e+01
  6.313556e+00,  -1.108374e+02
  1.244905e+01,  -1.005864e+02
  9.814662e+00,  -7.982285e+01
  3.772371e-01,  1.073086e+02
  1.304459e+01,  1.529550e+02
  1.997930e+01,  1.757793e+02
  1.343499e+01,  -1.515871e+02
  1.367190e+01,  -4.256441e+01
  2.898214e+01,  -8.244192e+00
  2.934465e+01,  4.419551e+00
  1.396832e+01,  8.737138e+00
  4.432269e+00,  -1.436458e+02
  1.218839e+01,  -1.554130e+02
  8.176080e+00,  -1.754032e+02
  7.964556e+00,  1.086292e+02
  1.070174e+01,  9.481631e+01
  5.197318e+00,  1.255004e+02
  7.451287e+00,  -1.161241e+02
  1.177480e+01,  -8.259361e+01
  8.717730e+00,  -3.219178e+01
  1.203584e+01,  4.955324e+01
  1.747820e+01,  8.061581e+01
  1.249096e+01,  9.444556e+01
  2.008581e-01,  -1.520905e+02
  9.208265e+00,  -7.799843e+01
  7.825167e+00,  -8.801764e+01
  5.743463e+00,  1.799401e+02
  1.229588e+01,  1.480486e+02
  1.005982e+01,  1.366023e+02
  3.573870e+00,  2.495033e+01
  1.509063e+01,  -1.853781e+01
  1.940499e+01,  -2.084281e+01
  1.278170e+01,  -1.598356e+01
  4.572483e+00,  6.938623e+01
  1.464076e+01,  1.185205e+02
  1.909914e+01,  1.242972e+02
  1.209756e+01,  1.430247e+02
  7.922314e+00,  -1.007173e+02
  1.858926e+01,  -5.833762e+01
  1.645564e+01,  -3.545136e+01
  7.951697e+00,  5.958943e+01
  2.414162e+01,  1.263840e+02
  3.379355e+01,  1.390289e+02
  2.771587e+01,  1.361877e+02
  1.082662e+01,  1.228482e+02
  8.708445e+00,  -2.626648e+01
  1.807164e+01,  -3.515632e+01
  1.494839e+01,  -4.111323e+01
  8.354037e+00,  -8.151141e+01
  1.147875e+01,  -1.198792e+02
  1.147771e+01,  -1.112628e+02
  5.730437e+00,  -7.707924e+01
  4.580784e+00,  4.891128e+01
  1.123212e+01,  9.359573e+01
  1.581159e+01,  1.104715e+02
  1.530244e+01,  1.188279e+02
  8.247946e+00,  1.232767e+02
  2.875322e+00,  -2.498012e+01
  1.114560e+01,  -4.209835e+01
  1.338502e+01,  -5.980338e+01
  1.219949e+01,  -8.572954e+01
  9.027496e+00,  -1.092311e+02
  4.256354e+00,  -1.446709e+02
  3.660212e+00,  1.132479e+02
  6.919015e+00,  7.188901e+01
  8.176676e+00,  5.435862e+01
  6.962178e+00,  4.244727e+01
  4.851596e+00,  2.689471e+01
  2.984069e+00,  7.225823e-04
  2.318409e+00,  -3.909117e+01
  1.868550e+00,  -4.428220e+01
  8.677797e-01,  8.623258e+01
  5.317444e+00,  1.340245e+02
  1.038930e+01,  1.469467e+02
  1.221941e+01,  1.618616e+02
  8.765838e+00,  -1.604099e+02
  9.182428e+00,  -7.384067e+01
  1.458249e+01,  -2.467783e+01
  1.313709e+01,  1.391625e+01
  9.469044e+00,  8.937546e+01
  1.530673e+01,  1.517766e+02
  1.595840e+01,  -1.787605e+02
  8.203621e+00,  -1.361647e+02
  9.413949e+00,  -3.839147e+01
  1.430675e+01,  -1.559435e+01
  1.131424e+01,  -1.902630e+01
  6.167537e+00,  -5.232324e+01
  2.713419e+00,  -1.093052e+02
  5.747409e+00,  1.126550e+02
  1.524192e+01,  9.892746e+01
  2.012198e+01,  1.017436e+02
  1.586121e+01,  1.152304e+02
  6.570797e+00,  1.554417e+02
  5.142124e+00,  -1.042199e+02
  3.581852e+00,  -5.478506e+01
  4.911705e+00,  8.898219e+01
  1.080229e+01,  1.197652e+02
  1.002715e+01,  1.503370e+02
  7.899340e+00,  -1.415922e+02
  1.142584e+01,  -9.204005e+01
  9.751625e+00,  -7.877998e+01
  3.238573e+00,  -1.314430e+02
  8.406804e+00,  1.593923e+02
  8.361257e+00,  1.625839e+02
  1.530286e+00,  -8.637984e+01
  1.160870e+01,  -1.749415e+01
  1.616791e+01,  -3.515732e+00
  1.228045e+01,  1.469969e+01
  6.606435e+00,  5.963824e+01
  6.371252e+00,  1.090124e+02
  4.392647e+00,  1.020108e+02
  4.852146e+00,  1.626497e+01
  9.370111e+00,  -6.552914e+00
  8.943858e+00,  -7.873567e+00
  3.332686e+00,  1.813233e+01
  5.966665e+00,  1.291285e+02
  1.153286e+01,  1.291542e+02
  1.511239e+01,  1.156387e+02
  1.768482e+01,  1.045225e+02
  1.654904e+01,  1.024634e+02
  9.375936e+00,  1.155480e+02
  5.047407e+00,  -1.349731e+02
  1.373437e+01,  -9.417895e+01
  1.746893e+01,  -9.033591e+01
  1.466155e+01,  -1.004940e+02
  8.065513e+00,  -1.290208e+02
  6.513059e+00,  1.586078e+02
  8.470150e+00,  1.336544e+02
  5.119558e+00,  1.190737e+02
  4.198367e+00,  1.772796e+01
  1.042753e+01,  2.976261e-01
  1.341375e+01,  7.725431e+00
  1.185213e+01,  2.297312e+01
  6.884783e+00,  5.638543e+01
  7.287944e+00,  1.467986e+02
  1.526370e+01,  -1.798825e+02
  2.013927e+01,  -1.696990e+02
  1.887520e+01,  -1.692370e+02
  1.288841e+01,  1.797339e+02
  7.116534e+00,  1.458449e+02
  4.841206e+00,  1.055491e+02
  9.587654e-01,  1.796264e+02
  9.444569e+00,  -1.103030e+02
  1.812028e+01,  -1.059089e+02
  2.031661e+01,  -1.018917e+02
  1.437252e+01,  -9.654867e+01
  5.540899e+00,  -7.849279e+01
  2.628974e+00,  1.278721e+00
  1.864617e+00,  -1.016630e+01
  4.643339e+00,  -1.133980e+02
  1.071069e+01,  -1.328186e+02
  1.411632e+01,  -1.390702e+02
  1.219501e+01,  -1.357500e+02
  6.276416e+00,  -1.042022e+02
  9.049344e+00,  -2.116411e+01
  1.668838e+01,  8.300299e-01
  1.794588e+01,  2.004756e+01
  1.242148e+01,  4.948174e+01
  5.182280e+00,  1.016834e+02
  4.361372e+00,  -1.582884e+02
  5.223907e+00,  -1.266716e+02
  3.451521e+00,  -1.280887e+02
  2.240768e+00,  -1.765958e+02
  3.119499e+00,  1.488644e+02
  3.186586e+00,  1.349616e+02
  2.252023e+00,  9.321955e+01
  4.420559e+00,  3.136200e+01
  8.420238e+00,  2.060475e+01
  9.990536e+00,  2.100328e+01
  6.630828e+00,  2.145588e+01
  1.620571e+00,  -1.132298e+02
  9.986367e+00,  -1.376657e+02
  1.342652e+01,  -1.342689e+02
  8.525829e+00,  -1.312595e+02
  2.619507e+00,  1.153218e+02
  1.026790e+01,  8.902673e+01
  1.051911e+01,  9.005671e+01
  3.175385e+00,  5.159729e+01
  1.013532e+01,  -4.373026e+01
  1.573834e+01,  -3.904169e+01
  1.198021e+01,  -2.906193e+01
  1.242663e+00,  -5.922723e+01
  1.088033e+01,  -1.728837e+02
  1.328881e+01,  -1.513636e+02
  5.961990e+00,  -2.296588e+01
  3.799454e+00,  8.137156e+01
  1.360592e+00,  -1.781144e+02
  5.287170e-01,  -6.033284e+01
  1.189239e+00,  2.856696e+01
  9.012072e-01,  7.267661e+01
  3.801045e-01,  1.301972e+02
  2.264261e-01,  1.297212e+01
  7.287324e-01,  3.243288e+01
  6.652261e-01,  5.950024e+01
  3.503157e-01,  8.413841e+01
  2.869478e-01,  4.484302e+01
  5.707558e-01,  3.950854e+01
  6.073347e-01,  5.488787e+01
  4.254283e-01,  6.586833e+01
  3.443066e-01,  4.923451e+01
  4.743808e-01,  4.203306e+01
  5.294496e-01,  5.391845e+01
  4.546609e-01,  6.470885e+01
  3.788777e-01,  5.835148e+01
  4.156259e-01,  4.740537e+01
  4.605386e-01,  5.165724e+01
  4.553242e-01,  6.015796e+01
  4.429533e-01,  5.984811e+01
  4.586733e-01,  5.346294e+01
  4.636427e-01,  5.210340e+01
  4.339318e-01,  5.532085e+01
  4.191374e-01,  5.639081e+01
  4.492870e-01,  5.508919e+01
  4.834207e-01,  5.675324e+01
  4.752812e-01,  6.056547e+01
  4.369883e-01,  6.161522e+01
  4.141008e-01,  5.853670e+01
  4.237574e-01,  5.707496e+01
  4.411797e-01,  5.922353e+01
  4.460138e-01,  5.976197e+01
  4.425990e-01,  5.563910e+01
  4.448209e-01,  5.128080e+01
  4.478823e-01,  5.204406e+01
  4.498313e-01,  5.601467e+01
  4.554625e-01,  5.753111e+01
  4.647479e-01,  5.583412e+01
  4.684413e-01,  5.526641e+01
  4.543046e-01,  5.778257e+01
  4.282449e-01,  6.030335e+01
  4.116725e-01,  5.928832e+01
  4.212968e-01,  5.657649e+01
  4.421466e-01,  5.610554e+01
  4.436170e-01,  5.698365e+01
  4.213662e-01,  5.607055e+01
  4.062355e-01,  5.360004e+01
  4.206174e-01,  5.380595e+01
  4.445867e-01,  5.689446e+01
  4.411015e-01,  5.799307e+01
  4.106481e-01,  5.378000e+01
  3.991738e-01,  4.785260e+01
  4.198933e-01,  4.836984e+01
  4.398328e-01,  5.482512e+01
  4.312147e-01,  6.072575e+01
  4.086348e-01,  6.142715e+01
  4.162000e-01,  5.800196e+01
  4.499643e-01,  5.650847e+01
  4.555410e-01,  5.837343e+01
  4.185628e-01,  6.033936e+01
  3.896047e-01,  5.871985e+01
  4.102265e-01,  5.504699e+01
  4.477692e-01,  5.424966e+01
  4.513781e-01,  5.619634e+01
  4.306931e-01,  5.796298e+01
  4.278524e-01,  5.808074e+01
  4.458434e-01,  5.870784e+01
  4.497407e-01,  6.075854e+01
  4.294583e-01,  6.090056e+01
  4.174654e-01,  5.616848e+01
  4.375309e-01,  5.134221e+01
  4.608384e-01,  5.257970e+01
  4.594055e-01,  5.791368e+01
  4.357091e-01,  6.111713e+01
  4.067809e-01,  5.926597e+01
  3.938929e-01,  5.676577e+01
  4.045590e-01,  5.808336e+01
  4.314732e-01,  6.001584e+01
  4.498553e-01,  5.882721e+01
  4.410909e-01,  5.624165e+01
  4.158087e-01,  5.546236e+01
  4.050253e-01,  5.587422e+01
  4.219077e-01,  5.413272e+01
  4.469213e-01,  5.110938e+01
  4.557487e-01,  5.055280e+01
  4.505965e-01,  5.353929e+01
  4.479057e-01,  5.729548e+01
  4.449302e-01,  5.919977e+01
  4.320966e-01,  5.983461e+01
  4.186467e-01,  5.994968e+01
  4.233028e-01,  5.813649e+01
  4.455677e-01,  5.397480e+01
  4.590811e-01,  5.004954e+01
  4.402486e-01,  4.897647e+01
  4.031798e-01,  5.149846e+01
  3.876483e-01,  5.531938e+01
  4.110398e-01,  5.650787e+01
  4.518248e-01,  5.493474e+01
  4.730950e-01,  5.307932e+01
  4.567308e-01,  5.243550e+01
  4.212872e-01,  5.342167e+01
  4.027331e-01,  5.595639e+01
  4.179282e-01,  5.927559e+01
  4.506669e-01,  6.183091e+01
  4.727068e-01,  6.194386e+01
  4.738189e-01,  5.905330e+01
  4.638755e-01,  5.544190e+01
  4.497263e-01,  5.510399e+01
  4.363927e-01,  5.853619e+01
  4.343768e-01,  6.096627e+01
  4.480484e-01,  5.890206e+01
  4.697384e-01,  5.562000e+01
  4.779770e-01,  5.537326e+01
  4.664052e-01,  5.743543e+01
  4.517747e-01,  5.813258e+01
  4.473516e-01,  5.657492e+01
  4.460457e-01,  5.568932e+01
  4.356084e-01,  5.657421e+01
  4.228027e-01,  5.711018e+01
  4.223205e-01,  5.641340e+01
  4.309871e-01,  5.654835e+01
  4.304097e-01,  5.784403e+01
  4.157831e-01,  5.755971e+01
  4.056504e-01,  5.472524e+01
  4.147879e-01,  5.332164e+01
  4.327590e-01,  5.595387e+01
  4.452012e-01,  5.941584e+01
  4.500553e-01,  6.018522e+01
  4.545171e-01,  5.930728e+01
  4.547317e-01,  5.967429e+01
  4.398958e-01,  6.042507e+01
  4.190808e-01,  5.797721e+01
  4.198807e-01,  5.250812e+01
  4.410485e-01,  4.946554e+01
  4.447271e-01,  5.101472e+01
  4.179268e-01,  5.489051e+01
  3.948276e-01,  5.817682e+01
  4.107054e-01,  5.915605e+01
  4.519750e-01,  5.834782e+01
  4.739559e-01,  5.671883e+01
  4.602774e-01,  5.518154e+01
  4.335244e-01,  5.543334e+01
  4.143118e-01,  5.796652e+01
  4.017632e-01,  5.998075e+01
  3.965328e-01,  5.879064e+01
  4.133027e-01,  5.632314e+01
  4.469570e-01,  5.679957e+01
  4.663379e-01,  6.020108e+01
  4.552370e-01,  6.304867e+01
  4.354436e-01,  6.225257e+01
  4.378359e-01,  5.894306e+01
  4.514755e-01,  5.746710e+01
  4.407160e-01,  5.867890e+01
  4.066429e-01,  5.987904e+01
  3.892741e-01,  5.863348e+01
  4.111779e-01,  5.663815e+01
  4.429067e-01,  5.654902e+01
  4.464119e-01,  5.740753e+01
  4.268756e-01,  5.713997e+01
  4.183018e-01,  5.583846e+01
  4.318256e-01,  5.593485e+01
  4.473347e-01,  5.784294e+01
  4.505636e-01,  5.922489e+01
  4.483508e-01,  5.834121e+01
  4.468609e-01,  5.643133e+01
  4.364307e-01,  5.608338e+01
  4.159031e-01,  5.799607e+01
  4.073046e-01,  6.011156e+01
  4.239784e-01,  5.963482e+01
  4.467935e-01,  5.679588e+01
  4.474370e-01,  5.420839e+01
  4.263835e-01,  5.450302e+01
  4.131115e-01,  5.819043e+01
  4.229653e-01,  6.137610e+01
  4.363597e-01,  6.015680e+01
  4.373393e-01,  5.528503e+01
  4.316883e-01,  5.088708e+01
  4.256434e-01,  5.071301e+01
  4.206338e-01,  5.421821e+01
  4.175351e-01,  5.729748e+01
  4.177846e-01,  5.682893e+01
  4.226097e-01,  5.393458e+01
  4.247719e-01,  5.230026e+01
  4.195490e-01,  5.363955e+01
  4.195022e-01,  5.587904e+01
  4.349280e-01,  5.582370e+01
  4.551380e-01,  5.380606e+01
  4.604866e-01,  5.271621e+01
  4.505258e-01,  5.396921e+01
  4.447636e-01,  5.619934e+01
  4.476329e-01,  5.738565e+01
  4.408281e-01,  5.772472e+01
  4.184588e-01,  5.832519e+01
  4.054173e-01,  5.882072e+01
  4.220136e-01,  5.804500e+01
  4.469858e-01,  5.644424e+01
  4.424773e-01,  5.500822e+01
  4.099257e-01,  5.398445e+01
  3.894535e-01,  5.388364e+01
  4.010768e-01,  5.543637e+01
  4.196306e-01,  5.756428e+01
  4.178895e-01,  5.786355e+01
  4.082534e-01,  5.509271e+01
  4.176112e-01,  5.204869e+01
  4.371062e-01,  5.264041e+01
  4.380018e-01,  5.607434e+01
  4.155321e-01,  5.873690e+01
  3.943407e-01,  5.828826e+01
  3.969155e-01,  5.634548e+01
  4.146678e-01,  5.554793e+01
  4.266512e-01,  5.552276e+01
  4.308285e-01,  5.545705e+01
  4.390893e-01,  5.639826e+01
  4.508586e-01,  5.894307e+01
  4.497291e-01,  6.115774e+01
  4.304953e-01,  6.068233e+01
  4.166762e-01,  5.759606e+01
  4.288144e-01,  5.497250e+01
  4.513324e-01,  5.461154e+01
  4.570141e-01,  5.543103e+01
  4.473364e-01,  5.647544e+01
  4.468327e-01,  5.756998e+01
  4.603048e-01,  5.816339e+01
  4.629856e-01,  5.760026e+01
  4.411735e-01,  5.606446e+01
  4.154651e-01,  5.445116e+01
  4.095725e-01,  5.344132e+01
  4.174622e-01,  5.298820e+01
  4.189295e-01,  5.347260e+01
  4.140868e-01,  5.559251e+01
  4.200750e-01,  5.800043e+01
  4.377904e-01,  5.773424e+01
  4.497383e-01,  5.467075e+01
  4.455168e-01,  5.218715e+01
  4.312877e-01,  5.360567e+01
  4.215823e-01,  5.801184e+01
  4.189995e-01,  6.057683e+01
  4.180776e-01,  5.888275e+01
  4.215679e-01,  5.580744e+01
  4.269229e-01,  5.528676e+01
  4.259780e-01,  5.709230e+01
  4.200533e-01,  5.781023e+01
  4.222856e-01,  5.578477e+01
  4.389673e-01,  5.377643e+01
  4.538677e-01,  5.471880e+01
  4.528440e-01,  5.750987e+01
  4.437036e-01,  5.861339e+01
  4.426682e-01,  5.639674e+01
  4.512595e-01,  5.367576e+01
  4.545747e-01,  5.374876e+01
  4.488127e-01,  5.649457e+01
  4.435537e-01,  5.928187e+01
  4.404667e-01,  6.012053e+01
  4.338574e-01,  5.935195e+01
  4.243078e-01,  5.829284e+01
  4.197038e-01,  5.788205e+01
  4.249039e-01,  5.820066e+01
  4.376644e-01,  5.824588e+01
  4.534230e-01,  5.672811e+01
  4.678220e-01,  5.373737e+01
  4.739778e-01,  5.111771e+01
  4.658193e-01,  5.073746e+01
  4.485623e-01,  5.281069e+01
  4.355824e-01,  5.582044e+01
  4.340235e-01,  5.815477e+01
  4.408764e-01,  5.951580e+01
  4.484573e-01,  5.998070e+01
  4.501642e-01,  5.900664e+01
  4.454648e-01,  5.639849e+01
  4.402742e-01,  5.357480e+01
  4.396303e-01,  5.271593e+01
  4.427432e-01,  5.417499e+01
  4.443057e-01,  5.589019e+01
  4.413734e-01,  5.584839e+01
  4.401462e-01,  5.446352e+01
  4.454967e-01,  5.429711e+01
  4.506582e-01,  5.689435e+01
  4.495909e-01,  6.076540e+01
  4.494261e-01,  6.269039e+01
  4.623333e-01,  6.097452e+01
  4.818577e-01,  5.766057e+01
  4.784285e-01,  5.566145e+01
  4.415035e-01,  5.594856e+01
  4.047605e-01,  5.768851e+01
  4.033824e-01,  5.863148e+01
  4.277066e-01,  5.778340e+01
  4.437414e-01,  5.651632e+01
  4.428279e-01,  5.617444e+01
  4.434773e-01,  5.664137e+01
  4.501748e-01,  5.655545e+01
  4.460948e-01,  5.557797e+01
  4.305760e-01,  5.534668e+01
  4.292699e-01,  5.724517e+01
  4.543291e-01,  5.916648e+01
  4.799637e-01,  5.818574e+01
  4.804742e-01,  5.493900e+01
  4.599305e-01,  5.293542e+01
  4.343842e-01,  5.485064e+01
  4.146735e-01,  5.836855e+01
  4.059189e-01,  5.859163e+01
  4.168263e-01,  5.544439e+01
  4.404589e-01,  5.384347e+01
  4.480505e-01,  5.545511e+01
  4.310007e-01,  5.710983e+01
  4.149259e-01,  5.572481e+01
  4.225898e-01,  5.333249e+01
  4.377584e-01,  5.405232e+01
  4.388123e-01,  5.732642e+01
  4.344113e-01,  5.939026e+01
  4.396594e-01,  5.839997e+01
  4.458734e-01,  5.673494e+01
  4.371674e-01,  5.668383e+01
  4.270041e-01,  5.755876e+01
  4.362052e-01,  5.743188e+01
  4.485756e-01,  5.631360e+01
  4.309888e-01,  5.564400e+01
  3.919612e-01,  5.620856e+01
  3.777197e-01,  5.734236e+01
  4.039583e-01,  5.760939e+01
  4.329416e-01,  5.734485e+01
  4.305485e-01,  5.789361e+01
  4.129856e-01,  5.955204e+01
  4.174561e-01,  6.054247e+01
  4.497441e-01,  5.954540e+01
  4.819306e-01,  5.829932e+01
  4.865104e-01,  5.866941e+01
  4.632394e-01,  5.995967e+01
  4.361810e-01,  5.923556e+01
  4.330253e-01,  5.534007e+01
  4.562678e-01,  5.193088e+01
  4.739317e-01,  5.182006e+01
  4.624802e-01,  5.338979e+01
  4.389181e-01,  5.347077e+01
  4.381124e-01,  5.142730e+01
  4.611614e-01,  5.081946e+01
  4.712023e-01,  5.407227e+01
  4.518060e-01,  5.981310e+01
  4.273330e-01,  6.380009e+01
  4.227214e-01,  6.246997e+01
  4.331941e-01,  5.858060e+01
  4.329375e-01,  5.712948e+01
  4.206529e-01,  5.889057e+01
  4.219556e-01,  6.027591e+01
  4.420586e-01,  5.836411e+01
  4.595748e-01,  5.509474e+01
  4.588409e-01,  5.363008e+01
  4.475093e-01,  5.476305e+01
  4.331830e-01,  5.667965e+01
  4.085778e-01,  5.773062e+01
  3.810387e-01,  5.843350e+01
  3.819449e-01,  5.960589e+01
  4.206615e-01,  5.995500e+01
  4.563742e-01,  5.824464e+01
  4.479148e-01,  5.500904e+01
  4.111961e-01,  5.202583e+01
  3.949876e-01,  5.195367e+01
  4.130042e-01,  5.471937e+01
  4.295780e-01,  5.726669e+01
  4.180262e-01,  5.789395e+01
  4.035463e-01,  5.653193e+01
  4.232104e-01,  5.465289e+01
  4.677510e-01,  5.386345e+01
  4.923352e-01,  5.409040e+01
  4.748397e-01,  5.491338e+01
  4.407623e-01,  5.621911e+01
  4.287192e-01,  5.732547e+01
  4.457732e-01,  5.724492e+01
  4.655568e-01,  5.653742e+01
  4.628903e-01,  5.668029e+01
  4.416360e-01,  5.784887e+01
  4.253397e-01,  5.795790e+01
  4.266151e-01,  5.553944e+01
  4.343741e-01,  5.299571e+01
  4.301285e-01,  5.331959e+01
  4.167938e-01,  5.605812e+01
  4.118488e-01,  5.774331e+01
  4.199823e-01,  5.664467e+01
  4.312894e-01,  5.505800e+01
  4.381917e-01,  5.512484e+01
  4.460910e-01,  5.610944e+01
  4.584216e-01,  5.636280e+01
  4.660580e-01,  5.616467e+01
  4.616920e-01,  5.698217e+01
  4.527016e-01,  5.882198e+01
  4.477113e-01,  5.956133e+01
  4.429767e-01,  5.765588e+01
  4.354408e-01,  5.440974e+01
  4.320043e-01,  5.271444e+01
  4.383806e-01,  5.379190e+01
  4.482095e-01,  5.584204e+01
  4.519186e-01,  5.673480e+01
  4.521524e-01,  5.626284e+01
  4.527269e-01,  5.570302e+01
  4.453781e-01,  5.599986e+01
  4.301511e-01,  5.681897e+01
  4.303525e-01,  5.704342e+01
  4.588875e-01,  5.612000e+01
  4.844080e-01,  5.487550e+01
  4.672947e-01,  5.440821e+01
  4.244295e-01,  5.547478e+01
  4.150319e-01,  5.748314e+01
  4.538555e-01,  5.830592e+01
  4.844523e-01,  5.776451e+01
  4.593730e-01,  5.696581e+01
  4.094867e-01,  5.633749e+01
  4.010956e-01,  5.572183e+01
  4.438203e-01,  5.542421e+01
  4.811059e-01,  5.604050e+01
  4.698705e-01,  5.742004e+01
  4.311716e-01,  5.823127e+01
  4.103129e-01,  5.659950e+01
  4.172573e-01,  5.316781e+01
  4.251084e-01,  5.060266e+01
  4.171091e-01,  5.014488e+01
  4.095985e-01,  5.127147e+01
  4.216088e-01,  5.277721e+01
  4.451130e-01,  5.453596e+01
  4.571962e-01,  5.714853e+01
  4.486998e-01,  5.986571e+01
  4.307409e-01,  6.059934e+01
  4.221995e-01,  5.894944e+01
  4.318768e-01,  5.777076e+01
  4.482279e-01,  5.865863e+01
  4.505984e-01,  5.944584e+01
  4.303207e-01,  5.808538e+01
  4.044797e-01,  5.571082e+01
  3.973585e-01,  5.475300e+01
  4.123395e-01,  5.437282e+01
  4.296525e-01,  5.268062e+01
  4.342358e-01,  5.157429e+01
  4.364747e-01,  5.430735e+01
  4.573173e-01,  5.925051e+01
  4.857724e-01,  6.106390e+01
  4.880481e-01,  5.867006e+01
  4.565202e-01,  5.505669e+01
  4.161437e-01,  5.316414e+01
  3.967889e-01,  5.301162e+01
  4.038467e-01,  5.283573e+01
  4.208078e-01,  5.325436e+01
  4.350032e-01,  5.605551e+01
  4.466001e-01,  6.036705e+01
  4.528589e-01,  6.290889e+01
  4.471151e-01,  6.174242e+01
  4.355063e-01,  5.811447e+01
  4.295594e-01,  5.527619e+01
  4.300549e-01,  5.527608e+01
  4.321021e-01,  5.718712e+01
  4.366980e-01,  5.882233e+01
  4.489669e-01,  5.887203e+01
  4.624429e-01,  5.755812e+01
  4.559635e-01,  5.574069e+01
  4.211438e-01,  5.410981e+01
  3.845256e-01,  5.335308e+01
  3.828751e-01,  5.353473e+01
  4.182971e-01,  5.325289e+01
  4.566085e-01,  5.192476e+01
  4.702901e-01,  5.096311e+01
  4.630880e-01,  5.219475e+01
  4.532990e-01,  5.533494e+01
  4.497971e-01,  5.741469e+01
  4.538351e-01,  5.660528e+01
  4.652991e-01,  5.489504e+01
  4.700090e-01,  5.502425e+01
  4.522413e-01,  5.664866e+01
  4.244484e-01,  5.718668e+01
  4.181829e-01,  5.565966e+01
  4.363452e-01,  5.492720e+01
  4.439888e-01,  5.671234e+01
  4.266805e-01,  5.875435e+01
  4.175449e-01,  5.751287e+01
  4.470752e-01,  5.374719e+01
  4.853081e-01,  5.191021e+01
  4.794610e-01,  5.300299e+01
  4.343896e-01,  5.546122e+01
  4.044741e-01,  5.747613e+01
  4.196831e-01,  5.846052e+01
  4.534137e-01,  5.882124e+01
  4.649936e-01,  5.826764e+01
  4.491621e-01,  5.678011e+01
  4.320067e-01,  5.581029e+01
  4.350081e-01,  5.630327e+01
  4.546815e-01,  5.652234e+01
  4.685062e-01,  5.536201e+01
  4.593007e-01,  5.476281e+01
  4.369460e-01,  5.681605e+01
  4.310035e-01,  5.946481e+01
  4.479885e-01,  5.843420e+01
  4.604616e-01,  5.467406e+01
  4.419102e-01,  5.255517e+01
  4.071721e-01,  5.434689e+01
  3.995802e-01,  5.762109e+01
  4.266772e-01,  5.850631e+01
  4.527519e-01,  5.782729e+01
  4.514212e-01,  5.741324e+01
  4.364864e-01,  5.672393e+01
  4.332974e-01,  5.483521e+01
  4.406034e-01,  5.304851e+01
  4.401739e-01,  5.284542e+01
  4.319544e-01,  5.336464e+01
  4.319329e-01,  5.267759e+01
  4.411608e-01,  5.105879e+01
  4.401852e-01,  5.096721e+01
  4.214698e-01,  5.388447e+01
  4.076619e-01,  5.810769e+01
  4.182043e-01,  5.931046e+01
  4.420525e-01,  5.633282e+01
  4.533118e-01,  5.263451e+01
  4.411619e-01,  5.180319e+01
  4.274014e-01,  5.428444e+01
  4.380016e-01,  5.610761e+01
  4.652840e-01,  5.426858e+01
  4.800526e-01,  5.142808e+01
  4.635246e-01,  5.164208e+01
  4.322170e-01,  5.549563e+01
  4.178973e-01,  5.824770e+01
  4.275438e-01,  5.589636e+01
  4.445981e-01,  5.205876e+01
  4.451372e-01,  5.190014e+01
  4.310101e-01,  5.538574e+01
  4.250025e-01,  5.753366e+01
  4.346472e-01,  5.516303e+01
  4.480283e-01,  5.180345e+01
  4.498624e-01,  5.198802e+01
  4.476691e-01,  5.561933e+01
  4.553211e-01,  5.840230e+01
  4.634901e-01,  5.751778e+01
  4.585529e-01,  5.462682e+01
  4.455390e-01,  5.292087e+01
  4.406423e-01,  5.387489e+01
  4.454241e-01,  5.595669e+01
  4.435128e-01,  5.692952e+01
  4.324836e-01,  5.629390e+01
  4.334762e-01,  5.535044e+01
  4.546643e-01,  5.559845e+01
  4.691499e-01,  5.671007e+01
  4.490704e-01,  5.750305e+01
  4.111669e-01,  5.751291e+01
  4.025836e-01,  5.714754e+01
  4.379024e-01,  5.656739e+01
  4.756143e-01,  5.538079e+01
  4.708416e-01,  5.415574e+01
  4.333006e-01,  5.468279e+01
  4.132884e-01,  5.746458e+01
  4.325803e-01,  5.878605e+01
  4.565884e-01,  5.648585e+01
  4.470228e-01,  5.338213e+01
  4.106816e-01,  5.350732e+01
  3.939380e-01,  5.762469e+01
  4.231392e-01,  6.021642e+01
  4.695377e-01,  5.824212e+01
  4.918493e-01,  5.480896e+01
  4.779126e-01,  5.342772e+01
  4.514446e-01,  5.548335e+01
  4.415617e-01,  5.909382e+01
  4.495062e-01,  6.064966e+01
  4.588361e-01,  5.879197e+01
  4.609411e-01,  5.500156e+01
  4.530635e-01,  5.212482e+01
  4.316846e-01,  5.224732e+01
  4.052334e-01,  5.459109e+01
  3.955561e-01,  5.538914e+01
  4.151577e-01,  5.274909e+01
  4.461098e-01,  5.062735e+01
  4.524799e-01,  5.309325e+01
  4.317288e-01,  5.966594e+01
  4.130733e-01,  6.466169e+01
  4.115038e-01,  6.288161e+01
  4.229185e-01,  5.778515e+01
  4.282203e-01,  5.598754e+01
  4.231623e-01,  5.860796e+01
  4.252055e-01,  6.144714e+01
  4.384637e-01,  6.077479e+01
  4.493863e-01,  5.767065e+01
  4.446722e-01,  5.506002e+01
  4.273721e-01,  5.449461e+01
  4.139340e-01,  5.578844e+01
  4.141385e-01,  5.767781e+01
  4.233248e-01,  5.935541e+01
  4.348752e-01,  6.098458e+01
  4.489196e-01,  6.210134e+01
  4.638794e-01,  6.098753e+01
  4.706338e-01,  5.704419e+01
  4.613579e-01,  5.271633e+01
  4.395673e-01,  5.183082e+01
  4.258655e-01,  5.530955e+01
  4.358284e-01,  5.890388e+01
  4.544070e-01,  5.929436e+01
  4.586618e-01,  5.829155e+01
  4.433201e-01,  5.818528e+01
  4.224985e-01,  5.812817e+01
  4.133048e-01,  5.634279e+01
  4.210197e-01,  5.467932e+01
  4.366200e-01,  5.637190e+01
  4.509881e-01,  6.042309e+01
  4.608347e-01,  6.260266e+01
  4.683693e-01,  6.080420e+01
  4.779180e-01,  5.737793e+01
  4.823823e-01,  5.569380e+01
  4.747123e-01,  5.627945e+01
  4.614298e-01,  5.737158e+01
  4.489125e-01,  5.733970e+01
  4.335678e-01,  5.619007e+01
  4.168963e-01,  5.508429e+01
  4.152527e-01,  5.508971e+01
  4.353193e-01,  5.592649e+01
  4.529093e-01,  5.637698e+01
  4.441551e-01,  5.626505e+01
  4.260819e-01,  5.694448e+01
  4.326650e-01,  5.928342e+01
  4.574928e-01,  6.102200e+01
  4.590674e-01,  5.953346e+01
  4.295569e-01,  5.490566e+01
  4.061989e-01,  5.107154e+01
  4.100763e-01,  5.210558e+01
  4.255996e-01,  5.515425e+01
  4.321374e-01,  5.548074e+01
  4.395366e-01,  5.327394e+01
  4.635896e-01,  5.239196e+01
  4.875149e-01,  5.383738e+01
  4.824663e-01,  5.522244e+01
  4.503566e-01,  5.560260e+01
  4.255567e-01,  5.687375e+01
  4.299100e-01,  5.972275e+01
  4.456817e-01,  6.074418e+01
  4.459317e-01,  5.763465e+01
  4.361360e-01,  5.277314e+01
  4.344477e-01,  5.136242e+01
  4.434345e-01,  5.468277e+01
  4.521005e-01,  5.829811e+01
  4.512388e-01,  5.826759e+01
  4.512404e-01,  5.510106e+01
  4.601098e-01,  5.268385e+01
  4.646183e-01,  5.348005e+01
  4.552732e-01,  5.641985e+01
  4.426618e-01,  5.878986e+01
  4.405693e-01,  5.873287e+01
  4.451343e-01,  5.703366e+01
  4.391908e-01,  5.562607e+01
  4.188032e-01,  5.525281e+01
  4.027126e-01,  5.521639e+01
  4.088828e-01,  5.476506e+01
  4.326904e-01,  5.467622e+01
  4.548885e-01,  5.598203e+01
  4.641123e-01,  5.776286e+01
  4.611660e-01,  5.756685e+01
  4.498756e-01,  5.463177e+01
  4.331266e-01,  5.200314e+01
  4.180625e-01,  5.336898e+01
  4.218943e-01,  5.750855e+01
  4.441711e-01,  5.929644e+01
  4.576389e-01,  5.776133e+01
  4.443040e-01,  5.615321e+01
  4.199133e-01,  5.651639e+01
  4.154461e-01,  5.714089e+01
  4.337310e-01,  5.609275e+01
  4.489541e-01,  5.506008e+01
  4.460696e-01,  5.576320e+01
  4.374634e-01,  5.674456e+01
  4.339325e-01,  5.550628e+01
  4.291834e-01,  5.302855e+01
  4.187028e-01,  5.271784e+01
  4.145149e-01,  5.541888e+01
  4.235737e-01,  5.781807e+01
  4.306946e-01,  5.757705e+01
  4.279305e-01,  5.618276e+01
  4.289056e-01,  5.563383e+01
  4.425247e-01,  5.550862e+01
  4.560162e-01,  5.490962e+01
  4.596749e-01,  5.533521e+01
  4.648242e-01,  5.847284e+01
  4.755116e-01,  6.217267e+01
  4.661601e-01,  6.285035e+01
  4.293870e-01,  6.042796e+01
  4.056184e-01,  5.871738e+01
  4.262004e-01,  6.018504e+01
  4.612105e-01,  6.100122e+01
  4.581631e-01,  5.830356e+01
  4.246080e-01,  5.403856e+01
  4.121628e-01,  5.326696e+01
  4.398703e-01,  5.629599e+01
  4.685785e-01,  5.774586e+01
  4.588440e-01,  5.593365e+01
  4.269836e-01,  5.350945e+01
  4.094984e-01,  5.409402e+01
  4.142127e-01,  5.750502e+01
  4.228793e-01,  6.045541e+01
  4.254573e-01,  6.069746e+01
  4.304192e-01,  5.782542e+01
  4.403588e-01,  5.395607e+01
  4.420004e-01,  5.250769e+01
  4.327173e-01,  5.469182e+01
  4.307560e-01,  5.740021e+01
  4.437961e-01,  5.669719e+01
  4.593964e-01,  5.430168e+01
  4.615471e-01,  5.475184e+01
  4.510801e-01,  5.825649e+01
  4.375418e-01,  5.978155e+01
  4.264540e-01,  5.620229e+01
  4.273911e-01,  5.157908e+01
  4.382027e-01,  5.095667e+01
  4.440362e-01,  5.270837e+01
  4.273469e-01,  5.278529e+01
  3.929185e-01,  5.144696e+01
  3.731226e-01,  5.264879e+01
  3.906696e-01,  5.635233e+01
  4.229417e-01,  5.757531e+01
  4.301331e-01,  5.543447e+01
  4.131863e-01,  5.302496e+01
  4.089911e-01,  5.295111e+01
  4.378398e-01,  5.395367e+01
  4.719040e-01,  5.410515e+01
  4.716264e-01,  5.427182e+01
  4.368213e-01,  5.545989e+01
  4.022409e-01,  5.652708e+01
  3.933807e-01,  5.608805e+01
  4.071503e-01,  5.592252e+01
  4.276554e-01,  5.745403e+01
  4.427788e-01,  5.835584e+01
  4.464010e-01,  5.644793e+01
  4.429538e-01,  5.393428e+01
  4.423887e-01,  5.477782e+01
  4.504375e-01,  5.810164e+01
  4.565634e-01,  5.925162e+01
  4.501299e-01,  5.736923e+01
  4.413997e-01,  5.619109e+01
  4.424287e-01,  5.766680e+01
  4.454341e-01,  5.865971e+01
  4.333930e-01,  5.701567e+01
  4.121040e-01,  5.532603e+01
  4.033564e-01,  5.644291e+01
  4.132084e-01,  5.767631e+01
  4.217674e-01,  5.551500e+01
  4.167337e-01,  5.213413e+01
  4.098137e-01,  5.224445e+01
  4.208422e-01,  5.564333e+01
  4.448759e-01,  5.707772e+01
  4.539546e-01,  5.532987e+01
  4.380945e-01,  5.440675e+01
  4.193316e-01,  5.759720e+01
  4.274594e-01,  6.171447e+01
  4.562472e-01,  6.107443e+01
  4.766360e-01,  5.662716e+01
  4.685737e-01,  5.340186e+01
  4.360669e-01,  5.468219e+01
  4.078111e-01,  5.881418e+01
  4.012264e-01,  6.012613e+01
  4.081191e-01,  5.658013e+01
  4.135358e-01,  5.204893e+01
  4.094658e-01,  5.055919e+01
  4.080220e-01,  5.252680e+01
  4.241903e-01,  5.482820e+01
  4.469015e-01,  5.483240e+01
  4.529043e-01,  5.318393e+01
  4.421793e-01,  5.181673e+01
  4.414515e-01,  5.197232e+01
  4.640165e-01,  5.331232e+01
  4.813512e-01,  5.492025e+01
  4.595288e-01,  5.651504e+01
  4.140676e-01,  5.761680e+01
  3.963777e-01,  5.731105e+01
  4.240955e-01,  5.658645e+01
  4.561497e-01,  5.735230e+01
  4.524272e-01,  5.915893e+01
  4.260721e-01,  5.963454e+01
  4.154626e-01,  5.740354e+01
  4.281470e-01,  5.520774e+01
  4.393357e-01,  5.554404e+01
  4.385196e-01,  5.683361e+01
  4.359097e-01,  5.644705e+01
  4.342352e-01,  5.507526e+01
  4.258799e-01,  5.558537e+01
  4.186521e-01,  5.776745e+01
  4.305378e-01,  5.758783e+01
  4.585305e-01,  5.378233e+01
  4.780984e-01,  5.006315e+01
  4.745569e-01,  4.933272e+01
  4.651242e-01,  5.093188e+01
  4.656941e-01,  5.247269e+01
  4.648071e-01,  5.378815e+01
  4.515074e-01,  5.632702e+01
  4.389220e-01,  5.915254e+01
  4.400129e-01,  5.927463e+01
  4.460580e-01,  5.690600e+01
  4.413560e-01,  5.541639e+01
  4.278189e-01,  5.632699e+01
  4.228677e-01,  5.747476e+01
  4.327680e-01,  5.662974e+01
  4.479906e-01,  5.528174e+01
  4.560420e-01,  5.584299e+01
  4.517412e-01,  5.770007e+01
  4.371821e-01,  5.763432e+01
  4.239210e-01,  5.380299e+01
  4.270227e-01,  4.930813e+01
  4.403539e-01,  4.915961e+01
  4.454142e-01,  5.375898e+01
  4.334969e-01,  5.925348e+01
  4.078421e-01,  6.163218e+01
  3.859059e-01,  5.989588e+01
  3.879815e-01,  5.667379e+01
  4.148411e-01,  5.472216e+01
  4.453365e-01,  5.405346e+01
  4.555432e-01,  5.399921e+01
  4.453336e-01,  5.442330e+01
  4.391905e-01,  5.466890e+01
  4.495610e-01,  5.385233e+01
  4.548076e-01,  5.295572e+01
  4.331937e-01,  5.417317e+01
  4.061767e-01,  5.777939e+01
  4.109388e-01,  5.948672e+01
  4.415170e-01,  5.629263e+01
  4.576959e-01,  5.168494e+01
  4.362187e-01,  4.975585e+01
  4.030147e-01,  5.136180e+01
  3.942754e-01,  5.357135e+01
  4.060606e-01,  5.467522e+01
  4.161081e-01,  5.719008e+01
  4.264650e-01,  6.145489e+01
  4.504051e-01,  6.265194e+01
  4.794767e-01,  5.833120e+01
  4.906359e-01,  5.264009e+01
  4.676900e-01,  5.032567e+01
  4.340553e-01,  5.198949e+01
  4.309526e-01,  5.387026e+01
  4.578682e-01,  5.374266e+01
  4.730655e-01,  5.403651e+01
  4.510427e-01,  5.623080e+01
  4.204159e-01,  5.849869e+01
  4.237968e-01,  5.825148e+01
  4.571332e-01,  5.672639e+01
  4.725407e-01,  5.598448e+01
  4.484430e-01,  5.556609e+01
  4.225821e-01,  5.505300e+01
  4.336870e-01,  5.616675e+01
  4.635910e-01,  5.927263e+01
  4.675448e-01,  6.137278e+01
  4.433786e-01,  5.919111e+01
  4.367153e-01,  5.346484e+01
  4.610387e-01,  5.023456e+01
  4.739472e-01,  5.129260e+01
  4.504257e-01,  5.312622e+01
  4.176316e-01,  5.298143e+01
  4.150886e-01,  5.226011e+01
  4.414551e-01,  5.332247e+01
  4.649174e-01,  5.431542e+01
  4.677312e-01,  5.290487e+01
  4.590367e-01,  5.059511e+01
  4.476616e-01,  5.113035e+01
  4.343257e-01,  5.473835e+01
  4.222249e-01,  5.743643e+01
  4.182418e-01,  5.693678e+01
  4.270204e-01,  5.604846e+01
  4.400340e-01,  5.781159e+01
  4.466140e-01,  6.093933e+01
  4.459006e-01,  6.217761e+01
  4.474249e-01,  6.024701e+01
  4.585661e-01,  5.694357e+01
  4.693320e-01,  5.468893e+01
  4.623470e-01,  5.423117e+01
  4.357432e-01,  5.503661e+01
  4.090415e-01,  5.594397e+01
  4.045579e-01,  5.562464e+01
  4.229899e-01,  5.401195e+01
  4.410603e-01,  5.255648e+01
  4.394027e-01,  5.288676e+01
  4.296333e-01,  5.589798e+01
  4.382986e-01,  5.996540e+01
  4.618608e-01,  6.139528e+01
  4.676425e-01,  5.883178e+01
  4.435199e-01,  5.403535e+01
  4.135401e-01,  5.087990e+01
  4.044057e-01,  5.247006e+01
  4.172949e-01,  5.639525e+01
  4.317812e-01,  5.832522e+01
  4.397632e-01,  5.759397e+01
  4.496115e-01,  5.633042e+01
  4.583991e-01,  5.604142e+01
  4.543514e-01,  5.602036e+01
  4.403815e-01,  5.522554e+01
  4.302941e-01,  5.438449e+01
  4.252810e-01,  5.532329e+01
  4.196802e-01,  5.796042e+01
  4.209236e-01,  5.936386e+01
  4.377134e-01,  5.715991e+01
  4.559002e-01,  5.351589e+01
  4.482969e-01,  5.225296e+01
  4.227400e-01,  5.455540e+01
  4.192233e-01,  5.726292e+01
  4.427247e-01,  5.660112e+01
  4.534076e-01,  5.416294e+01
  4.274670e-01,  5.320830e+01
  3.963199e-01,  5.482612e+01
  4.008294e-01,  5.707910e+01
  4.315076e-01,  5.814949e+01
  4.511903e-01,  5.844838e+01
  4.505994e-01,  5.769073e+01
  4.489213e-01,  5.515071e+01
  4.526208e-01,  5.250798e+01
  4.462720e-01,  5.244537e+01
  4.295993e-01,  5.490239e+01
  4.247123e-01,  5.671490e+01
  4.388818e-01,  5.583680e+01
  4.512142e-01,  5.426338e+01
  4.420487e-01,  5.424690e+01
  4.241705e-01,  5.578754e+01
  4.232993e-01,  5.737942e+01
  4.378826e-01,  5.806167e+01
  4.440080e-01,  5.819061e+01
  4.360506e-01,  5.841833e+01
  4.364125e-01,  5.917239e+01
  4.559234e-01,  5.997986e+01
  4.694892e-01,  5.960884e+01
  4.528444e-01,  5.763469e+01
  4.226501e-01,  5.561017e+01
  4.110657e-01,  5.631081e+01
  4.192510e-01,  5.939845e+01
  4.222824e-01,  6.151938e+01
  4.159346e-01,  6.073453e+01
  4.232420e-01,  5.790715e+01
  4.426540e-01,  5.551286e+01
  4.394180e-01,  5.463092e+01
  4.063523e-01,  5.494249e+01
  3.861376e-01,  5.527286e+01
  4.077473e-01,  5.387599e+01
  4.399017e-01,  5.112304e+01
  4.405189e-01,  4.884342e+01
  4.222945e-01,  4.833045e+01
  4.263567e-01,  4.929984e+01
  4.490799e-01,  5.063199e+01
  4.511322e-01,  5.306465e+01
  4.325460e-01,  5.742930e+01
  4.342532e-01,  6.065351e+01
  4.617367e-01,  5.918679e+01
  4.727944e-01,  5.547730e+01
  4.394863e-01,  5.324344e+01
  3.955958e-01,  5.320909e+01
  3.950341e-01,  5.296443e+01
  4.383449e-01,  5.182755e+01
  4.739507e-01,  5.227326e+01
  4.636573e-01,  5.496867e+01
  4.238132e-01,  5.772327e+01
  3.999814e-01,  5.763145e+01
  4.183373e-01,  5.591820e+01
  4.557194e-01,  5.598912e+01
  4.672988e-01,  5.725253e+01
  4.428199e-01,  5.730002e+01
  4.188260e-01,  5.602714e+01
  4.271337e-01,  5.671550e+01
  4.532294e-01,  6.003772e+01
  4.620336e-01,  6.199429e+01
  4.471614e-01,  5.924763e+01
  4.369303e-01,  5.356074e+01
  4.393134e-01,  5.090690e+01
  4.361323e-01,  5.304239e+01
  4.261200e-01,  5.650894e+01
  4.222232e-01,  5.831490e+01
  4.278061e-01,  5.885971e+01
  4.331062e-01,  5.890509e+01
  4.362659e-01,  5.756304e+01
  4.468808e-01,  5.546617e+01
  4.597767e-01,  5.532984e+01
  4.563353e-01,  5.725560e+01
  4.393128e-01,  5.813607e+01
  4.374540e-01,  5.671444e+01
  4.608048e-01,  5.650339e+01
  4.749355e-01,  5.890809e+01
  4.504071e-01,  6.010467e+01
  4.144724e-01,  5.628730e+01
  4.217274e-01,  5.104113e+01
  4.626300e-01,  5.114050e+01
  4.799334e-01,  5.449295e+01
  4.514158e-01,  5.656691e+01
  4.186940e-01,  5.631260e+01
  4.265770e-01,  5.601845e+01
  4.583592e-01,  5.629515e+01
  4.681671e-01,  5.574419e+01
  4.499950e-01,  5.511375e+01
  4.362413e-01,  5.639886e+01
  4.419649e-01,  5.838349e+01
  4.463933e-01,  5.823246e+01
  4.360176e-01,  5.685578e+01
  4.279667e-01,  5.731072e+01
  4.406143e-01,  5.884711e+01
  4.631247e-01,  5.751545e+01
  4.731856e-01,  5.362779e+01
  4.642695e-01,  5.208857e+01
  4.484342e-01,  5.628882e+01
  4.432205e-01,  6.262818e+01
  4.395905e-01,  6.427784e+01
  4.265901e-01,  5.975392e+01
  4.176996e-01,  5.353764e+01
  4.232745e-01,  5.112894e+01
  4.387232e-01,  5.306719e+01
  4.487916e-01,  5.599540e+01
  4.409813e-01,  5.766864e+01
  4.263350e-01,  5.819730e+01
  4.284681e-01,  5.862552e+01
  4.503756e-01,  5.932796e+01
  4.670654e-01,  5.978375e+01
  4.573378e-01,  5.947034e+01
  4.335171e-01,  5.830139e+01
  4.271904e-01,  5.700671e+01
  4.473438e-01,  5.658568e+01
  4.675629e-01,  5.675611e+01
  4.613898e-01,  5.645528e+01
  4.389387e-01,  5.536712e+01
  4.317622e-01,  5.470482e+01
  4.460074e-01,  5.557762e+01
  4.543717e-01,  5.693676e+01
  4.382859e-01,  5.717572e+01
  4.168874e-01,  5.610829e+01
  4.166938e-01,  5.546052e+01
  4.319500e-01,  5.655082e+01
  4.409603e-01,  5.846108e+01
  4.450840e-01,  5.932591e+01
  4.631018e-01,  5.787442e+01
  4.904907e-01,  5.497150e+01
  4.932735e-01,  5.276295e+01
  4.558598e-01,  5.294059e+01
  4.113891e-01,  5.585292e+01
  4.008885e-01,  5.881385e+01
  4.222610e-01,  5.910188e+01
  4.461255e-01,  5.822587e+01
  4.561129e-01,  5.830562e+01
  4.547283e-01,  5.901317e+01
  4.431785e-01,  5.861503e+01
  4.229324e-01,  5.653400e+01
  4.124052e-01,  5.422368e+01
  4.314363e-01,  5.380894e+01
  4.675175e-01,  5.548445e+01
  4.814056e-01,  5.788962e+01
  4.576378e-01,  5.974428e+01
  4.287331e-01,  5.974659e+01
  4.317456e-01,  5.779767e+01
  4.582908e-01,  5.603996e+01
  4.712282e-01,  5.587925e+01
  4.586998e-01,  5.692402e+01
  4.404786e-01,  5.783571e+01
  4.305097e-01,  5.738238e+01
  4.243300e-01,  5.605110e+01
  4.210831e-01,  5.596688e+01
  4.326596e-01,  5.828525e+01
  4.612950e-01,  6.055405e+01
  4.830276e-01,  5.947023e+01
  4.750939e-01,  5.494658e+01
  4.418021e-01,  5.023425e+01
  4.076673e-01,  4.957192e+01
  4.048508e-01,  5.302051e+01
  4.401094e-01,  5.520832e+01
  4.758956e-01,  5.420027e+01
  4.717465e-01,  5.295110e+01
  4.346951e-01,  5.423993e+01
  4.174131e-01,  5.738546e+01
  4.451034e-01,  5.812787e+01
  4.764099e-01,  5.583534e+01
  4.614663e-01,  5.354394e+01
  4.122191e-01,  5.397320e+01
  3.889417e-01,  5.738160e+01
  4.147382e-01,  5.951003e+01
  4.484416e-01,  5.802489e+01
  4.539351e-01,  5.479991e+01
  4.427460e-01,  5.270150e+01
  4.413514e-01,  5.355582e+01
  4.506781e-01,  5.577271e+01
  4.527051e-01,  5.643952e+01
  4.450858e-01,  5.496439e+01
  4.439672e-01,  5.343959e+01
  4.563477e-01,  5.369683e+01
  4.710159e-01,  5.469610e+01
  4.711956e-01,  5.488320e+01
  4.523410e-01,  5.494832e+01
  4.297887e-01,  5.663496e+01
  4.269540e-01,  5.889975e+01
  4.477048e-01,  5.813385e+01
  4.711332e-01,  5.437697e+01
  4.739341e-01,  5.171738e+01
  4.550236e-01,  5.325164e+01
  4.390359e-01,  5.708965e+01
  4.376417e-01,  5.770915e+01
  4.404475e-01,  5.416594e+01
  4.377975e-01,  5.132417e+01
  4.302717e-01,  5.265991e+01
  4.296527e-01,  5.567376e+01
  4.369954e-01,  5.582973e+01
  4.412270e-01,  5.355012e+01
  4.319863e-01,  5.284802e+01
  4.124751e-01,  5.534829e+01
  4.017209e-01,  5.791808e+01
  4.120317e-01,  5.683172e+01
  4.376051e-01,  5.353936e+01
  4.581624e-01,  5.172667e+01
  4.601260e-01,  5.232785e+01
  4.479967e-01,  5.398237e+01
  4.301158e-01,  5.555677e+01
  4.135532e-01,  5.725819e+01
  4.120627e-01,  5.901848e+01
  4.374591e-01,  5.944498e+01
  4.766573e-01,  5.824378e+01
  4.934142e-01,  5.697114e+01
  4.668900e-01,  5.680836e+01
  4.221273e-01,  5.750173e+01
  4.039864e-01,  5.767251e+01
  4.249531e-01,  5.689276e+01
  4.541376e-01,  5.621646e+01
  4.577565e-01,  5.605583e+01
  4.374801e-01,  5.621688e+01
  4.219632e-01,  5.676110e+01
  4.301612e-01,  5.742079e+01
  4.533381e-01,  5.693473e+01
  4.712818e-01,  5.479135e+01
  4.730460e-01,  5.267291e+01
  4.576468e-01,  5.283103e+01
  4.331193e-01,  5.479567e+01
  4.168943e-01,  5.534687e+01
  4.249058e-01,  5.406757e+01
  4.469779e-01,  5.509226e+01
  4.507230e-01,  5.936781e+01
  4.287698e-01,  6.211053e+01
  4.184910e-01,  5.873019e+01
  4.489653e-01,  5.405004e+01
  4.687687e-01,  5.412386e+01
  4.353224e-01,  5.539934e+01
  4.124639e-01,  5.267573e+01
  4.712214e-01,  5.180911e+01
  5.327824e-01,  5.806435e+01
  4.801600e-01,  6.475463e+01
  3.711452e-01,  5.978817e+01
  4.080570e-01,  4.804010e+01
  5.181121e-01,  5.552824e+01
  4.805307e-01,  7.088728e+01
  3.008410e-01,  7.229694e+01
  3.520509e-01,  4.008098e+01
  6.116842e-01,  4.774335e+01
  6.212202e-01,  6.905177e+01
  2.970929e-01,  8.559863e+01
  2.722715e-01,  1.465633e+01
  7.035347e-01,  3.534587e+01
  8.137876e-01,  7.021199e+01
  4.276720e-01,  1.217478e+02
  2.037699e-01,  -6.398693e+01
  8.824941e-01,  1.980498e+01
  1.256796e+00,  6.577208e+01
  8.254015e-01,  1.329982e+02
  7.414468e-01,  -1.114931e+02
  1.338644e+00,  -4.796876e+00
  2.208793e+00,  5.804643e+01
  1.715945e+00,  1.343961e+02
  2.462148e+00,  -1.161669e+02
  2.372187e+00,  7.259846e+01
  3.650296e+00,  -1.050903e+02
  1.612659e+01,  -8.493389e+01
  1.908443e+01,  -1.141586e+01
  2.905414e+01,  5.476743e+01
  2.438994e+01,  1.058696e+02
  1.472173e+01,  -1.607864e+02
  3.137410e+01,  -8.514973e+01
  4.099001e+01,  -6.612572e+01
  3.736197e+01,  -9.995514e+01
  4.182430e+01,  -1.252242e+02
  1.099758e+01,  -7.158628e+01
  3.332611e+01,  4.050522e+01
  3.084630e+01,  6.525590e+01
  9.080518e+00,  1.723707e+02
  3.177085e+01,  -1.021800e+02
  3.586351e+01,  -8.615745e+01
  1.677831e+01,  -1.247569e+02
  2.001936e+01,  1.623474e+02
  2.671577e+01,  1.471001e+02
  2.663309e+01,  1.232955e+02
  2.046288e+01,  6.150119e+01
  1.706251e+01,  -1.807116e+01
  2.745709e+01,  -9.279867e+01
  3.452369e+01,  -1.339084e+02
  2.899856e+01,  -1.667399e+02
  4.941560e+00,  1.597532e+02
  2.138435e+01,  9.939545e+00
  2.374558e+01,  7.467342e+00
  2.715009e+00,  -4.816070e+01
  1.875744e+01,  -1.672091e+02
  1.780591e+01,  1.673648e+02
  2.116826e+01,  1.056533e+02
  2.940472e+01,  8.954684e+01
  1.978991e+01,  9.827572e+01
  8.544594e+00,  1.692885e+02
  1.214882e+01,  -1.380546e+02
  8.047265e+00,  -1.126816e+02
  6.051918e+00,  -5.414010e+01
  4.459941e+00,  -9.146939e+01
  1.482309e+01,  -1.526463e+02
  1.821376e+01,  -1.554410e+02
  6.065636e+00,  1.406231e+02
  3.242989e+01,  7.071099e+01
  4.358893e+01,  9.129999e+01
  2.701831e+01,  1.765792e+02
  4.254200e+01,  -9.085570e+01
  4.278625e+01,  -3.488777e+01
  1.143053e+01,  3.773139e+01
  3.276054e+01,  1.621404e+02
  3.123398e+01,  1.733546e+02
  9.097469e+00,  7.030354e+01
  2.701111e+01,  1.223299e+01
  2.241461e+01,  -4.349360e+01
  2.926839e+01,  -1.016415e+02
  2.785209e+01,  -1.349173e+02
  1.879460e+01,  1.575506e+02
  3.030237e+01,  9.589252e+01
  3.519334e+01,  6.942394e+01
  2.689450e+01,  4.987292e+01
  1.180719e+01,  2.223175e+01
  5.916109e+00,  -9.910034e+01
  1.374318e+01,  -1.741382e+02
  2.037919e+01,  1.627678e+02
  1.101899e+01,  1.635817e+02
  1.149836e+01,  -2.061941e+01
  2.974105e+01,  -1.299037e+01
  2.202273e+01,  3.285430e+00
  8.841631e+00,  1.673477e+02
  3.241201e+01,  -1.554822e+02
  2.879452e+01,  -1.429084e+02
  6.338892e+00,  -1.784572e+02
  1.806907e+01,  9.336368e+01
  1.819940e+01,  1.040496e+02
  1.469662e+00,  -1.042642e+02
  2.286200e+01,  -5.355672e+01
  2.362376e+01,  -1.943881e+01
  1.699734e+01,  9.047344e+01
  3.365810e+01,  1.749827e+02
  3.876055e+01,  -1.365590e+02
  1.194434e+01,  -1.441479e+02
  2.446054e+01,  1.017177e+02
  2.847464e+01,  9.044926e+01
  2.292470e+01,  5.389584e+01
  2.770228e+01,  -1.016772e+01
  2.703382e+01,  -4.070996e+01
  7.051228e+00,  -6.910955e+01
  1.677170e+01,  1.254480e+02
  2.743811e+01,  1.055426e+02
  1.984924e+01,  7.696804e+01
  8.784575e+00,  4.872740e+00
  1.670180e+01,  -8.644814e+01
  3.008962e+01,  -1.165495e+02
  3.582466e+01,  -1.435262e+02
  3.796875e+01,  -1.683308e+02
  3.349450e+01,  -1.697286e+02
  1.474613e+01,  -1.636489e+02
  1.520877e+01,  2.451755e+01
  1.364745e+01,  6.178170e+01
  6.917802e+00,  -1.638788e+02
##END=