##TITLE= twqubit_encoding2_H_nobufferfix2
##JCAMP-DX= 5.00 Bruker JCAMP library
##DATA TYPE= Shape Data
##ORIGIN= Colm Fixed Pulses 
##OWNER= d29lu
##DATE= 12-May-2015
##TIME= 16:54
##MINX= 7.205649e-02
##MAXX= 3.793457e+01
##MINY= 6.445431e-01
##MAXY= 3.593953e+02
##$SHAPE_EXMODE= None
##$SHAPE_TOTROT= 9.000000e+01
##$SHAPE_BWFAC= 1.000000e+00
##$SHAPE_INTEGFAC= 1.000000e+00
##$SHAPE_MODE= 1
##NPOINTS= 2128
##XYPOINTS= (XY..XY)
  1.437926e+00,  7.779608e+01
  3.081707e+00,  1.115868e+02
  3.590918e+00,  7.666021e+01
  6.004082e+00,  1.265421e+01
  9.308086e+00,  3.565584e+02
  1.284867e+01,  3.472790e+02
  1.603162e+01,  3.409898e+02
  1.808666e+01,  3.367501e+02
  1.932211e+01,  3.350506e+02
  2.067682e+01,  3.371185e+02
  2.231171e+01,  3.434654e+02
  2.284453e+01,  3.499896e+02
  2.200646e+01,  3.545858e+02
  2.105615e+01,  3.570330e+02
  1.993040e+01,  3.572679e+02
  1.817995e+01,  3.558029e+02
  1.528168e+01,  3.505285e+02
  1.249838e+01,  3.436289e+02
  1.032573e+01,  3.388728e+02
  8.199503e+00,  3.335633e+02
  6.237107e+00,  3.233267e+02
  5.148149e+00,  3.064092e+02
  4.481974e+00,  2.825796e+02
  4.697344e+00,  2.458415e+02
  6.564486e+00,  2.182440e+02
  8.552823e+00,  2.058118e+02
  9.653976e+00,  1.993210e+02
  1.007242e+01,  1.943508e+02
  1.036335e+01,  1.904852e+02
  1.079555e+01,  1.854734e+02
  1.102574e+01,  1.767899e+02
  1.132904e+01,  1.673847e+02
  1.188738e+01,  1.627782e+02
  1.248118e+01,  1.640461e+02
  1.278984e+01,  1.683162e+02
  1.279981e+01,  1.754282e+02
  1.276205e+01,  1.847645e+02
  1.306267e+01,  1.930473e+02
  1.373565e+01,  1.981987e+02
  1.461028e+01,  1.999069e+02
  1.518278e+01,  1.996757e+02
  1.468597e+01,  2.000184e+02
  1.339727e+01,  2.030416e+02
  1.176137e+01,  2.082604e+02
  9.724703e+00,  2.121191e+02
  6.972476e+00,  2.154303e+02
  4.168859e+00,  2.231735e+02
  2.009171e+00,  2.407275e+02
  9.303801e-01,  2.600097e+02
  3.177760e-01,  2.913681e+02
  7.335255e-01,  1.193582e+02
  3.701261e+00,  1.561128e+02
  8.801604e+00,  1.684548e+02
  1.404204e+01,  1.734435e+02
  1.855999e+01,  1.759242e+02
  2.286021e+01,  1.771919e+02
  2.636280e+01,  1.773034e+02
  2.739033e+01,  1.766679e+02
  2.609353e+01,  1.762011e+02
  2.317083e+01,  1.762479e+02
  1.951080e+01,  1.761520e+02
  1.615106e+01,  1.783554e+02
  1.285143e+01,  1.830830e+02
  9.880143e+00,  1.879873e+02
  6.750855e+00,  1.931321e+02
  3.143307e+00,  2.080096e+02
  2.030921e+00,  2.872307e+02
  3.465366e+00,  3.194450e+02
  4.379349e+00,  3.315064e+02
  4.936279e+00,  3.437005e+02
  5.388016e+00,  3.527805e+02
  5.526694e+00,  3.593953e+02
  5.895308e+00,  2.483066e+00
  6.494791e+00,  3.576509e+02
  7.663604e+00,  3.483528e+02
  8.955500e+00,  3.406347e+02
  1.025359e+01,  3.354700e+02
  1.160091e+01,  3.317744e+02
  1.307802e+01,  3.290053e+02
  1.466371e+01,  3.266607e+02
  1.681365e+01,  3.267078e+02
  1.934746e+01,  3.293397e+02
  2.139054e+01,  3.351883e+02
  2.231082e+01,  3.436730e+02
  2.015262e+01,  3.506132e+02
  1.740777e+01,  3.533611e+02
  1.517341e+01,  3.521527e+02
  1.288152e+01,  3.506772e+02
  9.784945e+00,  3.518659e+02
  6.796721e+00,  3.487033e+02
  3.822976e+00,  3.383361e+02
  1.489990e+00,  2.817181e+02
  3.416918e+00,  1.998650e+02
  6.517294e+00,  1.930389e+02
  9.536852e+00,  1.885952e+02
  1.164570e+01,  1.868722e+02
  1.304965e+01,  1.838849e+02
  1.264777e+01,  1.810378e+02
  9.019290e+00,  1.479795e+02
  2.146639e+00,  5.140742e+01
  6.152471e-01,  2.417776e+02
  2.640908e-01,  5.075008e+01
  2.235102e-01,  3.983202e+01
  3.085359e-01,  1.167212e+01
  2.121709e-01,  5.019995e+01
  3.043403e-01,  9.797125e+00
  2.224330e-01,  4.808529e+01
  2.826212e-01,  1.448303e+01
  2.135990e-01,  4.052320e+01
  2.922287e-01,  1.856872e+01
  2.115887e-01,  3.820946e+01
  2.891993e-01,  1.966354e+01
  2.204843e-01,  3.546645e+01
  2.691763e-01,  2.314697e+01
  2.321084e-01,  2.782570e+01
  2.628644e-01,  2.468329e+01
  2.198292e-01,  3.060847e+01
  2.687268e-01,  2.500702e+01
  2.480763e-01,  3.099100e+01
  2.504395e-01,  2.933870e+01
  2.410549e-01,  1.766313e+01
  2.474426e-01,  2.501353e+01
  2.400451e-01,  2.642805e+01
  2.360985e-01,  2.801276e+01
  2.666186e-01,  2.544015e+01
  2.331023e-01,  3.369929e+01
  2.663807e-01,  2.068281e+01
  2.510467e-01,  3.222137e+01
  2.519066e-01,  2.253975e+01
  2.238681e-01,  2.923592e+01
  2.733278e-01,  2.453475e+01
  2.499794e-01,  3.548136e+01
  2.548445e-01,  2.212756e+01
  2.480383e-01,  3.244494e+01
  2.569768e-01,  2.739491e+01
  2.318897e-01,  2.266947e+01
  2.555231e-01,  2.476518e+01
  2.432511e-01,  2.816952e+01
  2.574525e-01,  2.187285e+01
  2.542683e-01,  2.692066e+01
  2.405986e-01,  3.019768e+01
  2.364275e-01,  2.434582e+01
  2.643525e-01,  2.513009e+01
  2.455858e-01,  2.823227e+01
  2.439495e-01,  3.011710e+01
  2.598505e-01,  2.593617e+01
  2.499503e-01,  3.241861e+01
  2.564587e-01,  2.282075e+01
  2.461060e-01,  3.015637e+01
  2.516397e-01,  2.709428e+01
  2.486183e-01,  2.837320e+01
  2.648694e-01,  2.264268e+01
  2.431464e-01,  3.281538e+01
  2.491751e-01,  2.376355e+01
  2.454416e-01,  2.598276e+01
  2.558434e-01,  2.670660e+01
  2.393088e-01,  2.505061e+01
  2.633224e-01,  2.634063e+01
  2.553670e-01,  2.799417e+01
  2.399023e-01,  2.683451e+01
  2.464821e-01,  2.592429e+01
  2.577137e-01,  2.935504e+01
  2.422335e-01,  2.637925e+01
  2.537877e-01,  2.250751e+01
  2.401626e-01,  2.676654e+01
  2.517216e-01,  2.972067e+01
  2.563682e-01,  2.040951e+01
  2.411476e-01,  2.874533e+01
  2.431456e-01,  2.509561e+01
  2.445852e-01,  2.496580e+01
  2.569236e-01,  2.479657e+01
  2.403098e-01,  3.002245e+01
  2.610360e-01,  2.400629e+01
  2.494655e-01,  2.479372e+01
  2.401474e-01,  2.530986e+01
  2.558036e-01,  2.400195e+01
  2.606101e-01,  3.115893e+01
  2.419561e-01,  2.699637e+01
  2.644974e-01,  2.608174e+01
  2.536340e-01,  2.892968e+01
  2.550116e-01,  2.993492e+01
  2.598362e-01,  2.716716e+01
  2.585971e-01,  2.527993e+01
  2.331432e-01,  2.895311e+01
  2.474945e-01,  2.491266e+01
  2.533702e-01,  3.055381e+01
  2.445689e-01,  2.946160e+01
  2.488240e-01,  2.433557e+01
  2.498427e-01,  2.553757e+01
  2.499859e-01,  2.789816e+01
  2.465552e-01,  2.775563e+01
  2.605984e-01,  2.469678e+01
  2.414222e-01,  2.840559e+01
  2.499055e-01,  2.624807e+01
  2.499277e-01,  2.993999e+01
  2.490717e-01,  2.711182e+01
  2.484564e-01,  2.432355e+01
  2.440178e-01,  2.333263e+01
  2.399635e-01,  3.009340e+01
  2.487375e-01,  2.522394e+01
  2.575362e-01,  2.495856e+01
  2.549173e-01,  3.035662e+01
  2.510186e-01,  2.422293e+01
  2.645667e-01,  2.612783e+01
  2.400061e-01,  2.846174e+01
  2.460412e-01,  2.207052e+01
  2.667140e-01,  2.699382e+01
  2.518137e-01,  3.280941e+01
  2.537573e-01,  2.532961e+01
  2.545328e-01,  2.337810e+01
  2.481109e-01,  2.824559e+01
  2.517203e-01,  2.544760e+01
  2.454083e-01,  2.286169e+01
  2.415191e-01,  2.784392e+01
  2.473524e-01,  2.821688e+01
  2.555654e-01,  2.742416e+01
  2.494860e-01,  3.029129e+01
  2.520142e-01,  2.568365e+01
  2.578453e-01,  2.458682e+01
  2.418836e-01,  3.419849e+01
  2.444555e-01,  2.310261e+01
  2.582997e-01,  2.765993e+01
  2.609253e-01,  3.046528e+01
  2.455650e-01,  2.547347e+01
  2.577276e-01,  2.370070e+01
  2.473597e-01,  2.823239e+01
  2.489327e-01,  2.901164e+01
  2.473393e-01,  2.194646e+01
  2.433144e-01,  2.904420e+01
  2.438297e-01,  2.861704e+01
  2.529558e-01,  2.491733e+01
  2.430577e-01,  2.814756e+01
  2.389110e-01,  3.012946e+01
  2.616025e-01,  2.176378e+01
  2.458931e-01,  3.028435e+01
  2.492111e-01,  3.147946e+01
  2.615955e-01,  2.505922e+01
  2.407195e-01,  2.969685e+01
  2.384684e-01,  2.307923e+01
  2.681936e-01,  2.616453e+01
  2.542192e-01,  3.307400e+01
  2.446231e-01,  2.682490e+01
  2.544868e-01,  2.506209e+01
  2.493938e-01,  2.590247e+01
  2.389491e-01,  2.699383e+01
  2.580469e-01,  2.549878e+01
  2.540709e-01,  2.844791e+01
  2.393654e-01,  3.094549e+01
  2.526064e-01,  2.586522e+01
  2.536152e-01,  3.149381e+01
  2.480400e-01,  2.669607e+01
  2.541845e-01,  2.551329e+01
  2.410097e-01,  2.717672e+01
  2.444769e-01,  2.646594e+01
  2.633186e-01,  2.848694e+01
  2.433526e-01,  2.696374e+01
  2.348686e-01,  2.885370e+01
  2.626922e-01,  2.472419e+01
  2.500541e-01,  2.902239e+01
  2.432318e-01,  3.028896e+01
  2.600039e-01,  2.770476e+01
  2.535658e-01,  2.776526e+01
  2.433936e-01,  2.716914e+01
  2.455660e-01,  2.341717e+01
  2.608249e-01,  2.645394e+01
  2.408194e-01,  2.980037e+01
  2.545734e-01,  2.525592e+01
  2.527650e-01,  2.852043e+01
  2.395100e-01,  2.664185e+01
  2.481058e-01,  2.273944e+01
  2.511128e-01,  2.665821e+01
  2.458534e-01,  3.073012e+01
  2.480255e-01,  2.280217e+01
  2.611659e-01,  2.942484e+01
  2.443258e-01,  3.118924e+01
  2.409040e-01,  2.315820e+01
  2.569733e-01,  2.795444e+01
  2.398571e-01,  2.697714e+01
  2.466726e-01,  2.507985e+01
  2.631521e-01,  2.657555e+01
  2.373654e-01,  2.746470e+01
  2.556826e-01,  2.615210e+01
  2.507454e-01,  2.366276e+01
  2.336436e-01,  3.009814e+01
  2.381678e-01,  2.432721e+01
  2.498644e-01,  2.419541e+01
  2.550892e-01,  3.197973e+01
  2.469380e-01,  2.349093e+01
  2.559530e-01,  2.708636e+01
  2.486029e-01,  2.819136e+01
  2.386464e-01,  2.335273e+01
  2.421395e-01,  2.539127e+01
  2.442267e-01,  2.936290e+01
  2.504235e-01,  2.497037e+01
  2.560471e-01,  2.695350e+01
  2.550950e-01,  3.065657e+01
  2.477043e-01,  2.547974e+01
  2.547629e-01,  2.542997e+01
  2.447042e-01,  3.080976e+01
  2.399158e-01,  2.712593e+01
  2.634249e-01,  2.689686e+01
  2.459443e-01,  3.063360e+01
  2.359444e-01,  2.330309e+01
  2.557606e-01,  2.548280e+01
  2.470409e-01,  3.091257e+01
  2.445156e-01,  2.698477e+01
  2.658633e-01,  2.515232e+01
  2.495779e-01,  2.921088e+01
  2.445803e-01,  2.690883e+01
  2.498248e-01,  2.339718e+01
  2.427416e-01,  2.723651e+01
  2.465931e-01,  2.690995e+01
  2.586886e-01,  2.325852e+01
  2.447815e-01,  2.940018e+01
  2.450287e-01,  2.516121e+01
  2.554708e-01,  2.377216e+01
  2.422999e-01,  2.852431e+01
  2.553010e-01,  2.587794e+01
  2.621749e-01,  2.438654e+01
  2.445067e-01,  2.756637e+01
  2.329896e-01,  2.581149e+01
  2.494531e-01,  2.566629e+01
  2.494884e-01,  2.866160e+01
  2.409039e-01,  2.751185e+01
  2.620854e-01,  2.666610e+01
  2.569888e-01,  2.828576e+01
  2.449954e-01,  2.713721e+01
  2.540256e-01,  2.272509e+01
  2.437092e-01,  2.820322e+01
  2.432168e-01,  2.891053e+01
  2.439391e-01,  2.424432e+01
  2.410263e-01,  2.377885e+01
  2.436689e-01,  2.999083e+01
  2.525129e-01,  2.618420e+01
  2.526563e-01,  2.871356e+01
  2.518073e-01,  2.910701e+01
  2.517024e-01,  2.637619e+01
  2.562887e-01,  3.023870e+01
  2.525169e-01,  2.675242e+01
  2.505733e-01,  2.544092e+01
  2.610484e-01,  2.649565e+01
  2.449581e-01,  2.877903e+01
  2.514532e-01,  2.483503e+01
  2.547838e-01,  2.732843e+01
  2.457562e-01,  2.891523e+01
  2.570605e-01,  2.505649e+01
  2.641021e-01,  3.086991e+01
  2.541879e-01,  2.806624e+01
  2.583727e-01,  2.482251e+01
  2.428814e-01,  2.749131e+01
  2.414954e-01,  2.713067e+01
  2.530714e-01,  2.563680e+01
  2.523576e-01,  2.719825e+01
  2.531889e-01,  3.150487e+01
  2.439670e-01,  2.589548e+01
  2.678341e-01,  2.477658e+01
  2.403845e-01,  2.720519e+01
  2.419847e-01,  2.700295e+01
  2.516213e-01,  2.458693e+01
  2.390559e-01,  2.990982e+01
  2.619284e-01,  2.734997e+01
  2.475053e-01,  2.624956e+01
  2.407796e-01,  2.430188e+01
  2.304694e-01,  2.179530e+01
  2.534656e-01,  2.722616e+01
  2.533145e-01,  2.735946e+01
  2.400625e-01,  2.670375e+01
  2.542328e-01,  2.551460e+01
  2.479072e-01,  2.801094e+01
  2.452573e-01,  2.557026e+01
  2.494130e-01,  2.881050e+01
  2.495070e-01,  2.707205e+01
  2.374106e-01,  2.699199e+01
  2.594606e-01,  2.560499e+01
  2.435326e-01,  2.807427e+01
  2.445649e-01,  2.770610e+01
  2.503903e-01,  2.554360e+01
  2.516200e-01,  3.176087e+01
  2.533890e-01,  2.660527e+01
  2.458035e-01,  2.379316e+01
  2.475277e-01,  2.953857e+01
  2.401163e-01,  2.810970e+01
  2.643465e-01,  2.598190e+01
  2.600320e-01,  2.950691e+01
  2.506957e-01,  2.761817e+01
  2.538836e-01,  2.248629e+01
  2.447287e-01,  2.661038e+01
  2.484531e-01,  2.777244e+01
  2.555470e-01,  2.363884e+01
  2.483692e-01,  2.896330e+01
  2.511923e-01,  2.405188e+01
  2.507967e-01,  2.575822e+01
  2.585628e-01,  3.067071e+01
  2.365475e-01,  2.699912e+01
  2.538564e-01,  2.544937e+01
  2.574241e-01,  2.890774e+01
  2.327649e-01,  2.659238e+01
  2.491309e-01,  2.376172e+01
  2.383688e-01,  2.907980e+01
  2.482852e-01,  2.857896e+01
  2.538160e-01,  2.433934e+01
  2.477099e-01,  2.701684e+01
  2.400509e-01,  2.807989e+01
  2.729255e-01,  2.646340e+01
  2.569643e-01,  2.924521e+01
  2.296723e-01,  2.479521e+01
  2.536829e-01,  2.489121e+01
  2.459458e-01,  2.891182e+01
  2.341953e-01,  2.775135e+01
  2.513290e-01,  2.276827e+01
  2.442405e-01,  2.513747e+01
  2.428316e-01,  2.910726e+01
  2.572269e-01,  2.483145e+01
  2.493528e-01,  2.715476e+01
  2.437909e-01,  2.763095e+01
  2.576942e-01,  2.350780e+01
  2.423918e-01,  2.438603e+01
  2.212446e-01,  2.420584e+01
  2.659171e-01,  2.636493e+01
  2.505010e-01,  2.518844e+01
  2.374444e-01,  2.698369e+01
  2.473792e-01,  2.233717e+01
  2.513990e-01,  2.711465e+01
  2.524303e-01,  2.959931e+01
  2.550782e-01,  2.152642e+01
  2.486284e-01,  2.738444e+01
  2.389685e-01,  2.803126e+01
  2.495011e-01,  2.767586e+01
  2.542752e-01,  2.745359e+01
  2.428899e-01,  2.585107e+01
  2.417400e-01,  2.657032e+01
  2.570386e-01,  2.785432e+01
  2.493494e-01,  2.948187e+01
  2.429378e-01,  2.483158e+01
  2.522528e-01,  2.597172e+01
  2.592483e-01,  3.232327e+01
  2.475628e-01,  2.456061e+01
  2.591045e-01,  2.449079e+01
  2.418669e-01,  2.752290e+01
  2.447003e-01,  2.801681e+01
  2.653680e-01,  2.581494e+01
  2.535699e-01,  2.945227e+01
  2.401111e-01,  2.685660e+01
  2.676789e-01,  2.785802e+01
  2.592858e-01,  3.014676e+01
  2.449994e-01,  2.350055e+01
  2.619350e-01,  2.566167e+01
  2.403882e-01,  2.762599e+01
  2.413884e-01,  2.767393e+01
  2.672930e-01,  2.688134e+01
  2.414070e-01,  3.094889e+01
  2.411004e-01,  2.180575e+01
  2.479040e-01,  2.505129e+01
  2.436052e-01,  2.832007e+01
  2.577688e-01,  2.478543e+01
  2.520540e-01,  2.626842e+01
  2.552303e-01,  2.866426e+01
  2.375578e-01,  2.788592e+01
  2.562355e-01,  2.584208e+01
  2.475343e-01,  2.870483e+01
  2.533099e-01,  2.822437e+01
  2.469538e-01,  2.229614e+01
  2.549406e-01,  2.929159e+01
  2.525748e-01,  2.484706e+01
  2.511070e-01,  2.589676e+01
  2.476184e-01,  2.934510e+01
  2.327636e-01,  2.142156e+01
  2.515435e-01,  2.469586e+01
  2.423366e-01,  2.948779e+01
  2.502562e-01,  3.105888e+01
  2.519950e-01,  2.366957e+01
  2.462707e-01,  3.095105e+01
  2.512257e-01,  2.664288e+01
  2.612445e-01,  2.524820e+01
  2.478020e-01,  2.778336e+01
  2.522112e-01,  2.902345e+01
  2.533575e-01,  2.165479e+01
  2.501719e-01,  2.886429e+01
  2.437359e-01,  2.880073e+01
  2.651005e-01,  2.449288e+01
  2.467717e-01,  2.839591e+01
  2.498292e-01,  3.042583e+01
  2.539470e-01,  2.602955e+01
  2.488439e-01,  2.623472e+01
  2.460457e-01,  3.198741e+01
  2.516818e-01,  2.070464e+01
  2.449942e-01,  2.776412e+01
  2.480601e-01,  3.094987e+01
  2.613884e-01,  2.504576e+01
  2.525342e-01,  2.434830e+01
  2.437577e-01,  3.241773e+01
  2.527409e-01,  2.249369e+01
  2.594372e-01,  2.957639e+01
  2.371341e-01,  2.998255e+01
  2.589533e-01,  2.678483e+01
  2.456343e-01,  2.771768e+01
  2.472632e-01,  2.744144e+01
  2.412702e-01,  2.449255e+01
  2.520927e-01,  2.723969e+01
  2.437441e-01,  3.035000e+01
  2.566388e-01,  2.326821e+01
  2.458887e-01,  2.493479e+01
  2.436003e-01,  2.712785e+01
  2.385585e-01,  2.734944e+01
  2.601153e-01,  2.713628e+01
  2.479218e-01,  3.280277e+01
  2.495285e-01,  2.576764e+01
  2.524213e-01,  2.710246e+01
  2.477628e-01,  3.142832e+01
  2.607410e-01,  2.522806e+01
  2.492237e-01,  2.393169e+01
  2.436695e-01,  3.033556e+01
  2.346970e-01,  2.161755e+01
  2.631425e-01,  2.703992e+01
  2.388777e-01,  2.946964e+01
  2.543933e-01,  2.497973e+01
  2.564861e-01,  2.367568e+01
  2.464543e-01,  2.935980e+01
  2.254700e-01,  2.198739e+01
  2.657558e-01,  2.766554e+01
  2.326342e-01,  2.858859e+01
  2.570525e-01,  2.373815e+01
  2.425023e-01,  2.326162e+01
  2.633368e-01,  3.052298e+01
  2.342032e-01,  2.635280e+01
  2.737923e-01,  2.715277e+01
  2.391769e-01,  3.285709e+01
  2.575247e-01,  2.654818e+01
  2.475968e-01,  2.702960e+01
  2.501200e-01,  2.913559e+01
  2.356444e-01,  2.133568e+01
  2.544568e-01,  2.486779e+01
  2.461481e-01,  2.789607e+01
  2.345403e-01,  1.905713e+01
  4.524106e-01,  4.593575e+01
  1.014274e+00,  1.128402e+02
  1.260471e+01,  2.221195e+02
  3.177476e+01,  2.301630e+02
  3.575593e+01,  2.358935e+02
  3.082189e+01,  2.418028e+02
  2.589973e+01,  2.476930e+02
  2.342918e+01,  2.538006e+02
  2.390565e+01,  2.576882e+02
  2.598996e+01,  2.600895e+02
  2.805269e+01,  2.629130e+02
  2.965813e+01,  2.654242e+02
  2.981779e+01,  2.655378e+02
  2.776572e+01,  2.630233e+02
  2.362686e+01,  2.574921e+02
  1.890779e+01,  2.457455e+02
  1.613102e+01,  2.281276e+02
  1.601989e+01,  2.079683e+02
  1.806037e+01,  1.904806e+02
  2.112924e+01,  1.795066e+02
  2.389862e+01,  1.736499e+02
  2.432862e+01,  1.700610e+02
  2.259664e+01,  1.677008e+02
  1.956257e+01,  1.682756e+02
  1.666278e+01,  1.749925e+02
  1.514467e+01,  1.879695e+02
  1.568188e+01,  2.026965e+02
  1.791838e+01,  2.152519e+02
  2.074939e+01,  2.244179e+02
  2.326525e+01,  2.289593e+02
  2.354476e+01,  2.266135e+02
  2.207661e+01,  2.182919e+02
  2.042742e+01,  2.087781e+02
  1.902064e+01,  2.012248e+02
  1.792806e+01,  1.936659e+02
  1.827830e+01,  1.829324e+02
  2.051752e+01,  1.747051e+02
  2.362464e+01,  1.731692e+02
  2.633925e+01,  1.738970e+02
  2.839532e+01,  1.735580e+02
  2.960791e+01,  1.720927e+02
  2.951913e+01,  1.701488e+02
  2.836375e+01,  1.687848e+02
  2.638964e+01,  1.677608e+02
  2.433390e+01,  1.667915e+02
  2.306496e+01,  1.663040e+02
  2.266073e+01,  1.674831e+02
  2.262783e+01,  1.714263e+02
  2.298591e+01,  1.777771e+02
  2.349380e+01,  1.850621e+02
  2.368639e+01,  1.911821e+02
  2.339343e+01,  1.950079e+02
  2.254147e+01,  1.955482e+02
  2.040821e+01,  1.905436e+02
  1.822063e+01,  1.785682e+02
  1.777337e+01,  1.610556e+02
  1.892174e+01,  1.443311e+02
  2.060122e+01,  1.312529e+02
  2.240499e+01,  1.229298e+02
  2.374739e+01,  1.194306e+02
  2.413179e+01,  1.194360e+02
  2.423622e+01,  1.234020e+02
  2.467955e+01,  1.304051e+02
  2.542049e+01,  1.393495e+02
  2.623968e+01,  1.477942e+02
  2.689890e+01,  1.534721e+02
  2.696441e+01,  1.548989e+02
  2.602705e+01,  1.529724e+02
  2.439288e+01,  1.505608e+02
  2.313023e+01,  1.490498e+02
  2.247589e+01,  1.445818e+02
  2.138546e+01,  1.341489e+02
  2.067187e+01,  1.224712e+02
  2.127566e+01,  1.137267e+02
  2.337329e+01,  1.051212e+02
  2.553910e+01,  9.583901e+01
  2.614574e+01,  9.215497e+01
  2.562468e+01,  9.788569e+01
  2.524818e+01,  1.062356e+02
  2.379260e+01,  1.096719e+02
  2.103204e+01,  1.069566e+02
  1.993245e+01,  1.020746e+02
  2.115231e+01,  9.791696e+01
  2.332758e+01,  9.522558e+01
  2.529373e+01,  9.255583e+01
  2.636677e+01,  8.781812e+01
  2.708833e+01,  8.262343e+01
  2.664372e+01,  7.831391e+01
  2.535041e+01,  7.652391e+01
  2.475176e+01,  7.753157e+01
  2.529324e+01,  7.932520e+01
  2.579362e+01,  8.044167e+01
  2.507798e+01,  8.308994e+01
  2.347731e+01,  8.668242e+01
  2.132417e+01,  8.849882e+01
  1.970397e+01,  8.882565e+01
  1.887690e+01,  8.849399e+01
  1.869429e+01,  8.592496e+01
  1.831034e+01,  8.062955e+01
  1.718280e+01,  7.447955e+01
  1.545451e+01,  6.990057e+01
  1.406481e+01,  6.672799e+01
  1.355987e+01,  5.997767e+01
  1.394100e+01,  4.894371e+01
  1.448522e+01,  3.620118e+01
  1.569534e+01,  2.438515e+01
  1.853775e+01,  1.666081e+01
  2.245578e+01,  1.439487e+01
  2.714160e+01,  1.595730e+01
  3.017246e+01,  1.885140e+01
  3.094837e+01,  2.402529e+01
  2.838307e+01,  3.245532e+01
  2.338261e+01,  4.568501e+01
  1.993320e+01,  6.019789e+01
  1.866597e+01,  7.299863e+01
  1.745357e+01,  8.608218e+01
  1.624262e+01,  9.795205e+01
  1.466384e+01,  9.916168e+01
  1.238417e+01,  9.043948e+01
  1.048719e+01,  7.942679e+01
  9.661415e+00,  6.681907e+01
  1.104885e+01,  4.814028e+01
  1.433620e+01,  2.998715e+01
  1.800138e+01,  1.799656e+01
  2.034843e+01,  1.086779e+01
  2.117148e+01,  7.019183e+00
  2.088147e+01,  4.792653e+00
  2.029833e+01,  3.117557e+00
  2.004303e+01,  3.041919e+00
  2.045587e+01,  5.876746e+00
  2.062459e+01,  8.925460e+00
  1.994570e+01,  9.887953e+00
  1.935247e+01,  9.021867e+00
  1.952755e+01,  8.062247e+00
  1.974275e+01,  8.380625e+00
  1.942422e+01,  9.382333e+00
  1.923375e+01,  1.027819e+01
  2.001814e+01,  1.012819e+01
  2.189503e+01,  9.439971e+00
  2.487436e+01,  9.883174e+00
  2.785518e+01,  1.007782e+01
  3.040523e+01,  9.768106e+00
  3.254307e+01,  9.299775e+00
  3.331791e+01,  8.126033e+00
  3.272148e+01,  4.845104e+00
  3.014333e+01,  3.591478e+02
  2.559040e+01,  3.507690e+02
  2.066292e+01,  3.376218e+02
  1.917775e+01,  3.234803e+02
  2.027248e+01,  3.135703e+02
  2.188124e+01,  3.076843e+02
  2.386089e+01,  3.057676e+02
  2.489612e+01,  3.082612e+02
  2.453973e+01,  3.141032e+02
  2.298038e+01,  3.220044e+02
  2.059956e+01,  3.290624e+02
  1.917765e+01,  3.349034e+02
  1.952106e+01,  3.391522e+02
  2.051402e+01,  3.434514e+02
  2.128860e+01,  3.480921e+02
  2.185540e+01,  3.491963e+02
  2.178163e+01,  3.442604e+02
  2.017367e+01,  3.329604e+02
  1.839243e+01,  3.191217e+02
  1.690351e+01,  3.049217e+02
  1.596681e+01,  2.888045e+02
  1.635199e+01,  2.714563e+02
  1.700581e+01,  2.629780e+02
  1.733640e+01,  2.639554e+02
  1.791240e+01,  2.715960e+02
  1.885383e+01,  2.792994e+02
  1.984262e+01,  2.872226e+02
  2.171869e+01,  2.944442e+02
  2.460416e+01,  3.019834e+02
  2.629485e+01,  3.065410e+02
  2.578494e+01,  3.088607e+02
  2.480991e+01,  3.095528e+02
  2.439072e+01,  3.100364e+02
  2.379914e+01,  3.085777e+02
  2.226329e+01,  3.028402e+02
  2.120055e+01,  2.952580e+02
  2.120655e+01,  2.881607e+02
  2.134988e+01,  2.826660e+02
  2.043085e+01,  2.761014e+02
  1.811442e+01,  2.720592e+02
  1.547189e+01,  2.691003e+02
  1.319483e+01,  2.722331e+02
  1.202301e+01,  2.734666e+02
  1.184639e+01,  2.726687e+02
  1.363375e+01,  2.636131e+02
  1.647519e+01,  2.605128e+02
  1.992459e+01,  2.578760e+02
  2.394873e+01,  2.590532e+02
  3.026588e+01,  2.582601e+02
  3.549846e+01,  2.615375e+02
  3.793457e+01,  2.649218e+02
  2.796685e+01,  2.650717e+02
  5.931979e+00,  2.238508e+02
  8.018125e+00,  4.184512e+01
  2.698776e+00,  2.167846e+02
  9.239550e-01,  3.433284e+01
  7.205649e-02,  1.250562e+02
  4.700206e-01,  2.483341e+01
  9.754025e-02,  1.135839e+02
  5.092483e-01,  2.893041e+01
  1.140314e-01,  1.068790e+02
  4.546256e-01,  2.764523e+01
  8.706225e-02,  6.353561e+01
  4.148384e-01,  2.860245e+01
  8.746049e-02,  4.237663e+01
  4.004052e-01,  3.033376e+01
  1.193151e-01,  3.622212e+01
  3.496340e-01,  2.735420e+01
  1.633725e-01,  2.320431e+01
  3.251062e-01,  3.010342e+01
  1.840612e-01,  2.286794e+01
  2.902481e-01,  2.718936e+01
  2.197646e-01,  2.994324e+01
  2.536985e-01,  2.393469e+01
  2.584109e-01,  2.146116e+01
  2.343226e-01,  3.208575e+01
  2.599722e-01,  2.086730e+01
  2.245419e-01,  3.061131e+01
  2.874631e-01,  2.459344e+01
  1.866637e-01,  2.996047e+01
  2.969275e-01,  2.321476e+01
  2.018154e-01,  3.294244e+01
  2.934261e-01,  2.567099e+01
  2.047436e-01,  2.503291e+01
  2.968286e-01,  2.826893e+01
  1.941064e-01,  2.751945e+01
  3.044754e-01,  2.362820e+01
  1.943360e-01,  3.076148e+01
  2.954301e-01,  2.832745e+01
  2.132898e-01,  2.394454e+01
  2.803694e-01,  2.899608e+01
  2.204065e-01,  2.597056e+01
  2.653594e-01,  2.477558e+01
  2.323400e-01,  2.824743e+01
  2.512235e-01,  3.164075e+01
  2.628766e-01,  2.461013e+01
  2.458295e-01,  2.841775e+01
  2.408065e-01,  2.512143e+01
  2.376531e-01,  2.354450e+01
  2.668234e-01,  2.657877e+01
  2.170854e-01,  2.545571e+01
  2.678391e-01,  2.190810e+01
  2.279975e-01,  3.119380e+01
  2.852518e-01,  2.748190e+01
  2.239585e-01,  2.559875e+01
  2.834686e-01,  2.974811e+01
  2.099050e-01,  2.669361e+01
  2.646269e-01,  2.204634e+01
  2.434714e-01,  3.267738e+01
  2.704228e-01,  2.755380e+01
  2.325345e-01,  2.629185e+01
  2.702797e-01,  2.597724e+01
  2.196835e-01,  2.569563e+01
  2.598659e-01,  2.926601e+01
  2.410248e-01,  2.494051e+01
  2.452803e-01,  2.763892e+01
  2.510822e-01,  2.389530e+01
  2.553553e-01,  2.598028e+01
  2.543546e-01,  2.937609e+01
  2.477513e-01,  2.681561e+01
  2.610385e-01,  2.436099e+01
  2.254004e-01,  2.844883e+01
  2.642745e-01,  2.560233e+01
  2.433893e-01,  2.680685e+01
  2.600501e-01,  2.792075e+01
  2.301162e-01,  2.360346e+01
  2.573441e-01,  2.520035e+01
  2.247109e-01,  3.057691e+01
  2.638221e-01,  2.419411e+01
  2.548960e-01,  2.730978e+01
  2.622400e-01,  3.021616e+01
  2.403810e-01,  2.558486e+01
  2.637486e-01,  2.673242e+01
  2.326944e-01,  3.315769e+01
  2.588377e-01,  2.386647e+01
  2.433084e-01,  2.534907e+01
  2.505310e-01,  2.947072e+01
  2.377958e-01,  2.343239e+01
  2.559742e-01,  2.766955e+01
  2.497459e-01,  2.905897e+01
  2.397040e-01,  2.660298e+01
  2.643621e-01,  2.580761e+01
  2.478234e-01,  2.916404e+01
  2.447645e-01,  2.404403e+01
  2.535526e-01,  2.925104e+01
  2.537028e-01,  2.811322e+01
  2.411159e-01,  2.744175e+01
  2.767077e-01,  2.673487e+01
  2.375293e-01,  2.671777e+01
  2.693812e-01,  2.442033e+01
  2.400381e-01,  2.479522e+01
  2.628465e-01,  2.945576e+01
  2.288731e-01,  2.621685e+01
  2.655733e-01,  2.592320e+01
  2.462753e-01,  2.879512e+01
  2.367506e-01,  2.781321e+01
  2.493399e-01,  2.491220e+01
  2.500057e-01,  3.020363e+01
  2.511584e-01,  2.809870e+01
  2.562641e-01,  2.684706e+01
  2.517770e-01,  2.828891e+01
  2.403998e-01,  2.572831e+01
  2.572808e-01,  2.312638e+01
  2.452766e-01,  2.882611e+01
  2.520753e-01,  2.721859e+01
  2.566035e-01,  2.469073e+01
  2.612841e-01,  2.861830e+01
  2.413422e-01,  2.256143e+01
  2.623351e-01,  2.325142e+01
  2.425949e-01,  2.770689e+01
  2.513142e-01,  2.669918e+01
  2.547250e-01,  2.475283e+01
  2.570902e-01,  2.834920e+01
  2.449456e-01,  2.734180e+01
  2.570374e-01,  2.397080e+01
  2.594610e-01,  2.801714e+01
  2.582791e-01,  2.788504e+01
  2.498104e-01,  2.443520e+01
  2.484580e-01,  2.663941e+01
  2.439053e-01,  2.751400e+01
  2.634975e-01,  2.437675e+01
  2.599566e-01,  3.173209e+01
  2.393519e-01,  2.853970e+01
  2.569123e-01,  2.475740e+01
  2.683816e-01,  2.781949e+01
  2.436786e-01,  2.676813e+01
  2.543659e-01,  2.570288e+01
  2.545736e-01,  2.653035e+01
  2.414948e-01,  2.680969e+01
  2.642135e-01,  2.486204e+01
  2.474392e-01,  2.703656e+01
  2.405835e-01,  2.744523e+01
  2.468528e-01,  2.589741e+01
  2.615617e-01,  2.720060e+01
  2.359719e-01,  2.926841e+01
  2.656799e-01,  2.175132e+01
  2.491247e-01,  2.797213e+01
  2.476031e-01,  3.125286e+01
  2.575771e-01,  2.563877e+01
  2.639261e-01,  2.888828e+01
  2.476348e-01,  2.975390e+01
  2.411502e-01,  2.307998e+01
  2.537723e-01,  2.401316e+01
  2.457371e-01,  2.750413e+01
  2.522197e-01,  2.314616e+01
  2.526757e-01,  2.501890e+01
  2.523539e-01,  2.678580e+01
  2.397044e-01,  2.174828e+01
  2.490632e-01,  2.579123e+01
  2.501511e-01,  3.036938e+01
  2.501001e-01,  2.522400e+01
  2.511198e-01,  2.821994e+01
  2.417858e-01,  2.859290e+01
  2.464975e-01,  2.578567e+01
  2.500276e-01,  2.573002e+01
  2.419663e-01,  2.901588e+01
  2.474929e-01,  2.308749e+01
  2.477501e-01,  2.625645e+01
  2.499184e-01,  2.932038e+01
  2.425134e-01,  2.474636e+01
  2.665511e-01,  2.777620e+01
  2.499055e-01,  3.099288e+01
  2.529800e-01,  2.894685e+01
  2.638676e-01,  2.445486e+01
  2.542844e-01,  3.247031e+01
  2.548640e-01,  2.581460e+01
  2.449640e-01,  2.281718e+01
  2.381367e-01,  2.810490e+01
  2.463967e-01,  2.712499e+01
  2.611572e-01,  2.613455e+01
  2.487043e-01,  2.928441e+01
  2.429478e-01,  2.834017e+01
  2.636761e-01,  2.676561e+01
  2.517329e-01,  3.011780e+01
  2.309255e-01,  2.331395e+01
  2.665909e-01,  2.521961e+01
  2.498685e-01,  3.053479e+01
  2.451426e-01,  2.863682e+01
  2.578867e-01,  2.624760e+01
  2.435829e-01,  2.882660e+01
  2.438956e-01,  3.038380e+01
  2.667293e-01,  2.610432e+01
  2.549914e-01,  2.678822e+01
  2.403494e-01,  2.655594e+01
  2.486775e-01,  2.067046e+01
  2.497016e-01,  2.997452e+01
  2.377133e-01,  2.481823e+01
  2.475643e-01,  2.465840e+01
  2.607349e-01,  3.013606e+01
  2.410482e-01,  2.637143e+01
  2.554065e-01,  2.448417e+01
  2.540973e-01,  2.813893e+01
  2.569157e-01,  3.238119e+01
  2.657950e-01,  2.363576e+01
  2.507636e-01,  2.920100e+01
  2.381259e-01,  2.771143e+01
  2.551352e-01,  2.572451e+01
  2.551266e-01,  2.459405e+01
  2.384501e-01,  2.497321e+01
  2.498538e-01,  2.678438e+01
  2.586499e-01,  2.980836e+01
  2.434579e-01,  2.632232e+01
  2.520238e-01,  2.647009e+01
  2.441772e-01,  2.971893e+01
  2.332277e-01,  2.931257e+01
  2.601202e-01,  2.714318e+01
  2.509787e-01,  2.523408e+01
  2.322629e-01,  3.046188e+01
  2.575906e-01,  2.236512e+01
  2.580575e-01,  2.747006e+01
  2.332376e-01,  2.521294e+01
  2.456007e-01,  2.471145e+01
  2.569622e-01,  2.704222e+01
  2.476474e-01,  2.879021e+01
  2.469714e-01,  2.441092e+01
  2.503047e-01,  2.635846e+01
  2.416453e-01,  2.951306e+01
  2.550451e-01,  2.388488e+01
  2.517009e-01,  2.672766e+01
  2.348979e-01,  2.888684e+01
  2.464083e-01,  2.623312e+01
  2.556536e-01,  2.624927e+01
  2.449493e-01,  2.704321e+01
  2.507371e-01,  2.399063e+01
  2.549557e-01,  3.008651e+01
  2.425236e-01,  2.981495e+01
  2.459435e-01,  2.479777e+01
  2.559197e-01,  2.421455e+01
  2.442554e-01,  3.157326e+01
  2.411006e-01,  2.359676e+01
  2.684572e-01,  2.674480e+01
  2.485406e-01,  3.116150e+01
  2.577297e-01,  2.850981e+01
  2.574778e-01,  2.704694e+01
  2.527407e-01,  3.071275e+01
  2.598758e-01,  2.704220e+01
  2.478282e-01,  2.387108e+01
  2.484920e-01,  3.205714e+01
  2.323834e-01,  2.154773e+01
  2.496915e-01,  2.534763e+01
  2.349169e-01,  2.812207e+01
  2.298374e-01,  2.374033e+01
  2.516910e-01,  2.555632e+01
  2.507437e-01,  3.044085e+01
  2.426766e-01,  2.584505e+01
  2.634168e-01,  2.663602e+01
  2.475310e-01,  2.799460e+01
  2.318131e-01,  2.644922e+01
  2.651633e-01,  2.506846e+01
  2.493076e-01,  2.852088e+01
  2.488690e-01,  2.869623e+01
  2.582700e-01,  2.440313e+01
  2.511103e-01,  3.313036e+01
  2.448079e-01,  2.857957e+01
  2.598129e-01,  2.623927e+01
  2.604052e-01,  3.129550e+01
  2.458850e-01,  2.431121e+01
  2.511870e-01,  2.184276e+01
  2.450592e-01,  2.792000e+01
  2.499342e-01,  2.960645e+01
  2.558848e-01,  2.691962e+01
  2.476067e-01,  2.692346e+01
  2.400075e-01,  3.122933e+01
  2.483340e-01,  2.565946e+01
  2.570556e-01,  2.862139e+01
  2.394373e-01,  2.784272e+01
  2.479600e-01,  2.493100e+01
  2.530423e-01,  2.914950e+01
  2.428612e-01,  2.601621e+01
  2.502771e-01,  2.612768e+01
  2.634563e-01,  2.810177e+01
  2.534618e-01,  2.787610e+01
  2.576627e-01,  2.725289e+01
  2.651764e-01,  3.125954e+01
  2.454446e-01,  2.754972e+01
  2.513024e-01,  2.441612e+01
  2.534142e-01,  3.135579e+01
  2.441724e-01,  2.612341e+01
  2.465191e-01,  2.175287e+01
  2.517975e-01,  3.135995e+01
  2.402297e-01,  3.081140e+01
  2.470997e-01,  2.430603e+01
  2.541341e-01,  2.660679e+01
  2.526057e-01,  2.862256e+01
  2.618438e-01,  2.732199e+01
  2.482725e-01,  2.664742e+01
  2.498968e-01,  3.089467e+01
  2.606052e-01,  2.740614e+01
  2.546907e-01,  2.655041e+01
  2.582321e-01,  2.980479e+01
  2.503245e-01,  2.475448e+01
  2.503530e-01,  2.999744e+01
  2.486847e-01,  3.435886e+01
  2.531319e-01,  2.658324e+01
  2.626489e-01,  2.521939e+01
  2.461852e-01,  2.822820e+01
  2.376632e-01,  2.200889e+01
  2.576354e-01,  2.632303e+01
  2.483471e-01,  3.198214e+01
  2.433440e-01,  2.673430e+01
  2.545239e-01,  2.630516e+01
  2.348460e-01,  2.921611e+01
  2.375974e-01,  2.464383e+01
  2.535989e-01,  2.738970e+01
  2.604770e-01,  3.244861e+01
  2.507968e-01,  2.725566e+01
  2.588559e-01,  2.417261e+01
  2.436426e-01,  2.840938e+01
  2.415280e-01,  2.575857e+01
  2.606587e-01,  2.630321e+01
  2.594657e-01,  2.802706e+01
  2.339742e-01,  2.052262e+01
  2.550910e-01,  2.761607e+01
  2.523202e-01,  2.857430e+01
  2.443193e-01,  2.741646e+01
  2.595719e-01,  2.676494e+01
  2.499466e-01,  3.083080e+01
  2.538319e-01,  2.535196e+01
  2.545014e-01,  2.574392e+01
  2.410641e-01,  2.485572e+01
  2.401484e-01,  2.668680e+01
  2.605590e-01,  2.125814e+01
  2.367859e-01,  2.853161e+01
  2.401285e-01,  2.279753e+01
  2.571824e-01,  2.632408e+01
  1.720793e-01,  1.105066e+02
  3.228875e+00,  1.782517e+02
  9.523590e+00,  1.788261e+02
  1.407052e+01,  1.706739e+02
  1.589244e+01,  1.592292e+02
  1.706446e+01,  1.486886e+02
  1.715771e+01,  1.385894e+02
  1.646872e+01,  1.296460e+02
  1.513995e+01,  1.223414e+02
  1.322797e+01,  1.170286e+02
  1.089678e+01,  1.138904e+02
  8.917254e+00,  1.094938e+02
  7.744319e+00,  9.836036e+01
  7.846521e+00,  8.321927e+01
  9.023474e+00,  7.262447e+01
  1.070845e+01,  6.932512e+01
  1.252685e+01,  7.154056e+01
  1.427690e+01,  7.869484e+01
  1.587096e+01,  8.913086e+01
  1.708842e+01,  9.837319e+01
  1.792431e+01,  1.039771e+02
  1.875027e+01,  1.056467e+02
  1.936647e+01,  1.046142e+02
  1.933076e+01,  1.018358e+02
  1.893380e+01,  9.650255e+01
  1.825322e+01,  8.919476e+01
  1.672136e+01,  8.221407e+01
  1.420204e+01,  7.694301e+01
  1.134660e+01,  7.387985e+01
  8.522027e+00,  7.268310e+01
  5.761877e+00,  8.077683e+01
  4.267718e+00,  1.139870e+02
  5.439363e+00,  1.482799e+02
  7.665327e+00,  1.608826e+02
  1.013700e+01,  1.647623e+02
  1.251335e+01,  1.647838e+02
  1.408078e+01,  1.609865e+02
  1.468958e+01,  1.547890e+02
  1.485624e+01,  1.474575e+02
  1.475351e+01,  1.405035e+02
  1.397158e+01,  1.331031e+02
  1.258769e+01,  1.236451e+02
  1.098411e+01,  1.105849e+02
  9.519031e+00,  9.161479e+01
  9.153563e+00,  6.465659e+01
  1.102882e+01,  3.971512e+01
  1.411799e+01,  2.434824e+01
  1.666486e+01,  1.585265e+01
  1.764365e+01,  1.085401e+01
  1.685409e+01,  8.547401e+00
  1.464097e+01,  9.894783e+00
  1.180444e+01,  1.802172e+01
  9.672128e+00,  3.554052e+01
  9.363131e+00,  6.254423e+01
  1.145096e+01,  8.767933e+01
  1.500938e+01,  1.032173e+02
  1.851629e+01,  1.118333e+02
  2.127964e+01,  1.165087e+02
  2.372714e+01,  1.195384e+02
  2.477237e+01,  1.205848e+02
  2.362268e+01,  1.199848e+02
  2.038876e+01,  1.178439e+02
  1.681555e+01,  1.139199e+02
  1.383851e+01,  1.080339e+02
  1.121220e+01,  9.890236e+01
  9.616634e+00,  8.569761e+01
  9.779679e+00,  7.226316e+01
  1.108864e+01,  6.453716e+01
  1.221115e+01,  6.008584e+01
  1.199201e+01,  5.622081e+01
  1.009027e+01,  4.980295e+01
  7.305785e+00,  3.737498e+01
  5.234190e+00,  1.370699e+01
  5.264964e+00,  3.488875e+02
  6.820547e+00,  3.433548e+02
  8.728749e+00,  3.463249e+02
  9.848151e+00,  3.465883e+02
  9.581914e+00,  3.397608e+02
  8.691170e+00,  3.222782e+02
  9.081354e+00,  2.977200e+02
  1.132879e+01,  2.790710e+02
  1.400045e+01,  2.685175e+02
  1.598290e+01,  2.615921e+02
  1.691726e+01,  2.553861e+02
  1.683752e+01,  2.481223e+02
  1.631822e+01,  2.391186e+02
  1.610876e+01,  2.295520e+02
  1.610184e+01,  2.200398e+02
  1.601943e+01,  2.088702e+02
  1.631920e+01,  1.965699e+02
  1.702322e+01,  1.866739e+02
  1.759221e+01,  1.809538e+02
  1.749414e+01,  1.797758e+02
  1.649571e+01,  1.838176e+02
  1.484645e+01,  1.928122e+02
  1.312823e+01,  2.051772e+02
  1.154170e+01,  2.200948e+02
  1.067254e+01,  2.383355e+02
  1.114453e+01,  2.571172e+02
  1.248446e+01,  2.715261e+02
  1.387371e+01,  2.806945e+02
  1.509444e+01,  2.855916e+02
  1.573814e+01,  2.861927e+02
  1.535994e+01,  2.838237e+02
  1.392831e+01,  2.789448e+02
  1.189086e+01,  2.721608e+02
  9.847156e+00,  2.624527e+02
  8.045234e+00,  2.513242e+02
  6.178812e+00,  2.413245e+02
  4.190844e+00,  2.332478e+02
  2.641567e+00,  2.285691e+02
  2.226315e+00,  2.242221e+02
  2.856503e+00,  2.148350e+02
  3.866279e+00,  2.034008e+02
  5.045467e+00,  1.916013e+02
  6.943210e+00,  1.791985e+02
  9.415348e+00,  1.649050e+02
  1.158749e+01,  1.478364e+02
  1.275047e+01,  1.281659e+02
  1.322432e+01,  1.105273e+02
  1.343273e+01,  9.949258e+01
  1.369050e+01,  9.471713e+01
  1.400836e+01,  9.418387e+01
  1.451508e+01,  9.814569e+01
  1.530067e+01,  1.050001e+02
  1.590608e+01,  1.105936e+02
  1.577475e+01,  1.131631e+02
  1.512329e+01,  1.139787e+02
  1.427766e+01,  1.144983e+02
  1.337996e+01,  1.145918e+02
  1.250332e+01,  1.147719e+02
  1.187604e+01,  1.146704e+02
  1.156992e+01,  1.149632e+02
  1.131327e+01,  1.163170e+02
  1.071388e+01,  1.179662e+02
  9.741928e+00,  1.190236e+02
  8.376439e+00,  1.202446e+02
  6.240891e+00,  1.237268e+02
  3.382474e+00,  1.321577e+02
  9.265213e-01,  2.058069e+02
  3.546234e+00,  2.838362e+02
  6.911663e+00,  2.911329e+02
  9.865957e+00,  2.905620e+02
  1.169424e+01,  2.858108e+02
  1.161293e+01,  2.769848e+02
  9.932535e+00,  2.620931e+02
  7.830800e+00,  2.372405e+02
  6.773701e+00,  2.022300e+02
  7.366430e+00,  1.653699e+02
  9.110716e+00,  1.383508e+02
  1.133344e+01,  1.199360e+02
  1.355201e+01,  1.073334e+02
  1.547577e+01,  9.992960e+01
  1.672074e+01,  9.634882e+01
  1.743286e+01,  9.578371e+01
  1.800080e+01,  9.680773e+01
  1.903875e+01,  9.860276e+01
  2.045172e+01,  9.946669e+01
  2.157957e+01,  9.898535e+01
  2.172499e+01,  9.730191e+01
  1.973724e+01,  9.356900e+01
  1.686872e+01,  9.098746e+01
  1.351324e+01,  9.131150e+01
  1.023408e+01,  9.783966e+01
  8.194000e+00,  1.122565e+02
  7.472264e+00,  1.261546e+02
  6.833963e+00,  1.324987e+02
  5.492087e+00,  1.364539e+02
  4.268875e+00,  1.474267e+02
  4.149024e+00,  1.631962e+02
  5.237541e+00,  1.702927e+02
  6.829730e+00,  1.669931e+02
  8.741393e+00,  1.583772e+02
  1.076233e+01,  1.482668e+02
  1.282543e+01,  1.386492e+02
  1.478686e+01,  1.299911e+02
  1.670652e+01,  1.229065e+02
  1.856351e+01,  1.175131e+02
  2.043523e+01,  1.130239e+02
  2.215421e+01,  1.093559e+02
  2.302127e+01,  1.064175e+02
  2.206775e+01,  1.049289e+02
  1.947288e+01,  1.060353e+02
  1.635223e+01,  1.131372e+02
  1.334859e+01,  1.283038e+02
  1.175262e+01,  1.532492e+02
  1.244676e+01,  1.779305e+02
  1.401730e+01,  1.954419e+02
  1.545633e+01,  2.068753e+02
  1.633139e+01,  2.148119e+02
  1.614186e+01,  2.188857e+02
  1.540277e+01,  2.204832e+02
  1.512681e+01,  2.189813e+02
  1.556052e+01,  2.172180e+02
  1.566006e+01,  2.154149e+02
  1.514327e+01,  2.138186e+02
  1.414599e+01,  2.104516e+02
  1.186378e+01,  2.065240e+02
  2.835026e+00,  1.787312e+02
  1.856097e+00,  6.445431e-01
  4.769598e-01,  1.597872e+02
  3.162909e-01,  3.063294e+01
  2.571338e-01,  2.938977e+01
  2.472999e-01,  1.970604e+01
  2.394750e-01,  3.599224e+01
  2.517894e-01,  1.643802e+01
  2.533068e-01,  3.217006e+01
  2.457862e-01,  1.955102e+01
  2.488953e-01,  3.226316e+01
  2.767317e-01,  2.116191e+01
  2.315541e-01,  3.598824e+01
  2.523037e-01,  2.217609e+01
  2.562977e-01,  2.972064e+01
  2.667441e-01,  2.593789e+01
  2.375396e-01,  2.688278e+01
  2.606071e-01,  2.245487e+01
  2.308084e-01,  2.914046e+01
  2.481530e-01,  2.336061e+01
  2.539438e-01,  2.979736e+01
  2.524273e-01,  3.183795e+01
  2.286150e-01,  1.825252e+01
  2.585877e-01,  2.563879e+01
  2.469380e-01,  2.750304e+01
  2.466462e-01,  3.014844e+01
  2.549890e-01,  2.512963e+01
  2.484112e-01,  3.063827e+01
  2.320040e-01,  2.416353e+01
  2.645660e-01,  2.631656e+01
  2.559745e-01,  2.868434e+01
  2.406129e-01,  2.955777e+01
  2.755107e-01,  2.611319e+01
  2.420065e-01,  2.867531e+01
  2.235219e-01,  2.323927e+01
  2.534381e-01,  2.544690e+01
  2.524558e-01,  2.883932e+01
  2.425737e-01,  2.690235e+01
  2.619775e-01,  2.579678e+01
  2.460989e-01,  3.096402e+01
  2.496046e-01,  2.617913e+01
  2.476586e-01,  2.582012e+01
  2.443990e-01,  2.577735e+01
  2.337332e-01,  2.525156e+01
  2.501233e-01,  2.307800e+01
  2.430133e-01,  2.861452e+01
  2.532455e-01,  2.948968e+01
  2.655813e-01,  2.623506e+01
  2.454807e-01,  2.792061e+01
  2.538875e-01,  2.732753e+01
  2.633385e-01,  2.731189e+01
  2.498756e-01,  2.238304e+01
  2.375850e-01,  2.701665e+01
  2.514635e-01,  2.286309e+01
  2.438693e-01,  2.491264e+01
  2.329890e-01,  2.814874e+01
  2.602396e-01,  2.636567e+01
  2.513170e-01,  3.134231e+01
  2.486425e-01,  3.000754e+01
  2.513154e-01,  2.232720e+01
  2.633398e-01,  2.955809e+01
  2.513980e-01,  2.689479e+01
  2.357550e-01,  2.734935e+01
  2.611470e-01,  2.723768e+01
  2.373498e-01,  2.712676e+01
  2.525871e-01,  2.656095e+01
  2.524987e-01,  2.653293e+01
  2.395809e-01,  2.739481e+01
  2.535181e-01,  2.511045e+01
  2.486210e-01,  2.437723e+01
  2.454510e-01,  3.341993e+01
  2.530821e-01,  2.385346e+01
  2.451220e-01,  2.164212e+01
  2.525065e-01,  3.324503e+01
  2.557554e-01,  2.390369e+01
  2.565453e-01,  2.833513e+01
  2.518547e-01,  2.797872e+01
  2.478563e-01,  2.535639e+01
  2.526005e-01,  2.344681e+01
  2.502457e-01,  3.365467e+01
  2.453133e-01,  2.273231e+01
  2.515279e-01,  2.598489e+01
  2.501603e-01,  3.276419e+01
  2.557568e-01,  2.648911e+01
  2.593870e-01,  2.691627e+01
  2.407510e-01,  2.739001e+01
  2.546286e-01,  2.671658e+01
  2.590516e-01,  2.750133e+01
  2.467114e-01,  3.086836e+01
  2.425381e-01,  2.451390e+01
  2.537607e-01,  2.991103e+01
  2.412578e-01,  2.875440e+01
  2.431632e-01,  2.752796e+01
  2.515466e-01,  2.420381e+01
  2.447423e-01,  2.854724e+01
  2.408621e-01,  2.873920e+01
  2.553768e-01,  2.676708e+01
  2.334241e-01,  2.858677e+01
  2.444490e-01,  2.530094e+01
  2.616918e-01,  2.624458e+01
  2.426480e-01,  2.978619e+01
  2.455135e-01,  2.663590e+01
  2.568588e-01,  2.465537e+01
  2.604911e-01,  3.141813e+01
  2.416048e-01,  2.353549e+01
  2.473122e-01,  2.402377e+01
  2.412332e-01,  2.769475e+01
  2.494332e-01,  2.404014e+01
  2.542127e-01,  2.590603e+01
  2.465600e-01,  2.797017e+01
  2.494594e-01,  2.960478e+01
  2.528241e-01,  2.422439e+01
  2.406335e-01,  2.717354e+01
  2.498924e-01,  2.603436e+01
  2.560935e-01,  2.310703e+01
  2.485369e-01,  2.943565e+01
  2.443591e-01,  2.878286e+01
  2.527218e-01,  2.464223e+01
  2.560041e-01,  2.945872e+01
  2.457685e-01,  2.871838e+01
  2.590609e-01,  2.759396e+01
  2.544023e-01,  2.801631e+01
  2.395230e-01,  2.269981e+01
  2.465616e-01,  2.622212e+01
  2.419993e-01,  2.877227e+01
  2.366786e-01,  2.990760e+01
  2.533543e-01,  2.266806e+01
  2.446693e-01,  2.736530e+01
  2.471984e-01,  2.597145e+01
  2.533785e-01,  2.443427e+01
  2.556338e-01,  2.947441e+01
  2.464154e-01,  2.547413e+01
  2.535455e-01,  2.358900e+01
  2.575002e-01,  2.734998e+01
  2.381360e-01,  3.293691e+01
  2.494182e-01,  2.503402e+01
  2.566295e-01,  2.692711e+01
  2.370324e-01,  2.736521e+01
  2.544710e-01,  2.410161e+01
  2.553432e-01,  2.820649e+01
  2.422781e-01,  2.699238e+01
  2.542627e-01,  2.653189e+01
  2.439837e-01,  2.821148e+01
  2.429959e-01,  3.002708e+01
  2.507399e-01,  2.630203e+01
  2.532576e-01,  2.764775e+01
  2.482632e-01,  2.899382e+01
  2.549130e-01,  2.437234e+01
  2.516910e-01,  2.727866e+01
  2.414571e-01,  2.700784e+01
  2.498201e-01,  2.639405e+01
  2.538550e-01,  2.784666e+01
  2.417478e-01,  3.208020e+01
  2.540659e-01,  2.489802e+01
  2.588330e-01,  2.845633e+01
  2.481396e-01,  2.903207e+01
  2.582731e-01,  2.256556e+01
  2.516880e-01,  2.897348e+01
  2.496632e-01,  3.013373e+01
  2.449946e-01,  2.286496e+01
  2.543347e-01,  2.476783e+01
  2.495451e-01,  3.202026e+01
  2.528141e-01,  2.745547e+01
  2.578953e-01,  2.716170e+01
  2.292841e-01,  2.457453e+01
  2.477041e-01,  2.580082e+01
  2.518056e-01,  2.734577e+01
  2.368545e-01,  2.887591e+01
  2.427062e-01,  2.151313e+01
  2.508398e-01,  2.695845e+01
  2.429938e-01,  2.905694e+01
  2.475491e-01,  2.238863e+01
  2.544158e-01,  2.454667e+01
  2.464276e-01,  2.683323e+01
  2.446866e-01,  2.630297e+01
  2.438577e-01,  2.406909e+01
  2.522618e-01,  3.281956e+01
  2.530260e-01,  2.532057e+01
  2.614709e-01,  2.350248e+01
  2.493057e-01,  2.962946e+01
  2.492809e-01,  2.336212e+01
  2.471513e-01,  2.374625e+01
  2.461639e-01,  2.938960e+01
  2.522359e-01,  2.492288e+01
  2.506929e-01,  2.647683e+01
  2.547077e-01,  2.742681e+01
  2.505681e-01,  2.490328e+01
  2.617656e-01,  2.876395e+01
  2.604019e-01,  2.847528e+01
  2.458519e-01,  2.560077e+01
  2.453716e-01,  2.630306e+01
  2.463940e-01,  2.739946e+01
  2.526662e-01,  2.664932e+01
  2.502555e-01,  2.385698e+01
  2.444132e-01,  2.704968e+01
  2.503652e-01,  2.887221e+01
  2.478821e-01,  2.405027e+01
  2.557151e-01,  2.935115e+01
  2.523440e-01,  2.994084e+01
  2.558037e-01,  2.442022e+01
  2.542399e-01,  2.762438e+01
  2.565530e-01,  2.866646e+01
  2.465255e-01,  2.416846e+01
  2.495348e-01,  2.994128e+01
  2.552178e-01,  3.116604e+01
  2.448466e-01,  2.195085e+01
  2.539335e-01,  2.913589e+01
  2.375565e-01,  3.021986e+01
  2.660412e-01,  2.439608e+01
  2.598758e-01,  3.029379e+01
  2.355469e-01,  2.359367e+01
  2.510499e-01,  2.649581e+01
  2.562489e-01,  2.879691e+01
  2.439963e-01,  2.523225e+01
  2.430305e-01,  2.579294e+01
  2.558126e-01,  2.896112e+01
  2.502358e-01,  2.975302e+01
  2.546616e-01,  2.377779e+01
  2.504260e-01,  2.836969e+01
  2.514022e-01,  2.756493e+01
  2.519297e-01,  2.570276e+01
  2.599346e-01,  2.601087e+01
  2.457063e-01,  2.744692e+01
  2.366056e-01,  2.292021e+01
  2.591989e-01,  2.501954e+01
  2.549369e-01,  3.006497e+01
  2.411967e-01,  2.535744e+01
  2.557074e-01,  2.833539e+01
  2.498815e-01,  3.117894e+01
  2.408531e-01,  2.530281e+01
  2.564660e-01,  2.565014e+01
  2.499945e-01,  3.099232e+01
  2.501329e-01,  2.342177e+01
  2.447099e-01,  2.453368e+01
  2.495219e-01,  3.131007e+01
  2.499197e-01,  2.472254e+01
  2.563732e-01,  2.550572e+01
  2.440880e-01,  3.083602e+01
  2.453800e-01,  2.669644e+01
  2.663052e-01,  2.747936e+01
  2.382965e-01,  3.012817e+01
  2.371604e-01,  2.381251e+01
  2.425987e-01,  2.636046e+01
  2.405224e-01,  2.967033e+01
  2.476048e-01,  2.539322e+01
  2.541246e-01,  2.648496e+01
  2.547788e-01,  2.874604e+01
  2.524564e-01,  2.687545e+01
  2.585471e-01,  2.537088e+01
  2.508033e-01,  2.774360e+01
  2.529264e-01,  2.672094e+01
  2.690581e-01,  2.544105e+01
  2.451102e-01,  3.164413e+01
  2.488860e-01,  2.794176e+01
  2.652199e-01,  2.411353e+01
  2.447023e-01,  2.898517e+01
  2.385224e-01,  2.657094e+01
  2.527414e-01,  2.357995e+01
  2.505334e-01,  2.842014e+01
  2.453713e-01,  2.751024e+01
  2.522131e-01,  2.310640e+01
  2.502200e-01,  3.013170e+01
  2.544923e-01,  2.905064e+01
  2.638063e-01,  2.459779e+01
  2.492278e-01,  2.845578e+01
  2.464969e-01,  2.885732e+01
  2.568932e-01,  2.479788e+01
  2.487908e-01,  3.030904e+01
  2.543481e-01,  2.656987e+01
  2.478988e-01,  2.226329e+01
  2.529774e-01,  2.810325e+01
  2.377938e-01,  2.858187e+01
  2.557848e-01,  2.508950e+01
  2.547615e-01,  2.743717e+01
  2.252365e-01,  2.787190e+01
  2.470390e-01,  2.041232e+01
  2.512075e-01,  3.260756e+01
  2.539506e-01,  2.819060e+01
  2.558230e-01,  2.517513e+01
  2.487482e-01,  2.729764e+01
  2.368286e-01,  2.574083e+01
  2.494931e-01,  2.454698e+01
  2.504856e-01,  2.580179e+01
  2.441248e-01,  2.620260e+01
  2.466256e-01,  2.291126e+01
  2.522927e-01,  3.047362e+01
  2.369056e-01,  2.522802e+01
  2.480608e-01,  2.699685e+01
  2.492160e-01,  2.777681e+01
  2.411775e-01,  2.752389e+01
  2.593655e-01,  2.469589e+01
  2.543109e-01,  2.943659e+01
  2.427498e-01,  2.953954e+01
  2.523525e-01,  2.278941e+01
  2.566657e-01,  2.833575e+01
  2.386897e-01,  2.675747e+01
  2.459228e-01,  2.429325e+01
  2.439689e-01,  2.773687e+01
  2.491157e-01,  2.814098e+01
  2.557278e-01,  2.276144e+01
  2.484395e-01,  2.768474e+01
  2.464594e-01,  2.479244e+01
  2.501816e-01,  1.910406e+01
  2.533727e-01,  2.481299e+01
  2.554708e-01,  2.734693e+01
  2.418162e-01,  2.407093e+01
  2.603656e-01,  2.543426e+01
  2.476362e-01,  2.833159e+01
  2.435305e-01,  2.373916e+01
  2.622966e-01,  2.687734e+01
  2.346227e-01,  2.762948e+01
  2.337363e-01,  2.312818e+01
  2.553282e-01,  2.857702e+01
  2.512511e-01,  2.397391e+01
  2.391124e-01,  2.155176e+01
  2.515083e-01,  2.711998e+01
  2.430459e-01,  3.205859e+01
  2.583929e-01,  2.779917e+01
  2.571228e-01,  2.375205e+01
  2.419722e-01,  3.162647e+01
  2.409880e-01,  2.410165e+01
  2.504734e-01,  2.731506e+01
  2.544384e-01,  3.194182e+01
  2.461472e-01,  2.382593e+01
  2.580027e-01,  2.502724e+01
  2.539576e-01,  2.871983e+01
  2.527981e-01,  2.812920e+01
  2.625297e-01,  2.628061e+01
  2.516396e-01,  3.305292e+01
  2.493626e-01,  2.567054e+01
  2.553462e-01,  2.248491e+01
  2.498393e-01,  3.361598e+01
  2.549634e-01,  2.493817e+01
  2.585066e-01,  2.486222e+01
  2.572033e-01,  2.961607e+01
  2.413932e-01,  2.311421e+01
  2.559441e-01,  2.521587e+01
  2.482749e-01,  3.032244e+01
  2.442531e-01,  2.461076e+01
  2.501040e-01,  2.403650e+01
  2.493218e-01,  3.078762e+01
  2.506984e-01,  2.739099e+01
  2.518081e-01,  2.505200e+01
  2.586754e-01,  3.057693e+01
  2.508704e-01,  2.919308e+01
  2.567958e-01,  2.461734e+01
  2.537582e-01,  3.244515e+01
  2.544954e-01,  2.903841e+01
  2.600710e-01,  2.364398e+01
  2.549841e-01,  2.750219e+01
  2.500849e-01,  2.838463e+01
  2.555083e-01,  2.506748e+01
  2.482503e-01,  2.736973e+01
  2.466252e-01,  2.617418e+01
  2.603907e-01,  2.311972e+01
  2.443532e-01,  2.788900e+01
  2.436523e-01,  2.893741e+01
  2.545726e-01,  2.792871e+01
  2.443189e-01,  2.617195e+01
  2.523542e-01,  2.860111e+01
  2.607802e-01,  2.300163e+01
  2.567460e-01,  2.786842e+01
  2.273002e-01,  2.689838e+01
  2.553486e-01,  2.377798e+01
  2.598371e-01,  2.860695e+01
  2.283996e-01,  2.661408e+01
  2.568713e-01,  2.585908e+01
  2.502923e-01,  2.691855e+01
  2.394172e-01,  3.191614e+01
  2.553398e-01,  2.559911e+01
  2.557166e-01,  2.736085e+01
  2.432542e-01,  2.598225e+01
  2.545726e-01,  2.122187e+01
  2.439220e-01,  2.537975e+01
  2.443800e-01,  2.619120e+01
  2.498091e-01,  2.131474e+01
  2.516071e-01,  2.570160e+01
  2.499403e-01,  2.852151e+01
  2.534953e-01,  2.589299e+01
  2.474507e-01,  2.624306e+01
  2.417924e-01,  2.938970e+01
  2.549629e-01,  2.687342e+01
  2.547810e-01,  2.556963e+01
  2.432041e-01,  2.928777e+01
  2.402138e-01,  2.281905e+01
  2.574208e-01,  2.539179e+01
  2.462744e-01,  2.762451e+01
  2.448292e-01,  2.601747e+01
  2.647724e-01,  2.371008e+01
  2.502596e-01,  3.143493e+01
  2.562021e-01,  2.647098e+01
  2.681633e-01,  2.676667e+01
  2.390425e-01,  3.221660e+01
  2.506950e-01,  2.190373e+01
  2.486709e-01,  2.551932e+01
  2.377201e-01,  2.795547e+01
  2.463624e-01,  2.214664e+01
  2.551666e-01,  2.585927e+01
  2.447407e-01,  3.211593e+01
  2.462834e-01,  2.125988e+01
  2.537893e-01,  2.691660e+01
  2.480702e-01,  2.896788e+01
  2.452951e-01,  2.425104e+01
  2.477595e-01,  2.736441e+01
  2.527736e-01,  2.929110e+01
  2.450259e-01,  2.581562e+01
  2.500881e-01,  2.571778e+01
  2.400262e-01,  3.092225e+01
  2.400955e-01,  2.545220e+01
  2.582853e-01,  2.729894e+01
  2.506670e-01,  2.760651e+01
  2.488827e-01,  2.586304e+01
  2.663482e-01,  2.358309e+01
  2.496932e-01,  2.702856e+01
  2.565205e-01,  2.856135e+01
  2.594362e-01,  2.738521e+01
  2.602207e-01,  3.102558e+01
  2.443896e-01,  2.564555e+01
  2.487387e-01,  2.672114e+01
  2.559566e-01,  2.656691e+01
  2.481067e-01,  2.431393e+01
  2.518825e-01,  2.420431e+01
  2.474994e-01,  2.914822e+01
  2.500919e-01,  3.253881e+01
  2.508470e-01,  2.272664e+01
  2.520607e-01,  2.724628e+01
  2.300266e-01,  2.468595e+01
  2.574136e-01,  2.422761e+01
  2.520296e-01,  2.851246e+01
  2.389881e-01,  2.593417e+01
  2.597040e-01,  2.706224e+01
  2.570663e-01,  2.700535e+01
  2.383018e-01,  2.757176e+01
  2.521692e-01,  2.693118e+01
  2.607450e-01,  3.240994e+01
  2.417100e-01,  2.695228e+01
  2.420770e-01,  2.235648e+01
  2.492610e-01,  2.865359e+01
  2.503212e-01,  2.879040e+01
  2.552714e-01,  2.424197e+01
  2.418459e-01,  2.577579e+01
  2.387889e-01,  2.982519e+01
  2.693552e-01,  2.767439e+01
  2.481005e-01,  2.884506e+01
  2.467520e-01,  3.099515e+01
  2.490163e-01,  2.626884e+01
  2.471803e-01,  2.852640e+01
  2.540593e-01,  2.968795e+01
  2.548001e-01,  2.552310e+01
  2.542095e-01,  2.897854e+01
  2.591586e-01,  3.100684e+01
  2.535968e-01,  2.764493e+01
  2.539448e-01,  2.673800e+01
  2.474951e-01,  3.241497e+01
  2.531995e-01,  2.509389e+01
  2.532196e-01,  2.865883e+01
  2.458458e-01,  2.988554e+01
  2.549392e-01,  2.438576e+01
  2.541331e-01,  2.907799e+01
  2.537169e-01,  2.890544e+01
  2.424384e-01,  2.514156e+01
  2.624139e-01,  2.687050e+01
  2.449766e-01,  2.903895e+01
  2.492747e-01,  2.466335e+01
  2.561637e-01,  2.873271e+01
  2.367704e-01,  2.663549e+01
  2.362945e-01,  2.304851e+01
  2.511475e-01,  2.553664e+01
  2.603482e-01,  2.888955e+01
  2.508952e-01,  2.396380e+01
  2.525027e-01,  2.467627e+01
  2.491143e-01,  2.871992e+01
  2.509137e-01,  2.573936e+01
  2.588573e-01,  2.425861e+01
  2.495896e-01,  2.623449e+01
  2.362957e-01,  2.394898e+01
  2.581205e-01,  2.387598e+01
  2.479775e-01,  3.294693e+01
  2.415030e-01,  2.635977e+01
  2.650032e-01,  2.571150e+01
  2.505452e-01,  2.916881e+01
  2.348241e-01,  2.405872e+01
  2.539108e-01,  2.605160e+01
  2.520341e-01,  2.765975e+01
  2.360822e-01,  2.497184e+01
  2.623733e-01,  2.744029e+01
  2.592913e-01,  2.923137e+01
  2.386067e-01,  2.539574e+01
  2.551318e-01,  2.277682e+01
  2.540759e-01,  3.029813e+01
  2.418449e-01,  2.495916e+01
  2.521292e-01,  2.508178e+01
  2.472849e-01,  2.931870e+01
  2.356219e-01,  2.499790e+01
  2.599942e-01,  2.686594e+01
  2.444273e-01,  2.755014e+01
  2.453266e-01,  2.854896e+01
  2.699431e-01,  2.370371e+01
  2.512345e-01,  2.873432e+01
  2.469907e-01,  2.440824e+01
  2.543285e-01,  2.336911e+01
  2.516838e-01,  2.805898e+01
  2.391456e-01,  2.752866e+01
  2.651732e-01,  2.773411e+01
  2.515898e-01,  2.860332e+01
  2.349676e-01,  2.703847e+01
  2.526721e-01,  2.137334e+01
  2.516792e-01,  2.829054e+01
  2.359392e-01,  3.115125e+01
  2.434644e-01,  2.463191e+01
  2.506784e-01,  2.652928e+01
  2.342505e-01,  2.623658e+01
  2.593734e-01,  2.608988e+01
  2.497296e-01,  2.735288e+01
  2.421796e-01,  2.516109e+01
  2.511079e-01,  2.537444e+01
  2.624058e-01,  2.696191e+01
  2.470751e-01,  2.830612e+01
  2.466840e-01,  2.305742e+01
  2.539136e-01,  2.710622e+01
  2.329140e-01,  2.661166e+01
  2.629282e-01,  2.522638e+01
  2.553244e-01,  2.692280e+01
  2.402819e-01,  2.842554e+01
  2.667190e-01,  2.804248e+01
  2.600234e-01,  2.772442e+01
  2.481042e-01,  2.525557e+01
  2.587949e-01,  2.497170e+01
  2.518331e-01,  2.645908e+01
  2.401616e-01,  2.772444e+01
  2.528022e-01,  2.406095e+01
  2.564876e-01,  2.518232e+01
  2.496150e-01,  3.271897e+01
  2.502069e-01,  2.307701e+01
  2.434072e-01,  2.661545e+01
  2.374542e-01,  2.440546e+01
  2.603924e-01,  2.561763e+01
  2.639621e-01,  2.814646e+01
  2.392330e-01,  2.962277e+01
  2.556828e-01,  2.541118e+01
  2.453637e-01,  2.604895e+01
  2.322660e-01,  3.145628e+01
  2.608869e-01,  2.662323e+01
  2.601327e-01,  2.774152e+01
  2.518792e-01,  3.067178e+01
  2.511568e-01,  2.709118e+01
  2.556726e-01,  2.575094e+01
  2.478104e-01,  3.358052e+01
  2.450425e-01,  2.215811e+01
  2.514046e-01,  2.713693e+01
  2.472476e-01,  2.938208e+01
  2.475691e-01,  2.438987e+01
  2.571856e-01,  2.698011e+01
  2.432439e-01,  2.997397e+01
  2.445390e-01,  2.505090e+01
  2.580787e-01,  2.425672e+01
  2.298712e-01,  3.027673e+01
  2.497188e-01,  2.184906e+01
  2.486939e-01,  2.552914e+01
  2.428695e-01,  3.077662e+01
  2.555939e-01,  2.590175e+01
  2.536563e-01,  2.668693e+01
  2.485077e-01,  2.989775e+01
  2.418494e-01,  2.505709e+01
  2.648752e-01,  2.446804e+01
  2.488093e-01,  3.054210e+01
  2.476751e-01,  2.762055e+01
  2.613365e-01,  2.390129e+01
  2.400826e-01,  2.860245e+01
  2.408878e-01,  2.452774e+01
  2.654022e-01,  2.837516e+01
  2.608540e-01,  3.427976e+01
  2.495749e-01,  2.742755e+01
  2.548789e-01,  2.472457e+01
  2.493602e-01,  3.100185e+01
  2.420577e-01,  2.533812e+01
  2.516350e-01,  1.978113e+01
  2.440778e-01,  2.654257e+01
  2.445465e-01,  2.496583e+01
  2.563348e-01,  2.212636e+01
  2.429157e-01,  2.757458e+01
  2.494008e-01,  2.787025e+01
  2.556215e-01,  2.579181e+01
  2.491859e-01,  2.587038e+01
  2.343644e-01,  2.699679e+01
  2.543465e-01,  2.805978e+01
  2.443371e-01,  2.629454e+01
  2.412592e-01,  2.673615e+01
  2.486612e-01,  2.293865e+01
  2.613614e-01,  2.799771e+01
  2.547291e-01,  2.942820e+01
  2.395889e-01,  2.480572e+01
  2.584547e-01,  2.683358e+01
  2.343536e-01,  2.677798e+01
  2.572751e-01,  2.459722e+01
  2.562323e-01,  3.059543e+01
  2.489884e-01,  2.658781e+01
  2.503318e-01,  2.226598e+01
  2.520687e-01,  2.807263e+01
  2.527036e-01,  2.899856e+01
  2.468081e-01,  2.490790e+01
  2.530467e-01,  2.550248e+01
  2.392102e-01,  2.818688e+01
  2.489737e-01,  2.253089e+01
  2.530470e-01,  2.796987e+01
  2.440211e-01,  2.672879e+01
  2.594896e-01,  2.535646e+01
  2.619362e-01,  3.009316e+01
  2.465382e-01,  2.789441e+01
  2.473220e-01,  2.397663e+01
  2.525860e-01,  2.786698e+01
  2.425537e-01,  2.685445e+01
  2.426879e-01,  2.497081e+01
  2.605934e-01,  2.756614e+01
  2.422569e-01,  3.142035e+01
  2.445223e-01,  2.383240e+01
  2.449929e-01,  2.357570e+01
  2.481428e-01,  3.072129e+01
  2.589403e-01,  2.575697e+01
  2.537531e-01,  2.649160e+01
  2.460554e-01,  2.676480e+01
  2.538972e-01,  2.533791e+01
  2.581254e-01,  2.398991e+01
  2.405195e-01,  2.883128e+01
  2.408207e-01,  2.158630e+01
  2.595648e-01,  2.506816e+01
  2.526138e-01,  3.045625e+01
  2.456614e-01,  2.621216e+01
  2.625840e-01,  2.482889e+01
  2.359152e-01,  2.784916e+01
  2.388117e-01,  2.652209e+01
  2.637869e-01,  2.507772e+01
  2.545467e-01,  3.140694e+01
  2.465677e-01,  2.637307e+01
  2.615439e-01,  2.667085e+01
  2.463977e-01,  2.607292e+01
  2.400172e-01,  2.518686e+01
  2.627945e-01,  2.724659e+01
  2.631821e-01,  3.121075e+01
  2.482610e-01,  3.012501e+01
  2.508464e-01,  2.234255e+01
  2.424133e-01,  2.667223e+01
  2.436364e-01,  2.695176e+01
  2.597193e-01,  2.629637e+01
  2.454121e-01,  3.007417e+01
  2.328489e-01,  2.100433e+01
  2.596444e-01,  2.474643e+01
  2.605653e-01,  3.024250e+01
  2.410056e-01,  2.442689e+01
  2.575421e-01,  2.447320e+01
  2.437358e-01,  2.661501e+01
  2.481042e-01,  2.403655e+01
  2.461241e-01,  2.227324e+01
  2.385061e-01,  2.873708e+01
  2.501599e-01,  2.827496e+01
  2.543696e-01,  2.700741e+01
  2.541135e-01,  2.817164e+01
  2.465742e-01,  2.698372e+01
  2.486071e-01,  2.599623e+01
  2.503389e-01,  2.816546e+01
  2.437342e-01,  3.095011e+01
  2.511358e-01,  2.209794e+01
  2.530497e-01,  2.783990e+01
  2.484305e-01,  3.150285e+01
  2.471230e-01,  2.413657e+01
  2.558234e-01,  2.851702e+01
  2.428417e-01,  2.699798e+01
  2.471601e-01,  2.362383e+01
  2.658724e-01,  2.759783e+01
  2.476547e-01,  2.942390e+01
  2.552594e-01,  2.292491e+01
  2.505791e-01,  2.718627e+01
  2.411768e-01,  2.704726e+01
  2.477494e-01,  2.395446e+01
  2.595784e-01,  2.667125e+01
  2.317608e-01,  2.898939e+01
  2.450764e-01,  2.722259e+01
  2.527361e-01,  2.730595e+01
  2.500059e-01,  3.071078e+01
  2.682355e-01,  2.527172e+01
  2.410612e-01,  2.576226e+01
  2.440423e-01,  2.871330e+01
  2.449786e-01,  2.591277e+01
  2.555885e-01,  2.520177e+01
  2.510536e-01,  3.096732e+01
  2.481607e-01,  2.624790e+01
  2.509346e-01,  2.248951e+01
  2.433262e-01,  2.737783e+01
  2.572948e-01,  2.329305e+01
  2.614245e-01,  2.530616e+01
  2.489512e-01,  2.948671e+01
  2.509954e-01,  2.220306e+01
  2.567711e-01,  2.717821e+01
  2.524250e-01,  3.088095e+01
  2.461894e-01,  2.231527e+01
  2.416757e-01,  2.626926e+01
  2.494526e-01,  2.989945e+01
  2.342087e-01,  2.445147e+01
  2.507017e-01,  2.626471e+01
  2.603230e-01,  3.288525e+01
  2.496224e-01,  2.821520e+01
  2.583052e-01,  2.320441e+01
  2.513298e-01,  3.068439e+01
  2.615187e-01,  2.762860e+01
  2.555289e-01,  2.540004e+01
  2.414192e-01,  2.716526e+01
  2.425435e-01,  2.305401e+01
  2.433730e-01,  2.375817e+01
  2.422486e-01,  2.751189e+01
  2.379084e-01,  2.686340e+01
  2.520144e-01,  2.725955e+01
  2.505247e-01,  2.928604e+01
  2.466809e-01,  2.687799e+01
  2.640679e-01,  2.635284e+01
  2.449681e-01,  2.870690e+01
  2.413785e-01,  2.895971e+01
  2.527124e-01,  2.621860e+01
  2.506840e-01,  3.110325e+01
  2.445106e-01,  2.864845e+01
  2.648418e-01,  2.735023e+01
  2.588140e-01,  3.020403e+01
  2.473334e-01,  2.734725e+01
  2.518100e-01,  2.524200e+01
  2.408281e-01,  3.017481e+01
  2.531671e-01,  2.790508e+01
  2.498743e-01,  2.468739e+01
  2.610700e-01,  3.142075e+01
  2.509540e-01,  2.864697e+01
  2.466304e-01,  2.375624e+01
  2.501030e-01,  2.855793e+01
  2.421970e-01,  2.585232e+01
  2.490922e-01,  2.785507e+01
  2.489794e-01,  2.742567e+01
  2.296989e-01,  2.439666e+01
  2.618787e-01,  2.661260e+01
  2.540603e-01,  3.133027e+01
  2.414212e-01,  3.137960e+01
  2.584241e-01,  2.583487e+01
  2.566083e-01,  3.132496e+01
  2.550033e-01,  2.548789e+01
  2.538077e-01,  2.444198e+01
  2.610457e-01,  2.687638e+01
  2.507785e-01,  3.105172e+01
  2.591722e-01,  2.325210e+01
  2.595151e-01,  3.335692e+01
  2.615474e-01,  3.028025e+01
  2.547163e-01,  2.525807e+01
  2.611875e-01,  2.694189e+01
  2.365761e-01,  2.536947e+01
  2.568518e-01,  2.642538e+01
  2.564377e-01,  2.788752e+01
  2.437984e-01,  2.695809e+01
  2.416464e-01,  2.527455e+01
  2.475075e-01,  2.855870e+01
  2.372227e-01,  2.296415e+01
  2.475569e-01,  2.632428e+01
  2.472485e-01,  2.275834e+01
  2.479147e-01,  3.446909e+01
  2.526429e-01,  2.022128e+01
  2.530913e-01,  2.948111e+01
  2.354572e-01,  2.352853e+01
  2.554294e-01,  3.020972e+01
  2.578809e-01,  2.341929e+01
  2.469561e-01,  3.141283e+01
  2.373297e-01,  1.533284e+01
  2.655927e-01,  3.276993e+01
  1.118486e+00,  2.631448e+02
  2.921310e+00,  2.948851e+02
  3.379894e+00,  2.574924e+02
  5.901904e+00,  1.896223e+02
  9.282775e+00,  1.745744e+02
  1.289741e+01,  1.655002e+02
  1.617225e+01,  1.593079e+02
  1.826837e+01,  1.551920e+02
  1.947621e+01,  1.535239e+02
  2.087386e+01,  1.556801e+02
  2.240339e+01,  1.620913e+02
  2.295121e+01,  1.686247e+02
  2.210065e+01,  1.731977e+02
  2.098438e+01,  1.753515e+02
  1.990453e+01,  1.759497e+02
  1.827106e+01,  1.743213e+02
  1.535234e+01,  1.689792e+02
  1.254349e+01,  1.617060e+02
  1.041960e+01,  1.566664e+02
  8.272502e+00,  1.512419e+02
  6.351562e+00,  1.401882e+02
  5.332472e+00,  1.231017e+02
  4.752981e+00,  1.004128e+02
  5.010783e+00,  6.524052e+01
  6.872862e+00,  3.908329e+01
  8.835425e+00,  2.667530e+01
  9.954981e+00,  2.003683e+01
  1.032814e+01,  1.533875e+01
  1.061287e+01,  1.139304e+01
  1.105544e+01,  6.429835e+00
  1.122188e+01,  3.579253e+02
  1.146006e+01,  3.482749e+02
  1.204234e+01,  3.439157e+02
  1.260737e+01,  3.449208e+02
  1.294448e+01,  3.492788e+02
  1.300131e+01,  3.562844e+02
  1.301161e+01,  5.441573e+00
  1.331058e+01,  1.367566e+01
  1.405161e+01,  1.876987e+01
  1.493946e+01,  2.047640e+01
  1.546747e+01,  2.023659e+01
  1.502161e+01,  2.042920e+01
  1.372617e+01,  2.372225e+01
  1.207688e+01,  2.897746e+01
  1.003325e+01,  3.252669e+01
  7.287070e+00,  3.641544e+01
  4.440967e+00,  4.485715e+01
  2.310003e+00,  6.073045e+01
  1.224032e+00,  7.678417e+01
  5.167410e-01,  8.638370e+01
  6.940134e-01,  3.186445e+02
  3.766125e+00,  3.407453e+02
  8.896695e+00,  3.498467e+02
  1.424246e+01,  3.543931e+02
  1.876762e+01,  3.565968e+02
  2.305875e+01,  3.577333e+02
  2.660072e+01,  3.578579e+02
  2.763403e+01,  3.570534e+02
  2.632038e+01,  3.566517e+02
  2.339851e+01,  3.567494e+02
  1.973964e+01,  3.569110e+02
  1.633360e+01,  3.590232e+02
  1.306802e+01,  3.886464e+00
  1.011503e+01,  9.307050e+00
  6.958093e+00,  1.468015e+01
  3.405462e+00,  3.068407e+01
  2.230495e+00,  1.008261e+02
  3.583905e+00,  1.346618e+02
  4.382825e+00,  1.478818e+02
  4.932843e+00,  1.597953e+02
  5.311594e+00,  1.694027e+02
  5.439529e+00,  1.768364e+02
  5.751569e+00,  1.795396e+02
  6.439544e+00,  1.750294e+02
  7.593105e+00,  1.660017e+02
  8.954773e+00,  1.585929e+02
  1.028756e+01,  1.535411e+02
  1.167536e+01,  1.502505e+02
  1.312265e+01,  1.473090e+02
  1.481055e+01,  1.454089e+02
  1.689756e+01,  1.454666e+02
  1.943098e+01,  1.482555e+02
  2.143792e+01,  1.539530e+02
  2.199008e+01,  1.621523e+02
  2.018246e+01,  1.694835e+02
  1.736532e+01,  1.720686e+02
  1.516380e+01,  1.708737e+02
  1.279571e+01,  1.690176e+02
  9.775727e+00,  1.698604e+02
  6.719730e+00,  1.662311e+02
  3.864104e+00,  1.536582e+02
  1.724593e+00,  9.343320e+01
  3.590215e+00,  2.360147e+01
  6.784708e+00,  1.422289e+01
  9.659427e+00,  1.024330e+01
  1.191195e+01,  7.633343e+00
  1.318168e+01,  4.991321e+00
  1.290744e+01,  2.043602e+00
  8.914840e+00,  3.294066e+02
  1.842753e+00,  2.326948e+02
##END=