##TITLE= twqubit_encoding2_C_nobufferfix1
##JCAMP-DX= 5.00 Bruker JCAMP library
##DATA TYPE= Shape Data
##ORIGIN= Colm Fixed Pulses 
##OWNER= d29lu
##DATE= 12-May-2015
##TIME= 16:22
##MINX= 1.262918e-01
##MAXX= 6.615333e+01
##MINY= 1.409925e+00
##MAXY= 3.597089e+02
##$SHAPE_EXMODE= None
##$SHAPE_TOTROT= 9.000000e+01
##$SHAPE_BWFAC= 1.000000e+00
##$SHAPE_INTEGFAC= 1.000000e+00
##$SHAPE_MODE= 1
##NPOINTS= 2128
##XYPOINTS= (XY..XY)
  2.268027e+00,  8.228923e+00
  1.726302e+01,  6.671131e+01
  3.507073e+01,  1.371869e+02
  4.109882e+01,  1.719479e+02
  1.963037e+01,  1.744522e+02
  1.650136e+01,  1.433493e+02
  6.124029e+00,  7.834375e+01
  1.538770e+01,  3.307927e+02
  2.638427e+01,  3.023229e+02
  2.861291e+01,  2.779905e+02
  1.888669e+01,  2.584769e+02
  1.569614e+01,  1.787815e+02
  2.697015e+01,  1.471460e+02
  1.937795e+01,  1.259649e+02
  8.166069e+00,  4.917955e+01
  1.231982e+01,  3.215117e+02
  2.130767e+01,  2.754349e+02
  2.045783e+01,  2.801492e+02
  7.231570e+00,  2.570890e+01
  2.454250e+01,  1.067984e+02
  2.404837e+01,  1.364292e+02
  7.059257e+00,  2.317877e+02
  2.358967e+01,  3.233667e+02
  2.395079e+01,  3.410224e+02
  1.106287e+01,  3.150315e+02
  1.176806e+01,  2.931292e+02
  1.827514e+01,  3.384465e+02
  2.001979e+01,  3.573939e+02
  4.242492e+00,  3.166000e+02
  2.160094e+01,  2.170877e+02
  2.732675e+01,  2.085416e+02
  1.735843e+01,  1.700286e+02
  2.002100e+01,  1.272736e+02
  1.691968e+01,  1.510199e+02
  1.745307e+01,  2.272335e+02
  2.427465e+01,  2.706064e+02
  1.868757e+01,  2.999603e+02
  8.177172e+00,  3.396925e+02
  2.543399e+00,  3.368122e+02
  1.546184e+01,  2.697433e+02
  3.375171e+01,  2.798209e+02
  3.223156e+01,  2.998094e+02
  1.199398e+01,  5.171531e+00
  2.512401e+01,  1.102020e+02
  2.862859e+01,  1.388138e+02
  7.956567e+00,  1.814091e+02
  2.046009e+01,  3.355562e+02
  2.751951e+01,  1.921159e+00
  1.233794e+01,  4.707131e+01
  1.872745e+01,  1.713528e+02
  2.949157e+01,  1.960382e+02
  2.286483e+01,  1.902134e+02
  1.729644e+01,  1.541901e+02
  6.541515e+00,  1.546042e+02
  1.235442e+01,  3.035539e+02
  1.835097e+01,  3.063014e+02
  8.876516e+00,  2.761303e+02
  1.213832e+01,  1.896360e+02
  1.853146e+01,  1.799198e+02
  1.421860e+01,  1.641899e+02
  5.212336e+00,  8.485970e+01
  1.312793e+01,  3.471846e+02
  2.353689e+01,  3.246398e+02
  2.747456e+01,  3.142502e+02
  1.716972e+01,  3.203339e+02
  9.237199e+00,  9.973946e+01
  2.951622e+01,  1.325331e+02
  3.153421e+01,  1.476750e+02
  1.714576e+01,  1.867435e+02
  1.814392e+01,  2.798780e+02
  2.087833e+01,  3.213233e+02
  9.103105e+00,  2.352342e+01
  1.520031e+01,  1.230481e+02
  1.753531e+01,  1.399632e+02
  8.291155e+00,  1.251964e+02
  5.058516e+00,  1.799683e+01
  6.555326e+00,  3.492337e+02
  1.672201e+00,  2.295987e+01
  6.399031e+00,  1.344840e+02
  1.192765e+01,  1.393320e+02
  1.494342e+01,  1.515081e+02
  1.941679e+01,  1.701724e+02
  2.713566e+01,  1.734242e+02
  3.322642e+01,  1.645220e+02
  3.032384e+01,  1.602280e+02
  1.776408e+01,  1.452113e+02
  1.264425e+01,  7.185973e+01
  1.385016e+01,  2.152492e+01
  1.246783e+01,  3.063443e+02
  1.816665e+01,  2.596030e+02
  1.464269e+01,  2.284249e+02
  8.600416e+00,  1.291386e+02
  2.056149e+01,  7.621554e+01
  2.661147e+01,  6.122814e+01
  2.615633e+01,  4.618532e+01
  2.698140e+01,  5.777212e+01
  2.870220e+01,  1.016420e+02
  2.981570e+01,  1.669936e+02
  2.472991e+01,  2.632729e+02
  1.114556e+01,  4.854587e+01
  2.568303e+00,  2.295562e+02
  2.507798e-01,  3.360883e+02
  4.495510e-01,  2.938547e+02
  2.029698e-01,  2.946777e+02
  4.910873e-01,  2.897010e+02
  2.169950e-01,  2.964594e+02
  4.337494e-01,  2.898703e+02
  2.152608e-01,  3.004597e+02
  4.097585e-01,  2.907664e+02
  2.339791e-01,  2.983951e+02
  3.965004e-01,  2.920150e+02
  2.777404e-01,  2.965489e+02
  3.875765e-01,  2.948977e+02
  2.806410e-01,  3.002348e+02
  3.768253e-01,  2.928508e+02
  2.887251e-01,  2.945889e+02
  3.404608e-01,  2.934795e+02
  3.330131e-01,  2.991970e+02
  3.227990e-01,  2.909914e+02
  3.259324e-01,  2.972901e+02
  3.134191e-01,  2.932593e+02
  3.544224e-01,  2.943702e+02
  2.978491e-01,  2.909010e+02
  3.859318e-01,  2.995124e+02
  2.931511e-01,  2.946150e+02
  3.730796e-01,  2.940785e+02
  2.715712e-01,  2.968338e+02
  3.785071e-01,  2.935455e+02
  2.970089e-01,  2.947190e+02
  3.657044e-01,  2.959820e+02
  3.106064e-01,  2.939475e+02
  3.841108e-01,  2.917749e+02
  2.874014e-01,  2.940202e+02
  3.386400e-01,  2.924805e+02
  3.203906e-01,  2.970806e+02
  3.288466e-01,  2.888640e+02
  3.281195e-01,  2.946157e+02
  3.257910e-01,  2.938732e+02
  3.399165e-01,  2.959066e+02
  3.385814e-01,  2.928036e+02
  3.318464e-01,  2.966641e+02
  3.285585e-01,  2.914564e+02
  3.250615e-01,  2.983105e+02
  3.225882e-01,  2.960869e+02
  3.610716e-01,  2.924566e+02
  3.059884e-01,  2.932946e+02
  3.701609e-01,  2.926311e+02
  2.927940e-01,  2.934696e+02
  3.407860e-01,  2.944269e+02
  3.074084e-01,  2.992471e+02
  3.657840e-01,  2.952261e+02
  3.560333e-01,  2.924549e+02
  3.308333e-01,  2.916483e+02
  3.002157e-01,  2.970908e+02
  3.373573e-01,  2.910011e+02
  3.150714e-01,  2.917069e+02
  3.222568e-01,  2.938921e+02
  3.156981e-01,  2.949974e+02
  3.272555e-01,  2.954568e+02
  3.298074e-01,  2.939691e+02
  3.285954e-01,  2.932521e+02
  3.168260e-01,  2.939361e+02
  3.178427e-01,  2.930407e+02
  3.272641e-01,  2.941093e+02
  3.311897e-01,  2.952165e+02
  3.538454e-01,  2.940161e+02
  3.036337e-01,  2.922193e+02
  3.429722e-01,  2.956306e+02
  3.137077e-01,  2.948811e+02
  3.212749e-01,  2.909611e+02
  3.337771e-01,  2.886054e+02
  3.551833e-01,  2.905820e+02
  2.856851e-01,  2.931892e+02
  3.212458e-01,  2.936378e+02
  3.104157e-01,  2.958202e+02
  3.077477e-01,  2.934270e+02
  3.425459e-01,  2.915233e+02
  3.511696e-01,  2.950732e+02
  3.415153e-01,  2.926770e+02
  3.237392e-01,  2.919922e+02
  3.216437e-01,  2.931590e+02
  3.237037e-01,  2.929725e+02
  3.377194e-01,  2.940251e+02
  3.359616e-01,  2.940995e+02
  3.253272e-01,  2.928887e+02
  3.252707e-01,  2.929041e+02
  3.113704e-01,  2.982719e+02
  3.257784e-01,  2.960537e+02
  3.340230e-01,  2.951343e+02
  3.205859e-01,  2.944835e+02
  3.394098e-01,  2.946116e+02
  3.301471e-01,  2.938611e+02
  3.488062e-01,  2.977249e+02
  3.466593e-01,  2.957068e+02
  3.294851e-01,  2.951652e+02
  3.284408e-01,  2.931761e+02
  3.264613e-01,  2.963667e+02
  2.921208e-01,  2.974421e+02
  3.191906e-01,  2.937488e+02
  3.055494e-01,  2.929009e+02
  3.376943e-01,  2.943677e+02
  3.230898e-01,  2.926568e+02
  3.410176e-01,  2.912070e+02
  3.009192e-01,  2.977548e+02
  3.066369e-01,  2.915355e+02
  3.302145e-01,  2.951020e+02
  3.175434e-01,  2.940033e+02
  3.400892e-01,  2.942507e+02
  3.556521e-01,  2.971449e+02
  3.618215e-01,  2.935625e+02
  3.256716e-01,  2.925958e+02
  3.294751e-01,  2.968799e+02
  3.131149e-01,  2.969288e+02
  3.313463e-01,  2.976160e+02
  3.090682e-01,  2.952420e+02
  3.357074e-01,  2.950582e+02
  3.272985e-01,  2.928990e+02
  3.286879e-01,  2.924150e+02
  3.109787e-01,  2.932012e+02
  3.393029e-01,  2.945298e+02
  3.235775e-01,  2.934189e+02
  3.245937e-01,  2.935013e+02
  3.450783e-01,  2.969003e+02
  3.301942e-01,  2.909942e+02
  3.238904e-01,  2.956637e+02
  3.119059e-01,  2.932445e+02
  3.325117e-01,  2.920115e+02
  3.259362e-01,  2.942096e+02
  3.289804e-01,  2.953619e+02
  3.472315e-01,  2.975199e+02
  3.323792e-01,  2.921004e+02
  3.100481e-01,  2.921836e+02
  3.284895e-01,  2.975454e+02
  3.123638e-01,  2.930620e+02
  3.354616e-01,  2.959304e+02
  3.169710e-01,  2.948254e+02
  3.214916e-01,  2.929081e+02
  3.146790e-01,  2.960944e+02
  3.179630e-01,  2.963569e+02
  3.263356e-01,  2.910334e+02
  3.280101e-01,  2.934453e+02
  3.304191e-01,  2.927819e+02
  3.328749e-01,  2.930776e+02
  3.295172e-01,  2.969721e+02
  3.189170e-01,  2.920093e+02
  3.270417e-01,  2.961622e+02
  3.112041e-01,  2.936137e+02
  3.321235e-01,  2.937369e+02
  3.384524e-01,  2.926088e+02
  3.218616e-01,  2.945604e+02
  3.285282e-01,  2.995319e+02
  3.356190e-01,  2.955712e+02
  3.295235e-01,  2.931533e+02
  3.399462e-01,  2.952801e+02
  3.251461e-01,  2.934215e+02
  3.151826e-01,  2.974338e+02
  3.300263e-01,  2.950431e+02
  3.104632e-01,  2.935524e+02
  3.042911e-01,  2.938510e+02
  3.291181e-01,  2.942726e+02
  3.237446e-01,  2.943756e+02
  3.359450e-01,  2.948278e+02
  3.517641e-01,  2.913724e+02
  3.266011e-01,  2.935691e+02
  3.235537e-01,  2.963567e+02
  3.296199e-01,  2.923985e+02
  3.088759e-01,  2.976127e+02
  3.434267e-01,  2.954351e+02
  3.349195e-01,  2.963128e+02
  3.462631e-01,  2.962601e+02
  3.440072e-01,  2.955249e+02
  3.353537e-01,  2.941762e+02
  3.478879e-01,  2.971342e+02
  3.127318e-01,  2.886338e+02
  3.258503e-01,  2.937675e+02
  3.090782e-01,  2.921065e+02
  3.198874e-01,  2.941567e+02
  3.355734e-01,  2.953632e+02
  3.316452e-01,  2.921932e+02
  3.295086e-01,  2.949019e+02
  3.248637e-01,  2.946471e+02
  3.016031e-01,  2.951591e+02
  3.246072e-01,  2.925066e+02
  3.288937e-01,  2.961788e+02
  3.047554e-01,  2.917191e+02
  3.369258e-01,  2.966511e+02
  3.419728e-01,  2.930621e+02
  3.281381e-01,  2.954441e+02
  3.140736e-01,  2.961390e+02
  3.286793e-01,  2.955333e+02
  3.333476e-01,  2.894611e+02
  3.295828e-01,  2.935482e+02
  3.469211e-01,  2.972254e+02
  3.288211e-01,  2.907106e+02
  3.335656e-01,  2.921486e+02
  3.413786e-01,  2.959189e+02
  3.207470e-01,  2.939826e+02
  3.396504e-01,  2.931811e+02
  3.449041e-01,  2.940957e+02
  3.304292e-01,  2.919181e+02
  3.326694e-01,  2.959676e+02
  3.251446e-01,  2.923403e+02
  3.306894e-01,  2.950616e+02
  3.409772e-01,  2.942301e+02
  3.356447e-01,  2.967026e+02
  3.285918e-01,  2.941365e+02
  3.300618e-01,  2.921009e+02
  3.206153e-01,  2.957584e+02
  3.225688e-01,  2.937443e+02
  3.447181e-01,  2.937892e+02
  3.176852e-01,  2.963848e+02
  3.268930e-01,  2.960380e+02
  3.375732e-01,  2.989931e+02
  3.410657e-01,  2.947386e+02
  3.283083e-01,  2.979361e+02
  3.455017e-01,  2.942163e+02
  3.533401e-01,  2.941324e+02
  3.350536e-01,  2.988909e+02
  3.356890e-01,  2.916844e+02
  3.084474e-01,  2.934853e+02
  3.303854e-01,  2.942892e+02
  3.248560e-01,  2.930615e+02
  3.417559e-01,  2.917180e+02
  3.282152e-01,  2.967224e+02
  3.385733e-01,  2.901773e+02
  3.275428e-01,  2.965833e+02
  3.020136e-01,  2.917663e+02
  3.420344e-01,  2.932775e+02
  3.134433e-01,  2.964554e+02
  3.323640e-01,  2.918529e+02
  3.264741e-01,  2.944140e+02
  2.927648e-01,  2.925338e+02
  3.221801e-01,  2.948085e+02
  3.182465e-01,  2.937877e+02
  3.248950e-01,  2.977573e+02
  3.177328e-01,  2.938445e+02
  3.160910e-01,  2.942041e+02
  3.364283e-01,  2.945295e+02
  3.306402e-01,  2.950546e+02
  3.269474e-01,  2.933147e+02
  3.402710e-01,  2.982209e+02
  3.430126e-01,  2.972514e+02
  3.336039e-01,  2.935446e+02
  3.407337e-01,  2.965963e+02
  3.264198e-01,  2.928808e+02
  3.400252e-01,  2.918789e+02
  3.291164e-01,  2.914957e+02
  3.184541e-01,  2.925527e+02
  3.319743e-01,  2.951442e+02
  3.211202e-01,  2.935922e+02
  3.349113e-01,  2.917369e+02
  3.178074e-01,  2.919344e+02
  3.042040e-01,  2.938132e+02
  3.270887e-01,  2.976517e+02
  3.148117e-01,  2.960421e+02
  3.136526e-01,  2.968519e+02
  3.291253e-01,  2.926975e+02
  3.267299e-01,  2.968800e+02
  3.372141e-01,  3.001652e+02
  3.507207e-01,  2.921574e+02
  3.171097e-01,  2.934347e+02
  3.318160e-01,  2.934944e+02
  3.331058e-01,  2.932580e+02
  3.047521e-01,  2.912760e+02
  3.365643e-01,  2.950244e+02
  3.209270e-01,  2.953419e+02
  3.274966e-01,  2.917019e+02
  3.264299e-01,  2.948314e+02
  3.289300e-01,  2.926897e+02
  3.367007e-01,  2.939565e+02
  3.315884e-01,  2.916025e+02
  3.308861e-01,  2.912637e+02
  3.349149e-01,  2.954968e+02
  3.413508e-01,  2.953670e+02
  3.334598e-01,  2.927141e+02
  3.467351e-01,  2.928930e+02
  3.407367e-01,  2.933211e+02
  3.254694e-01,  2.912376e+02
  3.312761e-01,  2.941405e+02
  3.169360e-01,  2.927388e+02
  3.127683e-01,  2.936009e+02
  3.353376e-01,  2.933301e+02
  3.254566e-01,  2.937865e+02
  3.338845e-01,  2.974092e+02
  3.311579e-01,  2.934496e+02
  3.228984e-01,  2.909949e+02
  3.343334e-01,  2.893376e+02
  3.351715e-01,  2.941216e+02
  3.152820e-01,  2.958603e+02
  3.372541e-01,  2.929498e+02
  3.434078e-01,  2.926978e+02
  3.189860e-01,  2.953712e+02
  3.264377e-01,  2.949365e+02
  3.130545e-01,  2.905634e+02
  3.248252e-01,  2.939899e+02
  3.383518e-01,  2.919610e+02
  3.401608e-01,  2.928191e+02
  3.349752e-01,  2.932449e+02
  3.108657e-01,  2.949740e+02
  3.177345e-01,  2.935756e+02
  3.357579e-01,  2.929773e+02
  3.387008e-01,  2.902110e+02
  3.358601e-01,  2.928865e+02
  3.388431e-01,  2.951973e+02
  3.209780e-01,  2.938984e+02
  3.074730e-01,  2.968764e+02
  3.401437e-01,  2.895381e+02
  3.368497e-01,  2.944921e+02
  3.256424e-01,  2.934115e+02
  3.130249e-01,  2.943263e+02
  3.151442e-01,  2.963345e+02
  3.346449e-01,  2.957458e+02
  3.052504e-01,  2.972234e+02
  3.180029e-01,  2.960843e+02
  3.101234e-01,  2.945940e+02
  2.968100e-01,  2.945608e+02
  3.459656e-01,  2.949155e+02
  3.188763e-01,  2.937891e+02
  3.507029e-01,  2.946373e+02
  3.558994e-01,  2.920964e+02
  3.334604e-01,  2.971033e+02
  3.426479e-01,  2.958144e+02
  3.078758e-01,  2.887076e+02
  3.234675e-01,  2.951726e+02
  3.070752e-01,  2.964988e+02
  3.190813e-01,  2.932662e+02
  3.315662e-01,  2.946086e+02
  3.289282e-01,  2.923943e+02
  3.194278e-01,  2.968202e+02
  3.378476e-01,  2.936098e+02
  3.365208e-01,  2.965545e+02
  3.305972e-01,  2.929906e+02
  3.371694e-01,  2.896981e+02
  3.054249e-01,  2.970568e+02
  3.121004e-01,  2.914222e+02
  3.131802e-01,  2.930109e+02
  3.283173e-01,  2.934515e+02
  3.292601e-01,  2.948397e+02
  3.328431e-01,  2.951907e+02
  3.368236e-01,  2.932365e+02
  3.352485e-01,  2.960251e+02
  3.177128e-01,  2.925885e+02
  3.379165e-01,  2.898618e+02
  3.367226e-01,  2.933031e+02
  3.427821e-01,  2.943428e+02
  3.482622e-01,  2.954849e+02
  3.208047e-01,  2.949204e+02
  3.221787e-01,  2.946032e+02
  3.353447e-01,  2.936704e+02
  3.416033e-01,  2.952634e+02
  3.350365e-01,  2.935447e+02
  3.366030e-01,  2.908447e+02
  3.269663e-01,  2.950152e+02
  3.479061e-01,  2.931589e+02
  3.321863e-01,  2.924294e+02
  3.165936e-01,  2.946391e+02
  3.097794e-01,  2.928634e+02
  3.264761e-01,  2.960856e+02
  3.403653e-01,  2.935593e+02
  3.104203e-01,  2.943424e+02
  3.153444e-01,  2.953964e+02
  3.266800e-01,  2.911468e+02
  3.325223e-01,  2.929576e+02
  3.270145e-01,  2.911728e+02
  3.132239e-01,  2.922581e+02
  3.234437e-01,  2.945115e+02
  3.385053e-01,  2.955058e+02
  3.641918e-01,  2.962708e+02
  3.384100e-01,  2.955687e+02
  3.105210e-01,  2.911498e+02
  3.215313e-01,  2.960147e+02
  3.174501e-01,  2.916039e+02
  3.362652e-01,  2.949487e+02
  3.159114e-01,  2.958140e+02
  3.293146e-01,  2.946218e+02
  3.300591e-01,  2.965613e+02
  3.269004e-01,  2.960173e+02
  3.451334e-01,  3.012387e+02
  3.199664e-01,  2.957159e+02
  3.393159e-01,  2.954771e+02
  3.277240e-01,  2.942071e+02
  3.489459e-01,  2.946040e+02
  3.317156e-01,  2.910326e+02
  3.100446e-01,  2.977264e+02
  3.278514e-01,  2.944391e+02
  3.178146e-01,  2.937124e+02
  3.394527e-01,  2.966337e+02
  3.201437e-01,  2.945385e+02
  3.183002e-01,  2.931795e+02
  3.282300e-01,  2.928940e+02
  3.508681e-01,  2.966947e+02
  3.406696e-01,  2.930582e+02
  3.266193e-01,  2.945252e+02
  3.532167e-01,  2.932449e+02
  3.358861e-01,  2.937126e+02
  3.368732e-01,  2.935450e+02
  3.347362e-01,  2.956698e+02
  3.201158e-01,  2.960550e+02
  3.315651e-01,  2.967856e+02
  3.190508e-01,  2.931575e+02
  3.433020e-01,  2.946560e+02
  3.287494e-01,  2.946780e+02
  3.117723e-01,  2.938094e+02
  3.290730e-01,  2.948319e+02
  3.423167e-01,  2.963739e+02
  3.531975e-01,  2.951267e+02
  3.126454e-01,  2.912912e+02
  3.191900e-01,  2.959277e+02
  3.210208e-01,  2.968955e+02
  3.190940e-01,  2.938967e+02
  3.291390e-01,  2.951078e+02
  3.274861e-01,  2.953494e+02
  3.400427e-01,  2.942684e+02
  3.501617e-01,  2.975082e+02
  3.125141e-01,  2.943875e+02
  3.451606e-01,  2.919711e+02
  3.439936e-01,  2.921826e+02
  3.424716e-01,  2.939809e+02
  3.069682e-01,  2.929158e+02
  3.135182e-01,  2.972268e+02
  3.250257e-01,  2.969620e+02
  3.188103e-01,  2.954952e+02
  3.350234e-01,  2.932636e+02
  3.124386e-01,  2.936910e+02
  3.434916e-01,  2.957721e+02
  3.368353e-01,  2.947567e+02
  3.259709e-01,  2.952721e+02
  3.302677e-01,  2.972299e+02
  3.370512e-01,  2.944877e+02
  3.140854e-01,  2.911245e+02
  3.547920e-01,  3.000065e+02
  3.311709e-01,  2.981767e+02
  3.319203e-01,  2.917986e+02
  3.239975e-01,  2.978936e+02
  1.262918e-01,  3.166456e+01
  8.625716e+00,  3.551692e+02
  2.935877e+01,  8.126475e+00
  3.681904e+01,  3.543554e+02
  3.129374e+01,  3.309832e+02
  1.486073e+01,  2.977836e+02
  1.938110e+01,  2.004379e+02
  3.450374e+01,  1.730490e+02
  4.145853e+01,  1.666287e+02
  3.475241e+01,  1.615562e+02
  2.443054e+01,  1.271923e+02
  2.882706e+01,  8.004097e+01
  3.046883e+01,  5.699053e+01
  1.875369e+01,  3.780702e+01
  7.424948e+00,  3.066349e+02
  1.699605e+01,  2.616912e+02
  1.867717e+01,  2.665617e+02
  1.730527e+01,  2.832311e+02
  1.701984e+01,  2.821208e+02
  1.952503e+01,  2.501451e+02
  2.242760e+01,  2.144261e+02
  2.348315e+01,  1.590288e+02
  3.437063e+01,  1.208190e+02
  3.082979e+01,  1.053560e+02
  7.845481e+00,  4.772957e+01
  2.811067e+01,  2.986647e+02
  3.843874e+01,  2.859098e+02
  3.161817e+01,  2.541949e+02
  3.514371e+01,  2.057417e+02
  3.325418e+01,  1.813182e+02
  1.913153e+01,  1.616201e+02
  1.894982e+01,  1.190794e+02
  3.404885e+01,  1.121421e+02
  3.724162e+01,  1.063578e+02
  2.390311e+01,  8.798111e+01
  1.058183e+01,  2.738199e+01
  1.350932e+01,  3.334161e+02
  8.994005e+00,  2.801641e+02
  2.119308e+01,  2.072578e+02
  3.203390e+01,  2.179027e+02
  2.947062e+01,  2.646909e+02
  1.870265e+01,  3.257909e+02
  1.195565e+01,  6.134074e+01
  6.843797e+00,  1.554273e+02
  8.864661e+00,  2.599330e+02
  1.157578e+01,  8.322460e+00
  2.565042e+01,  5.730129e+01
  1.902762e+01,  7.228509e+01
  9.134215e+00,  2.960444e+02
  2.684595e+01,  2.987219e+02
  1.859368e+01,  3.232599e+02
  1.019896e+01,  1.261604e+02
  2.939285e+01,  1.675223e+02
  2.098066e+01,  2.066161e+02
  2.043316e+01,  3.324951e+02
  3.839205e+01,  2.322551e+01
  3.367841e+01,  5.168759e+01
  1.059345e+01,  3.991386e+01
  1.446454e+01,  2.503319e+02
  2.980392e+01,  2.316421e+02
  2.973372e+01,  2.335479e+02
  1.683871e+01,  2.210770e+02
  1.142651e+01,  1.396871e+02
  1.540903e+01,  1.011875e+02
  9.883837e+00,  6.910420e+01
  1.320121e+01,  2.253553e+01
  2.543056e+01,  2.632984e+01
  3.435840e+01,  2.491412e+01
  3.730665e+01,  8.680081e+00
  4.096943e+01,  3.548598e+02
  3.191489e+01,  3.433733e+02
  1.154499e+01,  2.848258e+02
  1.925294e+01,  1.849714e+02
  2.383971e+01,  1.334284e+02
  3.782449e+01,  7.642751e+01
  5.147752e+01,  5.019494e+01
  4.216775e+01,  2.802673e+01
  3.508695e+01,  3.474736e+02
  4.253288e+01,  3.244489e+02
  3.514146e+01,  3.242668e+02
  1.292400e+01,  3.370168e+02
  4.526860e+00,  1.130805e+02
  3.518569e+00,  1.063637e+02
  2.993849e+00,  4.413682e+01
  1.184484e+01,  1.307269e+02
  3.031520e+01,  1.456504e+02
  3.037066e+01,  1.455810e+02
  1.758740e+01,  8.312997e+01
  3.740460e+01,  2.882862e+01
  3.888790e+01,  2.422689e+01
  1.666061e+01,  3.421522e+01
  8.228346e+00,  2.282932e+02
  1.989836e+01,  2.275248e+02
  1.909214e+01,  2.053302e+02
  1.912442e+01,  1.824790e+02
  1.404848e+01,  1.833244e+02
  4.075955e+00,  2.269834e+02
  6.174348e+00,  3.499130e+02
  9.018891e+00,  2.314680e+01
  9.904869e+00,  2.315849e+01
  1.270417e+01,  3.467361e+02
  1.706702e+01,  3.191601e+02
  1.332248e+01,  2.827929e+02
  1.377013e+01,  1.992572e+02
  2.873291e+01,  1.588820e+02
  4.003827e+01,  1.257726e+02
  4.835883e+01,  8.594269e+01
  4.121502e+01,  6.632792e+01
  7.622959e+00,  7.904641e+01
  1.797949e+01,  2.978091e+02
  4.123007e+01,  3.582954e+02
  5.279319e+01,  1.926128e+01
  5.115253e+01,  3.363278e+02
  6.615333e+01,  3.038830e+02
  2.875601e+01,  2.908649e+02
  1.532405e+01,  1.701277e+02
  3.651758e+01,  1.655172e+02
  1.736323e+01,  1.563398e+02
  2.983421e+01,  1.622613e+01
  6.244964e+01,  2.143597e+01
  4.450245e+01,  7.741980e+00
  4.271566e+01,  3.191644e+02
  3.076490e+01,  2.851241e+02
  1.702369e+01,  3.052318e+02
  1.079886e+01,  3.586819e+02
  6.327805e+00,  1.121205e+02
  2.344224e+01,  1.585993e+02
  3.217038e+01,  1.634204e+02
  2.147601e+01,  1.514101e+02
  2.112014e+01,  5.171602e+01
  3.889170e+01,  2.256511e+01
  2.932829e+01,  3.752898e+00
  1.426518e+01,  2.961641e+02
  2.482536e+01,  2.570883e+02
  2.209160e+01,  2.584386e+02
  7.239740e+00,  2.298680e+02
  1.179400e+01,  1.526871e+02
  1.428829e+01,  1.821875e+02
  1.194942e+01,  2.367997e+02
  1.040142e+01,  3.403179e+02
  2.818141e+01,  3.839712e+01
  3.591000e+01,  5.700398e+01
  1.519053e+01,  5.668768e+01
  2.256027e+01,  2.740220e+02
  3.666317e+01,  2.781744e+02
  1.279514e+01,  2.874414e+02
  2.619094e+01,  1.188403e+02
  3.795737e+01,  1.361969e+02
  1.920852e+01,  1.762754e+02
  1.507086e+01,  2.888603e+02
  2.097246e+01,  3.240474e+02
  1.040480e+01,  3.305672e+02
  2.297053e+00,  2.398655e+02
  4.553798e+00,  3.020800e+02
  1.355139e+01,  3.365327e+02
  1.793689e+01,  3.280932e+02
  2.063572e+01,  2.971574e+02
  2.580072e+01,  2.643074e+02
  2.697773e+01,  2.327248e+02
  1.413277e+01,  1.691809e+02
  3.078124e+01,  9.530846e+01
  3.775472e+01,  9.008938e+01
  2.591929e+01,  6.105309e+01
  2.444267e+01,  3.533565e+02
  2.450046e+01,  3.070611e+02
  2.457078e+01,  2.570599e+02
  3.240237e+01,  2.127303e+02
  3.392390e+01,  1.814499e+02
  1.888130e+01,  1.599986e+02
  5.088503e+00,  6.797713e+01
  7.602924e+00,  1.169321e+01
  6.182167e+00,  2.815978e+02
  1.484210e+01,  2.621825e+02
  1.667673e+01,  3.070472e+02
  2.836696e+01,  3.597089e+02
  3.741418e+01,  3.595751e+02
  4.524943e+01,  3.201256e+02
  5.887971e+01,  2.885387e+02
  4.429301e+01,  2.702137e+02
  2.136822e+01,  2.494114e+02
  1.461298e+01,  1.430579e+02
  1.633399e+01,  8.680075e+01
  3.472617e+01,  2.473216e+01
  4.835003e+01,  2.644743e+01
  3.694550e+01,  2.915561e+01
  1.898728e+01,  3.397507e+02
  2.390543e+01,  2.738383e+02
  2.707853e+01,  2.608711e+02
  1.925009e+01,  2.808298e+02
  1.558613e+00,  2.749936e+02
  1.948098e+01,  1.289139e+02
  2.500511e+01,  1.327065e+02
  1.441095e+01,  9.770445e+01
  2.840721e+01,  3.308805e+01
  3.469222e+01,  1.684458e+01
  1.884262e+01,  3.003834e+02
  4.791785e+01,  2.540994e+02
  1.793406e+01,  1.951272e+02
  2.298324e+01,  5.448725e+01
  8.217673e+00,  2.494272e+02
  1.320327e+00,  6.630745e+01
  4.291731e-01,  2.775248e+02
  3.781836e-01,  3.069921e+02
  3.384824e-01,  2.758056e+02
  3.515969e-01,  3.089143e+02
  3.474486e-01,  2.795035e+02
  3.538837e-01,  3.093475e+02
  3.414678e-01,  2.800015e+02
  3.368205e-01,  3.066125e+02
  3.422369e-01,  2.830236e+02
  3.238567e-01,  3.056497e+02
  3.437368e-01,  2.867975e+02
  3.012777e-01,  3.012748e+02
  3.636851e-01,  2.883980e+02
  3.092028e-01,  2.996460e+02
  3.659953e-01,  2.922745e+02
  2.925960e-01,  2.952245e+02
  3.419561e-01,  2.968850e+02
  3.041212e-01,  2.944796e+02
  3.378135e-01,  2.937401e+02
  3.174511e-01,  2.920714e+02
  3.316490e-01,  2.962793e+02
  3.205466e-01,  2.931047e+02
  3.380427e-01,  3.004478e+02
  3.278187e-01,  2.912298e+02
  3.288435e-01,  2.951492e+02
  3.369921e-01,  2.907107e+02
  3.488091e-01,  2.973120e+02
  3.287056e-01,  2.906486e+02
  3.309060e-01,  2.983140e+02
  3.406267e-01,  2.924880e+02
  3.302876e-01,  2.965353e+02
  3.352823e-01,  2.897349e+02
  3.236638e-01,  2.940862e+02
  3.347687e-01,  2.896709e+02
  3.217825e-01,  2.975069e+02
  3.334030e-01,  2.896536e+02
  2.970893e-01,  2.965942e+02
  3.579583e-01,  2.936500e+02
  3.147789e-01,  2.931445e+02
  3.448670e-01,  2.962497e+02
  3.158449e-01,  2.924202e+02
  3.468138e-01,  2.936763e+02
  3.285334e-01,  2.941443e+02
  3.207239e-01,  2.960325e+02
  3.261789e-01,  2.920442e+02
  3.102001e-01,  2.927414e+02
  3.350658e-01,  2.924017e+02
  3.243030e-01,  2.968609e+02
  3.210929e-01,  2.904608e+02
  3.297167e-01,  2.972084e+02
  3.397162e-01,  2.905664e+02
  3.184896e-01,  2.978475e+02
  3.329311e-01,  2.923801e+02
  3.367570e-01,  2.999343e+02
  3.409904e-01,  2.932637e+02
  3.141113e-01,  2.940019e+02
  3.558610e-01,  2.945990e+02
  3.355047e-01,  2.929421e+02
  3.420540e-01,  2.941167e+02
  3.254138e-01,  2.932244e+02
  3.492146e-01,  2.949629e+02
  3.266768e-01,  2.907298e+02
  3.152181e-01,  2.959770e+02
  3.529549e-01,  2.916963e+02
  3.245420e-01,  2.954323e+02
  3.547056e-01,  2.942450e+02
  3.294611e-01,  2.931141e+02
  3.143843e-01,  2.941940e+02
  3.217562e-01,  2.926578e+02
  3.429470e-01,  2.911949e+02
  3.422085e-01,  2.941036e+02
  3.348759e-01,  2.948427e+02
  3.436111e-01,  2.988185e+02
  3.284021e-01,  2.945324e+02
  3.287894e-01,  2.999701e+02
  3.157100e-01,  2.915842e+02
  3.475387e-01,  2.940434e+02
  3.534837e-01,  2.951340e+02
  3.153148e-01,  2.899598e+02
  3.369092e-01,  2.977344e+02
  3.440249e-01,  2.947476e+02
  3.279471e-01,  2.946196e+02
  3.235902e-01,  2.909635e+02
  3.239417e-01,  2.930803e+02
  3.314676e-01,  2.942795e+02
  3.441153e-01,  2.918428e+02
  3.440487e-01,  2.922698e+02
  3.293590e-01,  2.929447e+02
  3.098546e-01,  2.925814e+02
  3.495954e-01,  2.916139e+02
  3.315633e-01,  2.920635e+02
  3.051964e-01,  2.948351e+02
  3.463087e-01,  2.911554e+02
  3.401949e-01,  2.921224e+02
  3.159767e-01,  2.933469e+02
  3.276816e-01,  2.938906e+02
  3.135726e-01,  2.926106e+02
  3.160105e-01,  2.935876e+02
  3.202535e-01,  2.933257e+02
  3.452972e-01,  2.933063e+02
  3.418761e-01,  2.929359e+02
  3.160267e-01,  2.953866e+02
  3.267811e-01,  2.941852e+02
  3.282245e-01,  2.952901e+02
  3.464298e-01,  2.928922e+02
  3.060867e-01,  2.905084e+02
  3.286479e-01,  2.973861e+02
  3.219201e-01,  2.924714e+02
  3.294683e-01,  2.932549e+02
  3.337876e-01,  2.926053e+02
  3.206311e-01,  2.918611e+02
  3.235983e-01,  2.933375e+02
  3.124603e-01,  2.956561e+02
  3.211963e-01,  2.925168e+02
  3.133855e-01,  2.933670e+02
  3.512160e-01,  2.953664e+02
  3.378503e-01,  2.935174e+02
  3.387439e-01,  2.954353e+02
  3.424346e-01,  2.970491e+02
  3.098628e-01,  2.936636e+02
  3.218422e-01,  2.934556e+02
  3.285193e-01,  2.944386e+02
  3.611681e-01,  2.925609e+02
  3.309648e-01,  2.933580e+02
  3.225678e-01,  2.931564e+02
  3.377794e-01,  2.939716e+02
  3.052173e-01,  2.955168e+02
  3.396216e-01,  2.969317e+02
  3.271181e-01,  2.896148e+02
  3.286055e-01,  2.927961e+02
  3.193838e-01,  2.963100e+02
  3.238723e-01,  2.931899e+02
  3.265440e-01,  2.946282e+02
  3.188067e-01,  2.957150e+02
  3.557633e-01,  2.925279e+02
  3.488416e-01,  2.934174e+02
  3.303633e-01,  2.943285e+02
  3.316227e-01,  2.906468e+02
  3.318668e-01,  2.952592e+02
  3.305287e-01,  2.947120e+02
  3.311130e-01,  2.953587e+02
  3.270546e-01,  2.928883e+02
  3.379756e-01,  2.938689e+02
  3.342679e-01,  2.953484e+02
  3.261408e-01,  2.917402e+02
  3.285172e-01,  2.926955e+02
  3.345060e-01,  2.932058e+02
  3.151385e-01,  2.915441e+02
  3.439490e-01,  2.925762e+02
  3.535135e-01,  2.928780e+02
  3.237707e-01,  2.940428e+02
  3.268792e-01,  2.937768e+02
  3.377187e-01,  2.900791e+02
  3.411148e-01,  2.947329e+02
  3.236578e-01,  2.940239e+02
  3.207623e-01,  2.911788e+02
  3.288214e-01,  2.935944e+02
  3.173852e-01,  2.924993e+02
  3.232483e-01,  2.908788e+02
  3.380538e-01,  2.941008e+02
  3.194552e-01,  2.963171e+02
  3.424231e-01,  2.938454e+02
  3.353085e-01,  2.929446e+02
  3.270426e-01,  2.950815e+02
  3.375481e-01,  2.957141e+02
  3.340617e-01,  2.935912e+02
  3.428210e-01,  2.903801e+02
  3.313460e-01,  2.928399e+02
  3.352667e-01,  2.917794e+02
  3.252275e-01,  2.954022e+02
  3.179373e-01,  2.940113e+02
  3.203878e-01,  2.937268e+02
  3.419799e-01,  2.982048e+02
  3.260041e-01,  2.912835e+02
  3.314612e-01,  2.919670e+02
  3.340540e-01,  2.947472e+02
  3.328406e-01,  2.990362e+02
  3.389340e-01,  2.943597e+02
  3.075679e-01,  2.915982e+02
  3.341263e-01,  2.946939e+02
  3.277991e-01,  2.953599e+02
  3.244320e-01,  2.975359e+02
  3.203946e-01,  2.949592e+02
  3.424308e-01,  2.930103e+02
  3.366868e-01,  2.967768e+02
  3.238176e-01,  2.922663e+02
  3.542525e-01,  2.925827e+02
  3.305224e-01,  2.947924e+02
  3.279170e-01,  2.914521e+02
  3.211033e-01,  2.955108e+02
  3.140742e-01,  2.956698e+02
  3.439100e-01,  2.927510e+02
  3.503586e-01,  2.938948e+02
  3.271575e-01,  2.929104e+02
  3.460673e-01,  2.922868e+02
  3.252512e-01,  2.920149e+02
  3.050746e-01,  2.921041e+02
  3.194586e-01,  2.945167e+02
  3.142284e-01,  2.935607e+02
  3.455772e-01,  2.955254e+02
  3.363724e-01,  2.929489e+02
  3.284142e-01,  2.958932e+02
  3.197340e-01,  2.931296e+02
  3.088680e-01,  2.954109e+02
  3.293387e-01,  2.944636e+02
  3.010884e-01,  2.972420e+02
  3.488683e-01,  2.989224e+02
  3.354626e-01,  2.923246e+02
  3.251051e-01,  2.969052e+02
  3.484416e-01,  2.952994e+02
  3.406004e-01,  2.936573e+02
  3.457930e-01,  2.944968e+02
  3.283749e-01,  2.977285e+02
  3.412137e-01,  2.928348e+02
  3.074012e-01,  2.942029e+02
  3.111513e-01,  2.972713e+02
  3.338319e-01,  2.952948e+02
  3.255185e-01,  2.959468e+02
  3.147374e-01,  2.948036e+02
  3.398972e-01,  2.967478e+02
  3.169065e-01,  2.957583e+02
  3.270977e-01,  2.915983e+02
  3.412042e-01,  2.939024e+02
  3.165858e-01,  2.943945e+02
  3.168447e-01,  2.937328e+02
  3.268442e-01,  2.935636e+02
  3.377221e-01,  2.952305e+02
  3.294427e-01,  2.943701e+02
  3.323713e-01,  2.956663e+02
  3.223920e-01,  2.959789e+02
  3.473000e-01,  2.925775e+02
  3.192253e-01,  2.920557e+02
  3.434566e-01,  2.957480e+02
  3.353176e-01,  2.960105e+02
  3.146120e-01,  2.938483e+02
  3.382630e-01,  2.948313e+02
  3.172468e-01,  2.925178e+02
  3.313507e-01,  2.944294e+02
  3.341268e-01,  2.922622e+02
  3.321425e-01,  2.924411e+02
  3.322561e-01,  2.913072e+02
  3.143165e-01,  2.949209e+02
  3.364758e-01,  2.929180e+02
  3.316297e-01,  2.926484e+02
  3.193101e-01,  2.951692e+02
  3.470161e-01,  2.965327e+02
  3.255192e-01,  2.925484e+02
  3.384652e-01,  2.913178e+02
  3.255077e-01,  2.945695e+02
  3.361271e-01,  2.954756e+02
  3.308455e-01,  2.961998e+02
  3.259419e-01,  2.942212e+02
  3.370648e-01,  2.937114e+02
  3.253819e-01,  2.891436e+02
  3.379373e-01,  2.937025e+02
  3.362265e-01,  2.943439e+02
  3.267413e-01,  2.936029e+02
  3.142983e-01,  2.927981e+02
  3.318094e-01,  2.953700e+02
  3.476455e-01,  2.923522e+02
  3.322237e-01,  2.975275e+02
  3.153362e-01,  2.935199e+02
  3.381839e-01,  2.931364e+02
  3.385635e-01,  2.977265e+02
  3.302787e-01,  2.969225e+02
  3.217805e-01,  2.959168e+02
  3.331142e-01,  2.937384e+02
  3.269395e-01,  2.953856e+02
  3.370793e-01,  2.955356e+02
  3.297747e-01,  2.961200e+02
  3.089161e-01,  2.914835e+02
  3.257015e-01,  2.964346e+02
  3.269558e-01,  2.922991e+02
  3.194956e-01,  2.959236e+02
  3.202444e-01,  2.896485e+02
  3.232528e-01,  2.946306e+02
  3.190251e-01,  2.948303e+02
  3.296679e-01,  2.892365e+02
  3.151846e-01,  2.960733e+02
  3.244184e-01,  2.917398e+02
  3.211438e-01,  2.964337e+02
  3.296240e-01,  2.936099e+02
  3.361295e-01,  2.880990e+02
  3.356135e-01,  2.934058e+02
  3.434520e-01,  2.941874e+02
  3.273993e-01,  2.922283e+02
  3.208311e-01,  2.946444e+02
  3.392684e-01,  2.946315e+02
  3.225181e-01,  2.952985e+02
  3.233866e-01,  2.930200e+02
  3.151212e-01,  2.945957e+02
  3.305392e-01,  2.937358e+02
  3.440768e-01,  2.942102e+02
  3.254624e-01,  2.943030e+02
  3.367490e-01,  2.956105e+02
  3.059879e-01,  2.938492e+02
  3.237226e-01,  2.924204e+02
  3.294295e-01,  2.942000e+02
  3.405589e-01,  2.941829e+02
  3.485108e-01,  2.928367e+02
  3.312604e-01,  2.969781e+02
  3.252192e-01,  2.955092e+02
  3.400262e-01,  2.933547e+02
  3.129646e-01,  2.931812e+02
  3.330180e-01,  2.900393e+02
  3.307821e-01,  2.957726e+02
  3.338288e-01,  2.951808e+02
  3.350133e-01,  2.951964e+02
  3.109583e-01,  2.930461e+02
  3.345562e-01,  2.949584e+02
  3.204811e-01,  2.947290e+02
  3.152204e-01,  2.940936e+02
  3.326051e-01,  2.951129e+02
  3.414739e-01,  2.948293e+02
  3.170298e-01,  2.914303e+02
  3.488778e-01,  2.949613e+02
  3.106933e-01,  2.943361e+02
  3.381375e-01,  2.925310e+02
  3.277592e-01,  2.922749e+02
  3.092036e-01,  2.944526e+02
  3.430529e-01,  2.943846e+02
  3.009881e-01,  2.927015e+02
  3.349745e-01,  2.941561e+02
  3.260402e-01,  2.928101e+02
  3.288876e-01,  2.989109e+02
  3.151347e-01,  2.924887e+02
  3.229001e-01,  2.973701e+02
  3.231796e-01,  2.929345e+02
  3.227026e-01,  2.931543e+02
  4.628669e-01,  2.413746e+02
  3.826297e+00,  2.903945e+02
  4.140701e+00,  3.138604e+02
  6.297154e+00,  8.825177e+01
  1.465514e+01,  1.049346e+02
  1.596752e+01,  1.092832e+02
  1.068659e+01,  1.160675e+02
  4.971110e+00,  1.529333e+02
  6.393458e+00,  1.976670e+02
  9.038038e+00,  1.879058e+02
  1.096898e+01,  1.658344e+02
  1.316665e+01,  1.480601e+02
  1.592375e+01,  1.492112e+02
  1.886569e+01,  1.692275e+02
  2.105074e+01,  1.981335e+02
  2.216854e+01,  2.285257e+02
  2.101704e+01,  2.505802e+02
  1.279166e+01,  2.570727e+02
  3.786795e+00,  1.353580e+02
  1.571242e+01,  1.034599e+02
  1.777305e+01,  9.739593e+01
  1.100880e+01,  7.395770e+01
  7.543620e+00,  1.409925e+00
  8.105510e+00,  3.124349e+02
  5.951431e+00,  2.356320e+02
  1.341159e+01,  1.773085e+02
  1.805094e+01,  1.599676e+02
  1.283350e+01,  1.459771e+02
  1.274649e+00,  9.164559e+01
  9.792225e+00,  3.039141e+02
  1.534377e+01,  2.880211e+02
  1.190001e+01,  2.742181e+02
  3.433607e+00,  1.822591e+02
  1.222483e+01,  1.164791e+02
  1.349284e+01,  1.077752e+02
  4.419310e+00,  7.870509e+01
  9.456846e+00,  3.080055e+02
  1.522913e+01,  2.927459e+02
  1.225013e+01,  2.690779e+02
  9.461615e+00,  2.163675e+02
  1.006881e+01,  1.930214e+02
  5.997704e+00,  2.271574e+02
  9.724746e+00,  3.091984e+02
  1.509586e+01,  3.307404e+02
  1.232036e+01,  3.336744e+02
  6.481021e+00,  2.978116e+02
  7.625310e+00,  2.635593e+02
  9.049927e+00,  2.953236e+02
  1.382507e+01,  3.403245e+02
  1.782404e+01,  1.040500e+01
  1.582589e+01,  3.811876e+01
  1.049937e+01,  7.062641e+01
  4.965067e+00,  9.668302e+01
  2.102051e+00,  3.264078e+02
  8.841647e+00,  3.159980e+02
  1.202185e+01,  3.056275e+02
  1.101673e+01,  2.729220e+02
  1.037406e+01,  2.275718e+02
  7.865515e+00,  1.735926e+02
  1.247095e+01,  1.071924e+02
  1.905112e+01,  8.975270e+01
  1.646254e+01,  8.204171e+01
  5.838282e+00,  7.198454e+01
  4.482985e+00,  2.364851e+02
  1.176965e+01,  2.105155e+02
  1.957655e+01,  1.936669e+02
  2.498392e+01,  1.964470e+02
  2.597618e+01,  2.214656e+02
  2.783489e+01,  2.585969e+02
  2.513218e+01,  2.877278e+02
  9.983791e+00,  3.296387e+02
  1.728869e+01,  9.831772e+01
  3.223130e+01,  1.208068e+02
  3.252003e+01,  1.299154e+02
  2.616419e+01,  1.273257e+02
  2.409732e+01,  1.233877e+02
  2.459389e+01,  1.373954e+02
  2.331661e+01,  1.676461e+02
  1.773748e+01,  2.033635e+02
  6.495382e+00,  2.435701e+02
  5.418326e+00,  5.401638e+01
  9.124015e+00,  9.980573e+01
  8.870702e+00,  1.622906e+02
  1.187087e+01,  2.160961e+02
  1.116357e+01,  2.358948e+02
  5.073843e+00,  2.048962e+02
  8.505048e+00,  1.308189e+02
  1.090004e+01,  1.182642e+02
  8.510070e+00,  9.723077e+01
  9.737616e+00,  7.922804e+01
  1.406601e+01,  1.057453e+02
  1.905328e+01,  1.464591e+02
  2.253181e+01,  1.893973e+02
  2.256786e+01,  2.253449e+02
  1.488131e+01,  2.513520e+02
  4.947314e+00,  3.000629e+02
  4.829692e+00,  2.165280e+01
  2.594372e+00,  2.201752e+01
  3.448251e+00,  2.588529e+02
  6.671113e+00,  2.540837e+02
  5.076048e+00,  2.753132e+02
  5.648344e+00,  3.525348e+02
  1.132344e+01,  1.428203e+01
  1.363844e+01,  2.115279e+01
  1.118187e+01,  3.371901e+01
  7.089780e+00,  6.386101e+01
  7.586218e+00,  1.105408e+02
  1.166808e+01,  1.225309e+02
  1.267609e+01,  1.162387e+02
  7.642624e+00,  8.382658e+01
  8.419972e+00,  3.545837e+02
  1.478206e+01,  3.301892e+02
  1.440162e+01,  3.380484e+02
  9.053541e+00,  2.665197e+01
  1.326093e+01,  9.893194e+01
  1.870150e+01,  1.245137e+02
  1.564345e+01,  1.240613e+02
  1.042615e+01,  7.043532e+01
  1.599259e+01,  2.399376e+01
  1.435714e+01,  9.054326e+00
  3.846078e+00,  3.157634e+02
  9.845605e+00,  2.190751e+02
  9.656481e+00,  2.162447e+02
  1.076694e+00,  2.468233e+01
  1.228906e+01,  3.972252e+01
  1.486666e+01,  4.281929e+01
  8.110384e+00,  3.552908e+01
  1.848961e+00,  2.978097e+02
  1.170370e+00,  2.292082e+02
  6.264308e+00,  5.741100e+01
  1.495025e+01,  4.971417e+01
  1.749713e+01,  4.371483e+01
  1.232874e+01,  2.749332e+01
  7.960528e+00,  3.390653e+02
  6.369053e+00,  3.112906e+02
  2.668298e+00,  9.530220e+01
  1.492359e+01,  1.163908e+02
  2.114103e+01,  1.224516e+02
  1.624368e+01,  1.197921e+02
  6.596932e+00,  7.621935e+01
  1.187474e+01,  3.546414e+02
  2.236141e+01,  3.129589e+00
  3.028724e+01,  3.555888e+01
  3.184449e+01,  7.325381e+01
  2.367905e+01,  1.159322e+02
  1.456989e+01,  1.840518e+02
  1.690996e+01,  2.537917e+02
  1.564472e+01,  2.944371e+02
  6.784690e+00,  3.588836e+02
  9.869188e+00,  1.150253e+02
  1.315404e+01,  1.663339e+02
  1.097592e+01,  2.330381e+02
  1.432342e+01,  3.134092e+02
  1.964274e+01,  7.924173e+00
  2.254261e+01,  4.977848e+01
  2.119634e+01,  7.274665e+01
  1.481825e+01,  6.581796e+01
  1.176306e+01,  2.524716e+01
  1.408377e+01,  3.886737e+00
  1.447964e+01,  1.361267e+01
  1.247786e+01,  4.262318e+01
  1.068245e+01,  8.388084e+01
  1.075410e+01,  1.175474e+02
  1.030165e+01,  1.245659e+02
  9.384543e+00,  1.024576e+02
  1.001102e+01,  7.128014e+01
  9.774131e+00,  4.539897e+01
  8.408024e+00,  1.349534e+01
  8.630171e+00,  3.436372e+02
  8.203352e+00,  3.377695e+02
  5.247968e+00,  3.585403e+02
  3.005654e+00,  6.401069e+01
  3.030175e+00,  1.390684e+02
  3.262818e+00,  2.143628e+02
  5.329076e+00,  2.840620e+02
  1.014195e+01,  3.298232e+02
  1.698388e+01,  3.583726e+02
  2.173923e+01,  1.642363e+01
  2.049663e+01,  3.027208e+01
  1.385990e+01,  4.727625e+01
  6.746247e+00,  8.555070e+01
  5.433033e+00,  1.410238e+02
  4.821662e+00,  1.294605e+02
  7.640084e+00,  7.614949e+01
  1.181956e+01,  5.078202e+01
  1.343591e+01,  1.684147e+01
  1.863928e+01,  3.436346e+02
  2.082081e+01,  3.420347e+02
  1.459402e+01,  1.807126e+01
  1.908825e+01,  8.910711e+01
  2.795023e+01,  1.135666e+02
  2.436278e+01,  1.143442e+02
  1.297953e+01,  8.294450e+01
  1.302963e+01,  1.285958e+01
  1.622440e+01,  3.588737e+02
  1.061913e+01,  3.109484e+01
  1.440962e+01,  1.186285e+02
  2.333136e+01,  1.540363e+02
  4.963587e+00,  2.173149e+02
  4.688612e+00,  3.515095e+02
  8.620323e-01,  1.865064e+02
  3.642986e-01,  3.051891e+02
  3.706446e-01,  2.966480e+02
  2.935793e-01,  2.975855e+02
  3.726438e-01,  2.952841e+02
  2.901078e-01,  2.936286e+02
  3.356570e-01,  2.948233e+02
  2.858244e-01,  2.967664e+02
  3.485373e-01,  2.907085e+02
  3.039757e-01,  2.943187e+02
  3.384223e-01,  2.960132e+02
  3.330719e-01,  2.964336e+02
  3.585421e-01,  2.924137e+02
  3.283687e-01,  2.949522e+02
  3.267003e-01,  2.955555e+02
  3.392052e-01,  2.972480e+02
  3.210655e-01,  2.897219e+02
  3.471749e-01,  2.946553e+02
  3.040920e-01,  2.963639e+02
  3.462516e-01,  2.976335e+02
  3.102803e-01,  2.948190e+02
  3.436042e-01,  2.918239e+02
  3.340549e-01,  2.951683e+02
  3.228454e-01,  2.951514e+02
  3.106636e-01,  2.952028e+02
  3.414973e-01,  2.934893e+02
  3.267891e-01,  2.941751e+02
  3.299187e-01,  2.940692e+02
  3.189282e-01,  2.950885e+02
  3.277666e-01,  2.939472e+02
  3.070162e-01,  2.942048e+02
  3.106261e-01,  2.950303e+02
  3.222482e-01,  2.922558e+02
  3.088901e-01,  2.927394e+02
  3.167191e-01,  2.939447e+02
  3.286294e-01,  2.921464e+02
  3.336760e-01,  2.928631e+02
  3.308393e-01,  2.938628e+02
  3.106558e-01,  2.947459e+02
  3.063318e-01,  2.913849e+02
  3.415497e-01,  2.924889e+02
  3.306321e-01,  2.947848e+02
  3.132426e-01,  2.924477e+02
  3.400915e-01,  2.941047e+02
  3.034038e-01,  2.931261e+02
  3.061239e-01,  2.970130e+02
  3.528547e-01,  2.982936e+02
  3.057223e-01,  2.916890e+02
  3.327133e-01,  2.978628e+02
  3.277162e-01,  2.934104e+02
  3.222516e-01,  2.943706e+02
  3.360355e-01,  2.940031e+02
  3.197784e-01,  2.912289e+02
  3.353237e-01,  2.932615e+02
  3.457078e-01,  2.951822e+02
  3.167824e-01,  2.970455e+02
  3.541166e-01,  2.943715e+02
  3.091098e-01,  2.935591e+02
  3.177020e-01,  2.918059e+02
  3.173332e-01,  2.941596e+02
  3.037756e-01,  2.937664e+02
  3.467667e-01,  2.960578e+02
  3.279152e-01,  2.918478e+02
  3.237804e-01,  2.939053e+02
  3.287985e-01,  2.897083e+02
  3.219819e-01,  2.930686e+02
  3.308381e-01,  2.955752e+02
  3.489278e-01,  2.922153e+02
  3.244690e-01,  2.929743e+02
  3.316860e-01,  2.923900e+02
  3.278338e-01,  2.917458e+02
  3.452589e-01,  2.933743e+02
  3.221784e-01,  2.963744e+02
  3.343303e-01,  2.961268e+02
  3.374497e-01,  2.952018e+02
  3.418897e-01,  2.924885e+02
  3.317530e-01,  2.927052e+02
  3.253555e-01,  2.905119e+02
  3.366714e-01,  2.944525e+02
  3.196442e-01,  2.907784e+02
  3.275127e-01,  2.952728e+02
  3.349373e-01,  2.926669e+02
  3.209210e-01,  2.948645e+02
  3.245380e-01,  2.933162e+02
  3.250136e-01,  2.915529e+02
  3.114758e-01,  2.975216e+02
  2.926335e-01,  2.952569e+02
  3.234644e-01,  2.953137e+02
  3.523802e-01,  2.909172e+02
  3.092013e-01,  2.942791e+02
  3.472933e-01,  2.912768e+02
  3.151379e-01,  2.916478e+02
  3.341358e-01,  2.931641e+02
  3.335010e-01,  2.943915e+02
  3.311031e-01,  2.944180e+02
  3.168062e-01,  2.946483e+02
  3.090243e-01,  2.951522e+02
  3.456615e-01,  2.964230e+02
  3.284497e-01,  2.936089e+02
  3.362660e-01,  2.902212e+02
  3.352898e-01,  2.941065e+02
  3.194688e-01,  2.902804e+02
  3.069838e-01,  2.920400e+02
  3.324601e-01,  2.934545e+02
  3.131541e-01,  2.947926e+02
  3.417642e-01,  2.947602e+02
  3.219113e-01,  2.909959e+02
  3.199483e-01,  2.954573e+02
  3.258770e-01,  2.927763e+02
  3.176325e-01,  2.945678e+02
  3.178709e-01,  2.965861e+02
  3.213076e-01,  2.911403e+02
  3.473330e-01,  2.942634e+02
  3.342164e-01,  2.942453e+02
  3.193769e-01,  2.923111e+02
  3.178233e-01,  2.923291e+02
  3.377581e-01,  2.970982e+02
  2.998821e-01,  2.947661e+02
  3.178716e-01,  2.914951e+02
  3.314002e-01,  2.932772e+02
  3.118075e-01,  2.963080e+02
  3.208694e-01,  2.961108e+02
  3.409106e-01,  2.960203e+02
  3.184085e-01,  2.951829e+02
  3.294844e-01,  2.939423e+02
  3.205500e-01,  2.981532e+02
  3.055693e-01,  2.937491e+02
  3.449452e-01,  2.940359e+02
  3.340893e-01,  2.957290e+02
  3.275839e-01,  2.963614e+02
  3.106079e-01,  2.934396e+02
  3.301409e-01,  2.950878e+02
  3.149605e-01,  2.952627e+02
  3.268224e-01,  2.912508e+02
  3.355423e-01,  2.916725e+02
  3.258218e-01,  2.933622e+02
  3.149535e-01,  2.952488e+02
  3.279415e-01,  2.942536e+02
  3.375426e-01,  2.924752e+02
  3.301195e-01,  2.951520e+02
  3.472157e-01,  3.016941e+02
  3.111000e-01,  2.893149e+02
  3.207022e-01,  2.925379e+02
  3.348185e-01,  2.990202e+02
  3.370131e-01,  2.943177e+02
  3.321574e-01,  2.962165e+02
  3.350327e-01,  2.933879e+02
  3.232377e-01,  2.928719e+02
  3.352148e-01,  2.932972e+02
  3.420854e-01,  2.935991e+02
  3.314147e-01,  2.914926e+02
  3.369462e-01,  2.940423e+02
  3.405907e-01,  2.927809e+02
  3.387062e-01,  2.969842e+02
  3.494529e-01,  2.979553e+02
  3.459096e-01,  2.954516e+02
  3.184231e-01,  2.953874e+02
  3.173573e-01,  2.936084e+02
  3.208349e-01,  2.962281e+02
  3.462222e-01,  2.935183e+02
  3.306321e-01,  2.954133e+02
  3.363008e-01,  2.942278e+02
  3.404385e-01,  2.946696e+02
  3.190541e-01,  2.966340e+02
  3.302940e-01,  2.904511e+02
  3.202298e-01,  2.922690e+02
  3.113706e-01,  2.950020e+02
  3.323471e-01,  2.923699e+02
  3.304051e-01,  2.956243e+02
  3.147943e-01,  2.946421e+02
  3.258166e-01,  2.940097e+02
  3.177738e-01,  2.932544e+02
  3.384590e-01,  2.921880e+02
  3.391858e-01,  2.946123e+02
  3.063627e-01,  2.935953e+02
  3.318465e-01,  2.961131e+02
  3.155530e-01,  2.994875e+02
  3.319816e-01,  2.960144e+02
  3.230024e-01,  2.935508e+02
  3.200562e-01,  2.958850e+02
  3.321650e-01,  2.949725e+02
  3.178530e-01,  2.949380e+02
  3.439402e-01,  2.971048e+02
  3.135813e-01,  2.930989e+02
  3.377602e-01,  2.926451e+02
  3.249581e-01,  2.953400e+02
  3.219584e-01,  2.907155e+02
  3.234270e-01,  2.923467e+02
  3.345376e-01,  2.979567e+02
  3.294223e-01,  2.970694e+02
  3.133046e-01,  2.944524e+02
  3.415254e-01,  2.951015e+02
  3.205645e-01,  2.948787e+02
  3.370306e-01,  2.935073e+02
  3.185433e-01,  2.939148e+02
  3.128625e-01,  2.933232e+02
  3.227584e-01,  2.904294e+02
  3.242048e-01,  2.956855e+02
  3.232077e-01,  2.954642e+02
  3.205322e-01,  2.919032e+02
  3.255814e-01,  2.962116e+02
  3.120043e-01,  2.980709e+02
  3.231655e-01,  2.973715e+02
  3.244853e-01,  2.938952e+02
  3.310181e-01,  2.935076e+02
  3.273426e-01,  2.927631e+02
  3.339604e-01,  2.921973e+02
  3.253368e-01,  2.919848e+02
  3.219781e-01,  2.919197e+02
  3.414527e-01,  2.939295e+02
  3.350577e-01,  2.969848e+02
  3.343994e-01,  2.935247e+02
  3.239782e-01,  2.926510e+02
  3.273386e-01,  2.930899e+02
  3.170272e-01,  2.920570e+02
  3.338148e-01,  2.956991e+02
  3.568296e-01,  2.960589e+02
  3.360328e-01,  2.965677e+02
  3.112062e-01,  2.967572e+02
  3.290841e-01,  2.940705e+02
  3.286627e-01,  2.942347e+02
  3.187528e-01,  2.970189e+02
  3.289539e-01,  2.942252e+02
  3.405159e-01,  2.941954e+02
  3.337500e-01,  2.979831e+02
  3.111801e-01,  2.943616e+02
  3.198954e-01,  2.950142e+02
  3.296442e-01,  2.970101e+02
  3.230740e-01,  2.937735e+02
  3.181266e-01,  2.926435e+02
  3.464392e-01,  2.912333e+02
  3.264035e-01,  2.961016e+02
  3.248132e-01,  2.917388e+02
  3.237348e-01,  2.951914e+02
  3.166468e-01,  2.955842e+02
  3.120703e-01,  2.928427e+02
  3.360940e-01,  2.961490e+02
  3.183521e-01,  2.954504e+02
  3.434199e-01,  2.966487e+02
  3.508189e-01,  2.919774e+02
  3.145404e-01,  2.971440e+02
  3.451288e-01,  2.942006e+02
  3.337406e-01,  2.955914e+02
  3.498445e-01,  2.957147e+02
  3.285386e-01,  2.960995e+02
  3.525817e-01,  2.964002e+02
  3.362802e-01,  2.925428e+02
  3.290970e-01,  2.962333e+02
  3.256561e-01,  2.933615e+02
  3.111557e-01,  2.934012e+02
  3.397833e-01,  2.924060e+02
  3.219439e-01,  2.925555e+02
  3.261283e-01,  2.944312e+02
  3.363670e-01,  2.955293e+02
  3.489509e-01,  2.966636e+02
  3.527621e-01,  2.923985e+02
  3.193714e-01,  2.897672e+02
  3.366960e-01,  2.925312e+02
  3.382144e-01,  2.934923e+02
  3.292925e-01,  2.961737e+02
  3.346351e-01,  2.947032e+02
  3.184388e-01,  2.939802e+02
  3.508807e-01,  2.944025e+02
  3.381599e-01,  2.946046e+02
  3.334069e-01,  2.946240e+02
  3.217026e-01,  2.949756e+02
  3.330240e-01,  2.945387e+02
  3.122525e-01,  2.958984e+02
  3.109807e-01,  2.951258e+02
  3.347661e-01,  2.932166e+02
  3.324544e-01,  2.984349e+02
  3.357183e-01,  2.913116e+02
  3.493455e-01,  2.958565e+02
  3.084907e-01,  2.923190e+02
  3.041486e-01,  2.941327e+02
  3.697518e-01,  2.977376e+02
  3.214373e-01,  2.936901e+02
  3.381384e-01,  2.975521e+02
  3.297786e-01,  2.919375e+02
  3.257399e-01,  2.977268e+02
  3.222957e-01,  2.933828e+02
  3.499318e-01,  2.938708e+02
  3.467453e-01,  2.935265e+02
  3.134846e-01,  2.936117e+02
  3.401112e-01,  2.929589e+02
  3.223831e-01,  2.950713e+02
  3.157478e-01,  2.947638e+02
  3.017802e-01,  2.913144e+02
  3.325902e-01,  2.965190e+02
  3.167143e-01,  2.902762e+02
  3.213831e-01,  3.008088e+02
  3.337962e-01,  2.951457e+02
  3.338995e-01,  2.924607e+02
  3.335754e-01,  2.971382e+02
  3.268522e-01,  2.920285e+02
  3.289720e-01,  2.953573e+02
  3.160597e-01,  2.950385e+02
  3.220045e-01,  2.947578e+02
  3.038439e-01,  2.951079e+02
  3.499756e-01,  2.916469e+02
  3.292270e-01,  2.912175e+02
  3.247371e-01,  2.953186e+02
  3.349585e-01,  2.939497e+02
  3.157549e-01,  2.937952e+02
  3.319250e-01,  2.953181e+02
  3.140193e-01,  2.927445e+02
  3.392301e-01,  2.938625e+02
  3.279320e-01,  2.957477e+02
  3.290617e-01,  2.947169e+02
  3.316768e-01,  2.923316e+02
  3.344496e-01,  2.923638e+02
  3.319829e-01,  2.922642e+02
  3.333938e-01,  2.944759e+02
  3.334688e-01,  2.972126e+02
  3.079920e-01,  2.911420e+02
  3.366317e-01,  2.939278e+02
  3.277455e-01,  2.969685e+02
  3.291520e-01,  2.976512e+02
  3.300185e-01,  2.956774e+02
  3.159531e-01,  2.924885e+02
  3.444798e-01,  2.944750e+02
  3.248398e-01,  2.960881e+02
  3.251710e-01,  2.938126e+02
  3.325772e-01,  2.945393e+02
  3.059073e-01,  2.930557e+02
  3.315534e-01,  2.917069e+02
  3.438211e-01,  2.942151e+02
  3.178889e-01,  2.906977e+02
  3.071089e-01,  2.982673e+02
  3.258115e-01,  2.964480e+02
  3.193368e-01,  2.938281e+02
  3.263994e-01,  2.944018e+02
  3.332946e-01,  2.947397e+02
  3.383081e-01,  2.965759e+02
  3.376432e-01,  2.963743e+02
  3.096119e-01,  2.969911e+02
  3.417160e-01,  2.911249e+02
  3.509568e-01,  2.946366e+02
  3.277486e-01,  2.972133e+02
  3.227692e-01,  2.926742e+02
  3.285647e-01,  2.930619e+02
  3.217546e-01,  2.968892e+02
  3.236928e-01,  2.934967e+02
  3.241010e-01,  2.955380e+02
  3.211392e-01,  2.948413e+02
  3.286922e-01,  2.950538e+02
  3.309289e-01,  2.962461e+02
  3.310111e-01,  2.937288e+02
  3.219986e-01,  2.950274e+02
  3.433683e-01,  2.917565e+02
  3.200650e-01,  2.963877e+02
  3.347126e-01,  2.932014e+02
  3.332187e-01,  2.944065e+02
  3.235373e-01,  2.960015e+02
  3.418767e-01,  2.928948e+02
  3.189603e-01,  2.920662e+02
  3.350643e-01,  2.944660e+02
  3.215989e-01,  2.981220e+02
  3.289997e-01,  2.939742e+02
  3.309327e-01,  2.931317e+02
  3.309268e-01,  2.918475e+02
  3.364351e-01,  2.957290e+02
  3.141263e-01,  2.941136e+02
  3.354494e-01,  2.958258e+02
  3.410995e-01,  2.970672e+02
  3.209083e-01,  2.928891e+02
  3.516023e-01,  2.961548e+02
  3.363691e-01,  2.948674e+02
  3.257924e-01,  2.971960e+02
  3.379774e-01,  2.958463e+02
  3.233157e-01,  2.910562e+02
  3.326532e-01,  2.963966e+02
  3.292172e-01,  2.956262e+02
  3.518283e-01,  2.950067e+02
  3.341100e-01,  2.971583e+02
  3.193526e-01,  2.914694e+02
  3.380057e-01,  2.917309e+02
  3.108036e-01,  2.954288e+02
  3.391214e-01,  2.945111e+02
  3.277457e-01,  2.972734e+02
  3.098879e-01,  2.946508e+02
  3.354314e-01,  2.956644e+02
  2.982346e-01,  2.922163e+02
  3.265475e-01,  2.943599e+02
  3.447590e-01,  2.968945e+02
  3.279027e-01,  2.922279e+02
  3.253022e-01,  2.943949e+02
  3.405070e-01,  2.923381e+02
  3.030242e-01,  2.997534e+02
  3.221981e-01,  2.915313e+02
  3.268687e-01,  2.933482e+02
  3.164865e-01,  2.960968e+02
  3.631742e-01,  2.919457e+02
  3.253816e-01,  2.921577e+02
  3.203683e-01,  2.961541e+02
  3.272531e-01,  2.949842e+02
  3.381622e-01,  2.918643e+02
  3.201988e-01,  2.965010e+02
  3.298417e-01,  2.935606e+02
  3.276811e-01,  2.967879e+02
  3.444568e-01,  2.926409e+02
  3.158447e-01,  2.966404e+02
  3.283771e-01,  2.908567e+02
  3.376811e-01,  2.957476e+02
  3.385812e-01,  2.952199e+02
  3.320402e-01,  2.881357e+02
  3.096494e-01,  2.955609e+02
  3.568787e-01,  2.960842e+02
  3.240515e-01,  2.965160e+02
  3.271200e-01,  2.913276e+02
  3.097272e-01,  2.978292e+02
  3.161313e-01,  2.941991e+02
  3.104844e-01,  2.933589e+02
  3.351101e-01,  2.948128e+02
  3.346430e-01,  2.935781e+02
  3.236537e-01,  2.926631e+02
  3.227890e-01,  2.933738e+02
  3.177650e-01,  2.974426e+02
  3.239503e-01,  2.911598e+02
  3.276033e-01,  2.945833e+02
  3.344714e-01,  2.953774e+02
  3.402340e-01,  2.927491e+02
  3.203021e-01,  2.943300e+02
  3.132844e-01,  2.938113e+02
  3.323488e-01,  2.943241e+02
  3.008076e-01,  2.960830e+02
  3.302118e-01,  2.933684e+02
  3.242221e-01,  2.911425e+02
  3.224489e-01,  2.948968e+02
  3.273948e-01,  2.971914e+02
  3.321731e-01,  2.940520e+02
  3.184474e-01,  2.938033e+02
  3.459691e-01,  2.969034e+02
  3.434848e-01,  2.920842e+02
  3.438327e-01,  2.940510e+02
  3.499592e-01,  2.945797e+02
  3.245200e-01,  2.934169e+02
  3.319729e-01,  2.919637e+02
  3.454909e-01,  2.948309e+02
  3.505175e-01,  2.945990e+02
  3.218760e-01,  2.925304e+02
  3.433350e-01,  2.961347e+02
  3.257249e-01,  2.943094e+02
  3.389148e-01,  2.985265e+02
  3.324808e-01,  2.898324e+02
  3.113251e-01,  2.923929e+02
  3.223596e-01,  2.956735e+02
  3.336800e-01,  2.918108e+02
  3.340480e-01,  2.957985e+02
  3.240334e-01,  2.924221e+02
  3.321109e-01,  2.929717e+02
  3.547421e-01,  2.950724e+02
  3.338971e-01,  2.939225e+02
  3.238712e-01,  2.943435e+02
  3.260434e-01,  2.956535e+02
  3.188950e-01,  2.967725e+02
  3.292570e-01,  2.924368e+02
  3.131631e-01,  2.917835e+02
  3.114281e-01,  2.949693e+02
  3.392846e-01,  2.928778e+02
  3.352221e-01,  2.973106e+02
  3.203782e-01,  2.920541e+02
  3.380754e-01,  2.941817e+02
  3.214997e-01,  2.970796e+02
  3.331983e-01,  2.946914e+02
  3.314876e-01,  2.940303e+02
  3.339954e-01,  2.927646e+02
  3.284451e-01,  2.972272e+02
  3.503865e-01,  2.946652e+02
  3.355865e-01,  2.954593e+02
  3.145359e-01,  2.945121e+02
  3.309855e-01,  2.936585e+02
  3.290290e-01,  2.955674e+02
  3.187423e-01,  2.934291e+02
  3.195872e-01,  2.964717e+02
  3.277118e-01,  2.947195e+02
  3.251380e-01,  2.939993e+02
  3.488626e-01,  2.960033e+02
  3.042837e-01,  2.924633e+02
  3.320923e-01,  2.942654e+02
  3.215225e-01,  2.922896e+02
  3.147596e-01,  2.989358e+02
  3.352216e-01,  2.953477e+02
  3.316051e-01,  2.943050e+02
  3.282472e-01,  2.990387e+02
  3.252059e-01,  2.917678e+02
  3.427760e-01,  2.956612e+02
  3.241208e-01,  2.939784e+02
  3.204840e-01,  2.911396e+02
  3.248067e-01,  2.919793e+02
  3.286233e-01,  2.987162e+02
  3.065802e-01,  2.967801e+02
  3.338742e-01,  2.939991e+02
  3.265193e-01,  2.931566e+02
  3.298784e-01,  2.921208e+02
  3.363469e-01,  2.926171e+02
  3.291477e-01,  2.940345e+02
  3.425068e-01,  2.972981e+02
  3.263829e-01,  2.900129e+02
  3.280593e-01,  2.966433e+02
  3.322096e-01,  2.924671e+02
  3.460174e-01,  2.924414e+02
  3.167206e-01,  2.977323e+02
  3.099785e-01,  2.920686e+02
  3.266328e-01,  2.946054e+02
  3.208259e-01,  2.966879e+02
  3.335380e-01,  2.970051e+02
  3.309601e-01,  2.939065e+02
  3.255238e-01,  2.913743e+02
  3.248495e-01,  2.913965e+02
  3.337907e-01,  2.947385e+02
  3.288263e-01,  2.932280e+02
  3.436270e-01,  2.939376e+02
  3.599082e-01,  2.939978e+02
  3.225018e-01,  2.923983e+02
  3.218298e-01,  2.928091e+02
  3.324807e-01,  2.916816e+02
  3.261048e-01,  2.945759e+02
  3.464035e-01,  2.926903e+02
  3.299627e-01,  2.912551e+02
  3.407272e-01,  2.950535e+02
  3.480874e-01,  2.939326e+02
  3.293013e-01,  2.929019e+02
  3.490291e-01,  2.919435e+02
  3.322293e-01,  2.917110e+02
  3.263561e-01,  2.945259e+02
  3.321604e-01,  2.917331e+02
  3.172194e-01,  2.931222e+02
  3.284626e-01,  2.950595e+02
  3.313827e-01,  2.941052e+02
  3.089838e-01,  2.967355e+02
  3.442411e-01,  2.921953e+02
  3.212929e-01,  2.946162e+02
  3.117418e-01,  2.978716e+02
  3.290559e-01,  2.930025e+02
  3.313987e-01,  2.940776e+02
  3.390525e-01,  2.923079e+02
  3.242876e-01,  2.935884e+02
  3.334007e-01,  2.947074e+02
  2.952617e-01,  2.937189e+02
  3.356023e-01,  2.975907e+02
  3.432214e-01,  2.941993e+02
  3.215471e-01,  2.946017e+02
  3.284096e-01,  2.953375e+02
  3.244433e-01,  2.933401e+02
  3.381025e-01,  2.945772e+02
  3.175162e-01,  2.928199e+02
  3.282038e-01,  2.953416e+02
  3.306927e-01,  2.909017e+02
  3.216698e-01,  2.927228e+02
  3.417003e-01,  2.931387e+02
  3.236578e-01,  2.935858e+02
  3.314117e-01,  2.959526e+02
  3.285504e-01,  2.931903e+02
  3.248647e-01,  2.934141e+02
  3.434593e-01,  2.921168e+02
  3.363829e-01,  2.956321e+02
  3.305869e-01,  2.939668e+02
  3.129098e-01,  2.933701e+02
  3.314625e-01,  2.918371e+02
  3.328354e-01,  2.919875e+02
  3.327490e-01,  2.947063e+02
  3.079514e-01,  2.938820e+02
  3.158354e-01,  2.896955e+02
  3.298419e-01,  2.933179e+02
  3.235549e-01,  2.932372e+02
  3.199423e-01,  2.941233e+02
  3.180899e-01,  2.957169e+02
  3.195591e-01,  2.963313e+02
  3.230770e-01,  2.995294e+02
  3.207920e-01,  2.920766e+02
  3.195587e-01,  2.913091e+02
  3.320201e-01,  2.943619e+02
  3.108386e-01,  2.951158e+02
  3.512114e-01,  2.949272e+02
  3.442708e-01,  2.964906e+02
  3.321731e-01,  2.944018e+02
  3.513698e-01,  2.968864e+02
  3.319357e-01,  2.964817e+02
  3.203607e-01,  2.942836e+02
  3.242934e-01,  2.909260e+02
  3.322465e-01,  2.943913e+02
  3.321888e-01,  2.964683e+02
  3.200991e-01,  2.943016e+02
  3.326682e-01,  2.943825e+02
  3.327660e-01,  2.923475e+02
  3.327883e-01,  2.943678e+02
  3.269659e-01,  2.948135e+02
  3.133143e-01,  2.981432e+02
  3.106043e-01,  2.929301e+02
  3.374457e-01,  2.960134e+02
  3.554587e-01,  2.965705e+02
  3.206020e-01,  2.963782e+02
  3.362334e-01,  2.961363e+02
  3.118140e-01,  2.928142e+02
  3.148266e-01,  2.947580e+02
  3.231169e-01,  2.951021e+02
  3.438457e-01,  2.945500e+02
  3.216455e-01,  2.920936e+02
  3.316092e-01,  2.965274e+02
  3.251498e-01,  2.980984e+02
  3.109140e-01,  2.929283e+02
  3.403232e-01,  2.927949e+02
  3.160810e-01,  2.925474e+02
  3.451082e-01,  2.924644e+02
  3.204776e-01,  2.943235e+02
  3.414712e-01,  2.956577e+02
  3.355279e-01,  2.932066e+02
  3.376819e-01,  2.919657e+02
  3.229532e-01,  2.973243e+02
  3.267589e-01,  2.947529e+02
  3.310101e-01,  2.935724e+02
  3.190791e-01,  2.964181e+02
  3.355709e-01,  2.952750e+02
  3.351392e-01,  2.910798e+02
  3.413150e-01,  2.928945e+02
  3.210935e-01,  2.972483e+02
  3.386159e-01,  2.941051e+02
  3.140243e-01,  2.945933e+02
  3.311010e-01,  2.978096e+02
  3.428556e-01,  2.943770e+02
  3.098960e-01,  2.943262e+02
  3.258312e-01,  2.946334e+02
  3.297763e-01,  2.928418e+02
  3.279901e-01,  2.954687e+02
  3.411893e-01,  2.950258e+02
  3.194590e-01,  2.919504e+02
  3.259497e-01,  2.911252e+02
  3.256504e-01,  2.945860e+02
  3.449163e-01,  2.918584e+02
  3.185090e-01,  2.940994e+02
  3.271310e-01,  2.940996e+02
  3.573095e-01,  2.932790e+02
  3.267755e-01,  2.961859e+02
  3.382220e-01,  2.926809e+02
  3.400938e-01,  2.921306e+02
  3.481314e-01,  2.920487e+02
  3.174898e-01,  2.947770e+02
  3.298997e-01,  2.964213e+02
  3.352742e-01,  2.923767e+02
  3.400418e-01,  2.936560e+02
  3.197921e-01,  2.976971e+02
  3.230040e-01,  2.939632e+02
  3.234801e-01,  2.920827e+02
  3.109163e-01,  2.939050e+02
  3.298153e-01,  2.946339e+02
  3.348833e-01,  2.941878e+02
  3.097244e-01,  2.908480e+02
  3.130165e-01,  2.949150e+02
  3.344155e-01,  2.982884e+02
  3.237016e-01,  2.920332e+02
  3.405795e-01,  2.917598e+02
  3.218311e-01,  2.911590e+02
  3.342380e-01,  2.961972e+02
  3.301506e-01,  2.946535e+02
  3.443753e-01,  2.934340e+02
  3.348651e-01,  2.963093e+02
  3.392210e-01,  2.938216e+02
  3.136256e-01,  2.992829e+02
  3.171032e-01,  2.945246e+02
  3.265910e-01,  2.927915e+02
  3.097341e-01,  2.941006e+02
  3.379614e-01,  2.969348e+02
  3.342565e-01,  2.923461e+02
  3.363064e-01,  2.939662e+02
  3.283045e-01,  2.948884e+02
  3.324408e-01,  2.921607e+02
  3.278750e-01,  2.970971e+02
  3.247338e-01,  2.936359e+02
  3.236401e-01,  2.933694e+02
  3.347548e-01,  2.928133e+02
  3.325839e-01,  2.968833e+02
  3.409139e-01,  2.903670e+02
  3.266343e-01,  2.923126e+02
  3.527962e-01,  2.971860e+02
  3.419206e-01,  2.913672e+02
  3.193168e-01,  2.936962e+02
  3.407958e-01,  2.954292e+02
  3.308162e-01,  2.938026e+02
  3.320586e-01,  2.941342e+02
  3.260504e-01,  2.920814e+02
  3.251448e-01,  2.978477e+02
  3.361545e-01,  2.984453e+02
  3.306999e-01,  2.902416e+02
  3.235588e-01,  2.943300e+02
  3.234276e-01,  2.916913e+02
  3.275742e-01,  2.940661e+02
  3.184920e-01,  2.940701e+02
  3.118500e-01,  2.976075e+02
  3.286454e-01,  2.952639e+02
  3.279140e-01,  2.901665e+02
  3.436568e-01,  2.959808e+02
  3.450160e-01,  2.930879e+02
  3.086292e-01,  2.934299e+02
  2.956816e-01,  2.972812e+02
  3.350928e-01,  2.943741e+02
  3.523264e-01,  2.919215e+02
  3.204023e-01,  2.953799e+02
  3.114714e-01,  2.918398e+02
  3.348373e-01,  2.940884e+02
  3.106499e-01,  2.963929e+02
  3.410079e-01,  2.964747e+02
  3.477941e-01,  2.945597e+02
  3.424768e-01,  2.903691e+02
  3.405523e-01,  2.912938e+02
  3.332344e-01,  2.918321e+02
  3.450085e-01,  2.949650e+02
  3.170387e-01,  2.929049e+02
  3.342352e-01,  2.948427e+02
  3.538952e-01,  2.941929e+02
  3.333069e-01,  2.939128e+02
  3.477717e-01,  2.946483e+02
  3.415286e-01,  2.942651e+02
  3.152715e-01,  2.984867e+02
  3.420489e-01,  2.981458e+02
  3.313378e-01,  2.960923e+02
  3.339455e-01,  2.926261e+02
  3.433482e-01,  2.942926e+02
  3.307960e-01,  2.957408e+02
  3.286455e-01,  2.956057e+02
  3.381775e-01,  2.939705e+02
  3.268253e-01,  2.949178e+02
  3.425030e-01,  2.934621e+02
  3.382852e-01,  2.922650e+02
  3.294879e-01,  2.932024e+02
  3.255251e-01,  2.913208e+02
  3.564750e-01,  2.949801e+02
  3.099723e-01,  2.915262e+02
  3.237835e-01,  2.943209e+02
  3.474978e-01,  2.921210e+02
  3.341964e-01,  2.944433e+02
  3.382803e-01,  2.988563e+02
  3.144984e-01,  2.917371e+02
  3.178184e-01,  2.975462e+02
  3.191796e-01,  2.967206e+02
  3.428287e-01,  2.973552e+02
  3.187283e-01,  2.947466e+02
  3.073890e-01,  2.949296e+02
  3.136696e-01,  2.953699e+02
  3.460352e-01,  2.937673e+02
  3.213519e-01,  2.960663e+02
  3.291615e-01,  2.916977e+02
  3.109759e-01,  2.940366e+02
  3.239463e-01,  2.948229e+02
  3.248659e-01,  2.943469e+02
  3.507025e-01,  2.944601e+02
  3.149673e-01,  2.965764e+02
  3.388400e-01,  2.930627e+02
  3.259463e-01,  2.928279e+02
  3.069027e-01,  2.930956e+02
  3.280610e-01,  2.970077e+02
  3.251044e-01,  2.947023e+02
  3.263903e-01,  2.993758e+02
  3.330169e-01,  2.920776e+02
  3.359532e-01,  2.953379e+02
  3.176095e-01,  2.965403e+02
  3.377518e-01,  2.949494e+02
  3.357328e-01,  2.953863e+02
  3.364691e-01,  2.936066e+02
  3.186034e-01,  2.963253e+02
  3.503750e-01,  2.939426e+02
  3.148332e-01,  2.974555e+02
  3.581954e-01,  2.898802e+02
  3.124695e-01,  2.986757e+02
  2.048945e+00,  2.038449e+02
  1.702648e+01,  2.481121e+02
  3.431735e+01,  3.170693e+02
  3.943414e+01,  3.513287e+02
  1.825747e+01,  3.516188e+02
  1.611376e+01,  3.201415e+02
  6.487028e+00,  2.559404e+02
  1.463652e+01,  1.513025e+02
  2.492508e+01,  1.215283e+02
  2.684426e+01,  9.624029e+01
  1.735680e+01,  7.512487e+01
  1.577223e+01,  3.540743e+02
  2.674785e+01,  3.252398e+02
  1.913970e+01,  3.039222e+02
  8.328670e+00,  2.288053e+02
  1.157416e+01,  1.418227e+02
  2.019084e+01,  9.384213e+01
  1.890385e+01,  9.878505e+01
  7.147745e+00,  2.144786e+02
  2.472950e+01,  2.870396e+02
  2.365879e+01,  3.158349e+02
  6.531939e+00,  5.125234e+01
  2.261208e+01,  1.441822e+02
  2.255662e+01,  1.621110e+02
  9.786289e+00,  1.336840e+02
  1.061686e+01,  1.112585e+02
  1.716982e+01,  1.600199e+02
  1.891028e+01,  1.791567e+02
  3.240579e+00,  1.339332e+02
  2.113956e+01,  3.476987e+01
  2.640538e+01,  2.640996e+01
  1.705270e+01,  3.462115e+02
  2.017283e+01,  3.054087e+02
  1.661796e+01,  3.294146e+02
  1.663644e+01,  4.589270e+01
  2.295947e+01,  9.033406e+01
  1.714889e+01,  1.204344e+02
  7.268668e+00,  1.646171e+02
  1.792257e+00,  1.696358e+02
  1.455155e+01,  8.805200e+01
  3.215772e+01,  9.903271e+01
  3.030467e+01,  1.198063e+02
  1.114182e+01,  1.913273e+02
  2.537079e+01,  2.906116e+02
  2.833707e+01,  3.182157e+02
  7.536341e+00,  3.589288e+02
  1.981130e+01,  1.568105e+02
  2.645861e+01,  1.830326e+02
  1.194818e+01,  2.310040e+02
  1.887232e+01,  3.500187e+02
  2.870151e+01,  1.455325e+01
  2.212903e+01,  7.997650e+00
  1.715145e+01,  3.310309e+02
  6.651528e+00,  3.290544e+02
  1.165896e+01,  1.247177e+02
  1.711290e+01,  1.262621e+02
  7.923112e+00,  9.271782e+01
  1.227236e+01,  5.195097e+00
  1.821781e+01,  3.574104e+02
  1.419472e+01,  3.407807e+02
  5.686622e+00,  2.637657e+02
  1.253305e+01,  1.692017e+02
  2.249796e+01,  1.448625e+02
  2.593211e+01,  1.340620e+02
  1.584638e+01,  1.407526e+02
  9.960896e+00,  2.822684e+02
  2.951744e+01,  3.121582e+02
  3.106037e+01,  3.266484e+02
  1.650942e+01,  5.354556e+00
  1.719748e+01,  1.004035e+02
  1.970809e+01,  1.423606e+02
  8.829119e+00,  2.093768e+02
  1.568575e+01,  3.033032e+02
  1.751062e+01,  3.187244e+02
  8.577700e+00,  3.029806e+02
  5.097771e+00,  2.020462e+02
  6.004095e+00,  1.732533e+02
  1.630538e+00,  2.217736e+02
  7.053838e+00,  3.130570e+02
  1.207538e+01,  3.175099e+02
  1.511105e+01,  3.295416e+02
  1.909496e+01,  3.484807e+02
  2.677698e+01,  3.517482e+02
  3.259538e+01,  3.431132e+02
  2.978795e+01,  3.384344e+02
  1.751660e+01,  3.229266e+02
  1.301345e+01,  2.519363e+02
  1.358093e+01,  2.027005e+02
  1.167625e+01,  1.262110e+02
  1.739920e+01,  7.708741e+01
  1.391678e+01,  4.492458e+01
  9.312211e+00,  3.068982e+02
  2.082434e+01,  2.562839e+02
  2.624831e+01,  2.419058e+02
  2.579412e+01,  2.264766e+02
  2.631674e+01,  2.388841e+02
  2.849903e+01,  2.818371e+02
  2.962014e+01,  3.467660e+02
  2.369844e+01,  8.373974e+01
  1.134992e+01,  2.324129e+02
##END=