##TITLE= twqubit_encoding1_H_nobufferfix7
##JCAMP-DX= 5.00 Bruker JCAMP library
##DATA TYPE= Shape Data
##ORIGIN= Colm Fixed Pulses 
##OWNER= d29lu
##DATE= 12-May-2015
##TIME= 16:50
##MINX= 4.564192e-02
##MAXX= 3.814681e+01
##MINY= 2.911662e-02
##MAXY= 3.599891e+02
##$SHAPE_EXMODE= None
##$SHAPE_TOTROT= 9.000000e+01
##$SHAPE_BWFAC= 1.000000e+00
##$SHAPE_INTEGFAC= 1.000000e+00
##$SHAPE_MODE= 1
##NPOINTS= 3298
##XYPOINTS= (XY..XY)
  2.059144e+00,  2.723847e+02
  9.157561e+00,  3.141777e+02
  2.096365e+01,  3.185357e+02
  2.587037e+01,  3.234179e+02
  2.588401e+01,  3.276176e+02
  2.434326e+01,  3.304610e+02
  2.163385e+01,  3.330116e+02
  1.766758e+01,  3.350073e+02
  1.393186e+01,  3.334661e+02
  1.029428e+01,  3.231115e+02
  6.120717e+00,  2.984899e+02
  4.097129e+00,  2.189934e+02
  9.493211e+00,  1.761317e+02
  1.601776e+01,  1.674030e+02
  2.214415e+01,  1.628720e+02
  2.718535e+01,  1.595051e+02
  2.918930e+01,  1.584725e+02
  2.916113e+01,  1.590711e+02
  2.787015e+01,  1.561821e+02
  2.502346e+01,  1.479396e+02
  1.988830e+01,  1.365181e+02
  1.511038e+01,  1.279980e+02
  1.137220e+01,  1.224597e+02
  7.822763e+00,  1.156104e+02
  3.899252e+00,  1.237968e+02
  3.376070e+00,  1.960634e+02
  6.551293e+00,  2.160289e+02
  1.000003e+01,  2.168884e+02
  1.374615e+01,  2.161030e+02
  1.722814e+01,  2.136225e+02
  2.007568e+01,  2.104951e+02
  2.297285e+01,  2.107520e+02
  2.423394e+01,  2.126278e+02
  2.348330e+01,  2.144416e+02
  2.165396e+01,  2.154802e+02
  1.896418e+01,  2.154185e+02
  1.630545e+01,  2.153509e+02
  1.336663e+01,  2.142913e+02
  1.039318e+01,  2.100695e+02
  7.882648e+00,  1.984757e+02
  6.466293e+00,  1.762720e+02
  5.771278e+00,  1.455007e+02
  6.218715e+00,  1.124706e+02
  8.123985e+00,  9.456664e+01
  1.045272e+01,  9.809441e+01
  1.186717e+01,  1.056679e+02
  1.230356e+01,  1.143708e+02
  1.340801e+01,  1.246826e+02
  1.576468e+01,  1.358304e+02
  1.745720e+01,  1.430402e+02
  1.858891e+01,  1.464450e+02
  1.973835e+01,  1.453920e+02
  2.000061e+01,  1.433116e+02
  1.846650e+01,  1.409413e+02
  1.699873e+01,  1.374399e+02
  1.594061e+01,  1.329321e+02
  1.373150e+01,  1.279487e+02
  1.109970e+01,  1.233436e+02
  9.753515e+00,  1.200534e+02
  8.731215e+00,  1.170005e+02
  6.444251e+00,  1.012690e+02
  4.986848e+00,  6.262335e+01
  6.834881e+00,  2.349811e+01
  1.043397e+01,  6.821304e+00
  1.477597e+01,  6.954560e-01
  1.779320e+01,  3.587424e+02
  1.975082e+01,  3.570811e+02
  1.993557e+01,  3.544028e+02
  1.926528e+01,  3.513567e+02
  1.761338e+01,  3.462689e+02
  1.635722e+01,  3.390397e+02
  1.572464e+01,  3.312517e+02
  1.589097e+01,  3.268152e+02
  1.523658e+01,  3.233235e+02
  1.351866e+01,  3.211057e+02
  1.092051e+01,  3.209450e+02
  7.977845e+00,  3.245062e+02
  4.673908e+00,  3.354601e+02
  2.076298e+00,  3.967925e+01
  4.896072e+00,  8.582046e+01
  8.378580e+00,  7.427600e+01
  1.245114e+01,  5.949567e+01
  1.593812e+01,  5.603046e+01
  1.924648e+01,  5.495975e+01
  2.243414e+01,  5.507083e+01
  2.481880e+01,  5.405204e+01
  2.390507e+01,  5.691200e+01
  2.205116e+01,  5.903985e+01
  1.788010e+01,  6.112388e+01
  1.403215e+01,  5.790883e+01
  1.056424e+01,  5.844546e+01
  9.334857e+00,  4.743082e+01
  8.239106e+00,  3.254803e+01
  1.128265e+01,  1.677533e+01
  1.458787e+01,  1.711476e+01
  1.916209e+01,  1.964201e+01
  1.938147e+01,  1.766323e+01
  1.421704e+01,  7.973162e+00
  4.917342e+00,  2.086065e+02
  2.079965e+00,  3.287457e+02
  7.507028e-01,  1.306489e+02
  5.552148e-01,  3.497311e+02
  2.497169e-01,  1.411188e+02
  5.712964e-01,  1.046654e+01
  2.603991e-01,  1.457828e+02
  5.505498e-01,  1.025613e+01
  1.819494e-01,  1.354453e+02
  4.889685e-01,  9.088024e+00
  1.012546e-01,  1.258721e+02
  4.576343e-01,  9.511140e+00
  8.087498e-02,  1.097002e+02
  3.996196e-01,  7.358231e+00
  4.564192e-02,  3.651353e+01
  3.286271e-01,  6.964117e+00
  5.460944e-02,  3.182091e+02
  2.681928e-01,  8.864212e+00
  1.157484e-01,  2.876318e+00
  2.352691e-01,  5.188772e+00
  1.697372e-01,  3.883506e+00
  1.889039e-01,  1.113758e+01
  2.005519e-01,  3.579298e+02
  1.518319e-01,  1.015094e+01
  2.270762e-01,  2.323365e+00
  1.225381e-01,  4.033679e+00
  2.634426e-01,  4.032147e+00
  1.011916e-01,  1.497873e+01
  2.709302e-01,  1.505954e+00
  1.063357e-01,  9.679199e+00
  2.674920e-01,  5.022246e+00
  9.478146e-02,  3.587599e+02
  2.842635e-01,  6.739308e+00
  9.978370e-02,  7.099134e+00
  2.637383e-01,  2.884008e+00
  1.273065e-01,  7.316666e+00
  2.430732e-01,  7.738944e+00
  1.303341e-01,  3.587932e+02
  2.238136e-01,  6.223013e+00
  1.511253e-01,  6.011568e+00
  2.029241e-01,  1.893237e+00
  1.800375e-01,  2.149447e+00
  1.879594e-01,  9.435816e+00
  1.861732e-01,  3.596271e+02
  1.812384e-01,  8.419506e+00
  2.008325e-01,  6.219427e+00
  1.557716e-01,  1.654574e+00
  2.213492e-01,  5.039783e+00
  1.550446e-01,  1.125557e+01
  2.305865e-01,  2.911662e-02
  1.441344e-01,  5.722408e+00
  2.382295e-01,  8.494915e+00
  1.293001e-01,  3.587888e+02
  2.315198e-01,  1.594961e+00
  1.470142e-01,  1.465158e+01
  2.229391e-01,  2.982692e+00
  1.532569e-01,  2.311547e+00
  2.148457e-01,  7.596837e+00
  1.449290e-01,  3.554672e+02
  2.176801e-01,  5.094549e+00
  1.669715e-01,  6.478464e+00
  1.894701e-01,  4.908355e+00
  1.897389e-01,  7.098780e+00
  1.943146e-01,  8.229452e+00
  1.774550e-01,  3.589134e+02
  1.861391e-01,  3.844834e+00
  1.920964e-01,  6.181959e+00
  1.569561e-01,  3.382017e+00
  2.133543e-01,  2.015235e+00
  1.714594e-01,  1.273267e+01
  2.066092e-01,  2.947975e+00
  1.760359e-01,  6.198717e+00
  2.123731e-01,  6.413819e+00
  1.467979e-01,  3.588569e+02
  2.179844e-01,  4.598458e+00
  1.687036e-01,  1.082325e+01
  2.041527e-01,  5.019597e+00
  1.761635e-01,  2.346777e+00
  2.097786e-01,  8.551537e+00
  1.543920e-01,  4.433852e+00
  2.052847e-01,  2.406561e+00
  1.699786e-01,  3.132460e+00
  1.892831e-01,  6.317849e+00
  1.919290e-01,  4.069088e+00
  1.914809e-01,  6.447352e+00
  1.763744e-01,  3.146914e+00
  1.870911e-01,  3.118217e+00
  1.885733e-01,  6.150062e+00
  1.754458e-01,  7.646312e+00
  1.999160e-01,  1.822457e+00
  1.855605e-01,  9.760438e+00
  1.953003e-01,  5.175760e+00
  1.756046e-01,  4.913847e+00
  2.061560e-01,  7.044665e+00
  1.614808e-01,  5.201689e+00
  1.979790e-01,  3.219111e+00
  1.745825e-01,  5.601237e+00
  1.922975e-01,  6.362525e+00
  1.664196e-01,  3.574671e+02
  1.954972e-01,  4.158066e+00
  1.587131e-01,  5.221388e+00
  1.970278e-01,  1.729600e+00
  1.752286e-01,  4.505132e+00
  1.909372e-01,  8.539133e+00
  1.854934e-01,  1.745961e+00
  1.905040e-01,  4.590370e+00
  1.803895e-01,  8.884360e+00
  1.908015e-01,  4.704930e+00
  1.939920e-01,  6.671186e+00
  1.842229e-01,  1.200345e+01
  2.001387e-01,  2.898142e+00
  1.866027e-01,  9.485532e+00
  1.973200e-01,  9.956888e+00
  1.822445e-01,  2.246193e+00
  2.023066e-01,  8.153210e+00
  1.793531e-01,  8.413087e+00
  1.935443e-01,  3.280453e+00
  1.850616e-01,  6.354751e+00
  1.869349e-01,  5.237533e+00
  1.767390e-01,  4.469007e-01
  1.929064e-01,  2.197660e+00
  1.736993e-01,  7.302639e+00
  1.996544e-01,  4.802257e+00
  1.809702e-01,  2.232837e+00
  1.880594e-01,  7.773205e+00
  1.755886e-01,  1.441471e+00
  1.996865e-01,  7.845977e+00
  1.874970e-01,  1.008583e+01
  1.906653e-01,  3.288931e+00
  1.897809e-01,  2.911034e+00
  1.823444e-01,  8.497844e+00
  1.869966e-01,  2.513957e+00
  1.893053e-01,  3.218594e+00
  1.874654e-01,  9.348135e+00
  1.823977e-01,  2.936435e+00
  1.935187e-01,  1.560860e+00
  1.721588e-01,  6.227447e+00
  1.883558e-01,  1.828648e+00
  1.843920e-01,  1.770237e+00
  1.926172e-01,  1.054605e+01
  1.686038e-01,  3.875675e+00
  2.069671e-01,  5.944150e+00
  1.831036e-01,  8.715931e+00
  1.938048e-01,  4.276176e+00
  1.859502e-01,  3.352991e+00
  1.959652e-01,  9.831237e+00
  1.865390e-01,  6.903143e+00
  1.973480e-01,  4.087746e+00
  1.937410e-01,  1.073544e+01
  1.845623e-01,  4.960773e+00
  1.935716e-01,  7.336340e-01
  1.770771e-01,  6.498294e+00
  1.868002e-01,  4.255814e+00
  1.864267e-01,  1.684031e+00
  1.874305e-01,  5.913102e+00
  1.702219e-01,  4.549016e+00
  1.979294e-01,  3.752045e+00
  1.866615e-01,  6.065585e+00
  1.731107e-01,  3.795381e+00
  1.910903e-01,  3.590840e-01
  1.918634e-01,  9.766762e+00
  1.762936e-01,  5.994847e+00
  1.921626e-01,  1.133319e+00
  1.854260e-01,  6.517913e+00
  1.803099e-01,  4.645854e+00
  1.848600e-01,  2.637222e+00
  1.878181e-01,  5.749733e+00
  1.703115e-01,  6.453215e+00
  1.952022e-01,  4.066274e+00
  1.889055e-01,  6.610877e+00
  1.792567e-01,  6.722941e+00
  1.983386e-01,  5.533457e+00
  1.946223e-01,  6.513285e+00
  1.808629e-01,  7.163874e+00
  1.899526e-01,  2.514120e+00
  1.896767e-01,  5.938073e+00
  1.767633e-01,  7.583896e+00
  1.898731e-01,  8.504118e-01
  1.895944e-01,  6.202275e+00
  1.835898e-01,  9.497763e+00
  1.785919e-01,  3.598786e+02
  1.958712e-01,  8.813139e+00
  1.820102e-01,  8.322730e+00
  1.906819e-01,  1.643624e+00
  1.947391e-01,  6.061091e+00
  1.866115e-01,  7.917080e+00
  1.911460e-01,  3.758695e+00
  1.904490e-01,  3.277848e+00
  1.815246e-01,  9.689683e+00
  1.810986e-01,  3.583238e+02
  1.825858e-01,  5.508860e+00
  1.796932e-01,  6.104971e+00
  1.779459e-01,  3.583404e+02
  1.912108e-01,  7.544390e+00
  1.797262e-01,  7.769364e+00
  1.869306e-01,  1.247610e+00
  1.907660e-01,  4.751372e+00
  1.810222e-01,  9.133484e+00
  1.886054e-01,  2.261550e+00
  1.901243e-01,  4.534670e+00
  1.896864e-01,  1.037781e+01
  1.877102e-01,  3.356383e+00
  1.909332e-01,  3.314522e+00
  1.821544e-01,  9.430189e+00
  1.853461e-01,  2.546339e+00
  1.925926e-01,  3.111988e+00
  1.869146e-01,  9.605741e+00
  1.765133e-01,  3.599115e+02
  1.959874e-01,  2.771027e+00
  1.822119e-01,  6.942688e+00
  1.822972e-01,  1.512828e+00
  1.949951e-01,  7.534355e+00
  1.970010e-01,  1.032165e+01
  1.765842e-01,  3.180496e+00
  1.923852e-01,  3.339140e+00
  1.872631e-01,  8.284565e+00
  1.728484e-01,  1.497158e+00
  1.968721e-01,  5.071458e+00
  1.760639e-01,  4.915760e+00
  1.926999e-01,  7.118045e+00
  1.954760e-01,  4.051096e+00
  1.889699e-01,  8.727951e+00
  1.771280e-01,  3.433860e+00
  1.862578e-01,  3.597469e+02
  1.854406e-01,  1.084127e+01
  1.781695e-01,  1.088463e+00
  1.925015e-01,  4.534831e+00
  1.875335e-01,  7.280900e+00
  1.834021e-01,  4.481339e+00
  1.914397e-01,  3.268470e+00
  1.947137e-01,  9.657854e+00
  1.768232e-01,  3.316316e+00
  1.922012e-01,  3.593943e+02
  1.869226e-01,  9.347930e+00
  1.759365e-01,  3.475973e+00
  1.908989e-01,  1.348081e+00
  1.934858e-01,  9.855998e+00
  1.754517e-01,  2.249360e+00
  1.881145e-01,  2.446217e+00
  1.918619e-01,  6.817004e+00
  1.795459e-01,  5.874468e+00
  1.961211e-01,  5.623822e+00
  1.808070e-01,  5.262088e+00
  1.751661e-01,  3.368391e+00
  1.867212e-01,  1.395574e+00
  1.867502e-01,  4.819234e+00
  1.798515e-01,  7.826284e+00
  1.926966e-01,  2.193598e+00
  1.858737e-01,  4.675905e+00
  1.843755e-01,  9.733277e+00
  1.907565e-01,  3.595420e+02
  1.902505e-01,  9.562187e+00
  1.897511e-01,  7.459695e+00
  1.873494e-01,  1.817399e+00
  1.920366e-01,  4.818739e+00
  1.817639e-01,  9.621633e+00
  1.900348e-01,  2.915538e+00
  1.949765e-01,  4.151239e+00
  1.872113e-01,  1.155888e+01
  1.873148e-01,  2.352388e+00
  1.973731e-01,  5.690316e+00
  1.887280e-01,  1.067587e+01
  1.959396e-01,  4.963100e+00
  1.933813e-01,  4.407606e+00
  1.865909e-01,  1.012786e+01
  1.876086e-01,  2.392080e+00
  1.836885e-01,  2.571348e+00
  1.822203e-01,  8.177445e+00
  1.880153e-01,  3.910552e+00
  1.948388e-01,  5.414580e+00
  1.821883e-01,  6.613578e+00
  1.888194e-01,  4.091450e+00
  1.950680e-01,  7.007003e+00
  1.828429e-01,  3.462888e+00
  1.779813e-01,  1.558345e-01
  1.900658e-01,  5.144443e+00
  1.852375e-01,  1.031111e+01
  1.837269e-01,  5.804965e-01
  1.870269e-01,  3.720427e+00
  1.806437e-01,  7.869667e+00
  1.890918e-01,  4.771541e+00
  1.967154e-01,  2.803773e+00
  1.831091e-01,  7.053922e+00
  1.874321e-01,  4.864784e+00
  1.994572e-01,  7.390057e+00
  1.871925e-01,  9.470759e+00
  1.772134e-01,  3.567982e+02
  1.875955e-01,  6.610470e+00
  1.889650e-01,  6.531614e+00
  1.799014e-01,  3.124949e+00
  1.909063e-01,  1.895723e+00
  1.901911e-01,  9.720353e+00
  1.774523e-01,  1.110980e+00
  1.870905e-01,  3.599277e+02
  1.886115e-01,  7.817678e+00
  1.770718e-01,  5.261468e+00
  1.968880e-01,  2.842013e+00
  1.920284e-01,  8.611709e+00
  1.861801e-01,  5.160745e+00
  1.991466e-01,  5.922650e+00
  1.887271e-01,  1.138253e+01
  1.892034e-01,  6.790530e-01
  1.968565e-01,  7.748478e+00
  1.910494e-01,  8.828712e+00
  1.848441e-01,  3.879308e+00
  1.867179e-01,  3.592703e+02
  1.929791e-01,  1.049298e+01
  1.811050e-01,  4.813971e+00
  1.903970e-01,  1.998235e+00
  1.854182e-01,  7.205702e+00
  1.746701e-01,  3.858089e+00
  1.967435e-01,  3.824779e+00
  1.857932e-01,  6.163907e+00
  1.792833e-01,  6.320081e+00
  1.974024e-01,  4.504923e+00
  1.923782e-01,  7.612698e+00
  1.788353e-01,  5.224946e+00
  1.974502e-01,  3.699027e+00
  1.907774e-01,  4.274072e+00
  1.785452e-01,  7.501490e+00
  1.910301e-01,  3.594615e+02
  1.876198e-01,  4.053494e+00
  1.758283e-01,  4.866116e+00
  1.886328e-01,  2.430354e+00
  1.886470e-01,  5.937413e+00
  1.788459e-01,  6.032313e+00
  1.915263e-01,  1.886404e+00
  1.896562e-01,  5.872278e+00
  1.778146e-01,  5.955175e+00
  1.865024e-01,  3.588787e+02
  1.886760e-01,  5.652529e+00
  1.781203e-01,  4.899685e+00
  1.879404e-01,  2.954251e+00
  1.971063e-01,  5.050414e+00
  1.811742e-01,  5.447747e+00
  1.768978e-01,  3.581307e+02
  1.907376e-01,  6.170832e+00
  1.813493e-01,  8.462615e+00
  1.953668e-01,  3.599519e+02
  1.867770e-01,  4.590268e+00
  1.813601e-01,  8.177501e+00
  1.904945e-01,  2.045248e+00
  1.943691e-01,  5.918413e+00
  1.890275e-01,  1.039952e+01
  1.900307e-01,  3.288249e+00
  1.911088e-01,  4.421548e+00
  1.742138e-01,  8.004069e+00
  1.985768e-01,  3.605162e+00
  1.914295e-01,  3.410554e+00
  1.898289e-01,  1.060447e+01
  1.857762e-01,  3.599100e+02
  1.942464e-01,  5.684182e+00
  1.830454e-01,  7.635449e+00
  1.773647e-01,  1.711123e-01
  1.908866e-01,  9.299334e+00
  1.827055e-01,  9.237358e+00
  1.915291e-01,  3.557369e+00
  1.846285e-01,  3.142285e+00
  1.878492e-01,  1.007059e+01
  1.894940e-01,  3.888615e+00
  1.913307e-01,  1.941945e+00
  1.863832e-01,  9.510855e+00
  1.881558e-01,  2.784638e+00
  1.931172e-01,  9.894367e-01
  1.891185e-01,  1.127595e+01
  1.895497e-01,  4.059244e-01
  1.846170e-01,  2.298705e+00
  1.918712e-01,  1.036968e+01
  1.859628e-01,  2.757971e+00
  1.901138e-01,  9.908063e-01
  1.896716e-01,  6.853464e+00
  1.766771e-01,  3.621376e+00
  1.919369e-01,  3.597039e+02
  1.932405e-01,  1.201215e+01
  1.941594e-01,  6.278403e+00
  1.917105e-01,  3.781495e+00
  1.909769e-01,  8.110874e+00
  1.785928e-01,  3.145200e+00
  1.921776e-01,  1.181806e+00
  1.939355e-01,  8.338037e+00
  1.733648e-01,  2.418699e+00
  1.933834e-01,  6.638780e-01
  1.896347e-01,  1.177845e+01
  1.859994e-01,  5.960382e+00
  1.932762e-01,  4.723893e+00
  1.962530e-01,  1.068944e+01
  1.837158e-01,  6.824887e+00
  1.896255e-01,  2.298618e+00
  1.947497e-01,  9.373546e+00
  1.854431e-01,  6.593829e+00
  1.924727e-01,  2.831894e+00
  1.899552e-01,  6.583708e+00
  1.693899e-01,  1.842889e+00
  1.924836e-01,  4.015397e+00
  1.990715e-01,  8.119183e+00
  1.738375e-01,  2.104393e+00
  1.912537e-01,  2.918224e+00
  1.888252e-01,  6.823905e+00
  1.769630e-01,  4.023559e+00
  1.819796e-01,  8.506393e-01
  1.916605e-01,  8.502029e+00
  1.828724e-01,  8.089469e+00
  1.899524e-01,  1.433047e+00
  1.903414e-01,  7.335230e+00
  1.765755e-01,  5.478644e+00
  1.905160e-01,  3.710074e+00
  1.911116e-01,  6.602750e+00
  1.884879e-01,  9.170932e+00
  1.887518e-01,  4.878955e-01
  1.872549e-01,  4.760130e+00
  1.821204e-01,  9.891191e+00
  1.938778e-01,  1.250252e+00
  1.960498e-01,  7.008074e+00
  1.845192e-01,  9.337355e+00
  1.965394e-01,  3.387125e+00
  1.913159e-01,  5.823654e+00
  1.899947e-01,  8.798887e+00
  1.831259e-01,  9.054515e-02
  1.918052e-01,  6.297836e+00
  1.841655e-01,  6.540298e+00
  1.824344e-01,  7.292238e-01
  1.983263e-01,  4.631222e+00
  1.792669e-01,  7.881849e+00
  1.850956e-01,  7.106278e-01
  1.917548e-01,  3.458485e+00
  1.920575e-01,  1.136903e+01
  1.875671e-01,  2.826090e+00
  1.976019e-01,  6.822976e+00
  1.906504e-01,  1.224004e+01
  1.890523e-01,  3.253292e+00
  1.875214e-01,  5.808067e-01
  1.802109e-01,  9.013357e+00
  1.830584e-01,  1.228315e+00
  1.906332e-01,  2.049914e+00
  1.900031e-01,  9.197472e+00
  1.820312e-01,  4.413780e+00
  1.919127e-01,  8.054398e-01
  1.831414e-01,  1.169778e+01
  1.965067e-01,  7.683534e+00
  1.914630e-01,  1.066012e+00
  1.778414e-01,  9.385449e+00
  1.818263e-01,  1.778003e+00
  1.948073e-01,  6.182612e+00
  1.894569e-01,  9.710513e+00
  1.882304e-01,  5.238347e+00
  1.937431e-01,  3.775374e+00
  1.863740e-01,  6.499394e+00
  1.837938e-01,  5.603371e+00
  1.939866e-01,  3.720218e+00
  1.875345e-01,  5.648714e+00
  1.714842e-01,  3.241767e+00
  1.966226e-01,  4.030051e+00
  1.910609e-01,  6.543318e+00
  1.831738e-01,  5.464136e+00
  1.914953e-01,  3.599356e+02
  1.893006e-01,  8.195406e+00
  1.771531e-01,  4.791015e+00
  1.916965e-01,  3.592915e+02
  1.842424e-01,  7.956874e+00
  1.775987e-01,  2.316613e+00
  1.948929e-01,  3.165775e+00
  1.921308e-01,  9.830468e+00
  1.831719e-01,  3.897608e+00
  1.914383e-01,  4.486054e+00
  1.924074e-01,  9.628530e+00
  1.782615e-01,  3.963375e+00
  1.941700e-01,  2.108543e+00
  1.888079e-01,  6.888494e+00
  1.866344e-01,  9.094900e+00
  1.906440e-01,  5.042110e-01
  1.924732e-01,  7.492976e+00
  1.797156e-01,  3.826630e+00
  1.839845e-01,  3.586223e+02
  1.852437e-01,  6.065912e+00
  1.790231e-01,  4.512901e+00
  1.964079e-01,  2.727207e+00
  1.867936e-01,  4.443679e+00
  1.806213e-01,  8.963608e+00
  1.891003e-01,  1.761792e-01
  1.875982e-01,  6.631146e+00
  1.810264e-01,  5.822269e+00
  1.845024e-01,  2.166705e+00
  1.963205e-01,  8.840169e+00
  1.922342e-01,  9.588349e+00
  1.874515e-01,  3.594364e+02
  1.850464e-01,  4.869194e+00
  1.855825e-01,  9.216140e+00
  1.947012e-01,  2.543001e+00
  1.871482e-01,  7.704265e+00
  1.815175e-01,  6.320770e+00
  1.854958e-01,  5.190064e-01
  1.941142e-01,  5.471413e+00
  1.854964e-01,  1.103122e+01
  1.904089e-01,  2.958400e+00
  1.913328e-01,  3.958664e+00
  1.775864e-01,  6.009584e+00
  1.879944e-01,  2.803568e+00
  1.799651e-01,  3.596801e+02
  1.770604e-01,  9.306708e+00
  1.905775e-01,  5.693669e+00
  1.870757e-01,  2.260298e+00
  1.768521e-01,  7.950760e+00
  1.926709e-01,  2.380109e+00
  1.975254e-01,  4.955596e+00
  1.870283e-01,  8.486637e+00
  1.804300e-01,  3.571520e+02
  1.914003e-01,  4.683707e+00
  1.908194e-01,  1.146603e+01
  1.873953e-01,  3.589839e+02
  1.955178e-01,  6.604352e+00
  1.855066e-01,  9.150339e+00
  1.910830e-01,  2.200569e+00
  1.933067e-01,  4.785788e+00
  1.884801e-01,  8.509517e+00
  1.901904e-01,  4.643721e+00
  1.907126e-01,  4.198824e+00
  1.865834e-01,  9.587781e+00
  1.916012e-01,  5.848035e+00
  1.928015e-01,  3.543895e+00
  1.859543e-01,  1.018718e+01
  1.863899e-01,  3.873819e+00
  1.898458e-01,  1.909844e+00
  1.832981e-01,  8.081500e+00
  1.865916e-01,  1.497967e+00
  1.863356e-01,  1.252882e+00
  1.860413e-01,  6.256376e+00
  1.865015e-01,  5.020863e+00
  1.945651e-01,  3.578641e+00
  1.937146e-01,  6.706711e+00
  1.778731e-01,  5.372870e+00
  1.965674e-01,  1.287112e-01
  1.899809e-01,  1.015529e+01
  1.888974e-01,  3.385298e+00
  1.887371e-01,  7.471847e-01
  1.915904e-01,  9.085519e+00
  1.798872e-01,  1.540863e+00
  1.869907e-01,  4.006763e+00
  1.955079e-01,  8.055044e+00
  1.671736e-01,  2.783319e+00
  1.926755e-01,  3.230582e+00
  1.930322e-01,  1.193501e+01
  1.856273e-01,  6.688801e+00
  1.954311e-01,  4.476190e+00
  1.888308e-01,  6.959658e+00
  1.788859e-01,  2.957357e+00
  1.907987e-01,  3.955666e+00
  1.939562e-01,  9.083005e+00
  1.867503e-01,  3.965448e+00
  1.874307e-01,  3.593091e+02
  1.891862e-01,  7.062400e+00
  1.900703e-01,  1.085062e+01
  1.843099e-01,  3.591147e+02
  1.934171e-01,  7.100291e+00
  1.907647e-01,  1.263743e+01
  1.947949e-01,  3.595552e+00
  1.893278e-01,  5.918335e+00
  1.768713e-01,  3.862287e+00
  1.866422e-01,  1.151590e+00
  1.841342e-01,  4.103568e+00
  1.859322e-01,  8.726267e+00
  1.916231e-01,  3.316441e+00
  1.909767e-01,  4.079741e+00
  1.842290e-01,  8.561214e+00
  1.924849e-01,  1.773837e+00
  1.938000e-01,  6.381988e+00
  1.850240e-01,  1.054669e+01
  1.935058e-01,  3.589276e+02
  1.879218e-01,  8.193545e+00
  1.875972e-01,  7.252851e+00
  1.890668e-01,  3.409149e+00
  1.994675e-01,  8.654698e+00
  1.842121e-01,  6.345124e+00
  1.858477e-01,  3.589921e+02
  1.907585e-01,  6.753176e+00
  1.820911e-01,  9.588246e+00
  1.888380e-01,  3.217961e+00
  1.926439e-01,  5.805319e+00
  1.857862e-01,  5.781020e+00
  1.796369e-01,  1.721267e+00
  1.939939e-01,  3.235653e+00
  1.829332e-01,  1.041034e+01
  1.907960e-01,  2.162189e+00
  1.922752e-01,  5.172994e+00
  1.841304e-01,  8.726301e+00
  1.883384e-01,  2.053699e+00
  1.869639e-01,  3.289074e+00
  1.829873e-01,  1.034267e+01
  1.888309e-01,  1.729204e+00
  1.909737e-01,  4.786164e+00
  1.895013e-01,  1.064110e+01
  1.914405e-01,  5.119722e+00
  1.937739e-01,  2.022631e+00
  1.874542e-01,  9.316566e+00
  1.744022e-01,  1.308632e+00
  1.878849e-01,  3.598612e+02
  1.862131e-01,  9.473645e+00
  1.858526e-01,  3.941815e+00
  1.966352e-01,  2.385672e+00
  1.850217e-01,  8.883349e+00
  1.852386e-01,  6.745041e+00
  1.929390e-01,  1.904977e+00
  1.888138e-01,  9.517432e+00
  1.878392e-01,  4.879074e+00
  1.946131e-01,  2.166671e+00
  1.859536e-01,  7.395300e+00
  1.831134e-01,  5.062132e+00
  1.968806e-01,  1.083328e+00
  1.897025e-01,  1.094067e+01
  1.921176e-01,  5.673428e+00
  1.934336e-01,  6.613284e+00
  1.898605e-01,  7.159909e+00
  1.774598e-01,  2.125341e+00
  1.926226e-01,  2.045796e+00
  1.915305e-01,  1.012649e+01
  1.829696e-01,  3.258711e+00
  1.910911e-01,  3.188107e+00
  1.918685e-01,  1.012568e+01
  1.840211e-01,  5.561232e+00
  1.918613e-01,  4.492580e+00
  1.936869e-01,  8.116277e+00
  1.728995e-01,  6.119927e+00
  1.933349e-01,  3.598825e+02
  1.854386e-01,  8.536780e+00
  1.879817e-01,  6.162727e+00
  1.903493e-01,  2.844381e+00
  1.899172e-01,  8.060717e+00
  1.867171e-01,  8.773828e+00
  1.898132e-01,  2.802206e-01
  1.842744e-01,  4.466528e+00
  1.776691e-01,  3.635381e+00
  1.899534e-01,  2.945526e+00
  1.901412e-01,  1.531436e+00
  1.821868e-01,  9.099408e+00
  1.880408e-01,  3.589921e+02
  1.879190e-01,  6.643636e+00
  1.893145e-01,  8.452233e+00
  1.926267e-01,  3.822517e+00
  1.958467e-01,  8.632973e+00
  1.793543e-01,  2.994880e+00
  1.756819e-01,  3.589004e+02
  1.984800e-01,  8.487435e+00
  1.817877e-01,  7.143851e+00
  1.910520e-01,  1.761406e+00
  1.899062e-01,  5.686329e+00
  1.825803e-01,  5.633889e+00
  1.854173e-01,  3.059978e+00
  1.910495e-01,  3.601805e+00
  1.805644e-01,  6.935147e+00
  1.777211e-01,  3.579086e+02
  1.903885e-01,  7.911023e+00
  1.819545e-01,  2.159166e+00
  1.860065e-01,  5.337885e+00
  1.928060e-01,  2.267780e+00
  1.874314e-01,  1.455419e+01
  1.924772e-01,  3.597864e+02
  1.908249e-01,  9.331348e+00
  1.954211e-01,  7.360076e+00
  1.955207e-01,  9.493123e+00
  2.000229e-01,  3.396114e+00
  1.798217e-01,  8.248067e+00
  1.933302e-01,  7.541291e+00
  1.873613e-01,  3.624960e+00
  1.906667e-01,  6.742494e+00
  1.878085e-01,  5.926127e-01
  1.936517e-01,  2.597515e+00
  1.822406e-01,  1.146883e+01
  1.844471e-01,  4.722713e-01
  1.795985e-01,  6.812504e-01
  1.887880e-01,  9.502912e+00
  2.257484e-01,  3.966845e+01
  1.609385e+00,  2.311927e+02
  2.265879e+00,  1.869906e+02
  4.897055e+00,  9.279684e+01
  1.085009e+01,  6.953346e+01
  1.699868e+01,  6.310216e+01
  2.315137e+01,  6.030752e+01
  2.784515e+01,  5.898424e+01
  2.994530e+01,  5.886484e+01
  3.060522e+01,  6.144287e+01
  2.983894e+01,  6.713861e+01
  2.834541e+01,  7.522703e+01
  2.674236e+01,  8.304069e+01
  2.498107e+01,  8.843262e+01
  2.286131e+01,  9.127322e+01
  1.950363e+01,  9.137517e+01
  1.555073e+01,  8.833851e+01
  1.159261e+01,  8.196875e+01
  8.466983e+00,  7.089004e+01
  6.367785e+00,  4.956201e+01
  6.721930e+00,  1.423656e+01
  9.867460e+00,  3.520747e+02
  1.369552e+01,  3.410361e+02
  1.662545e+01,  3.305785e+02
  1.814964e+01,  3.196050e+02
  1.881768e+01,  3.097368e+02
  1.895667e+01,  3.018096e+02
  1.878954e+01,  2.968154e+02
  1.856512e+01,  2.946318e+02
  1.819043e+01,  2.911505e+02
  1.723067e+01,  2.823065e+02
  1.621655e+01,  2.706178e+02
  1.532001e+01,  2.625655e+02
  1.435566e+01,  2.598787e+02
  1.328054e+01,  2.621088e+02
  1.235336e+01,  2.704829e+02
  1.256094e+01,  2.830160e+02
  1.398338e+01,  2.922851e+02
  1.582861e+01,  2.970036e+02
  1.735355e+01,  2.987206e+02
  1.788231e+01,  2.998864e+02
  1.690078e+01,  3.037645e+02
  1.504207e+01,  3.119056e+02
  1.270322e+01,  3.229485e+02
  9.821607e+00,  3.345403e+02
  6.601921e+00,  3.492558e+02
  4.301105e+00,  1.751000e+01
  3.913254e+00,  5.063467e+01
  3.702571e+00,  6.177086e+01
  3.362294e+00,  6.364200e+01
  3.117041e+00,  7.383168e+01
  1.698448e+00,  9.340033e+01
  2.551946e+00,  2.494281e+02
  8.197694e+00,  2.638986e+02
  1.433583e+01,  2.652568e+02
  2.103257e+01,  2.644553e+02
  2.835380e+01,  2.632749e+02
  3.295041e+01,  2.605353e+02
  3.348779e+01,  2.570264e+02
  3.090508e+01,  2.540464e+02
  2.607844e+01,  2.528113e+02
  1.902664e+01,  2.537738e+02
  1.229400e+01,  2.625081e+02
  8.091126e+00,  2.858317e+02
  6.521262e+00,  3.318474e+02
  9.254314e+00,  1.043814e+01
  1.356813e+01,  2.573903e+01
  1.556954e+01,  2.759937e+01
  1.425050e+01,  2.817442e+01
  1.095368e+01,  2.844025e+01
  7.636543e+00,  2.993244e+01
  4.391202e+00,  2.945864e+01
  2.204316e+00,  4.128549e+01
  1.617666e+00,  5.348887e+01
  2.431070e+00,  4.412555e+01
  3.627897e+00,  2.690327e+01
  5.204045e+00,  2.228264e+01
  7.144443e+00,  2.263206e+01
  9.263866e+00,  2.423487e+01
  1.186017e+01,  2.727974e+01
  1.528444e+01,  3.473912e+01
  1.969405e+01,  4.644127e+01
  2.429740e+01,  5.850706e+01
  2.682154e+01,  6.779485e+01
  2.503824e+01,  7.220129e+01
  2.254733e+01,  7.016642e+01
  2.007215e+01,  6.345687e+01
  1.807927e+01,  6.095778e+01
  1.396354e+01,  5.713264e+01
  1.083828e+01,  4.885850e+01
  7.668333e+00,  2.964867e+01
  5.668335e+00,  1.214684e+00
  7.390815e+00,  3.211787e+02
  1.055822e+01,  3.180315e+02
  1.388620e+01,  3.167005e+02
  1.531980e+01,  3.195588e+02
  1.658695e+01,  3.166959e+02
  1.500949e+01,  3.129291e+02
  9.540734e+00,  2.820235e+02
  3.056366e+00,  1.893014e+02
  9.942963e+00,  2.385647e+02
  8.738840e+00,  2.184170e+02
  7.642498e+00,  2.044341e+02
  6.829223e+00,  1.563715e+02
  8.252941e+00,  1.236192e+02
  1.203668e+01,  9.854770e+01
  1.497134e+01,  8.490228e+01
  1.839312e+01,  7.733912e+01
  2.005901e+01,  7.137307e+01
  2.234202e+01,  7.128376e+01
  2.286884e+01,  7.665019e+01
  2.329632e+01,  8.366991e+01
  2.248471e+01,  8.655982e+01
  2.205141e+01,  8.667492e+01
  2.068243e+01,  8.572399e+01
  1.891961e+01,  8.301219e+01
  1.544984e+01,  7.540149e+01
  1.202161e+01,  6.832594e+01
  8.637351e+00,  6.702710e+01
  5.335457e+00,  7.069615e+01
  2.286635e+00,  7.821284e+01
  1.074330e+00,  1.576122e+02
  2.816953e+00,  2.117493e+02
  5.172044e+00,  2.352847e+02
  7.439136e+00,  2.503691e+02
  9.430881e+00,  2.595119e+02
  1.045125e+01,  2.630863e+02
  1.079874e+01,  2.617503e+02
  1.060709e+01,  2.563319e+02
  1.108873e+01,  2.509338e+02
  1.122872e+01,  2.480750e+02
  1.102899e+01,  2.479447e+02
  1.050335e+01,  2.510483e+02
  1.093503e+01,  2.598733e+02
  1.168745e+01,  2.701505e+02
  1.241966e+01,  2.793461e+02
  1.267631e+01,  2.864049e+02
  1.326365e+01,  2.908182e+02
  1.360796e+01,  2.924669e+02
  1.350323e+01,  2.909275e+02
  1.220891e+01,  2.874258e+02
  1.015518e+01,  2.853063e+02
  8.195363e+00,  2.895433e+02
  6.895050e+00,  2.988770e+02
  5.084970e+00,  3.021427e+02
  2.336633e+00,  2.832259e+02
  2.214877e+00,  1.783748e+02
  5.098139e+00,  1.575821e+02
  7.781921e+00,  1.553842e+02
  9.648212e+00,  1.553065e+02
  1.023270e+01,  1.611891e+02
  9.506041e+00,  1.808263e+02
  1.036849e+01,  2.153722e+02
  1.354681e+01,  2.400658e+02
  1.739211e+01,  2.545281e+02
  2.128184e+01,  2.639631e+02
  2.558440e+01,  2.702837e+02
  2.754267e+01,  2.724516e+02
  2.760868e+01,  2.720011e+02
  2.686089e+01,  2.696486e+02
  2.576962e+01,  2.661631e+02
  2.393102e+01,  2.626021e+02
  2.085425e+01,  2.595412e+02
  1.730277e+01,  2.567780e+02
  1.378683e+01,  2.532930e+02
  9.755930e+00,  2.460724e+02
  6.047122e+00,  2.368503e+02
  3.877506e+00,  2.214037e+02
  3.706789e+00,  2.050509e+02
  4.776692e+00,  1.956140e+02
  5.796453e+00,  1.912519e+02
  6.815411e+00,  1.870156e+02
  7.320558e+00,  1.820181e+02
  6.738813e+00,  1.704729e+02
  5.756881e+00,  1.431670e+02
  6.038199e+00,  1.126882e+02
  7.108420e+00,  9.122835e+01
  8.528002e+00,  7.672439e+01
  1.036417e+01,  6.788783e+01
  1.214248e+01,  6.184897e+01
  1.468878e+01,  5.985774e+01
  1.812825e+01,  6.216501e+01
  2.262067e+01,  6.966201e+01
  2.603775e+01,  7.833902e+01
  2.610521e+01,  8.761064e+01
  2.345373e+01,  9.420828e+01
  2.075348e+01,  9.802162e+01
  1.805627e+01,  1.015350e+02
  1.545846e+01,  1.081928e+02
  1.163983e+01,  1.122227e+02
  8.527173e+00,  1.150734e+02
  4.521395e+00,  1.185875e+02
  1.431123e+00,  1.372563e+02
  2.016399e+00,  2.963717e+02
  3.039849e+00,  3.047965e+02
  4.032891e+00,  3.036870e+02
  4.237817e+00,  2.837137e+02
  3.656123e+00,  2.443043e+02
  5.236004e+00,  1.414943e+02
  1.647602e+00,  3.285914e+02
  5.946479e-01,  1.285678e+02
  3.978222e-01,  3.432329e+02
  2.296809e-01,  7.751013e+01
  3.453981e-01,  3.360401e+02
  2.201431e-01,  8.296479e+01
  3.551962e-01,  3.391322e+02
  2.466582e-01,  8.163146e+01
  3.337229e-01,  3.375869e+02
  2.082960e-01,  7.070335e+01
  3.144752e-01,  3.425165e+02
  1.715337e-01,  6.380189e+01
  3.040424e-01,  3.445847e+02
  1.702811e-01,  5.948603e+01
  2.731808e-01,  3.457681e+02
  1.603769e-01,  4.049796e+01
  2.541685e-01,  3.540106e+02
  1.479578e-01,  2.455671e+01
  2.358620e-01,  3.550904e+02
  1.653604e-01,  2.274660e+01
  2.111189e-01,  3.578244e+02
  1.723672e-01,  5.172334e+00
  1.952594e-01,  1.142997e+01
  1.836850e-01,  3.557623e+02
  1.860707e-01,  1.214448e+01
  1.998777e-01,  3.576333e+02
  1.670883e-01,  1.887375e+01
  2.264274e-01,  3.497081e+02
  1.750343e-01,  2.906152e+01
  2.269066e-01,  3.492089e+02
  1.561390e-01,  2.532130e+01
  2.357758e-01,  3.531625e+02
  1.532690e-01,  2.649033e+01
  2.495682e-01,  3.501898e+02
  1.615264e-01,  3.086059e+01
  2.374414e-01,  3.499170e+02
  1.594562e-01,  2.573943e+01
  2.352951e-01,  3.532747e+02
  1.440847e-01,  2.525486e+01
  2.397707e-01,  3.526507e+02
  1.594229e-01,  2.596782e+01
  2.151539e-01,  3.537751e+02
  1.688752e-01,  1.147837e+01
  2.069107e-01,  2.774624e+00
  1.602878e-01,  6.070623e+00
  2.118288e-01,  4.024223e+00
  1.756397e-01,  3.013549e+00
  1.915567e-01,  1.058764e+01
  1.866709e-01,  3.539370e+02
  1.912688e-01,  1.588915e+01
  1.817202e-01,  3.493203e+02
  1.792826e-01,  1.622176e+01
  2.094104e-01,  3.558508e+02
  1.813267e-01,  2.403246e+01
  2.186360e-01,  3.439261e+02
  1.892092e-01,  3.120619e+01
  2.020254e-01,  3.450100e+02
  8.962225e-01,  9.051268e+01
  2.463257e+00,  1.741959e+01
  1.315653e+01,  3.280208e+02
  2.722992e+01,  3.118146e+02
  2.869547e+01,  2.965744e+02
  2.561936e+01,  2.840569e+02
  2.011089e+01,  2.765727e+02
  1.458599e+01,  2.751516e+02
  9.873737e+00,  2.822202e+02
  5.816384e+00,  2.986998e+02
  2.529296e+00,  3.400838e+02
  2.623029e+00,  6.765949e+01
  4.438082e+00,  1.010672e+02
  6.216024e+00,  1.193709e+02
  8.286563e+00,  1.313752e+02
  1.036410e+01,  1.366295e+02
  1.162189e+01,  1.345558e+02
  1.288722e+01,  1.261529e+02
  1.424136e+01,  1.134430e+02
  1.649959e+01,  1.003177e+02
  1.888120e+01,  8.958729e+01
  2.115631e+01,  8.517503e+01
  2.254485e+01,  8.600159e+01
  2.184507e+01,  9.273650e+01
  1.895011e+01,  1.038525e+02
  1.753529e+01,  1.212566e+02
  1.725484e+01,  1.357899e+02
  1.761666e+01,  1.429159e+02
  1.679506e+01,  1.431684e+02
  1.497313e+01,  1.375239e+02
  1.205038e+01,  1.247240e+02
  1.036015e+01,  1.020749e+02
  1.072333e+01,  7.866546e+01
  1.237329e+01,  6.278760e+01
  1.438183e+01,  5.243441e+01
  1.617919e+01,  4.751072e+01
  1.687255e+01,  4.771005e+01
  1.623052e+01,  5.053582e+01
  1.524382e+01,  5.769728e+01
  1.522595e+01,  6.321117e+01
  1.578544e+01,  6.491149e+01
  1.532347e+01,  5.847296e+01
  1.428578e+01,  4.941458e+01
  1.344303e+01,  3.513699e+01
  1.287946e+01,  2.253070e+01
  1.284311e+01,  5.898687e+00
  1.219072e+01,  3.497407e+02
  1.193853e+01,  3.306361e+02
  1.054835e+01,  3.133624e+02
  9.516945e+00,  2.958049e+02
  8.366421e+00,  2.723730e+02
  8.700116e+00,  2.480225e+02
  1.006906e+01,  2.241616e+02
  1.232932e+01,  2.112663e+02
  1.489085e+01,  2.044356e+02
  1.725021e+01,  2.028023e+02
  1.879376e+01,  2.031789e+02
  1.916541e+01,  2.049648e+02
  1.864401e+01,  2.102026e+02
  1.805444e+01,  2.168731e+02
  1.739340e+01,  2.278527e+02
  1.740096e+01,  2.359760e+02
  1.828257e+01,  2.428080e+02
  1.878292e+01,  2.419411e+02
  1.891204e+01,  2.408929e+02
  1.815601e+01,  2.328609e+02
  1.686275e+01,  2.261549e+02
  1.511578e+01,  2.123148e+02
  1.278151e+01,  2.003586e+02
  1.152855e+01,  1.777049e+02
  1.027275e+01,  1.543548e+02
  1.107603e+01,  1.303193e+02
  1.062996e+01,  1.069223e+02
  1.154863e+01,  8.518652e+01
  1.265153e+01,  6.124703e+01
  1.461375e+01,  4.389858e+01
  1.678129e+01,  2.870854e+01
  1.876043e+01,  1.837445e+01
  2.027959e+01,  1.111254e+01
  2.158097e+01,  6.103042e+00
  2.140825e+01,  6.134113e+00
  2.116977e+01,  6.899311e+00
  1.921072e+01,  1.530298e+01
  1.849310e+01,  2.203346e+01
  1.690290e+01,  3.714624e+01
  1.581551e+01,  4.005926e+01
  1.323786e+01,  5.329743e+01
  9.009730e+00,  4.271407e+01
  2.998529e+00,  4.820130e+01
  6.947209e+00,  2.816104e+02
  1.288953e+01,  2.636465e+02
  2.171970e+01,  2.766982e+02
  2.531556e+01,  2.799823e+02
  3.204722e+01,  2.918671e+02
  3.162724e+01,  2.971227e+02
  3.814681e+01,  3.044650e+02
  3.399445e+01,  3.039149e+02
  1.760431e+01,  3.109342e+02
  2.753787e+01,  1.328510e+02
  1.101381e+01,  3.282401e+02
  8.927570e+00,  9.679832e+01
  9.328671e+00,  1.944527e+01
  1.478926e+01,  3.452464e+02
  2.728124e+01,  3.159310e+02
  2.321634e+01,  2.942753e+02
  2.177154e+01,  2.807835e+02
  1.504277e+01,  2.615090e+02
  1.156566e+01,  2.603799e+02
  6.284911e+00,  2.270096e+02
  2.947213e+00,  2.277570e+02
  3.890421e+00,  1.408024e+02
  3.719259e+00,  1.210421e+02
  6.427301e+00,  1.253439e+02
  6.076552e+00,  1.263844e+02
  8.998466e+00,  1.313155e+02
  9.750314e+00,  1.302786e+02
  1.180202e+01,  1.235799e+02
  1.334478e+01,  1.114420e+02
  1.647341e+01,  1.002526e+02
  1.921734e+01,  8.969276e+01
  2.201505e+01,  8.222202e+01
  2.435693e+01,  8.102637e+01
  2.379885e+01,  8.252078e+01
  2.162118e+01,  9.243491e+01
  1.851023e+01,  1.076616e+02
  1.865850e+01,  1.297877e+02
  1.966804e+01,  1.450307e+02
  2.219087e+01,  1.507050e+02
  2.129408e+01,  1.502157e+02
  1.898450e+01,  1.428286e+02
  1.503860e+01,  1.307279e+02
  1.358864e+01,  1.119436e+02
  1.293231e+01,  8.705566e+01
  1.459207e+01,  7.141057e+01
  1.618013e+01,  6.068839e+01
  1.724020e+01,  6.123977e+01
  1.693157e+01,  6.200548e+01
  1.578921e+01,  6.395524e+01
  1.449979e+01,  5.819519e+01
  1.461982e+01,  4.770059e+01
  1.565573e+01,  3.845293e+01
  1.583994e+01,  3.254565e+01
  1.518556e+01,  2.662418e+01
  1.492094e+01,  1.868380e+01
  1.464332e+01,  1.302827e+01
  1.449012e+01,  5.184609e+00
  1.339865e+01,  3.561284e+02
  1.241506e+01,  3.431545e+02
  1.012854e+01,  3.299149e+02
  8.344908e+00,  3.132534e+02
  6.144193e+00,  2.856750e+02
  6.048795e+00,  2.511700e+02
  7.646951e+00,  2.165896e+02
  1.004134e+01,  2.045490e+02
  1.281173e+01,  1.990794e+02
  1.527218e+01,  1.998243e+02
  1.759344e+01,  1.998660e+02
  1.861277e+01,  2.034473e+02
  1.909073e+01,  2.082948e+02
  1.943780e+01,  2.155146e+02
  1.975465e+01,  2.222044e+02
  2.018752e+01,  2.281431e+02
  2.084503e+01,  2.320128e+02
  2.115475e+01,  2.321444e+02
  2.045469e+01,  2.301851e+02
  1.912918e+01,  2.250758e+02
  1.708449e+01,  2.196700e+02
  1.482774e+01,  2.106231e+02
  1.212582e+01,  1.997233e+02
  1.052738e+01,  1.795000e+02
  9.391762e+00,  1.568199e+02
  9.639444e+00,  1.348223e+02
  9.427178e+00,  1.121520e+02
  1.034795e+01,  9.098105e+01
  1.173794e+01,  6.953705e+01
  1.374745e+01,  5.437781e+01
  1.597398e+01,  4.066776e+01
  1.801623e+01,  3.179834e+01
  1.974443e+01,  2.432533e+01
  2.085237e+01,  1.991514e+01
  2.117478e+01,  1.799474e+01
  2.065628e+01,  1.896198e+01
  1.916602e+01,  2.331145e+01
  1.765566e+01,  2.973023e+01
  1.552574e+01,  3.852490e+01
  1.330685e+01,  4.497627e+01
  9.872523e+00,  5.432111e+01
  5.601328e+00,  5.928074e+01
  1.284702e+00,  1.544071e+02
  6.945003e+00,  2.373086e+02
  1.402916e+01,  2.447109e+02
  2.017420e+01,  2.579513e+02
  2.555666e+01,  2.679536e+02
  2.972030e+01,  2.813418e+02
  3.226305e+01,  2.914316e+02
  3.619143e+01,  3.016571e+02
  3.053955e+01,  3.084307e+02
  9.236146e+00,  3.253110e+02
  8.064693e+00,  1.376033e+02
  3.255910e+00,  3.328444e+02
  1.200227e+00,  1.443603e+02
  6.595221e-01,  3.537916e+02
  3.020244e-01,  1.218861e+02
  5.204772e-01,  3.510355e+02
  3.176349e-01,  1.209794e+02
  5.022416e-01,  3.533596e+02
  2.614450e-01,  1.162922e+02
  4.618672e-01,  3.522940e+02
  2.037018e-01,  1.060652e+02
  3.944176e-01,  3.540889e+02
  1.271385e-01,  8.080012e+01
  3.596436e-01,  3.583943e+02
  1.007137e-01,  5.168427e+01
  3.121550e-01,  3.581093e+02
  1.202111e-01,  2.808930e+01
  2.454691e-01,  2.537815e+00
  1.482217e-01,  3.583961e+02
  2.157691e-01,  1.221222e+01
  1.640253e-01,  3.562433e+02
  1.908846e-01,  1.112779e+01
  2.073277e-01,  3.583131e+02
  1.554471e-01,  2.034419e+01
  2.435531e-01,  3.541739e+02
  1.541182e-01,  2.831447e+01
  2.427737e-01,  3.536922e+02
  1.429323e-01,  2.359245e+01
  2.612185e-01,  7.312425e-01
  1.238638e-01,  2.764202e+01
  2.649873e-01,  3.542327e+02
  1.231222e-01,  2.044853e+01
  2.404292e-01,  3.594039e+02
  1.208773e-01,  5.968074e+00
  2.408247e-01,  3.253735e+00
  1.368727e-01,  1.324001e+01
  2.341618e-01,  2.570923e+00
  1.587901e-01,  6.296246e+00
  2.065414e-01,  4.185671e+00
  1.723158e-01,  1.583646e+00
  2.015550e-01,  7.989891e+00
  1.732942e-01,  1.937679e+00
  1.788511e-01,  6.323736e+00
  2.037013e-01,  2.645698e+00
  1.729028e-01,  1.352863e+01
  2.066049e-01,  3.570562e+02
  1.757113e-01,  1.606268e+01
  2.169529e-01,  2.276674e+00
  1.520385e-01,  9.342329e+00
  2.136495e-01,  3.567322e+02
  1.499692e-01,  1.673608e+01
  2.187678e-01,  3.574541e+02
  1.560503e-01,  1.167277e+01
  2.159722e-01,  1.908913e+00
  1.485676e-01,  4.434345e+00
  2.181279e-01,  5.906773e-01
  1.587448e-01,  9.176832e+00
  2.077112e-01,  9.624695e-01
  1.701682e-01,  5.067306e+00
  2.001793e-01,  7.411958e+00
  1.691952e-01,  3.581137e+02
  1.995756e-01,  7.227310e+00
  1.859912e-01,  1.081889e+01
  1.887565e-01,  5.866730e+00
  1.988207e-01,  1.082334e+00
  1.854623e-01,  1.548619e+01
  1.951685e-01,  3.599490e+02
  1.814214e-01,  8.186155e+00
  1.979254e-01,  1.423942e+00
  1.578817e-01,  4.909197e+00
  2.188729e-01,  1.678277e+00
  1.718439e-01,  1.462330e+01
  2.117487e-01,  6.515039e-01
  1.821783e-01,  1.156694e+01
  2.063741e-01,  5.594143e+00
  1.677957e-01,  5.895246e+00
  2.114386e-01,  1.470090e+00
  1.765552e-01,  1.451061e+01
  2.028199e-01,  1.792384e+00
  1.815440e-01,  3.963219e+00
  1.935030e-01,  8.442377e+00
  1.783385e-01,  3.038489e+00
  2.009015e-01,  5.810977e+00
  1.795353e-01,  4.627252e+00
  1.834050e-01,  6.756198e+00
  1.933294e-01,  1.296709e+00
  1.902731e-01,  1.290272e+01
  1.864827e-01,  5.470240e-01
  1.887657e-01,  9.554136e+00
  2.042436e-01,  5.394141e+00
  1.682483e-01,  8.312678e+00
  1.996663e-01,  3.561905e+02
  1.680539e-01,  1.138078e+01
  1.999339e-01,  3.699326e+00
  1.853866e-01,  5.268103e+00
  2.065231e-01,  9.442694e+00
  1.728959e-01,  7.200108e+00
  2.026175e-01,  3.166896e+00
  1.825106e-01,  6.714504e+00
  1.865511e-01,  4.024905e+00
  1.816181e-01,  4.768168e+00
  2.023649e-01,  7.944865e+00
  1.701927e-01,  4.634760e+00
  1.929195e-01,  3.997654e+00
  1.850997e-01,  4.863262e+00
  1.820508e-01,  7.756161e+00
  1.980542e-01,  2.610566e+00
  1.870369e-01,  9.119192e+00
  1.935643e-01,  5.506979e+00
  1.804001e-01,  4.127074e+00
  2.106148e-01,  5.480455e+00
  1.789721e-01,  8.307538e+00
  1.917976e-01,  3.553695e+02
  1.810345e-01,  1.203692e+01
  2.009979e-01,  7.993070e+00
  1.736143e-01,  2.705326e-01
  1.985585e-01,  5.813056e+00
  1.785856e-01,  1.058690e+01
  1.910994e-01,  3.593594e+02
  1.857284e-01,  8.432910e+00
  1.899032e-01,  6.249316e+00
  1.891102e-01,  6.209032e-01
  1.873684e-01,  7.532750e+00
  1.887326e-01,  5.483035e+00
  1.860935e-01,  6.170262e+00
  1.987247e-01,  7.414148e+00
  1.714477e-01,  7.598287e+00
  2.007203e-01,  2.958607e+00
  1.877955e-01,  9.073671e+00
  1.981613e-01,  7.182805e+00
  1.676690e-01,  3.339324e+00
  2.089710e-01,  3.192091e+00
  1.583249e-01,  6.941460e+00
  2.070387e-01,  3.597969e+02
  1.723984e-01,  7.489595e+00
  2.056428e-01,  3.833360e+00
  1.612611e-01,  9.092081e+00
  2.224481e-01,  1.648532e+00
  1.521979e-01,  1.232259e+01
  2.126303e-01,  1.588639e+00
  8.479861e-01,  1.166479e+02
  7.421265e-01,  3.089224e+02
  5.474538e+00,  2.986752e+02
  1.056669e+01,  2.989801e+02
  1.363382e+01,  2.991786e+02
  1.603050e+01,  2.985552e+02
  1.706724e+01,  2.961391e+02
  1.675824e+01,  2.935246e+02
  1.495896e+01,  2.915615e+02
  1.236954e+01,  2.924850e+02
  9.902606e+00,  2.952791e+02
  8.010449e+00,  3.024860e+02
  6.520332e+00,  3.145307e+02
  5.634376e+00,  3.279562e+02
  4.989315e+00,  3.321726e+02
  4.215376e+00,  3.239115e+02
  3.569902e+00,  3.033665e+02
  3.550427e+00,  2.770951e+02
  4.046757e+00,  2.579211e+02
  4.395067e+00,  2.485205e+02
  4.210593e+00,  2.455067e+02
  3.856900e+00,  2.462460e+02
  3.821992e+00,  2.499382e+02
  4.292690e+00,  2.547252e+02
  4.972819e+00,  2.561871e+02
  5.648932e+00,  2.525020e+02
  6.279340e+00,  2.474705e+02
  6.671017e+00,  2.419184e+02
  6.434143e+00,  2.347713e+02
  5.873675e+00,  2.241745e+02
  5.394033e+00,  2.110912e+02
  4.849847e+00,  1.945447e+02
  4.224106e+00,  1.659505e+02
  4.947308e+00,  1.317421e+02
  6.755353e+00,  1.152486e+02
  8.308550e+00,  1.102120e+02
  9.503839e+00,  1.076707e+02
  1.061810e+01,  1.059101e+02
  1.140227e+01,  1.056043e+02
  1.164759e+01,  1.074612e+02
  1.169060e+01,  1.104957e+02
  1.191939e+01,  1.131916e+02
  1.238936e+01,  1.143560e+02
  1.334828e+01,  1.130879e+02
  1.501948e+01,  1.106554e+02
  1.698969e+01,  1.083380e+02
  1.817221e+01,  1.067302e+02
  1.821254e+01,  1.054673e+02
  1.770806e+01,  1.038244e+02
  1.697356e+01,  1.017674e+02
  1.537479e+01,  1.010361e+02
  1.291435e+01,  1.033430e+02
  1.051407e+01,  1.087788e+02
  8.558724e+00,  1.146503e+02
  7.013886e+00,  1.238750e+02
  6.097550e+00,  1.409598e+02
  5.930911e+00,  1.606584e+02
  6.018375e+00,  1.773561e+02
  6.221599e+00,  1.913609e+02
  6.591315e+00,  2.032696e+02
  7.015632e+00,  2.133632e+02
  7.453996e+00,  2.224135e+02
  7.973944e+00,  2.292126e+02
  8.377058e+00,  2.350244e+02
  8.614822e+00,  2.395241e+02
  8.561147e+00,  2.419044e+02
  7.897907e+00,  2.410744e+02
  6.468074e+00,  2.388292e+02
  4.377947e+00,  2.354919e+02
  1.644792e+00,  2.197721e+02
  2.100768e+00,  7.762983e+01
  5.665891e+00,  6.933398e+01
  9.072757e+00,  6.749472e+01
  1.179183e+01,  6.696480e+01
  1.337312e+01,  6.457655e+01
  1.418341e+01,  6.051203e+01
  1.466475e+01,  5.718922e+01
  1.451817e+01,  5.474537e+01
  1.351257e+01,  5.074418e+01
  1.211567e+01,  4.329189e+01
  1.084257e+01,  3.238651e+01
  9.876007e+00,  2.082713e+01
  8.853547e+00,  1.063685e+01
  7.614246e+00,  1.330466e+00
  6.160675e+00,  3.530738e+02
  4.591042e+00,  3.484625e+02
  2.777095e+00,  3.575081e+02
  1.835374e+00,  5.691937e+01
  3.508496e+00,  1.037709e+02
  5.443561e+00,  1.114179e+02
  7.016552e+00,  1.081140e+02
  8.342150e+00,  1.033787e+02
  9.119552e+00,  9.905332e+01
  9.111509e+00,  9.287296e+01
  8.791518e+00,  8.486179e+01
  8.554053e+00,  7.744872e+01
  8.443837e+00,  7.208136e+01
  8.339452e+00,  6.877917e+01
  8.061391e+00,  6.786132e+01
  7.474988e+00,  6.919693e+01
  6.706508e+00,  7.325823e+01
  5.847110e+00,  8.244009e+01
  5.118414e+00,  9.850569e+01
  5.103811e+00,  1.209337e+02
  5.992749e+00,  1.397206e+02
  7.307395e+00,  1.482666e+02
  8.629129e+00,  1.500301e+02
  9.797407e+00,  1.478065e+02
  1.038296e+01,  1.423370e+02
  1.043642e+01,  1.342415e+02
  1.060928e+01,  1.262502e+02
  1.082388e+01,  1.204546e+02
  1.083512e+01,  1.148667e+02
  1.098280e+01,  1.091104e+02
  1.149236e+01,  1.044566e+02
  1.197366e+01,  1.008859e+02
  1.207341e+01,  9.773207e+01
  1.187632e+01,  9.486408e+01
  1.142852e+01,  9.130785e+01
  1.022782e+01,  8.682061e+01
  8.224676e+00,  8.078655e+01
  6.272555e+00,  7.192884e+01
  4.876093e+00,  5.742928e+01
  3.973367e+00,  3.342039e+01
  3.771886e+00,  1.392580e+00
  4.259774e+00,  3.365228e+02
  4.917222e+00,  3.229025e+02
  5.455297e+00,  3.169865e+02
  5.666774e+00,  3.142290e+02
  5.650739e+00,  3.122147e+02
  5.556966e+00,  3.100075e+02
  5.392016e+00,  3.076894e+02
  5.072273e+00,  3.056933e+02
  4.548408e+00,  3.054107e+02
  4.007160e+00,  3.035427e+02
  3.771733e+00,  2.935744e+02
  4.090726e+00,  2.800177e+02
  4.638125e+00,  2.730188e+02
  5.101723e+00,  2.726094e+02
  5.779988e+00,  2.738460e+02
  6.988204e+00,  2.730488e+02
  8.839070e+00,  2.740990e+02
  1.100551e+01,  2.786932e+02
  1.323060e+01,  2.839564e+02
  1.547495e+01,  2.878263e+02
  1.778474e+01,  2.905241e+02
  1.973425e+01,  2.929768e+02
  2.076382e+01,  2.955154e+02
  2.061614e+01,  2.969236e+02
  1.939707e+01,  2.963625e+02
  1.732111e+01,  2.934641e+02
  1.475094e+01,  2.888126e+02
  1.188527e+01,  2.830860e+02
  8.959518e+00,  2.753935e+02
  6.120175e+00,  2.672458e+02
  3.509019e+00,  2.550181e+02
  1.474138e+00,  2.235263e+02
  1.319660e+00,  1.267276e+02
  2.910470e+00,  9.898099e+01
  4.519465e+00,  9.117006e+01
  5.833781e+00,  8.411827e+01
  6.982198e+00,  7.591667e+01
  7.903472e+00,  6.877958e+01
  8.250792e+00,  6.286866e+01
  8.089470e+00,  5.740741e+01
  7.611309e+00,  5.302515e+01
  6.769629e+00,  5.083239e+01
  5.484208e+00,  5.097636e+01
  3.877477e+00,  5.181524e+01
  2.177758e+00,  5.695570e+01
  7.762746e-01,  1.002256e+02
  1.681095e+00,  1.913977e+02
  3.151910e+00,  2.126414e+02
  4.513151e+00,  2.241895e+02
  5.955562e+00,  2.337992e+02
  7.529941e+00,  2.412008e+02
  8.953631e+00,  2.448550e+02
  9.997893e+00,  2.457710e+02
  1.083310e+01,  2.451948e+02
  1.133193e+01,  2.441778e+02
  1.144815e+01,  2.413652e+02
  1.153741e+01,  2.395852e+02
  1.196862e+01,  2.392783e+02
  1.259901e+01,  2.396526e+02
  1.322419e+01,  2.386698e+02
  1.369563e+01,  2.387423e+02
  1.401947e+01,  2.386078e+02
  1.392114e+01,  2.389323e+02
  1.275751e+01,  2.378200e+02
  9.934134e+00,  2.355269e+02
  6.043785e+00,  2.300667e+02
  2.212119e+00,  2.187994e+02
  1.003198e+00,  6.003809e+01
  3.018996e+00,  4.203138e+01
  3.925281e+00,  3.740753e+01
  3.934738e+00,  2.996505e+01
  3.560464e+00,  2.552931e+01
  3.146534e+00,  2.943001e+01
  2.485602e+00,  1.190211e+02
  1.288585e+00,  1.465277e+02
  5.189122e-01,  3.449203e+02
  1.251785e-01,  4.506523e+01
  2.214346e-01,  1.546653e+01
  1.989519e-01,  3.525183e+02
  1.752343e-01,  1.687397e+01
  1.977874e-01,  2.257389e-01
  1.716329e-01,  7.822119e+00
  2.021999e-01,  3.583723e+02
  1.718964e-01,  1.128923e+01
  1.914808e-01,  3.573583e+02
  1.846063e-01,  8.008243e+00
  1.800606e-01,  4.107398e+00
  1.907291e-01,  4.973985e+00
  1.850192e-01,  4.740622e-01
  1.795922e-01,  7.135547e+00
  1.900486e-01,  2.808898e+00
  1.978323e-01,  4.169944e+00
  1.728645e-01,  7.427512e+00
  1.979843e-01,  3.452610e+00
  1.884424e-01,  7.123381e+00
  1.924458e-01,  6.732335e+00
  1.765349e-01,  2.814052e+00
  1.983770e-01,  3.591343e+00
  1.805452e-01,  1.099869e+01
  1.888983e-01,  3.586641e+02
  1.951535e-01,  9.295442e+00
  2.009251e-01,  9.399449e+00
  1.770746e-01,  1.863746e-01
  1.831569e-01,  3.598230e+02
  1.791453e-01,  1.113719e+01
  1.909737e-01,  1.895633e+00
  1.849119e-01,  4.803774e+00
  1.882698e-01,  7.099044e+00
  1.872709e-01,  3.170895e+00
  1.936569e-01,  2.515735e+00
  1.843343e-01,  9.048809e+00
  1.891119e-01,  8.143657e-01
  1.811404e-01,  1.155558e+00
  1.863663e-01,  1.075202e+01
  1.842516e-01,  2.239599e+00
  1.853410e-01,  1.913205e+00
  1.904492e-01,  7.605751e+00
  1.850322e-01,  6.548146e+00
  1.959719e-01,  1.170892e+00
  1.769763e-01,  8.898843e+00
  1.912758e-01,  5.433013e+00
  1.869023e-01,  8.813483e-01
  1.867516e-01,  5.594975e+00
  1.774981e-01,  5.249629e+00
  1.969836e-01,  2.657971e+00
  1.897996e-01,  1.030496e+01
  1.818869e-01,  1.491585e+00
  1.894221e-01,  2.586290e+00
  1.918681e-01,  6.989556e+00
  1.795389e-01,  3.438889e+00
  1.979933e-01,  5.222421e+00
  1.893651e-01,  6.807473e+00
  1.848468e-01,  8.357623e+00
  1.950622e-01,  2.418687e+00
  1.970439e-01,  8.637278e+00
  1.811851e-01,  6.925088e+00
  1.899236e-01,  1.693224e+00
  1.964799e-01,  8.971219e+00
  1.677594e-01,  1.623107e+00
  1.912372e-01,  3.850678e+00
  1.905067e-01,  6.598883e+00
  1.801457e-01,  4.275550e+00
  1.911648e-01,  3.921362e+00
  1.927375e-01,  3.771222e+00
  1.781507e-01,  5.477237e+00
  1.872606e-01,  2.640472e+00
  1.867688e-01,  6.569858e+00
  1.810616e-01,  5.063441e+00
  1.894141e-01,  3.978009e+00
  1.904118e-01,  4.309693e+00
  1.729768e-01,  6.575694e+00
  1.946599e-01,  2.743696e+00
  1.863115e-01,  4.708746e+00
  1.874351e-01,  8.988888e+00
  1.884230e-01,  2.659514e+00
  1.918296e-01,  7.335411e+00
  1.887897e-01,  9.536319e+00
  1.857253e-01,  3.597913e+02
  1.894005e-01,  6.672251e+00
  1.799865e-01,  7.314524e+00
  1.923829e-01,  3.584019e+02
  1.829674e-01,  7.287590e+00
  1.901284e-01,  6.616330e+00
  1.877274e-01,  3.596460e+02
  1.838304e-01,  6.147222e+00
  1.864776e-01,  7.673680e+00
  1.885825e-01,  3.590630e+02
  1.854175e-01,  4.447082e+00
  1.935812e-01,  7.585761e+00
  1.853827e-01,  1.699734e+00
  1.907074e-01,  3.341030e+00
  1.857975e-01,  8.417224e+00
  1.887077e-01,  1.940704e+00
  1.956994e-01,  5.685924e+00
  1.782750e-01,  9.993378e+00
  1.805055e-01,  3.583398e+02
  1.852672e-01,  4.244306e+00
  1.853612e-01,  9.402776e+00
  1.872003e-01,  2.663590e+00
  1.934424e-01,  5.267444e+00
  1.910627e-01,  1.047944e+01
  1.900473e-01,  1.267555e+00
  1.898225e-01,  7.055153e+00
  1.934598e-01,  1.094289e+01
  1.849508e-01,  1.767533e-01
  1.946844e-01,  5.375167e+00
  1.866378e-01,  4.912572e+00
  1.792104e-01,  2.294367e+00
  1.961607e-01,  4.879022e+00
  1.783714e-01,  5.949094e+00
  1.797464e-01,  2.485652e+00
  1.923372e-01,  1.675377e+00
  1.891002e-01,  1.049634e+01
  1.845353e-01,  3.518409e+00
  1.927951e-01,  1.917307e+00
  1.897724e-01,  7.421380e+00
  1.775213e-01,  3.597235e+02
  1.916275e-01,  3.843269e+00
  1.920050e-01,  7.447002e+00
  1.867146e-01,  3.294515e+00
  1.920692e-01,  4.036993e+00
  1.898711e-01,  9.148507e+00
  1.847855e-01,  3.971104e+00
  1.889011e-01,  1.261545e+00
  1.858302e-01,  7.892605e+00
  1.787376e-01,  2.347392e+00
  1.920771e-01,  6.531528e+00
  1.941365e-01,  7.635179e+00
  1.754295e-01,  3.109842e+00
  1.987474e-01,  5.515755e+00
  1.920010e-01,  4.090024e+00
  1.751941e-01,  5.018147e+00
  1.978988e-01,  2.771415e+00
  1.892656e-01,  6.312625e+00
  1.758999e-01,  3.376710e+00
  1.858458e-01,  3.590753e+02
  1.898064e-01,  8.061627e+00
  1.843409e-01,  7.790173e+00
  2.009622e-01,  5.506293e+00
  1.902434e-01,  5.543651e+00
  1.784492e-01,  6.123268e+00
  1.901849e-01,  2.128520e+00
  1.877587e-01,  4.220465e+00
  1.800027e-01,  8.621617e+00
  1.924584e-01,  1.779294e+00
  1.956956e-01,  8.232805e+00
  1.832148e-01,  5.585922e+00
  1.902997e-01,  1.372947e+00
  1.867639e-01,  8.693364e+00
  1.837306e-01,  5.458262e+00
  1.857121e-01,  4.380096e-01
  1.869805e-01,  7.018607e+00
  1.916805e-01,  6.892655e+00
  1.818842e-01,  3.585052e+02
  1.839790e-01,  4.500781e+00
  1.834471e-01,  7.434805e+00
  1.854962e-01,  4.114736e+00
  1.925404e-01,  4.035084e+00
  1.897854e-01,  1.039903e+01
  1.926760e-01,  2.787844e+00
  1.901160e-01,  4.414054e+00
  1.883900e-01,  8.832948e+00
  1.835230e-01,  1.989089e-01
  1.886200e-01,  4.433367e+00
  1.873304e-01,  8.600059e+00
  1.900949e-01,  4.363528e+00
  1.872902e-01,  2.555240e+00
  1.791938e-01,  8.255377e+00
  1.824601e-01,  2.904215e+00
  1.911001e-01,  5.804598e+00
  1.850653e-01,  6.812444e+00
  1.920739e-01,  3.950606e+00
  1.952488e-01,  6.434286e+00
  1.810122e-01,  7.218548e+00
  1.912087e-01,  4.855192e+00
  1.935271e-01,  3.877170e+00
  1.818606e-01,  7.253917e+00
  1.820036e-01,  1.975678e+00
  1.967366e-01,  4.239459e+00
  1.811630e-01,  1.041154e+01
  1.842404e-01,  3.684380e-01
  1.912456e-01,  3.754841e+00
  1.928431e-01,  1.097291e+01
  1.889153e-01,  1.476144e+00
  1.868581e-01,  1.500020e+00
  1.796455e-01,  6.670497e+00
  1.806851e-01,  5.565724e-01
  1.930198e-01,  2.003124e+00
  1.796143e-01,  8.418529e+00
  1.857477e-01,  1.798596e+00
  1.946176e-01,  4.644199e+00
  1.943199e-01,  8.537452e+00
  1.827292e-01,  4.061881e+00
  1.907140e-01,  1.835226e+00
  1.906833e-01,  6.786222e+00
  1.739305e-01,  4.088561e+00
  1.883201e-01,  1.033072e+00
  1.911930e-01,  9.086322e+00
  1.755454e-01,  4.349794e+00
  1.960589e-01,  1.680162e+00
  1.856277e-01,  8.877599e+00
  1.782889e-01,  2.011525e+00
  1.935820e-01,  2.160863e+00
  1.797071e-01,  6.575330e+00
  1.868898e-01,  5.893222e+00
  1.961906e-01,  1.882106e+00
  1.950056e-01,  7.438460e+00
  1.828844e-01,  7.839901e+00
  1.897013e-01,  3.596480e+02
  1.902904e-01,  7.432523e+00
  1.769206e-01,  4.929415e+00
  1.879544e-01,  2.677321e+00
  1.885899e-01,  7.768964e+00
  1.894651e-01,  8.780713e+00
  1.879432e-01,  3.570616e+02
  1.823566e-01,  6.852502e+00
  1.837433e-01,  5.831356e+00
  1.900999e-01,  1.875732e+00
  1.916193e-01,  8.297825e+00
  1.836382e-01,  7.462620e+00
  1.925596e-01,  2.985237e+00
  1.860837e-01,  5.311088e+00
  1.791503e-01,  7.005677e+00
  1.813552e-01,  5.149607e-01
  1.937292e-01,  8.555181e+00
  1.835018e-01,  6.629143e+00
  1.884290e-01,  3.592035e+02
  1.818939e-01,  3.701083e+00
  1.900589e-01,  9.531540e+00
  1.896865e-01,  1.271044e+00
  1.836979e-01,  4.703880e+00
  1.957637e-01,  9.368104e+00
  1.890964e-01,  5.097047e+00
  1.911038e-01,  1.914074e+00
  1.806119e-01,  8.638648e+00
  1.886195e-01,  3.587685e+02
  1.871813e-01,  4.077401e+00
  1.901446e-01,  8.174325e+00
  1.804333e-01,  3.596533e+02
  1.945993e-01,  4.774474e+00
  1.715301e-01,  7.073615e+00
  1.888168e-01,  8.024696e-01
  1.888394e-01,  5.283902e+00
  1.829580e-01,  6.958844e+00
  1.847965e-01,  1.795797e+00
  1.940179e-01,  7.013052e+00
  1.881688e-01,  5.577007e+00
  1.761685e-01,  1.272578e+00
  2.004850e-01,  6.622659e+00
  1.808906e-01,  9.658393e+00
  1.852470e-01,  3.569976e+02
  1.833359e-01,  5.743060e+00
  1.939613e-01,  7.451136e+00
  1.867504e-01,  4.249046e+00
  1.944123e-01,  1.807430e+00
  1.828524e-01,  1.133900e+01
  1.894127e-01,  3.598060e+02
  1.902734e-01,  6.866915e+00
  1.967466e-01,  8.439716e+00
  1.777029e-01,  2.491190e+00
  1.909116e-01,  1.277388e+00
  1.776835e-01,  6.852055e+00
  1.868338e-01,  4.145133e+00
  1.894609e-01,  3.306395e+00
  1.943518e-01,  1.112721e+01
  1.873006e-01,  2.742422e+00
  1.914662e-01,  4.492780e+00
  1.790352e-01,  1.280901e+00
  1.674000e-01,  2.160224e+00
  1.951418e-01,  5.349596e-02
  1.870329e-01,  1.232298e+01
  1.935121e-01,  1.012243e+00
  1.874321e-01,  6.065229e+00
  1.937860e-01,  1.320775e+00
  1.683710e-01,  9.260875e+00
  2.071832e-01,  3.574334e+02
  1.758066e-01,  1.860709e+01
  2.039105e-01,  3.584474e+02
  1.688296e-01,  6.866441e+00
  2.014586e-01,  3.599762e+02
  1.633589e-01,  1.601644e+01
  2.197434e-01,  3.531592e+02
  1.624568e-01,  1.539642e+01
  4.828074e-01,  3.443409e+02
  5.159121e+00,  2.224479e+01
  1.118683e+01,  1.715964e+01
  1.267521e+01,  1.549246e+01
  1.346438e+01,  1.364932e+01
  1.327871e+01,  1.358489e+01
  1.256449e+01,  1.179880e+01
  1.160869e+01,  7.629221e+00
  1.056148e+01,  4.278948e+00
  8.725511e+00,  6.201114e+00
  6.344596e+00,  1.559024e+01
  3.861496e+00,  3.738293e+01
  2.496862e+00,  8.717602e+01
  3.825572e+00,  1.397307e+02
  6.448028e+00,  1.562597e+02
  9.313705e+00,  1.620968e+02
  1.177051e+01,  1.658327e+02
  1.391372e+01,  1.683030e+02
  1.619558e+01,  1.687096e+02
  1.883582e+01,  1.657055e+02
  2.180961e+01,  1.605946e+02
  2.426632e+01,  1.539868e+02
  2.572697e+01,  1.455731e+02
  2.674732e+01,  1.373551e+02
  2.714149e+01,  1.305742e+02
  2.655494e+01,  1.249505e+02
  2.504760e+01,  1.204656e+02
  2.240214e+01,  1.169683e+02
  1.888655e+01,  1.144529e+02
  1.552925e+01,  1.136087e+02
  1.186109e+01,  1.135721e+02
  7.771592e+00,  1.122415e+02
  3.728774e+00,  1.114232e+02
  5.068486e-01,  2.745928e+02
  4.593383e+00,  2.891897e+02
  8.385119e+00,  2.892852e+02
  1.175943e+01,  2.876867e+02
  1.476750e+01,  2.858370e+02
  1.729427e+01,  2.833872e+02
  1.923558e+01,  2.791782e+02
  2.028712e+01,  2.734001e+02
  2.048023e+01,  2.674828e+02
  2.031908e+01,  2.614333e+02
  1.988810e+01,  2.555438e+02
  1.880568e+01,  2.504808e+02
  1.736772e+01,  2.480271e+02
  1.632137e+01,  2.484387e+02
  1.570902e+01,  2.506125e+02
  1.536928e+01,  2.541947e+02
  1.524134e+01,  2.589946e+02
  1.476460e+01,  2.632663e+02
  1.342725e+01,  2.669542e+02
  1.167799e+01,  2.722425e+02
  1.003141e+01,  2.781201e+02
  8.206034e+00,  2.838262e+02
  6.414826e+00,  2.919330e+02
  5.373876e+00,  3.021187e+02
  4.557793e+00,  3.029078e+02
  2.881887e+00,  2.848308e+02
  1.990321e+00,  2.062858e+02
  4.439012e+00,  1.639046e+02
  7.736941e+00,  1.530449e+02
  1.166589e+01,  1.481587e+02
  1.573977e+01,  1.448772e+02
  1.885115e+01,  1.417235e+02
  2.055601e+01,  1.373540e+02
  2.112488e+01,  1.317273e+02
  2.074746e+01,  1.250409e+02
  1.990819e+01,  1.172539e+02
  1.926532e+01,  1.091569e+02
  1.914711e+01,  1.020148e+02
  1.900268e+01,  9.714485e+01
  1.795543e+01,  9.555561e+01
  1.585167e+01,  9.735794e+01
  1.345945e+01,  1.034643e+02
  1.139521e+01,  1.130336e+02
  9.655760e+00,  1.252873e+02
  8.302607e+00,  1.438531e+02
  8.010851e+00,  1.686117e+02
  8.730092e+00,  1.899460e+02
  9.401292e+00,  2.038442e+02
  9.709130e+00,  2.129048e+02
  9.957337e+00,  2.195467e+02
  1.016676e+01,  2.230855e+02
  9.972996e+00,  2.227709e+02
  9.121381e+00,  2.193393e+02
  7.699458e+00,  2.118337e+02
  6.215926e+00,  1.970616e+02
  5.274091e+00,  1.719625e+02
  5.207008e+00,  1.409292e+02
  6.028445e+00,  1.139305e+02
  7.343581e+00,  9.496467e+01
  8.707488e+00,  8.246418e+01
  9.792410e+00,  7.296006e+01
  1.039651e+01,  6.531699e+01
  1.040890e+01,  5.881218e+01
  9.781797e+00,  5.281803e+01
  8.658984e+00,  4.662056e+01
  7.251447e+00,  3.825182e+01
  5.795316e+00,  2.749972e+01
  4.689302e+00,  1.414822e+01
  3.962086e+00,  1.394491e+00
  3.421728e+00,  3.506277e+02
  3.046751e+00,  3.450763e+02
  3.047293e+00,  3.570518e+02
  3.874736e+00,  2.042932e+01
  5.618992e+00,  3.658511e+01
  7.799200e+00,  4.313342e+01
  1.020080e+01,  4.523341e+01
  1.260161e+01,  4.457647e+01
  1.478070e+01,  4.126016e+01
  1.656122e+01,  3.729544e+01
  1.785226e+01,  3.282340e+01
  1.880367e+01,  2.812723e+01
  1.951638e+01,  2.388089e+01
  1.980125e+01,  2.023294e+01
  1.932703e+01,  1.773965e+01
  1.802923e+01,  1.680501e+01
  1.600489e+01,  1.788934e+01
  1.352873e+01,  2.117023e+01
  1.074996e+01,  2.851500e+01
  8.211980e+00,  4.178736e+01
  6.550520e+00,  6.423085e+01
  6.333023e+00,  9.273234e+01
  7.327204e+00,  1.163286e+02
  8.923572e+00,  1.316066e+02
  1.050550e+01,  1.415877e+02
  1.170256e+01,  1.486969e+02
  1.222895e+01,  1.549113e+02
  1.193654e+01,  1.603790e+02
  1.070709e+01,  1.667060e+02
  8.890615e+00,  1.744101e+02
  7.197072e+00,  1.824733e+02
  5.981798e+00,  1.877984e+02
  4.998800e+00,  1.910793e+02
  3.985568e+00,  1.938399e+02
  2.931900e+00,  1.914856e+02
  1.992425e+00,  1.759159e+02
  1.148853e+00,  1.462113e+02
  4.714645e-01,  4.232544e+01
  1.871625e+00,  3.580325e+02
  3.628488e+00,  3.029095e+00
  5.472531e+00,  7.574059e+00
  7.238759e+00,  8.020212e+00
  9.233666e+00,  8.939498e+00
  1.142166e+01,  1.228191e+01
  1.379671e+01,  1.661851e+01
  1.589875e+01,  2.096541e+01
  1.775438e+01,  2.428677e+01
  1.929189e+01,  2.521222e+01
  2.034184e+01,  2.384527e+01
  2.035189e+01,  1.972171e+01
  1.948412e+01,  1.394784e+01
  1.838509e+01,  8.593726e+00
  1.724675e+01,  4.930610e+00
  1.606541e+01,  2.553184e+00
  1.503701e+01,  2.432085e+00
  1.414820e+01,  4.851995e+00
  1.281251e+01,  8.505777e+00
  1.062902e+01,  1.230191e+01
  7.778647e+00,  1.680783e+01
  4.941103e+00,  2.635408e+01
  2.521375e+00,  5.600070e+01
  2.664553e+00,  1.253758e+02
  4.787978e+00,  1.517675e+02
  6.697399e+00,  1.571096e+02
  8.036929e+00,  1.597944e+02
  8.824801e+00,  1.625668e+02
  9.251211e+00,  1.653886e+02
  9.019418e+00,  1.663090e+02
  7.999924e+00,  1.677361e+02
  6.486081e+00,  1.719760e+02
  5.260255e+00,  1.811008e+02
  4.388251e+00,  1.908899e+02
  3.535597e+00,  2.003274e+02
  2.586268e+00,  2.116232e+02
  1.911578e+00,  2.295519e+02
  1.558725e+00,  2.434239e+02
  1.219247e+00,  2.363923e+02
  1.132752e+00,  2.038202e+02
  1.534026e+00,  1.777542e+02
  2.625837e+00,  1.722156e+02
  4.550253e+00,  1.716073e+02
  7.660075e+00,  1.719983e+02
  1.138683e+01,  1.717632e+02
  1.528934e+01,  1.728857e+02
  1.864823e+01,  1.745598e+02
  2.188180e+01,  1.779170e+02
  2.427769e+01,  1.805765e+02
  2.506544e+01,  1.833951e+02
  2.442335e+01,  1.853924e+02
  2.297716e+01,  1.881301e+02
  1.960768e+01,  1.883494e+02
  1.626837e+01,  1.888908e+02
  1.264787e+01,  1.878608e+02
  9.394067e+00,  1.864913e+02
  5.798310e+00,  1.789848e+02
  2.241239e+00,  1.549694e+02
  3.129534e+00,  3.798195e+01
  8.817949e-01,  2.577126e+02
  5.861105e-01,  6.863426e+01
  2.007788e-01,  3.224012e+02
  2.600527e-01,  2.264673e+01
  1.240295e-01,  3.292142e+02
  2.611240e-01,  2.199673e+01
  1.358916e-01,  3.213377e+02
  2.609566e-01,  2.534271e+01
  1.334748e-01,  3.300570e+02
  2.514453e-01,  2.022210e+01
  1.370806e-01,  3.406240e+02
  2.194577e-01,  1.791027e+01
  1.660379e-01,  3.512393e+02
  2.295191e-01,  1.709949e+01
  1.559145e-01,  3.521882e+02
  2.034835e-01,  8.500595e+00
  1.619869e-01,  3.595375e+02
  1.907745e-01,  8.710343e+00
  1.806693e-01,  3.563429e+02
  1.786845e-01,  6.765249e+00
  1.906679e-01,  5.187098e+00
  1.826344e-01,  3.572179e+02
  1.952088e-01,  9.751724e+00
  1.719858e-01,  2.384440e+00
  2.080751e-01,  5.489135e+00
  1.754081e-01,  5.937360e+00
  1.998613e-01,  8.864337e+00
  1.780275e-01,  5.151669e-01
  2.047611e-01,  1.031690e+01
  1.549635e-01,  3.555872e+02
  2.120338e-01,  8.214749e+00
  1.644250e-01,  3.576833e+02
  1.968459e-01,  1.145259e+01
  1.805372e-01,  3.573147e+02
  1.968892e-01,  1.052974e+01
  1.624383e-01,  3.558107e+02
  1.961891e-01,  8.257729e+00
  1.851409e-01,  5.143077e+00
  1.915031e-01,  9.314799e+00
  1.896210e-01,  2.804762e+00
  1.926524e-01,  8.048002e+00
  1.815649e-01,  6.849646e+00
  1.839802e-01,  3.587509e+02
  1.945009e-01,  9.044220e+00
  1.735364e-01,  2.166772e+00
  1.940395e-01,  3.101778e+00
  1.831881e-01,  4.892770e+00
  1.890937e-01,  7.160427e+00
  1.670174e-01,  3.557927e+02
  1.971235e-01,  1.023608e+01
  1.703307e-01,  4.461058e+00
  1.904313e-01,  1.986465e+00
  1.842023e-01,  5.324510e+00
  1.931937e-01,  1.081057e+01
  1.812044e-01,  2.886454e+00
  2.073993e-01,  8.691016e+00
  1.698572e-01,  2.313539e+00
  1.906291e-01,  2.472156e+00
  1.909012e-01,  6.225165e+00
  1.824378e-01,  6.980940e+00
  1.828173e-01,  3.597599e+02
  1.993372e-01,  8.276374e+00
  1.829600e-01,  5.230550e+00
  1.851325e-01,  4.680961e+00
  1.934989e-01,  5.393897e+00
  1.765433e-01,  6.695944e+00
  1.940609e-01,  2.266269e+00
  1.868615e-01,  5.515198e+00
  1.929015e-01,  1.011457e+01
  1.807723e-01,  3.586426e+02
  1.943396e-01,  3.837216e+00
  1.811243e-01,  7.277562e+00
  1.997686e-01,  6.804374e+00
  1.877187e-01,  1.145592e+00
  1.931850e-01,  1.133495e+01
  1.804200e-01,  3.598006e+02
  1.948363e-01,  4.368131e+00
  1.850404e-01,  7.022796e+00
  1.886802e-01,  3.389984e+00
  1.838429e-01,  1.543885e+00
  1.909728e-01,  1.023810e+01
  1.794649e-01,  1.624748e+00
  1.975241e-01,  1.930171e+00
  1.808923e-01,  7.257795e+00
  1.808270e-01,  3.806771e+00
  1.983348e-01,  1.790161e+00
  1.701484e-01,  4.155707e+00
  1.865297e-01,  5.564130e+00
  1.969625e-01,  4.952157e+00
  1.899142e-01,  9.642259e+00
  1.765399e-01,  3.808649e+00
  1.976696e-01,  4.023612e+00
  1.792348e-01,  5.345227e+00
  1.900703e-01,  5.046193e+00
  1.818831e-01,  3.582073e+02
  1.842221e-01,  6.533940e+00
  1.657724e-01,  1.970147e+00
  1.961671e-01,  4.421277e+00
  1.859275e-01,  6.995557e+00
  1.794963e-01,  3.330609e+00
  1.960618e-01,  2.050197e+00
  1.858817e-01,  5.163230e+00
  1.782522e-01,  1.639183e+00
  1.905010e-01,  2.171987e+00
  1.924079e-01,  8.401480e+00
  1.782827e-01,  4.872975e+00
  1.972692e-01,  4.317404e+00
  1.884513e-01,  7.354417e+00
  1.832592e-01,  4.258867e+00
  1.875995e-01,  4.804123e+00
  1.966258e-01,  7.914256e+00
  1.842923e-01,  6.559979e+00
  1.965600e-01,  1.247364e+00
  1.807096e-01,  6.763923e+00
  1.838064e-01,  6.847349e+00
  1.912729e-01,  3.579932e+02
  1.860499e-01,  7.880892e+00
  1.811722e-01,  5.052566e+00
  1.895487e-01,  1.915543e+00
  1.918174e-01,  4.825366e+00
  1.834131e-01,  6.632397e+00
  1.892753e-01,  3.581505e+00
  2.007208e-01,  9.985163e+00
  1.900425e-01,  8.545583e+00
  1.865971e-01,  4.716558e-01
  1.899215e-01,  6.822733e+00
  1.858458e-01,  9.917202e+00
  1.868584e-01,  1.203460e-01
  1.911938e-01,  8.198491e+00
  1.860339e-01,  7.698580e+00
  1.863831e-01,  3.594584e+02
  1.987623e-01,  5.286111e+00
  1.764344e-01,  6.022831e+00
  1.879064e-01,  2.935584e+00
  1.928943e-01,  4.738958e+00
  1.899465e-01,  1.263473e+01
  1.934937e-01,  1.578790e+00
  1.974210e-01,  6.483188e+00
  1.772563e-01,  6.237224e+00
  1.756457e-01,  3.590769e+02
  1.909674e-01,  4.425244e+00
  1.882193e-01,  6.658322e+00
  1.888485e-01,  2.414031e+00
  1.913067e-01,  3.863267e+00
  1.829800e-01,  5.360496e+00
  1.791753e-01,  2.569318e-01
  1.912153e-01,  4.470511e+00
  1.856578e-01,  6.586707e+00
  1.838343e-01,  2.145490e+00
  1.874341e-01,  3.669275e+00
  1.820461e-01,  9.948570e+00
  1.892315e-01,  3.915272e+00
  1.955491e-01,  4.656827e+00
  1.832923e-01,  8.460881e+00
  1.858110e-01,  2.577701e+00
  1.885921e-01,  9.943875e-01
  1.834779e-01,  7.636933e+00
  1.772805e-01,  1.269538e+00
  1.955770e-01,  4.763357e+00
  1.908387e-01,  8.191916e+00
  1.791227e-01,  3.585199e+02
  1.960198e-01,  4.274901e+00
  1.924572e-01,  9.389302e+00
  1.888699e-01,  4.166395e+00
  1.888131e-01,  7.150342e-01
  1.815498e-01,  6.850035e+00
  1.739636e-01,  1.954406e+00
  1.900116e-01,  1.894434e+00
  1.937466e-01,  8.418191e+00
  1.794696e-01,  2.173206e+00
  1.941940e-01,  3.199368e+00
  1.953193e-01,  9.214301e+00
  1.878061e-01,  4.161826e+00
  1.930033e-01,  1.391515e+00
  1.875299e-01,  6.940147e+00
  1.827910e-01,  5.477601e+00
  1.912078e-01,  2.341292e+00
  1.861137e-01,  8.526591e+00
  1.833535e-01,  3.843196e+00
  1.938968e-01,  2.432882e+00
  1.944243e-01,  8.504384e+00
  1.841104e-01,  3.460666e+00
  1.845623e-01,  1.843012e+00
  1.912999e-01,  5.377052e+00
  1.823227e-01,  4.680994e+00
  1.926682e-01,  2.626084e+00
  1.916951e-01,  8.048982e+00
  1.870023e-01,  5.201821e+00
  1.931566e-01,  2.849971e+00
  1.915526e-01,  6.652752e+00
  1.760543e-01,  4.220055e+00
  1.824235e-01,  1.628174e+00
  1.977834e-01,  9.719882e+00
  1.839424e-01,  5.348759e+00
  1.913606e-01,  3.571890e+02
  1.824331e-01,  5.139579e+00
  1.765914e-01,  3.534355e+00
  1.859727e-01,  3.534240e-01
  1.855941e-01,  4.657819e+00
  1.787947e-01,  5.651390e+00
  1.894712e-01,  3.593939e+02
  1.883758e-01,  6.845956e+00
  1.854844e-01,  8.890118e+00
  1.884569e-01,  3.595426e+02
  1.858057e-01,  4.379383e+00
  1.916271e-01,  9.525457e+00
  1.904795e-01,  1.248616e+00
  1.936670e-01,  6.299714e+00
  1.877140e-01,  1.069939e+01
  1.934589e-01,  2.699404e+00
  1.906807e-01,  3.115356e+00
  1.800450e-01,  4.515950e+00
  1.898889e-01,  3.832602e+00
  1.901059e-01,  3.592368e+00
  1.871158e-01,  8.402768e+00
  1.915909e-01,  2.280387e+00
  1.950456e-01,  6.231971e+00
  1.895054e-01,  8.941662e+00
  1.830102e-01,  1.272705e+00
  1.973330e-01,  6.476216e+00
  1.865677e-01,  4.737017e+00
  1.775367e-01,  7.390672e-01
  1.856278e-01,  4.942643e-01
  1.813840e-01,  7.865191e+00
  1.822553e-01,  1.496550e+00
  1.916006e-01,  3.527604e+00
  1.891249e-01,  1.001532e+01
  1.771503e-01,  3.584186e+02
  1.926732e-01,  5.417011e+00
  1.864525e-01,  8.689542e+00
  1.866010e-01,  4.188361e+00
  1.977293e-01,  1.721231e+00
  1.873531e-01,  1.075953e+01
  1.839912e-01,  1.078790e+00
  1.961147e-01,  5.133997e+00
  1.919217e-01,  1.126776e+01
  1.870348e-01,  3.160425e-02
  1.960717e-01,  6.559491e+00
  1.914713e-01,  6.590268e+00
  1.873528e-01,  7.512185e+00
  1.957984e-01,  2.779260e+00
  1.887049e-01,  8.622263e+00
  1.799157e-01,  3.029925e+00
  1.914296e-01,  2.278138e+00
  1.911225e-01,  1.020599e+01
  1.868826e-01,  2.885345e+00
  1.895937e-01,  1.985127e+00
  1.910159e-01,  8.398015e+00
  1.839755e-01,  4.265517e+00
  1.922666e-01,  2.994034e+00
  1.874154e-01,  9.770918e+00
  1.898216e-01,  3.634553e+00
  1.899143e-01,  3.592270e-01
  1.866277e-01,  8.642396e+00
  1.870473e-01,  5.283669e+00
  1.868023e-01,  3.589432e+02
  1.914274e-01,  1.012286e+01
  1.809305e-01,  2.546852e+00
  1.870469e-01,  5.505031e-01
  1.881640e-01,  9.659840e+00
  1.780167e-01,  3.720485e+00
  1.868535e-01,  1.697974e+00
  1.916725e-01,  7.777634e+00
  1.840633e-01,  5.881730e+00
  1.927865e-01,  2.150578e+00
  1.903817e-01,  6.414863e+00
  1.772880e-01,  4.560711e+00
  1.867242e-01,  3.597364e+02
  1.881404e-01,  6.950794e+00
  1.806981e-01,  5.333837e+00
  1.901891e-01,  1.857333e+00
  1.873409e-01,  6.122598e+00
  1.857630e-01,  4.685370e+00
  1.850852e-01,  2.322180e+00
  1.939241e-01,  4.707884e+00
  1.819101e-01,  7.163930e+00
  1.896695e-01,  3.594484e+02
  1.925072e-01,  6.735816e+00
  1.791956e-01,  8.471092e+00
  1.917661e-01,  3.192655e+00
  1.872040e-01,  7.165738e+00
  1.846234e-01,  5.965231e+00
  1.858054e-01,  2.574066e+00
  1.928426e-01,  4.511828e+00
  1.807185e-01,  6.962031e+00
  1.873632e-01,  1.747721e-01
  1.899590e-01,  4.408801e+00
  1.767281e-01,  6.648790e+00
  1.848000e-01,  2.235235e+00
  1.932669e-01,  4.729897e+00
  1.775170e-01,  5.104202e+00
  1.920314e-01,  4.236251e+00
  1.934557e-01,  3.577368e+00
  1.728381e-01,  3.817740e+00
  1.779405e-01,  3.581757e+02
  1.900518e-01,  4.471059e+00
  1.929613e-01,  8.462503e+00
  1.811567e-01,  7.833213e-01
  1.932948e-01,  5.249033e+00
  1.921119e-01,  7.657492e+00
  1.872944e-01,  2.242472e+00
  1.896651e-01,  5.153599e+00
  1.902023e-01,  8.615779e+00
  1.812682e-01,  5.010718e-01
  1.914440e-01,  6.895723e+00
  1.829654e-01,  6.422572e+00
  1.800093e-01,  3.597525e+02
  1.931449e-01,  5.062715e+00
  1.896051e-01,  7.499415e+00
  1.867151e-01,  3.661706e+00
  1.936195e-01,  2.753815e+00
  1.930662e-01,  1.011262e+01
  1.753640e-01,  3.944368e-01
  1.919593e-01,  3.185212e+00
  1.927306e-01,  1.116651e+01
  1.748160e-01,  3.598440e+02
  1.918836e-01,  3.541975e+00
  1.847037e-01,  6.728020e+00
  1.773538e-01,  2.187553e+00
  1.939988e-01,  4.699005e+00
  1.870074e-01,  7.245982e+00
  1.823053e-01,  2.500491e+00
  1.892949e-01,  3.597523e+02
  1.912434e-01,  7.775286e+00
  1.808136e-01,  4.572494e+00
  1.920612e-01,  1.206892e+00
  1.923550e-01,  1.089211e+01
  1.865801e-01,  4.003939e+00
  1.910165e-01,  3.586055e-01
  1.898395e-01,  1.084285e+01
  1.797827e-01,  2.689571e+00
  1.867748e-01,  1.036599e+00
  1.882552e-01,  5.836358e+00
  1.711364e-01,  2.905852e+00
  1.923656e-01,  3.339618e+00
  1.919585e-01,  5.984401e+00
  1.866908e-01,  5.481880e+00
  1.957666e-01,  2.524410e+00
  1.911843e-01,  8.058087e+00
  1.901726e-01,  7.820190e+00
  1.989801e-01,  3.181940e+00
  1.909272e-01,  6.231068e+00
  1.842358e-01,  7.573590e+00
  1.933032e-01,  2.985139e+00
  1.915805e-01,  6.716925e+00
  1.809756e-01,  5.604002e+00
  1.904163e-01,  3.595216e+02
  1.908873e-01,  8.021088e+00
  1.898707e-01,  7.617610e+00
  1.902718e-01,  3.597896e+02
  1.842275e-01,  8.389926e+00
  1.851003e-01,  7.000927e+00
  1.856523e-01,  6.038277e-01
  1.930645e-01,  8.495552e+00
  1.791622e-01,  4.951351e+00
  1.855107e-01,  3.597121e+02
  1.937106e-01,  3.961183e+00
  1.791592e-01,  6.902443e+00
  1.898275e-01,  2.088318e+00
  1.928243e-01,  5.818308e+00
  1.816931e-01,  9.928402e+00
  1.967057e-01,  1.833523e+00
  1.872527e-01,  5.561741e+00
  1.797312e-01,  8.537997e+00
  1.892320e-01,  6.517836e-01
  1.816138e-01,  3.266901e+00
  1.843747e-01,  1.024155e+01
  1.909592e-01,  3.593123e+02
  1.898122e-01,  3.731601e+00
  1.824536e-01,  8.208510e+00
  1.833170e-01,  3.581919e+02
  1.893481e-01,  4.498641e+00
  1.830271e-01,  7.901679e+00
  1.817157e-01,  1.897054e+00
  1.957427e-01,  4.824141e+00
  1.867061e-01,  1.013573e+01
  1.829624e-01,  1.484525e+00
  1.971658e-01,  6.533157e+00
  1.813362e-01,  8.819468e+00
  1.849432e-01,  2.314554e+00
  1.960507e-01,  3.661753e+00
  1.814249e-01,  6.205889e+00
  1.892047e-01,  5.093682e+00
  1.932430e-01,  3.195960e+00
  1.904708e-01,  9.947714e+00
  1.783558e-01,  2.514724e+00
  1.912978e-01,  2.373728e+00
  1.903616e-01,  9.751063e+00
  1.775613e-01,  7.821570e-01
  1.829067e-01,  8.705429e-01
  1.865223e-01,  9.954309e+00
  1.833392e-01,  3.294284e+00
  1.939715e-01,  4.585227e+00
  1.904525e-01,  9.067040e+00
  1.697245e-01,  1.493784e+00
  1.975743e-01,  3.773117e+00
  1.791039e-01,  6.092989e+00
  1.759380e-01,  3.249634e+00
  1.963440e-01,  3.382965e+00
  1.905354e-01,  9.796188e+00
  1.791332e-01,  2.151001e+00
  1.931483e-01,  1.644877e+00
  1.900968e-01,  7.634194e+00
  1.796061e-01,  5.835948e+00
  1.976827e-01,  4.790716e+00
  1.865624e-01,  6.055782e+00
  1.839551e-01,  7.747678e+00
  1.934049e-01,  1.049128e+00
  1.903005e-01,  7.551585e+00
  1.836314e-01,  6.735980e+00
  1.970411e-01,  3.764745e+00
  1.879708e-01,  4.739962e+00
  1.720531e-01,  9.820213e-01
  1.854968e-01,  6.146306e-01
  1.956670e-01,  9.307832e+00
  1.834716e-01,  5.071699e+00
  1.948765e-01,  1.464205e+00
  1.991579e-01,  1.009831e+01
  1.731919e-01,  9.907732e-01
  1.847283e-01,  4.191569e+00
  1.993986e-01,  8.081459e+00
  1.805456e-01,  6.431292e+00
  1.871954e-01,  1.349109e+00
  1.899227e-01,  5.066200e+00
  1.874285e-01,  8.073730e+00
  1.947855e-01,  3.846044e+00
  1.874324e-01,  5.910485e+00
  1.859861e-01,  5.202736e+00
  1.828601e-01,  2.824830e+00
  1.878975e-01,  6.686615e+00
  1.899272e-01,  8.364964e+00
  1.899686e-01,  1.412914e+00
  1.911405e-01,  4.464484e+00
  1.835563e-01,  6.020665e+00
  1.813644e-01,  2.007982e+00
  1.914095e-01,  2.738779e+00
  1.805614e-01,  6.440432e+00
  1.812697e-01,  3.597309e+02
  1.890369e-01,  3.315455e+00
  1.804687e-01,  8.614656e+00
  1.851964e-01,  3.279888e-01
  1.885307e-01,  4.379187e+00
  1.870141e-01,  7.204481e+00
  1.833471e-01,  4.564471e-01
  1.900378e-01,  1.072516e+00
  1.892310e-01,  1.096557e+01
  1.859570e-01,  2.854262e+00
  1.921235e-01,  3.960448e+00
  1.863431e-01,  1.161009e+01
  1.965578e-01,  4.261541e+00
  1.938575e-01,  6.282074e+00
  1.817080e-01,  4.693341e+00
  1.835157e-01,  2.148466e+00
  1.901554e-01,  4.090975e+00
  1.896792e-01,  9.168668e+00
  1.835540e-01,  1.710766e+00
  1.935813e-01,  1.254767e+00
  1.813323e-01,  9.239560e+00
  1.883892e-01,  3.018314e+00
  1.976335e-01,  6.008530e+00
  1.918948e-01,  1.006037e+01
  1.878457e-01,  5.353413e+00
  1.977600e-01,  5.025469e+00
  1.815553e-01,  3.475138e+00
  1.728092e-01,  1.737184e+00
  1.952052e-01,  5.546429e+00
  1.947865e-01,  1.039217e+01
  1.906999e-01,  7.181165e+00
  1.956311e-01,  3.064064e+00
  1.904560e-01,  1.059788e+01
  1.790853e-01,  3.599891e+02
  1.964941e-01,  3.970359e+00
  1.959184e-01,  1.097773e+01
  1.820242e-01,  3.149959e-01
  1.825342e-01,  1.113468e+00
  1.924159e-01,  8.747602e+00
  1.827119e-01,  4.650351e+00
  1.890799e-01,  1.605847e-01
  1.914836e-01,  8.698890e+00
  1.864126e-01,  6.594717e+00
  1.944225e-01,  3.075241e+00
  1.950201e-01,  7.779090e+00
  1.830049e-01,  6.691497e+00
  1.885072e-01,  5.344675e-01
  1.868050e-01,  6.107994e+00
  1.775934e-01,  4.873280e+00
  1.977343e-01,  2.009420e+00
  1.852209e-01,  8.658974e+00
  1.857896e-01,  6.231649e+00
  1.899579e-01,  4.108965e-01
  1.938901e-01,  8.812906e+00
  1.853541e-01,  6.403651e+00
  1.909796e-01,  2.308739e-01
  1.891787e-01,  8.065049e+00
  1.800470e-01,  5.702946e+00
  1.937164e-01,  4.382059e+00
  1.924460e-01,  8.201415e+00
  1.725347e-01,  2.604960e+00
  1.820140e-01,  2.623899e+00
  1.924922e-01,  6.866863e+00
  1.747307e-01,  5.266849e+00
  1.881046e-01,  4.731244e-01
  1.879934e-01,  5.400183e+00
  1.850424e-01,  7.946174e+00
  1.920907e-01,  2.238038e+00
  1.930847e-01,  4.919378e+00
  1.742335e-01,  2.937300e+00
  1.969566e-01,  5.938301e+00
  1.993334e-01,  5.310141e+00
  1.808962e-01,  1.010086e+01
  1.856856e-01,  2.694832e+00
  1.918630e-01,  3.542867e+00
  1.844045e-01,  6.819291e+00
  1.797265e-01,  3.599561e+02
  1.901967e-01,  5.756501e+00
  1.758164e-01,  4.109355e+00
  1.860299e-01,  1.414932e+00
  1.981694e-01,  6.350470e+00
  1.851711e-01,  8.247332e+00
  1.883128e-01,  1.909824e+00
  1.972996e-01,  8.103275e+00
  1.814202e-01,  4.053285e+00
  1.860487e-01,  4.972228e+00
  1.895514e-01,  2.891818e+00
  1.788029e-01,  6.304008e+00
  1.776850e-01,  9.999784e-01
  1.939523e-01,  3.013706e+00
  1.821515e-01,  8.874081e+00
  1.788548e-01,  3.550924e+02
  1.889572e-01,  4.367653e+00
  1.809104e-01,  7.542567e+00
  1.894482e-01,  1.131460e+00
  1.838717e-01,  4.864203e-01
  1.850565e-01,  7.905717e+00
  1.952510e-01,  4.690910e+00
  1.958243e-01,  6.483510e+00
  1.888328e-01,  7.356889e+00
  1.911430e-01,  6.432114e+00
  1.977148e-01,  2.865827e+00
  1.725014e-01,  4.594317e+00
  1.807212e-01,  2.732056e+00
  1.993157e-01,  3.860895e+00
  1.850471e-01,  1.073031e+01
  1.801427e-01,  3.591814e+02
  1.871799e-01,  5.230082e+00
  1.905582e-01,  7.163046e+00
  1.677380e-01,  3.458168e-01
  1.915816e-01,  3.100298e+00
  1.900572e-01,  8.631091e+00
  1.806674e-01,  6.313503e+00
  2.002119e-01,  4.528346e+00
  1.845681e-01,  7.264778e+00
  1.853539e-01,  6.629224e+00
  1.942981e-01,  3.618729e+00
  1.959024e-01,  6.678632e+00
  1.844339e-01,  6.672619e+00
  1.961182e-01,  8.268409e-01
  1.870637e-01,  7.236198e+00
  1.679772e-01,  1.735180e+00
  1.808158e-01,  3.588994e+02
  1.919161e-01,  7.673505e+00
  1.779711e-01,  2.560927e+00
  1.842048e-01,  1.295773e+00
  1.913576e-01,  6.459213e+00
  1.839497e-01,  7.644868e+00
  1.882186e-01,  3.597550e+02
  1.851211e-01,  6.274110e+00
  1.812689e-01,  8.435978e+00
  1.875691e-01,  3.573620e+02
  1.914454e-01,  7.009230e+00
  1.736355e-01,  4.253421e+00
  1.920735e-01,  2.438084e+00
  1.898712e-01,  7.979300e+00
  1.883240e-01,  7.977731e+00
  1.897290e-01,  3.585789e+02
  1.812638e-01,  5.094717e+00
  1.893445e-01,  9.547509e+00
  1.899662e-01,  3.594640e+02
  1.942833e-01,  6.536803e+00
  1.767386e-01,  4.962078e+00
  1.901833e-01,  1.313544e-01
  1.889217e-01,  4.883118e+00
  1.781247e-01,  8.613202e+00
  1.974960e-01,  3.352714e+00
  1.945294e-01,  5.948830e+00
  1.757423e-01,  5.379462e+00
  1.922313e-01,  5.358988e+00
  1.964568e-01,  6.158888e+00
  1.858494e-01,  6.999664e+00
  1.881315e-01,  3.684785e+00
  1.975056e-01,  5.898410e+00
  1.866124e-01,  7.968810e+00
  1.825369e-01,  3.591057e+02
  1.930971e-01,  7.398308e+00
  1.801781e-01,  6.559516e+00
  1.875606e-01,  3.594688e+02
  1.850087e-01,  5.573988e+00
  1.871185e-01,  8.205890e+00
  1.858858e-01,  1.045256e+00
  1.964938e-01,  7.466688e+00
  1.851596e-01,  7.299079e+00
  1.802306e-01,  2.528951e+00
  2.000858e-01,  6.018053e+00
  1.811326e-01,  7.109332e+00
  1.797371e-01,  1.540238e+00
  1.982437e-01,  7.102996e+00
  1.907776e-01,  9.454995e+00
  1.855387e-01,  3.597912e+02
  1.931953e-01,  3.633220e+00
  1.864501e-01,  8.133343e+00
  1.833332e-01,  1.958656e+00
  1.892745e-01,  2.704530e-01
  1.938873e-01,  1.295182e+01
  1.829088e-01,  2.182803e+00
  1.932458e-01,  4.539150e+00
  1.954960e-01,  1.164476e+01
  1.870210e-01,  8.427190e-01
  1.890411e-01,  2.958516e+00
  1.932386e-01,  1.009232e+01
  1.843950e-01,  2.161350e+00
  1.910287e-01,  1.670878e+00
  1.975982e-01,  1.017518e+01
  1.898295e-01,  5.354241e+00
  1.959629e-01,  4.467078e+00
  1.894939e-01,  6.763683e+00
  1.791005e-01,  4.149704e+00
  1.912614e-01,  2.772385e+00
  1.876157e-01,  7.571562e+00
  1.732271e-01,  2.882831e+00
  1.957305e-01,  5.317238e+00
  1.846388e-01,  7.547021e+00
  1.835317e-01,  3.919041e+00
  1.938412e-01,  3.719781e+00
  1.857433e-01,  7.248062e+00
  1.772001e-01,  1.995891e+00
  1.853018e-01,  2.176484e+00
  1.900335e-01,  4.258848e+00
  1.767252e-01,  3.689240e+00
  1.900991e-01,  4.610531e+00
  1.904899e-01,  7.684877e+00
  1.856959e-01,  8.535795e+00
  1.910603e-01,  3.573753e+02
  1.862637e-01,  9.030011e+00
  1.846357e-01,  4.534312e+00
  1.911355e-01,  1.707164e+00
  1.868093e-01,  7.125396e+00
  1.685520e-01,  2.589455e+00
  1.860194e-01,  3.596786e+02
  1.882282e-01,  6.597522e+00
  1.831502e-01,  9.339550e+00
  1.928691e-01,  3.591774e+02
  1.898104e-01,  9.895546e+00
  1.939448e-01,  9.117894e+00
  1.902272e-01,  2.089410e+00
  1.920623e-01,  6.659705e+00
  1.792926e-01,  3.332205e+00
  1.910610e-01,  2.834255e+00
  1.967074e-01,  1.041106e+01
  1.841124e-01,  4.476414e+00
  1.879434e-01,  3.242032e-01
  1.918525e-01,  9.307828e+00
  1.924268e-01,  1.037090e+01
  1.894663e-01,  2.848391e+00
  1.900199e-01,  6.181182e+00
  1.841495e-01,  1.033343e+01
  1.893041e-01,  2.532371e+00
  1.908564e-01,  3.741093e+00
  1.881839e-01,  8.924408e+00
  1.909994e-01,  4.196390e+00
  1.935217e-01,  4.874962e+00
  1.867274e-01,  9.757495e+00
  1.871646e-01,  1.244047e+00
  1.962888e-01,  5.952725e+00
  1.846173e-01,  9.570778e+00
  1.764762e-01,  3.588977e+02
  1.911892e-01,  6.108882e+00
  1.813358e-01,  5.466066e+00
  1.866912e-01,  7.790657e-01
  1.964014e-01,  7.922135e+00
  1.895064e-01,  6.002065e+00
  1.785094e-01,  1.926085e+00
  1.909396e-01,  4.632334e+00
  1.849403e-01,  5.823947e+00
  1.808784e-01,  4.323399e+00
  2.002803e-01,  4.083991e+00
  1.800717e-01,  7.740562e+00
  1.838474e-01,  3.935720e+00
  1.927973e-01,  3.349259e+00
  1.893709e-01,  9.116412e+00
  1.868875e-01,  2.050507e+00
  1.954297e-01,  4.941563e+00
  1.855210e-01,  9.067859e+00
  1.900901e-01,  4.346177e+00
  1.917616e-01,  2.089140e+00
  1.877721e-01,  8.568583e+00
  1.875947e-01,  6.645821e+00
  1.916562e-01,  1.946865e+00
  1.889976e-01,  8.980302e+00
  1.748695e-01,  3.086908e-01
  1.933883e-01,  3.942120e+00
  1.856516e-01,  7.446020e+00
  1.736947e-01,  1.187049e+00
  1.927570e-01,  4.172163e+00
  1.894267e-01,  6.321419e+00
  1.720717e-01,  1.305704e+00
  1.908552e-01,  1.192084e+00
  1.884270e-01,  1.002279e+01
  1.892218e-01,  4.921019e+00
  1.921546e-01,  2.523385e+00
  1.851546e-01,  8.230968e+00
  1.881411e-01,  6.101346e+00
  1.956461e-01,  4.120720e+00
  1.822188e-01,  6.547828e+00
  1.794968e-01,  5.962416e+00
  1.945132e-01,  1.657959e+00
  1.851969e-01,  9.266521e+00
  1.899597e-01,  6.177337e+00
  1.933927e-01,  1.866301e+00
  1.959800e-01,  8.869124e+00
  1.842797e-01,  6.320365e+00
  1.936052e-01,  3.917788e+00
  1.935061e-01,  5.523438e+00
  1.785736e-01,  6.374251e+00
  1.870772e-01,  3.577384e+02
  1.811531e-01,  6.004384e+00
  1.802070e-01,  9.069048e+00
  1.913677e-01,  3.590244e+02
  1.891868e-01,  5.160517e+00
  1.778186e-01,  7.552328e+00
  1.902601e-01,  3.598278e+02
  1.965014e-01,  8.152650e+00
  1.817525e-01,  8.738220e+00
  1.899155e-01,  4.646359e-01
  1.959616e-01,  8.241200e+00
  1.872999e-01,  6.543208e+00
  1.953623e-01,  4.944261e+00
  1.908821e-01,  4.272689e+00
  1.846021e-01,  8.616222e+00
  1.888627e-01,  2.143305e+00
  1.993896e-01,  7.904725e+00
  1.914196e-01,  1.191681e+01
  1.823058e-01,  3.589798e+02
  1.946577e-01,  7.691239e+00
  1.901635e-01,  9.176179e+00
  1.860242e-01,  3.593642e+02
  1.881757e-01,  4.861929e+00
  1.871823e-01,  9.399414e+00
  1.815348e-01,  3.598667e+02
  1.882068e-01,  6.478150e+00
  1.848328e-01,  8.948016e+00
  1.817921e-01,  1.044008e+00
  1.998295e-01,  6.346393e+00
  1.867694e-01,  8.575328e+00
  1.781840e-01,  3.591141e+02
  1.944472e-01,  6.369603e+00
  1.917180e-01,  9.530073e+00
  1.823849e-01,  7.654747e-01
  1.971297e-01,  7.493301e+00
  1.910137e-01,  9.148597e+00
  1.770927e-01,  1.346726e+00
  1.953691e-01,  8.944006e+00
  1.869885e-01,  6.519476e+00
  1.785223e-01,  3.583018e+02
  1.909960e-01,  4.577603e+00
  1.896300e-01,  7.252939e+00
  1.772417e-01,  3.266417e+00
  1.895424e-01,  9.543730e-01
  1.860629e-01,  7.780830e+00
  1.811891e-01,  4.343284e+00
  1.963933e-01,  4.479809e+00
  1.891608e-01,  6.181607e+00
  1.908232e-01,  4.378539e+00
  1.918819e-01,  2.572991e+00
  1.875616e-01,  5.869138e+00
  1.793327e-01,  2.028144e+00
  1.880746e-01,  1.325014e+00
  1.861016e-01,  8.698109e+00
  1.837636e-01,  4.273776e+00
  1.936230e-01,  3.236989e+00
  1.811858e-01,  7.349710e+00
  1.819654e-01,  6.332270e+00
  1.920669e-01,  8.380675e-01
  1.904355e-01,  7.842833e+00
  1.784846e-01,  4.794377e+00
  1.969020e-01,  3.170679e+00
  1.998870e-01,  1.088528e+01
  1.865021e-01,  6.355667e+00
  1.873356e-01,  3.583246e+02
  1.888181e-01,  9.868617e+00
  1.934673e-01,  6.188580e+00
  1.830592e-01,  3.581146e+02
  1.878391e-01,  8.565418e+00
  1.856058e-01,  3.682075e+00
  1.867730e-01,  1.764960e+00
  1.902623e-01,  8.373580e+00
  1.852872e-01,  6.817490e+00
  1.932554e-01,  5.347296e-02
  1.925906e-01,  8.450966e+00
  1.840776e-01,  5.252613e+00
  1.875014e-01,  9.831711e-01
  1.956668e-01,  7.640484e+00
  1.709814e-01,  6.024816e+00
  1.918152e-01,  4.794838e+00
  1.957235e-01,  5.466511e+00
  1.727464e-01,  5.336741e+00
  1.875252e-01,  3.758970e-01
  1.820311e-01,  3.691424e+00
  1.810653e-01,  7.550225e+00
  1.874458e-01,  1.399188e+00
  1.963118e-01,  5.965947e+00
  1.848519e-01,  9.170424e+00
  1.914960e-01,  1.683894e+00
  1.879379e-01,  3.777964e+00
  1.765136e-01,  6.836510e+00
  1.864464e-01,  1.372825e+00
  1.909824e-01,  4.632926e+00
  1.879994e-01,  8.193124e+00
  1.901333e-01,  3.435557e+00
  1.954634e-01,  7.209832e+00
  1.801971e-01,  7.679403e+00
  1.860358e-01,  6.162423e-01
  1.900776e-01,  4.651679e+00
  1.852352e-01,  8.218098e+00
  1.883093e-01,  3.585078e+02
  1.868889e-01,  4.801705e+00
  1.870158e-01,  6.929347e+00
  1.829186e-01,  6.403294e-01
  1.860427e-01,  4.197094e+00
  1.912320e-01,  7.175092e+00
  1.819404e-01,  4.817275e+00
  1.969782e-01,  3.786419e+00
  1.832577e-01,  8.989443e+00
  1.836973e-01,  4.381501e+00
  1.986241e-01,  4.748021e+00
  1.780592e-01,  6.243423e+00
  1.811981e-01,  1.424278e+00
  1.886654e-01,  3.690301e+00
  1.890309e-01,  8.549032e+00
  1.799306e-01,  3.586452e+02
  1.950717e-01,  5.692614e+00
  1.891837e-01,  8.606521e+00
  1.831164e-01,  4.463797e-01
  2.039729e-01,  6.335457e+00
  1.965524e-01,  1.203203e+01
  1.897081e-01,  6.516223e+00
  1.875682e-01,  3.597015e+02
  1.862602e-01,  9.665861e+00
  1.843544e-01,  3.974197e+00
  1.912709e-01,  1.480183e+00
  1.903139e-01,  7.214534e+00
  1.830186e-01,  5.194298e+00
  1.973835e-01,  4.693314e+00
  1.897134e-01,  7.524861e+00
  1.831304e-01,  4.610589e+00
  1.953524e-01,  2.679924e+00
  1.868051e-01,  8.037302e+00
  1.842485e-01,  6.299295e+00
  1.965833e-01,  2.620408e+00
  1.843013e-01,  8.145971e+00
  1.897442e-01,  6.307379e+00
  1.934587e-01,  2.083875e+00
  1.891200e-01,  1.034733e+01
  1.949539e-01,  8.449645e+00
  1.830824e-01,  3.595160e+02
  1.916541e-01,  8.726501e+00
  1.866413e-01,  5.874565e+00
  1.959073e-01,  2.601511e+00
  1.905964e-01,  8.345182e+00
  1.689742e-01,  1.700535e-01
  1.923786e-01,  4.221924e+00
  1.871280e-01,  7.230495e+00
  1.859947e-01,  7.174702e+00
  1.911407e-01,  6.954502e-01
  1.899314e-01,  6.495322e+00
  1.899118e-01,  1.047286e+01
  1.880203e-01,  2.594461e+00
  1.967287e-01,  7.497985e+00
  1.821074e-01,  6.444966e+00
  1.917627e-01,  2.263810e+00
  1.916412e-01,  5.693390e+00
  1.669087e-01,  6.522413e-01
  1.888062e-01,  2.159509e+00
  1.953526e-01,  9.210688e+00
  1.759095e-01,  5.119741e+00
  1.905452e-01,  2.724780e+00
  1.927254e-01,  4.273471e+00
  1.745274e-01,  5.246638e+00
  1.870636e-01,  3.672639e+00
  2.004893e-01,  7.718016e+00
  1.778305e-01,  4.377779e+00
  1.840201e-01,  4.192164e+00
  1.960495e-01,  7.991196e+00
  1.901953e-01,  8.759859e+00
  1.871969e-01,  7.287701e-01
  1.894143e-01,  3.425625e+00
  1.814517e-01,  7.411353e+00
  1.810679e-01,  3.596684e+02
  1.919184e-01,  4.633513e+00
  1.769414e-01,  7.030860e+00
  1.882739e-01,  1.911324e+00
  1.948834e-01,  5.060467e+00
  1.816194e-01,  8.746865e+00
  1.866785e-01,  6.979880e-01
  1.896597e-01,  3.856702e+00
  1.823499e-01,  7.039671e+00
  1.926038e-01,  3.913472e+00
  1.890991e-01,  8.309426e-01
  1.889119e-01,  1.016147e+01
  1.940455e-01,  5.494576e+00
  1.915852e-01,  2.518524e+00
  1.790249e-01,  7.081511e+00
  1.807839e-01,  1.374578e+00
  1.962027e-01,  6.150521e+00
  1.889258e-01,  1.034655e+01
  1.904472e-01,  1.939406e+00
  1.877818e-01,  7.366631e-01
  1.901357e-01,  1.244406e+01
  1.919839e-01,  2.630144e+00
  1.914425e-01,  7.803877e-01
  1.835528e-01,  1.069332e+01
  1.863668e-01,  2.413304e+00
  1.892748e-01,  1.781940e+00
  1.953722e-01,  1.173027e+01
  1.807536e-01,  1.646687e+00
  1.866123e-01,  1.000668e+00
  1.840100e-01,  5.382500e+00
  1.765813e-01,  1.555120e+00
  2.047228e-01,  5.208590e+00
  1.868302e-01,  1.018866e+01
  1.862105e-01,  2.680145e+00
  1.887875e-01,  3.595176e+02
  1.842745e-01,  9.524874e+00
  1.913937e-01,  5.749423e+00
  1.864246e-01,  2.065167e+00
  1.850212e-01,  6.916444e+00
  1.834959e-01,  5.953279e+00
  1.913297e-01,  7.769297e-01
  1.864375e-01,  6.517949e+00
  1.732100e-01,  1.314586e+00
  1.897517e-01,  3.097798e+00
  1.934256e-01,  6.558683e+00
  1.788155e-01,  4.615499e+00
  1.859089e-01,  4.032624e+00
  1.926550e-01,  4.799625e+00
  1.794237e-01,  8.722866e+00
  1.997174e-01,  1.927175e+00
  1.912932e-01,  5.667705e+00
  1.750094e-01,  6.743022e+00
  1.938893e-01,  2.898964e+00
  1.902825e-01,  8.506083e+00
  1.819483e-01,  7.266231e+00
  1.922678e-01,  1.535786e+00
  1.951006e-01,  7.843661e+00
  1.759602e-01,  6.490418e+00
  1.920644e-01,  1.515803e+00
  1.828519e-01,  5.112862e+00
  1.874073e-01,  7.155976e+00
  1.947724e-01,  2.025567e+00
  1.961882e-01,  6.686453e+00
  1.873897e-01,  8.583733e+00
  1.865470e-01,  3.555328e+02
  1.901620e-01,  7.317088e+00
  1.781206e-01,  7.719431e+00
  1.922497e-01,  1.168152e+00
  1.875235e-01,  7.870452e+00
  1.845298e-01,  9.253022e+00
  1.830764e-01,  3.596946e+02
  1.786540e-01,  1.523045e+00
  1.771278e-01,  8.032204e+00
  1.894676e-01,  1.622500e+00
  1.933582e-01,  6.862539e+00
  1.892608e-01,  6.941335e+00
  1.836858e-01,  1.814078e+00
  1.912909e-01,  4.361599e+00
  1.848787e-01,  8.419040e+00
  1.844007e-01,  3.593101e+02
  1.885383e-01,  3.575167e+00
  1.811582e-01,  7.878195e+00
  1.865068e-01,  7.362922e-01
  1.911481e-01,  4.493419e+00
  1.900068e-01,  9.344986e+00
  1.841180e-01,  1.150647e+00
  1.957610e-01,  3.504721e+00
  1.811309e-01,  9.732123e+00
  1.867024e-01,  9.231554e-01
  1.966974e-01,  5.780066e+00
  1.888016e-01,  8.860552e+00
  1.873128e-01,  2.844859e+00
  1.911460e-01,  1.824381e+00
  1.891548e-01,  1.076273e+01
  1.828625e-01,  1.569512e+00
  1.909564e-01,  3.400991e+00
  1.906683e-01,  9.861104e+00
  1.824666e-01,  3.202900e+00
  1.920754e-01,  4.064090e+00
  1.923044e-01,  6.550157e+00
  1.775840e-01,  3.850127e+00
  1.915434e-01,  2.018918e+00
  1.901275e-01,  1.148182e+01
  1.851948e-01,  2.909848e+00
  1.962297e-01,  2.531415e+00
  1.886870e-01,  1.165800e+01
  1.888834e-01,  5.306166e-01
  1.926542e-01,  1.953945e+00
  1.888791e-01,  8.163972e+00
  1.851036e-01,  2.364249e+00
  1.930540e-01,  5.149209e+00
  1.964150e-01,  8.784285e+00
  1.798755e-01,  3.911238e+00
  1.884070e-01,  1.372332e+00
  1.892971e-01,  8.412538e+00
  1.836635e-01,  4.446482e+00
  1.890125e-01,  6.030031e-01
  1.824003e-01,  8.708610e+00
  1.790593e-01,  5.235250e+00
  1.941797e-01,  2.904779e+00
  1.904009e-01,  8.989563e+00
  1.842802e-01,  5.531225e+00
  1.902719e-01,  3.366510e+00
  1.919743e-01,  8.824984e+00
  1.859543e-01,  8.979805e+00
  1.965437e-01,  3.841221e+00
  1.977502e-01,  9.083467e+00
  1.823818e-01,  5.875848e+00
  1.967432e-01,  4.438424e+00
  1.859509e-01,  7.456754e+00
  1.804297e-01,  2.089346e+00
  1.852195e-01,  2.662756e-01
  1.945496e-01,  7.009915e+00
  1.894544e-01,  8.210547e+00
  1.901963e-01,  3.597761e+02
  1.904789e-01,  7.087739e+00
  1.775661e-01,  3.645289e+00
  1.909080e-01,  4.387068e+00
  1.937658e-01,  8.410352e+00
  1.842568e-01,  7.113621e+00
  1.855513e-01,  3.590044e+02
  1.864309e-01,  6.968018e+00
  1.899678e-01,  8.955422e+00
  1.866929e-01,  8.390285e-01
  1.891477e-01,  6.804998e+00
  1.831762e-01,  7.389281e+00
  1.882376e-01,  3.107506e+00
  1.979915e-01,  7.547917e+00
  1.887935e-01,  1.049678e+01
  1.873064e-01,  6.369132e-01
  1.910890e-01,  9.220358e+00
  1.861842e-01,  5.361785e+00
  1.811429e-01,  3.597418e+02
  1.949268e-01,  5.380622e+00
  1.813561e-01,  7.196817e+00
  1.916255e-01,  7.174205e+00
  1.935387e-01,  5.007894e+00
  1.769972e-01,  5.640982e+00
  1.785934e-01,  4.346411e-01
  1.860857e-01,  1.386125e+00
  1.797240e-01,  9.050092e+00
  1.882041e-01,  3.592034e+02
  1.897680e-01,  3.109752e+00
  1.779144e-01,  9.729955e+00
  1.816791e-01,  2.669555e+00
  1.931492e-01,  7.062582e+00
  1.864546e-01,  6.626175e+00
  1.818955e-01,  1.991876e+00
  1.957961e-01,  5.104355e+00
  1.829094e-01,  5.935663e+00
  1.914520e-01,  7.186746e+00
  1.941340e-01,  3.713758e+00
  1.922907e-01,  9.502277e+00
  1.908777e-01,  3.931137e+00
  1.948130e-01,  3.503929e+00
  1.842917e-01,  8.018898e+00
  1.848174e-01,  4.169638e+00
  1.922261e-01,  4.906928e+00
  1.857014e-01,  4.915713e+00
  1.804933e-01,  4.795417e+00
  1.948511e-01,  3.576477e+02
  1.885890e-01,  1.408671e+01
  1.918942e-01,  4.150462e+00
  1.924767e-01,  3.676072e+00
  1.850928e-01,  5.772574e+00
  1.861864e-01,  4.786409e+00
  1.878526e-01,  3.096973e-01
  1.839082e-01,  6.952314e+00
  1.872513e-01,  7.572767e+00
  1.959330e-01,  1.734930e+00
  1.864798e-01,  7.861326e+00
  1.848932e-01,  4.363227e+00
  1.928136e-01,  1.486454e+00
  1.921445e-01,  6.101955e+00
  1.689406e-01,  4.936009e+00
  1.938583e-01,  3.597453e+02
  1.896193e-01,  1.232327e+01
  1.864778e-01,  3.847741e+00
  1.904135e-01,  3.493846e+00
  1.893749e-01,  5.313933e+00
  1.741157e-01,  6.637070e+00
  2.003208e-01,  8.204443e-01
  1.897839e-01,  9.124510e+00
  1.780912e-01,  9.351167e-01
  1.907501e-01,  4.068016e+00
  1.862539e-01,  5.635234e+00
  1.772089e-01,  4.454486e+00
  1.918178e-01,  4.461804e+00
  1.954569e-01,  6.825063e+00
  1.781075e-01,  6.735093e+00
  1.903623e-01,  2.221482e-01
  1.834024e-01,  4.871668e+00
  1.903946e-01,  9.615114e+00
  1.835950e-01,  7.941804e-01
  1.974094e-01,  8.133117e+00
  1.829591e-01,  8.433890e+00
  1.894626e-01,  8.740288e-02
  1.890553e-01,  8.634315e+00
  1.843406e-01,  3.898633e+00
  1.790713e-01,  3.995550e+00
  1.916330e-01,  4.850778e-01
  1.815600e-01,  1.252901e+01
  1.865729e-01,  3.569654e+02
  1.885057e-01,  1.107973e+01
  1.898183e-01,  2.141233e+00
  1.902286e-01,  7.834568e+00
  1.953313e-01,  2.051793e+00
  1.741914e-01,  1.035407e+01
  1.862817e-01,  1.640443e+00
  1.991398e-01,  6.199591e+00
  1.823116e-01,  8.632820e+00
  1.890225e-01,  2.442091e-01
  1.881335e-01,  3.947362e+00
  1.835319e-01,  5.781945e+00
  1.837136e-01,  1.489324e+00
  1.972309e-01,  6.090945e+00
  1.763736e-01,  1.048812e+01
  1.907146e-01,  3.570529e+02
  1.894241e-01,  9.223484e+00
  1.968187e-01,  5.989944e+00
  1.809314e-01,  6.940097e+00
  1.941531e-01,  3.530644e+02
  1.858427e-01,  2.045495e+01
  1.879052e-01,  3.480581e+02
  1.965527e-01,  1.889212e+01
  1.874974e-01,  3.545382e+02
  1.936778e-01,  2.038032e+01
  2.054540e-01,  3.485959e+02
  2.013267e-01,  2.711194e+01
  1.851903e-01,  3.382711e+02
  2.036695e-01,  2.552346e+01
  1.928707e-01,  3.446603e+02
  2.004687e-01,  2.839253e+01
  2.085411e-01,  3.449719e+02
  2.416449e+00,  8.844453e+01
  9.240372e+00,  1.322260e+02
  2.142355e+01,  1.372860e+02
  2.604502e+01,  1.420855e+02
  2.619488e+01,  1.462313e+02
  2.450647e+01,  1.491474e+02
  2.187409e+01,  1.514879e+02
  1.779380e+01,  1.535900e+02
  1.406534e+01,  1.514958e+02
  1.041638e+01,  1.411561e+02
  6.375850e+00,  1.156026e+02
  4.383598e+00,  3.964892e+01
  9.697063e+00,  3.575828e+02
  1.620221e+01,  3.477212e+02
  2.236913e+01,  3.433259e+02
  2.739328e+01,  3.397288e+02
  2.941464e+01,  3.386598e+02
  2.939550e+01,  3.393124e+02
  2.807173e+01,  3.364774e+02
  2.512353e+01,  3.280790e+02
  1.994143e+01,  3.169514e+02
  1.506714e+01,  3.086740e+02
  1.130685e+01,  3.032926e+02
  7.702010e+00,  2.966530e+02
  3.808580e+00,  3.076240e+02
  3.567567e+00,  1.939567e+01
  6.876924e+00,  3.650449e+01
  1.032142e+01,  3.748353e+01
  1.410343e+01,  3.626571e+01
  1.760530e+01,  3.377138e+01
  2.048997e+01,  3.071051e+01
  2.337686e+01,  3.094342e+01
  2.468280e+01,  3.266574e+01
  2.394824e+01,  3.460892e+01
  2.207346e+01,  3.556929e+01
  1.937937e+01,  3.558440e+01
  1.667564e+01,  3.557289e+01
  1.370491e+01,  3.472893e+01
  1.069739e+01,  3.045225e+01
  8.178636e+00,  1.982322e+01
  6.566265e+00,  3.581011e+02
  5.806936e+00,  3.281863e+02
  6.036645e+00,  2.941115e+02
  7.906948e+00,  2.753844e+02
  1.027002e+01,  2.784338e+02
  1.169067e+01,  2.867205e+02
  1.213874e+01,  2.949107e+02
  1.335048e+01,  3.056653e+02
  1.571043e+01,  3.166385e+02
  1.747511e+01,  3.238404e+02
  1.861720e+01,  3.270689e+02
  1.980606e+01,  3.260346e+02
  1.996593e+01,  3.238870e+02
  1.849395e+01,  3.214847e+02
  1.697426e+01,  3.182579e+02
  1.588015e+01,  3.136135e+02
  1.364701e+01,  3.087912e+02
  1.099243e+01,  3.044324e+02
  9.617903e+00,  3.013068e+02
  8.602043e+00,  2.980973e+02
  6.233796e+00,  2.835387e+02
  4.735283e+00,  2.417193e+02
  6.609898e+00,  2.017950e+02
  1.032961e+01,  1.851439e+02
  1.464793e+01,  1.792409e+02
  1.777444e+01,  1.776628e+02
  1.962468e+01,  1.759157e+02
  1.995041e+01,  1.732558e+02
  1.917819e+01,  1.701165e+02
  1.764975e+01,  1.650026e+02
  1.634034e+01,  1.576118e+02
  1.583530e+01,  1.499706e+02
  1.591994e+01,  1.452912e+02
  1.538815e+01,  1.419454e+02
  1.358336e+01,  1.396000e+02
  1.102121e+01,  1.390925e+02
  8.042177e+00,  1.422425e+02
  4.684482e+00,  1.515783e+02
  1.806762e+00,  2.158913e+02
  4.622687e+00,  2.670918e+02
  8.143555e+00,  2.541993e+02
  1.211787e+01,  2.393566e+02
  1.567674e+01,  2.353941e+02
  1.890714e+01,  2.347356e+02
  2.209114e+01,  2.344184e+02
  2.438381e+01,  2.336606e+02
  2.366855e+01,  2.362516e+02
  2.156719e+01,  2.389340e+02
  1.762504e+01,  2.402465e+02
  1.365381e+01,  2.383103e+02
  1.040304e+01,  2.370600e+02
  8.873894e+00,  2.276515e+02
  8.260001e+00,  2.103041e+02
  1.077609e+01,  1.957382e+02
  1.470637e+01,  1.957128e+02
  1.864647e+01,  1.990730e+02
  1.954347e+01,  1.964187e+02
  1.367214e+01,  1.867041e+02
  4.809160e+00,  3.260263e+01
  1.782200e+00,  1.313885e+02
##END=