##TITLE= twqubit_C5180_H_25000.txt
##JCAMP-DX= 5.00 Bruker JCAMP library
##DATA TYPE= Shape Data
##ORIGIN= Colm's GRAPE Pulses 
##OWNER= caryan
##DATE= 05-Feb-2015
##TIME= 16:10
##MINX= 1.312626e-01
##MAXX= 3.112708e+01
##MINY= 1.854536e+00
##MAXY= 3.594500e+02
##$SHAPE_EXMODE= None
##$SHAPE_TOTROT= 9.000000e+01
##$SHAPE_BWFAC= 1.000000e+00
##$SHAPE_INTEGFAC= 1.000000e+00
##$SHAPE_MODE= 1
##NPOINTS= 200
##XYPOINTS= (XY..XY)
  1.312626e-01,  1.668781e+01
  1.682195e+00,  3.594500e+02
  9.183862e+00,  3.546153e+02
  1.896936e+01,  3.508767e+02
  2.234273e+01,  3.460190e+02
  2.058266e+01,  3.420130e+02
  1.740203e+01,  3.420365e+02
  1.398971e+01,  3.466283e+02
  1.049731e+01,  3.559836e+02
  7.290687e+00,  1.513811e+01
  5.593248e+00,  5.351056e+01
  6.825783e+00,  9.738007e+01
  1.032780e+01,  1.232429e+02
  1.465998e+01,  1.355465e+02
  1.852672e+01,  1.406674e+02
  2.097295e+01,  1.419548e+02
  2.163095e+01,  1.408917e+02
  2.072803e+01,  1.382259e+02
  1.885278e+01,  1.345810e+02
  1.655052e+01,  1.306004e+02
  1.424483e+01,  1.269105e+02
  1.229197e+01,  1.237395e+02
  1.079077e+01,  1.206067e+02
  9.628610e+00,  1.174102e+02
  8.732112e+00,  1.154488e+02
  8.156092e+00,  1.156487e+02
  7.934362e+00,  1.169234e+02
  7.901424e+00,  1.178360e+02
  7.944928e+00,  1.177416e+02
  8.164023e+00,  1.165575e+02
  8.511633e+00,  1.147729e+02
  8.790640e+00,  1.124493e+02
  9.151354e+00,  1.093176e+02
  9.987780e+00,  1.053020e+02
  1.141196e+01,  9.986100e+01
  1.320722e+01,  9.314179e+01
  1.504030e+01,  8.626889e+01
  1.695189e+01,  7.954443e+01
  1.961745e+01,  7.340634e+01
  2.311004e+01,  6.914012e+01
  2.606941e+01,  6.688808e+01
  2.710585e+01,  6.613724e+01
  2.603480e+01,  6.690584e+01
  2.330727e+01,  6.921261e+01
  1.930981e+01,  7.270611e+01
  1.455315e+01,  7.784975e+01
  9.790679e+00,  8.821252e+01
  6.076368e+00,  1.149883e+02
  5.608253e+00,  1.641557e+02
  8.151520e+00,  1.937551e+02
  1.095016e+01,  2.053723e+02
  1.299103e+01,  2.110997e+02
  1.406034e+01,  2.150342e+02
  1.424122e+01,  2.186112e+02
  1.386353e+01,  2.224831e+02
  1.337436e+01,  2.261537e+02
  1.302390e+01,  2.276820e+02
  1.279434e+01,  2.255871e+02
  1.273570e+01,  2.203283e+02
  1.320581e+01,  2.131515e+02
  1.457787e+01,  2.044986e+02
  1.674213e+01,  1.945389e+02
  1.922942e+01,  1.850503e+02
  2.153314e+01,  1.786952e+02
  2.319338e+01,  1.760553e+02
  2.389522e+01,  1.755782e+02
  2.349236e+01,  1.763965e+02
  2.199584e+01,  1.789611e+02
  1.946074e+01,  1.831984e+02
  1.594464e+01,  1.883337e+02
  1.165732e+01,  1.943491e+02
  7.258613e+00,  2.029259e+02
  4.104462e+00,  2.242190e+02
  4.261754e+00,  2.693439e+02
  7.577098e+00,  2.910312e+02
  1.122211e+01,  2.973225e+02
  1.388279e+01,  2.994493e+02
  1.552100e+01,  3.003723e+02
  1.644927e+01,  3.011851e+02
  1.706198e+01,  3.027732e+02
  1.753406e+01,  3.047864e+02
  1.772306e+01,  3.059882e+02
  1.737357e+01,  3.069025e+02
  1.621377e+01,  3.093428e+02
  1.411712e+01,  3.140470e+02
  1.133924e+01,  3.227281e+02
  8.707883e+00,  3.429176e+02
  8.355552e+00,  1.959762e+01
  1.140102e+01,  4.808317e+01
  1.568235e+01,  5.971976e+01
  1.986142e+01,  6.261431e+01
  2.364209e+01,  6.173298e+01
  2.676601e+01,  5.897608e+01
  2.897195e+01,  5.462178e+01
  3.033413e+01,  4.907953e+01
  3.112708e+01,  4.349701e+01
  3.094420e+01,  3.918036e+01
  2.370787e+01,  4.230626e+01
  1.028219e+01,  1.482640e+02
  3.045184e+00,  3.000653e+02
  2.041224e+00,  2.148178e+02
  3.662501e+00,  3.180773e+02
  1.241786e+01,  3.456144e+02
  1.940610e+01,  3.530237e+02
  2.098227e+01,  3.547908e+02
  1.913921e+01,  3.571376e+02
  1.723174e+01,  1.854536e+00
  1.539576e+01,  8.761192e+00
  1.323641e+01,  1.798693e+01
  1.082846e+01,  3.233701e+01
  9.060104e+00,  5.653320e+01
  9.330301e+00,  8.873988e+01
  1.207772e+01,  1.141417e+02
  1.594321e+01,  1.272735e+02
  1.953141e+01,  1.327263e+02
  2.219040e+01,  1.345381e+02
  2.362337e+01,  1.348015e+02
  2.370965e+01,  1.345516e+02
  2.263620e+01,  1.341769e+02
  2.082926e+01,  1.334238e+02
  1.876984e+01,  1.318132e+02
  1.683580e+01,  1.292041e+02
  1.513180e+01,  1.256392e+02
  1.371219e+01,  1.208148e+02
  1.285593e+01,  1.147660e+02
  1.263518e+01,  1.087553e+02
  1.261760e+01,  1.037789e+02
  1.240615e+01,  9.950505e+01
  1.193455e+01,  9.549165e+01
  1.118364e+01,  9.219592e+01
  1.016077e+01,  9.039094e+01
  9.131157e+00,  8.969073e+01
  8.443201e+00,  8.906035e+01
  8.259736e+00,  8.942257e+01
  8.646901e+00,  9.144801e+01
  9.514126e+00,  9.167454e+01
  1.059495e+01,  8.779294e+01
  1.219687e+01,  8.308285e+01
  1.513273e+01,  8.144362e+01
  1.933618e+01,  8.173000e+01
  2.323391e+01,  8.172980e+01
  2.544017e+01,  8.142579e+01
  2.599604e+01,  8.143553e+01
  2.524576e+01,  8.168929e+01
  2.311480e+01,  8.180000e+01
  1.979971e+01,  8.230817e+01
  1.576377e+01,  8.502138e+01
  1.132347e+01,  9.282817e+01
  7.168172e+00,  1.133346e+02
  5.573757e+00,  1.595070e+02
  7.725532e+00,  1.957447e+02
  1.053523e+01,  2.101861e+02
  1.249933e+01,  2.173734e+02
  1.333734e+01,  2.224290e+02
  1.327537e+01,  2.270253e+02
  1.279024e+01,  2.310981e+02
  1.219186e+01,  2.330468e+02
  1.147053e+01,  2.314100e+02
  1.069130e+01,  2.259286e+02
  1.049381e+01,  2.166760e+02
  1.169617e+01,  2.047440e+02
  1.406653e+01,  1.921669e+02
  1.656976e+01,  1.801645e+02
  1.861963e+01,  1.707871e+02
  2.002446e+01,  1.657523e+02
  2.065243e+01,  1.643715e+02
  2.037896e+01,  1.654701e+02
  1.915007e+01,  1.690801e+02
  1.712819e+01,  1.751469e+02
  1.452794e+01,  1.824785e+02
  1.138967e+01,  1.895521e+02
  7.709260e+00,  1.947957e+02
  4.084694e+00,  1.984923e+02
  2.016321e+00,  2.251971e+02
  3.134106e+00,  2.670204e+02
  5.323127e+00,  2.760139e+02
  7.113546e+00,  2.791604e+02
  8.487786e+00,  2.815736e+02
  9.554955e+00,  2.844607e+02
  1.044456e+01,  2.883955e+02
  1.124380e+01,  2.937918e+02
  1.184379e+01,  3.000549e+02
  1.201817e+01,  3.059489e+02
  1.155576e+01,  3.118566e+02
  1.044427e+01,  3.203144e+02
  9.037167e+00,  3.347127e+02
  8.214790e+00,  3.579245e+02
  9.182450e+00,  2.520819e+01
  1.201263e+01,  4.513568e+01
  1.548987e+01,  5.637650e+01
  1.871033e+01,  6.217281e+01
  2.172577e+01,  6.456508e+01
  2.477017e+01,  6.481629e+01
  2.742569e+01,  6.362722e+01
  2.926529e+01,  6.093974e+01
  3.040865e+01,  5.640429e+01
  2.936663e+01,  5.069939e+01
  1.765099e+01,  5.240243e+01
  4.057922e+00,  1.767620e+02
  1.091444e+00,  3.560932e+02
##END=
