##TITLE= twqubit_encoding2_Hfix2
##JCAMP-DX= 5.00 Bruker JCAMP library
##DATA TYPE= Shape Data
##ORIGIN= Colm Fixed Pulses 
##OWNER= d29lu
##DATE= 21-Apr-2015
##TIME= 19:24
##MINX= 5.205751e-03
##MAXX= 3.624169e+01
##MINY= -1.798330e+02
##MAXY= 1.798878e+02
##$SHAPE_EXMODE= None
##$SHAPE_TOTROT= 9.000000e+01
##$SHAPE_BWFAC= 1.000000e+00
##$SHAPE_INTEGFAC= 1.000000e+00
##$SHAPE_MODE= 1
##NPOINTS= 2128
##XYPOINTS= (XY..XY)
  2.473228e+00,  1.316284e+02
  1.521576e+00,  1.337587e+02
  2.233479e+00,  -1.232343e+01
  6.860042e+00,  -1.672369e+01
  9.918071e+00,  -2.046328e+01
  1.355405e+01,  -2.319837e+01
  1.758583e+01,  -2.424348e+01
  2.043082e+01,  -2.389650e+01
  2.183802e+01,  -2.283970e+01
  2.267195e+01,  -2.092012e+01
  2.311108e+01,  -1.747587e+01
  2.266370e+01,  -1.337546e+01
  2.101209e+01,  -1.072578e+01
  1.880554e+01,  -1.029742e+01
  1.694869e+01,  -1.107477e+01
  1.485912e+01,  -1.317809e+01
  1.195096e+01,  -1.870908e+01
  9.322434e+00,  -2.734643e+01
  7.499257e+00,  -3.477506e+01
  5.764740e+00,  -4.307255e+01
  4.202288e+00,  -6.152304e+01
  3.622862e+00,  -8.958771e+01
  3.890737e+00,  -1.154463e+02
  4.978935e+00,  -1.373764e+02
  6.834648e+00,  -1.508898e+02
  8.598164e+00,  -1.579105e+02
  9.722912e+00,  -1.631570e+02
  1.034822e+01,  -1.686417e+02
  1.092809e+01,  -1.738444e+02
  1.163452e+01,  -1.786386e+02
  1.216533e+01,  1.750217e+02
  1.254592e+01,  1.674572e+02
  1.304759e+01,  1.629485e+02
  1.349709e+01,  1.629937e+02
  1.361727e+01,  1.655479e+02
  1.334588e+01,  1.705626e+02
  1.297976e+01,  1.787197e+02
  1.281804e+01,  -1.722159e+02
  1.271743e+01,  -1.644530e+02
  1.254162e+01,  -1.582595e+02
  1.215530e+01,  -1.541287e+02
  1.122759e+01,  -1.508554e+02
  9.843500e+00,  -1.452910e+02
  8.480469e+00,  -1.377226e+02
  7.135544e+00,  -1.322735e+02
  5.583757e+00,  -1.284191e+02
  3.917269e+00,  -1.211688e+02
  2.420342e+00,  -1.174642e+02
  1.648281e+00,  -1.498385e+02
  2.211158e+00,  1.726839e+02
  3.168605e+00,  1.561492e+02
  5.434933e+00,  1.559706e+02
  9.395197e+00,  1.637678e+02
  1.358408e+01,  1.698407e+02
  1.705689e+01,  1.737959e+02
  2.033022e+01,  1.769817e+02
  2.322851e+01,  1.794706e+02
  2.451698e+01,  -1.793899e+02
  2.369568e+01,  -1.795129e+02
  2.168417e+01,  1.798878e+02
  1.947839e+01,  1.793491e+02
  1.700493e+01,  1.789743e+02
  1.407834e+01,  1.791749e+02
  1.123491e+01,  -1.798330e+02
  8.604023e+00,  -1.791094e+02
  5.776811e+00,  -1.786909e+02
  3.174773e+00,  -1.728366e+02
  1.746277e+00,  -1.486331e+02
  1.361680e+00,  -1.144534e+02
  1.332335e+00,  -7.537174e+01
  1.837437e+00,  -4.105835e+01
  2.638827e+00,  -2.169615e+01
  3.643823e+00,  -1.378924e+01
  5.091299e+00,  -1.631998e+01
  7.085250e+00,  -2.123244e+01
  9.108872e+00,  -2.377377e+01
  1.081299e+01,  -2.519157e+01
  1.237844e+01,  -2.666399e+01
  1.385143e+01,  -2.805772e+01
  1.518328e+01,  -2.913734e+01
  1.649488e+01,  -2.938859e+01
  1.775059e+01,  -2.812882e+01
  1.865658e+01,  -2.499250e+01
  1.870690e+01,  -2.011003e+01
  1.754634e+01,  -1.494103e+01
  1.566911e+01,  -1.205254e+01
  1.391265e+01,  -1.150392e+01
  1.216342e+01,  -9.613424e+00
  9.832270e+00,  -6.456704e+00
  7.037261e+00,  -7.818150e+00
  4.426339e+00,  -1.542646e+01
  2.103871e+00,  -2.438612e+01
  9.895276e-01,  -1.259708e+02
  4.005224e+00,  -1.536981e+02
  6.737035e+00,  -1.572764e+02
  7.468462e+00,  -1.622679e+02
  7.394188e+00,  -1.609911e+02
  9.359416e+00,  -1.511072e+02
  7.568016e+00,  1.726751e+02
  7.456990e+00,  2.938632e+01
  2.323832e+00,  -1.331585e+02
  1.159037e+00,  -1.697813e+02
  8.964871e-01,  5.198108e+01
  6.872221e-01,  2.147489e+01
  3.989400e-01,  -1.399988e+02
  4.646511e-01,  -1.796005e+02
  4.028802e-01,  6.371784e+01
  4.691187e-01,  2.993896e+01
  5.205751e-03,  -1.036646e+02
  2.341320e-01,  1.566435e+02
  2.874773e-01,  7.713347e+01
  3.509348e-01,  3.625115e+01
  1.409590e-01,  1.922225e+01
  9.447020e-02,  1.118288e+02
  2.295449e-01,  7.556619e+01
  2.878297e-01,  4.656122e+01
  1.870892e-01,  3.532240e+01
  1.222992e-01,  6.920722e+01
  2.074310e-01,  7.278249e+01
  2.501766e-01,  5.434653e+01
  2.024457e-01,  4.338744e+01
  1.580449e-01,  5.592406e+01
  1.998733e-01,  6.488034e+01
  2.293817e-01,  5.382832e+01
  2.014456e-01,  4.076105e+01
  1.632385e-01,  4.186616e+01
  1.780399e-01,  5.357711e+01
  2.097957e-01,  5.245078e+01
  2.055833e-01,  4.532368e+01
  1.853371e-01,  4.543202e+01
  1.911561e-01,  5.406752e+01
  2.108325e-01,  5.634000e+01
  2.065470e-01,  5.106045e+01
  1.887406e-01,  4.717100e+01
  1.861057e-01,  5.118403e+01
  2.004330e-01,  5.580567e+01
  2.050381e-01,  5.439689e+01
  1.965384e-01,  4.991281e+01
  1.931398e-01,  4.822546e+01
  1.993628e-01,  4.987499e+01
  2.021441e-01,  5.067702e+01
  1.954784e-01,  4.974548e+01
  1.903950e-01,  4.955709e+01
  1.943074e-01,  5.108157e+01
  1.995611e-01,  5.239629e+01
  1.980587e-01,  5.275220e+01
  1.944053e-01,  5.305116e+01
  1.953398e-01,  5.306496e+01
  1.973059e-01,  5.147342e+01
  1.941444e-01,  4.911121e+01
  1.888074e-01,  4.920222e+01
  1.901879e-01,  5.282726e+01
  1.988658e-01,  5.593267e+01
  2.038018e-01,  5.543426e+01
  2.001004e-01,  5.317977e+01
  1.945159e-01,  5.259736e+01
  1.944816e-01,  5.372810e+01
  1.978893e-01,  5.329384e+01
  1.977390e-01,  5.052535e+01
  1.933572e-01,  4.847790e+01
  1.902711e-01,  4.961017e+01
  1.923365e-01,  5.171962e+01
  1.952330e-01,  5.108715e+01
  1.947133e-01,  4.823914e+01
  1.931717e-01,  4.729053e+01
  1.951669e-01,  5.037710e+01
  2.006171e-01,  5.417284e+01
  2.023634e-01,  5.454657e+01
  1.982240e-01,  5.172179e+01
  1.938589e-01,  4.954013e+01
  1.931350e-01,  5.059374e+01
  1.951260e-01,  5.275698e+01
  1.959432e-01,  5.284173e+01
  1.943913e-01,  5.115495e+01
  1.926008e-01,  5.052415e+01
  1.929209e-01,  5.200918e+01
  1.958406e-01,  5.331232e+01
  1.983808e-01,  5.215376e+01
  1.977626e-01,  4.930289e+01
  1.948590e-01,  4.768684e+01
  1.938609e-01,  4.936259e+01
  1.975437e-01,  5.287858e+01
  2.010106e-01,  5.476004e+01
  1.982776e-01,  5.377326e+01
  1.930691e-01,  5.209426e+01
  1.935355e-01,  5.258031e+01
  2.003631e-01,  5.419117e+01
  2.042862e-01,  5.339343e+01
  1.996274e-01,  4.982880e+01
  1.926664e-01,  4.768405e+01
  1.925035e-01,  5.088125e+01
  2.011233e-01,  5.645258e+01
  2.073066e-01,  5.892187e+01
  2.031887e-01,  5.764216e+01
  1.966960e-01,  5.556670e+01
  1.971575e-01,  5.489775e+01
  2.017562e-01,  5.437977e+01
  2.009771e-01,  5.235656e+01
  1.940242e-01,  4.961314e+01
  1.898280e-01,  4.824473e+01
  1.935223e-01,  4.875216e+01
  1.991723e-01,  4.968321e+01
  1.990030e-01,  5.029902e+01
  1.950905e-01,  5.091161e+01
  1.950227e-01,  5.139073e+01
  1.994727e-01,  5.100620e+01
  2.014696e-01,  4.972348e+01
  1.970797e-01,  4.841290e+01
  1.907021e-01,  4.808683e+01
  1.887928e-01,  4.915194e+01
  1.923409e-01,  5.111450e+01
  1.976437e-01,  5.312525e+01
  2.016431e-01,  5.447564e+01
  2.034589e-01,  5.474141e+01
  2.025971e-01,  5.396913e+01
  1.991699e-01,  5.263122e+01
  1.954797e-01,  5.133241e+01
  1.943642e-01,  5.058269e+01
  1.956507e-01,  5.063061e+01
  1.968637e-01,  5.143835e+01
  1.975524e-01,  5.277965e+01
  1.996410e-01,  5.420695e+01
  2.028292e-01,  5.513355e+01
  2.035809e-01,  5.517263e+01
  2.004402e-01,  5.427619e+01
  1.966689e-01,  5.280310e+01
  1.952428e-01,  5.166238e+01
  1.948202e-01,  5.178321e+01
  1.936163e-01,  5.301948e+01
  1.931046e-01,  5.380566e+01
  1.947220e-01,  5.273697e+01
  1.968345e-01,  5.085141e+01
  1.973452e-01,  5.087145e+01
  1.981984e-01,  5.371780e+01
  2.016241e-01,  5.660742e+01
  2.033653e-01,  5.630057e+01
  2.001155e-01,  5.314750e+01
  1.957610e-01,  5.052928e+01
  1.952694e-01,  5.098798e+01
  1.983609e-01,  5.304602e+01
  1.999149e-01,  5.372315e+01
  1.984496e-01,  5.252746e+01
  1.975795e-01,  5.135528e+01
  1.980163e-01,  5.145987e+01
  1.968767e-01,  5.181059e+01
  1.943690e-01,  5.125184e+01
  1.947032e-01,  5.069860e+01
  1.983779e-01,  5.167569e+01
  2.002532e-01,  5.343351e+01
  1.972001e-01,  5.381832e+01
  1.935457e-01,  5.234741e+01
  1.944396e-01,  5.111887e+01
  1.973314e-01,  5.154923e+01
  1.964392e-01,  5.224644e+01
  1.916366e-01,  5.169383e+01
  1.890773e-01,  5.091065e+01
  1.927512e-01,  5.191576e+01
  1.995669e-01,  5.408836e+01
  2.026266e-01,  5.512678e+01
  1.991604e-01,  5.438032e+01
  1.939153e-01,  5.320310e+01
  1.929927e-01,  5.263443e+01
  1.968923e-01,  5.185799e+01
  2.006083e-01,  5.023599e+01
  2.000477e-01,  4.919061e+01
  1.966252e-01,  5.064754e+01
  1.953672e-01,  5.404772e+01
  1.973914e-01,  5.621848e+01
  1.986549e-01,  5.535889e+01
  1.969903e-01,  5.302504e+01
  1.940609e-01,  5.188473e+01
  1.933343e-01,  5.261073e+01
  1.963873e-01,  5.341698e+01
  2.000610e-01,  5.280329e+01
  2.000959e-01,  5.127734e+01
  1.965612e-01,  5.017990e+01
  1.938007e-01,  5.018644e+01
  1.942633e-01,  5.090687e+01
  1.951048e-01,  5.147061e+01
  1.935787e-01,  5.115499e+01
  1.920365e-01,  4.980647e+01
  1.933269e-01,  4.845562e+01
  1.949814e-01,  4.871878e+01
  1.941522e-01,  5.096270e+01
  1.940437e-01,  5.358395e+01
  1.984967e-01,  5.454631e+01
  2.045118e-01,  5.394652e+01
  2.054793e-01,  5.339972e+01
  2.007808e-01,  5.353308e+01
  1.968545e-01,  5.358844e+01
  1.978795e-01,  5.313727e+01
  2.014389e-01,  5.294304e+01
  2.041393e-01,  5.337646e+01
  2.058007e-01,  5.364188e+01
  2.064790e-01,  5.330077e+01
  2.048644e-01,  5.325522e+01
  2.017339e-01,  5.414198e+01
  2.004467e-01,  5.468518e+01
  2.014372e-01,  5.325943e+01
  2.009316e-01,  5.062572e+01
  1.963223e-01,  4.915101e+01
  1.911941e-01,  4.990654e+01
  1.916072e-01,  5.135864e+01
  1.973658e-01,  5.152462e+01
  2.025207e-01,  5.048098e+01
  2.026283e-01,  4.925748e+01
  1.987959e-01,  4.827269e+01
  1.956609e-01,  4.770706e+01
  1.964096e-01,  4.808034e+01
  1.996619e-01,  4.933629e+01
  2.007999e-01,  5.033307e+01
  1.973390e-01,  5.027120e+01
  1.927983e-01,  4.981656e+01
  1.926621e-01,  5.003679e+01
  1.975145e-01,  5.067632e+01
  2.024889e-01,  5.107353e+01
  2.030865e-01,  5.171797e+01
  1.991041e-01,  5.312421e+01
  1.933736e-01,  5.432990e+01
  1.897066e-01,  5.437388e+01
  1.915268e-01,  5.451883e+01
  1.979760e-01,  5.599627e+01
  2.024964e-01,  5.689930e+01
  1.996951e-01,  5.491575e+01
  1.938483e-01,  5.159122e+01
  1.920522e-01,  5.124918e+01
  1.953840e-01,  5.388484e+01
  1.987898e-01,  5.452346e+01
  1.992025e-01,  5.136770e+01
  1.998300e-01,  4.851398e+01
  2.010648e-01,  4.929089e+01
  2.005652e-01,  5.089836e+01
  1.971465e-01,  4.965737e+01
  1.944473e-01,  4.762369e+01
  1.952338e-01,  4.950454e+01
  1.988520e-01,  5.420759e+01
  2.007455e-01,  5.611012e+01
  1.983700e-01,  5.350557e+01
  1.952098e-01,  5.041945e+01
  1.927680e-01,  5.040963e+01
  1.918628e-01,  5.166854e+01
  1.935933e-01,  5.092444e+01
  1.974919e-01,  4.881922e+01
  1.996919e-01,  4.801081e+01
  1.973067e-01,  4.886113e+01
  1.935397e-01,  4.989214e+01
  1.935584e-01,  5.046491e+01
  1.973350e-01,  5.105477e+01
  1.998100e-01,  5.158608e+01
  1.983427e-01,  5.161532e+01
  1.960304e-01,  5.153681e+01
  1.962077e-01,  5.201130e+01
  1.977286e-01,  5.257201e+01
  1.979694e-01,  5.237047e+01
  1.972881e-01,  5.173117e+01
  1.972744e-01,  5.163017e+01
  1.975039e-01,  5.205676e+01
  1.971864e-01,  5.226277e+01
  1.976996e-01,  5.228582e+01
  2.001036e-01,  5.276862e+01
  2.018463e-01,  5.340795e+01
  1.998914e-01,  5.310031e+01
  1.964621e-01,  5.179090e+01
  1.968659e-01,  5.121875e+01
  2.016350e-01,  5.274594e+01
  2.054822e-01,  5.530247e+01
  2.038946e-01,  5.689801e+01
  1.992525e-01,  5.680455e+01
  1.974941e-01,  5.583264e+01
  1.993766e-01,  5.462820e+01
  1.999990e-01,  5.251887e+01
  1.966182e-01,  4.925741e+01
  1.918934e-01,  4.695168e+01
  1.894565e-01,  4.833521e+01
  1.915831e-01,  5.242352e+01
  1.966533e-01,  5.477788e+01
  2.005387e-01,  5.323752e+01
  2.013690e-01,  5.034864e+01
  1.979860e-01,  4.976292e+01
  1.925181e-01,  5.170418e+01
  1.901720e-01,  5.288919e+01
  1.927978e-01,  5.135455e+01
  1.971505e-01,  4.942302e+01
  1.987042e-01,  4.991536e+01
  1.984572e-01,  5.228962e+01
  1.994986e-01,  5.365372e+01
  2.003411e-01,  5.294969e+01
  1.979718e-01,  5.218832e+01
  1.939248e-01,  5.313764e+01
  1.934026e-01,  5.454974e+01
  1.967087e-01,  5.390761e+01
  1.986998e-01,  5.130128e+01
  1.964910e-01,  4.908908e+01
  1.930823e-01,  4.885457e+01
  1.928487e-01,  4.986504e+01
  1.950831e-01,  5.075241e+01
  1.963361e-01,  5.167927e+01
  1.963905e-01,  5.324414e+01
  1.973152e-01,  5.460977e+01
  1.988988e-01,  5.455116e+01
  1.994697e-01,  5.363546e+01
  1.990884e-01,  5.338654e+01
  1.992812e-01,  5.372796e+01
  2.001955e-01,  5.317130e+01
  2.004091e-01,  5.172547e+01
  1.993447e-01,  5.131507e+01
  1.982505e-01,  5.262037e+01
  1.981549e-01,  5.355447e+01
  1.979476e-01,  5.245790e+01
  1.969528e-01,  5.083665e+01
  1.960408e-01,  5.092436e+01
  1.965739e-01,  5.209431e+01
  1.978401e-01,  5.219868e+01
  1.980764e-01,  5.155336e+01
  1.977749e-01,  5.242645e+01
  1.993903e-01,  5.478371e+01
  2.024079e-01,  5.554276e+01
  2.029261e-01,  5.319460e+01
  1.999965e-01,  5.020320e+01
  1.964514e-01,  5.002739e+01
  1.965585e-01,  5.284864e+01
  2.003120e-01,  5.558586e+01
  2.024770e-01,  5.622911e+01
  2.006034e-01,  5.529780e+01
  1.972519e-01,  5.389566e+01
  1.951980e-01,  5.260177e+01
  1.944569e-01,  5.180463e+01
  1.942024e-01,  5.162431e+01
  1.947880e-01,  5.129171e+01
  1.962201e-01,  5.000092e+01
  1.966842e-01,  4.865400e+01
  1.945967e-01,  4.917319e+01
  1.921899e-01,  5.162018e+01
  1.929082e-01,  5.328570e+01
  1.959193e-01,  5.220273e+01
  1.975785e-01,  4.984901e+01
  1.955668e-01,  4.858884e+01
  1.922828e-01,  4.869369e+01
  1.920264e-01,  4.906732e+01
  1.949754e-01,  4.958594e+01
  1.975169e-01,  5.052920e+01
  1.974590e-01,  5.062249e+01
  1.962418e-01,  4.858449e+01
  1.956563e-01,  4.647740e+01
  1.943203e-01,  4.806922e+01
  1.930107e-01,  5.290191e+01
  1.937029e-01,  5.527764e+01
  1.953779e-01,  5.180366e+01
  1.970513e-01,  4.675659e+01
  1.945683e-01,  4.632776e+01
  1.899776e-01,  5.063942e+01
  1.897770e-01,  5.386930e+01
  1.932637e-01,  5.259118e+01
  1.966351e-01,  5.003043e+01
  1.967056e-01,  4.982477e+01
  1.946562e-01,  5.125722e+01
  1.933427e-01,  5.181819e+01
  1.939330e-01,  5.157498e+01
  1.965037e-01,  5.224598e+01
  1.999636e-01,  5.347132e+01
  2.013289e-01,  5.335929e+01
  1.986233e-01,  5.171684e+01
  1.938973e-01,  5.020578e+01
  1.907735e-01,  4.962876e+01
  1.904362e-01,  4.891405e+01
  1.913376e-01,  4.766335e+01
  1.924646e-01,  4.747005e+01
  1.945319e-01,  4.928498e+01
  1.974114e-01,  5.128925e+01
  1.984118e-01,  5.134734e+01
  1.967076e-01,  5.023510e+01
  1.950009e-01,  5.055530e+01
  1.961743e-01,  5.272434e+01
  1.995945e-01,  5.415727e+01
  2.019162e-01,  5.342401e+01
  2.018690e-01,  5.223423e+01
  2.003702e-01,  5.233792e+01
  1.986662e-01,  5.259368e+01
  1.970701e-01,  5.109380e+01
  1.957936e-01,  4.897193e+01
  1.950186e-01,  4.913030e+01
  1.955259e-01,  5.152529e+01
  1.968599e-01,  5.281813e+01
  1.965641e-01,  5.125389e+01
  1.943153e-01,  4.892314e+01
  1.920487e-01,  4.860115e+01
  1.922885e-01,  5.008371e+01
  1.948010e-01,  5.090471e+01
  1.966841e-01,  4.998037e+01
  1.967130e-01,  4.872509e+01
  1.958456e-01,  4.906543e+01
  1.954141e-01,  5.107520e+01
  1.961062e-01,  5.274008e+01
  1.981529e-01,  5.242884e+01
  2.008635e-01,  5.101299e+01
  2.011397e-01,  5.047882e+01
  1.984141e-01,  5.133191e+01
  1.989389e-01,  5.289272e+01
  2.063405e-01,  5.502738e+01
  2.111191e-01,  5.738109e+01
  2.018669e-01,  5.762424e+01
  1.884190e-01,  5.331124e+01
  1.926536e-01,  4.872452e+01
  2.073365e-01,  5.081585e+01
  2.073707e-01,  5.608882e+01
  1.909327e-01,  5.570590e+01
  1.892477e-01,  4.784312e+01
  2.061239e-01,  4.587832e+01
  2.023825e-01,  5.349850e+01
  1.781996e-01,  5.995765e+01
  1.780478e-01,  5.217428e+01
  2.179046e-01,  4.417680e+01
  2.193891e-01,  4.767909e+01
  1.665895e-01,  5.615761e+01
  1.552070e-01,  5.189701e+01
  2.285806e-01,  4.470085e+01
  2.515221e-01,  5.057210e+01
  1.631538e-01,  6.794514e+01
  1.161616e-01,  6.880244e+01
  2.333576e-01,  4.515062e+01
  2.970890e-01,  4.840368e+01
  1.409252e-01,  8.607543e+01
  1.182224e-01,  1.496808e+02
  2.078926e-01,  5.901044e+01
  4.171010e-01,  4.620934e+01
  1.334717e-01,  7.302953e+01
  2.665415e-01,  -1.638266e+02
  1.622523e-01,  8.204753e+01
  6.623110e-01,  4.514311e+01
  1.931861e-01,  3.518888e+01
  6.628605e-01,  -1.399778e+02
  1.949734e-01,  1.512969e+02
  1.296316e+00,  5.142034e+01
  3.419585e-01,  2.160887e+00
  1.982110e+00,  -1.564730e+02
  1.145853e+00,  8.107320e+01
  1.177384e+01,  -1.292609e+02
  3.432661e+01,  -1.275372e+02
  3.624169e+01,  -1.227003e+02
  2.922692e+01,  -1.157096e+02
  2.531151e+01,  -1.120568e+02
  2.390621e+01,  -1.075324e+02
  2.368187e+01,  -1.020865e+02
  2.468985e+01,  -9.915658e+01
  2.653923e+01,  -9.819485e+01
  2.825735e+01,  -9.724710e+01
  2.840687e+01,  -9.693427e+01
  2.612923e+01,  -9.924601e+01
  2.240748e+01,  -1.060890e+02
  1.891988e+01,  -1.185575e+02
  1.659872e+01,  -1.359672e+02
  1.612618e+01,  -1.551672e+02
  1.792102e+01,  -1.709325e+02
  2.115880e+01,  1.790012e+02
  2.362807e+01,  1.731815e+02
  2.356828e+01,  1.696809e+02
  2.157679e+01,  1.673391e+02
  1.891363e+01,  1.673835e+02
  1.610496e+01,  1.741062e+02
  1.452489e+01,  -1.711598e+02
  1.512952e+01,  -1.562386e+02
  1.723458e+01,  -1.441798e+02
  2.027707e+01,  -1.337177e+02
  2.266939e+01,  -1.284756e+02
  2.267129e+01,  -1.310544e+02
  2.117670e+01,  -1.403169e+02
  1.981578e+01,  -1.513549e+02
  1.828500e+01,  -1.599920e+02
  1.660986e+01,  -1.687711e+02
  1.693706e+01,  1.796770e+02
  1.969659e+01,  1.719728e+02
  2.246074e+01,  1.707832e+02
  2.472326e+01,  1.723585e+02
  2.714515e+01,  1.727094e+02
  2.862770e+01,  1.710728e+02
  2.849724e+01,  1.692063e+02
  2.755824e+01,  1.681999e+02
  2.614840e+01,  1.673520e+02
  2.457992e+01,  1.662001e+02
  2.365719e+01,  1.658644e+02
  2.335074e+01,  1.673858e+02
  2.328132e+01,  1.712907e+02
  2.375036e+01,  1.778992e+02
  2.450607e+01,  -1.745461e+02
  2.452178e+01,  -1.684179e+02
  2.390968e+01,  -1.647381e+02
  2.304059e+01,  -1.641630e+02
  2.103762e+01,  -1.685420e+02
  1.836117e+01,  1.785759e+02
  1.758901e+01,  1.591463e+02
  1.875075e+01,  1.425822e+02
  2.036634e+01,  1.305848e+02
  2.220705e+01,  1.226030e+02
  2.355757e+01,  1.190956e+02
  2.379830e+01,  1.195893e+02
  2.374501e+01,  1.240221e+02
  2.441576e+01,  1.316348e+02
  2.549699e+01,  1.400701e+02
  2.618437e+01,  1.475383e+02
  2.658641e+01,  1.527827e+02
  2.678199e+01,  1.540722e+02
  2.589054e+01,  1.513826e+02
  2.394900e+01,  1.481619e+02
  2.283760e+01,  1.473529e+02
  2.300481e+01,  1.441241e+02
  2.259385e+01,  1.337780e+02
  2.170422e+01,  1.216517e+02
  2.179157e+01,  1.144755e+02
  2.374061e+01,  1.073797e+02
  2.598389e+01,  9.756007e+01
  2.588953e+01,  9.298484e+01
  2.453936e+01,  9.925134e+01
  2.447770e+01,  1.080859e+02
  2.302726e+01,  1.095741e+02
  1.984455e+01,  1.056496e+02
  1.850516e+01,  1.014975e+02
  2.023741e+01,  9.851621e+01
  2.288266e+01,  9.557331e+01
  2.449713e+01,  9.252832e+01
  2.560975e+01,  8.895838e+01
  2.652097e+01,  8.420717e+01
  2.604663e+01,  7.874216e+01
  2.440580e+01,  7.560537e+01
  2.361179e+01,  7.717849e+01
  2.455115e+01,  7.924387e+01
  2.542868e+01,  7.931682e+01
  2.474616e+01,  8.114467e+01
  2.325778e+01,  8.552010e+01
  2.173142e+01,  8.782547e+01
  1.996753e+01,  8.669609e+01
  1.854597e+01,  8.554244e+01
  1.805968e+01,  8.441573e+01
  1.770455e+01,  7.986194e+01
  1.648379e+01,  7.263329e+01
  1.456273e+01,  6.774877e+01
  1.304247e+01,  6.627477e+01
  1.276456e+01,  6.018180e+01
  1.341269e+01,  4.731234e+01
  1.399086e+01,  3.446786e+01
  1.485231e+01,  2.368461e+01
  1.789207e+01,  1.641728e+01
  2.246794e+01,  1.422206e+01
  2.613847e+01,  1.556352e+01
  2.851933e+01,  1.941581e+01
  2.978281e+01,  2.493384e+01
  2.774039e+01,  3.237024e+01
  2.252059e+01,  4.499009e+01
  1.931161e+01,  6.121268e+01
  1.856275e+01,  7.199999e+01
  1.703504e+01,  8.351724e+01
  1.554301e+01,  9.816271e+01
  1.417951e+01,  1.006751e+02
  1.214681e+01,  8.869238e+01
  1.009559e+01,  7.701088e+01
  8.747593e+00,  6.771451e+01
  9.949627e+00,  4.804508e+01
  1.371195e+01,  2.831986e+01
  1.725020e+01,  1.598493e+01
  1.916131e+01,  8.881794e+00
  2.004761e+01,  5.447081e+00
  2.042024e+01,  3.952445e+00
  1.994788e+01,  2.381575e+00
  1.933066e+01,  1.749264e+00
  1.990735e+01,  4.434189e+00
  2.064478e+01,  7.645158e+00
  1.984279e+01,  8.118362e+00
  1.889921e+01,  6.676531e+00
  1.936887e+01,  5.905145e+00
  1.997104e+01,  6.248020e+00
  1.945461e+01,  7.232042e+00
  1.895839e+01,  8.616693e+00
  2.013559e+01,  9.496570e+00
  2.271751e+01,  9.792989e+00
  2.526045e+01,  1.038772e+01
  2.753428e+01,  1.071747e+01
  3.016001e+01,  9.950949e+00
  3.212955e+01,  9.148021e+00
  3.217103e+01,  8.341989e+00
  3.096945e+01,  5.221089e+00
  2.851738e+01,  -1.148019e+00
  2.392588e+01,  -1.063376e+01
  1.938399e+01,  -2.483905e+01
  1.826578e+01,  -3.992231e+01
  1.986821e+01,  -4.852156e+01
  2.192515e+01,  -5.236142e+01
  2.350281e+01,  -5.317513e+01
  2.427855e+01,  -5.007105e+01
  2.412146e+01,  -4.343587e+01
  2.295811e+01,  -3.560426e+01
  2.085944e+01,  -2.869780e+01
  1.907955e+01,  -2.387278e+01
  1.924601e+01,  -2.104980e+01
  2.045950e+01,  -1.792402e+01
  2.089186e+01,  -1.369375e+01
  2.127696e+01,  -1.197288e+01
  2.162764e+01,  -1.708873e+01
  2.030842e+01,  -2.900824e+01
  1.813137e+01,  -4.418007e+01
  1.653790e+01,  -5.737431e+01
  1.581007e+01,  -7.133019e+01
  1.637214e+01,  -8.767783e+01
  1.703906e+01,  -9.722192e+01
  1.693976e+01,  -9.555732e+01
  1.753852e+01,  -8.781681e+01
  1.852688e+01,  -8.094019e+01
  1.919864e+01,  -7.430559e+01
  2.070247e+01,  -6.639148e+01
  2.324526e+01,  -5.902080e+01
  2.495322e+01,  -5.377685e+01
  2.455266e+01,  -5.118562e+01
  2.329477e+01,  -5.059969e+01
  2.297240e+01,  -5.031779e+01
  2.280834e+01,  -5.185688e+01
  2.179737e+01,  -5.776172e+01
  2.119341e+01,  -6.532265e+01
  2.130007e+01,  -7.085823e+01
  2.127481e+01,  -7.623787e+01
  2.041650e+01,  -8.268820e+01
  1.807884e+01,  -8.825823e+01
  1.484370e+01,  -9.054938e+01
  1.236393e+01,  -8.809159e+01
  1.162392e+01,  -8.452753e+01
  1.216836e+01,  -8.730343e+01
  1.339766e+01,  -9.574912e+01
  1.552520e+01,  -1.011774e+02
  1.911760e+01,  -1.005147e+02
  2.455094e+01,  -1.002537e+02
  3.020020e+01,  -1.023046e+02
  3.320341e+01,  -1.012489e+02
  3.555275e+01,  -9.494211e+01
  3.021030e+01,  -9.570701e+01
  9.288619e+00,  -1.595661e+02
  1.304234e+01,  4.614411e+01
  5.873333e+00,  -1.291932e+02
  1.046386e+00,  -1.085527e+02
  2.307114e+00,  7.558262e+01
  7.208414e-01,  6.213058e+01
  1.262387e+00,  -1.041223e+02
  4.531031e-01,  -1.309514e+02
  9.710571e-01,  8.149134e+01
  5.087370e-01,  6.675920e+01
  5.149512e-01,  -1.042541e+02
  3.295047e-01,  -1.322020e+02
  4.952205e-01,  8.594867e+01
  4.563645e-01,  6.749709e+01
  8.331282e-02,  -8.390281e+01
  1.381330e-01,  -1.539888e+02
  3.077822e-01,  8.958381e+01
  3.569302e-01,  6.265543e+01
  1.311841e-01,  1.993449e+01
  1.757531e-02,  8.806477e+01
  2.205776e-01,  8.649980e+01
  2.867356e-01,  6.475729e+01
  1.903200e-01,  3.812570e+01
  1.227138e-01,  4.712674e+01
  2.161895e-01,  7.547596e+01
  2.656212e-01,  6.765619e+01
  2.040737e-01,  4.765819e+01
  1.562647e-01,  4.032531e+01
  1.865669e-01,  5.755820e+01
  2.273780e-01,  5.827408e+01
  2.052020e-01,  4.635950e+01
  1.729110e-01,  4.086421e+01
  1.814566e-01,  5.271613e+01
  2.107905e-01,  5.790126e+01
  2.056959e-01,  5.178160e+01
  1.859928e-01,  4.581249e+01
  1.855186e-01,  4.935422e+01
  2.012907e-01,  5.369228e+01
  2.047630e-01,  5.200966e+01
  1.964833e-01,  4.946358e+01
  1.943510e-01,  5.180625e+01
  2.001987e-01,  5.543520e+01
  2.004864e-01,  5.471791e+01
  1.951565e-01,  5.079700e+01
  1.940377e-01,  4.877771e+01
  1.969395e-01,  5.049347e+01
  1.978525e-01,  5.320575e+01
  1.960288e-01,  5.462178e+01
  1.958823e-01,  5.473806e+01
  1.979391e-01,  5.448474e+01
  1.988909e-01,  5.410053e+01
  1.984458e-01,  5.310701e+01
  1.983721e-01,  5.136673e+01
  1.974287e-01,  4.965803e+01
  1.938199e-01,  4.899418e+01
  1.907510e-01,  4.962418e+01
  1.930255e-01,  5.073627e+01
  1.991462e-01,  5.147566e+01
  2.026353e-01,  5.194850e+01
  2.006242e-01,  5.255814e+01
  1.966657e-01,  5.308219e+01
  1.949197e-01,  5.296031e+01
  1.954700e-01,  5.239221e+01
  1.964337e-01,  5.232601e+01
  1.976574e-01,  5.310845e+01
  1.997293e-01,  5.374673e+01
  2.009640e-01,  5.308530e+01
  1.991373e-01,  5.146703e+01
  1.952834e-01,  5.056966e+01
  1.933831e-01,  5.148167e+01
  1.956079e-01,  5.321262e+01
  1.989351e-01,  5.409048e+01
  1.995245e-01,  5.384185e+01
  1.982028e-01,  5.310756e+01
  1.985547e-01,  5.219019e+01
  2.011790e-01,  5.133920e+01
  2.026061e-01,  5.145492e+01
  2.006873e-01,  5.307792e+01
  1.981343e-01,  5.493789e+01
  1.981207e-01,  5.496108e+01
  1.997311e-01,  5.316183e+01
  1.991383e-01,  5.143698e+01
  1.951097e-01,  5.063854e+01
  1.915490e-01,  5.004444e+01
  1.919332e-01,  4.960510e+01
  1.947638e-01,  5.060183e+01
  1.973022e-01,  5.306001e+01
  1.993207e-01,  5.460918e+01
  2.007569e-01,  5.326234e+01
  2.002518e-01,  5.031761e+01
  1.964649e-01,  4.903994e+01
  1.922228e-01,  5.101129e+01
  1.925148e-01,  5.411599e+01
  1.953938e-01,  5.489905e+01
  1.952334e-01,  5.291794e+01
  1.924050e-01,  5.104670e+01
  1.923823e-01,  5.224975e+01
  1.981444e-01,  5.551337e+01
  2.039533e-01,  5.681973e+01
  2.029601e-01,  5.439452e+01
  1.979780e-01,  5.045979e+01
  1.951886e-01,  4.887904e+01
  1.964174e-01,  5.047129e+01
  1.989625e-01,  5.235836e+01
  1.992362e-01,  5.245416e+01
  1.978231e-01,  5.157870e+01
  1.972096e-01,  5.134060e+01
  1.973974e-01,  5.165219e+01
  1.964251e-01,  5.124846e+01
  1.942916e-01,  4.979043e+01
  1.937186e-01,  4.843509e+01
  1.961451e-01,  4.855781e+01
  1.998043e-01,  5.038534e+01
  2.024026e-01,  5.302805e+01
  2.036883e-01,  5.514151e+01
  2.043008e-01,  5.558071e+01
  2.038947e-01,  5.422177e+01
  2.020148e-01,  5.224739e+01
  1.996694e-01,  5.138001e+01
  1.987326e-01,  5.246381e+01
  1.995607e-01,  5.449101e+01
  2.000737e-01,  5.540940e+01
  1.987371e-01,  5.400357e+01
  1.968732e-01,  5.100960e+01
  1.961110e-01,  4.862849e+01
  1.962992e-01,  4.844791e+01
  1.965776e-01,  4.980838e+01
  1.955539e-01,  5.063194e+01
  1.927485e-01,  4.986545e+01
  1.908398e-01,  4.877849e+01
  1.928270e-01,  4.932148e+01
  1.976993e-01,  5.111761e+01
  2.005456e-01,  5.183830e+01
  1.987865e-01,  5.050119e+01
  1.955811e-01,  4.887978e+01
  1.939975e-01,  4.925115e+01
  1.934690e-01,  5.099854e+01
  1.921389e-01,  5.141600e+01
  1.908717e-01,  4.967600e+01
  1.921096e-01,  4.831148e+01
  1.952576e-01,  4.995887e+01
  1.985068e-01,  5.379549e+01
  2.002449e-01,  5.658376e+01
  1.993747e-01,  5.625419e+01
  1.972017e-01,  5.370136e+01
  1.955996e-01,  5.146854e+01
  1.952710e-01,  5.099925e+01
  1.961168e-01,  5.155789e+01
  1.968573e-01,  5.177252e+01
  1.964031e-01,  5.146594e+01
  1.960196e-01,  5.162409e+01
  1.981622e-01,  5.283315e+01
  2.022848e-01,  5.410807e+01
  2.034867e-01,  5.386885e+01
  1.988787e-01,  5.183718e+01
  1.931789e-01,  4.982121e+01
  1.936409e-01,  5.028919e+01
  2.009714e-01,  5.286044e+01
  2.066278e-01,  5.444973e+01
  2.029657e-01,  5.326902e+01
  1.944346e-01,  5.056660e+01
  1.904961e-01,  4.939449e+01
  1.933426e-01,  5.055243e+01
  1.972860e-01,  5.148672e+01
  1.971510e-01,  5.037439e+01
  1.944118e-01,  4.810166e+01
  1.924021e-01,  4.639995e+01
  1.916621e-01,  4.557122e+01
  1.916467e-01,  4.530260e+01
  1.926411e-01,  4.633919e+01
  1.949642e-01,  4.919396e+01
  1.978245e-01,  5.228584e+01
  1.999734e-01,  5.343114e+01
  2.018466e-01,  5.255361e+01
  2.034741e-01,  5.160167e+01
  2.025003e-01,  5.202182e+01
  1.988059e-01,  5.343978e+01
  1.964230e-01,  5.437295e+01
  1.975686e-01,  5.352633e+01
  1.987304e-01,  5.106473e+01
  1.960911e-01,  4.883608e+01
  1.921198e-01,  4.911813e+01
  1.928201e-01,  5.181407e+01
  1.975258e-01,  5.355180e+01
  1.992244e-01,  5.215465e+01
  1.969756e-01,  4.950626e+01
  1.959633e-01,  4.912131e+01
  1.988583e-01,  5.125533e+01
  2.017298e-01,  5.250291e+01
  1.997933e-01,  5.087116e+01
  1.949445e-01,  4.804788e+01
  1.913126e-01,  4.694068e+01
  1.910396e-01,  4.807098e+01
  1.944994e-01,  4.976872e+01
  1.996275e-01,  5.111271e+01
  2.023647e-01,  5.238339e+01
  2.001536e-01,  5.330559e+01
  1.954208e-01,  5.274659e+01
  1.930573e-01,  5.045185e+01
  1.937491e-01,  4.806388e+01
  1.938168e-01,  4.733899e+01
  1.927937e-01,  4.849175e+01
  1.941420e-01,  5.041802e+01
  1.977125e-01,  5.180963e+01
  1.989438e-01,  5.228484e+01
  1.967477e-01,  5.238401e+01
  1.956116e-01,  5.277830e+01
  1.977455e-01,  5.337475e+01
  1.989542e-01,  5.329025e+01
  1.958299e-01,  5.194344e+01
  1.918107e-01,  4.998375e+01
  1.914858e-01,  4.903195e+01
  1.939164e-01,  4.988383e+01
  1.956677e-01,  5.162773e+01
  1.961114e-01,  5.281670e+01
  1.966264e-01,  5.288170e+01
  1.970559e-01,  5.265376e+01
  1.965820e-01,  5.351712e+01
  1.971959e-01,  5.584875e+01
  2.014012e-01,  5.811565e+01
  2.065888e-01,  5.823005e+01
  2.075048e-01,  5.590685e+01
  2.031732e-01,  5.298189e+01
  1.976088e-01,  5.178188e+01
  1.955449e-01,  5.267650e+01
  1.974453e-01,  5.360290e+01
  1.991975e-01,  5.299168e+01
  1.978597e-01,  5.152669e+01
  1.947086e-01,  5.064548e+01
  1.931160e-01,  5.072537e+01
  1.945485e-01,  5.124324e+01
  1.971980e-01,  5.193636e+01
  1.986981e-01,  5.251663e+01
  1.985588e-01,  5.193637e+01
  1.976303e-01,  4.971003e+01
  1.962253e-01,  4.783187e+01
  1.942236e-01,  4.928528e+01
  1.944649e-01,  5.374200e+01
  1.980125e-01,  5.649128e+01
  1.998091e-01,  5.410213e+01
  1.973907e-01,  4.866302e+01
  1.920968e-01,  4.527555e+01
  1.879851e-01,  4.659680e+01
  1.904978e-01,  5.027181e+01
  1.982152e-01,  5.286829e+01
  2.049570e-01,  5.418168e+01
  2.069199e-01,  5.502576e+01
  2.038378e-01,  5.461752e+01
  1.982360e-01,  5.220507e+01
  1.941036e-01,  4.962400e+01
  1.930011e-01,  4.944169e+01
  1.935629e-01,  5.072256e+01
  1.933795e-01,  5.020577e+01
  1.926412e-01,  4.744124e+01
  1.933209e-01,  4.583062e+01
  1.948902e-01,  4.778635e+01
  1.960467e-01,  5.147019e+01
  1.960294e-01,  5.386872e+01
  1.963322e-01,  5.457926e+01
  1.985992e-01,  5.510745e+01
  2.008012e-01,  5.581413e+01
  2.000156e-01,  5.548909e+01
  1.972244e-01,  5.339852e+01
  1.956472e-01,  5.035525e+01
  1.954684e-01,  4.777487e+01
  1.949650e-01,  4.658509e+01
  1.951998e-01,  4.729115e+01
  1.988399e-01,  4.951960e+01
  2.042439e-01,  5.150062e+01
  2.056626e-01,  5.168329e+01
  2.016823e-01,  5.044560e+01
  1.975317e-01,  4.968740e+01
  1.973161e-01,  5.058218e+01
  1.985346e-01,  5.219995e+01
  1.963276e-01,  5.326771e+01
  1.916220e-01,  5.356405e+01
  1.903286e-01,  5.317306e+01
  1.946585e-01,  5.204455e+01
  1.998440e-01,  5.087194e+01
  2.006236e-01,  5.097496e+01
  1.981072e-01,  5.253727e+01
  1.967863e-01,  5.361129e+01
  1.971258e-01,  5.241353e+01
  1.962928e-01,  5.002825e+01
  1.932670e-01,  4.882620e+01
  1.912966e-01,  4.926822e+01
  1.938401e-01,  4.988621e+01
  1.996146e-01,  5.037530e+01
  2.045601e-01,  5.194653e+01
  2.060692e-01,  5.408769e+01
  2.033549e-01,  5.399076e+01
  1.982792e-01,  5.061439e+01
  1.945937e-01,  4.767582e+01
  1.930887e-01,  4.922324e+01
  1.941838e-01,  5.297211e+01
  1.964673e-01,  5.328396e+01
  1.991664e-01,  5.012879e+01
  2.009902e-01,  4.930163e+01
  1.993087e-01,  5.314950e+01
  1.966080e-01,  5.649799e+01
  1.965556e-01,  5.426548e+01
  2.008247e-01,  4.987878e+01
  2.010135e-01,  4.931512e+01
  1.938923e-01,  5.174882e+01
  1.905447e-01,  5.254408e+01
  1.977983e-01,  5.189632e+01
  2.040204e-01,  5.314784e+01
  1.970951e-01,  5.390496e+01
  1.879541e-01,  4.938807e+01
  1.939608e-01,  4.480392e+01
  2.015050e-01,  4.907148e+01
  1.960354e-01,  5.652888e+01
  1.851191e-01,  5.269497e+01
  1.955110e-01,  3.961637e+01
  2.038264e-01,  3.891623e+01
  1.832329e-01,  5.280958e+01
  1.712589e-01,  5.921062e+01
  1.977610e-01,  4.490723e+01
  2.296807e-01,  4.153979e+01
  1.987908e-01,  6.012769e+01
  1.683145e-01,  7.782238e+01
  1.823819e-01,  5.064456e+01
  2.541296e-01,  3.428647e+01
  1.988820e-01,  5.522838e+01
  1.640185e-01,  1.026669e+02
  1.496784e-01,  6.468664e+01
  3.003558e-01,  2.362782e+01
  1.908286e-01,  3.622990e+01
  2.127835e-01,  1.483389e+02
  1.647083e-01,  1.160070e+02
  4.477836e-01,  2.292417e+01
  2.435521e-01,  1.630257e+01
  6.137782e-01,  -1.745555e+02
  2.381709e-01,  6.647828e+01
  3.594641e+00,  1.741731e+02
  1.113445e+01,  1.790212e+02
  1.435871e+01,  1.703380e+02
  1.541825e+01,  1.567111e+02
  1.673376e+01,  1.476358e+02
  1.678308e+01,  1.394299e+02
  1.571785e+01,  1.304373e+02
  1.430217e+01,  1.229277e+02
  1.252786e+01,  1.183568e+02
  1.047636e+01,  1.159497e+02
  8.728466e+00,  1.115603e+02
  7.783571e+00,  9.895609e+01
  8.027857e+00,  8.211797e+01
  9.179742e+00,  7.221852e+01
  1.073148e+01,  6.970142e+01
  1.241573e+01,  7.176139e+01
  1.400741e+01,  7.916162e+01
  1.560038e+01,  9.024238e+01
  1.695628e+01,  9.955438e+01
  1.775410e+01,  1.041836e+02
  1.849590e+01,  1.049112e+02
  1.913704e+01,  1.038536e+02
  1.893053e+01,  1.015167e+02
  1.819218e+01,  9.667991e+01
  1.743427e+01,  8.985870e+01
  1.581391e+01,  8.382828e+01
  1.302550e+01,  8.023962e+01
  1.019761e+01,  7.900843e+01
  7.728346e+00,  8.052818e+01
  5.420312e+00,  9.321357e+01
  4.814505e+00,  1.277249e+02
  6.498271e+00,  1.510080e+02
  8.453337e+00,  1.585241e+02
  1.050366e+01,  1.610294e+02
  1.257851e+01,  1.607043e+02
  1.376685e+01,  1.576297e+02
  1.388971e+01,  1.519290e+02
  1.374331e+01,  1.451026e+02
  1.349878e+01,  1.390582e+02
  1.262563e+01,  1.325594e+02
  1.112713e+01,  1.225699e+02
  9.556647e+00,  1.079230e+02
  8.278597e+00,  8.751819e+01
  8.208885e+00,  5.906455e+01
  1.037275e+01,  3.400574e+01
  1.344025e+01,  2.036832e+01
  1.572036e+01,  1.306775e+01
  1.659886e+01,  8.783531e+00
  1.592126e+01,  7.151168e+00
  1.383916e+01,  9.243343e+00
  1.117049e+01,  1.763507e+01
  9.146355e+00,  3.594731e+01
  8.870947e+00,  6.316977e+01
  1.075229e+01,  8.838366e+01
  1.404073e+01,  1.042145e+02
  1.752879e+01,  1.126972e+02
  2.045764e+01,  1.171389e+02
  2.262016e+01,  1.189568e+02
  2.369854e+01,  1.186700e+02
  2.294937e+01,  1.170131e+02
  2.023835e+01,  1.143684e+02
  1.683660e+01,  1.103796e+02
  1.391114e+01,  1.049575e+02
  1.136800e+01,  9.789752e+01
  9.370869e+00,  8.732091e+01
  8.956029e+00,  7.450279e+01
  1.006237e+01,  6.566007e+01
  1.121506e+01,  6.053623e+01
  1.116489e+01,  5.582537e+01
  9.721307e+00,  4.924496e+01
  7.566709e+00,  3.810479e+01
  5.872060e+00,  1.923984e+01
  5.777434e+00,  -1.409906e+00
  7.121714e+00,  -1.091205e+01
  8.850934e+00,  -1.377381e+01
  9.902634e+00,  -1.812852e+01
  9.835401e+00,  -2.811929e+01
  9.429991e+00,  -4.543441e+01
  1.009206e+01,  -6.606760e+01
  1.207131e+01,  -8.189640e+01
  1.423045e+01,  -9.198156e+01
  1.569716e+01,  -9.947035e+01
  1.641366e+01,  -1.062563e+02
  1.632126e+01,  -1.135592e+02
  1.566985e+01,  -1.224809e+02
  1.533997e+01,  -1.319753e+02
  1.531996e+01,  -1.408294e+02
  1.514569e+01,  -1.516084e+02
  1.545009e+01,  -1.642588e+02
  1.630639e+01,  -1.734614e+02
  1.682379e+01,  -1.779842e+02
  1.671295e+01,  -1.792119e+02
  1.577295e+01,  -1.761208e+02
  1.410064e+01,  -1.675536e+02
  1.241422e+01,  -1.557994e+02
  1.088186e+01,  -1.430720e+02
  9.809529e+00,  -1.265850e+02
  1.004517e+01,  -1.078959e+02
  1.121966e+01,  -9.354618e+01
  1.245074e+01,  -8.374551e+01
  1.358211e+01,  -7.818137e+01
  1.447282e+01,  -7.711454e+01
  1.462825e+01,  -7.870708e+01
  1.369745e+01,  -8.170941e+01
  1.198761e+01,  -8.682855e+01
  1.012346e+01,  -9.402928e+01
  8.316722e+00,  -1.017599e+02
  6.441861e+00,  -1.096606e+02
  4.552694e+00,  -1.173688e+02
  3.096414e+00,  -1.215927e+02
  2.716661e+00,  -1.234422e+02
  3.381948e+00,  -1.342505e+02
  4.401561e+00,  -1.506732e+02
  5.437612e+00,  -1.659094e+02
  6.927823e+00,  -1.786285e+02
  9.195982e+00,  1.675428e+02
  1.137339e+01,  1.500307e+02
  1.237878e+01,  1.297226e+02
  1.251076e+01,  1.110029e+02
  1.268153e+01,  9.994460e+01
  1.326734e+01,  9.593481e+01
  1.394803e+01,  9.487807e+01
  1.454548e+01,  9.805931e+01
  1.547709e+01,  1.054976e+02
  1.634513e+01,  1.115238e+02
  1.620473e+01,  1.137053e+02
  1.538144e+01,  1.143571e+02
  1.456840e+01,  1.153878e+02
  1.375411e+01,  1.160011e+02
  1.279044e+01,  1.154073e+02
  1.190184e+01,  1.145574e+02
  1.135501e+01,  1.144985e+02
  1.094749e+01,  1.148213e+02
  1.016761e+01,  1.147079e+02
  8.957154e+00,  1.142926e+02
  7.542457e+00,  1.144142e+02
  5.584697e+00,  1.155444e+02
  2.709026e+00,  1.188685e+02
  6.934303e-01,  -8.748360e+01
  3.934578e+00,  -7.006224e+01
  7.152025e+00,  -6.957029e+01
  1.001392e+01,  -7.177372e+01
  1.164046e+01,  -7.686562e+01
  1.138956e+01,  -8.585728e+01
  9.559157e+00,  -1.008763e+02
  7.377142e+00,  -1.259880e+02
  6.324680e+00,  -1.631613e+02
  7.133141e+00,  1.591679e+02
  9.212926e+00,  1.328442e+02
  1.166218e+01,  1.160600e+02
  1.397032e+01,  1.051660e+02
  1.586289e+01,  9.878680e+01
  1.711994e+01,  9.617248e+01
  1.770894e+01,  9.603875e+01
  1.794664e+01,  9.706416e+01
  1.843283e+01,  9.859784e+01
  1.945329e+01,  9.988220e+01
  2.031164e+01,  9.963472e+01
  1.988694e+01,  9.735273e+01
  1.793055e+01,  9.380872e+01
  1.513614e+01,  9.081279e+01
  1.213240e+01,  9.104873e+01
  9.342242e+00,  9.773159e+01
  7.577148e+00,  1.116768e+02
  7.065710e+00,  1.238017e+02
  6.575262e+00,  1.274819e+02
  5.382582e+00,  1.287409e+02
  4.159539e+00,  1.365372e+02
  3.953725e+00,  1.504297e+02
  4.799583e+00,  1.577322e+02
  6.229403e+00,  1.568970e+02
  7.999966e+00,  1.507540e+02
  9.956055e+00,  1.420384e+02
  1.194055e+01,  1.335456e+02
  1.379290e+01,  1.262922e+02
  1.549531e+01,  1.201219e+02
  1.724734e+01,  1.152780e+02
  1.922699e+01,  1.117828e+02
  2.109668e+01,  1.089193e+02
  2.196304e+01,  1.066624e+02
  2.122369e+01,  1.059768e+02
  1.911613e+01,  1.078505e+02
  1.621392e+01,  1.138098e+02
  1.328160e+01,  1.275694e+02
  1.172316e+01,  1.509394e+02
  1.190529e+01,  1.750819e+02
  1.251423e+01,  -1.659818e+02
  1.336820e+01,  -1.517436e+02
  1.449234e+01,  -1.431019e+02
  1.478307e+01,  -1.387974e+02
  1.394741e+01,  -1.371216e+02
  1.361717e+01,  -1.386970e+02
  1.463412e+01,  -1.425299e+02
  1.509813e+01,  -1.458234e+02
  1.355322e+01,  -1.484548e+02
  1.211810e+01,  -1.512914e+02
  1.277463e+01,  -1.547270e+02
  5.886452e+00,  1.755012e+02
  4.207931e+00,  1.621025e+01
  1.362832e+00,  -1.497987e+02
  9.572605e-01,  -1.756562e+02
  6.935106e-01,  3.800544e+01
  5.852971e-01,  1.635837e+01
  2.999293e-01,  -1.628262e+02
  3.774588e-01,  1.654753e+02
  3.534728e-01,  5.173549e+01
  4.044255e-01,  2.311564e+01
  3.516458e-02,  9.233660e+01
  2.000011e-01,  1.369143e+02
  2.692954e-01,  6.381914e+01
  3.177534e-01,  3.017530e+01
  1.290657e-01,  2.915948e+01
  1.237986e-01,  9.900655e+01
  2.264049e-01,  6.797712e+01
  2.651963e-01,  4.008947e+01
  1.767022e-01,  3.270589e+01
  1.357146e-01,  6.568296e+01
  2.125322e-01,  6.727247e+01
  2.434434e-01,  4.999264e+01
  1.979611e-01,  3.934570e+01
  1.588503e-01,  5.071138e+01
  1.966299e-01,  6.191325e+01
  2.262243e-01,  5.655759e+01
  2.058196e-01,  4.985808e+01
  1.819914e-01,  5.202469e+01
  1.949266e-01,  5.671232e+01
  2.101206e-01,  5.332974e+01
  1.984145e-01,  4.714131e+01
  1.820243e-01,  4.703339e+01
  1.893258e-01,  5.277621e+01
  2.061915e-01,  5.492170e+01
  2.062734e-01,  5.338503e+01
  1.972997e-01,  5.312872e+01
  1.974487e-01,  5.488143e+01
  2.025729e-01,  5.455060e+01
  1.999912e-01,  5.193540e+01
  1.933204e-01,  5.127146e+01
  1.931091e-01,  5.395596e+01
  1.971709e-01,  5.506949e+01
  1.959894e-01,  5.143892e+01
  1.926610e-01,  4.640774e+01
  1.934366e-01,  4.540732e+01
  1.966301e-01,  4.815087e+01
  1.957814e-01,  5.016237e+01
  1.902363e-01,  5.000041e+01
  1.880334e-01,  5.032392e+01
  1.932575e-01,  5.282159e+01
  2.004117e-01,  5.504357e+01
  2.024809e-01,  5.455054e+01
  2.007502e-01,  5.250728e+01
  1.998802e-01,  5.243498e+01
  2.007486e-01,  5.535268e+01
  2.008475e-01,  5.773714e+01
  1.975676e-01,  5.589129e+01
  1.941621e-01,  5.105435e+01
  1.940718e-01,  4.901705e+01
  1.974259e-01,  5.256298e+01
  2.035110e-01,  5.693928e+01
  2.051782e-01,  5.619938e+01
  1.995291e-01,  5.045586e+01
  1.915634e-01,  4.527833e+01
  1.859272e-01,  4.536490e+01
  1.872347e-01,  4.892542e+01
  1.933651e-01,  5.109066e+01
  1.969659e-01,  5.069765e+01
  1.953169e-01,  4.931777e+01
  1.914629e-01,  4.796475e+01
  1.896822e-01,  4.741005e+01
  1.914889e-01,  4.920085e+01
  1.958264e-01,  5.346436e+01
  1.994788e-01,  5.712332e+01
  1.983454e-01,  5.684783e+01
  1.945480e-01,  5.283549e+01
  1.936297e-01,  4.893032e+01
  1.953867e-01,  4.817159e+01
  1.965021e-01,  4.963618e+01
  1.961094e-01,  5.117857e+01
  1.970655e-01,  5.235694e+01
  2.011477e-01,  5.360464e+01
  2.042242e-01,  5.425295e+01
  2.012106e-01,  5.310709e+01
  1.951996e-01,  5.049026e+01
  1.945352e-01,  4.893146e+01
  2.009956e-01,  5.026061e+01
  2.070773e-01,  5.287314e+01
  2.046782e-01,  5.408273e+01
  1.961285e-01,  5.293396e+01
  1.917330e-01,  5.101934e+01
  1.955820e-01,  5.075138e+01
  2.015378e-01,  5.210284e+01
  2.024720e-01,  5.318721e+01
  1.986792e-01,  5.283326e+01
  1.958820e-01,  5.162543e+01
  1.965108e-01,  5.094846e+01
  1.974632e-01,  5.107920e+01
  1.960083e-01,  5.108694e+01
  1.938758e-01,  5.026821e+01
  1.943025e-01,  4.902872e+01
  1.968700e-01,  4.831353e+01
  1.980405e-01,  4.852390e+01
  1.962859e-01,  4.948315e+01
  1.939465e-01,  5.093184e+01
  1.934668e-01,  5.250236e+01
  1.940196e-01,  5.340032e+01
  1.937083e-01,  5.267471e+01
  1.935103e-01,  5.029974e+01
  1.953975e-01,  4.802520e+01
  1.976793e-01,  4.803920e+01
  1.975570e-01,  5.052254e+01
  1.959341e-01,  5.339168e+01
  1.959247e-01,  5.450449e+01
  1.988149e-01,  5.411167e+01
  2.018919e-01,  5.406139e+01
  2.014749e-01,  5.480573e+01
  1.976476e-01,  5.490905e+01
  1.942921e-01,  5.345696e+01
  1.948378e-01,  5.189853e+01
  1.979913e-01,  5.208606e+01
  1.993740e-01,  5.334858e+01
  1.961878e-01,  5.333775e+01
  1.910935e-01,  5.095203e+01
  1.900005e-01,  4.788094e+01
  1.936883e-01,  4.672685e+01
  1.968297e-01,  4.779815e+01
  1.954398e-01,  4.939823e+01
  1.920396e-01,  4.988540e+01
  1.922226e-01,  4.894437e+01
  1.962481e-01,  4.779450e+01
  1.979709e-01,  4.792475e+01
  1.940170e-01,  4.987570e+01
  1.893809e-01,  5.279320e+01
  1.905857e-01,  5.463090e+01
  1.971179e-01,  5.411851e+01
  2.027918e-01,  5.210391e+01
  2.030749e-01,  5.032213e+01
  1.997314e-01,  5.004223e+01
  1.979716e-01,  5.132246e+01
  1.993532e-01,  5.287686e+01
  2.000850e-01,  5.337355e+01
  1.976430e-01,  5.276068e+01
  1.950925e-01,  5.211926e+01
  1.961097e-01,  5.227715e+01
  1.987156e-01,  5.252953e+01
  1.978995e-01,  5.154645e+01
  1.940101e-01,  4.929553e+01
  1.925563e-01,  4.756259e+01
  1.949345e-01,  4.787755e+01
  1.958784e-01,  4.939361e+01
  1.916043e-01,  5.035765e+01
  1.870778e-01,  5.035310e+01
  1.897223e-01,  5.039264e+01
  1.975960e-01,  5.094398e+01
  2.014085e-01,  5.128569e+01
  1.982692e-01,  5.117206e+01
  1.958528e-01,  5.146446e+01
  1.999891e-01,  5.253131e+01
  2.051142e-01,  5.313236e+01
  2.029239e-01,  5.240086e+01
  1.959201e-01,  5.156313e+01
  1.938981e-01,  5.281678e+01
  1.997349e-01,  5.568176e+01
  2.045057e-01,  5.694529e+01
  2.004417e-01,  5.474924e+01
  1.932271e-01,  5.055489e+01
  1.919626e-01,  4.848796e+01
  1.967102e-01,  5.063935e+01
  2.015864e-01,  5.443992e+01
  2.019382e-01,  5.632075e+01
  1.996756e-01,  5.517845e+01
  1.992602e-01,  5.300540e+01
  1.998456e-01,  5.244836e+01
  1.986174e-01,  5.371195e+01
  1.968061e-01,  5.475250e+01
  1.973357e-01,  5.377865e+01
  1.999638e-01,  5.128035e+01
  2.008526e-01,  4.923942e+01
  1.979776e-01,  4.900648e+01
  1.946652e-01,  5.035513e+01
  1.947993e-01,  5.178106e+01
  1.973496e-01,  5.206825e+01
  1.986777e-01,  5.155557e+01
  1.980673e-01,  5.151654e+01
  1.985110e-01,  5.268870e+01
  2.016777e-01,  5.431057e+01
  2.040823e-01,  5.482998e+01
  2.017325e-01,  5.356200e+01
  1.968937e-01,  5.148726e+01
  1.952558e-01,  5.056398e+01
  1.977511e-01,  5.127274e+01
  1.993610e-01,  5.180987e+01
  1.972061e-01,  5.098059e+01
  1.960719e-01,  5.037816e+01
  2.007179e-01,  5.217362e+01
  2.072670e-01,  5.497071e+01
  2.064000e-01,  5.541416e+01
  1.976403e-01,  5.277471e+01
  1.912626e-01,  5.041649e+01
  1.928376e-01,  5.157990e+01
  1.977062e-01,  5.396764e+01
  1.980197e-01,  5.367695e+01
  1.948977e-01,  5.103461e+01
  1.955119e-01,  5.004068e+01
  2.013875e-01,  5.239052e+01
  2.068569e-01,  5.516317e+01
  2.054746e-01,  5.582166e+01
  1.988553e-01,  5.486587e+01
  1.933289e-01,  5.367148e+01
  1.912272e-01,  5.200088e+01
  1.904454e-01,  4.941573e+01
  1.895011e-01,  4.777487e+01
  1.895951e-01,  4.925888e+01
  1.924413e-01,  5.240548e+01
  1.953280e-01,  5.352599e+01
  1.949693e-01,  5.201857e+01
  1.934199e-01,  5.086758e+01
  1.943236e-01,  5.190627e+01
  1.973812e-01,  5.288015e+01
  1.980930e-01,  5.155461e+01
  1.951958e-01,  4.980069e+01
  1.924398e-01,  5.096097e+01
  1.939156e-01,  5.406575e+01
  1.969452e-01,  5.452302e+01
  1.965208e-01,  5.137658e+01
  1.934049e-01,  4.891166e+01
  1.912485e-01,  5.063645e+01
  1.930982e-01,  5.389090e+01
  1.960118e-01,  5.417950e+01
  1.970231e-01,  5.227127e+01
  1.972139e-01,  5.206473e+01
  1.982130e-01,  5.385740e+01
  1.990143e-01,  5.409872e+01
  1.980871e-01,  5.187027e+01
  1.969586e-01,  5.071327e+01
  1.975565e-01,  5.277926e+01
  1.995169e-01,  5.506234e+01
  1.992130e-01,  5.446928e+01
  1.965248e-01,  5.268441e+01
  1.951276e-01,  5.320855e+01
  1.977422e-01,  5.562403e+01
  2.018218e-01,  5.632427e+01
  2.027163e-01,  5.403216e+01
  2.002140e-01,  5.061839e+01
  1.969456e-01,  4.806158e+01
  1.949808e-01,  4.686823e+01
  1.944283e-01,  4.716539e+01
  1.947152e-01,  4.932938e+01
  1.961300e-01,  5.274304e+01
  1.979929e-01,  5.537856e+01
  1.980034e-01,  5.550181e+01
  1.960054e-01,  5.307154e+01
  1.946760e-01,  4.972166e+01
  1.950800e-01,  4.775347e+01
  1.952866e-01,  4.832062e+01
  1.941918e-01,  5.044571e+01
  1.931989e-01,  5.195714e+01
  1.940172e-01,  5.175632e+01
  1.962342e-01,  5.103220e+01
  1.974609e-01,  5.139704e+01
  1.967000e-01,  5.254193e+01
  1.951302e-01,  5.272579e+01
  1.940288e-01,  5.136636e+01
  1.938700e-01,  5.004942e+01
  1.949711e-01,  5.027545e+01
  1.978474e-01,  5.132827e+01
  2.008331e-01,  5.156008e+01
  2.006928e-01,  5.096374e+01
  1.972703e-01,  5.100637e+01
  1.949725e-01,  5.229099e+01
  1.972612e-01,  5.341691e+01
  2.011246e-01,  5.297043e+01
  2.010614e-01,  5.131784e+01
  1.964488e-01,  4.967602e+01
  1.920203e-01,  4.905647e+01
  1.916530e-01,  5.015529e+01
  1.946943e-01,  5.291491e+01
  1.984588e-01,  5.571004e+01
  2.007521e-01,  5.615388e+01
  2.009320e-01,  5.383701e+01
  1.994841e-01,  5.150032e+01
  1.974251e-01,  5.201226e+01
  1.977116e-01,  5.454999e+01
  2.003085e-01,  5.565107e+01
  2.004047e-01,  5.411129e+01
  1.955898e-01,  5.194288e+01
  1.897051e-01,  5.106076e+01
  1.888775e-01,  5.092301e+01
  1.931105e-01,  5.016830e+01
  1.962479e-01,  4.955295e+01
  1.953171e-01,  5.099585e+01
  1.950939e-01,  5.437303e+01
  1.989392e-01,  5.661204e+01
  2.021092e-01,  5.573922e+01
  2.007323e-01,  5.375893e+01
  1.981761e-01,  5.406857e+01
  2.001987e-01,  5.653208e+01
  2.042585e-01,  5.687237e+01
  2.027556e-01,  5.293859e+01
  1.971350e-01,  4.809965e+01
  1.942972e-01,  4.776254e+01
  1.985568e-01,  5.161780e+01
  2.040930e-01,  5.374407e+01
  2.019740e-01,  5.185529e+01
  1.960379e-01,  4.958962e+01
  1.951025e-01,  5.079547e+01
  2.002362e-01,  5.329201e+01
  2.028462e-01,  5.286436e+01
  1.994738e-01,  4.997204e+01
  1.961040e-01,  4.833699e+01
  1.964255e-01,  4.911017e+01
  1.964834e-01,  4.960151e+01
  1.921278e-01,  4.875594e+01
  1.874007e-01,  4.893114e+01
  1.883491e-01,  5.112070e+01
  1.928138e-01,  5.210301e+01
  1.937387e-01,  4.979251e+01
  1.913357e-01,  4.698756e+01
  1.907354e-01,  4.779793e+01
  1.948215e-01,  5.142434e+01
  1.995611e-01,  5.338403e+01
  1.995677e-01,  5.235206e+01
  1.957147e-01,  5.098581e+01
  1.915041e-01,  5.142314e+01
  1.898936e-01,  5.240388e+01
  1.919731e-01,  5.211583e+01
  1.962987e-01,  5.152655e+01
  1.991993e-01,  5.223947e+01
  1.987419e-01,  5.336256e+01
  1.971156e-01,  5.274645e+01
  1.974694e-01,  5.047399e+01
  1.986136e-01,  4.911963e+01
  1.971110e-01,  5.009734e+01
  1.943421e-01,  5.194865e+01
  1.943253e-01,  5.240901e+01
  1.973205e-01,  5.146795e+01
  1.993415e-01,  5.114917e+01
  1.982293e-01,  5.248267e+01
  1.964988e-01,  5.393685e+01
  1.955999e-01,  5.302065e+01
  1.937720e-01,  4.956175e+01
  1.899310e-01,  4.632017e+01
  1.863867e-01,  4.614146e+01
  1.876006e-01,  4.860802e+01
  1.929508e-01,  5.054269e+01
  1.962153e-01,  5.058054e+01
  1.950022e-01,  5.039313e+01
  1.937580e-01,  5.169333e+01
  1.970735e-01,  5.369192e+01
  2.023151e-01,  5.453014e+01
  2.029188e-01,  5.406816e+01
  1.973471e-01,  5.317575e+01
  1.910880e-01,  5.186478e+01
  1.898034e-01,  4.979545e+01
  1.924093e-01,  4.813050e+01
  1.936184e-01,  4.849101e+01
  1.928613e-01,  5.026699e+01
  1.942258e-01,  5.081982e+01
  1.984640e-01,  4.939363e+01
  2.007506e-01,  4.875545e+01
  1.980477e-01,  5.111622e+01
  1.955202e-01,  5.451463e+01
  1.976094e-01,  5.492932e+01
  2.018096e-01,  5.257127e+01
  2.024297e-01,  5.166375e+01
  1.986765e-01,  5.409472e+01
  1.963235e-01,  5.646406e+01
  1.971789e-01,  5.463510e+01
  1.986303e-01,  5.016817e+01
  1.971015e-01,  4.815174e+01
  1.941706e-01,  5.068975e+01
  1.963605e-01,  5.472188e+01
  2.027102e-01,  5.636271e+01
  2.062674e-01,  5.552235e+01
  2.039301e-01,  5.384435e+01
  1.989486e-01,  5.205584e+01
  1.955964e-01,  5.064433e+01
  1.937531e-01,  5.066827e+01
  1.913425e-01,  5.213804e+01
  1.889226e-01,  5.308961e+01
  1.888200e-01,  5.214291e+01
  1.918484e-01,  5.100640e+01
  1.959591e-01,  5.182396e+01
  1.990562e-01,  5.340394e+01
  1.996572e-01,  5.287026e+01
  1.975973e-01,  5.010252e+01
  1.943618e-01,  4.827845e+01
  1.924467e-01,  4.959291e+01
  1.944301e-01,  5.207305e+01
  1.980072e-01,  5.243090e+01
  1.986464e-01,  5.048885e+01
  1.959603e-01,  4.875248e+01
  1.940475e-01,  4.932024e+01
  1.968257e-01,  5.157071e+01
  2.019002e-01,  5.291889e+01
  2.030705e-01,  5.194510e+01
  1.993334e-01,  4.987850e+01
  1.955028e-01,  4.958683e+01
  1.957494e-01,  5.218278e+01
  1.985919e-01,  5.476300e+01
  1.985229e-01,  5.388336e+01
  1.956103e-01,  4.982614e+01
  1.942533e-01,  4.647538e+01
  1.950027e-01,  4.658795e+01
  1.960536e-01,  4.844917e+01
  1.957364e-01,  4.905342e+01
  1.943220e-01,  4.829286e+01
  1.930598e-01,  4.843982e+01
  1.925395e-01,  5.050701e+01
  1.934766e-01,  5.293180e+01
  1.961403e-01,  5.392884e+01
  1.995837e-01,  5.348707e+01
  2.016124e-01,  5.257525e+01
  2.008800e-01,  5.179691e+01
  1.988974e-01,  5.140074e+01
  1.981366e-01,  5.146085e+01
  1.987802e-01,  5.150120e+01
  1.990011e-01,  5.090611e+01
  1.982515e-01,  5.010166e+01
  1.983076e-01,  5.033787e+01
  2.006439e-01,  5.165476e+01
  2.033979e-01,  5.229003e+01
  2.027970e-01,  5.121535e+01
  1.982539e-01,  4.999108e+01
  1.935126e-01,  5.117730e+01
  1.937121e-01,  5.481139e+01
  1.991872e-01,  5.782579e+01
  2.040623e-01,  5.804460e+01
  2.037347e-01,  5.599338e+01
  1.987797e-01,  5.302837e+01
  1.931589e-01,  5.007761e+01
  1.905897e-01,  4.820719e+01
  1.916115e-01,  4.873192e+01
  1.943704e-01,  5.154581e+01
  1.967239e-01,  5.445254e+01
  1.973442e-01,  5.522814e+01
  1.971201e-01,  5.390213e+01
  1.973376e-01,  5.242915e+01
  1.975988e-01,  5.222907e+01
  1.978239e-01,  5.296162e+01
  1.988696e-01,  5.366417e+01
  2.001507e-01,  5.396713e+01
  1.993412e-01,  5.400659e+01
  1.964108e-01,  5.399233e+01
  1.957229e-01,  5.422797e+01
  2.006308e-01,  5.484367e+01
  2.073760e-01,  5.523737e+01
  2.085509e-01,  5.445537e+01
  2.026354e-01,  5.213502e+01
  1.957069e-01,  4.917220e+01
  1.931132e-01,  4.746494e+01
  1.944680e-01,  4.828595e+01
  1.971838e-01,  5.110685e+01
  1.994347e-01,  5.381433e+01
  1.994896e-01,  5.408635e+01
  1.974158e-01,  5.171233e+01
  1.957960e-01,  4.959503e+01
  1.959611e-01,  5.071402e+01
  1.969027e-01,  5.374871e+01
  1.954679e-01,  5.456620e+01
  1.921373e-01,  5.202880e+01
  1.921581e-01,  4.988129e+01
  1.961581e-01,  5.120056e+01
  1.991719e-01,  5.335076e+01
  1.962303e-01,  5.233119e+01
  1.908858e-01,  4.883309e+01
  1.896803e-01,  4.784359e+01
  1.934344e-01,  5.125520e+01
  1.985080e-01,  5.485365e+01
  2.001610e-01,  5.487229e+01
  1.999422e-01,  5.248237e+01
  2.010828e-01,  5.126081e+01
  2.026653e-01,  5.205360e+01
  2.021983e-01,  5.262768e+01
  1.988506e-01,  5.166942e+01
  1.944866e-01,  5.052248e+01
  1.917167e-01,  5.093797e+01
  1.924879e-01,  5.256567e+01
  1.959362e-01,  5.379300e+01
  1.982601e-01,  5.405406e+01
  1.971145e-01,  5.389571e+01
  1.950047e-01,  5.373938e+01
  1.962414e-01,  5.358602e+01
  2.007104e-01,  5.345405e+01
  2.036892e-01,  5.335694e+01
  2.024100e-01,  5.300112e+01
  1.994856e-01,  5.207517e+01
  1.983704e-01,  5.089598e+01
  1.984191e-01,  5.024985e+01
  1.970030e-01,  5.035728e+01
  1.941670e-01,  5.042896e+01
  1.922349e-01,  4.949647e+01
  1.922020e-01,  4.790600e+01
  1.926788e-01,  4.751323e+01
  1.930813e-01,  4.968618e+01
  1.954823e-01,  5.312437e+01
  1.998802e-01,  5.456316e+01
  2.029607e-01,  5.259823e+01
  2.029182e-01,  4.954375e+01
  2.003289e-01,  4.907633e+01
  1.981918e-01,  5.217883e+01
  1.986479e-01,  5.573419e+01
  1.989347e-01,  5.631948e+01
  1.973280e-01,  5.400104e+01
  1.955080e-01,  5.132593e+01
  1.944608e-01,  5.016283e+01
  1.942439e-01,  5.060920e+01
  1.955836e-01,  5.233951e+01
  1.988050e-01,  5.464581e+01
  2.007103e-01,  5.536516e+01
  1.971757e-01,  5.250935e+01
  1.910231e-01,  4.777329e+01
  1.882307e-01,  4.683826e+01
  1.921113e-01,  5.200195e+01
  2.001957e-01,  5.719057e+01
  2.019257e-01,  5.636449e+01
  1.975581e-01,  5.101157e+01
  1.952068e-01,  4.821062e+01
  1.977258e-01,  5.124797e+01
  2.037411e-01,  5.499149e+01
  2.066358e-01,  5.464019e+01
  2.046097e-01,  5.204677e+01
  2.003973e-01,  5.157076e+01
  1.972545e-01,  5.345368e+01
  1.971194e-01,  5.411887e+01
  1.992230e-01,  5.241782e+01
  2.012062e-01,  5.089505e+01
  2.007028e-01,  5.101705e+01
  1.988830e-01,  5.143749e+01
  1.985047e-01,  5.106273e+01
  1.991524e-01,  5.081372e+01
  1.973164e-01,  5.127816e+01
  1.924250e-01,  5.139166e+01
  1.892892e-01,  5.071346e+01
  1.918889e-01,  5.081585e+01
  1.974838e-01,  5.237132e+01
  2.005440e-01,  5.351653e+01
  2.004346e-01,  5.295142e+01
  2.015167e-01,  5.221198e+01
  2.045334e-01,  5.289981e+01
  2.045895e-01,  5.323384e+01
  1.991312e-01,  5.072877e+01
  1.937038e-01,  4.709663e+01
  1.930651e-01,  4.729944e+01
  1.966835e-01,  5.180992e+01
  2.005249e-01,  5.544083e+01
  2.004209e-01,  5.506072e+01
  1.988207e-01,  5.290066e+01
  1.983360e-01,  5.211020e+01
  1.981828e-01,  5.210181e+01
  1.976323e-01,  5.111076e+01
  1.975358e-01,  5.032123e+01
  1.979738e-01,  5.163536e+01
  1.978638e-01,  5.356453e+01
  1.964803e-01,  5.330280e+01
  1.955536e-01,  5.143113e+01
  1.962791e-01,  5.099201e+01
  1.974255e-01,  5.233861e+01
  1.981120e-01,  5.297296e+01
  1.990976e-01,  5.228384e+01
  2.008264e-01,  5.249204e+01
  2.016164e-01,  5.418744e+01
  2.000328e-01,  5.458559e+01
  1.975036e-01,  5.175569e+01
  1.969457e-01,  4.831270e+01
  1.973126e-01,  4.833620e+01
  1.980317e-01,  5.175862e+01
  2.003437e-01,  5.456623e+01
  2.022195e-01,  5.392641e+01
  2.008325e-01,  5.103389e+01
  1.960154e-01,  4.887828e+01
  1.917168e-01,  4.911266e+01
  1.923264e-01,  5.079053e+01
  1.960668e-01,  5.183565e+01
  1.976519e-01,  5.160720e+01
  1.963820e-01,  5.114688e+01
  1.961567e-01,  5.162294e+01
  1.985285e-01,  5.281240e+01
  1.997224e-01,  5.343996e+01
  1.963901e-01,  5.281790e+01
  1.913228e-01,  5.136241e+01
  1.899793e-01,  4.981802e+01
  1.931722e-01,  4.840868e+01
  1.963018e-01,  4.727616e+01
  1.959216e-01,  4.734162e+01
  1.947541e-01,  4.957613e+01
  1.977240e-01,  5.302084e+01
  2.031774e-01,  5.501307e+01
  2.044048e-01,  5.424800e+01
  2.002144e-01,  5.181315e+01
  1.962875e-01,  4.984653e+01
  1.965479e-01,  4.950819e+01
  1.980366e-01,  5.010027e+01
  1.959979e-01,  5.050135e+01
  1.918237e-01,  5.017435e+01
  1.913787e-01,  4.902711e+01
  1.959893e-01,  4.774165e+01
  1.999466e-01,  4.788949e+01
  1.989400e-01,  5.056967e+01
  1.966707e-01,  5.444422e+01
  1.980376e-01,  5.591518e+01
  2.022678e-01,  5.363074e+01
  2.048728e-01,  5.071528e+01
  2.019271e-01,  5.058251e+01
  1.966084e-01,  5.285019e+01
  1.952164e-01,  5.419157e+01
  1.988230e-01,  5.351079e+01
  2.034887e-01,  5.349032e+01
  2.055920e-01,  5.564273e+01
  2.053706e-01,  5.755581e+01
  2.037877e-01,  5.614028e+01
  2.023462e-01,  5.205677e+01
  2.019686e-01,  4.902568e+01
  2.023759e-01,  4.913519e+01
  2.031590e-01,  5.083055e+01
  2.015976e-01,  5.153161e+01
  1.960405e-01,  5.046060e+01
  1.903893e-01,  4.867347e+01
  1.898975e-01,  4.769425e+01
  1.942943e-01,  4.796994e+01
  1.980076e-01,  4.853580e+01
  1.969824e-01,  4.818472e+01
  1.933105e-01,  4.670610e+01
  1.917992e-01,  4.540830e+01
  1.938121e-01,  4.591223e+01
  1.967467e-01,  4.824257e+01
  1.976076e-01,  5.107860e+01
  1.962722e-01,  5.340116e+01
  1.958393e-01,  5.512675e+01
  1.983813e-01,  5.636208e+01
  2.010925e-01,  5.660696e+01
  1.994960e-01,  5.503226e+01
  1.945338e-01,  5.151224e+01
  1.921879e-01,  4.782075e+01
  1.946824e-01,  4.694662e+01
  1.984287e-01,  4.971358e+01
  2.001259e-01,  5.344949e+01
  1.993756e-01,  5.444602e+01
  1.989689e-01,  5.186213e+01
  2.008352e-01,  4.909463e+01
  2.020093e-01,  4.947942e+01
  2.006143e-01,  5.196422e+01
  1.974262e-01,  5.284747e+01
  1.942056e-01,  5.081705e+01
  1.932109e-01,  4.860703e+01
  1.947290e-01,  4.894897e+01
  1.978595e-01,  5.114371e+01
  2.005797e-01,  5.317932e+01
  2.013108e-01,  5.464967e+01
  2.005745e-01,  5.582618e+01
  1.988046e-01,  5.581883e+01
  1.955607e-01,  5.366937e+01
  1.922465e-01,  5.048635e+01
  1.916771e-01,  4.868130e+01
  1.949067e-01,  4.884634e+01
  1.990829e-01,  4.925814e+01
  1.996583e-01,  4.882350e+01
  1.965997e-01,  4.847689e+01
  1.951263e-01,  4.973559e+01
  1.990300e-01,  5.260545e+01
  2.044648e-01,  5.534465e+01
  2.035638e-01,  5.610755e+01
  1.954001e-01,  5.407435e+01
  1.886129e-01,  5.061112e+01
  1.897733e-01,  4.912626e+01
  1.957985e-01,  5.049692e+01
  1.994893e-01,  5.143120e+01
  1.979635e-01,  4.928494e+01
  1.955889e-01,  4.618040e+01
  1.953584e-01,  4.690858e+01
  1.973477e-01,  5.182386e+01
  1.995169e-01,  5.569859e+01
  1.976738e-01,  5.469511e+01
  1.934677e-01,  5.064246e+01
  1.905542e-01,  4.809997e+01
  1.904314e-01,  4.860365e+01
  1.931720e-01,  4.996799e+01
  1.963021e-01,  5.063688e+01
  1.977711e-01,  5.122415e+01
  1.982741e-01,  5.205797e+01
  1.986959e-01,  5.206039e+01
  1.973966e-01,  5.057730e+01
  1.927075e-01,  4.864418e+01
  1.870886e-01,  4.798633e+01
  1.863670e-01,  4.947417e+01
  1.925915e-01,  5.222588e+01
  1.994661e-01,  5.427064e+01
  1.993867e-01,  5.398506e+01
  1.942355e-01,  5.126383e+01
  1.927164e-01,  4.888995e+01
  1.972067e-01,  5.036823e+01
  2.022339e-01,  5.468072e+01
  2.011041e-01,  5.712472e+01
  1.941740e-01,  5.475526e+01
  1.904095e-01,  5.023602e+01
  1.926610e-01,  4.911932e+01
  1.967647e-01,  5.160483e+01
  1.994091e-01,  5.288035e+01
  1.996380e-01,  5.067776e+01
  1.984252e-01,  4.830737e+01
  1.954124e-01,  4.958926e+01
  1.930180e-01,  5.323964e+01
  1.939047e-01,  5.478044e+01
  1.977526e-01,  5.325479e+01
  2.024237e-01,  5.203475e+01
  2.047187e-01,  5.309190e+01
  2.035018e-01,  5.462843e+01
  1.998402e-01,  5.453750e+01
  1.971056e-01,  5.358446e+01
  1.981182e-01,  5.360030e+01
  2.013074e-01,  5.395717e+01
  2.016456e-01,  5.278810e+01
  1.975088e-01,  5.044565e+01
  1.937160e-01,  4.937628e+01
  1.957502e-01,  5.061589e+01
  2.018603e-01,  5.228998e+01
  2.035277e-01,  5.299868e+01
  1.974546e-01,  5.336125e+01
  1.912389e-01,  5.375251e+01
  1.932311e-01,  5.306022e+01
  2.006880e-01,  5.109171e+01
  2.030554e-01,  4.961866e+01
  1.966154e-01,  4.976109e+01
  1.901009e-01,  5.036359e+01
  1.916116e-01,  4.974884e+01
  1.975907e-01,  4.894838e+01
  2.000911e-01,  5.006554e+01
  1.998473e-01,  5.269485e+01
  2.018555e-01,  5.404924e+01
  2.037865e-01,  5.297421e+01
  2.005348e-01,  5.161112e+01
  1.954876e-01,  5.219594e+01
  1.967518e-01,  5.362976e+01
  2.005241e-01,  5.255451e+01
  1.964946e-01,  4.844920e+01
  1.886641e-01,  4.537080e+01
  1.905730e-01,  4.827106e+01
  2.021808e-01,  5.406316e+01
  2.023004e-01,  5.576718e+01
  1.890410e-01,  5.240525e+01
  1.901092e-01,  5.038372e+01
  2.078638e-01,  5.336639e+01
  2.079608e-01,  5.496753e+01
  1.831300e-01,  5.131727e+01
  1.815661e-01,  4.935925e+01
  2.171180e-01,  5.517437e+01
  2.279434e-01,  5.931502e+01
  1.835211e-01,  5.729999e+01
  1.716000e-01,  5.578003e+01
  2.392404e-01,  6.150250e+01
  2.642469e-01,  6.275648e+01
  1.637317e-01,  5.518788e+01
  1.080767e-01,  5.390627e+01
  2.449553e-01,  7.078108e+01
  3.335951e-01,  6.866550e+01
  1.262743e-01,  3.784798e+01
  1.255935e-01,  -8.760824e+01
  1.468254e-01,  1.039823e+02
  4.727132e-01,  8.260118e+01
  1.954830e-01,  4.074219e+01
  4.127294e-01,  -8.526250e+01
  1.538006e-01,  1.673631e+02
  9.524187e-01,  9.376827e+01
  3.484994e-01,  4.591278e+01
  1.713101e+00,  -8.153647e+01
  2.576114e+00,  1.086074e+02
  6.458703e+00,  -9.718638e+01
  1.950455e+01,  -1.004369e+02
  2.293995e+01,  -1.111048e+02
  2.404544e+01,  -1.171081e+02
  2.436872e+01,  -1.220930e+02
  2.361195e+01,  -1.279805e+02
  2.090818e+01,  -1.357246e+02
  1.746441e+01,  -1.425743e+02
  1.401681e+01,  -1.461387e+02
  1.025371e+01,  -1.488783e+02
  6.026461e+00,  -1.539798e+02
  1.717835e+00,  -1.616902e+02
  2.520551e+00,  2.206275e+01
  6.756091e+00,  2.164252e+01
  1.091608e+01,  2.209217e+01
  1.463465e+01,  2.087393e+01
  1.770882e+01,  1.893226e+01
  2.019407e+01,  1.756565e+01
  2.197534e+01,  1.675571e+01
  2.289905e+01,  1.566327e+01
  2.310000e+01,  1.386910e+01
  2.258466e+01,  1.165397e+01
  2.111408e+01,  9.199510e+00
  1.882319e+01,  6.170187e+00
  1.632021e+01,  2.300405e+00
  1.407753e+01,  -2.045851e+00
  1.207975e+01,  -6.593109e+00
  1.020368e+01,  -1.231088e+01
  8.630659e+00,  -2.044284e+01
  7.603527e+00,  -3.003367e+01
  7.123188e+00,  -3.846935e+01
  7.175059e+00,  -4.377026e+01
  7.750774e+00,  -4.443132e+01
  8.696275e+00,  -4.025739e+01
  9.942036e+00,  -3.292777e+01
  1.160405e+01,  -2.507645e+01
  1.369167e+01,  -1.869716e+01
  1.598467e+01,  -1.406017e+01
  1.818772e+01,  -1.039568e+01
  2.004600e+01,  -6.935598e+00
  2.134328e+01,  -3.464776e+00
  2.180605e+01,  -3.953784e-01
  2.120227e+01,  1.735045e+00
  1.964818e+01,  2.838226e+00
  1.750423e+01,  3.400510e+00
  1.504667e+01,  4.204365e+00
  1.246644e+01,  6.019765e+00
  9.897540e+00,  9.696603e+00
  7.412170e+00,  1.705848e+01
  5.242998e+00,  3.307931e+01
  4.084220e+00,  6.511037e+01
  4.642738e+00,  1.011197e+02
  6.285132e+00,  1.223591e+02
  8.165137e+00,  1.327005e+02
  9.853120e+00,  1.374059e+02
  1.111345e+01,  1.387800e+02
  1.196503e+01,  1.374818e+02
  1.270535e+01,  1.338154e+02
  1.346314e+01,  1.282184e+02
  1.412540e+01,  1.210626e+02
  1.485955e+01,  1.134029e+02
  1.575023e+01,  1.065073e+02
  1.646826e+01,  1.000643e+02
  1.692356e+01,  9.402317e+01
  1.719046e+01,  9.002889e+01
  1.708631e+01,  8.855897e+01
  1.660853e+01,  8.812104e+01
  1.605234e+01,  8.831437e+01
  1.551581e+01,  9.035454e+01
  1.483027e+01,  9.414549e+01
  1.385670e+01,  9.814429e+01
  1.260570e+01,  1.019162e+02
  1.118401e+01,  1.064470e+02
  9.666013e+00,  1.126326e+02
  8.114229e+00,  1.212984e+02
  6.708837e+00,  1.341529e+02
  5.725614e+00,  1.532520e+02
  5.510017e+00,  1.777561e+02
  6.245912e+00,  -1.606995e+02
  7.499543e+00,  -1.479682e+02
  8.848469e+00,  -1.405665e+02
  1.025282e+01,  -1.343989e+02
  1.173066e+01,  -1.288985e+02
  1.316068e+01,  -1.252063e+02
  1.435283e+01,  -1.233419e+02
  1.516567e+01,  -1.217010e+02
  1.560081e+01,  -1.184486e+02
  1.585925e+01,  -1.133297e+02
  1.610622e+01,  -1.078906e+02
  1.630154e+01,  -1.028653e+02
  1.654614e+01,  -9.706587e+01
  1.720955e+01,  -9.087330e+01
  1.814570e+01,  -8.754438e+01
  1.848916e+01,  -8.810486e+01
  1.811585e+01,  -8.978289e+01
  1.838903e+01,  -9.102305e+01
  1.757472e+01,  -9.660902e+01
  4.219700e+00,  -1.724163e+02
  4.096950e+00,  3.740820e+01
##END=