##TITLE= twqubit_encoding2_C_nobufferfix8
##JCAMP-DX= 5.00 Bruker JCAMP library
##DATA TYPE= Shape Data
##ORIGIN= Colm Fixed Pulses 
##OWNER= d29lu
##DATE= 12-May-2015
##TIME= 16:25
##MINX= 7.638091e-02
##MAXX= 6.383047e+01
##MINY= 1.595549e-01
##MAXY= 3.598218e+02
##$SHAPE_EXMODE= None
##$SHAPE_TOTROT= 9.000000e+01
##$SHAPE_BWFAC= 1.000000e+00
##$SHAPE_INTEGFAC= 1.000000e+00
##$SHAPE_MODE= 1
##NPOINTS= 2128
##XYPOINTS= (XY..XY)
  2.451981e+00,  5.466014e+00
  1.902033e+01,  6.892569e+01
  3.650639e+01,  1.429135e+02
  3.727448e+01,  1.759211e+02
  1.686475e+01,  1.639622e+02
  1.923943e+01,  1.442706e+02
  4.806763e+00,  6.233819e+01
  1.513775e+01,  3.273647e+02
  2.539612e+01,  3.014784e+02
  2.729541e+01,  2.766447e+02
  1.731362e+01,  2.584536e+02
  1.627800e+01,  1.774062e+02
  2.572145e+01,  1.483913e+02
  1.714243e+01,  1.241518e+02
  7.388079e+00,  4.391425e+01
  1.109907e+01,  3.150589e+02
  2.071865e+01,  2.738772e+02
  1.904548e+01,  2.843868e+02
  8.249337e+00,  3.591172e+01
  2.383178e+01,  1.115885e+02
  2.145763e+01,  1.406605e+02
  6.776536e+00,  2.487473e+02
  2.256444e+01,  3.285044e+02
  2.128431e+01,  3.426093e+02
  1.055912e+01,  3.044207e+02
  1.249446e+01,  2.986119e+02
  1.932140e+01,  3.426238e+02
  1.875977e+01,  3.572499e+02
  3.568802e+00,  2.902749e+02
  2.157127e+01,  2.193725e+02
  2.513272e+01,  2.084340e+02
  1.651257e+01,  1.638279e+02
  1.979782e+01,  1.299573e+02
  1.665107e+01,  1.586849e+02
  1.768567e+01,  2.307402e+02
  2.273475e+01,  2.726697e+02
  1.661686e+01,  3.011753e+02
  6.958032e+00,  3.361649e+02
  3.083174e+00,  3.127102e+02
  1.676303e+01,  2.725055e+02
  3.347262e+01,  2.816603e+02
  2.972484e+01,  3.026984e+02
  1.051379e+01,  1.258673e+01
  2.385189e+01,  1.150356e+02
  2.558863e+01,  1.421599e+02
  5.255470e+00,  1.880586e+02
  2.047673e+01,  3.415380e+02
  2.531818e+01,  6.529590e+00
  1.024848e+01,  5.368947e+01
  1.858481e+01,  1.767776e+02
  2.741606e+01,  1.978045e+02
  2.126439e+01,  1.859050e+02
  1.781290e+01,  1.527249e+02
  5.698246e+00,  1.699424e+02
  1.291368e+01,  3.022472e+02
  1.690069e+01,  3.054519e+02
  7.528484e+00,  2.677730e+02
  1.189843e+01,  1.902094e+02
  1.763767e+01,  1.823889e+02
  1.313257e+01,  1.620184e+02
  4.575070e+00,  7.802768e+01
  1.269526e+01,  3.416361e+02
  2.266088e+01,  3.248513e+02
  2.648761e+01,  3.144856e+02
  1.580025e+01,  3.230204e+02
  9.848403e+00,  1.001415e+02
  2.836884e+01,  1.339817e+02
  2.906866e+01,  1.495597e+02
  1.577808e+01,  1.890672e+02
  1.741944e+01,  2.822288e+02
  1.861006e+01,  3.248279e+02
  7.626475e+00,  3.272099e+01
  1.456788e+01,  1.266442e+02
  1.589080e+01,  1.394687e+02
  7.339251e+00,  1.176134e+02
  4.327043e+00,  1.913808e+01
  5.157232e+00,  3.521044e+02
  1.679031e+00,  5.142047e+01
  6.282852e+00,  1.303576e+02
  1.183779e+01,  1.382334e+02
  1.464470e+01,  1.531533e+02
  1.960651e+01,  1.705426e+02
  2.699182e+01,  1.730696e+02
  3.298221e+01,  1.632069e+02
  2.933251e+01,  1.611269e+02
  1.786196e+01,  1.426113e+02
  1.251297e+01,  7.158295e+01
  1.206514e+01,  2.205038e+01
  1.217566e+01,  2.994266e+02
  1.644155e+01,  2.579630e+02
  1.322381e+01,  2.281816e+02
  8.697553e+00,  1.192604e+02
  1.900581e+01,  7.430127e+01
  2.564805e+01,  6.232879e+01
  2.517273e+01,  4.459266e+01
  2.781130e+01,  6.111179e+01
  2.806598e+01,  1.037682e+02
  2.866196e+01,  1.708010e+02
  2.485901e+01,  2.757404e+02
  1.664511e+01,  7.288878e+01
  8.387367e+00,  2.489830e+02
  3.237052e+00,  6.466257e+01
  1.599363e+00,  2.632877e+02
  5.879877e-01,  8.938397e+01
  8.654252e-01,  2.876041e+02
  4.105283e-01,  1.020948e+02
  8.122749e-01,  2.877288e+02
  3.420283e-01,  9.535623e+01
  7.108787e-01,  2.861112e+02
  2.662169e-01,  8.816164e+01
  6.021915e-01,  2.884363e+02
  1.714627e-01,  7.468758e+01
  4.834895e-01,  2.895441e+02
  1.251288e-01,  4.311962e+01
  3.921391e-01,  2.926972e+02
  1.646729e-01,  3.580881e+02
  2.849018e-01,  2.986072e+02
  2.325748e-01,  3.264984e+02
  2.099568e-01,  3.080142e+02
  2.780266e-01,  3.182016e+02
  1.518108e-01,  3.176513e+02
  3.363147e-01,  3.133223e+02
  1.012190e-01,  3.335299e+02
  3.807414e-01,  3.078524e+02
  7.865073e-02,  2.122787e+00
  4.049086e-01,  3.045989e+02
  7.638091e-02,  1.312803e+01
  4.137867e-01,  3.017218e+02
  8.984377e-02,  2.368342e+01
  3.753528e-01,  3.008610e+02
  1.137967e-01,  3.533325e+02
  3.522824e-01,  3.036672e+02
  1.298502e-01,  3.485091e+02
  3.433139e-01,  3.032158e+02
  1.526950e-01,  3.363005e+02
  2.825885e-01,  3.046444e+02
  1.919959e-01,  3.301984e+02
  2.522114e-01,  3.052108e+02
  2.367074e-01,  3.222806e+02
  2.322655e-01,  3.100056e+02
  2.579334e-01,  3.205277e+02
  2.000241e-01,  3.131022e+02
  2.704525e-01,  3.164717e+02
  1.678383e-01,  3.196962e+02
  3.040866e-01,  3.109179e+02
  1.434330e-01,  3.325687e+02
  3.209132e-01,  3.090537e+02
  1.487501e-01,  3.319339e+02
  3.097352e-01,  3.086567e+02
  1.674724e-01,  3.289906e+02
  3.107690e-01,  3.058899e+02
  1.483036e-01,  3.305228e+02
  3.037173e-01,  3.065588e+02
  1.660334e-01,  3.322804e+02
  2.927898e-01,  3.074485e+02
  1.847823e-01,  3.273931e+02
  2.683165e-01,  3.105852e+02
  2.026879e-01,  3.218004e+02
  2.459505e-01,  3.114830e+02
  2.240575e-01,  3.207203e+02
  2.250470e-01,  3.156037e+02
  2.437685e-01,  3.168407e+02
  1.988035e-01,  3.173284e+02
  2.570443e-01,  3.149520e+02
  1.899178e-01,  3.212315e+02
  2.718301e-01,  3.136706e+02
  1.889869e-01,  3.228914e+02
  2.781460e-01,  3.117242e+02
  1.816366e-01,  3.198517e+02
  2.779257e-01,  3.116761e+02
  1.976982e-01,  3.230660e+02
  2.635216e-01,  3.124814e+02
  1.953249e-01,  3.198285e+02
  2.754762e-01,  3.097156e+02
  1.898073e-01,  3.210375e+02
  2.673293e-01,  3.124791e+02
  2.064001e-01,  3.190029e+02
  2.485592e-01,  3.124001e+02
  2.127793e-01,  3.187930e+02
  2.539016e-01,  3.147341e+02
  2.240984e-01,  3.192763e+02
  2.398097e-01,  3.123070e+02
  2.430160e-01,  3.168434e+02
  2.260322e-01,  3.173132e+02
  2.333520e-01,  3.167487e+02
  2.183081e-01,  3.184116e+02
  2.441299e-01,  3.155553e+02
  2.076486e-01,  3.167051e+02
  2.447709e-01,  3.150083e+02
  2.011291e-01,  3.186645e+02
  2.661014e-01,  3.144672e+02
  1.957413e-01,  3.177349e+02
  2.681013e-01,  3.130452e+02
  2.060138e-01,  3.175462e+02
  2.661954e-01,  3.144229e+02
  1.994964e-01,  3.170927e+02
  2.473235e-01,  3.145017e+02
  2.191151e-01,  3.181175e+02
  2.536582e-01,  3.132422e+02
  2.143332e-01,  3.205621e+02
  2.505061e-01,  3.099320e+02
  2.235438e-01,  3.177732e+02
  2.360053e-01,  3.158498e+02
  2.348276e-01,  3.178773e+02
  2.138349e-01,  3.151660e+02
  2.413607e-01,  3.164624e+02
  2.186265e-01,  3.171394e+02
  2.373057e-01,  3.148023e+02
  2.197285e-01,  3.147088e+02
  2.360431e-01,  3.175011e+02
  2.154429e-01,  3.159309e+02
  2.452615e-01,  3.160819e+02
  2.129304e-01,  3.187459e+02
  2.410634e-01,  3.151704e+02
  1.977194e-01,  3.191498e+02
  2.564409e-01,  3.134793e+02
  2.167988e-01,  3.174130e+02
  2.346060e-01,  3.148459e+02
  2.189174e-01,  3.189548e+02
  2.591303e-01,  3.135921e+02
  2.015684e-01,  3.196090e+02
  2.382694e-01,  3.157476e+02
  2.225594e-01,  3.179002e+02
  2.254323e-01,  3.147859e+02
  2.403713e-01,  3.162552e+02
  2.263654e-01,  3.153013e+02
  2.404260e-01,  3.182232e+02
  2.245552e-01,  3.148759e+02
  2.353948e-01,  3.162110e+02
  2.307903e-01,  3.175326e+02
  2.315376e-01,  3.161338e+02
  2.236885e-01,  3.177771e+02
  2.451803e-01,  3.171930e+02
  2.103798e-01,  3.155900e+02
  2.544594e-01,  3.142798e+02
  2.137573e-01,  3.178403e+02
  2.521621e-01,  3.136748e+02
  2.140095e-01,  3.171938e+02
  2.453346e-01,  3.138862e+02
  2.430820e-01,  3.154216e+02
  2.338914e-01,  3.177254e+02
  2.203641e-01,  3.165988e+02
  2.295955e-01,  3.149023e+02
  2.234493e-01,  3.185759e+02
  2.312202e-01,  3.156848e+02
  2.326676e-01,  3.183308e+02
  2.162902e-01,  3.146684e+02
  2.301644e-01,  3.153111e+02
  2.281149e-01,  3.159085e+02
  2.358951e-01,  3.164937e+02
  2.180194e-01,  3.153703e+02
  2.257958e-01,  3.157581e+02
  2.366548e-01,  3.158579e+02
  2.353916e-01,  3.170706e+02
  2.123074e-01,  3.161293e+02
  2.372534e-01,  3.151454e+02
  2.274918e-01,  3.140177e+02
  2.344656e-01,  3.169112e+02
  2.322587e-01,  3.165889e+02
  2.396307e-01,  3.124488e+02
  2.253912e-01,  3.150658e+02
  2.361112e-01,  3.176511e+02
  2.223084e-01,  3.147628e+02
  2.296832e-01,  3.174402e+02
  2.324562e-01,  3.181046e+02
  2.306854e-01,  3.126807e+02
  2.268956e-01,  3.198355e+02
  2.458455e-01,  3.118408e+02
  2.236649e-01,  3.198100e+02
  2.387927e-01,  3.164069e+02
  2.325281e-01,  3.158514e+02
  2.304262e-01,  3.166453e+02
  2.399970e-01,  3.161694e+02
  2.275827e-01,  3.173381e+02
  2.348702e-01,  3.185242e+02
  2.161347e-01,  3.155674e+02
  2.404159e-01,  3.157601e+02
  2.220050e-01,  3.161022e+02
  2.402007e-01,  3.165102e+02
  2.289708e-01,  3.160425e+02
  2.335527e-01,  3.154260e+02
  2.217731e-01,  3.192880e+02
  2.363311e-01,  3.155850e+02
  2.319176e-01,  3.155784e+02
  2.267367e-01,  3.136768e+02
  2.344396e-01,  3.165998e+02
  2.205746e-01,  3.153389e+02
  2.156432e-01,  3.190073e+02
  2.377688e-01,  3.155696e+02
  2.183742e-01,  3.195060e+02
  2.294917e-01,  3.148833e+02
  2.362039e-01,  3.180117e+02
  2.310061e-01,  3.154125e+02
  2.299869e-01,  3.153104e+02
  2.193747e-01,  3.186713e+02
  2.407498e-01,  3.168590e+02
  2.273071e-01,  3.150776e+02
  2.350222e-01,  3.181554e+02
  2.187317e-01,  3.143736e+02
  2.405603e-01,  3.174707e+02
  2.279318e-01,  3.186479e+02
  2.251240e-01,  3.133857e+02
  2.353785e-01,  3.190570e+02
  2.268286e-01,  3.125900e+02
  2.247728e-01,  3.175694e+02
  2.313576e-01,  3.130690e+02
  2.314843e-01,  3.172420e+02
  2.301078e-01,  3.173829e+02
  2.233004e-01,  3.155509e+02
  2.403023e-01,  3.151924e+02
  2.171315e-01,  3.186210e+02
  2.289119e-01,  3.154732e+02
  2.436061e-01,  3.145892e+02
  2.265971e-01,  3.166221e+02
  2.343416e-01,  3.171468e+02
  2.255964e-01,  3.140429e+02
  2.396733e-01,  3.174368e+02
  2.218673e-01,  3.178099e+02
  2.234483e-01,  3.156935e+02
  2.320578e-01,  3.188864e+02
  2.310105e-01,  3.154261e+02
  2.269592e-01,  3.166143e+02
  2.464468e-01,  3.149103e+02
  2.165637e-01,  3.177018e+02
  2.360828e-01,  3.147258e+02
  2.355208e-01,  3.165239e+02
  2.310191e-01,  3.138424e+02
  2.398063e-01,  3.158449e+02
  2.164598e-01,  3.168190e+02
  2.397996e-01,  3.147489e+02
  2.322260e-01,  3.172386e+02
  2.370986e-01,  3.163747e+02
  2.251083e-01,  3.143403e+02
  2.277584e-01,  3.193032e+02
  2.355928e-01,  3.150919e+02
  2.323773e-01,  3.161010e+02
  2.304220e-01,  3.175960e+02
  2.230571e-01,  3.160429e+02
  2.289765e-01,  3.166208e+02
  2.337246e-01,  3.147213e+02
  2.271332e-01,  3.171808e+02
  2.308509e-01,  3.163082e+02
  2.318309e-01,  3.157332e+02
  2.387931e-01,  3.146055e+02
  2.250101e-01,  3.175620e+02
  2.268737e-01,  3.155862e+02
  2.377328e-01,  3.178475e+02
  2.270646e-01,  3.175206e+02
  2.373118e-01,  3.154110e+02
  2.291010e-01,  3.142162e+02
  2.287529e-01,  3.160438e+02
  2.267575e-01,  3.178696e+02
  2.333308e-01,  3.161780e+02
  2.279086e-01,  3.163027e+02
  2.308319e-01,  3.176943e+02
  2.272039e-01,  3.171483e+02
  2.339440e-01,  3.145856e+02
  2.280815e-01,  3.180332e+02
  2.291665e-01,  3.153659e+02
  2.375134e-01,  3.135160e+02
  2.134234e-01,  3.191181e+02
  2.335977e-01,  3.144601e+02
  2.136364e-01,  3.167851e+02
  2.345077e-01,  3.161995e+02
  2.338539e-01,  3.170437e+02
  2.222899e-01,  3.161357e+02
  2.304104e-01,  3.156550e+02
  2.351506e-01,  3.163713e+02
  2.301450e-01,  3.153797e+02
  2.275581e-01,  3.154849e+02
  2.339499e-01,  3.157992e+02
  2.273961e-01,  3.191410e+02
  2.363837e-01,  3.168337e+02
  2.132828e-01,  3.196775e+02
  2.353774e-01,  3.132668e+02
  2.308879e-01,  3.194806e+02
  2.294332e-01,  3.178662e+02
  2.263642e-01,  3.163986e+02
  2.343204e-01,  3.141958e+02
  2.293656e-01,  3.173534e+02
  2.363970e-01,  3.180891e+02
  2.385541e-01,  3.144185e+02
  2.260688e-01,  3.169152e+02
  2.263344e-01,  3.187041e+02
  2.283000e-01,  3.158195e+02
  2.427781e-01,  3.138679e+02
  2.217868e-01,  3.169842e+02
  2.344421e-01,  3.144988e+02
  2.225960e-01,  3.179992e+02
  2.422957e-01,  3.150926e+02
  2.257338e-01,  3.162400e+02
  2.201220e-01,  3.187601e+02
  2.271101e-01,  3.189192e+02
  2.285831e-01,  3.141216e+02
  2.328763e-01,  3.173668e+02
  2.276840e-01,  3.121233e+02
  2.261763e-01,  3.181724e+02
  2.355206e-01,  3.148946e+02
  2.288951e-01,  3.165999e+02
  2.228015e-01,  3.163387e+02
  2.460721e-01,  3.160760e+02
  2.279826e-01,  3.169412e+02
  2.406521e-01,  3.158258e+02
  2.235287e-01,  3.189007e+02
  2.354099e-01,  3.124357e+02
  2.325746e-01,  3.176477e+02
  2.373182e-01,  3.109513e+02
  2.340870e-01,  3.181694e+02
  2.252180e-01,  3.163635e+02
  2.233354e-01,  3.186788e+02
  2.247836e-01,  3.152757e+02
  2.317175e-01,  3.172991e+02
  2.241677e-01,  3.161140e+02
  2.384998e-01,  3.153004e+02
  2.134867e-01,  3.154805e+02
  2.321120e-01,  3.138206e+02
  2.465106e-01,  3.165809e+02
  2.191825e-01,  3.169467e+02
  2.278913e-01,  3.161622e+02
  2.262320e-01,  3.145046e+02
  2.225838e-01,  3.201519e+02
  2.300430e-01,  3.144098e+02
  2.276332e-01,  3.174408e+02
  2.387809e-01,  3.172884e+02
  2.116005e-01,  3.166076e+02
  2.377461e-01,  3.148595e+02
  2.289104e-01,  3.172051e+02
  2.285224e-01,  3.159137e+02
  2.358790e-01,  3.154617e+02
  2.306569e-01,  3.161784e+02
  2.306621e-01,  3.189231e+02
  2.176339e-01,  3.173619e+02
  2.417539e-01,  3.157906e+02
  2.152809e-01,  3.157205e+02
  2.364453e-01,  3.161003e+02
  2.282691e-01,  3.171257e+02
  2.331768e-01,  3.135875e+02
  2.367303e-01,  3.154676e+02
  2.246865e-01,  3.181938e+02
  2.411668e-01,  3.136093e+02
  2.248203e-01,  3.180382e+02
  2.271149e-01,  3.157217e+02
  2.294357e-01,  3.152421e+02
  2.309289e-01,  3.172323e+02
  2.333609e-01,  3.121005e+02
  2.252780e-01,  3.180768e+02
  2.272971e-01,  3.146114e+02
  2.298799e-01,  3.181636e+02
  2.277749e-01,  3.150438e+02
  2.333771e-01,  3.187821e+02
  2.359501e-01,  3.158883e+02
  2.347658e-01,  3.155597e+02
  2.272731e-01,  3.177753e+02
  2.305360e-01,  3.161650e+02
  2.231976e-01,  3.167123e+02
  2.280034e-01,  3.150912e+02
  2.285602e-01,  3.155823e+02
  2.188273e-01,  3.193491e+02
  2.417391e-01,  3.151063e+02
  2.238924e-01,  3.163470e+02
  2.389926e-01,  3.175731e+02
  2.273299e-01,  3.150141e+02
  2.252866e-01,  3.193394e+02
  2.306473e-01,  3.149165e+02
  2.326326e-01,  3.153994e+02
  2.281715e-01,  3.146334e+02
  2.284658e-01,  3.178313e+02
  2.467325e-01,  3.150009e+02
  2.165611e-01,  3.186803e+02
  2.284432e-01,  3.157022e+02
  2.300601e-01,  3.188476e+02
  2.392489e-01,  3.147656e+02
  2.243413e-01,  3.153015e+02
  2.331801e-01,  3.134307e+02
  2.304745e-01,  3.154929e+02
  2.319819e-01,  3.169130e+02
  2.257807e-01,  3.155561e+02
  2.335200e-01,  3.179786e+02
  2.166388e-01,  3.149838e+02
  2.381946e-01,  3.184256e+02
  2.181049e-01,  3.160754e+02
  2.239524e-01,  3.154772e+02
  2.330610e-01,  3.148690e+02
  2.169446e-01,  3.177083e+02
  2.351142e-01,  3.140496e+02
  2.155320e-01,  3.199569e+02
  2.444527e-01,  3.129735e+02
  2.046666e-01,  3.207588e+02
  2.362442e-01,  3.164036e+02
  2.347351e-01,  3.149209e+02
  2.297817e-01,  3.182403e+02
  2.243195e-01,  3.142964e+02
  2.450849e-01,  3.185797e+02
  2.360070e-01,  3.136799e+02
  2.273960e-01,  3.157952e+02
  2.280555e-01,  3.172309e+02
  2.274931e-01,  3.177493e+02
  2.284012e-01,  3.154499e+02
  2.278659e-01,  3.151054e+02
  2.266310e-01,  3.187516e+02
  2.573909e-01,  3.140072e+02
  2.185027e-01,  3.176987e+02
  2.288815e-01,  3.174867e+02
  2.396490e-01,  3.170260e+02
  2.256572e-01,  3.170337e+02
  2.318574e-01,  3.147518e+02
  2.150634e-01,  3.169453e+02
  2.496232e-01,  3.156787e+02
  2.101239e-01,  3.183885e+02
  2.371016e-01,  3.149429e+02
  2.299242e-01,  3.203778e+02
  2.251654e-01,  3.150171e+02
  2.228852e-01,  3.175156e+02
  2.496127e-01,  3.142855e+02
  1.987428e-01,  3.196919e+02
  2.397760e-01,  3.154433e+02
  2.149881e-01,  3.182816e+02
  2.435845e-01,  3.142217e+02
  2.163826e-01,  3.196822e+02
  2.422904e-01,  3.141800e+02
  2.172815e-01,  3.178734e+02
  2.373661e-01,  3.134255e+02
  2.314927e-01,  3.149625e+02
  2.254798e-01,  3.186518e+02
  2.290094e-01,  3.167628e+02
  2.294084e-01,  3.123098e+02
  2.273579e-01,  3.195404e+02
  2.272905e-01,  3.152960e+02
  2.403633e-01,  3.162665e+02
  2.144983e-01,  3.142021e+02
  2.432610e-01,  3.187678e+02
  1.963025e-01,  3.163058e+02
  2.545398e-01,  3.144256e+02
  1.959182e-01,  3.201368e+02
  1.910778e-01,  6.993728e+01
  9.320935e+00,  3.545180e+02
  2.993433e+01,  9.608205e+00
  3.489157e+01,  3.521050e+02
  3.038359e+01,  3.300886e+02
  1.354824e+01,  2.992472e+02
  1.905689e+01,  2.016833e+02
  3.255381e+01,  1.729287e+02
  3.983783e+01,  1.675869e+02
  3.399469e+01,  1.611975e+02
  2.546105e+01,  1.257619e+02
  2.863476e+01,  8.194921e+01
  2.881011e+01,  5.820181e+01
  1.756439e+01,  3.874867e+01
  6.392369e+00,  3.062909e+02
  1.539684e+01,  2.639383e+02
  1.763704e+01,  2.696349e+02
  1.708367e+01,  2.839377e+02
  1.713684e+01,  2.796889e+02
  1.993605e+01,  2.483911e+02
  2.175440e+01,  2.135526e+02
  2.288920e+01,  1.559325e+02
  3.307121e+01,  1.211613e+02
  2.851934e+01,  1.064031e+02
  6.371739e+00,  3.870829e+01
  2.691988e+01,  2.981052e+02
  3.506267e+01,  2.857604e+02
  3.053516e+01,  2.513627e+02
  3.469056e+01,  2.065195e+02
  3.102810e+01,  1.830821e+02
  1.826036e+01,  1.639229e+02
  1.995940e+01,  1.221448e+02
  3.423764e+01,  1.143868e+02
  3.560194e+01,  1.059402e+02
  2.323314e+01,  8.623090e+01
  9.867112e+00,  3.029120e+01
  1.206328e+01,  3.381846e+02
  7.292236e+00,  2.734829e+02
  2.106948e+01,  2.067360e+02
  3.084250e+01,  2.216752e+02
  2.856003e+01,  2.690732e+02
  1.570385e+01,  3.298310e+02
  1.007439e+01,  7.044601e+01
  5.510971e+00,  1.775578e+02
  8.120237e+00,  2.679729e+02
  1.233310e+01,  1.720395e+01
  2.510597e+01,  5.993293e+01
  1.621851e+01,  7.163773e+01
  1.057610e+01,  2.971305e+02
  2.511569e+01,  3.035292e+02
  1.631308e+01,  3.287866e+02
  1.124340e+01,  1.321694e+02
  2.786254e+01,  1.721457e+02
  1.846555e+01,  2.132940e+02
  2.088681e+01,  3.401608e+02
  3.599019e+01,  2.792682e+01
  2.999610e+01,  5.270163e+01
  1.022841e+01,  2.087704e+01
  1.347415e+01,  2.505512e+02
  2.812983e+01,  2.311540e+02
  2.790416e+01,  2.351784e+02
  1.625329e+01,  2.172259e+02
  1.144562e+01,  1.409596e+02
  1.354896e+01,  1.025443e+02
  8.259545e+00,  6.767291e+01
  1.315336e+01,  2.473444e+01
  2.560347e+01,  2.938735e+01
  3.349722e+01,  2.449877e+01
  3.678142e+01,  7.200116e+00
  4.095200e+01,  3.556226e+02
  3.116952e+01,  3.439040e+02
  1.099832e+01,  2.822681e+02
  1.748131e+01,  1.825318e+02
  2.199789e+01,  1.282149e+02
  3.708808e+01,  7.452735e+01
  4.944594e+01,  5.037234e+01
  3.981830e+01,  2.786257e+01
  3.528618e+01,  3.483805e+02
  4.197155e+01,  3.277786e+02
  3.386766e+01,  3.267966e+02
  1.283121e+01,  3.357757e+02
  2.646429e+00,  9.260446e+01
  2.481032e+00,  6.753075e+01
  2.777297e+00,  5.288113e+01
  1.339874e+01,  1.318666e+02
  3.025968e+01,  1.464254e+02
  2.812314e+01,  1.447683e+02
  1.822236e+01,  7.765315e+01
  3.617738e+01,  3.013687e+01
  3.561722e+01,  2.627259e+01
  1.573799e+01,  3.481299e+01
  7.161315e+00,  2.377362e+02
  1.762214e+01,  2.286037e+02
  1.808063e+01,  2.018112e+02
  1.879576e+01,  1.836572e+02
  1.357829e+01,  1.862141e+02
  3.982903e+00,  2.292463e+02
  5.216751e+00,  3.486876e+02
  8.237510e+00,  2.324787e+01
  9.644987e+00,  2.075035e+01
  1.288519e+01,  3.447146e+02
  1.652121e+01,  3.197389e+02
  1.217972e+01,  2.793349e+02
  1.323707e+01,  1.956789e+02
  2.783694e+01,  1.588552e+02
  3.865967e+01,  1.237747e+02
  4.851883e+01,  8.584004e+01
  3.859660e+01,  6.850991e+01
  6.972614e+00,  9.463609e+01
  1.811594e+01,  3.106352e+02
  4.188578e+01,  4.219127e+00
  4.914315e+01,  1.962741e+01
  5.402619e+01,  3.310881e+02
  6.383047e+01,  3.051813e+02
  2.317497e+01,  2.920058e+02
  1.278138e+01,  1.818105e+02
  3.438248e+01,  1.702516e+02
  1.322899e+01,  1.507700e+02
  2.986825e+01,  1.804346e+01
  5.953271e+01,  2.374047e+01
  3.896988e+01,  2.382641e+00
  4.481072e+01,  3.209084e+02
  2.679789e+01,  2.862031e+02
  1.920215e+01,  3.148172e+02
  1.012927e+01,  3.508823e+02
  5.532546e+00,  1.171931e+02
  2.318479e+01,  1.591169e+02
  3.035336e+01,  1.630579e+02
  2.035141e+01,  1.484593e+02
  2.203239e+01,  5.110066e+01
  3.592047e+01,  2.300592e+01
  2.663522e+01,  2.550946e+00
  1.330042e+01,  2.949550e+02
  2.348297e+01,  2.617337e+02
  2.029477e+01,  2.609819e+02
  6.435911e+00,  2.238045e+02
  1.130462e+01,  1.583522e+02
  1.416133e+01,  1.898797e+02
  1.148217e+01,  2.396827e+02
  1.024164e+01,  3.471181e+02
  2.778873e+01,  4.057852e+01
  3.355871e+01,  5.791648e+01
  1.281637e+01,  4.851074e+01
  2.296302e+01,  2.771707e+02
  3.324845e+01,  2.812912e+02
  9.181678e+00,  2.868269e+02
  2.611282e+01,  1.224711e+02
  3.430066e+01,  1.404001e+02
  1.684008e+01,  1.812106e+02
  1.327500e+01,  2.929670e+02
  1.859184e+01,  3.245599e+02
  8.495390e+00,  3.246537e+02
  2.282531e+00,  2.605072e+02
  5.788023e+00,  3.135964e+02
  1.388139e+01,  3.370303e+02
  1.736049e+01,  3.262789e+02
  2.050085e+01,  2.953953e+02
  2.521146e+01,  2.641381e+02
  2.584974e+01,  2.317735e+02
  1.246940e+01,  1.608450e+02
  2.960917e+01,  9.543818e+01
  3.467189e+01,  9.211366e+01
  2.515315e+01,  5.753969e+01
  2.390173e+01,  3.538474e+02
  2.162585e+01,  3.056098e+02
  2.297931e+01,  2.561303e+02
  3.120212e+01,  2.122146e+02
  3.179176e+01,  1.808610e+02
  1.702575e+01,  1.625691e+02
  3.513166e+00,  7.516074e+01
  5.077292e+00,  1.422286e+01
  5.793555e+00,  2.717517e+02
  1.439427e+01,  2.645877e+02
  1.685552e+01,  3.131279e+02
  2.815143e+01,  1.608248e+00
  3.585446e+01,  3.569547e+02
  4.594086e+01,  3.176714e+02
  5.762767e+01,  2.890384e+02
  3.984468e+01,  2.698000e+02
  2.203404e+01,  2.525892e+02
  1.337653e+01,  1.454536e+02
  1.304750e+01,  8.055591e+01
  3.475681e+01,  2.335687e+01
  4.547945e+01,  2.936748e+01
  3.552211e+01,  2.808780e+01
  2.018519e+01,  3.366172e+02
  2.192480e+01,  2.771628e+02
  2.516094e+01,  2.629796e+02
  1.889494e+01,  2.856773e+02
  1.723104e+00,  2.227943e+02
  1.854645e+01,  1.297708e+02
  2.326598e+01,  1.351058e+02
  1.368727e+01,  8.840511e+01
  2.812327e+01,  3.520046e+01
  3.257659e+01,  1.704355e+01
  1.868561e+01,  2.896487e+02
  4.562022e+01,  2.567100e+02
  1.568180e+01,  1.699059e+02
  2.169452e+01,  4.178113e+01
  1.513627e+01,  2.326884e+02
  6.814866e+00,  5.386718e+01
  2.902772e+00,  2.435918e+02
  1.044410e+00,  4.073761e+01
  6.731574e-01,  2.328157e+02
  6.465248e-01,  3.598218e+02
  5.085627e-01,  2.271887e+02
  5.926956e-01,  3.589745e+02
  4.545836e-01,  2.346132e+02
  5.025140e-01,  3.595156e+02
  4.010722e-01,  2.450593e+02
  4.120729e-01,  3.571970e+02
  3.318259e-01,  2.585451e+02
  3.197607e-01,  3.550915e+02
  3.036600e-01,  2.744059e+02
  2.407834e-01,  3.529965e+02
  2.894470e-01,  2.871728e+02
  2.013821e-01,  3.451444e+02
  2.926855e-01,  3.039166e+02
  1.529142e-01,  3.231051e+02
  3.027745e-01,  3.170140e+02
  1.547121e-01,  3.023149e+02
  2.981561e-01,  3.244797e+02
  1.633714e-01,  2.929583e+02
  3.169873e-01,  3.300112e+02
  1.914096e-01,  2.827798e+02
  3.157329e-01,  3.345363e+02
  1.917277e-01,  2.807279e+02
  3.254095e-01,  3.331207e+02
  1.942455e-01,  2.806314e+02
  3.094870e-01,  3.342793e+02
  2.104456e-01,  2.864275e+02
  2.733519e-01,  3.368699e+02
  2.263801e-01,  2.902247e+02
  2.516181e-01,  3.357835e+02
  2.464514e-01,  2.969454e+02
  2.334101e-01,  3.325073e+02
  2.389712e-01,  3.010841e+02
  1.997277e-01,  3.295155e+02
  2.660904e-01,  3.077421e+02
  1.829445e-01,  3.240880e+02
  2.794497e-01,  3.126656e+02
  1.824439e-01,  3.168712e+02
  2.729749e-01,  3.192511e+02
  1.788054e-01,  3.099306e+02
  2.766761e-01,  3.238327e+02
  2.059047e-01,  2.997771e+02
  2.707114e-01,  3.278815e+02
  2.029907e-01,  3.024849e+02
  2.539933e-01,  3.292973e+02
  2.171324e-01,  2.996821e+02
  2.490829e-01,  3.277729e+02
  2.115592e-01,  3.031974e+02
  2.409020e-01,  3.316477e+02
  2.193439e-01,  2.997297e+02
  2.428902e-01,  3.277016e+02
  2.349770e-01,  3.034437e+02
  2.295433e-01,  3.255472e+02
  2.276420e-01,  3.089848e+02
  2.115665e-01,  3.214045e+02
  2.386359e-01,  3.135383e+02
  2.034277e-01,  3.178519e+02
  2.505875e-01,  3.127735e+02
  1.982206e-01,  3.207155e+02
  2.488725e-01,  3.182014e+02
  2.091704e-01,  3.120436e+02
  2.470845e-01,  3.238722e+02
  2.149533e-01,  3.083257e+02
  2.394471e-01,  3.248492e+02
  2.172522e-01,  3.079819e+02
  2.479733e-01,  3.223027e+02
  2.170189e-01,  3.091191e+02
  2.465087e-01,  3.248411e+02
  2.161146e-01,  3.074221e+02
  2.440812e-01,  3.236378e+02
  2.217338e-01,  3.081024e+02
  2.317973e-01,  3.229057e+02
  2.292561e-01,  3.082772e+02
  2.322719e-01,  3.203226e+02
  2.202379e-01,  3.141429e+02
  2.334501e-01,  3.176022e+02
  2.375040e-01,  3.153872e+02
  2.166949e-01,  3.151998e+02
  2.287574e-01,  3.153245e+02
  2.225593e-01,  3.190052e+02
  2.410645e-01,  3.170139e+02
  2.059573e-01,  3.179174e+02
  2.423191e-01,  3.180710e+02
  2.093369e-01,  3.128915e+02
  2.354547e-01,  3.215951e+02
  2.181542e-01,  3.135272e+02
  2.406314e-01,  3.185665e+02
  2.053938e-01,  3.109116e+02
  2.463239e-01,  3.199823e+02
  2.272238e-01,  3.111967e+02
  2.439010e-01,  3.189227e+02
  2.143407e-01,  3.122217e+02
  2.254066e-01,  3.158956e+02
  2.337748e-01,  3.128643e+02
  2.211596e-01,  3.206511e+02
  2.316554e-01,  3.126969e+02
  2.218282e-01,  3.203680e+02
  2.205778e-01,  3.127594e+02
  2.284335e-01,  3.190754e+02
  2.357676e-01,  3.105893e+02
  2.262657e-01,  3.192161e+02
  2.262129e-01,  3.161484e+02
  2.215622e-01,  3.173844e+02
  2.526049e-01,  3.182169e+02
  1.976311e-01,  3.135512e+02
  2.351755e-01,  3.191745e+02
  2.179758e-01,  3.138967e+02
  2.293493e-01,  3.190771e+02
  2.228646e-01,  3.125575e+02
  2.337420e-01,  3.211687e+02
  2.220333e-01,  3.114523e+02
  2.302233e-01,  3.196623e+02
  2.243076e-01,  3.150484e+02
  2.242249e-01,  3.198512e+02
  2.402319e-01,  3.127823e+02
  2.215375e-01,  3.176887e+02
  2.244910e-01,  3.148296e+02
  2.309099e-01,  3.170421e+02
  2.279002e-01,  3.129309e+02
  2.328041e-01,  3.169893e+02
  2.246174e-01,  3.178027e+02
  2.335302e-01,  3.162839e+02
  2.255083e-01,  3.158327e+02
  2.162168e-01,  3.167754e+02
  2.391636e-01,  3.148176e+02
  2.212036e-01,  3.124386e+02
  2.384329e-01,  3.184044e+02
  2.147629e-01,  3.154248e+02
  2.357320e-01,  3.173750e+02
  2.175755e-01,  3.164961e+02
  2.302250e-01,  3.172858e+02
  2.324933e-01,  3.126011e+02
  2.193032e-01,  3.203790e+02
  2.268294e-01,  3.156943e+02
  2.391782e-01,  3.148234e+02
  2.273278e-01,  3.174613e+02
  2.286518e-01,  3.155768e+02
  2.261569e-01,  3.146716e+02
  2.126643e-01,  3.205566e+02
  2.294750e-01,  3.140580e+02
  2.272786e-01,  3.153692e+02
  2.257392e-01,  3.169075e+02
  2.259335e-01,  3.194503e+02
  2.281720e-01,  3.132644e+02
  2.297487e-01,  3.168500e+02
  2.328865e-01,  3.152527e+02
  2.236496e-01,  3.145768e+02
  2.296009e-01,  3.173896e+02
  2.256535e-01,  3.156639e+02
  2.356880e-01,  3.179481e+02
  2.184855e-01,  3.146466e+02
  2.307724e-01,  3.162431e+02
  2.245456e-01,  3.173326e+02
  2.240464e-01,  3.174091e+02
  2.308592e-01,  3.171431e+02
  2.171622e-01,  3.159382e+02
  2.290710e-01,  3.168144e+02
  2.234874e-01,  3.164140e+02
  2.139565e-01,  3.153269e+02
  2.331366e-01,  3.192391e+02
  2.263798e-01,  3.123253e+02
  2.266017e-01,  3.198347e+02
  2.341406e-01,  3.123416e+02
  2.128224e-01,  3.191350e+02
  2.373585e-01,  3.150896e+02
  2.310213e-01,  3.163726e+02
  2.293324e-01,  3.145013e+02
  2.285166e-01,  3.153699e+02
  2.244582e-01,  3.189653e+02
  2.313973e-01,  3.157296e+02
  2.195484e-01,  3.189101e+02
  2.237758e-01,  3.135344e+02
  2.236290e-01,  3.197294e+02
  2.313051e-01,  3.145016e+02
  2.230355e-01,  3.171801e+02
  2.280448e-01,  3.141757e+02
  2.342769e-01,  3.171664e+02
  2.170008e-01,  3.182070e+02
  2.309269e-01,  3.177767e+02
  2.217096e-01,  3.152212e+02
  2.288795e-01,  3.151699e+02
  2.238057e-01,  3.170146e+02
  2.278573e-01,  3.157300e+02
  2.368616e-01,  3.151201e+02
  2.207371e-01,  3.165349e+02
  2.228440e-01,  3.145527e+02
  2.279531e-01,  3.186613e+02
  2.305497e-01,  3.172197e+02
  2.262503e-01,  3.126871e+02
  2.283753e-01,  3.157619e+02
  2.245396e-01,  3.152060e+02
  2.354592e-01,  3.180775e+02
  2.130340e-01,  3.149532e+02
  2.331008e-01,  3.175420e+02
  2.335505e-01,  3.137725e+02
  2.179840e-01,  3.157189e+02
  2.348510e-01,  3.190688e+02
  2.124082e-01,  3.158015e+02
  2.294901e-01,  3.173955e+02
  2.251890e-01,  3.177420e+02
  2.284908e-01,  3.199863e+02
  2.140577e-01,  3.146758e+02
  2.207433e-01,  3.181066e+02
  2.276377e-01,  3.146261e+02
  2.276722e-01,  3.146436e+02
  2.390741e-01,  3.203981e+02
  2.251275e-01,  3.103910e+02
  2.329363e-01,  3.178322e+02
  2.216625e-01,  3.163842e+02
  2.252214e-01,  3.138814e+02
  2.202225e-01,  3.187709e+02
  2.151582e-01,  3.196398e+02
  2.331821e-01,  3.151125e+02
  2.321821e-01,  3.152364e+02
  2.207120e-01,  3.166708e+02
  2.336495e-01,  3.173490e+02
  2.259103e-01,  3.155579e+02
  2.239794e-01,  3.150810e+02
  2.280009e-01,  3.157965e+02
  2.316414e-01,  3.150108e+02
  2.266903e-01,  3.173688e+02
  2.294842e-01,  3.131731e+02
  2.269829e-01,  3.152803e+02
  2.157496e-01,  3.202222e+02
  2.305194e-01,  3.185793e+02
  2.222674e-01,  3.133212e+02
  2.213149e-01,  3.200418e+02
  2.324548e-01,  3.131203e+02
  2.353957e-01,  3.160496e+02
  2.281561e-01,  3.178963e+02
  2.247123e-01,  3.169725e+02
  2.347221e-01,  3.156941e+02
  2.270402e-01,  3.165976e+02
  2.206568e-01,  3.192127e+02
  2.333422e-01,  3.161274e+02
  2.231694e-01,  3.176516e+02
  2.336607e-01,  3.136825e+02
  2.285587e-01,  3.180265e+02
  2.156956e-01,  3.168405e+02
  2.308748e-01,  3.161617e+02
  2.235562e-01,  3.157376e+02
  2.153827e-01,  3.180491e+02
  2.476483e-01,  3.142134e+02
  2.242755e-01,  3.161036e+02
  2.312530e-01,  3.149696e+02
  2.268774e-01,  3.185968e+02
  2.103076e-01,  3.160463e+02
  2.305933e-01,  3.161537e+02
  2.283398e-01,  3.188849e+02
  2.317571e-01,  3.155452e+02
  2.223649e-01,  3.176194e+02
  2.421863e-01,  3.134843e+02
  2.148608e-01,  3.181543e+02
  2.344352e-01,  3.140514e+02
  2.238699e-01,  3.188061e+02
  2.148579e-01,  3.171290e+02
  2.325533e-01,  3.166095e+02
  2.126536e-01,  3.175124e+02
  2.292373e-01,  3.139582e+02
  2.357518e-01,  3.152859e+02
  2.218720e-01,  3.166581e+02
  2.295011e-01,  3.167925e+02
  2.249100e-01,  3.140881e+02
  2.283322e-01,  3.174448e+02
  2.259276e-01,  3.171700e+02
  2.253196e-01,  3.176099e+02
  2.296771e-01,  3.138013e+02
  2.234454e-01,  3.190854e+02
  2.277124e-01,  3.166496e+02
  2.207985e-01,  3.132208e+02
  2.325562e-01,  3.192333e+02
  2.184426e-01,  3.145100e+02
  2.294149e-01,  3.156658e+02
  2.308249e-01,  3.136560e+02
  2.318343e-01,  3.163571e+02
  2.221957e-01,  3.152825e+02
  2.293250e-01,  3.164667e+02
  2.318690e-01,  3.184432e+02
  2.288394e-01,  3.148955e+02
  2.338492e-01,  3.166916e+02
  2.312790e-01,  3.157121e+02
  2.278305e-01,  3.159856e+02
  2.157539e-01,  3.172235e+02
  2.249154e-01,  3.195832e+02
  2.216606e-01,  3.154685e+02
  2.202111e-01,  3.159303e+02
  2.301137e-01,  3.170685e+02
  2.209729e-01,  3.181529e+02
  2.252005e-01,  3.167162e+02
  2.204542e-01,  3.153391e+02
  2.322131e-01,  3.170521e+02
  2.355349e-01,  3.165690e+02
  2.090403e-01,  3.171316e+02
  2.376264e-01,  3.184998e+02
  2.355946e-01,  3.145449e+02
  2.171213e-01,  3.166175e+02
  2.252803e-01,  3.150301e+02
  2.290689e-01,  3.192914e+02
  2.215776e-01,  3.143902e+02
  2.370296e-01,  3.136234e+02
  2.231455e-01,  3.190685e+02
  2.418139e-01,  3.145385e+02
  2.209585e-01,  3.165037e+02
  2.310613e-01,  3.111414e+02
  2.231519e-01,  3.219512e+02
  2.163499e-01,  3.161426e+02
  2.308549e-01,  3.170127e+02
  2.204969e-01,  3.154168e+02
  2.154294e-01,  3.184189e+02
  2.337157e-01,  3.146819e+02
  2.241771e-01,  3.157845e+02
  2.171478e-01,  3.182088e+02
  2.375152e-01,  3.147530e+02
  2.134626e-01,  3.175229e+02
  2.329793e-01,  3.135668e+02
  2.266606e-01,  3.168407e+02
  2.279529e-01,  3.170498e+02
  2.284487e-01,  3.146865e+02
  2.289251e-01,  3.185373e+02
  2.327645e-01,  3.161060e+02
  2.256793e-01,  3.130697e+02
  2.245436e-01,  3.184062e+02
  2.298465e-01,  3.142278e+02
  2.281038e-01,  3.186895e+02
  2.300847e-01,  3.130461e+02
  2.174999e-01,  3.209958e+02
  3.784142e-01,  2.333347e+02
  3.999322e+00,  2.894868e+02
  3.673340e+00,  3.165481e+02
  6.889488e+00,  8.835172e+01
  1.422071e+01,  1.048366e+02
  1.522208e+01,  1.091638e+02
  1.007254e+01,  1.153269e+02
  4.981934e+00,  1.510555e+02
  6.511374e+00,  1.904706e+02
  9.092869e+00,  1.839758e+02
  1.080338e+01,  1.648487e+02
  1.293457e+01,  1.485347e+02
  1.591456e+01,  1.509333e+02
  1.896252e+01,  1.708292e+02
  2.075652e+01,  1.991716e+02
  2.147500e+01,  2.286518e+02
  2.017171e+01,  2.490066e+02
  1.199101e+01,  2.518662e+02
  3.814006e+00,  1.382145e+02
  1.457002e+01,  1.049145e+02
  1.654044e+01,  9.790683e+01
  1.014823e+01,  7.059866e+01
  6.832466e+00,  1.767390e+00
  6.559551e+00,  3.131117e+02
  5.045577e+00,  2.273994e+02
  1.288324e+01,  1.762513e+02
  1.714311e+01,  1.602893e+02
  1.170872e+01,  1.452409e+02
  6.264182e-01,  1.307994e+02
  9.292423e+00,  2.966889e+02
  1.462025e+01,  2.868557e+02
  1.083976e+01,  2.735475e+02
  2.813393e+00,  1.741915e+02
  1.117996e+01,  1.155565e+02
  1.229890e+01,  1.084642e+02
  3.316548e+00,  7.523492e+01
  8.950623e+00,  3.056573e+02
  1.414216e+01,  2.926320e+02
  1.121831e+01,  2.668418e+02
  8.870248e+00,  2.153654e+02
  9.283982e+00,  1.975076e+02
  6.065066e+00,  2.348144e+02
  9.874247e+00,  3.077960e+02
  1.457177e+01,  3.301366e+02
  1.145482e+01,  3.316925e+02
  6.301225e+00,  2.944246e+02
  7.336764e+00,  2.693444e+02
  9.354982e+00,  3.000253e+02
  1.400430e+01,  3.414356e+02
  1.734094e+01,  1.147342e+01
  1.497819e+01,  3.855769e+01
  9.736130e+00,  6.801147e+01
  4.521431e+00,  8.749173e+01
  1.948467e+00,  3.442752e+02
  8.240865e+00,  3.180636e+02
  1.155098e+01,  3.049040e+02
  1.042364e+01,  2.704205e+02
  9.630749e+00,  2.269995e+02
  6.662770e+00,  1.708275e+02
  1.191080e+01,  1.059408e+02
  1.825834e+01,  9.091348e+01
  1.536630e+01,  8.223830e+01
  5.104156e+00,  7.342010e+01
  4.144563e+00,  2.210106e+02
  1.146562e+01,  2.041279e+02
  1.941797e+01,  1.936647e+02
  2.451072e+01,  1.979604e+02
  2.563622e+01,  2.234242e+02
  2.710840e+01,  2.589199e+02
  2.348610e+01,  2.866387e+02
  8.065971e+00,  3.275030e+02
  1.700240e+01,  1.022511e+02
  3.046161e+01,  1.221337e+02
  3.064702e+01,  1.296168e+02
  2.635172e+01,  1.253367e+02
  2.518517e+01,  1.233627e+02
  2.516013e+01,  1.382654e+02
  2.305383e+01,  1.677998e+02
  1.661667e+01,  2.015954e+02
  5.024279e+00,  2.340401e+02
  5.069899e+00,  6.574689e+01
  8.329088e+00,  1.063976e+02
  8.686778e+00,  1.657200e+02
  1.148465e+01,  2.162941e+02
  1.034078e+01,  2.332223e+02
  4.834528e+00,  1.972893e+02
  8.086308e+00,  1.328560e+02
  9.991246e+00,  1.202577e+02
  7.881493e+00,  9.652715e+01
  9.749407e+00,  8.187254e+01
  1.462333e+01,  1.087030e+02
  1.899369e+01,  1.487624e+02
  2.180727e+01,  1.917022e+02
  2.115049e+01,  2.256360e+02
  1.334139e+01,  2.478538e+02
  4.158581e+00,  2.912862e+02
  3.974059e+00,  9.728283e+00
  2.107650e+00,  6.398167e+00
  3.188537e+00,  2.602368e+02
  6.121527e+00,  2.561135e+02
  4.737355e+00,  2.790365e+02
  5.831418e+00,  3.509037e+02
  1.121504e+01,  1.206568e+01
  1.328199e+01,  2.118190e+01
  1.075313e+01,  3.389661e+01
  6.938828e+00,  6.321579e+01
  7.654458e+00,  1.072275e+02
  1.179656e+01,  1.200494e+02
  1.234116e+01,  1.147856e+02
  6.954546e+00,  8.053445e+01
  7.770638e+00,  3.523581e+02
  1.386282e+01,  3.318901e+02
  1.373190e+01,  3.412929e+02
  8.948257e+00,  3.003602e+01
  1.300725e+01,  9.925543e+01
  1.790950e+01,  1.244289e+02
  1.475023e+01,  1.211170e+02
  1.051094e+01,  6.697437e+01
  1.527525e+01,  2.549298e+01
  1.299050e+01,  1.061475e+01
  2.783501e+00,  3.125403e+02
  8.807197e+00,  2.176893e+02
  8.395988e+00,  2.189466e+02
  1.210465e+00,  1.426132e+01
  1.152467e+01,  3.937708e+01
  1.392534e+01,  4.313068e+01
  7.157620e+00,  3.346351e+01
  1.147229e+00,  3.151934e+02
  3.432901e-01,  1.070413e+02
  6.634835e+00,  5.400326e+01
  1.478821e+01,  4.950069e+01
  1.677404e+01,  4.376183e+01
  1.156880e+01,  2.539267e+01
  7.535355e+00,  3.395743e+02
  5.465319e+00,  3.202543e+02
  3.484426e+00,  8.504925e+01
  1.485412e+01,  1.155234e+02
  2.035236e+01,  1.232391e+02
  1.518059e+01,  1.180252e+02
  6.250092e+00,  7.346625e+01
  1.119853e+01,  3.555365e+02
  2.209319e+01,  7.010596e+00
  2.993246e+01,  3.842970e+01
  3.025161e+01,  7.486936e+01
  2.142764e+01,  1.162582e+02
  1.255315e+01,  1.846701e+02
  1.518568e+01,  2.554596e+02
  1.387868e+01,  2.955721e+02
  5.606673e+00,  3.218878e+00
  9.199034e+00,  1.198126e+02
  1.231974e+01,  1.710772e+02
  1.048705e+01,  2.376178e+02
  1.384341e+01,  3.177554e+02
  1.877051e+01,  1.161136e+01
  2.135729e+01,  5.170442e+01
  1.987992e+01,  7.097401e+01
  1.458001e+01,  6.038736e+01
  1.197030e+01,  2.475604e+01
  1.373353e+01,  7.045067e+00
  1.435475e+01,  1.666539e+01
  1.233993e+01,  4.348462e+01
  1.031885e+01,  8.278551e+01
  1.043260e+01,  1.150402e+02
  1.005477e+01,  1.210055e+02
  9.388079e+00,  1.004279e+02
  9.648416e+00,  7.167686e+01
  9.136427e+00,  4.659291e+01
  7.775067e+00,  1.428459e+01
  8.083068e+00,  3.461068e+02
  7.801705e+00,  3.420426e+02
  5.157853e+00,  3.263667e+00
  2.997225e+00,  6.006198e+01
  2.605714e+00,  1.341049e+02
  2.913856e+00,  2.140093e+02
  5.014342e+00,  2.836868e+02
  1.010199e+01,  3.303800e+02
  1.697423e+01,  3.594486e+02
  2.121903e+01,  1.709150e+01
  1.978680e+01,  2.974944e+01
  1.337166e+01,  4.569557e+01
  6.440499e+00,  8.087984e+01
  5.164131e+00,  1.320429e+02
  4.839989e+00,  1.204799e+02
  7.709080e+00,  7.658076e+01
  1.130123e+01,  5.061557e+01
  1.286508e+01,  1.540045e+01
  1.837725e+01,  3.436312e+02
  2.003298e+01,  3.449891e+02
  1.435214e+01,  2.159992e+01
  1.898766e+01,  9.004930e+01
  2.641201e+01,  1.132009e+02
  2.314832e+01,  1.117396e+02
  1.286190e+01,  7.845584e+01
  1.237857e+01,  1.572074e+01
  1.518208e+01,  2.556483e+00
  1.044541e+01,  3.766189e+01
  1.449968e+01,  1.198570e+02
  2.240949e+01,  1.552489e+02
  3.828146e+00,  2.501937e+02
  2.697241e+00,  2.374935e+01
  1.863322e+00,  2.058903e+02
  1.099009e+00,  1.797300e+00
  3.788358e-01,  2.403787e+02
  2.039430e-01,  3.501273e+02
  3.383216e-01,  3.042998e+02
  1.058298e-01,  3.486392e+02
  3.223584e-01,  3.048532e+02
  1.456088e-01,  3.455107e+02
  2.987851e-01,  3.026835e+02
  1.717894e-01,  3.322683e+02
  2.760274e-01,  3.063774e+02
  1.845902e-01,  3.319548e+02
  2.520552e-01,  3.078713e+02
  2.138760e-01,  3.240406e+02
  2.364314e-01,  3.097773e+02
  2.326369e-01,  3.197559e+02
  2.130699e-01,  3.119600e+02
  2.521574e-01,  3.205238e+02
  1.912737e-01,  3.150866e+02
  2.532383e-01,  3.146593e+02
  1.817785e-01,  3.175103e+02
  2.656438e-01,  3.154163e+02
  1.896068e-01,  3.224390e+02
  2.575114e-01,  3.122808e+02
  1.877457e-01,  3.188849e+02
  2.677828e-01,  3.155972e+02
  1.911587e-01,  3.176448e+02
  2.573653e-01,  3.130559e+02
  1.966753e-01,  3.176933e+02
  2.476658e-01,  3.133988e+02
  1.988210e-01,  3.180169e+02
  2.437678e-01,  3.127405e+02
  2.087373e-01,  3.192023e+02
  2.424188e-01,  3.125300e+02
  2.143638e-01,  3.199292e+02
  2.303336e-01,  3.116873e+02
  2.295572e-01,  3.200764e+02
  2.195931e-01,  3.125700e+02
  2.296437e-01,  3.201790e+02
  2.199787e-01,  3.161240e+02
  2.405048e-01,  3.155249e+02
  2.017849e-01,  3.174158e+02
  2.295572e-01,  3.172115e+02
  2.228948e-01,  3.159004e+02
  2.303456e-01,  3.185997e+02
  2.147028e-01,  3.192769e+02
  2.473734e-01,  3.149238e+02
  1.904903e-01,  3.170544e+02
  2.642328e-01,  3.157045e+02
  1.998879e-01,  3.194427e+02
  2.361389e-01,  3.150279e+02
  2.176124e-01,  3.162758e+02
  2.403400e-01,  3.124825e+02
  2.239827e-01,  3.173020e+02
  2.298455e-01,  3.142945e+02
  2.091875e-01,  3.205267e+02
  2.321739e-01,  3.120025e+02
  2.136653e-01,  3.192919e+02
  2.319852e-01,  3.171704e+02
  2.235660e-01,  3.156247e+02
  2.183793e-01,  3.166392e+02
  2.387299e-01,  3.164104e+02
  2.122202e-01,  3.140424e+02
  2.306806e-01,  3.199510e+02
  2.192534e-01,  3.150657e+02
  2.323845e-01,  3.209855e+02
  2.093295e-01,  3.144148e+02
  2.416237e-01,  3.140753e+02
  1.991648e-01,  3.216389e+02
  2.383919e-01,  3.138153e+02
  2.153562e-01,  3.177604e+02
  2.419935e-01,  3.139298e+02
  2.083043e-01,  3.183828e+02
  2.326828e-01,  3.155568e+02
  2.096719e-01,  3.171901e+02
  2.343408e-01,  3.156015e+02
  2.276903e-01,  3.164706e+02
  2.276634e-01,  3.128983e+02
  2.335782e-01,  3.200619e+02
  2.130128e-01,  3.157687e+02
  2.318176e-01,  3.174339e+02
  2.268291e-01,  3.127921e+02
  2.215663e-01,  3.193393e+02
  2.185755e-01,  3.140237e+02
  2.361897e-01,  3.154397e+02
  2.080735e-01,  3.212839e+02
  2.312652e-01,  3.156556e+02
  2.213345e-01,  3.160976e+02
  2.463899e-01,  3.156338e+02
  2.170868e-01,  3.155455e+02
  2.362887e-01,  3.135045e+02
  2.197666e-01,  3.203997e+02
  2.278434e-01,  3.164268e+02
  2.255946e-01,  3.169815e+02
  2.117082e-01,  3.165649e+02
  2.263423e-01,  3.167071e+02
  2.311331e-01,  3.142506e+02
  2.241910e-01,  3.191098e+02
  2.202404e-01,  3.150214e+02
  2.183397e-01,  3.170689e+02
  2.291790e-01,  3.153558e+02
  2.266229e-01,  3.170418e+02
  2.174459e-01,  3.166541e+02
  2.275188e-01,  3.161863e+02
  2.240622e-01,  3.157615e+02
  2.227107e-01,  3.153739e+02
  2.306337e-01,  3.152077e+02
  2.227774e-01,  3.182643e+02
  2.109440e-01,  3.157170e+02
  2.265620e-01,  3.167294e+02
  2.245558e-01,  3.154861e+02
  2.385439e-01,  3.141550e+02
  2.114852e-01,  3.202092e+02
  2.303464e-01,  3.129582e+02
  2.162588e-01,  3.173262e+02
  2.258597e-01,  3.160121e+02
  2.181984e-01,  3.198840e+02
  2.215628e-01,  3.134484e+02
  2.410089e-01,  3.144588e+02
  2.200661e-01,  3.199659e+02
  2.256078e-01,  3.182131e+02
  2.355028e-01,  3.135031e+02
  2.202134e-01,  3.207299e+02
  2.156066e-01,  3.144498e+02
  2.402215e-01,  3.144736e+02
  2.101158e-01,  3.195075e+02
  2.186629e-01,  3.148799e+02
  2.368868e-01,  3.172386e+02
  2.254337e-01,  3.142584e+02
  2.303476e-01,  3.175245e+02
  2.218961e-01,  3.154766e+02
  2.225524e-01,  3.184558e+02
  2.264347e-01,  3.152663e+02
  2.189037e-01,  3.142841e+02
  2.301863e-01,  3.185794e+02
  2.146565e-01,  3.209717e+02
  2.167039e-01,  3.138383e+02
  2.451571e-01,  3.150879e+02
  2.249655e-01,  3.159797e+02
  2.101153e-01,  3.162679e+02
  2.300246e-01,  3.176624e+02
  2.280073e-01,  3.117831e+02
  2.277387e-01,  3.200514e+02
  2.210333e-01,  3.176239e+02
  2.256584e-01,  3.156935e+02
  2.226901e-01,  3.182067e+02
  2.316720e-01,  3.124688e+02
  2.202308e-01,  3.170800e+02
  2.289942e-01,  3.168209e+02
  2.224155e-01,  3.185351e+02
  2.157157e-01,  3.169957e+02
  2.342496e-01,  3.140191e+02
  2.124357e-01,  3.157725e+02
  2.237802e-01,  3.179571e+02
  2.192455e-01,  3.172920e+02
  2.290211e-01,  3.126756e+02
  2.285340e-01,  3.187435e+02
  2.221644e-01,  3.184723e+02
  2.280210e-01,  3.138879e+02
  2.357050e-01,  3.158734e+02
  2.014897e-01,  3.191807e+02
  2.255806e-01,  3.146271e+02
  2.301543e-01,  3.159518e+02
  2.224371e-01,  3.177599e+02
  2.422210e-01,  3.134631e+02
  2.182408e-01,  3.176767e+02
  2.317227e-01,  3.169382e+02
  2.156779e-01,  3.176919e+02
  2.189337e-01,  3.184406e+02
  2.270044e-01,  3.147619e+02
  2.356194e-01,  3.170311e+02
  2.150427e-01,  3.155207e+02
  2.301921e-01,  3.164654e+02
  2.303700e-01,  3.165917e+02
  2.175253e-01,  3.147850e+02
  2.368699e-01,  3.173776e+02
  2.044933e-01,  3.201860e+02
  2.328013e-01,  3.154002e+02
  2.267235e-01,  3.154301e+02
  2.124697e-01,  3.191192e+02
  2.203923e-01,  3.178941e+02
  2.329095e-01,  3.155080e+02
  2.195873e-01,  3.176977e+02
  2.267295e-01,  3.153011e+02
  2.330609e-01,  3.173231e+02
  2.057295e-01,  3.191986e+02
  2.305086e-01,  3.153740e+02
  2.184804e-01,  3.189004e+02
  2.286663e-01,  3.159921e+02
  2.200375e-01,  3.152932e+02
  2.267018e-01,  3.168448e+02
  2.315733e-01,  3.173747e+02
  2.231831e-01,  3.167397e+02
  2.279399e-01,  3.174583e+02
  2.236837e-01,  3.163648e+02
  2.275036e-01,  3.186646e+02
  2.191526e-01,  3.143700e+02
  2.311174e-01,  3.184163e+02
  2.250975e-01,  3.151256e+02
  2.294540e-01,  3.156432e+02
  2.218317e-01,  3.177588e+02
  2.187506e-01,  3.184557e+02
  2.353060e-01,  3.163213e+02
  2.218176e-01,  3.120814e+02
  2.315803e-01,  3.189264e+02
  2.156485e-01,  3.155579e+02
  2.238269e-01,  3.161506e+02
  2.367196e-01,  3.147735e+02
  2.238802e-01,  3.178735e+02
  2.377839e-01,  3.146467e+02
  2.183147e-01,  3.190496e+02
  2.159460e-01,  3.158772e+02
  2.203997e-01,  3.167591e+02
  2.321765e-01,  3.140245e+02
  2.270849e-01,  3.164118e+02
  2.335566e-01,  3.180429e+02
  2.194136e-01,  3.149856e+02
  2.181810e-01,  3.199101e+02
  2.271221e-01,  3.168171e+02
  2.345956e-01,  3.144743e+02
  2.248334e-01,  3.171151e+02
  2.124857e-01,  3.209680e+02
  2.185378e-01,  3.151609e+02
  2.319853e-01,  3.130629e+02
  2.331409e-01,  3.152705e+02
  2.090988e-01,  3.202881e+02
  2.348876e-01,  3.157703e+02
  2.231559e-01,  3.160695e+02
  2.238691e-01,  3.137153e+02
  2.267904e-01,  3.194310e+02
  2.257385e-01,  3.124395e+02
  2.201613e-01,  3.174848e+02
  2.258056e-01,  3.167356e+02
  2.223515e-01,  3.159318e+02
  2.333925e-01,  3.142492e+02
  2.212904e-01,  3.168263e+02
  2.267241e-01,  3.191716e+02
  2.179928e-01,  3.134270e+02
  2.262715e-01,  3.203673e+02
  2.257393e-01,  3.128804e+02
  2.212082e-01,  3.207736e+02
  2.363508e-01,  3.124407e+02
  2.117112e-01,  3.165853e+02
  2.368314e-01,  3.162557e+02
  2.067624e-01,  3.169936e+02
  2.321131e-01,  3.145691e+02
  2.312246e-01,  3.153373e+02
  2.309874e-01,  3.168758e+02
  2.232788e-01,  3.156629e+02
  2.313072e-01,  3.198198e+02
  2.142643e-01,  3.151724e+02
  2.150067e-01,  3.193395e+02
  2.305546e-01,  3.136573e+02
  2.334995e-01,  3.153049e+02
  2.294364e-01,  3.166586e+02
  2.139535e-01,  3.159589e+02
  2.280786e-01,  3.188701e+02
  2.213914e-01,  3.183867e+02
  2.340011e-01,  3.117797e+02
  2.180168e-01,  3.184369e+02
  2.301066e-01,  3.180697e+02
  2.130191e-01,  3.169043e+02
  2.276740e-01,  3.164428e+02
  2.179170e-01,  3.170409e+02
  2.253210e-01,  3.170741e+02
  2.252084e-01,  3.149555e+02
  2.237634e-01,  3.156406e+02
  2.234100e-01,  3.175043e+02
  2.316324e-01,  3.171437e+02
  2.320973e-01,  3.153423e+02
  2.151884e-01,  3.194971e+02
  2.410516e-01,  3.122928e+02
  2.220069e-01,  3.208649e+02
  2.091162e-01,  3.164366e+02
  2.313851e-01,  3.176710e+02
  2.166179e-01,  3.185236e+02
  2.231640e-01,  3.144292e+02
  2.312720e-01,  3.198351e+02
  2.107248e-01,  3.124760e+02
  2.316424e-01,  3.178998e+02
  2.148582e-01,  3.144341e+02
  2.304639e-01,  3.170120e+02
  2.137290e-01,  3.181872e+02
  2.283761e-01,  3.150947e+02
  2.318103e-01,  3.161593e+02
  2.120108e-01,  3.177770e+02
  2.200194e-01,  3.199666e+02
  2.257246e-01,  3.127600e+02
  2.323704e-01,  3.162576e+02
  2.264430e-01,  3.171007e+02
  2.180174e-01,  3.168043e+02
  2.260832e-01,  3.160464e+02
  2.333161e-01,  3.132092e+02
  2.240160e-01,  3.190358e+02
  2.252740e-01,  3.142149e+02
  2.129116e-01,  3.175170e+02
  2.255653e-01,  3.192367e+02
  2.165940e-01,  3.131849e+02
  2.228347e-01,  3.185408e+02
  2.361690e-01,  3.153997e+02
  2.206697e-01,  3.171599e+02
  2.239816e-01,  3.168726e+02
  2.443424e-01,  3.133709e+02
  2.219974e-01,  3.172520e+02
  2.221976e-01,  3.167523e+02
  2.301262e-01,  3.154381e+02
  2.279966e-01,  3.172763e+02
  2.263985e-01,  3.156236e+02
  2.306190e-01,  3.140217e+02
  2.294581e-01,  3.167190e+02
  2.239135e-01,  3.176857e+02
  2.200178e-01,  3.158563e+02
  2.276068e-01,  3.177302e+02
  2.270082e-01,  3.159014e+02
  2.168104e-01,  3.148754e+02
  2.408288e-01,  3.170472e+02
  2.283166e-01,  3.165504e+02
  2.215539e-01,  3.150823e+02
  2.291407e-01,  3.196363e+02
  2.295613e-01,  3.153254e+02
  2.334149e-01,  3.142625e+02
  2.179447e-01,  3.193664e+02
  2.294730e-01,  3.126032e+02
  2.318430e-01,  3.195536e+02
  2.130315e-01,  3.126750e+02
  2.390731e-01,  3.164396e+02
  2.192384e-01,  3.183958e+02
  2.238166e-01,  3.158513e+02
  2.271772e-01,  3.172576e+02
  2.153043e-01,  3.173079e+02
  2.312661e-01,  3.159378e+02
  2.320570e-01,  3.139445e+02
  2.330008e-01,  3.169719e+02
  2.302812e-01,  3.132926e+02
  2.168645e-01,  3.200932e+02
  2.142965e-01,  3.149928e+02
  2.331254e-01,  3.184498e+02
  2.246748e-01,  3.173385e+02
  2.127213e-01,  3.176830e+02
  2.302955e-01,  3.142660e+02
  2.294165e-01,  3.174965e+02
  2.071769e-01,  3.170325e+02
  2.309153e-01,  3.147011e+02
  2.283538e-01,  3.188844e+02
  2.232138e-01,  3.118636e+02
  2.333979e-01,  3.193423e+02
  2.241346e-01,  3.129371e+02
  2.273515e-01,  3.176799e+02
  2.233793e-01,  3.171593e+02
  2.329852e-01,  3.152610e+02
  2.227115e-01,  3.186046e+02
  2.267057e-01,  3.132739e+02
  2.294118e-01,  3.183188e+02
  2.139873e-01,  3.156078e+02
  2.406240e-01,  3.161579e+02
  2.108536e-01,  3.161895e+02
  2.331444e-01,  3.179240e+02
  2.206132e-01,  3.179932e+02
  2.273612e-01,  3.162330e+02
  2.332217e-01,  3.174844e+02
  2.085436e-01,  3.146048e+02
  2.358616e-01,  3.164351e+02
  2.251277e-01,  3.141830e+02
  2.320571e-01,  3.172206e+02
  2.212212e-01,  3.147185e+02
  2.371280e-01,  3.162116e+02
  2.239872e-01,  3.137090e+02
  2.260599e-01,  3.162444e+02
  2.266444e-01,  3.181571e+02
  2.335513e-01,  3.115920e+02
  2.189830e-01,  3.199613e+02
  2.285816e-01,  3.140077e+02
  2.303145e-01,  3.180803e+02
  2.129554e-01,  3.192038e+02
  2.290072e-01,  3.153245e+02
  2.263526e-01,  3.170432e+02
  2.257992e-01,  3.179221e+02
  2.179780e-01,  3.179282e+02
  2.330655e-01,  3.153735e+02
  2.150017e-01,  3.191923e+02
  2.405101e-01,  3.141283e+02
  2.165992e-01,  3.170469e+02
  2.153221e-01,  3.182013e+02
  2.395597e-01,  3.177517e+02
  2.123066e-01,  3.169492e+02
  2.228509e-01,  3.170669e+02
  2.209056e-01,  3.177274e+02
  2.317737e-01,  3.171346e+02
  2.199190e-01,  3.159350e+02
  2.298961e-01,  3.134543e+02
  2.219250e-01,  3.212487e+02
  2.171330e-01,  3.149788e+02
  2.343271e-01,  3.178789e+02
  2.044822e-01,  3.164280e+02
  2.207639e-01,  3.184694e+02
  2.202880e-01,  3.157299e+02
  2.225975e-01,  3.133282e+02
  2.261115e-01,  3.191902e+02
  2.249681e-01,  3.148400e+02
  2.337186e-01,  3.178924e+02
  2.219160e-01,  3.162896e+02
  2.197009e-01,  3.172415e+02
  2.310913e-01,  3.153428e+02
  2.222805e-01,  3.192849e+02
  2.257448e-01,  3.126995e+02
  2.282151e-01,  3.162840e+02
  2.260647e-01,  3.187396e+02
  2.248898e-01,  3.174780e+02
  2.177237e-01,  3.166119e+02
  2.265674e-01,  3.154636e+02
  2.139885e-01,  3.200029e+02
  2.269842e-01,  3.132671e+02
  2.325592e-01,  3.175529e+02
  2.223233e-01,  3.182130e+02
  2.169319e-01,  3.165909e+02
  2.350263e-01,  3.152931e+02
  2.146586e-01,  3.195380e+02
  2.278357e-01,  3.166840e+02
  2.235716e-01,  3.154187e+02
  2.271250e-01,  3.175537e+02
  2.294820e-01,  3.145256e+02
  2.169503e-01,  3.177309e+02
  2.326785e-01,  3.185043e+02
  2.094002e-01,  3.142224e+02
  2.340972e-01,  3.163096e+02
  2.073565e-01,  3.171730e+02
  2.358182e-01,  3.120493e+02
  2.264916e-01,  3.178360e+02
  2.134870e-01,  3.177985e+02
  2.318960e-01,  3.171682e+02
  2.181307e-01,  3.155209e+02
  2.331780e-01,  3.175476e+02
  2.132197e-01,  3.170527e+02
  2.256333e-01,  3.145615e+02
  2.263877e-01,  3.181407e+02
  2.239894e-01,  3.143303e+02
  2.279568e-01,  3.183017e+02
  2.230964e-01,  3.156036e+02
  2.371769e-01,  3.162125e+02
  2.189624e-01,  3.170520e+02
  2.162535e-01,  3.173840e+02
  2.257710e-01,  3.155628e+02
  2.171130e-01,  3.151102e+02
  2.392583e-01,  3.167091e+02
  2.258219e-01,  3.143891e+02
  2.151812e-01,  3.171626e+02
  2.278171e-01,  3.175850e+02
  2.193456e-01,  3.171043e+02
  2.317073e-01,  3.149882e+02
  2.259488e-01,  3.169842e+02
  2.279979e-01,  3.142421e+02
  2.290645e-01,  3.156487e+02
  2.160193e-01,  3.163790e+02
  2.285036e-01,  3.165103e+02
  2.202184e-01,  3.165190e+02
  2.220332e-01,  3.161743e+02
  2.353806e-01,  3.147769e+02
  2.233636e-01,  3.175313e+02
  2.142601e-01,  3.173237e+02
  2.301968e-01,  3.154366e+02
  2.141161e-01,  3.185717e+02
  2.281074e-01,  3.148632e+02
  2.342532e-01,  3.172168e+02
  2.042692e-01,  3.194795e+02
  2.088681e-01,  3.169849e+02
  2.286478e-01,  3.141386e+02
  2.285952e-01,  3.184181e+02
  2.176803e-01,  3.165636e+02
  2.341358e-01,  3.145135e+02
  2.103045e-01,  3.177924e+02
  2.278396e-01,  3.173709e+02
  2.272853e-01,  3.174044e+02
  2.202964e-01,  3.170738e+02
  2.263166e-01,  3.164109e+02
  2.190619e-01,  3.142843e+02
  2.286503e-01,  3.164203e+02
  2.258772e-01,  3.182000e+02
  2.249660e-01,  3.174529e+02
  2.199601e-01,  3.166123e+02
  2.442882e-01,  3.142697e+02
  2.121274e-01,  3.178466e+02
  2.265277e-01,  3.162185e+02
  2.354050e-01,  3.147719e+02
  2.128098e-01,  3.165416e+02
  2.259291e-01,  3.149094e+02
  2.181588e-01,  3.184470e+02
  2.278520e-01,  3.150678e+02
  2.208930e-01,  3.132291e+02
  2.279562e-01,  3.193140e+02
  2.166000e-01,  3.166288e+02
  2.248089e-01,  3.169561e+02
  2.195959e-01,  3.172034e+02
  2.289032e-01,  3.137871e+02
  2.290325e-01,  3.166636e+02
  2.193446e-01,  3.170346e+02
  2.408696e-01,  3.147088e+02
  2.202404e-01,  3.175315e+02
  2.145881e-01,  3.180386e+02
  2.265566e-01,  3.150175e+02
  2.433194e-01,  3.174964e+02
  2.233420e-01,  3.134089e+02
  2.254035e-01,  3.174088e+02
  2.155516e-01,  3.157121e+02
  2.275180e-01,  3.141236e+02
  2.304579e-01,  3.178529e+02
  2.185244e-01,  3.182080e+02
  2.363725e-01,  3.162050e+02
  2.269153e-01,  3.143991e+02
  2.249007e-01,  3.159994e+02
  2.272112e-01,  3.170407e+02
  2.232252e-01,  3.185894e+02
  2.203792e-01,  3.154049e+02
  2.386679e-01,  3.169360e+02
  2.117787e-01,  3.168245e+02
  2.206733e-01,  3.181628e+02
  2.285419e-01,  3.151708e+02
  2.225439e-01,  3.140684e+02
  2.324490e-01,  3.169117e+02
  2.111165e-01,  3.183829e+02
  2.318760e-01,  3.170034e+02
  2.257590e-01,  3.189745e+02
  2.108330e-01,  3.164819e+02
  2.262226e-01,  3.157717e+02
  2.213672e-01,  3.182413e+02
  2.245064e-01,  3.151375e+02
  2.235771e-01,  3.148351e+02
  2.270443e-01,  3.153153e+02
  2.337978e-01,  3.169729e+02
  2.353765e-01,  3.160560e+02
  2.271445e-01,  3.182744e+02
  2.190637e-01,  3.163737e+02
  2.245823e-01,  3.143593e+02
  2.186959e-01,  3.212144e+02
  2.238701e-01,  3.166206e+02
  2.298284e-01,  3.142415e+02
  2.314091e-01,  3.177466e+02
  2.273442e-01,  3.152197e+02
  2.264422e-01,  3.165423e+02
  2.238361e-01,  3.151825e+02
  2.193891e-01,  3.195268e+02
  2.350349e-01,  3.159846e+02
  2.170001e-01,  3.142804e+02
  2.218965e-01,  3.194844e+02
  2.345730e-01,  3.155321e+02
  2.252763e-01,  3.161102e+02
  2.342368e-01,  3.186942e+02
  2.174306e-01,  3.156635e+02
  2.316058e-01,  3.152774e+02
  2.305938e-01,  3.162281e+02
  2.220607e-01,  3.162998e+02
  2.214308e-01,  3.138883e+02
  2.261798e-01,  3.169183e+02
  2.247211e-01,  3.179353e+02
  2.104877e-01,  3.175873e+02
  2.340328e-01,  3.154315e+02
  2.128071e-01,  3.159479e+02
  2.213068e-01,  3.177353e+02
  2.257094e-01,  3.145119e+02
  2.230040e-01,  3.204916e+02
  2.305697e-01,  3.145313e+02
  2.207394e-01,  3.152275e+02
  2.282756e-01,  3.173439e+02
  2.094404e-01,  3.181405e+02
  2.323245e-01,  3.142311e+02
  2.201324e-01,  3.152922e+02
  2.154852e-01,  3.151228e+02
  2.287369e-01,  3.180009e+02
  2.221159e-01,  3.177409e+02
  2.285041e-01,  3.148112e+02
  2.166200e-01,  3.185417e+02
  2.330552e-01,  3.136699e+02
  2.126520e-01,  3.177604e+02
  2.294892e-01,  3.178823e+02
  2.145458e-01,  3.183906e+02
  2.193970e-01,  3.136237e+02
  2.312011e-01,  3.157352e+02
  2.135233e-01,  3.158547e+02
  2.359133e-01,  3.166315e+02
  2.182211e-01,  3.173095e+02
  2.287483e-01,  3.170946e+02
  2.188147e-01,  3.150503e+02
  2.273107e-01,  3.167937e+02
  2.221025e-01,  3.189957e+02
  2.086225e-01,  3.150791e+02
  2.284662e-01,  3.175522e+02
  2.203017e-01,  3.165067e+02
  2.151177e-01,  3.188685e+02
  2.376544e-01,  3.155467e+02
  2.249898e-01,  3.167019e+02
  2.180460e-01,  3.172319e+02
  2.323478e-01,  3.167279e+02
  2.179843e-01,  3.178611e+02
  2.266033e-01,  3.145731e+02
  2.277530e-01,  3.169606e+02
  2.176044e-01,  3.173840e+02
  2.171506e-01,  3.148152e+02
  2.351189e-01,  3.155488e+02
  2.291291e-01,  3.154398e+02
  2.116514e-01,  3.184312e+02
  2.285903e-01,  3.173381e+02
  2.123173e-01,  3.167500e+02
  2.085464e-01,  3.163793e+02
  2.284601e-01,  3.157039e+02
  2.240884e-01,  3.180685e+02
  2.335615e-01,  3.141692e+02
  2.151580e-01,  3.177042e+02
  2.254807e-01,  3.164549e+02
  2.279099e-01,  3.136958e+02
  2.233593e-01,  3.167163e+02
  2.263131e-01,  3.177756e+02
  2.118570e-01,  3.145073e+02
  2.233550e-01,  3.194901e+02
  2.288394e-01,  3.181168e+02
  2.270473e-01,  3.129517e+02
  2.285471e-01,  3.153238e+02
  2.351264e-01,  3.151776e+02
  2.129438e-01,  3.197342e+02
  2.281748e-01,  3.154588e+02
  2.337097e-01,  3.179761e+02
  2.233124e-01,  3.150254e+02
  2.192394e-01,  3.178069e+02
  2.133962e-01,  3.185330e+02
  2.307161e-01,  3.147862e+02
  2.185828e-01,  3.172100e+02
  2.258424e-01,  3.166898e+02
  2.273983e-01,  3.136194e+02
  2.207534e-01,  3.150087e+02
  2.286480e-01,  3.169022e+02
  2.216721e-01,  3.159642e+02
  2.244696e-01,  3.158331e+02
  2.267245e-01,  3.162331e+02
  2.331038e-01,  3.206369e+02
  2.134876e-01,  3.152865e+02
  2.243795e-01,  3.200004e+02
  2.174428e-01,  3.157808e+02
  2.265776e-01,  3.166588e+02
  2.303377e-01,  3.182399e+02
  1.992772e-01,  3.174657e+02
  2.318761e-01,  3.155869e+02
  2.204969e-01,  3.166449e+02
  2.299664e-01,  3.166635e+02
  2.226584e-01,  3.159698e+02
  2.193483e-01,  3.181300e+02
  2.172601e-01,  3.186320e+02
  2.279909e-01,  3.175944e+02
  2.240637e-01,  3.146716e+02
  2.268369e-01,  3.165937e+02
  2.300210e-01,  3.134931e+02
  2.165567e-01,  3.162202e+02
  2.280491e-01,  3.165026e+02
  2.181475e-01,  3.151461e+02
  2.324387e-01,  3.166539e+02
  2.153641e-01,  3.188877e+02
  2.187514e-01,  3.161525e+02
  2.147022e-01,  3.171097e+02
  2.214154e-01,  3.166383e+02
  2.264666e-01,  3.164996e+02
  2.346971e-01,  3.154622e+02
  2.066926e-01,  3.173747e+02
  2.353022e-01,  3.128393e+02
  2.240595e-01,  3.168110e+02
  2.173195e-01,  3.174784e+02
  2.271127e-01,  3.169287e+02
  2.181443e-01,  3.157929e+02
  2.299790e-01,  3.171685e+02
  2.212440e-01,  3.161654e+02
  2.313281e-01,  3.161422e+02
  2.183399e-01,  3.159427e+02
  2.299693e-01,  3.152466e+02
  2.163046e-01,  3.178311e+02
  2.368574e-01,  3.123270e+02
  2.143551e-01,  3.201736e+02
  2.307747e-01,  3.130782e+02
  2.239316e-01,  3.176746e+02
  2.273179e-01,  3.147157e+02
  2.151617e-01,  3.175648e+02
  2.293740e-01,  3.172934e+02
  2.184776e-01,  3.149648e+02
  2.268162e-01,  3.171254e+02
  2.337896e-01,  3.144959e+02
  2.144771e-01,  3.176105e+02
  2.317081e-01,  3.172285e+02
  2.084831e-01,  3.142584e+02
  2.304236e-01,  3.185266e+02
  2.234689e-01,  3.179425e+02
  2.264286e-01,  3.151263e+02
  2.170616e-01,  3.170865e+02
  2.186952e-01,  3.159496e+02
  2.186211e-01,  3.162096e+02
  2.303954e-01,  3.162200e+02
  2.206516e-01,  3.180680e+02
  2.299916e-01,  3.174848e+02
  2.162308e-01,  3.151255e+02
  2.337866e-01,  3.173370e+02
  2.211099e-01,  3.175495e+02
  2.344830e-01,  3.147694e+02
  2.193040e-01,  3.175106e+02
  2.259421e-01,  3.166573e+02
  2.281977e-01,  3.165396e+02
  2.285173e-01,  3.132108e+02
  2.212449e-01,  3.187107e+02
  2.277439e-01,  3.151385e+02
  2.296670e-01,  3.161024e+02
  2.198498e-01,  3.130749e+02
  2.335658e-01,  3.194583e+02
  2.175693e-01,  3.138620e+02
  2.266221e-01,  3.184971e+02
  2.103555e-01,  3.169432e+02
  2.376412e-01,  3.161800e+02
  2.118481e-01,  3.158611e+02
  2.368580e-01,  3.153313e+02
  2.086888e-01,  3.168289e+02
  2.282600e-01,  3.164254e+02
  2.038515e-01,  3.166415e+02
  2.326185e-01,  3.152204e+02
  2.102325e-01,  3.173453e+02
  2.318978e-01,  3.126579e+02
  2.264001e-01,  3.191496e+02
  2.162911e-01,  3.128453e+02
  2.281533e-01,  3.199652e+02
  2.263641e-01,  3.131821e+02
  2.253054e-01,  3.199646e+02
  2.254708e-01,  3.147836e+02
  2.393734e-01,  3.192072e+02
  2.113033e-01,  3.152376e+02
  2.366396e-01,  3.178239e+02
  2.112766e-01,  3.118938e+02
  2.236951e-01,  3.203208e+02
  2.278414e-01,  3.122481e+02
  2.427090e-01,  3.167077e+02
  1.999604e-01,  3.188707e+02
  2.400485e-01,  3.175253e+02
  2.091873e-01,  3.138352e+02
  2.290194e-01,  3.181687e+02
  2.132826e-01,  3.136681e+02
  2.431650e-01,  3.147490e+02
  2.041664e-01,  3.199267e+02
  2.451482e-01,  3.116569e+02
  2.152434e-01,  3.246728e+02
  2.281465e-01,  3.089996e+02
  2.300490e-01,  3.246617e+02
  2.334915e-01,  3.069442e+02
  2.282291e-01,  3.245176e+02
  2.192443e-01,  3.087332e+02
  2.510980e-01,  3.224172e+02
  2.046242e-01,  3.054065e+02
  2.377483e-01,  3.252506e+02
  2.024985e-01,  3.045242e+02
  2.507047e-01,  3.254504e+02
  1.935758e-01,  3.097901e+02
  2.665672e-01,  3.207659e+02
  1.855323e-01,  3.098930e+02
  2.674054e-01,  3.219522e+02
  1.871903e-01,  3.095341e+02
  2.623384e-01,  3.202019e+02
  1.812193e-01,  3.197052e+02
  2.609710e-01,  3.140986e+02
  1.896792e-01,  3.200425e+02
  2.515239e-01,  3.119007e+02
  1.957198e-01,  3.259985e+02
  2.534445e-01,  3.075533e+02
  1.978831e-01,  3.292291e+02
  2.576610e-01,  3.017803e+02
  2.267835e-01,  3.359745e+02
  2.196937e+00,  2.011318e+02
  1.824017e+01,  2.494564e+02
  3.509800e+01,  3.219698e+02
  3.556287e+01,  3.540126e+02
  1.642749e+01,  3.398881e+02
  1.890628e+01,  3.230929e+02
  4.995469e+00,  2.439653e+02
  1.381016e+01,  1.471464e+02
  2.361952e+01,  1.205171e+02
  2.552780e+01,  9.499511e+01
  1.593059e+01,  7.611802e+01
  1.589101e+01,  3.544115e+02
  2.500322e+01,  3.268051e+02
  1.694623e+01,  3.027421e+02
  7.245347e+00,  2.268903e+02
  9.912790e+00,  1.348232e+02
  1.929747e+01,  9.228592e+01
  1.747636e+01,  1.032415e+02
  8.024756e+00,  2.194591e+02
  2.344405e+01,  2.912317e+02
  2.095074e+01,  3.193800e+02
  5.866183e+00,  6.483597e+01
  2.108039e+01,  1.488404e+02
  1.994197e+01,  1.630574e+02
  9.549815e+00,  1.232837e+02
  1.124406e+01,  1.185957e+02
  1.813404e+01,  1.633097e+02
  1.771991e+01,  1.781724e+02
  2.854920e+00,  1.068699e+02
  2.049151e+01,  3.711185e+01
  2.419591e+01,  2.594912e+01
  1.625649e+01,  3.410126e+02
  1.965322e+01,  3.091618e+02
  1.628950e+01,  3.368605e+02
  1.669538e+01,  4.792659e+01
  2.132321e+01,  9.153534e+01
  1.516233e+01,  1.202682e+02
  6.280949e+00,  1.582145e+02
  2.354871e+00,  1.363690e+02
  1.565662e+01,  9.128588e+01
  3.166064e+01,  1.007646e+02
  2.818262e+01,  1.222623e+02
  9.873986e+00,  1.957977e+02
  2.347356e+01,  2.946208e+02
  2.521225e+01,  3.207213e+02
  5.074983e+00,  1.743163e+00
  1.931285e+01,  1.625787e+02
  2.413074e+01,  1.871453e+02
  1.014604e+01,  2.357760e+02
  1.824537e+01,  3.547902e+02
  2.640776e+01,  1.582794e+01
  2.086369e+01,  3.484736e+00
  1.761974e+01,  3.306604e+02
  5.860205e+00,  3.457121e+02
  1.193883e+01,  1.221690e+02
  1.548216e+01,  1.246381e+02
  6.727583e+00,  8.571743e+01
  1.172627e+01,  6.204786e+00
  1.705827e+01,  1.595549e-01
  1.326005e+01,  3.390044e+02
  4.787537e+00,  2.586839e+02
  1.165845e+01,  1.629576e+02
  2.157241e+01,  1.448450e+02
  2.489735e+01,  1.343299e+02
  1.484519e+01,  1.430374e+02
  1.033646e+01,  2.807663e+02
  2.789750e+01,  3.132741e+02
  2.866368e+01,  3.278987e+02
  1.543905e+01,  6.658924e+00
  1.608885e+01,  1.014997e+02
  1.734960e+01,  1.447100e+02
  7.554065e+00,  2.165570e+02
  1.469035e+01,  3.062621e+02
  1.576364e+01,  3.172232e+02
  7.797831e+00,  2.975887e+02
  4.312844e+00,  2.045683e+02
  4.459426e+00,  1.781944e+02
  1.981320e+00,  2.375013e+02
  6.855844e+00,  3.088160e+02
  1.176554e+01,  3.162688e+02
  1.490529e+01,  3.308681e+02
  1.916850e+01,  3.490059e+02
  2.668221e+01,  3.508988e+02
  3.226634e+01,  3.421767e+02
  2.905079e+01,  3.391373e+02
  1.766089e+01,  3.216963e+02
  1.294452e+01,  2.532324e+02
  1.138942e+01,  2.026492e+02
  1.091801e+01,  1.202414e+02
  1.583786e+01,  7.531512e+01
  1.198728e+01,  4.411364e+01
  8.888246e+00,  3.009782e+02
  1.937621e+01,  2.543438e+02
  2.467329e+01,  2.430739e+02
  2.528990e+01,  2.254974e+02
  2.676462e+01,  2.418851e+02
  2.833217e+01,  2.826487e+02
  2.828015e+01,  3.506904e+02
  2.289160e+01,  9.576138e+01
  1.604268e+01,  2.548962e+02
##END=