##TITLE= twqubit_encoding3_H_nobufferfix3
##JCAMP-DX= 5.00 Bruker JCAMP library
##DATA TYPE= Shape Data
##ORIGIN= Colm Fixed Pulses 
##OWNER= d29lu
##DATE= 12-May-2015
##TIME= 17:3
##MINX= 1.219941e-01
##MAXX= 3.049519e+01
##MINY= 6.205218e-01
##MAXY= 3.595734e+02
##$SHAPE_EXMODE= None
##$SHAPE_TOTROT= 9.000000e+01
##$SHAPE_BWFAC= 1.000000e+00
##$SHAPE_INTEGFAC= 1.000000e+00
##$SHAPE_MODE= 1
##NPOINTS= 736
##XYPOINTS= (XY..XY)
  9.699063e-01,  1.880982e+02
  8.736812e+00,  1.082107e+02
  1.562642e+01,  8.903740e+01
  1.369973e+01,  4.844673e+01
  1.318833e+01,  6.347847e+00
  1.664881e+01,  3.315793e+02
  2.100168e+01,  3.108728e+02
  2.511852e+01,  2.960372e+02
  2.800944e+01,  2.817962e+02
  3.009425e+01,  2.716388e+02
  3.049519e+01,  2.665189e+02
  2.929519e+01,  2.657536e+02
  2.682327e+01,  2.677053e+02
  2.318885e+01,  2.705837e+02
  1.921859e+01,  2.723756e+02
  1.701475e+01,  2.746964e+02
  1.572013e+01,  2.776954e+02
  1.453164e+01,  2.808576e+02
  1.320229e+01,  2.858730e+02
  1.172659e+01,  2.927999e+02
  1.036570e+01,  3.018401e+02
  9.054359e+00,  3.117177e+02
  7.172014e+00,  3.209962e+02
  4.161203e+00,  3.326018e+02
  1.086433e+00,  4.497046e+01
  5.143422e+00,  1.377819e+02
  1.077514e+01,  1.461900e+02
  1.605636e+01,  1.469479e+02
  1.949138e+01,  1.456358e+02
  2.158574e+01,  1.449335e+02
  2.237000e+01,  1.444461e+02
  2.056804e+01,  1.414531e+02
  1.790383e+01,  1.376209e+02
  1.476599e+01,  1.352813e+02
  1.023759e+01,  1.289232e+02
  6.055040e+00,  1.070706e+02
  4.451287e+00,  5.961797e+01
  5.860985e+00,  1.503822e+01
  9.212787e+00,  3.532884e+02
  1.261806e+01,  3.435479e+02
  1.429588e+01,  3.353092e+02
  1.450548e+01,  3.239942e+02
  1.420804e+01,  3.090064e+02
  1.438269e+01,  2.922197e+02
  1.479262e+01,  2.762918e+02
  1.530289e+01,  2.647165e+02
  1.531197e+01,  2.598810e+02
  1.508806e+01,  2.643812e+02
  1.541545e+01,  2.749411e+02
  1.642417e+01,  2.887692e+02
  1.723686e+01,  3.048589e+02
  1.867381e+01,  3.220696e+02
  2.063270e+01,  3.329665e+02
  2.245471e+01,  3.361337e+02
  2.278328e+01,  3.312055e+02
  2.209477e+01,  3.192461e+02
  2.114019e+01,  3.034466e+02
  1.972514e+01,  2.856275e+02
  1.814315e+01,  2.676290e+02
  1.627336e+01,  2.487837e+02
  1.419746e+01,  2.310644e+02
  1.174368e+01,  2.165514e+02
  8.735914e+00,  2.079786e+02
  5.441985e+00,  2.006222e+02
  2.022825e+00,  1.670643e+02
  3.411871e+00,  6.531538e+01
  7.424998e+00,  4.244500e+01
  1.138081e+01,  3.670203e+01
  1.472123e+01,  3.857558e+01
  1.601058e+01,  4.729775e+01
  1.561014e+01,  5.689272e+01
  1.443484e+01,  7.063036e+01
  1.290619e+01,  9.431938e+01
  1.430836e+01,  1.297602e+02
  1.892618e+01,  1.502673e+02
  2.304856e+01,  1.561564e+02
  2.418431e+01,  1.548019e+02
  2.250282e+01,  1.477773e+02
  1.966519e+01,  1.327659e+02
  1.840754e+01,  1.116062e+02
  1.927774e+01,  9.098067e+01
  2.069148e+01,  7.339725e+01
  2.120365e+01,  6.330705e+01
  1.958430e+01,  5.869881e+01
  1.749170e+01,  6.517745e+01
  1.813947e+01,  7.652419e+01
  2.206427e+01,  8.607614e+01
  2.608231e+01,  8.627150e+01
  2.769261e+01,  8.313821e+01
  2.721209e+01,  7.573354e+01
  2.595541e+01,  7.033639e+01
  2.269208e+01,  6.208380e+01
  1.809145e+01,  5.979486e+01
  1.467898e+01,  6.411325e+01
  1.398745e+01,  8.747119e+01
  1.514184e+01,  1.086565e+02
  1.975737e+01,  1.291510e+02
  2.374818e+01,  1.402805e+02
  1.817491e+01,  1.559312e+02
  4.861776e+00,  2.979573e+02
  1.816245e+00,  1.125922e+02
  5.723792e-01,  3.112636e+02
  3.296091e-01,  1.039524e+02
  4.907426e-01,  3.454346e+02
  3.367091e-01,  1.164326e+02
  4.897834e-01,  3.432974e+02
  3.277838e-01,  1.092395e+02
  4.325339e-01,  3.428948e+02
  2.646563e-01,  1.003605e+02
  4.153327e-01,  3.471951e+02
  2.245361e-01,  9.656274e+01
  3.720006e-01,  3.480586e+02
  1.884607e-01,  7.807197e+01
  3.268404e-01,  3.544737e+02
  1.625865e-01,  4.863372e+01
  2.949722e-01,  1.261488e+00
  1.712297e-01,  3.660000e+01
  2.510872e-01,  3.587509e+00
  1.973876e-01,  1.899309e+01
  2.180077e-01,  1.528765e+01
  2.156469e-01,  7.205900e+00
  1.990205e-01,  2.047265e+01
  2.280798e-01,  3.357543e+00
  1.739643e-01,  2.405096e+01
  2.602362e-01,  2.659748e+00
  1.693647e-01,  3.921742e+01
  2.711656e-01,  3.576735e+02
  1.742881e-01,  3.707277e+01
  2.641489e-01,  6.205218e-01
  1.623206e-01,  3.621037e+01
  2.748031e-01,  1.754972e+00
  1.785462e-01,  4.178581e+01
  2.654485e-01,  3.584264e+02
  1.805334e-01,  3.184468e+01
  2.599506e-01,  7.751273e+00
  1.712881e-01,  2.099696e+01
  2.415062e-01,  5.565791e+00
  1.838407e-01,  2.493778e+01
  2.334573e-01,  9.797180e+00
  2.085328e-01,  1.638476e+01
  2.033318e-01,  1.549016e+01
  2.103343e-01,  7.598891e+00
  2.189268e-01,  1.758479e+01
  2.170031e-01,  1.256298e+01
  2.009575e-01,  1.931178e+01
  2.324561e-01,  6.034579e+00
  1.913961e-01,  2.436445e+01
  2.307953e-01,  2.089306e+00
  2.014005e-01,  2.351973e+01
  2.343680e-01,  8.111798e+00
  1.692388e-01,  1.631427e+01
  2.497801e-01,  6.466070e+00
  1.844811e-01,  2.843533e+01
  2.418542e-01,  6.377436e+00
  1.907711e-01,  2.376731e+01
  2.390969e-01,  1.188861e+01
  1.881399e-01,  1.578608e+01
  2.351333e-01,  9.266192e+00
  1.967949e-01,  1.618255e+01
  2.105903e-01,  6.255962e+00
  2.058387e-01,  1.701338e+01
  2.263798e-01,  1.367622e+01
  2.121190e-01,  1.295561e+01
  2.248273e-01,  1.307389e+01
  2.186739e-01,  1.435044e+01
  1.965390e-01,  1.337004e+01
  2.219406e-01,  6.268689e+00
  1.956049e-01,  2.012859e+01
  2.221860e-01,  9.290171e+00
  2.078997e-01,  1.641709e+01
  2.290251e-01,  1.152113e+01
  2.026636e-01,  2.164787e+01
  2.428332e-01,  7.350022e+00
  1.942081e-01,  2.108979e+01
  2.304032e-01,  9.170398e+00
  2.001351e-01,  1.416165e+01
  2.197016e-01,  9.452428e+00
  2.020619e-01,  2.310572e+01
  2.342826e-01,  6.841054e+00
  2.112948e-01,  1.960794e+01
  2.225178e-01,  1.190640e+01
  2.087961e-01,  1.382314e+01
  2.215608e-01,  1.547382e+01
  2.091626e-01,  1.378358e+01
  2.212320e-01,  1.633953e+01
  2.147025e-01,  1.251182e+01
  2.058366e-01,  1.693968e+01
  2.192477e-01,  8.675265e+00
  2.050785e-01,  1.704770e+01
  2.142958e-01,  1.183152e+01
  2.146112e-01,  1.635700e+01
  2.348417e-01,  1.263363e+01
  1.918993e-01,  1.719049e+01
  2.216455e-01,  1.033692e+01
  2.125874e-01,  1.944143e+01
  2.175931e-01,  1.144400e+01
  1.979639e-01,  1.203734e+01
  2.244540e-01,  1.076431e+01
  1.964545e-01,  1.827517e+01
  2.188797e-01,  8.836244e+00
  2.135230e-01,  1.559652e+01
  2.158259e-01,  1.278390e+01
  2.168421e-01,  1.347069e+01
  2.205011e-01,  1.251429e+01
  2.060643e-01,  1.290214e+01
  2.126805e-01,  1.089040e+01
  2.143112e-01,  1.238415e+01
  2.057872e-01,  1.768046e+01
  2.134870e-01,  1.202828e+01
  2.146638e-01,  1.486165e+01
  2.136926e-01,  1.524891e+01
  2.091592e-01,  9.805979e+00
  2.178501e-01,  1.011747e+01
  2.008701e-01,  1.700676e+01
  2.154239e-01,  5.511666e+00
  2.064277e-01,  1.631116e+01
  2.199698e-01,  1.124728e+01
  1.971277e-01,  7.044580e+00
  2.171661e-01,  1.140960e+01
  2.057916e-01,  1.537868e+01
  2.033659e-01,  6.846525e+00
  2.192346e-01,  1.604296e+01
  2.200809e-01,  1.198738e+01
  2.153711e-01,  1.513712e+01
  2.251285e-01,  1.433944e+01
  2.138744e-01,  1.780869e+01
  2.169139e-01,  1.178561e+01
  2.192048e-01,  1.163674e+01
  2.080533e-01,  1.793784e+01
  2.138191e-01,  1.034958e+01
  2.216155e-01,  1.021706e+01
  2.008393e-01,  1.482999e+01
  2.021490e-01,  1.523345e+01
  2.258775e-01,  1.387242e+01
  2.047807e-01,  1.499798e+01
  2.127634e-01,  1.094205e+01
  2.159398e-01,  1.762953e+01
  2.223716e-01,  1.623637e+01
  1.936044e-01,  1.221891e+01
  2.165440e-01,  8.478053e+00
  2.162559e-01,  1.643039e+01
  1.994700e-01,  9.240465e+00
  2.115271e-01,  9.067246e+00
  2.073026e-01,  1.470777e+01
  2.162481e-01,  1.690703e+01
  2.159448e-01,  1.031262e+01
  2.217833e-01,  1.770380e+01
  1.993504e-01,  1.172582e+01
  2.166367e-01,  1.189755e+01
  2.174295e-01,  1.225337e+01
  2.134075e-01,  1.368133e+01
  2.105355e-01,  9.102514e+00
  2.205401e-01,  1.837901e+01
  2.043228e-01,  1.095830e+01
  2.186202e-01,  1.275447e+01
  2.102048e-01,  1.500157e+01
  2.070546e-01,  1.738892e+01
  2.206777e-01,  1.031612e+01
  2.157337e-01,  1.438673e+01
  2.091056e-01,  1.361860e+01
  2.032105e-01,  1.032170e+01
  2.113321e-01,  1.219461e+01
  2.011142e-01,  1.611455e+01
  2.192209e-01,  1.133273e+01
  2.095134e-01,  1.489971e+01
  2.230828e-01,  1.662812e+01
  2.073073e-01,  8.498755e+00
  2.246154e-01,  1.475312e+01
  4.003536e-01,  1.339783e+02
  7.680702e+00,  2.178486e+02
  1.380402e+01,  2.000707e+02
  1.362165e+01,  1.777686e+02
  1.292421e+01,  1.789577e+02
  1.174237e+01,  1.742022e+02
  1.053670e+01,  1.640659e+02
  9.799662e+00,  1.500201e+02
  9.939551e+00,  1.369474e+02
  1.101800e+01,  1.237863e+02
  1.286878e+01,  1.114297e+02
  1.511147e+01,  1.008830e+02
  1.698848e+01,  9.398954e+01
  1.821623e+01,  8.876952e+01
  1.820274e+01,  8.376830e+01
  1.707096e+01,  7.738078e+01
  1.511447e+01,  6.980622e+01
  1.296576e+01,  6.393990e+01
  1.074563e+01,  6.287351e+01
  8.895597e+00,  6.579760e+01
  7.292575e+00,  7.292516e+01
  6.277209e+00,  8.603248e+01
  6.434628e+00,  1.028198e+02
  7.734160e+00,  1.150573e+02
  8.954826e+00,  1.226955e+02
  9.578767e+00,  1.289133e+02
  1.005981e+01,  1.351634e+02
  1.089780e+01,  1.400292e+02
  1.177671e+01,  1.428552e+02
  1.235598e+01,  1.446358e+02
  1.261454e+01,  1.461432e+02
  1.262050e+01,  1.481163e+02
  1.215726e+01,  1.502591e+02
  1.108466e+01,  1.521814e+02
  9.740791e+00,  1.530318e+02
  8.755182e+00,  1.520354e+02
  8.253674e+00,  1.486642e+02
  8.061523e+00,  1.444874e+02
  8.349860e+00,  1.403962e+02
  9.304584e+00,  1.385439e+02
  1.051318e+01,  1.382659e+02
  1.144972e+01,  1.399924e+02
  1.186583e+01,  1.441414e+02
  1.178421e+01,  1.506087e+02
  1.126231e+01,  1.585725e+02
  1.033039e+01,  1.689738e+02
  9.375602e+00,  1.835830e+02
  8.879052e+00,  2.028676e+02
  9.289536e+00,  2.241071e+02
  1.067923e+01,  2.421684e+02
  1.253924e+01,  2.545807e+02
  1.443425e+01,  2.615753e+02
  1.588485e+01,  2.661035e+02
  1.633333e+01,  2.691099e+02
  1.580110e+01,  2.700748e+02
  1.487973e+01,  2.694165e+02
  1.356061e+01,  2.669875e+02
  1.144896e+01,  2.632621e+02
  8.916161e+00,  2.560895e+02
  6.400588e+00,  2.446040e+02
  4.223197e+00,  2.215234e+02
  3.691407e+00,  1.801093e+02
  5.023890e+00,  1.558423e+02
  6.586030e+00,  1.470347e+02
  7.557152e+00,  1.403642e+02
  7.893575e+00,  1.327157e+02
  7.615228e+00,  1.241088e+02
  6.848773e+00,  1.132077e+02
  6.170150e+00,  9.814071e+01
  6.006860e+00,  8.248702e+01
  6.218760e+00,  7.021096e+01
  6.528988e+00,  6.245887e+01
  6.914596e+00,  5.964101e+01
  7.453225e+00,  6.101964e+01
  8.037276e+00,  6.396878e+01
  8.173831e+00,  6.747586e+01
  7.740868e+00,  7.218814e+01
  7.417899e+00,  7.855975e+01
  7.547774e+00,  8.491632e+01
  7.805188e+00,  8.958573e+01
  8.039697e+00,  9.308044e+01
  8.277110e+00,  9.570608e+01
  8.256279e+00,  9.345780e+01
  7.902056e+00,  8.392827e+01
  7.589882e+00,  7.181501e+01
  7.357910e+00,  6.218343e+01
  7.246360e+00,  5.270052e+01
  7.291476e+00,  4.126888e+01
  7.349867e+00,  3.087555e+01
  7.375792e+00,  2.561996e+01
  7.549920e+00,  2.519401e+01
  7.807408e+00,  2.551862e+01
  7.962306e+00,  2.564138e+01
  7.977898e+00,  2.565007e+01
  8.071426e+00,  2.483854e+01
  8.413675e+00,  2.242166e+01
  9.047623e+00,  1.934219e+01
  9.974588e+00,  1.572340e+01
  1.107501e+01,  1.193178e+01
  1.210288e+01,  8.083551e+00
  1.314198e+01,  4.313937e+00
  1.445830e+01,  2.551641e+00
  1.551707e+01,  3.047997e+00
  1.534719e+01,  3.939894e+00
  1.396759e+01,  4.821622e+00
  1.228995e+01,  6.486269e+00
  1.079307e+01,  8.460274e+00
  9.531886e+00,  1.266206e+01
  8.388604e+00,  2.151042e+01
  7.649641e+00,  3.448958e+01
  7.642624e+00,  4.786185e+01
  8.425065e+00,  5.886307e+01
  9.442110e+00,  6.720897e+01
  1.024753e+01,  7.280704e+01
  1.078648e+01,  7.596816e+01
  1.119532e+01,  7.642196e+01
  1.101069e+01,  7.460840e+01
  9.484445e+00,  7.091770e+01
  7.226410e+00,  6.544388e+01
  5.616968e+00,  5.936013e+01
  5.028101e+00,  5.586934e+01
  4.737904e+00,  5.648685e+01
  4.426962e+00,  6.080299e+01
  4.149543e+00,  7.213539e+01
  4.030418e+00,  8.858429e+01
  4.051798e+00,  1.038510e+02
  4.098547e+00,  1.145958e+02
  4.100129e+00,  1.252257e+02
  4.104322e+00,  1.412583e+02
  4.683342e+00,  1.636453e+02
  5.554407e+00,  1.781501e+02
  5.715101e+00,  1.829262e+02
  5.313525e+00,  1.823586e+02
  5.055199e+00,  1.814496e+02
  4.537500e+00,  1.795119e+02
  3.314095e+00,  1.692977e+02
  1.934129e+00,  1.338877e+02
  2.047799e+00,  6.369338e+01
  3.943297e+00,  3.656454e+01
  5.851767e+00,  3.005838e+01
  6.814820e+00,  2.710743e+01
  6.691860e+00,  2.537656e+01
  5.634806e+00,  2.588952e+01
  3.931485e+00,  2.761274e+01
  1.642690e+00,  3.518505e+01
  1.172380e+00,  1.719239e+02
  3.253201e+00,  1.931645e+02
  4.414679e+00,  1.986090e+02
  5.191291e+00,  2.024338e+02
  6.103296e+00,  2.053257e+02
  7.456702e+00,  2.052225e+02
  8.947611e+00,  2.046106e+02
  1.030409e+01,  2.050961e+02
  1.137053e+01,  2.055315e+02
  1.243158e+01,  2.031564e+02
  1.345017e+01,  1.978897e+02
  1.427006e+01,  1.924104e+02
  1.497862e+01,  1.875841e+02
  1.580051e+01,  1.824471e+02
  1.608263e+01,  1.759083e+02
  1.529366e+01,  1.684035e+02
  1.406373e+01,  1.626676e+02
  1.318138e+01,  1.604941e+02
  1.240684e+01,  1.610028e+02
  1.089650e+01,  1.601473e+02
  8.758928e+00,  1.576563e+02
  6.719395e+00,  1.555441e+02
  5.143892e+00,  1.583287e+02
  3.490745e+00,  1.628708e+02
  1.429084e+00,  1.638944e+02
  1.324011e+00,  3.521881e+02
  4.022900e+00,  3.563615e+02
  6.307218e+00,  1.248501e+00
  7.841723e+00,  7.332098e+00
  9.074886e+00,  1.682588e+01
  1.028948e+01,  2.750874e+01
  1.183272e+01,  3.733630e+01
  1.367168e+01,  4.550277e+01
  1.594221e+01,  5.307797e+01
  1.805705e+01,  6.075991e+01
  1.979671e+01,  6.776800e+01
  2.083994e+01,  7.290318e+01
  2.101585e+01,  7.645434e+01
  2.059765e+01,  7.863278e+01
  2.012938e+01,  7.977336e+01
  1.937600e+01,  7.809696e+01
  1.773752e+01,  7.418882e+01
  1.550423e+01,  6.689877e+01
  1.310023e+01,  5.734634e+01
  1.100087e+01,  4.609064e+01
  8.733388e+00,  3.398800e+01
  6.583018e+00,  1.786627e+01
  4.614512e+00,  3.503922e+02
  3.900880e+00,  3.091496e+02
  4.772078e+00,  2.652667e+02
  6.793262e+00,  2.407499e+02
  9.884256e+00,  2.260184e+02
  1.440557e+01,  2.177424e+02
  7.065320e+00,  2.092808e+02
  3.097130e+00,  2.915273e+01
  9.812720e-01,  2.007629e+02
  4.718750e-01,  3.393252e+01
  1.538003e-01,  3.539169e+02
  2.791999e-01,  2.084354e+01
  1.219941e-01,  2.819800e+00
  3.056618e-01,  1.537151e+01
  1.332337e-01,  8.242780e+00
  2.835743e-01,  1.667706e+01
  1.372072e-01,  2.085429e+00
  2.821930e-01,  1.797611e+01
  1.415235e-01,  9.171317e+00
  2.734184e-01,  1.198815e+01
  1.599569e-01,  1.506878e+01
  2.515299e-01,  1.648158e+01
  1.647879e-01,  2.473156e+00
  2.436552e-01,  1.499483e+01
  1.719927e-01,  1.325730e+01
  2.398738e-01,  1.273524e+01
  1.958299e-01,  1.184308e+01
  2.213492e-01,  1.450899e+01
  2.038524e-01,  9.344080e+00
  2.266448e-01,  1.794691e+01
  2.113858e-01,  1.247747e+01
  2.017984e-01,  7.060488e+00
  2.256798e-01,  1.579488e+01
  1.891383e-01,  1.417449e+01
  2.284948e-01,  9.262874e+00
  2.117726e-01,  1.899661e+01
  2.272621e-01,  1.435912e+01
  1.957003e-01,  7.658538e+00
  2.339989e-01,  1.577759e+01
  1.906477e-01,  1.689808e+01
  2.394141e-01,  1.173583e+01
  2.032127e-01,  1.553016e+01
  2.232547e-01,  1.090508e+01
  1.941833e-01,  9.970720e+00
  2.346774e-01,  1.254581e+01
  1.787789e-01,  1.427340e+01
  2.273950e-01,  1.461916e+01
  2.017804e-01,  1.104253e+01
  2.226581e-01,  1.955066e+01
  2.109551e-01,  6.778185e+00
  2.031863e-01,  1.211532e+01
  2.063284e-01,  1.849366e+01
  2.225031e-01,  1.273372e+01
  2.249215e-01,  1.121358e+01
  1.929020e-01,  1.465896e+01
  2.206700e-01,  1.008739e+01
  2.052038e-01,  1.271455e+01
  2.241125e-01,  1.257957e+01
  1.920055e-01,  9.169499e+00
  2.224257e-01,  1.255334e+01
  2.082279e-01,  2.241596e+01
  2.247509e-01,  9.694889e+00
  2.047916e-01,  1.139823e+01
  2.200023e-01,  1.688438e+01
  2.006420e-01,  1.103870e+01
  2.271715e-01,  1.663283e+01
  2.123970e-01,  2.016736e+01
  2.242613e-01,  1.131906e+01
  2.152192e-01,  9.126677e+00
  2.143094e-01,  1.893000e+01
  1.992247e-01,  7.276050e+00
  2.260751e-01,  1.328572e+01
  2.100070e-01,  1.665426e+01
  2.019045e-01,  1.200215e+01
  2.244708e-01,  1.349424e+01
  2.047981e-01,  1.845510e+01
  2.196902e-01,  9.435904e+00
  2.131267e-01,  1.044432e+01
  2.241718e-01,  1.420435e+01
  2.001919e-01,  1.254319e+01
  2.356784e-01,  1.178792e+01
  2.077978e-01,  1.595568e+01
  2.005009e-01,  9.169486e+00
  2.158960e-01,  1.386992e+01
  2.260055e-01,  1.551235e+01
  1.929551e-01,  1.441329e+01
  2.267996e-01,  1.347482e+01
  2.182049e-01,  1.871301e+01
  2.163181e-01,  1.550993e+01
  2.219186e-01,  9.009960e+00
  2.136986e-01,  1.752080e+01
  1.996203e-01,  1.348445e+01
  2.215521e-01,  1.477417e+01
  2.199236e-01,  1.414782e+01
  2.034769e-01,  1.505683e+01
  2.210438e-01,  1.083783e+01
  2.113347e-01,  1.696326e+01
  2.129188e-01,  1.243309e+01
  2.115660e-01,  1.007315e+01
  2.246299e-01,  1.797663e+01
  2.023018e-01,  1.624574e+01
  2.111623e-01,  6.473699e+00
  2.127917e-01,  1.796258e+01
  2.209644e-01,  1.599313e+01
  2.086261e-01,  1.081450e+01
  2.210535e-01,  1.556909e+01
  2.000151e-01,  1.411242e+01
  2.245437e-01,  9.137862e+00
  2.084678e-01,  1.419413e+01
  2.205199e-01,  1.564945e+01
  2.172444e-01,  1.266164e+01
  2.216165e-01,  1.270960e+01
  2.116919e-01,  1.468049e+01
  2.119354e-01,  9.389005e+00
  2.205833e-01,  1.259624e+01
  2.022700e-01,  1.602025e+01
  2.133272e-01,  7.715363e+00
  2.068057e-01,  1.421207e+01
  2.177704e-01,  1.621522e+01
  2.081696e-01,  1.224453e+01
  2.263958e-01,  1.381944e+01
  2.055020e-01,  1.954652e+01
  2.233576e-01,  6.944361e+00
  2.042827e-01,  1.107236e+01
  2.105886e-01,  1.426793e+01
  1.995821e-01,  1.295246e+01
  2.227489e-01,  9.823382e+00
  2.026955e-01,  2.111105e+01
  2.143450e-01,  7.126556e+00
  2.169508e-01,  1.721156e+01
  2.130598e-01,  1.680107e+01
  2.013470e-01,  9.668724e+00
  2.239714e-01,  1.485265e+01
  2.163008e-01,  1.877377e+01
  2.040937e-01,  9.046931e+00
  2.104271e-01,  1.177458e+01
  2.000670e-01,  1.831178e+01
  2.213922e-01,  1.131933e+01
  2.052260e-01,  1.381580e+01
  2.150832e-01,  1.228685e+01
  2.047284e-01,  1.691320e+01
  2.396521e-01,  1.086985e+01
  1.951506e-01,  1.956135e+01
  2.208727e-01,  5.481166e+00
  2.047895e-01,  1.419103e+01
  2.203848e-01,  9.611724e+00
  1.982076e-01,  1.795636e+01
  2.235351e-01,  8.721802e+00
  2.036096e-01,  1.800347e+01
  2.242099e-01,  9.923240e+00
  2.130954e-01,  1.939576e+01
  2.268354e-01,  1.224869e+01
  2.029262e-01,  1.490117e+01
  2.231810e-01,  1.037246e+01
  2.147384e-01,  1.652813e+01
  1.989536e-01,  9.683812e+00
  2.246066e-01,  1.047103e+01
  1.919382e-01,  1.492939e+01
  2.188741e-01,  6.083930e+00
  2.037158e-01,  1.846908e+01
  2.367087e-01,  1.152963e+01
  1.930710e-01,  2.642037e+01
  2.473077e-01,  3.019071e+00
  1.882267e-01,  3.056218e+01
  2.443618e-01,  3.660334e+00
  1.748439e-01,  2.624257e+01
  2.590943e-01,  2.094003e+00
  1.603428e-01,  3.585810e+01
  2.878233e-01,  7.450524e-01
  1.631011e-01,  3.935220e+01
  2.713612e-01,  2.321341e+00
  1.729651e-01,  3.581365e+01
  2.817512e-01,  3.595734e+02
  1.745199e-01,  4.718564e+01
  2.801017e-01,  3.544327e+02
  1.842595e-01,  4.390307e+01
  3.060980e+00,  3.198541e+02
  2.238991e+00,  2.307993e+02
  5.124799e+00,  2.068270e+02
  7.018286e+00,  1.911994e+02
  8.283519e+00,  1.844159e+02
  9.466938e+00,  1.744868e+02
  1.036618e+01,  1.648712e+02
  1.156576e+01,  1.550311e+02
  1.245993e+01,  1.450263e+02
  1.379675e+01,  1.339138e+02
  1.508182e+01,  1.243047e+02
  1.649335e+01,  1.175001e+02
  1.745319e+01,  1.119107e+02
  1.851394e+01,  1.075897e+02
  1.946514e+01,  1.042153e+02
  2.030597e+01,  1.021611e+02
  2.074220e+01,  1.002359e+02
  2.074593e+01,  9.924094e+01
  2.014391e+01,  9.885511e+01
  1.905699e+01,  9.870254e+01
  1.741061e+01,  9.953943e+01
  1.524329e+01,  1.023034e+02
  1.300795e+01,  1.094531e+02
  1.123934e+01,  1.219601e+02
  1.022318e+01,  1.374797e+02
  9.959919e+00,  1.538507e+02
  1.071501e+01,  1.688505e+02
  1.207185e+01,  1.797737e+02
  1.339336e+01,  1.861999e+02
  1.400929e+01,  1.903869e+02
  1.393345e+01,  1.929633e+02
  1.315497e+01,  1.950896e+02
  1.193179e+01,  1.969366e+02
  1.040028e+01,  1.988719e+02
  8.647229e+00,  2.014465e+02
  6.767308e+00,  2.038987e+02
  4.897229e+00,  2.060108e+02
  2.926471e+00,  2.071404e+02
  8.936032e-01,  2.109015e+02
  1.257770e+00,  5.559580e+00
  3.138558e+00,  1.476919e+01
  4.743538e+00,  1.630424e+01
  5.997680e+00,  1.491980e+01
  6.741106e+00,  1.386338e+01
  7.018170e+00,  1.429081e+01
  7.114820e+00,  1.703076e+01
  7.286813e+00,  2.030616e+01
  7.543241e+00,  2.512673e+01
  7.853914e+00,  2.912936e+01
  8.138607e+00,  3.186996e+01
  8.244818e+00,  3.248717e+01
  7.924629e+00,  3.150296e+01
  7.396749e+00,  2.733379e+01
  6.790869e+00,  1.988275e+01
  6.313510e+00,  8.121628e+00
  6.289810e+00,  3.522945e+02
  6.975842e+00,  3.358108e+02
  8.215759e+00,  3.223690e+02
  9.712714e+00,  3.128672e+02
  1.138029e+01,  3.064884e+02
  1.314706e+01,  3.015518e+02
  1.485334e+01,  2.976987e+02
  1.621698e+01,  2.946608e+02
  1.752752e+01,  2.919685e+02
  1.877827e+01,  2.898439e+02
  1.966059e+01,  2.872319e+02
  1.982307e+01,  2.834677e+02
  1.960337e+01,  2.797114e+02
  1.879060e+01,  2.768264e+02
  1.741583e+01,  2.746352e+02
  1.566768e+01,  2.737110e+02
  1.377574e+01,  2.758892e+02
  1.191546e+01,  2.825654e+02
  1.061829e+01,  2.938553e+02
  1.018022e+01,  3.083484e+02
  1.044693e+01,  3.229563e+02
  1.119328e+01,  3.361933e+02
  1.223942e+01,  3.479453e+02
  1.346656e+01,  3.563949e+02
  1.469090e+01,  2.879994e+00
  1.551002e+01,  7.599944e+00
  1.557898e+01,  1.208692e+01
  1.483652e+01,  1.566980e+01
  1.347870e+01,  1.924977e+01
  1.144790e+01,  2.249410e+01
  8.837731e+00,  2.600883e+01
  5.953194e+00,  3.136355e+01
  3.085784e+00,  4.469439e+01
  1.337771e+00,  1.193179e+02
  3.476184e+00,  1.794046e+02
  5.922848e+00,  1.901532e+02
  7.794686e+00,  1.943385e+02
  8.881042e+00,  1.971349e+02
  9.210506e+00,  1.994579e+02
  8.910090e+00,  2.013998e+02
  7.941317e+00,  2.042189e+02
  6.423291e+00,  2.083214e+02
  4.612734e+00,  2.180213e+02
  2.530691e+00,  2.559997e+02
  4.645143e+00,  3.353477e+02
##END=