##TITLE= twqubit_C7180_H_15000.txt
##JCAMP-DX= 5.00 Bruker JCAMP library
##DATA TYPE= Shape Data
##ORIGIN= Colm's GRAPE Pulses 
##OWNER= caryan
##DATE= 17-Oct-2014
##TIME= 14:9
##MINX= 4.696017e-01
##MAXX= 2.165816e+01
##MINY= 1.750826e+00
##MAXY= 3.581134e+02
##$SHAPE_EXMODE= None
##$SHAPE_TOTROT= 9.000000e+01
##$SHAPE_BWFAC= 1.000000e+00
##$SHAPE_INTEGFAC= 1.000000e+00
##$SHAPE_MODE= 1
##NPOINTS= 200
##XYPOINTS= (XY..XY)
  8.584303e-01,  2.552252e+02
  2.708451e+00,  1.773726e+02
  9.697553e+00,  1.597794e+02
  1.579687e+01,  1.579306e+02
  1.792051e+01,  1.575077e+02
  1.835627e+01,  1.555103e+02
  1.794825e+01,  1.528743e+02
  1.706673e+01,  1.509211e+02
  1.595501e+01,  1.499514e+02
  1.468714e+01,  1.491975e+02
  1.327011e+01,  1.480050e+02
  1.184570e+01,  1.472465e+02
  1.070391e+01,  1.489918e+02
  1.001314e+01,  1.535495e+02
  9.504668e+00,  1.584142e+02
  8.808400e+00,  1.622716e+02
  8.238474e+00,  1.665375e+02
  8.571015e+00,  1.715547e+02
  9.913496e+00,  1.748788e+02
  1.150113e+01,  1.760434e+02
  1.281612e+01,  1.763042e+02
  1.412349e+01,  1.761609e+02
  1.569325e+01,  1.756390e+02
  1.718655e+01,  1.750453e+02
  1.808104e+01,  1.746666e+02
  1.815933e+01,  1.745272e+02
  1.742445e+01,  1.745688e+02
  1.605272e+01,  1.746004e+02
  1.448310e+01,  1.741803e+02
  1.303670e+01,  1.729694e+02
  1.156601e+01,  1.706052e+02
  1.005897e+01,  1.655792e+02
  9.289582e+00,  1.567292e+02
  9.908119e+00,  1.479067e+02
  1.131609e+01,  1.423784e+02
  1.268957e+01,  1.381520e+02
  1.403866e+01,  1.339701e+02
  1.562477e+01,  1.303949e+02
  1.722596e+01,  1.272514e+02
  1.848153e+01,  1.237696e+02
  1.935799e+01,  1.199907e+02
  1.994092e+01,  1.164336e+02
  2.016540e+01,  1.131689e+02
  1.991939e+01,  1.099301e+02
  1.910580e+01,  1.067032e+02
  1.757878e+01,  1.036942e+02
  1.530773e+01,  1.007790e+02
  1.249302e+01,  9.716028e+01
  9.322406e+00,  9.134270e+01
  5.954716e+00,  7.951383e+01
  3.247155e+00,  4.431856e+01
  3.742030e+00,  3.440081e+02
  6.276296e+00,  3.213250e+02
  8.757231e+00,  3.142660e+02
  1.049125e+01,  3.143378e+02
  1.145313e+01,  3.196053e+02
  1.212210e+01,  3.259546e+02
  1.249705e+01,  3.305712e+02
  1.230587e+01,  3.356812e+02
  1.173691e+01,  3.432198e+02
  1.106962e+01,  3.498926e+02
  1.004418e+01,  3.519939e+02
  8.466401e+00,  3.512508e+02
  6.511374e+00,  3.512797e+02
  4.422681e+00,  3.508953e+02
  2.298137e+00,  3.416220e+02
  7.258822e-01,  2.712835e+02
  1.777159e+00,  1.908307e+02
  2.889924e+00,  1.730721e+02
  3.528950e+00,  1.600719e+02
  3.700608e+00,  1.423698e+02
  3.664149e+00,  1.186795e+02
  3.636439e+00,  9.573027e+01
  3.689181e+00,  7.602557e+01
  4.040035e+00,  5.846136e+01
  4.360245e+00,  4.320375e+01
  4.233227e+00,  2.695610e+01
  4.183994e+00,  1.107657e+01
  4.610739e+00,  4.780201e+00
  5.232657e+00,  6.389343e+00
  5.785311e+00,  1.009363e+01
  6.336394e+00,  1.608384e+01
  7.147989e+00,  2.522962e+01
  8.363214e+00,  3.575483e+01
  9.888496e+00,  4.579670e+01
  1.145498e+01,  5.466840e+01
  1.281457e+01,  6.253931e+01
  1.390458e+01,  7.004449e+01
  1.472666e+01,  7.775402e+01
  1.526788e+01,  8.586556e+01
  1.561208e+01,  9.421823e+01
  1.589316e+01,  1.024818e+02
  1.613343e+01,  1.104291e+02
  1.625391e+01,  1.179957e+02
  1.622381e+01,  1.251818e+02
  1.614866e+01,  1.320389e+02
  1.620485e+01,  1.385600e+02
  1.650128e+01,  1.443929e+02
  1.701938e+01,  1.489030e+02
  1.777038e+01,  1.516606e+02
  1.885666e+01,  1.527255e+02
  2.006582e+01,  1.526139e+02
  2.077818e+01,  1.518947e+02
  2.072480e+01,  1.508699e+02
  2.024313e+01,  1.498103e+02
  1.944950e+01,  1.491724e+02
  1.796630e+01,  1.493700e+02
  1.568436e+01,  1.506055e+02
  1.308667e+01,  1.530275e+02
  1.069541e+01,  1.568645e+02
  8.601213e+00,  1.623516e+02
  6.668648e+00,  1.699842e+02
  5.031591e+00,  1.808003e+02
  4.016205e+00,  1.938829e+02
  3.581190e+00,  2.039248e+02
  3.426064e+00,  2.064557e+02
  3.448490e+00,  1.997215e+02
  3.649757e+00,  1.857375e+02
  3.936309e+00,  1.696075e+02
  4.385461e+00,  1.554980e+02
  5.303758e+00,  1.459518e+02
  6.754882e+00,  1.388630e+02
  8.417806e+00,  1.317215e+02
  9.960192e+00,  1.261988e+02
  1.133030e+01,  1.245958e+02
  1.276976e+01,  1.258538e+02
  1.439314e+01,  1.273918e+02
  1.594971e+01,  1.292598e+02
  1.719826e+01,  1.330764e+02
  1.823902e+01,  1.386632e+02
  1.926743e+01,  1.440560e+02
  2.025810e+01,  1.481088e+02
  2.106974e+01,  1.511563e+02
  2.156900e+01,  1.534939e+02
  2.165816e+01,  1.546858e+02
  2.129767e+01,  1.541445e+02
  2.050107e+01,  1.516062e+02
  1.932458e+01,  1.469527e+02
  1.791898e+01,  1.399183e+02
  1.652993e+01,  1.302606e+02
  1.539482e+01,  1.181312e+02
  1.470078e+01,  1.042089e+02
  1.454869e+01,  8.986406e+01
  1.479939e+01,  7.689647e+01
  1.509935e+01,  6.651218e+01
  1.515219e+01,  5.885087e+01
  1.481798e+01,  5.335018e+01
  1.399352e+01,  4.948485e+01
  1.264808e+01,  4.735874e+01
  1.098906e+01,  4.737647e+01
  9.318244e+00,  4.922701e+01
  7.688946e+00,  5.171171e+01
  6.008714e+00,  5.412322e+01
  4.436741e+00,  5.665671e+01
  3.307735e+00,  5.791304e+01
  2.712041e+00,  5.314484e+01
  2.507272e+00,  4.024652e+01
  2.638436e+00,  2.404835e+01
  3.152011e+00,  1.217389e+01
  3.953984e+00,  6.991889e+00
  4.758270e+00,  4.721476e+00
  5.311553e+00,  2.029388e+00
  5.600514e+00,  3.581134e+02
  5.719447e+00,  3.534156e+02
  5.717310e+00,  3.484458e+02
  5.669830e+00,  3.437343e+02
  5.670885e+00,  3.393351e+02
  5.694307e+00,  3.338948e+02
  5.659488e+00,  3.262591e+02
  5.638166e+00,  3.184184e+02
  5.760137e+00,  3.144006e+02
  6.032855e+00,  3.137088e+02
  6.313085e+00,  3.112776e+02
  6.519650e+00,  3.061704e+02
  6.683038e+00,  3.031618e+02
  6.763904e+00,  3.043394e+02
  6.745746e+00,  3.063966e+02
  6.588074e+00,  3.089531e+02
  6.240637e+00,  3.178725e+02
  5.982425e+00,  3.371285e+02
  6.380965e+00,  1.750826e+00
  7.615266e+00,  2.366833e+01
  9.407611e+00,  4.003911e+01
  1.121747e+01,  5.200687e+01
  1.277400e+01,  6.131012e+01
  1.423746e+01,  6.886003e+01
  1.570862e+01,  7.517870e+01
  1.696794e+01,  8.065890e+01
  1.772523e+01,  8.560262e+01
  1.799141e+01,  9.044544e+01
  1.803775e+01,  9.553854e+01
  1.798692e+01,  1.010307e+02
  1.778576e+01,  1.073542e+02
  1.751808e+01,  1.151015e+02
  1.737412e+01,  1.241933e+02
  1.736357e+01,  1.338226e+02
  1.717775e+01,  1.434842e+02
  1.568924e+01,  1.543719e+02
  6.776926e+00,  1.890477e+02
  4.696017e-01,  2.730123e+02
##END=
