##TITLE= twqubit_encoding2_Hfix1
##JCAMP-DX= 5.00 Bruker JCAMP library
##DATA TYPE= Shape Data
##ORIGIN= Colm Fixed Pulses 
##OWNER= d29lu
##DATE= 21-Apr-2015
##TIME= 19:24
##MINX= 2.376591e-02
##MAXX= 3.620646e+01
##MINY= -1.799465e+02
##MAXY= 1.796167e+02
##$SHAPE_EXMODE= None
##$SHAPE_TOTROT= 9.000000e+01
##$SHAPE_BWFAC= 1.000000e+00
##$SHAPE_INTEGFAC= 1.000000e+00
##$SHAPE_MODE= 1
##NPOINTS= 2128
##XYPOINTS= (XY..XY)
  2.385784e+00,  1.324196e+02
  1.483732e+00,  1.322896e+02
  2.091656e+00,  -8.818173e+00
  6.691053e+00,  -1.616342e+01
  1.016544e+01,  -2.005084e+01
  1.377844e+01,  -2.298446e+01
  1.751274e+01,  -2.439388e+01
  2.031197e+01,  -2.429403e+01
  2.187225e+01,  -2.321529e+01
  2.271994e+01,  -2.112494e+01
  2.305812e+01,  -1.764307e+01
  2.262189e+01,  -1.355222e+01
  2.116045e+01,  -1.059703e+01
  1.909375e+01,  -9.618215e+00
  1.710856e+01,  -1.031169e+01
  1.487221e+01,  -1.299930e+01
  1.203884e+01,  -1.903526e+01
  9.453640e+00,  -2.772346e+01
  7.526022e+00,  -3.562728e+01
  5.773598e+00,  -4.465670e+01
  4.298551e+00,  -6.265943e+01
  3.724689e+00,  -8.970847e+01
  4.001967e+00,  -1.158841e+02
  5.109746e+00,  -1.374148e+02
  6.931215e+00,  -1.506577e+02
  8.691301e+00,  -1.578776e+02
  9.843705e+00,  -1.632961e+02
  1.047470e+01,  -1.687503e+02
  1.102144e+01,  -1.739517e+02
  1.168770e+01,  -1.789073e+02
  1.223920e+01,  1.747827e+02
  1.266066e+01,  1.674380e+02
  1.314585e+01,  1.627302e+02
  1.355675e+01,  1.624130e+02
  1.366890e+01,  1.651225e+02
  1.341350e+01,  1.704351e+02
  1.301894e+01,  1.785072e+02
  1.279430e+01,  -1.724703e+02
  1.271660e+01,  -1.645665e+02
  1.260902e+01,  -1.584531e+02
  1.221079e+01,  -1.543471e+02
  1.123573e+01,  -1.508334e+02
  9.852544e+00,  -1.452814e+02
  8.500357e+00,  -1.380679e+02
  7.135074e+00,  -1.325050e+02
  5.539038e+00,  -1.281917e+02
  3.861077e+00,  -1.216453e+02
  2.425521e+00,  -1.198938e+02
  1.703159e+00,  -1.498048e+02
  2.195592e+00,  1.731103e+02
  3.263120e+00,  1.562420e+02
  5.559830e+00,  1.563226e+02
  9.387582e+00,  1.637672e+02
  1.354488e+01,  1.696708e+02
  1.709388e+01,  1.734728e+02
  2.029452e+01,  1.764495e+02
  2.303291e+01,  1.788672e+02
  2.435179e+01,  -1.797951e+02
  2.374715e+01,  -1.795841e+02
  2.187393e+01,  -1.799465e+02
  1.962184e+01,  1.796167e+02
  1.710119e+01,  1.793417e+02
  1.421450e+01,  1.795274e+02
  1.132987e+01,  -1.798513e+02
  8.571032e+00,  -1.796333e+02
  5.724565e+00,  -1.796133e+02
  3.169803e+00,  -1.746797e+02
  1.670450e+00,  -1.514170e+02
  1.273465e+00,  -1.122314e+02
  1.339922e+00,  -7.334419e+01
  1.808204e+00,  -4.120620e+01
  2.592390e+00,  -2.141378e+01
  3.659750e+00,  -1.361495e+01
  5.150648e+00,  -1.593482e+01
  7.117767e+00,  -2.078157e+01
  9.138911e+00,  -2.369706e+01
  1.089485e+01,  -2.533225e+01
  1.247652e+01,  -2.671477e+01
  1.391327e+01,  -2.804441e+01
  1.521199e+01,  -2.924136e+01
  1.652915e+01,  -2.966010e+01
  1.783035e+01,  -2.842963e+01
  1.874743e+01,  -2.520674e+01
  1.874149e+01,  -2.030200e+01
  1.756915e+01,  -1.510818e+01
  1.575604e+01,  -1.193970e+01
  1.399764e+01,  -1.118140e+01
  1.216338e+01,  -9.916749e+00
  9.798407e+00,  -7.484523e+00
  7.086754e+00,  -7.963288e+00
  4.512413e+00,  -1.414177e+01
  2.140445e+00,  -2.852836e+01
  1.337808e+00,  -1.253629e+02
  4.048223e+00,  -1.537811e+02
  6.508290e+00,  -1.576835e+02
  7.632463e+00,  -1.605545e+02
  8.070165e+00,  -1.596921e+02
  9.094065e+00,  -1.546638e+02
  6.626121e+00,  1.727860e+02
  5.756214e+00,  3.383574e+01
  9.963515e-01,  -1.203009e+02
  6.618342e-01,  -1.590237e+02
  3.672985e-01,  6.934773e+01
  3.670233e-01,  3.797750e+01
  1.200930e-01,  -1.377237e+02
  2.277922e-01,  -1.685692e+02
  1.521515e-01,  8.795865e+01
  1.938834e-01,  5.078247e+01
  2.551504e-02,  1.435086e+02
  1.202149e-01,  1.792146e+02
  1.035437e-01,  1.074532e+02
  1.350665e-01,  6.735066e+01
  6.075392e-02,  9.026554e+01
  7.300800e-02,  1.528209e+02
  8.033725e-02,  1.149605e+02
  9.588742e-02,  8.044163e+01
  6.809117e-02,  9.343793e+01
  6.901688e-02,  1.329690e+02
  8.002284e-02,  1.201060e+02
  8.401191e-02,  9.601505e+01
  6.988739e-02,  9.938075e+01
  6.531857e-02,  1.237931e+02
  7.248490e-02,  1.201720e+02
  7.662799e-02,  9.955260e+01
  7.274840e-02,  9.205270e+01
  6.600980e-02,  1.022815e+02
  7.001573e-02,  1.078947e+02
  7.449355e-02,  1.010338e+02
  7.328930e-02,  9.699182e+01
  7.216969e-02,  1.032411e+02
  7.857260e-02,  1.092562e+02
  8.287371e-02,  1.072870e+02
  7.809452e-02,  1.027328e+02
  7.169923e-02,  1.022979e+02
  7.383024e-02,  1.061062e+02
  8.014869e-02,  1.080928e+02
  7.863301e-02,  1.070151e+02
  7.057695e-02,  1.045513e+02
  6.826536e-02,  1.028967e+02
  7.460109e-02,  1.035254e+02
  7.853236e-02,  1.052414e+02
  7.293846e-02,  1.064371e+02
  6.555002e-02,  1.057365e+02
  6.593773e-02,  1.039045e+02
  7.073499e-02,  1.038604e+02
  7.121425e-02,  1.057968e+02
  6.823689e-02,  1.074744e+02
  6.898818e-02,  1.064459e+02
  7.361081e-02,  1.038574e+02
  7.483009e-02,  1.028137e+02
  7.107124e-02,  1.048312e+02
  6.977903e-02,  1.088203e+02
  7.433219e-02,  1.109546e+02
  7.830061e-02,  1.100567e+02
  7.648426e-02,  1.081015e+02
  7.261313e-02,  1.071959e+02
  7.242752e-02,  1.076648e+02
  7.456799e-02,  1.075223e+02
  7.397879e-02,  1.057358e+02
  7.086559e-02,  1.036398e+02
  6.967899e-02,  1.031660e+02
  7.147150e-02,  1.036554e+02
  7.249611e-02,  1.028893e+02
  7.066728e-02,  1.011617e+02
  6.866052e-02,  1.015101e+02
  6.980425e-02,  1.051895e+02
  7.360072e-02,  1.082535e+02
  7.633499e-02,  1.070854e+02
  7.619206e-02,  1.032047e+02
  7.310780e-02,  1.013737e+02
  6.800054e-02,  1.041024e+02
  6.438253e-02,  1.078948e+02
  6.519000e-02,  1.072454e+02
  6.993077e-02,  1.038231e+02
  7.361567e-02,  1.031321e+02
  7.232596e-02,  1.058451e+02
  6.848350e-02,  1.080027e+02
  6.696501e-02,  1.058999e+02
  6.970293e-02,  1.020338e+02
  7.358824e-02,  1.014718e+02
  7.540711e-02,  1.046839e+02
  7.489717e-02,  1.081767e+02
  7.250362e-02,  1.084085e+02
  6.984540e-02,  1.055725e+02
  6.938451e-02,  1.040217e+02
  7.136181e-02,  1.066043e+02
  7.287804e-02,  1.099363e+02
  7.031174e-02,  1.092039e+02
  6.582606e-02,  1.043851e+02
  6.508534e-02,  1.021162e+02
  6.909463e-02,  1.065419e+02
  7.367697e-02,  1.120869e+02
  7.326787e-02,  1.135569e+02
  6.945475e-02,  1.115583e+02
  6.852919e-02,  1.099830e+02
  7.155211e-02,  1.099381e+02
  7.317739e-02,  1.087083e+02
  6.957515e-02,  1.055034e+02
  6.391791e-02,  1.026812e+02
  6.210033e-02,  1.024803e+02
  6.571774e-02,  1.033139e+02
  7.063383e-02,  1.033856e+02
  7.306606e-02,  1.037061e+02
  7.417159e-02,  1.048542e+02
  7.661449e-02,  1.052105e+02
  7.894957e-02,  1.038692e+02
  7.693357e-02,  1.024403e+02
  7.021999e-02,  1.025060e+02
  6.491698e-02,  1.032949e+02
  6.654308e-02,  1.028935e+02
  7.273516e-02,  1.026778e+02
  7.635240e-02,  1.051224e+02
  7.505905e-02,  1.094875e+02
  7.253806e-02,  1.115768e+02
  7.181722e-02,  1.084783e+02
  7.232505e-02,  1.035663e+02
  7.179045e-02,  1.016981e+02
  7.147801e-02,  1.032481e+02
  7.412429e-02,  1.047731e+02
  7.794161e-02,  1.045529e+02
  7.878056e-02,  1.045270e+02
  7.615423e-02,  1.064007e+02
  7.398032e-02,  1.088972e+02
  7.505332e-02,  1.091380e+02
  7.795941e-02,  1.070410e+02
  7.875213e-02,  1.050504e+02
  7.479125e-02,  1.047286e+02
  6.838258e-02,  1.059234e+02
  6.543298e-02,  1.071692e+02
  6.899848e-02,  1.068918e+02
  7.504705e-02,  1.054943e+02
  7.679239e-02,  1.045979e+02
  7.320044e-02,  1.055995e+02
  7.003994e-02,  1.084578e+02
  7.126149e-02,  1.104075e+02
  7.393607e-02,  1.092834e+02
  7.432887e-02,  1.062420e+02
  7.317777e-02,  1.041011e+02
  7.252067e-02,  1.049143e+02
  7.143800e-02,  1.075941e+02
  6.804821e-02,  1.090823e+02
  6.461167e-02,  1.075384e+02
  6.562385e-02,  1.048918e+02
  7.006896e-02,  1.044359e+02
  7.236928e-02,  1.054823e+02
  7.071880e-02,  1.056272e+02
  6.916995e-02,  1.049824e+02
  7.046037e-02,  1.060973e+02
  7.190969e-02,  1.086965e+02
  7.060310e-02,  1.093265e+02
  6.875570e-02,  1.067062e+02
  6.986592e-02,  1.045544e+02
  7.221579e-02,  1.054586e+02
  7.240476e-02,  1.063071e+02
  7.095114e-02,  1.042312e+02
  7.094095e-02,  1.020190e+02
  7.199778e-02,  1.039027e+02
  7.174249e-02,  1.082438e+02
  6.972759e-02,  1.103868e+02
  6.830469e-02,  1.090987e+02
  6.943398e-02,  1.073172e+02
  7.165118e-02,  1.064584e+02
  7.288395e-02,  1.050158e+02
  7.311988e-02,  1.030339e+02
  7.307515e-02,  1.029871e+02
  7.269186e-02,  1.058489e+02
  7.179524e-02,  1.092792e+02
  7.080290e-02,  1.103207e+02
  7.099448e-02,  1.083130e+02
  7.261679e-02,  1.053273e+02
  7.346038e-02,  1.039851e+02
  7.196841e-02,  1.051852e+02
  7.013141e-02,  1.073804e+02
  7.046791e-02,  1.077171e+02
  7.207206e-02,  1.057722e+02
  7.192201e-02,  1.039132e+02
  6.967422e-02,  1.037151e+02
  6.874606e-02,  1.044118e+02
  7.088444e-02,  1.044289e+02
  7.324081e-02,  1.035753e+02
  7.287442e-02,  1.023831e+02
  7.119793e-02,  1.014872e+02
  7.139436e-02,  1.022071e+02
  7.364197e-02,  1.050525e+02
  7.543136e-02,  1.081023e+02
  7.510526e-02,  1.090647e+02
  7.348901e-02,  1.081564e+02
  7.177171e-02,  1.077640e+02
  7.040082e-02,  1.085211e+02
  7.052836e-02,  1.083016e+02
  7.325384e-02,  1.066987e+02
  7.664951e-02,  1.063731e+02
  7.678107e-02,  1.080896e+02
  7.331158e-02,  1.091378e+02
  7.074356e-02,  1.073123e+02
  7.236421e-02,  1.054292e+02
  7.467629e-02,  1.068993e+02
  7.296631e-02,  1.096330e+02
  6.836748e-02,  1.091121e+02
  6.662958e-02,  1.048364e+02
  6.903578e-02,  1.025450e+02
  7.037180e-02,  1.046545e+02
  6.850162e-02,  1.072577e+02
  6.735507e-02,  1.059618e+02
  7.093339e-02,  1.018983e+02
  7.606572e-02,  9.958945e+01
  7.699327e-02,  9.966823e+01
  7.494386e-02,  1.002943e+02
  7.575355e-02,  1.005972e+02
  7.966044e-02,  1.012643e+02
  7.963732e-02,  1.024941e+02
  7.200272e-02,  1.035716e+02
  6.335929e-02,  1.038828e+02
  6.259321e-02,  1.037886e+02
  6.938325e-02,  1.041061e+02
  7.575925e-02,  1.048017e+02
  7.654170e-02,  1.057212e+02
  7.293478e-02,  1.067598e+02
  6.788657e-02,  1.074842e+02
  6.397046e-02,  1.078022e+02
  6.466371e-02,  1.085079e+02
  7.121668e-02,  1.093826e+02
  7.834746e-02,  1.086953e+02
  7.934888e-02,  1.060412e+02
  7.516365e-02,  1.036809e+02
  7.240202e-02,  1.049542e+02
  7.380304e-02,  1.082974e+02
  7.483567e-02,  1.084633e+02
  7.283939e-02,  1.047729e+02
  7.145220e-02,  1.019061e+02
  7.262824e-02,  1.028781e+02
  7.345912e-02,  1.037569e+02
  7.163035e-02,  1.011676e+02
  7.047740e-02,  9.886077e+01
  7.289861e-02,  1.024466e+02
  7.655066e-02,  1.087172e+02
  7.516671e-02,  1.108230e+02
  6.881102e-02,  1.071440e+02
  6.550853e-02,  1.027034e+02
  6.868569e-02,  1.028101e+02
  7.418464e-02,  1.041917e+02
  7.631597e-02,  1.031020e+02
  7.464654e-02,  1.011801e+02
  7.268315e-02,  1.015008e+02
  7.281835e-02,  1.031914e+02
  7.408568e-02,  1.035043e+02
  7.443803e-02,  1.033167e+02
  7.349018e-02,  1.048884e+02
  7.250145e-02,  1.069460e+02
  7.218157e-02,  1.063943e+02
  7.202431e-02,  1.040096e+02
  7.118675e-02,  1.032387e+02
  7.062062e-02,  1.043496e+02
  7.269774e-02,  1.044386e+02
  7.697406e-02,  1.033192e+02
  7.902311e-02,  1.038012e+02
  7.607296e-02,  1.064905e+02
  7.164299e-02,  1.086516e+02
  7.093510e-02,  1.079843e+02
  7.380916e-02,  1.066425e+02
  7.493871e-02,  1.068002e+02
  7.189894e-02,  1.070826e+02
  6.834145e-02,  1.059091e+02
  6.817791e-02,  1.052175e+02
  7.060910e-02,  1.074799e+02
  7.291136e-02,  1.109209e+02
  7.381092e-02,  1.123306e+02
  7.384753e-02,  1.113913e+02
  7.382935e-02,  1.101450e+02
  7.374154e-02,  1.090615e+02
  7.325863e-02,  1.064770e+02
  7.226248e-02,  1.022792e+02
  7.083902e-02,  9.950393e+01
  6.959150e-02,  1.010442e+02
  7.005140e-02,  1.055095e+02
  7.224764e-02,  1.080836e+02
  7.465812e-02,  1.063570e+02
  7.653746e-02,  1.027667e+02
  7.670513e-02,  1.013861e+02
  7.460092e-02,  1.033160e+02
  7.251424e-02,  1.054868e+02
  7.266198e-02,  1.045479e+02
  7.375919e-02,  1.022669e+02
  7.224966e-02,  1.027544e+02
  6.919756e-02,  1.061225e+02
  6.993324e-02,  1.075207e+02
  7.497300e-02,  1.050219e+02
  7.761105e-02,  1.033567e+02
  7.301829e-02,  1.057373e+02
  6.728061e-02,  1.094950e+02
  6.831314e-02,  1.083080e+02
  7.478548e-02,  1.036303e+02
  7.761071e-02,  1.014908e+02
  7.315627e-02,  1.027545e+02
  6.847057e-02,  1.043182e+02
  6.949835e-02,  1.041954e+02
  7.322658e-02,  1.049442e+02
  7.384657e-02,  1.076788e+02
  7.144521e-02,  1.094631e+02
  7.061966e-02,  1.078926e+02
  7.375349e-02,  1.058791e+02
  7.777857e-02,  1.064846e+02
  7.882260e-02,  1.076296e+02
  7.610755e-02,  1.065257e+02
  7.190386e-02,  1.045872e+02
  6.911760e-02,  1.054713e+02
  6.999332e-02,  1.080173e+02
  7.401342e-02,  1.075210e+02
  7.776234e-02,  1.045458e+02
  7.754305e-02,  1.035601e+02
  7.336259e-02,  1.058829e+02
  6.947743e-02,  1.077582e+02
  6.879821e-02,  1.062372e+02
  7.017985e-02,  1.049667e+02
  7.055245e-02,  1.074488e+02
  6.984631e-02,  1.107589e+02
  6.998635e-02,  1.098655e+02
  7.217380e-02,  1.057695e+02
  7.437467e-02,  1.038427e+02
  7.388202e-02,  1.055139e+02
  7.198634e-02,  1.078991e+02
  7.195725e-02,  1.086557e+02
  7.490286e-02,  1.086672e+02
  7.794670e-02,  1.090309e+02
  7.722468e-02,  1.089599e+02
  7.266493e-02,  1.078122e+02
  6.865730e-02,  1.065113e+02
  6.915980e-02,  1.060599e+02
  7.294949e-02,  1.056155e+02
  7.495732e-02,  1.044121e+02
  7.259680e-02,  1.033504e+02
  6.898529e-02,  1.037953e+02
  6.874299e-02,  1.054173e+02
  7.183885e-02,  1.061999e+02
  7.417263e-02,  1.054174e+02
  7.347164e-02,  1.038795e+02
  7.156155e-02,  1.024487e+02
  7.106522e-02,  1.016181e+02
  7.209750e-02,  1.018274e+02
  7.295630e-02,  1.032690e+02
  7.278082e-02,  1.048038e+02
  7.258651e-02,  1.040832e+02
  7.428116e-02,  1.008913e+02
  7.748937e-02,  9.934675e+01
  7.841789e-02,  1.028382e+02
  7.514465e-02,  1.090588e+02
  6.959502e-02,  1.109558e+02
  6.726590e-02,  1.044314e+02
  7.186273e-02,  9.786066e+01
  7.647687e-02,  9.959955e+01
  7.559289e-02,  1.062123e+02
  7.047821e-02,  1.096988e+02
  6.612749e-02,  1.063337e+02
  6.694419e-02,  1.021778e+02
  7.053827e-02,  1.028960e+02
  7.269149e-02,  1.050755e+02
  7.138454e-02,  1.049007e+02
  6.830524e-02,  1.041571e+02
  6.741884e-02,  1.061541e+02
  7.089721e-02,  1.086254e+02
  7.509340e-02,  1.076709e+02
  7.437734e-02,  1.046185e+02
  6.848969e-02,  1.027924e+02
  6.409111e-02,  1.026560e+02
  6.655262e-02,  1.014234e+02
  7.212801e-02,  9.946144e+01
  7.337941e-02,  1.001163e+02
  7.084649e-02,  1.039807e+02
  7.149013e-02,  1.065541e+02
  7.616248e-02,  1.046189e+02
  7.814347e-02,  1.023069e+02
  7.308061e-02,  1.041506e+02
  6.713360e-02,  1.093294e+02
  6.754904e-02,  1.110091e+02
  7.272027e-02,  1.077066e+02
  7.627294e-02,  1.053912e+02
  7.540220e-02,  1.063841e+02
  7.372366e-02,  1.071904e+02
  7.403889e-02,  1.047952e+02
  7.464430e-02,  1.025108e+02
  7.276729e-02,  1.042123e+02
  7.009014e-02,  1.076924e+02
  6.988732e-02,  1.073316e+02
  7.282841e-02,  1.034445e+02
  7.550668e-02,  1.014842e+02
  7.415831e-02,  1.028661e+02
  7.065605e-02,  1.044127e+02
  7.038070e-02,  1.034905e+02
  7.510167e-02,  1.018053e+02
  7.925947e-02,  1.016094e+02
  7.730379e-02,  1.027048e+02
  7.253039e-02,  1.044275e+02
  7.305447e-02,  1.057767e+02
  7.913952e-02,  1.054907e+02
  8.146296e-02,  1.041697e+02
  7.477412e-02,  1.038900e+02
  6.706485e-02,  1.063806e+02
  6.878446e-02,  1.093804e+02
  7.653301e-02,  1.099089e+02
  7.797676e-02,  1.100482e+02
  7.057076e-02,  1.110164e+02
  6.556240e-02,  1.093048e+02
  7.099291e-02,  1.041224e+02
  7.824430e-02,  1.029805e+02
  7.588870e-02,  1.079456e+02
  6.896599e-02,  1.111799e+02
  6.852968e-02,  1.032353e+02
  7.407543e-02,  9.659902e+01
  7.153311e-02,  1.049061e+02
  6.843654e-02,  1.182801e+02
  7.231573e-02,  1.098038e+02
  8.441592e-02,  9.173775e+01
  7.865807e-02,  9.214457e+01
  6.285422e-02,  1.148548e+02
  6.941202e-02,  1.146759e+02
  9.522930e-02,  9.094900e+01
  9.314425e-02,  8.834924e+01
  5.843175e-02,  1.248903e+02
  5.800929e-02,  1.353433e+02
  9.845247e-02,  8.415876e+01
  1.169244e-01,  7.608730e+01
  5.715526e-02,  1.426307e+02
  9.108087e-02,  -1.799195e+02
  1.053832e-01,  9.206358e+01
  1.882330e-01,  6.732596e+01
  5.045143e-02,  1.306231e+02
  1.738832e-01,  -1.518524e+02
  9.050455e-02,  1.053291e+02
  3.320563e-01,  5.958909e+01
  7.783276e-02,  7.866359e+01
  3.758603e-01,  -1.396516e+02
  1.116501e-01,  1.630989e+02
  6.724236e-01,  5.595035e+01
  1.820972e-01,  2.869913e+01
  1.065846e+00,  -1.769855e+02
  7.487122e-01,  1.076732e+02
  1.206079e+01,  -1.304633e+02
  3.251345e+01,  -1.279090e+02
  3.620646e+01,  -1.233741e+02
  3.038504e+01,  -1.168615e+02
  2.553461e+01,  -1.119330e+02
  2.345702e+01,  -1.069751e+02
  2.352465e+01,  -1.025252e+02
  2.482619e+01,  -9.991964e+01
  2.655940e+01,  -9.830714e+01
  2.812730e+01,  -9.706029e+01
  2.841434e+01,  -9.700607e+01
  2.638335e+01,  -9.941675e+01
  2.265973e+01,  -1.058703e+02
  1.899698e+01,  -1.180449e+02
  1.670961e+01,  -1.356877e+02
  1.638938e+01,  -1.551413e+02
  1.811823e+01,  -1.713022e+02
  2.111011e+01,  1.782643e+02
  2.347232e+01,  1.725059e+02
  2.360612e+01,  1.692934e+02
  2.179178e+01,  1.672733e+02
  1.906157e+01,  1.675414e+02
  1.614766e+01,  1.740463e+02
  1.449453e+01,  -1.716840e+02
  1.506535e+01,  -1.564376e+02
  1.722019e+01,  -1.439623e+02
  2.022226e+01,  -1.337672e+02
  2.254801e+01,  -1.287585e+02
  2.266866e+01,  -1.311803e+02
  2.133009e+01,  -1.400821e+02
  1.998499e+01,  -1.509397e+02
  1.845958e+01,  -1.598279e+02
  1.685721e+01,  -1.689351e+02
  1.708816e+01,  1.794846e+02
  1.961937e+01,  1.715262e+02
  2.237231e+01,  1.700690e+02
  2.470857e+01,  1.717079e+02
  2.706698e+01,  1.724316e+02
  2.858812e+01,  1.711084e+02
  2.862855e+01,  1.692337e+02
  2.769010e+01,  1.680295e+02
  2.617861e+01,  1.671441e+02
  2.459339e+01,  1.660899e+02
  2.365489e+01,  1.656644e+02
  2.332191e+01,  1.670303e+02
  2.327629e+01,  1.709687e+02
  2.371992e+01,  1.775683e+02
  2.440720e+01,  -1.749726e+02
  2.449051e+01,  -1.687756e+02
  2.397874e+01,  -1.648349e+02
  2.307352e+01,  -1.640591e+02
  2.109670e+01,  -1.684356e+02
  1.855571e+01,  1.788658e+02
  1.775224e+01,  1.595714e+02
  1.888929e+01,  1.424441e+02
  2.055471e+01,  1.300895e+02
  2.226857e+01,  1.220539e+02
  2.345323e+01,  1.185191e+02
  2.373588e+01,  1.191200e+02
  2.378879e+01,  1.235956e+02
  2.438332e+01,  1.310804e+02
  2.534570e+01,  1.396337e+02
  2.614827e+01,  1.474235e+02
  2.670702e+01,  1.527176e+02
  2.680083e+01,  1.539133e+02
  2.581230e+01,  1.514087e+02
  2.404209e+01,  1.484096e+02
  2.299737e+01,  1.471795e+02
  2.291944e+01,  1.436234e+02
  2.243645e+01,  1.338739e+02
  2.174539e+01,  1.222160e+02
  2.197466e+01,  1.141839e+02
  2.368935e+01,  1.064881e+02
  2.568984e+01,  9.730134e+01
  2.585814e+01,  9.314602e+01
  2.479147e+01,  9.862888e+01
  2.443532e+01,  1.072026e+02
  2.295624e+01,  1.098506e+02
  2.007197e+01,  1.066277e+02
  1.874506e+01,  1.015627e+02
  2.015485e+01,  9.772856e+01
  2.262217e+01,  9.508859e+01
  2.442398e+01,  9.247503e+01
  2.567041e+01,  8.883329e+01
  2.647054e+01,  8.388167e+01
  2.598320e+01,  7.861391e+01
  2.448752e+01,  7.570507e+01
  2.369778e+01,  7.686834e+01
  2.443156e+01,  7.872872e+01
  2.526246e+01,  7.922411e+01
  2.478786e+01,  8.114259e+01
  2.339779e+01,  8.512030e+01
  2.177866e+01,  8.762055e+01
  2.001362e+01,  8.717720e+01
  1.866595e+01,  8.594987e+01
  1.814681e+01,  8.409510e+01
  1.772997e+01,  7.945601e+01
  1.654738e+01,  7.278566e+01
  1.471581e+01,  6.786842e+01
  1.320326e+01,  6.547218e+01
  1.281745e+01,  5.945581e+01
  1.337374e+01,  4.755706e+01
  1.408272e+01,  3.474088e+01
  1.514854e+01,  2.337067e+01
  1.795222e+01,  1.569066e+01
  2.212626e+01,  1.342864e+01
  2.592283e+01,  1.499661e+01
  2.867748e+01,  1.894480e+01
  2.986888e+01,  2.448755e+01
  2.770558e+01,  3.218121e+01
  2.282038e+01,  4.479183e+01
  1.962896e+01,  6.078279e+01
  1.854418e+01,  7.264499e+01
  1.703027e+01,  8.445870e+01
  1.559949e+01,  9.762532e+01
  1.418530e+01,  1.001260e+02
  1.215442e+01,  8.964473e+01
  1.018356e+01,  7.746225e+01
  8.989463e+00,  6.617642e+01
  1.009573e+01,  4.719169e+01
  1.362752e+01,  2.832066e+01
  1.729485e+01,  1.603243e+01
  1.947872e+01,  8.824947e+00
  2.031108e+01,  5.199097e+00
  2.040379e+01,  3.575387e+00
  1.992322e+01,  2.186151e+00
  1.951082e+01,  1.773280e+00
  2.000608e+01,  4.220536e+00
  2.053589e+01,  7.323405e+00
  1.986805e+01,  8.075973e+00
  1.909283e+01,  6.740169e+00
  1.942220e+01,  5.667949e+00
  1.989401e+01,  5.917122e+00
  1.951021e+01,  7.113495e+00
  1.912233e+01,  8.543691e+00
  2.011794e+01,  9.266564e+00
  2.247923e+01,  9.465550e+00
  2.510323e+01,  9.973045e+00
  2.756444e+01,  1.028652e+01
  3.009760e+01,  9.697918e+00
  3.193749e+01,  8.935694e+00
  3.215960e+01,  7.974675e+00
  3.110026e+01,  4.990134e+00
  2.856253e+01,  -9.828560e-01
  2.403193e+01,  -1.030697e+01
  1.965772e+01,  -2.448514e+01
  1.845399e+01,  -3.985289e+01
  1.987097e+01,  -4.910613e+01
  2.186116e+01,  -5.309864e+01
  2.347035e+01,  -5.370879e+01
  2.430849e+01,  -5.055814e+01
  2.417084e+01,  -4.396073e+01
  2.299952e+01,  -3.584863e+01
  2.099907e+01,  -2.844333e+01
  1.930121e+01,  -2.344514e+01
  1.927054e+01,  -2.086416e+01
  2.030339e+01,  -1.799561e+01
  2.094032e+01,  -1.389850e+01
  2.144730e+01,  -1.218457e+01
  2.160286e+01,  -1.708440e+01
  2.030921e+01,  -2.875141e+01
  1.836399e+01,  -4.372954e+01
  1.683636e+01,  -5.751150e+01
  1.601705e+01,  -7.209490e+01
  1.643768e+01,  -8.809693e+01
  1.713383e+01,  -9.737733e+01
  1.716551e+01,  -9.607116e+01
  1.760854e+01,  -8.849668e+01
  1.844798e+01,  -8.110441e+01
  1.921672e+01,  -7.428787e+01
  2.075231e+01,  -6.667182e+01
  2.315720e+01,  -5.945011e+01
  2.481531e+01,  -5.416236e+01
  2.455764e+01,  -5.137793e+01
  2.341873e+01,  -5.053702e+01
  2.300121e+01,  -5.040080e+01
  2.277500e+01,  -5.216266e+01
  2.185403e+01,  -5.775296e+01
  2.121864e+01,  -6.511610e+01
  2.132714e+01,  -7.107495e+01
  2.143531e+01,  -7.651619e+01
  2.058873e+01,  -8.252268e+01
  1.819075e+01,  -8.796891e+01
  1.500860e+01,  -9.067770e+01
  1.254704e+01,  -8.880581e+01
  1.158867e+01,  -8.539943e+01
  1.190629e+01,  -8.761735e+01
  1.331289e+01,  -9.534720e+01
  1.583887e+01,  -1.007752e+02
  1.930031e+01,  -1.013527e+02
  2.397924e+01,  -1.014577e+02
  2.955588e+01,  -1.024692e+02
  3.384125e+01,  -1.009429e+02
  3.605327e+01,  -9.618742e+01
  2.918185e+01,  -9.687468e+01
  8.261765e+00,  -1.465269e+02
  1.035608e+01,  5.132158e+01
  2.996460e+00,  -1.426646e+02
  8.270147e-01,  -1.032685e+02
  1.043221e+00,  7.742062e+01
  5.630700e-01,  7.572216e+01
  4.860534e-01,  -1.056951e+02
  2.964474e-01,  -1.180284e+02
  4.080525e-01,  8.635956e+01
  3.357155e-01,  8.044528e+01
  1.510478e-01,  -1.090852e+02
  1.661664e-01,  -1.189850e+02
  1.919064e-01,  9.226390e+01
  2.390253e-01,  8.393337e+01
  2.376909e-02,  1.705080e+02
  7.901047e-02,  -1.335322e+02
  1.054189e-01,  1.025980e+02
  1.643033e-01,  8.814573e+01
  5.320547e-02,  1.019457e+02
  3.192712e-02,  -1.642281e+02
  6.887953e-02,  1.064485e+02
  1.222598e-01,  9.196416e+01
  7.759935e-02,  1.001399e+02
  4.253515e-02,  1.370532e+02
  6.304930e-02,  1.200126e+02
  9.430959e-02,  1.034289e+02
  8.158888e-02,  1.041844e+02
  5.769155e-02,  1.132527e+02
  6.402395e-02,  1.067859e+02
  8.324542e-02,  9.731091e+01
  7.986328e-02,  9.748027e+01
  6.511484e-02,  1.054794e+02
  6.664986e-02,  1.092616e+02
  7.771465e-02,  1.057255e+02
  7.773857e-02,  1.040967e+02
  6.765115e-02,  1.053345e+02
  6.476039e-02,  1.051168e+02
  7.262234e-02,  1.033102e+02
  7.890360e-02,  1.040342e+02
  7.690172e-02,  1.070675e+02
  7.230637e-02,  1.092822e+02
  7.100595e-02,  1.085698e+02
  7.260126e-02,  1.061463e+02
  7.460789e-02,  1.034372e+02
  7.643172e-02,  1.016448e+02
  7.759475e-02,  1.027003e+02
  7.706737e-02,  1.065863e+02
  7.506777e-02,  1.100158e+02
  7.332718e-02,  1.100098e+02
  7.387394e-02,  1.079541e+02
  7.582074e-02,  1.069455e+02
  7.604552e-02,  1.066464e+02
  7.367293e-02,  1.050912e+02
  7.166562e-02,  1.027882e+02
  7.259611e-02,  1.022813e+02
  7.449588e-02,  1.038054e+02
  7.296801e-02,  1.055087e+02
  6.756777e-02,  1.066013e+02
  6.383366e-02,  1.073345e+02
  6.643080e-02,  1.076945e+02
  7.254961e-02,  1.077271e+02
  7.522507e-02,  1.079268e+02
  7.211789e-02,  1.082450e+02
  6.781036e-02,  1.078252e+02
  6.737882e-02,  1.065841e+02
  7.060010e-02,  1.059868e+02
  7.382573e-02,  1.063191e+02
  7.521418e-02,  1.061111e+02
  7.568365e-02,  1.048175e+02
  7.592289e-02,  1.042411e+02
  7.513263e-02,  1.059295e+02
  7.315293e-02,  1.085336e+02
  7.116530e-02,  1.093669e+02
  7.065937e-02,  1.079972e+02
  7.215976e-02,  1.064964e+02
  7.473147e-02,  1.061682e+02
  7.653669e-02,  1.068368e+02
  7.567961e-02,  1.084472e+02
  7.231201e-02,  1.105688e+02
  6.968793e-02,  1.109413e+02
  7.128011e-02,  1.079074e+02
  7.617619e-02,  1.042030e+02
  7.880380e-02,  1.028372e+02
  7.638199e-02,  1.033427e+02
  7.243696e-02,  1.040137e+02
  7.104600e-02,  1.049939e+02
  7.153760e-02,  1.075541e+02
  7.078240e-02,  1.103860e+02
  6.795843e-02,  1.102681e+02
  6.568183e-02,  1.065351e+02
  6.621131e-02,  1.032829e+02
  6.849456e-02,  1.037866e+02
  7.063966e-02,  1.061895e+02
  7.132952e-02,  1.072032e+02
  7.095615e-02,  1.060350e+02
  7.170986e-02,  1.046738e+02
  7.403679e-02,  1.055486e+02
  7.456182e-02,  1.086076e+02
  6.993868e-02,  1.111996e+02
  6.295520e-02,  1.095646e+02
  6.184257e-02,  1.036138e+02
  6.833074e-02,  1.008749e+02
  7.322448e-02,  1.040774e+02
  6.944069e-02,  1.090429e+02
  6.051233e-02,  1.106752e+02
  5.686414e-02,  1.072336e+02
  6.269208e-02,  1.048013e+02
  7.028893e-02,  1.057444e+02
  7.144545e-02,  1.060420e+02
  6.746308e-02,  1.033905e+02
  6.636374e-02,  1.004713e+02
  7.170564e-02,  1.013829e+02
  7.916396e-02,  1.046062e+02
  8.181339e-02,  1.072888e+02
  7.798376e-02,  1.090179e+02
  7.325758e-02,  1.097568e+02
  7.379443e-02,  1.085572e+02
  7.915371e-02,  1.061498e+02
  8.248426e-02,  1.052003e+02
  7.870144e-02,  1.070485e+02
  7.119047e-02,  1.102156e+02
  6.718821e-02,  1.106326e+02
  6.909706e-02,  1.070659e+02
  7.230457e-02,  1.034394e+02
  7.155394e-02,  1.023851e+02
  6.841962e-02,  1.037544e+02
  6.772408e-02,  1.058078e+02
  6.965746e-02,  1.064938e+02
  7.090424e-02,  1.052886e+02
  7.115014e-02,  1.033972e+02
  7.252884e-02,  1.030196e+02
  7.396397e-02,  1.047716e+02
  7.188404e-02,  1.066266e+02
  6.690394e-02,  1.063769e+02
  6.477659e-02,  1.044217e+02
  6.792758e-02,  1.037861e+02
  7.179751e-02,  1.048755e+02
  7.192827e-02,  1.053289e+02
  6.928288e-02,  1.040573e+02
  6.661716e-02,  1.029657e+02
  6.420437e-02,  1.045651e+02
  6.275043e-02,  1.083609e+02
  6.486557e-02,  1.109909e+02
  7.084279e-02,  1.102909e+02
  7.699820e-02,  1.076435e+02
  7.955675e-02,  1.053347e+02
  7.819639e-02,  1.049167e+02
  7.436037e-02,  1.064271e+02
  6.902294e-02,  1.077665e+02
  6.461482e-02,  1.067237e+02
  6.556810e-02,  1.048139e+02
  7.211893e-02,  1.056982e+02
  7.787241e-02,  1.084384e+02
  7.683234e-02,  1.092800e+02
  7.150155e-02,  1.061860e+02
  6.989674e-02,  1.023535e+02
  7.381307e-02,  1.032936e+02
  7.825254e-02,  1.075244e+02
  7.841764e-02,  1.097374e+02
  7.471241e-02,  1.073253e+02
  7.153083e-02,  1.029397e+02
  7.035187e-02,  1.019209e+02
  6.995730e-02,  1.049550e+02
  6.969829e-02,  1.076594e+02
  6.935083e-02,  1.066963e+02
  6.934540e-02,  1.032212e+02
  6.976433e-02,  1.002603e+02
  7.040952e-02,  9.898276e+01
  7.164632e-02,  9.912788e+01
  7.357585e-02,  1.008367e+02
  7.523020e-02,  1.039670e+02
  7.534775e-02,  1.069135e+02
  7.420898e-02,  1.076384e+02
  7.418243e-02,  1.059075e+02
  7.636476e-02,  1.041550e+02
  7.789690e-02,  1.047260e+02
  7.598675e-02,  1.073622e+02
  7.233552e-02,  1.093425e+02
  7.087958e-02,  1.074598e+02
  7.275250e-02,  1.028367e+02
  7.430399e-02,  1.005081e+02
  7.267232e-02,  1.030929e+02
  7.080539e-02,  1.079188e+02
  7.134055e-02,  1.091983e+02
  7.276558e-02,  1.059966e+02
  7.263754e-02,  1.030605e+02
  7.102640e-02,  1.038418e+02
  7.130691e-02,  1.064926e+02
  7.444842e-02,  1.067571e+02
  7.695110e-02,  1.043920e+02
  7.539444e-02,  1.022829e+02
  7.097853e-02,  1.022935e+02
  6.885963e-02,  1.036471e+02
  7.161828e-02,  1.042921e+02
  7.579205e-02,  1.042947e+02
  7.645972e-02,  1.050895e+02
  7.369683e-02,  1.066393e+02
  7.188706e-02,  1.067669e+02
  7.319271e-02,  1.040783e+02
  7.499859e-02,  1.006944e+02
  7.444193e-02,  9.948501e+01
  7.338744e-02,  1.012528e+02
  7.467682e-02,  1.041551e+02
  7.572210e-02,  1.060790e+02
  7.238705e-02,  1.069376e+02
  6.704813e-02,  1.072781e+02
  6.631120e-02,  1.072737e+02
  7.105556e-02,  1.072985e+02
  7.486602e-02,  1.074771e+02
  7.367896e-02,  1.068714e+02
  7.117802e-02,  1.045842e+02
  7.185093e-02,  1.022458e+02
  7.385325e-02,  1.025338e+02
  7.358740e-02,  1.050491e+02
  7.185169e-02,  1.069484e+02
  7.121971e-02,  1.065527e+02
  7.131871e-02,  1.058889e+02
  7.032160e-02,  1.075147e+02
  6.996216e-02,  1.106555e+02
  7.336393e-02,  1.120517e+02
  7.917229e-02,  1.108015e+02
  8.212318e-02,  1.089254e+02
  7.932567e-02,  1.078242e+02
  7.391614e-02,  1.074854e+02
  7.080081e-02,  1.073480e+02
  7.099211e-02,  1.071635e+02
  7.190556e-02,  1.069690e+02
  7.155372e-02,  1.065000e+02
  7.049212e-02,  1.054344e+02
  7.005806e-02,  1.043686e+02
  7.024310e-02,  1.047607e+02
  7.010272e-02,  1.069242e+02
  6.927310e-02,  1.086000e+02
  6.827520e-02,  1.068772e+02
  6.820373e-02,  1.026246e+02
  6.875637e-02,  1.010866e+02
  6.878197e-02,  1.053956e+02
  6.878496e-02,  1.117058e+02
  6.813400e-02,  1.129342e+02
  6.731967e-02,  1.072410e+02
  6.932533e-02,  1.006947e+02
  7.338290e-02,  9.953710e+01
  7.573191e-02,  1.024337e+02
  7.320255e-02,  1.053187e+02
  6.772455e-02,  1.070969e+02
  6.638896e-02,  1.089694e+02
  7.189307e-02,  1.103454e+02
  7.713664e-02,  1.093593e+02
  7.485727e-02,  1.062244e+02
  6.828136e-02,  1.033124e+02
  6.606696e-02,  1.035069e+02
  6.990195e-02,  1.051523e+02
  7.270940e-02,  1.045593e+02
  7.054822e-02,  1.018627e+02
  6.827362e-02,  1.003197e+02
  7.053473e-02,  1.023346e+02
  7.425703e-02,  1.059071e+02
  7.341922e-02,  1.087825e+02
  6.875629e-02,  1.105589e+02
  6.631085e-02,  1.110588e+02
  6.785931e-02,  1.103137e+02
  6.952677e-02,  1.087959e+02
  6.983302e-02,  1.062509e+02
  7.242876e-02,  1.023549e+02
  7.797448e-02,  9.886810e+01
  7.949869e-02,  9.816244e+01
  7.244121e-02,  1.012089e+02
  6.413142e-02,  1.065987e+02
  6.460706e-02,  1.085543e+02
  7.306508e-02,  1.055451e+02
  7.957583e-02,  1.027289e+02
  7.801403e-02,  1.026337e+02
  7.367864e-02,  1.045059e+02
  7.345593e-02,  1.059094e+02
  7.570655e-02,  1.059472e+02
  7.521819e-02,  1.055255e+02
  7.264519e-02,  1.047156e+02
  7.288148e-02,  1.034008e+02
  7.595541e-02,  1.030766e+02
  7.652346e-02,  1.050185e+02
  7.314955e-02,  1.080919e+02
  7.098073e-02,  1.089580e+02
  7.369910e-02,  1.062611e+02
  7.750855e-02,  1.032420e+02
  7.660590e-02,  1.021308e+02
  7.298281e-02,  1.021451e+02
  7.316032e-02,  1.020588e+02
  7.707867e-02,  1.027390e+02
  7.811357e-02,  1.052996e+02
  7.435659e-02,  1.081338e+02
  7.194110e-02,  1.071589e+02
  7.575174e-02,  1.022220e+02
  8.053807e-02,  9.936830e+01
  7.788929e-02,  1.016176e+02
  7.060299e-02,  1.064284e+02
  6.768764e-02,  1.070685e+02
  7.188307e-02,  1.028427e+02
  7.679281e-02,  1.017181e+02
  7.659849e-02,  1.065864e+02
  7.423174e-02,  1.117619e+02
  7.236333e-02,  1.097841e+02
  7.079060e-02,  1.033489e+02
  6.752302e-02,  1.016159e+02
  6.494935e-02,  1.062581e+02
  6.822041e-02,  1.089041e+02
  7.514632e-02,  1.069163e+02
  7.868142e-02,  1.065364e+02
  7.500937e-02,  1.084542e+02
  6.802426e-02,  1.060336e+02
  6.521921e-02,  9.919485e+01
  6.806591e-02,  1.009677e+02
  7.434878e-02,  1.098543e+02
  7.843793e-02,  1.083236e+02
  7.843079e-02,  9.421396e+01
  7.445034e-02,  8.888340e+01
  6.761440e-02,  1.064217e+02
  7.185988e-02,  1.177560e+02
  7.690601e-02,  1.007663e+02
  8.277788e-02,  8.972341e+01
  7.630424e-02,  1.117233e+02
  7.901107e-02,  1.335545e+02
  6.818975e-02,  1.065015e+02
  8.418478e-02,  7.454664e+01
  7.593482e-02,  1.036592e+02
  9.565424e-02,  1.450553e+02
  6.738503e-02,  1.129263e+02
  1.087117e-01,  4.975905e+01
  6.735610e-02,  8.222547e+01
  1.462351e-01,  1.679235e+02
  8.932028e-02,  1.436854e+02
  2.095690e-01,  3.325128e+01
  1.186366e-01,  5.025061e+01
  3.759983e-01,  1.783312e+02
  1.827605e-01,  1.219800e+02
  3.795976e+00,  1.767636e+02
  1.081249e+01,  1.786515e+02
  1.444987e+01,  1.703761e+02
  1.579856e+01,  1.577069e+02
  1.687563e+01,  1.476613e+02
  1.688136e+01,  1.387828e+02
  1.591446e+01,  1.301152e+02
  1.447697e+01,  1.228018e+02
  1.264489e+01,  1.178455e+02
  1.057470e+01,  1.150492e+02
  8.794791e+00,  1.107604e+02
  7.819592e+00,  9.867927e+01
  8.088199e+00,  8.201746e+01
  9.300438e+00,  7.170644e+01
  1.084792e+01,  6.895434e+01
  1.247546e+01,  7.136478e+01
  1.403846e+01,  7.899157e+01
  1.560120e+01,  8.992127e+01
  1.695930e+01,  9.924082e+01
  1.782804e+01,  1.040903e+02
  1.855785e+01,  1.049806e+02
  1.913966e+01,  1.038678e+02
  1.900712e+01,  1.013723e+02
  1.834249e+01,  9.651721e+01
  1.751235e+01,  8.975984e+01
  1.588989e+01,  8.361457e+01
  1.320830e+01,  7.974249e+01
  1.033469e+01,  7.823929e+01
  7.709046e+00,  7.982780e+01
  5.349396e+00,  9.260511e+01
  4.697871e+00,  1.270358e+02
  6.379163e+00,  1.512895e+02
  8.475639e+00,  1.591097e+02
  1.059425e+01,  1.612854e+02
  1.260736e+01,  1.606613e+02
  1.380278e+01,  1.574991e+02
  1.402696e+01,  1.518442e+02
  1.390189e+01,  1.449930e+02
  1.359894e+01,  1.387005e+02
  1.272635e+01,  1.320863e+02
  1.127639e+01,  1.223862e+02
  9.702916e+00,  1.079059e+02
  8.431610e+00,  8.705300e+01
  8.408837e+00,  5.865123e+01
  1.052726e+01,  3.394344e+01
  1.356132e+01,  2.020137e+01
  1.588725e+01,  1.284183e+01
  1.677986e+01,  8.587052e+00
  1.605094e+01,  6.938215e+00
  1.392624e+01,  8.946823e+00
  1.122323e+01,  1.716981e+01
  9.111407e+00,  3.540073e+01
  8.765051e+00,  6.321158e+01
  1.069260e+01,  8.882040e+01
  1.401962e+01,  1.043745e+02
  1.746774e+01,  1.124596e+02
  2.033387e+01,  1.165632e+02
  2.246930e+01,  1.182622e+02
  2.357994e+01,  1.181642e+02
  2.295229e+01,  1.168180e+02
  2.041258e+01,  1.143897e+02
  1.705099e+01,  1.104745e+02
  1.399968e+01,  1.049218e+02
  1.138911e+01,  9.752657e+01
  9.451182e+00,  8.675011e+01
  9.050155e+00,  7.396972e+01
  1.011012e+01,  6.508432e+01
  1.128030e+01,  6.012412e+01
  1.130449e+01,  5.569627e+01
  9.882285e+00,  4.916779e+01
  7.683931e+00,  3.767243e+01
  5.975051e+00,  1.830078e+01
  5.890120e+00,  -2.258149e+00
  7.209189e+00,  -1.152357e+01
  8.920057e+00,  -1.420055e+01
  9.990093e+00,  -1.830375e+01
  9.954467e+00,  -2.806433e+01
  9.570566e+00,  -4.537254e+01
  1.023841e+01,  -6.619688e+01
  1.219666e+01,  -8.220618e+01
  1.436330e+01,  -9.232069e+01
  1.587443e+01,  -9.968140e+01
  1.657051e+01,  -1.063925e+02
  1.644275e+01,  -1.137584e+02
  1.582762e+01,  -1.226557e+02
  1.548660e+01,  -1.321302e+02
  1.541833e+01,  -1.412164e+02
  1.527808e+01,  -1.519572e+02
  1.558460e+01,  -1.642808e+02
  1.641187e+01,  -1.736885e+02
  1.696208e+01,  -1.785404e+02
  1.683539e+01,  -1.796033e+02
  1.584848e+01,  -1.762657e+02
  1.417533e+01,  -1.679276e+02
  1.244408e+01,  -1.564500e+02
  1.086770e+01,  -1.433879e+02
  9.808088e+00,  -1.265834e+02
  1.001615e+01,  -1.079260e+02
  1.116774e+01,  -9.349548e+01
  1.244844e+01,  -8.375354e+01
  1.362665e+01,  -7.826576e+01
  1.452144e+01,  -7.710840e+01
  1.468225e+01,  -7.875919e+01
  1.379318e+01,  -8.200059e+01
  1.211970e+01,  -8.718044e+01
  1.024147e+01,  -9.438452e+01
  8.402433e+00,  -1.025411e+02
  6.504199e+00,  -1.109583e+02
  4.593174e+00,  -1.187198e+02
  3.131056e+00,  -1.230377e+02
  2.740495e+00,  -1.253986e+02
  3.378302e+00,  -1.353761e+02
  4.397020e+00,  -1.503401e+02
  5.505262e+00,  -1.649952e+02
  7.091107e+00,  -1.782807e+02
  9.344175e+00,  1.673779e+02
  1.144407e+01,  1.499659e+02
  1.249435e+01,  1.300288e+02
  1.275984e+01,  1.114297e+02
  1.294863e+01,  9.962757e+01
  1.338106e+01,  9.494201e+01
  1.396210e+01,  9.432231e+01
  1.460550e+01,  9.796671e+01
  1.552580e+01,  1.051529e+02
  1.632454e+01,  1.111640e+02
  1.624013e+01,  1.137364e+02
  1.549082e+01,  1.144851e+02
  1.464451e+01,  1.151774e+02
  1.377689e+01,  1.156244e+02
  1.282959e+01,  1.151926e+02
  1.197717e+01,  1.143938e+02
  1.141047e+01,  1.141348e+02
  1.095968e+01,  1.143639e+02
  1.020527e+01,  1.143906e+02
  9.043318e+00,  1.140806e+02
  7.591535e+00,  1.140158e+02
  5.586354e+00,  1.146174e+02
  2.758051e+00,  1.161722e+02
  5.540411e-01,  -7.615740e+01
  3.897849e+00,  -6.777766e+01
  7.213931e+00,  -6.874875e+01
  1.012095e+01,  -7.164549e+01
  1.177044e+01,  -7.692542e+01
  1.154798e+01,  -8.582452e+01
  9.742979e+00,  -1.007813e+02
  7.580293e+00,  -1.260269e+02
  6.562615e+00,  -1.631610e+02
  7.383294e+00,  1.595101e+02
  9.431716e+00,  1.330650e+02
  1.184959e+01,  1.160018e+02
  1.413670e+01,  1.050041e+02
  1.600749e+01,  9.859171e+01
  1.723618e+01,  9.588675e+01
  1.779120e+01,  9.569124e+01
  1.800872e+01,  9.679480e+01
  1.848460e+01,  9.841648e+01
  1.946975e+01,  9.967472e+01
  2.030195e+01,  9.943812e+01
  1.993661e+01,  9.728392e+01
  1.808175e+01,  9.381995e+01
  1.530404e+01,  9.063972e+01
  1.221151e+01,  9.046233e+01
  9.324494e+00,  9.690446e+01
  7.519081e+00,  1.111023e+02
  7.002903e+00,  1.237214e+02
  6.536338e+00,  1.277021e+02
  5.398922e+00,  1.286681e+02
  4.174287e+00,  1.355647e+02
  3.895542e+00,  1.497982e+02
  4.748689e+00,  1.581632e+02
  6.245325e+00,  1.572699e+02
  8.062501e+00,  1.508536e+02
  1.002942e+01,  1.420746e+02
  1.201398e+01,  1.334928e+02
  1.388141e+01,  1.261465e+02
  1.560598e+01,  1.199909e+02
  1.734906e+01,  1.150954e+02
  1.925702e+01,  1.113996e+02
  2.103974e+01,  1.084250e+02
  2.192081e+01,  1.062296e+02
  2.130434e+01,  1.056374e+02
  1.927906e+01,  1.076403e+02
  1.634961e+01,  1.138515e+02
  1.334962e+01,  1.276447e+02
  1.166129e+01,  1.506519e+02
  1.176909e+01,  1.750227e+02
  1.255420e+01,  -1.658230e+02
  1.351293e+01,  -1.518600e+02
  1.446379e+01,  -1.430866e+02
  1.468668e+01,  -1.384715e+02
  1.410460e+01,  -1.370526e+02
  1.387734e+01,  -1.390406e+02
  1.455135e+01,  -1.427734e+02
  1.486285e+01,  -1.458062e+02
  1.386952e+01,  -1.484278e+02
  1.273886e+01,  -1.519095e+02
  1.227504e+01,  -1.563548e+02
  5.669436e+00,  1.775879e+02
  3.173479e+00,  2.249783e+01
  3.734566e-01,  -1.368186e+02
  5.265964e-01,  -1.684295e+02
  2.690369e-01,  5.694809e+01
  3.031461e-01,  3.322020e+01
  1.102173e-01,  -1.706682e+02
  2.081515e-01,  1.786513e+02
  1.282213e-01,  8.385726e+01
  1.641798e-01,  5.046741e+01
  5.463809e-02,  1.293686e+02
  1.146475e-01,  1.643425e+02
  8.845312e-02,  1.019151e+02
  1.105150e-01,  6.453783e+01
  6.220966e-02,  9.979915e+01
  7.884455e-02,  1.435160e+02
  7.606582e-02,  1.086720e+02
  8.751310e-02,  7.617793e+01
  6.923888e-02,  9.326184e+01
  7.468932e-02,  1.269510e+02
  7.936901e-02,  1.163702e+02
  7.871682e-02,  9.273131e+01
  7.049249e-02,  9.412150e+01
  7.121136e-02,  1.138295e+02
  8.158137e-02,  1.148172e+02
  8.450053e-02,  1.048017e+02
  7.804945e-02,  1.034603e+02
  7.199398e-02,  1.116857e+02
  7.233608e-02,  1.122778e+02
  7.324170e-02,  1.034764e+02
  7.076481e-02,  9.900237e+01
  6.657419e-02,  1.038403e+02
  6.660133e-02,  1.090439e+02
  6.868570e-02,  1.083848e+02
  6.980377e-02,  1.073235e+02
  7.064649e-02,  1.093042e+02
  7.232755e-02,  1.100489e+02
  7.368731e-02,  1.066830e+02
  7.504416e-02,  1.033972e+02
  7.776109e-02,  1.048237e+02
  8.065806e-02,  1.087053e+02
  7.813440e-02,  1.098788e+02
  6.922275e-02,  1.063545e+02
  6.340856e-02,  1.006403e+02
  6.790464e-02,  9.884451e+01
  7.710336e-02,  1.008237e+02
  7.951788e-02,  1.025805e+02
  7.275048e-02,  1.030587e+02
  6.640719e-02,  1.038006e+02
  6.814425e-02,  1.063356e+02
  7.395175e-02,  1.086323e+02
  7.536477e-02,  1.084023e+02
  7.173041e-02,  1.062318e+02
  6.910546e-02,  1.059580e+02
  7.055075e-02,  1.098302e+02
  7.287007e-02,  1.134029e+02
  7.149571e-02,  1.117749e+02
  6.839117e-02,  1.059820e+02
  6.801392e-02,  1.033938e+02
  7.078733e-02,  1.075064e+02
  7.437586e-02,  1.118267e+02
  7.502366e-02,  1.101917e+02
  7.332354e-02,  1.040374e+02
  7.119747e-02,  9.994205e+01
  6.829078e-02,  1.012805e+02
  6.572204e-02,  1.047881e+02
  6.556417e-02,  1.059003e+02
  6.852222e-02,  1.044194e+02
  7.203966e-02,  1.027207e+02
  7.272942e-02,  1.017284e+02
  7.147727e-02,  1.018448e+02
  7.223477e-02,  1.040205e+02
  7.544725e-02,  1.075746e+02
  7.630041e-02,  1.099415e+02
  7.209573e-02,  1.090797e+02
  6.793005e-02,  1.049646e+02
  6.956403e-02,  1.012375e+02
  7.415958e-02,  1.010059e+02
  7.484212e-02,  1.030894e+02
  7.092376e-02,  1.056821e+02
  6.900608e-02,  1.079365e+02
  7.327579e-02,  1.092513e+02
  7.865049e-02,  1.090228e+02
  7.736058e-02,  1.070250e+02
  7.004509e-02,  1.041877e+02
  6.533576e-02,  1.036097e+02
  6.912796e-02,  1.065234e+02
  7.737845e-02,  1.086853e+02
  8.081055e-02,  1.077580e+02
  7.613624e-02,  1.053499e+02
  6.804953e-02,  1.045408e+02
  6.305942e-02,  1.064551e+02
  6.377198e-02,  1.079153e+02
  6.788637e-02,  1.069433e+02
  7.150854e-02,  1.056830e+02
  7.221442e-02,  1.057562e+02
  7.102372e-02,  1.061332e+02
  7.099855e-02,  1.053717e+02
  7.325485e-02,  1.042042e+02
  7.521279e-02,  1.038774e+02
  7.421728e-02,  1.037650e+02
  7.141470e-02,  1.028780e+02
  6.994859e-02,  1.022734e+02
  7.035648e-02,  1.038014e+02
  7.045943e-02,  1.067104e+02
  6.883712e-02,  1.085485e+02
  6.671106e-02,  1.081838e+02
  6.619526e-02,  1.064919e+02
  6.778986e-02,  1.044595e+02
  7.046157e-02,  1.026093e+02
  7.229356e-02,  1.023996e+02
  7.134809e-02,  1.051219e+02
  6.811479e-02,  1.092737e+02
  6.584782e-02,  1.108795e+02
  6.771440e-02,  1.089536e+02
  7.236556e-02,  1.077759e+02
  7.417697e-02,  1.092947e+02
  7.095687e-02,  1.106351e+02
  6.714427e-02,  1.087297e+02
  6.815170e-02,  1.057643e+02
  7.242504e-02,  1.060214e+02
  7.422540e-02,  1.080502e+02
  7.132729e-02,  1.077908e+02
  6.734772e-02,  1.042722e+02
  6.644694e-02,  1.013738e+02
  6.816405e-02,  1.019802e+02
  6.993793e-02,  1.037867e+02
  7.034207e-02,  1.039278e+02
  7.039961e-02,  1.023455e+02
  7.206094e-02,  1.006853e+02
  7.526067e-02,  1.001208e+02
  7.693192e-02,  1.009251e+02
  7.386552e-02,  1.031621e+02
  6.744534e-02,  1.065169e+02
  6.373835e-02,  1.092261e+02
  6.686999e-02,  1.090643e+02
  7.363252e-02,  1.067787e+02
  7.657982e-02,  1.044929e+02
  7.292142e-02,  1.035359e+02
  6.778292e-02,  1.047008e+02
  6.714328e-02,  1.069448e+02
  7.026877e-02,  1.076855e+02
  7.220595e-02,  1.065784e+02
  7.113051e-02,  1.055160e+02
  6.950592e-02,  1.059872e+02
  6.948456e-02,  1.068566e+02
  7.019866e-02,  1.058244e+02
  7.068000e-02,  1.030381e+02
  7.201843e-02,  1.010771e+02
  7.487747e-02,  1.014580e+02
  7.694762e-02,  1.027993e+02
  7.469159e-02,  1.036056e+02
  6.861419e-02,  1.042485e+02
  6.403722e-02,  1.054795e+02
  6.472763e-02,  1.060849e+02
  6.819036e-02,  1.049922e+02
  6.980885e-02,  1.041885e+02
  6.940966e-02,  1.061598e+02
  7.074277e-02,  1.094905e+02
  7.425729e-02,  1.095022e+02
  7.651583e-02,  1.055939e+02
  7.579896e-02,  1.023692e+02
  7.375863e-02,  1.042621e+02
  7.376365e-02,  1.096106e+02
  7.517461e-02,  1.120068e+02
  7.452871e-02,  1.091621e+02
  7.136648e-02,  1.046045e+02
  6.703521e-02,  1.033278e+02
  6.385138e-02,  1.068342e+02
  6.432945e-02,  1.111429e+02
  6.842715e-02,  1.114802e+02
  7.431090e-02,  1.082385e+02
  7.905522e-02,  1.052185e+02
  7.914885e-02,  1.049958e+02
  7.373214e-02,  1.074280e+02
  6.630209e-02,  1.101354e+02
  6.256527e-02,  1.098069e+02
  6.598904e-02,  1.062607e+02
  7.315719e-02,  1.032663e+02
  7.595459e-02,  1.028982e+02
  7.145746e-02,  1.048350e+02
  6.594151e-02,  1.072686e+02
  6.652877e-02,  1.074280e+02
  7.195097e-02,  1.057290e+02
  7.490210e-02,  1.050453e+02
  7.289091e-02,  1.065532e+02
  7.142621e-02,  1.088533e+02
  7.411100e-02,  1.092302e+02
  7.672807e-02,  1.073662e+02
  7.469955e-02,  1.048993e+02
  7.077880e-02,  1.034517e+02
  7.015109e-02,  1.038409e+02
  7.143983e-02,  1.050245e+02
  6.962478e-02,  1.058733e+02
  6.619941e-02,  1.068949e+02
  6.789613e-02,  1.088511e+02
  7.483193e-02,  1.102803e+02
  7.847102e-02,  1.094139e+02
  7.446734e-02,  1.063976e+02
  6.925899e-02,  1.037839e+02
  7.012590e-02,  1.046141e+02
  7.578669e-02,  1.067483e+02
  7.958918e-02,  1.066634e+02
  7.916460e-02,  1.049250e+02
  7.712692e-02,  1.047294e+02
  7.512939e-02,  1.073256e+02
  7.277994e-02,  1.101201e+02
  7.071943e-02,  1.106199e+02
  7.136583e-02,  1.094401e+02
  7.439343e-02,  1.081388e+02
  7.564075e-02,  1.063517e+02
  7.272453e-02,  1.038186e+02
  6.859981e-02,  1.028544e+02
  6.803841e-02,  1.055885e+02
  7.175509e-02,  1.086243e+02
  7.475363e-02,  1.078216e+02
  7.340846e-02,  1.045952e+02
  6.967179e-02,  1.036777e+02
  6.830055e-02,  1.066448e+02
  7.098346e-02,  1.082945e+02
  7.410580e-02,  1.055934e+02
  7.452627e-02,  1.028138e+02
  7.232151e-02,  1.046769e+02
  7.014057e-02,  1.089718e+02
  6.838202e-02,  1.088840e+02
  6.686899e-02,  1.042080e+02
  6.676204e-02,  1.027323e+02
  6.842932e-02,  1.075854e+02
  7.072236e-02,  1.114395e+02
  7.125511e-02,  1.086604e+02
  7.244377e-02,  1.036875e+02
  7.567951e-02,  1.040891e+02
  7.815285e-02,  1.082533e+02
  7.606686e-02,  1.094209e+02
  7.134547e-02,  1.061352e+02
  7.058239e-02,  1.044221e+02
  7.453207e-02,  1.075941e+02
  7.726991e-02,  1.102374e+02
  7.420931e-02,  1.087494e+02
  6.948431e-02,  1.062117e+02
  6.894774e-02,  1.077935e+02
  7.265802e-02,  1.113430e+02
  7.537582e-02,  1.115141e+02
  7.417900e-02,  1.082307e+02
  7.127608e-02,  1.046460e+02
  6.981493e-02,  1.022585e+02
  7.096537e-02,  1.003686e+02
  7.286524e-02,  9.988555e+01
  7.280800e-02,  1.027122e+02
  7.137566e-02,  1.077266e+02
  7.121320e-02,  1.104109e+02
  7.295041e-02,  1.084440e+02
  7.465531e-02,  1.046395e+02
  7.415945e-02,  1.021399e+02
  7.303086e-02,  1.016487e+02
  7.465639e-02,  1.026633e+02
  7.843764e-02,  1.043785e+02
  7.978208e-02,  1.058310e+02
  7.614888e-02,  1.063187e+02
  7.060835e-02,  1.061158e+02
  6.830107e-02,  1.063560e+02
  7.074988e-02,  1.068854e+02
  7.460097e-02,  1.062444e+02
  7.560512e-02,  1.046626e+02
  7.315608e-02,  1.041641e+02
  7.091131e-02,  1.056346e+02
  7.242132e-02,  1.066154e+02
  7.613835e-02,  1.052387e+02
  7.697078e-02,  1.038029e+02
  7.253227e-02,  1.051667e+02
  6.711314e-02,  1.085683e+02
  6.644064e-02,  1.092175e+02
  7.122999e-02,  1.058385e+02
  7.711948e-02,  1.028164e+02
  7.909429e-02,  1.023892e+02
  7.672310e-02,  1.034421e+02
  7.301769e-02,  1.049923e+02
  7.075283e-02,  1.075777e+02
  7.075025e-02,  1.102969e+02
  7.179611e-02,  1.099892e+02
  7.261261e-02,  1.063329e+02
  7.281344e-02,  1.038014e+02
  7.222616e-02,  1.059539e+02
  7.162154e-02,  1.102077e+02
  7.046986e-02,  1.114370e+02
  6.789321e-02,  1.090313e+02
  6.492338e-02,  1.063778e+02
  6.419063e-02,  1.051892e+02
  6.838014e-02,  1.039367e+02
  7.624036e-02,  1.024765e+02
  8.144205e-02,  1.028022e+02
  7.908601e-02,  1.057364e+02
  7.285293e-02,  1.096510e+02
  7.110621e-02,  1.105972e+02
  7.647918e-02,  1.077954e+02
  8.186072e-02,  1.058094e+02
  7.917224e-02,  1.076617e+02
  7.112277e-02,  1.121891e+02
  6.615018e-02,  1.130412e+02
  6.747180e-02,  1.067221e+02
  7.169435e-02,  1.007405e+02
  7.330872e-02,  1.015410e+02
  7.365288e-02,  1.066050e+02
  7.493248e-02,  1.083821e+02
  7.521308e-02,  1.056102e+02
  7.329557e-02,  1.045250e+02
  7.104395e-02,  1.083595e+02
  7.071508e-02,  1.113971e+02
  7.040829e-02,  1.083110e+02
  6.913536e-02,  1.030214e+02
  6.758697e-02,  1.019883e+02
  6.736915e-02,  1.042288e+02
  6.856186e-02,  1.040008e+02
  6.989616e-02,  1.015996e+02
  7.082620e-02,  1.021699e+02
  7.143015e-02,  1.060194e+02
  7.131182e-02,  1.075025e+02
  7.102114e-02,  1.038930e+02
  7.335597e-02,  1.001659e+02
  7.764936e-02,  1.015679e+02
  8.028624e-02,  1.057620e+02
  7.871439e-02,  1.076463e+02
  7.521769e-02,  1.057492e+02
  7.384016e-02,  1.036503e+02
  7.348365e-02,  1.047001e+02
  7.100953e-02,  1.070663e+02
  6.720053e-02,  1.072456e+02
  6.604065e-02,  1.053959e+02
  6.835330e-02,  1.052227e+02
  7.104692e-02,  1.070993e+02
  7.253677e-02,  1.074661e+02
  7.381285e-02,  1.047852e+02
  7.435978e-02,  1.023693e+02
  7.152172e-02,  1.035126e+02
  6.711476e-02,  1.067973e+02
  6.675436e-02,  1.072501e+02
  7.201933e-02,  1.042540e+02
  7.709887e-02,  1.029124e+02
  7.589476e-02,  1.056135e+02
  7.073685e-02,  1.097280e+02
  6.764446e-02,  1.092967e+02
  6.949527e-02,  1.029462e+02
  7.396904e-02,  9.729222e+01
  7.560116e-02,  9.719514e+01
  7.332389e-02,  1.015447e+02
  7.003909e-02,  1.054671e+02
  6.837692e-02,  1.053347e+02
  6.997381e-02,  1.035412e+02
  7.349935e-02,  1.044944e+02
  7.584121e-02,  1.077753e+02
  7.524840e-02,  1.097628e+02
  7.263252e-02,  1.086351e+02
  7.017900e-02,  1.062116e+02
  6.844760e-02,  1.047376e+02
  6.733456e-02,  1.034755e+02
  6.783328e-02,  1.013945e+02
  7.074924e-02,  1.004032e+02
  7.498899e-02,  1.019968e+02
  7.807236e-02,  1.040796e+02
  7.724476e-02,  1.044309e+02
  7.214401e-02,  1.042619e+02
  6.656261e-02,  1.063884e+02
  6.581582e-02,  1.094374e+02
  6.996769e-02,  1.088146e+02
  7.318558e-02,  1.059161e+02
  7.057488e-02,  1.058701e+02
  6.532751e-02,  1.099455e+02
  6.487865e-02,  1.116209e+02
  7.041019e-02,  1.065198e+02
  7.628224e-02,  1.013572e+02
  7.569740e-02,  1.019994e+02
  7.116452e-02,  1.073034e+02
  6.970186e-02,  1.106086e+02
  7.263580e-02,  1.089389e+02
  7.625835e-02,  1.068030e+02
  7.650402e-02,  1.065003e+02
  7.384310e-02,  1.058328e+02
  7.158950e-02,  1.038675e+02
  7.102058e-02,  1.036759e+02
  7.034041e-02,  1.064725e+02
  6.772176e-02,  1.085567e+02
  6.380274e-02,  1.069929e+02
  6.234064e-02,  1.047013e+02
  6.607699e-02,  1.058291e+02
  7.385021e-02,  1.076121e+02
  8.048014e-02,  1.061938e+02
  8.125137e-02,  1.030006e+02
  7.572189e-02,  1.019002e+02
  6.874048e-02,  1.043822e+02
  6.674813e-02,  1.066620e+02
  7.071213e-02,  1.051055e+02
  7.542870e-02,  1.025546e+02
  7.468687e-02,  1.026096e+02
  6.914356e-02,  1.056868e+02
  6.603219e-02,  1.090264e+02
  6.958654e-02,  1.090900e+02
  7.598400e-02,  1.065046e+02
  7.824045e-02,  1.039352e+02
  7.461529e-02,  1.032348e+02
  7.002262e-02,  1.052916e+02
  6.906177e-02,  1.080920e+02
  7.084848e-02,  1.076830e+02
  7.286423e-02,  1.035119e+02
  7.459430e-02,  9.953983e+01
  7.520945e-02,  9.980155e+01
  7.389706e-02,  1.034330e+02
  7.103710e-02,  1.056897e+02
  6.831840e-02,  1.039183e+02
  6.754809e-02,  1.016146e+02
  6.781195e-02,  1.034256e+02
  6.810678e-02,  1.080493e+02
  6.866212e-02,  1.104887e+02
  6.982628e-02,  1.090228e+02
  7.121881e-02,  1.068007e+02
  7.124054e-02,  1.066111e+02
  6.950038e-02,  1.077594e+02
  6.754140e-02,  1.080812e+02
  6.740371e-02,  1.068725e+02
  6.994108e-02,  1.054043e+02
  7.345170e-02,  1.049398e+02
  7.468966e-02,  1.054788e+02
  7.267364e-02,  1.061562e+02
  7.086642e-02,  1.058443e+02
  7.298964e-02,  1.045053e+02
  7.681515e-02,  1.038907e+02
  7.635170e-02,  1.054083e+02
  7.126505e-02,  1.088147e+02
  6.834276e-02,  1.116131e+02
  7.149222e-02,  1.110276e+02
  7.599593e-02,  1.081320e+02
  7.530952e-02,  1.049463e+02
  7.058029e-02,  1.022422e+02
  6.813101e-02,  1.012356e+02
  6.940244e-02,  1.031632e+02
  7.021624e-02,  1.070926e+02
  6.890188e-02,  1.104364e+02
  6.888279e-02,  1.106116e+02
  7.209990e-02,  1.083412e+02
  7.408094e-02,  1.069822e+02
  7.039658e-02,  1.077213e+02
  6.496998e-02,  1.089778e+02
  6.540591e-02,  1.085049e+02
  7.204813e-02,  1.071129e+02
  7.680150e-02,  1.069335e+02
  7.444903e-02,  1.082157e+02
  7.029017e-02,  1.099038e+02
  7.242694e-02,  1.104832e+02
  7.960071e-02,  1.097773e+02
  8.198644e-02,  1.084202e+02
  7.460989e-02,  1.061376e+02
  6.497692e-02,  1.026213e+02
  6.363850e-02,  1.002274e+02
  7.089764e-02,  1.017598e+02
  7.818819e-02,  1.057604e+02
  7.925077e-02,  1.094161e+02
  7.573931e-02,  1.098019e+02
  7.325797e-02,  1.060067e+02
  7.423338e-02,  1.025509e+02
  7.567649e-02,  1.039609e+02
  7.492518e-02,  1.081363e+02
  7.155304e-02,  1.092154e+02
  6.813876e-02,  1.051225e+02
  6.879931e-02,  1.015894e+02
  7.292529e-02,  1.034690e+02
  7.602272e-02,  1.066662e+02
  7.401018e-02,  1.059945e+02
  6.970401e-02,  1.021124e+02
  6.900032e-02,  1.009922e+02
  7.225717e-02,  1.047974e+02
  7.445408e-02,  1.086730e+02
  7.208980e-02,  1.091279e+02
  6.928008e-02,  1.068648e+02
  7.113732e-02,  1.050851e+02
  7.564883e-02,  1.051286e+02
  7.711617e-02,  1.057396e+02
  7.420004e-02,  1.060648e+02
  7.102452e-02,  1.061392e+02
  7.105804e-02,  1.060706e+02
  7.310228e-02,  1.058811e+02
  7.370828e-02,  1.059436e+02
  7.155108e-02,  1.066637e+02
  6.862567e-02,  1.076143e+02
  6.759579e-02,  1.077199e+02
  6.859124e-02,  1.071194e+02
  6.932855e-02,  1.072812e+02
  6.884860e-02,  1.084621e+02
  6.927659e-02,  1.087050e+02
  7.206417e-02,  1.066672e+02
  7.461513e-02,  1.042073e+02
  7.348505e-02,  1.035761e+02
  7.050174e-02,  1.045458e+02
  7.046285e-02,  1.046567e+02
  7.334998e-02,  1.028202e+02
  7.431166e-02,  1.009458e+02
  7.142364e-02,  1.011798e+02
  6.912356e-02,  1.040866e+02
  7.142125e-02,  1.073577e+02
  7.571731e-02,  1.080068e+02
  7.717421e-02,  1.057092e+02
  7.514714e-02,  1.026033e+02
  7.236626e-02,  1.021526e+02
  7.157955e-02,  1.055650e+02
  7.344798e-02,  1.091558e+02
  7.550015e-02,  1.092160e+02
  7.517960e-02,  1.066710e+02
  7.218135e-02,  1.047026e+02
  6.875673e-02,  1.046996e+02
  6.809953e-02,  1.055145e+02
  7.111005e-02,  1.063349e+02
  7.563950e-02,  1.073870e+02
  7.821514e-02,  1.074602e+02
  7.651520e-02,  1.048727e+02
  7.178353e-02,  1.012369e+02
  6.804632e-02,  1.019638e+02
  6.970065e-02,  1.081312e+02
  7.558224e-02,  1.118070e+02
  7.827442e-02,  1.089483e+02
  7.555679e-02,  1.039309e+02
  7.143437e-02,  1.036420e+02
  7.098379e-02,  1.085000e+02
  7.326004e-02,  1.109824e+02
  7.289900e-02,  1.085482e+02
  6.993253e-02,  1.060117e+02
  6.845899e-02,  1.074619e+02
  7.042736e-02,  1.096464e+02
  7.271171e-02,  1.080473e+02
  7.315945e-02,  1.044357e+02
  7.327351e-02,  1.032221e+02
  7.476564e-02,  1.048830e+02
  7.618072e-02,  1.060566e+02
  7.471163e-02,  1.053902e+02
  7.125451e-02,  1.043411e+02
  6.957685e-02,  1.039179e+02
  7.097875e-02,  1.036364e+02
  7.226871e-02,  1.038682e+02
  7.035591e-02,  1.057561e+02
  6.697326e-02,  1.083621e+02
  6.627903e-02,  1.086674e+02
  6.956111e-02,  1.069324e+02
  7.369393e-02,  1.069080e+02
  7.501575e-02,  1.089490e+02
  7.316158e-02,  1.091656e+02
  7.062175e-02,  1.050944e+02
  7.004276e-02,  1.007953e+02
  7.090938e-02,  1.018359e+02
  7.232088e-02,  1.069118e+02
  7.325144e-02,  1.105400e+02
  7.267618e-02,  1.105155e+02
  7.193296e-02,  1.085087e+02
  7.263233e-02,  1.061492e+02
  7.417392e-02,  1.039628e+02
  7.439374e-02,  1.033259e+02
  7.253325e-02,  1.056032e+02
  7.048953e-02,  1.088258e+02
  6.969268e-02,  1.086767e+02
  7.004784e-02,  1.051620e+02
  7.055569e-02,  1.033188e+02
  7.015578e-02,  1.056074e+02
  6.905177e-02,  1.084028e+02
  6.755886e-02,  1.075200e+02
  6.717837e-02,  1.046561e+02
  6.928477e-02,  1.048441e+02
  7.350548e-02,  1.080552e+02
  7.725476e-02,  1.095019e+02
  7.773007e-02,  1.070245e+02
  7.552092e-02,  1.033679e+02
  7.308651e-02,  1.029648e+02
  7.290842e-02,  1.063639e+02
  7.522984e-02,  1.090710e+02
  7.696651e-02,  1.079189e+02
  7.560200e-02,  1.043796e+02
  7.128662e-02,  1.018404e+02
  6.673494e-02,  1.023270e+02
  6.544783e-02,  1.046128e+02
  6.784378e-02,  1.057908e+02
  7.062608e-02,  1.052038e+02
  7.069788e-02,  1.043200e+02
  6.886795e-02,  1.045228e+02
  6.879718e-02,  1.057876e+02
  7.149399e-02,  1.065336e+02
  7.302351e-02,  1.057151e+02
  6.997136e-02,  1.038024e+02
  6.502960e-02,  1.017763e+02
  6.393003e-02,  1.003048e+02
  6.747608e-02,  9.961689e+01
  7.046732e-02,  1.004224e+02
  6.961575e-02,  1.037563e+02
  6.821575e-02,  1.085332e+02
  6.968163e-02,  1.105928e+02
  7.223676e-02,  1.083584e+02
  7.306412e-02,  1.049289e+02
  7.235098e-02,  1.034525e+02
  7.188469e-02,  1.040710e+02
  7.084665e-02,  1.049737e+02
  6.735434e-02,  1.054124e+02
  6.396955e-02,  1.054337e+02
  6.589533e-02,  1.042583e+02
  7.300818e-02,  1.021749e+02
  7.833919e-02,  1.015177e+02
  7.690426e-02,  1.039690e+02
  7.241159e-02,  1.083671e+02
  7.090375e-02,  1.101240e+02
  7.309952e-02,  1.074045e+02
  7.566039e-02,  1.043713e+02
  7.561816e-02,  1.044644e+02
  7.370849e-02,  1.067152e+02
  7.170654e-02,  1.081374e+02
  6.990144e-02,  1.082718e+02
  6.820376e-02,  1.093289e+02
  6.731543e-02,  1.117559e+02
  6.828372e-02,  1.126247e+02
  7.162347e-02,  1.097881e+02
  7.671172e-02,  1.052213e+02
  8.026814e-02,  1.021898e+02
  7.878075e-02,  1.018482e+02
  7.331235e-02,  1.034792e+02
  6.902823e-02,  1.051034e+02
  6.922255e-02,  1.046733e+02
  7.155538e-02,  1.027693e+02
  7.144084e-02,  1.016849e+02
  6.883132e-02,  1.024832e+02
  6.879823e-02,  1.034865e+02
  7.394416e-02,  1.021587e+02
  8.006750e-02,  9.945992e+01
  8.106886e-02,  9.816686e+01
  7.684229e-02,  9.968744e+01
  7.313672e-02,  1.028887e+02
  7.312146e-02,  1.050867e+02
  7.417109e-02,  1.060828e+02
  7.317912e-02,  1.078642e+02
  7.069744e-02,  1.108904e+02
  6.874285e-02,  1.128291e+02
  6.781707e-02,  1.111025e+02
  6.837288e-02,  1.061137e+02
  7.102321e-02,  1.014577e+02
  7.394493e-02,  1.006845e+02
  7.420771e-02,  1.040737e+02
  7.170715e-02,  1.086319e+02
  6.939475e-02,  1.096878e+02
  7.050691e-02,  1.057288e+02
  7.452455e-02,  1.016443e+02
  7.675309e-02,  1.016860e+02
  7.564076e-02,  1.044896e+02
  7.362953e-02,  1.055732e+02
  7.217545e-02,  1.031204e+02
  7.036972e-02,  1.006031e+02
  6.754919e-02,  1.015734e+02
  6.612838e-02,  1.050688e+02
  6.744444e-02,  1.075836e+02
  6.877354e-02,  1.085526e+02
  6.760861e-02,  1.093237e+02
  6.572362e-02,  1.091080e+02
  6.692468e-02,  1.063134e+02
  7.165989e-02,  1.028598e+02
  7.594888e-02,  1.016889e+02
  7.688829e-02,  1.026017e+02
  7.530250e-02,  1.035563e+02
  7.242737e-02,  1.036727e+02
  6.850117e-02,  1.041530e+02
  6.538130e-02,  1.060985e+02
  6.646749e-02,  1.085843e+02
  7.121313e-02,  1.099165e+02
  7.375449e-02,  1.096139e+02
  7.077792e-02,  1.074348e+02
  6.753549e-02,  1.038177e+02
  7.032617e-02,  1.019722e+02
  7.606109e-02,  1.034108e+02
  7.642752e-02,  1.051058e+02
  7.024484e-02,  1.040162e+02
  6.571884e-02,  1.011460e+02
  6.751783e-02,  1.019562e+02
  7.076593e-02,  1.067665e+02
  6.948132e-02,  1.102855e+02
  6.448043e-02,  1.085958e+02
  6.146166e-02,  1.033979e+02
  6.154910e-02,  1.007001e+02
  6.272341e-02,  1.017737e+02
  6.622617e-02,  1.033014e+02
  7.252556e-02,  1.036663e+02
  7.655749e-02,  1.041379e+02
  7.338846e-02,  1.053807e+02
  6.662949e-02,  1.061701e+02
  6.440608e-02,  1.048235e+02
  6.810416e-02,  1.026292e+02
  7.156520e-02,  1.021991e+02
  7.194367e-02,  1.040707e+02
  7.322721e-02,  1.066802e+02
  7.703147e-02,  1.076688e+02
  7.870678e-02,  1.066021e+02
  7.557608e-02,  1.046451e+02
  7.186085e-02,  1.037133e+02
  7.151781e-02,  1.056437e+02
  7.177623e-02,  1.095070e+02
  6.823752e-02,  1.118942e+02
  6.335738e-02,  1.093438e+02
  6.421896e-02,  1.036323e+02
  7.021001e-02,  1.020539e+02
  7.378623e-02,  1.051989e+02
  7.233765e-02,  1.075836e+02
  7.035449e-02,  1.050369e+02
  7.236505e-02,  1.011203e+02
  7.519728e-02,  1.019944e+02
  7.459955e-02,  1.065910e+02
  7.152127e-02,  1.095825e+02
  6.929982e-02,  1.087039e+02
  6.938068e-02,  1.075283e+02
  7.006452e-02,  1.085470e+02
  7.054846e-02,  1.094114e+02
  7.186040e-02,  1.085175e+02
  7.405888e-02,  1.081387e+02
  7.505102e-02,  1.094354e+02
  7.340173e-02,  1.094995e+02
  7.039984e-02,  1.058374e+02
  6.856542e-02,  1.014349e+02
  6.816988e-02,  1.013020e+02
  6.929538e-02,  1.045051e+02
  7.191789e-02,  1.060100e+02
  7.389700e-02,  1.050069e+02
  7.279151e-02,  1.050276e+02
  6.963360e-02,  1.072777e+02
  6.899580e-02,  1.079427e+02
  7.279117e-02,  1.047699e+02
  7.671299e-02,  1.020478e+02
  7.501828e-02,  1.030743e+02
  6.967167e-02,  1.057464e+02
  6.707457e-02,  1.055173e+02
  6.900065e-02,  1.036018e+02
  7.147881e-02,  1.051675e+02
  7.272271e-02,  1.091860e+02
  7.428513e-02,  1.096827e+02
  7.588324e-02,  1.060008e+02
  7.508716e-02,  1.043571e+02
  7.243945e-02,  1.076101e+02
  7.180800e-02,  1.099170e+02
  7.164783e-02,  1.060340e+02
  6.910127e-02,  1.005189e+02
  6.739343e-02,  1.006539e+02
  7.335696e-02,  1.051330e+02
  8.088939e-02,  1.069481e+02
  7.634932e-02,  1.069126e+02
  6.528196e-02,  1.088131e+02
  6.687809e-02,  1.102686e+02
  7.756437e-02,  1.071338e+02
  7.316855e-02,  1.039827e+02
  5.593945e-02,  1.061668e+02
  6.010942e-02,  1.102157e+02
  8.499056e-02,  1.062283e+02
  8.364421e-02,  1.026884e+02
  4.990439e-02,  1.099486e+02
  5.258441e-02,  1.236020e+02
  1.022705e-01,  1.111715e+02
  1.133373e-01,  1.015248e+02
  4.315266e-02,  1.000148e+02
  2.376591e-02,  1.583781e+02
  1.092242e-01,  1.140373e+02
  1.677939e-01,  9.969207e+01
  5.150179e-02,  8.283311e+01
  6.363130e-02,  -9.718541e+01
  9.317362e-02,  1.277069e+02
  2.608516e-01,  9.991810e+01
  9.658322e-02,  7.409795e+01
  1.979993e-01,  -8.351297e+01
  8.191953e-02,  1.723970e+02
  5.008730e-01,  1.006412e+02
  1.880104e-01,  6.752928e+01
  8.370674e-01,  -7.896809e+01
  1.830202e+00,  1.071654e+02
  6.502443e+00,  -9.733856e+01
  1.856503e+01,  -1.012468e+02
  2.307329e+01,  -1.106668e+02
  2.445363e+01,  -1.169464e+02
  2.437983e+01,  -1.226300e+02
  2.342302e+01,  -1.285649e+02
  2.103811e+01,  -1.354878e+02
  1.778708e+01,  -1.419369e+02
  1.419341e+01,  -1.464659e+02
  1.027006e+01,  -1.502243e+02
  6.064473e+00,  -1.551478e+02
  1.798289e+00,  -1.638174e+02
  2.513837e+00,  2.625672e+01
  6.832508e+00,  2.325897e+01
  1.101708e+01,  2.235303e+01
  1.472221e+01,  2.067005e+01
  1.776618e+01,  1.866629e+01
  2.017022e+01,  1.712811e+01
  2.186969e+01,  1.608369e+01
  2.280081e+01,  1.500530e+01
  2.307017e+01,  1.350830e+01
  2.261970e+01,  1.159777e+01
  2.121008e+01,  9.276250e+00
  1.896273e+01,  6.270665e+00
  1.644953e+01,  2.350220e+00
  1.416133e+01,  -2.247297e+00
  1.214574e+01,  -7.217743e+00
  1.028829e+01,  -1.315729e+01
  8.712186e+00,  -2.109935e+01
  7.653495e+00,  -3.056685e+01
  7.177145e+00,  -3.926244e+01
  7.252352e+00,  -4.472023e+01
  7.808233e+00,  -4.522228e+01
  8.713376e+00,  -4.079156e+01
  9.944301e+00,  -3.329382e+01
  1.160414e+01,  -2.536984e+01
  1.368821e+01,  -1.890205e+01
  1.599394e+01,  -1.417473e+01
  1.822072e+01,  -1.052293e+01
  2.007273e+01,  -7.213201e+00
  2.132152e+01,  -3.911570e+00
  2.176590e+01,  -8.264188e-01
  2.124354e+01,  1.575249e+00
  1.980011e+01,  3.029192e+00
  1.767782e+01,  3.715430e+00
  1.515734e+01,  4.260762e+00
  1.250740e+01,  5.621712e+00
  9.899280e+00,  8.994929e+00
  7.391375e+00,  1.630907e+01
  5.183146e+00,  3.236554e+01
  3.975721e+00,  6.504258e+01
  4.565515e+00,  1.019460e+02
  6.280304e+00,  1.228720e+02
  8.206713e+00,  1.328420e+02
  9.907750e+00,  1.374149e+02
  1.117396e+01,  1.387297e+02
  1.204036e+01,  1.373694e+02
  1.277403e+01,  1.336327e+02
  1.351779e+01,  1.279874e+02
  1.421501e+01,  1.209144e+02
  1.497759e+01,  1.133482e+02
  1.584508e+01,  1.062865e+02
  1.656585e+01,  9.964137e+01
  1.704970e+01,  9.364156e+01
  1.730105e+01,  8.970411e+01
  1.716681e+01,  8.817713e+01
  1.668351e+01,  8.780606e+01
  1.611786e+01,  8.815548e+01
  1.555934e+01,  9.013510e+01
  1.486735e+01,  9.375558e+01
  1.391052e+01,  9.779922e+01
  1.266848e+01,  1.017338e+02
  1.121879e+01,  1.062467e+02
  9.662478e+00,  1.123025e+02
  8.105133e+00,  1.209309e+02
  6.700293e+00,  1.337314e+02
  5.675217e+00,  1.528364e+02
  5.429100e+00,  1.777841e+02
  6.202478e+00,  -1.604510e+02
  7.510878e+00,  -1.478740e+02
  8.882507e+00,  -1.405642e+02
  1.027807e+01,  -1.344451e+02
  1.175400e+01,  -1.290671e+02
  1.319746e+01,  -1.254820e+02
  1.439737e+01,  -1.235252e+02
  1.521525e+01,  -1.216990e+02
  1.566315e+01,  -1.185495e+02
  1.590356e+01,  -1.138204e+02
  1.610244e+01,  -1.083903e+02
  1.631824e+01,  -1.028232e+02
  1.663431e+01,  -9.687148e+01
  1.722504e+01,  -9.123587e+01
  1.800474e+01,  -8.796694e+01
  1.849066e+01,  -8.775918e+01
  1.849209e+01,  -8.926404e+01
  1.852772e+01,  -9.186332e+01
  1.684955e+01,  -9.814643e+01
  4.386075e+00,  -1.490679e+02
  3.982679e+00,  4.983930e+01
##END=