##TITLE= twqubit_encoding2_H_nobufferfix3
##JCAMP-DX= 5.00 Bruker JCAMP library
##DATA TYPE= Shape Data
##ORIGIN= Colm Fixed Pulses 
##OWNER= d29lu
##DATE= 12-May-2015
##TIME= 16:54
##MINX= 2.635272e-02
##MAXX= 3.802169e+01
##MINY= 1.701136e+00
##MAXY= 3.594895e+02
##$SHAPE_EXMODE= None
##$SHAPE_TOTROT= 9.000000e+01
##$SHAPE_BWFAC= 1.000000e+00
##$SHAPE_INTEGFAC= 1.000000e+00
##$SHAPE_MODE= 1
##NPOINTS= 2128
##XYPOINTS= (XY..XY)
  1.460188e+00,  7.757391e+01
  3.072507e+00,  1.119487e+02
  3.578461e+00,  7.601879e+01
  5.992643e+00,  1.240817e+01
  9.264507e+00,  3.566466e+02
  1.285476e+01,  3.472988e+02
  1.603211e+01,  3.410104e+02
  1.808327e+01,  3.367862e+02
  1.931564e+01,  3.350675e+02
  2.068374e+01,  3.371818e+02
  2.236202e+01,  3.435955e+02
  2.287159e+01,  3.500499e+02
  2.199497e+01,  3.546036e+02
  2.106391e+01,  3.569841e+02
  1.992032e+01,  3.573230e+02
  1.816365e+01,  3.557465e+02
  1.526615e+01,  3.505268e+02
  1.249406e+01,  3.438131e+02
  1.033483e+01,  3.389249e+02
  8.211200e+00,  3.335914e+02
  6.243765e+00,  3.234236e+02
  5.146698e+00,  3.065443e+02
  4.481359e+00,  2.826218e+02
  4.683389e+00,  2.459123e+02
  6.550262e+00,  2.182582e+02
  8.532684e+00,  2.058803e+02
  9.640313e+00,  1.993841e+02
  1.007169e+01,  1.943097e+02
  1.035856e+01,  1.905321e+02
  1.079369e+01,  1.854411e+02
  1.100812e+01,  1.767828e+02
  1.131866e+01,  1.673941e+02
  1.189103e+01,  1.628344e+02
  1.247998e+01,  1.640973e+02
  1.278837e+01,  1.683783e+02
  1.279722e+01,  1.755177e+02
  1.276115e+01,  1.847906e+02
  1.306205e+01,  1.929898e+02
  1.373925e+01,  1.981523e+02
  1.461772e+01,  1.999056e+02
  1.517537e+01,  1.996093e+02
  1.467109e+01,  2.000533e+02
  1.339389e+01,  2.030809e+02
  1.175855e+01,  2.082922e+02
  9.722748e+00,  2.120647e+02
  6.971235e+00,  2.154739e+02
  4.184580e+00,  2.233636e+02
  2.022707e+00,  2.407750e+02
  9.356172e-01,  2.594517e+02
  3.175999e-01,  2.922340e+02
  7.387422e-01,  1.182936e+02
  3.705948e+00,  1.561420e+02
  8.812313e+00,  1.684576e+02
  1.403217e+01,  1.734445e+02
  1.856644e+01,  1.759257e+02
  2.293538e+01,  1.773109e+02
  2.643279e+01,  1.773533e+02
  2.737417e+01,  1.766447e+02
  2.608551e+01,  1.761935e+02
  2.315195e+01,  1.762385e+02
  1.946860e+01,  1.761668e+02
  1.615289e+01,  1.783222e+02
  1.285520e+01,  1.831435e+02
  9.893005e+00,  1.879472e+02
  6.754761e+00,  1.932152e+02
  3.155897e+00,  2.080777e+02
  2.049827e+00,  2.868592e+02
  3.452090e+00,  3.193551e+02
  4.382652e+00,  3.315986e+02
  4.940547e+00,  3.437482e+02
  5.397408e+00,  3.526734e+02
  5.517125e+00,  3.594895e+02
  5.902371e+00,  2.445670e+00
  6.483420e+00,  3.576957e+02
  7.663180e+00,  3.483823e+02
  8.936892e+00,  3.406806e+02
  1.025170e+01,  3.355529e+02
  1.160096e+01,  3.317158e+02
  1.307636e+01,  3.290795e+02
  1.466487e+01,  3.266829e+02
  1.682090e+01,  3.267915e+02
  1.936142e+01,  3.293717e+02
  2.142880e+01,  3.353530e+02
  2.240834e+01,  3.437807e+02
  2.007525e+01,  3.505904e+02
  1.740451e+01,  3.532401e+02
  1.516382e+01,  3.521712e+02
  1.288569e+01,  3.506511e+02
  9.756562e+00,  3.520497e+02
  6.832364e+00,  3.486279e+02
  3.805049e+00,  3.385728e+02
  1.493658e+00,  2.823527e+02
  3.419456e+00,  1.993208e+02
  6.473746e+00,  1.933837e+02
  9.551501e+00,  1.885454e+02
  1.161577e+01,  1.869946e+02
  1.307123e+01,  1.837912e+02
  1.259924e+01,  1.811715e+02
  9.014782e+00,  1.477515e+02
  2.050372e+00,  4.830848e+01
  6.653801e-01,  2.208686e+02
  3.617796e-01,  4.217578e+01
  1.761110e-01,  2.876461e+01
  2.967946e-01,  3.573222e+02
  1.643931e-01,  5.124819e+01
  3.033915e-01,  3.566193e+02
  1.669378e-01,  4.970354e+01
  2.807121e-01,  3.593917e+02
  1.553840e-01,  3.524271e+01
  2.806956e-01,  4.798896e+00
  1.529940e-01,  3.409960e+01
  2.728036e-01,  4.681225e+00
  1.715664e-01,  2.566894e+01
  2.520992e-01,  8.732220e+00
  1.802153e-01,  1.590192e+01
  2.386749e-01,  1.223236e+01
  1.816934e-01,  1.581047e+01
  2.384623e-01,  1.066860e+01
  2.050473e-01,  1.727635e+01
  2.163577e-01,  1.611897e+01
  1.999684e-01,  2.824276e+00
  2.136525e-01,  1.521659e+01
  2.058990e-01,  1.130690e+01
  2.002213e-01,  1.465139e+01
  2.324044e-01,  1.106434e+01
  1.889780e-01,  2.142014e+01
  2.288893e-01,  5.217587e+00
  2.082196e-01,  1.995397e+01
  2.325544e-01,  8.279549e+00
  1.848816e-01,  1.783246e+01
  2.418334e-01,  9.142144e+00
  1.985223e-01,  2.380968e+01
  2.316959e-01,  7.383469e+00
  2.080405e-01,  2.032337e+01
  2.323118e-01,  1.346802e+01
  1.878920e-01,  6.940480e+00
  2.259803e-01,  1.161800e+01
  1.969495e-01,  1.604207e+01
  2.228110e-01,  7.729421e+00
  2.125964e-01,  1.408856e+01
  2.099781e-01,  1.577267e+01
  2.014413e-01,  1.046370e+01
  2.240063e-01,  1.415834e+01
  2.070250e-01,  1.486704e+01
  2.109313e-01,  1.515657e+01
  2.289208e-01,  1.200994e+01
  2.118762e-01,  2.110940e+01
  2.235983e-01,  8.948884e+00
  2.085428e-01,  1.835666e+01
  2.275466e-01,  1.306765e+01
  2.094495e-01,  1.609096e+01
  2.271915e-01,  7.612599e+00
  1.975595e-01,  2.243543e+01
  2.284829e-01,  1.062472e+01
  2.046028e-01,  1.326368e+01
  2.231058e-01,  1.392373e+01
  2.000853e-01,  1.225424e+01
  2.309033e-01,  1.433980e+01
  2.120427e-01,  1.603919e+01
  2.108506e-01,  1.229027e+01
  2.180278e-01,  1.266289e+01
  2.149563e-01,  1.636380e+01
  2.050898e-01,  1.146736e+01
  2.160233e-01,  8.704446e+00
  2.049203e-01,  1.398658e+01
  2.152913e-01,  1.595481e+01
  2.192645e-01,  5.683214e+00
  2.014918e-01,  1.757789e+01
  2.089187e-01,  1.041945e+01
  2.116309e-01,  1.373768e+01
  2.170449e-01,  1.143180e+01
  1.993816e-01,  1.549673e+01
  2.277720e-01,  9.875814e+00
  2.075811e-01,  1.402733e+01
  2.095571e-01,  1.249468e+01
  2.135684e-01,  9.803807e+00
  2.234489e-01,  1.859224e+01
  2.032954e-01,  1.319022e+01
  2.211189e-01,  1.203389e+01
  2.115947e-01,  1.758460e+01
  2.201000e-01,  1.639216e+01
  2.164845e-01,  1.198009e+01
  2.194861e-01,  1.282920e+01
  1.971255e-01,  1.429586e+01
  2.230269e-01,  1.089673e+01
  2.228538e-01,  1.714674e+01
  2.131018e-01,  1.520965e+01
  2.216027e-01,  1.116917e+01
  2.194357e-01,  1.419508e+01
  2.162281e-01,  1.495942e+01
  2.126368e-01,  1.424638e+01
  2.284334e-01,  1.343536e+01
  2.011227e-01,  1.690916e+01
  2.160321e-01,  1.123447e+01
  2.231488e-01,  1.780255e+01
  2.169383e-01,  1.365650e+01
  2.076799e-01,  1.076380e+01
  2.162591e-01,  1.152182e+01
  1.963610e-01,  1.536842e+01
  2.166826e-01,  1.066307e+01
  2.164818e-01,  1.233593e+01
  2.123157e-01,  1.811161e+01
  2.160901e-01,  1.069344e+01
  2.236652e-01,  1.215715e+01
  2.009286e-01,  1.506211e+01
  2.141460e-01,  8.690045e+00
  2.231204e-01,  1.308435e+01
  2.146587e-01,  1.953708e+01
  2.194304e-01,  1.171316e+01
  2.098911e-01,  9.715402e+00
  2.134392e-01,  1.495979e+01
  2.192605e-01,  1.165835e+01
  2.194828e-01,  1.115056e+01
  2.070226e-01,  1.558768e+01
  2.107014e-01,  1.347375e+01
  2.153970e-01,  1.256265e+01
  2.165877e-01,  1.716769e+01
  2.194673e-01,  1.152802e+01
  2.224517e-01,  1.125782e+01
  2.085291e-01,  2.240473e+01
  2.148905e-01,  9.506977e+00
  2.187775e-01,  1.509320e+01
  2.211807e-01,  1.576494e+01
  2.086024e-01,  1.057025e+01
  2.176893e-01,  1.071053e+01
  2.118419e-01,  1.661146e+01
  2.137749e-01,  1.525403e+01
  2.177747e-01,  8.374533e+00
  2.106496e-01,  1.640323e+01
  2.097948e-01,  1.403850e+01
  2.256767e-01,  1.087582e+01
  2.102660e-01,  1.684365e+01
  2.041844e-01,  1.462936e+01
  2.257751e-01,  6.808779e+00
  2.075785e-01,  1.851730e+01
  2.228312e-01,  1.723046e+01
  2.255740e-01,  1.236205e+01
  2.091909e-01,  1.742195e+01
  2.085738e-01,  1.080931e+01
  2.249618e-01,  1.344017e+01
  2.190548e-01,  2.059111e+01
  2.147953e-01,  1.227507e+01
  2.204186e-01,  1.166108e+01
  2.127772e-01,  1.452047e+01
  1.980540e-01,  1.348992e+01
  2.241360e-01,  1.140155e+01
  2.169752e-01,  1.609151e+01
  2.085145e-01,  1.531057e+01
  2.243665e-01,  1.216373e+01
  2.195346e-01,  1.875231e+01
  2.139559e-01,  1.272012e+01
  2.144003e-01,  1.295378e+01
  2.103634e-01,  1.519464e+01
  2.076536e-01,  1.289709e+01
  2.220820e-01,  1.431827e+01
  2.074387e-01,  1.396519e+01
  2.043557e-01,  1.393810e+01
  2.225825e-01,  1.199329e+01
  2.135899e-01,  1.590486e+01
  2.119672e-01,  1.543762e+01
  2.226165e-01,  1.338228e+01
  2.155835e-01,  1.376136e+01
  2.088025e-01,  1.422717e+01
  2.137558e-01,  9.605698e+00
  2.216569e-01,  1.346132e+01
  2.056046e-01,  1.574052e+01
  2.192735e-01,  8.845371e+00
  2.225437e-01,  1.724684e+01
  2.024233e-01,  1.271818e+01
  2.138798e-01,  8.667506e+00
  2.170628e-01,  1.509176e+01
  2.090789e-01,  1.618489e+01
  2.158059e-01,  8.833092e+00
  2.202699e-01,  1.709574e+01
  2.109240e-01,  1.690559e+01
  2.067744e-01,  8.235269e+00
  2.194127e-01,  1.627947e+01
  2.103305e-01,  1.310872e+01
  2.153405e-01,  1.143632e+01
  2.238467e-01,  1.414492e+01
  1.995299e-01,  1.356469e+01
  2.131758e-01,  1.121264e+01
  2.184153e-01,  1.039481e+01
  2.029196e-01,  1.616006e+01
  2.078877e-01,  9.907245e+00
  2.164980e-01,  1.241168e+01
  2.155590e-01,  1.873941e+01
  2.134980e-01,  8.732376e+00
  2.241995e-01,  1.459666e+01
  2.205396e-01,  1.496860e+01
  2.069151e-01,  9.422321e+00
  2.128059e-01,  1.275877e+01
  2.077959e-01,  1.673689e+01
  2.158602e-01,  1.198699e+01
  2.192134e-01,  1.395967e+01
  2.125983e-01,  1.851561e+01
  2.121967e-01,  1.206427e+01
  2.181309e-01,  1.075293e+01
  2.091318e-01,  1.827098e+01
  2.062551e-01,  1.079645e+01
  2.282395e-01,  1.315462e+01
  2.146329e-01,  1.892119e+01
  2.063894e-01,  8.253670e+00
  2.174732e-01,  1.388252e+01
  2.110199e-01,  1.817756e+01
  2.090810e-01,  1.292070e+01
  2.238388e-01,  1.223810e+01
  2.150103e-01,  1.689533e+01
  2.110753e-01,  1.224074e+01
  2.219082e-01,  1.054316e+01
  2.112390e-01,  1.472928e+01
  2.129094e-01,  1.347831e+01
  2.282053e-01,  9.825266e+00
  2.072141e-01,  1.631588e+01
  2.109670e-01,  1.194766e+01
  2.190428e-01,  1.061635e+01
  2.076246e-01,  1.637387e+01
  2.186911e-01,  1.217542e+01
  2.197001e-01,  1.152968e+01
  2.118492e-01,  1.417348e+01
  2.074438e-01,  1.150326e+01
  2.165944e-01,  1.203431e+01
  2.173620e-01,  1.666263e+01
  2.075507e-01,  1.371461e+01
  2.225791e-01,  1.286470e+01
  2.171549e-01,  1.485708e+01
  2.089496e-01,  1.395048e+01
  2.157025e-01,  1.021300e+01
  2.077167e-01,  1.598321e+01
  2.074525e-01,  1.454872e+01
  2.101623e-01,  1.088933e+01
  2.085808e-01,  1.212079e+01
  2.064955e-01,  1.551191e+01
  2.218217e-01,  1.281895e+01
  2.208741e-01,  1.593502e+01
  2.192373e-01,  1.477097e+01
  2.178430e-01,  1.154840e+01
  2.193873e-01,  1.870360e+01
  2.161827e-01,  1.170911e+01
  2.187054e-01,  1.084672e+01
  2.248302e-01,  1.581856e+01
  2.069341e-01,  1.418432e+01
  2.214558e-01,  1.016121e+01
  2.174424e-01,  1.346565e+01
  2.098359e-01,  1.444814e+01
  2.159985e-01,  1.005733e+01
  2.196045e-01,  1.745226e+01
  2.140368e-01,  1.398198e+01
  2.111933e-01,  1.117938e+01
  2.078022e-01,  1.469025e+01
  2.100065e-01,  1.287097e+01
  2.261097e-01,  1.273606e+01
  2.197537e-01,  1.458900e+01
  2.186385e-01,  1.971623e+01
  2.133424e-01,  1.232132e+01
  2.205852e-01,  1.277650e+01
  1.978763e-01,  1.262090e+01
  2.124215e-01,  1.192846e+01
  2.248646e-01,  1.240925e+01
  2.048863e-01,  1.588843e+01
  2.243526e-01,  1.456927e+01
  2.146602e-01,  1.279100e+01
  2.052064e-01,  1.178967e+01
  2.003726e-01,  7.109627e+00
  2.194180e-01,  1.357385e+01
  2.160783e-01,  1.404884e+01
  2.096503e-01,  1.210063e+01
  2.198867e-01,  1.221725e+01
  2.137172e-01,  1.444047e+01
  2.045121e-01,  1.224303e+01
  2.213749e-01,  1.595836e+01
  2.206220e-01,  1.369515e+01
  1.993071e-01,  1.243363e+01
  2.201700e-01,  1.169375e+01
  2.105373e-01,  1.501032e+01
  2.129086e-01,  1.455612e+01
  2.178099e-01,  1.156258e+01
  2.266044e-01,  1.937010e+01
  2.185880e-01,  1.278488e+01
  2.162725e-01,  1.039730e+01
  2.168279e-01,  1.632006e+01
  2.071448e-01,  1.381160e+01
  2.249936e-01,  1.312803e+01
  2.186532e-01,  1.647669e+01
  2.147572e-01,  1.527328e+01
  2.162204e-01,  8.492611e+00
  2.098222e-01,  1.382986e+01
  2.124249e-01,  1.482401e+01
  2.219590e-01,  9.893395e+00
  2.171616e-01,  1.581578e+01
  2.131364e-01,  9.467773e+00
  2.207509e-01,  1.204011e+01
  2.147662e-01,  1.754547e+01
  1.995416e-01,  1.137585e+01
  2.258941e-01,  1.107408e+01
  2.161238e-01,  1.650653e+01
  2.045770e-01,  1.139943e+01
  2.169448e-01,  1.210747e+01
  2.030389e-01,  1.701516e+01
  2.172991e-01,  1.531447e+01
  2.198045e-01,  1.182647e+01
  2.139498e-01,  1.432020e+01
  2.092571e-01,  1.547299e+01
  2.273283e-01,  1.172235e+01
  2.155493e-01,  1.696646e+01
  1.977865e-01,  9.651615e+00
  2.158228e-01,  1.088895e+01
  2.093059e-01,  1.618402e+01
  2.040916e-01,  1.325193e+01
  2.217775e-01,  9.080288e+00
  2.123597e-01,  1.294974e+01
  2.038540e-01,  1.674950e+01
  2.174769e-01,  1.061919e+01
  2.108894e-01,  1.478752e+01
  2.115125e-01,  1.402249e+01
  2.192395e-01,  9.550528e+00
  2.066966e-01,  1.141141e+01
  1.915263e-01,  1.193073e+01
  2.199701e-01,  1.347605e+01
  2.122404e-01,  1.224409e+01
  2.011011e-01,  1.376015e+01
  2.133424e-01,  8.346702e+00
  2.188634e-01,  1.455292e+01
  2.184484e-01,  1.590030e+01
  2.126273e-01,  7.696689e+00
  2.100023e-01,  1.478858e+01
  2.095114e-01,  1.484642e+01
  2.236721e-01,  1.347746e+01
  2.116436e-01,  1.355935e+01
  2.006461e-01,  1.270064e+01
  2.094448e-01,  1.194869e+01
  2.174784e-01,  1.480449e+01
  2.099621e-01,  1.630440e+01
  2.086080e-01,  1.033679e+01
  2.204674e-01,  1.309371e+01
  2.180069e-01,  1.765967e+01
  2.140337e-01,  8.468385e+00
  2.173273e-01,  1.232852e+01
  1.996833e-01,  1.637661e+01
  2.085999e-01,  1.382369e+01
  2.222930e-01,  1.325829e+01
  2.114638e-01,  1.756871e+01
  2.086348e-01,  1.254119e+01
  2.266034e-01,  1.570737e+01
  2.223673e-01,  1.626517e+01
  2.135056e-01,  9.701591e+00
  2.203467e-01,  1.465298e+01
  2.046661e-01,  1.472589e+01
  2.107556e-01,  1.246965e+01
  2.263194e-01,  1.326911e+01
  2.037197e-01,  1.755040e+01
  2.080372e-01,  9.174056e+00
  2.198543e-01,  1.405963e+01
  2.141946e-01,  1.514055e+01
  2.112781e-01,  1.078515e+01
  2.202951e-01,  1.206595e+01
  2.213862e-01,  1.571846e+01
  2.007571e-01,  1.268329e+01
  2.221173e-01,  1.215782e+01
  2.169873e-01,  1.609684e+01
  2.167051e-01,  1.534567e+01
  2.103696e-01,  8.832201e+00
  2.167017e-01,  1.761425e+01
  2.115715e-01,  1.110384e+01
  2.199084e-01,  1.225168e+01
  2.141462e-01,  1.624161e+01
  2.023790e-01,  5.993408e+00
  2.189189e-01,  1.184124e+01
  2.078701e-01,  1.680572e+01
  2.244014e-01,  1.639200e+01
  2.265429e-01,  1.036113e+01
  2.138242e-01,  1.935797e+01
  2.200442e-01,  1.281570e+01
  2.176592e-01,  1.365568e+01
  2.094408e-01,  1.411191e+01
  2.183293e-01,  1.640209e+01
  2.198255e-01,  9.204764e+00
  2.187450e-01,  1.704763e+01
  2.140615e-01,  1.425896e+01
  2.248711e-01,  1.112115e+01
  2.040405e-01,  1.548452e+01
  2.132884e-01,  1.538663e+01
  2.154703e-01,  1.169669e+01
  2.196306e-01,  1.242305e+01
  2.175091e-01,  1.900407e+01
  2.191632e-01,  7.540333e+00
  2.113228e-01,  1.525017e+01
  2.142567e-01,  1.684875e+01
  2.242576e-01,  1.162284e+01
  2.175865e-01,  1.181526e+01
  2.125485e-01,  1.952543e+01
  2.154135e-01,  9.401927e+00
  2.209702e-01,  1.780932e+01
  2.085488e-01,  1.480333e+01
  2.166823e-01,  1.403020e+01
  2.137300e-01,  1.470504e+01
  2.140827e-01,  1.572748e+01
  2.069421e-01,  1.073911e+01
  2.235701e-01,  1.557861e+01
  2.067336e-01,  1.811277e+01
  2.145257e-01,  8.602451e+00
  2.086122e-01,  1.135993e+01
  2.160306e-01,  1.451855e+01
  2.043554e-01,  1.190040e+01
  2.241056e-01,  1.320691e+01
  2.072545e-01,  1.852324e+01
  2.259154e-01,  1.212603e+01
  2.244392e-01,  1.616792e+01
  2.151808e-01,  1.802823e+01
  2.169803e-01,  1.219088e+01
  2.104414e-01,  1.047217e+01
  2.101825e-01,  1.846249e+01
  2.032986e-01,  6.825064e+00
  2.244926e-01,  1.553822e+01
  2.006698e-01,  1.619899e+01
  2.205247e-01,  1.205787e+01
  2.105344e-01,  8.484795e+00
  2.091013e-01,  1.844749e+01
  1.887013e-01,  5.343647e+00
  2.290905e-01,  1.534540e+01
  1.939893e-01,  1.541214e+01
  2.195071e-01,  9.912739e+00
  2.030645e-01,  7.815030e+00
  2.255748e-01,  2.047350e+01
  2.009292e-01,  1.091942e+01
  2.329710e-01,  1.399423e+01
  1.950421e-01,  1.877182e+01
  2.240626e-01,  1.309609e+01
  2.078384e-01,  1.286494e+01
  2.225099e-01,  1.717097e+01
  1.966024e-01,  8.294714e+00
  2.232966e-01,  1.188812e+01
  2.044536e-01,  1.618316e+01
  2.059113e-01,  4.074008e+00
  4.084175e-01,  4.503845e+01
  1.016294e+00,  1.132051e+02
  1.274114e+01,  2.222215e+02
  3.194902e+01,  2.303587e+02
  3.567196e+01,  2.360849e+02
  3.073082e+01,  2.418657e+02
  2.590510e+01,  2.477402e+02
  2.345170e+01,  2.538288e+02
  2.395441e+01,  2.577207e+02
  2.605804e+01,  2.600864e+02
  2.806770e+01,  2.630313e+02
  2.966167e+01,  2.654819e+02
  2.980308e+01,  2.655556e+02
  2.775604e+01,  2.630386e+02
  2.358856e+01,  2.574961e+02
  1.886522e+01,  2.457226e+02
  1.612134e+01,  2.281601e+02
  1.601546e+01,  2.080198e+02
  1.805079e+01,  1.905101e+02
  2.113402e+01,  1.795311e+02
  2.396155e+01,  1.737502e+02
  2.434775e+01,  1.701625e+02
  2.257588e+01,  1.677660e+02
  1.952247e+01,  1.683404e+02
  1.666598e+01,  1.751281e+02
  1.516079e+01,  1.880647e+02
  1.569626e+01,  2.027443e+02
  1.793308e+01,  2.153354e+02
  2.076299e+01,  2.244687e+02
  2.332136e+01,  2.290648e+02
  2.355524e+01,  2.266516e+02
  2.205843e+01,  2.182527e+02
  2.039407e+01,  2.087628e+02
  1.900737e+01,  2.013260e+02
  1.792362e+01,  1.937081e+02
  1.827700e+01,  1.829547e+02
  2.052297e+01,  1.747986e+02
  2.369857e+01,  1.733159e+02
  2.640317e+01,  1.739910e+02
  2.841286e+01,  1.735529e+02
  2.960828e+01,  1.721125e+02
  2.950988e+01,  1.701932e+02
  2.836032e+01,  1.688748e+02
  2.639901e+01,  1.678371e+02
  2.433512e+01,  1.669196e+02
  2.307937e+01,  1.663623e+02
  2.268532e+01,  1.675263e+02
  2.265094e+01,  1.714853e+02
  2.301484e+01,  1.778944e+02
  2.353621e+01,  1.852014e+02
  2.370091e+01,  1.912676e+02
  2.340573e+01,  1.950308e+02
  2.253607e+01,  1.955467e+02
  2.036350e+01,  1.905527e+02
  1.820603e+01,  1.785390e+02
  1.776780e+01,  1.610754e+02
  1.890243e+01,  1.443346e+02
  2.059674e+01,  1.312917e+02
  2.247603e+01,  1.231018e+02
  2.382306e+01,  1.195541e+02
  2.415271e+01,  1.195049e+02
  2.426546e+01,  1.234690e+02
  2.471656e+01,  1.305558e+02
  2.545983e+01,  1.394593e+02
  2.626280e+01,  1.478400e+02
  2.693307e+01,  1.535530e+02
  2.698136e+01,  1.549088e+02
  2.604159e+01,  1.529690e+02
  2.439072e+01,  1.505637e+02
  2.314051e+01,  1.490989e+02
  2.248453e+01,  1.445407e+02
  2.136276e+01,  1.341355e+02
  2.065715e+01,  1.224815e+02
  2.127976e+01,  1.137839e+02
  2.343743e+01,  1.052640e+02
  2.558893e+01,  9.590573e+01
  2.616060e+01,  9.225213e+01
  2.563681e+01,  9.801460e+01
  2.527061e+01,  1.061974e+02
  2.377899e+01,  1.095631e+02
  2.099865e+01,  1.068974e+02
  1.993309e+01,  1.020658e+02
  2.118141e+01,  9.802445e+01
  2.342720e+01,  9.536688e+01
  2.534627e+01,  9.255979e+01
  2.640240e+01,  8.778431e+01
  2.712124e+01,  8.266235e+01
  2.666106e+01,  7.830789e+01
  2.535716e+01,  7.657776e+01
  2.478210e+01,  7.761759e+01
  2.533737e+01,  7.936252e+01
  2.582817e+01,  8.046620e+01
  2.508408e+01,  8.312961e+01
  2.346685e+01,  8.670533e+01
  2.129397e+01,  8.845305e+01
  1.969877e+01,  8.878677e+01
  1.889056e+01,  8.857967e+01
  1.869180e+01,  8.592544e+01
  1.831024e+01,  8.057902e+01
  1.716456e+01,  7.453469e+01
  1.544272e+01,  6.991444e+01
  1.406009e+01,  6.673584e+01
  1.355823e+01,  6.001716e+01
  1.393622e+01,  4.894452e+01
  1.447431e+01,  3.626387e+01
  1.569229e+01,  2.451524e+01
  1.855683e+01,  1.676493e+01
  2.249291e+01,  1.451677e+01
  2.727608e+01,  1.607041e+01
  3.016545e+01,  1.894029e+01
  3.091972e+01,  2.415257e+01
  2.834610e+01,  3.250977e+01
  2.331847e+01,  4.574896e+01
  1.990452e+01,  6.018247e+01
  1.866954e+01,  7.302541e+01
  1.745309e+01,  8.614019e+01
  1.623490e+01,  9.799560e+01
  1.465317e+01,  9.901177e+01
  1.236314e+01,  9.059107e+01
  1.048131e+01,  7.953977e+01
  9.655818e+00,  6.685627e+01
  1.105593e+01,  4.815667e+01
  1.433510e+01,  3.000224e+01
  1.799086e+01,  1.813178e+01
  2.032092e+01,  1.095689e+01
  2.116581e+01,  7.136015e+00
  2.086706e+01,  4.852544e+00
  2.029947e+01,  3.256728e+00
  2.003686e+01,  3.142496e+00
  2.046933e+01,  5.927469e+00
  2.061632e+01,  8.969577e+00
  1.993254e+01,  9.885104e+00
  1.935012e+01,  9.018526e+00
  1.953198e+01,  8.076421e+00
  1.974270e+01,  8.420405e+00
  1.940977e+01,  9.398269e+00
  1.923889e+01,  1.032096e+01
  2.002468e+01,  1.014271e+01
  2.191660e+01,  9.536212e+00
  2.494347e+01,  1.003274e+01
  2.790965e+01,  1.021441e+01
  3.039251e+01,  9.830021e+00
  3.258231e+01,  9.379991e+00
  3.335365e+01,  8.274660e+00
  3.275940e+01,  4.894481e+00
  3.011189e+01,  3.591087e+02
  2.556067e+01,  3.507823e+02
  2.060231e+01,  3.375596e+02
  1.919514e+01,  3.235620e+02
  2.026901e+01,  3.136685e+02
  2.187681e+01,  3.077588e+02
  2.391043e+01,  3.058791e+02
  2.492894e+01,  3.083486e+02
  2.454310e+01,  3.141614e+02
  2.296587e+01,  3.220257e+02
  2.056640e+01,  3.289636e+02
  1.917758e+01,  3.348565e+02
  1.954507e+01,  3.391177e+02
  2.050631e+01,  3.435196e+02
  2.129704e+01,  3.481498e+02
  2.184707e+01,  3.491879e+02
  2.178515e+01,  3.443009e+02
  2.012493e+01,  3.328702e+02
  1.838231e+01,  3.192315e+02
  1.688032e+01,  3.049107e+02
  1.595098e+01,  2.889224e+02
  1.634791e+01,  2.714602e+02
  1.698597e+01,  2.631041e+02
  1.734706e+01,  2.639472e+02
  1.791470e+01,  2.716666e+02
  1.886102e+01,  2.792708e+02
  1.983694e+01,  2.873136e+02
  2.173022e+01,  2.944660e+02
  2.467169e+01,  3.021436e+02
  2.633248e+01,  3.066122e+02
  2.578495e+01,  3.088883e+02
  2.482166e+01,  3.095920e+02
  2.441012e+01,  3.100713e+02
  2.382194e+01,  3.085499e+02
  2.223506e+01,  3.027494e+02
  2.119230e+01,  2.952937e+02
  2.119426e+01,  2.881638e+02
  2.134004e+01,  2.828701e+02
  2.041558e+01,  2.760773e+02
  1.808303e+01,  2.722566e+02
  1.548217e+01,  2.689730e+02
  1.319261e+01,  2.725806e+02
  1.204386e+01,  2.731529e+02
  1.183659e+01,  2.730334e+02
  1.367588e+01,  2.632717e+02
  1.644133e+01,  2.608856e+02
  1.997694e+01,  2.577190e+02
  2.397069e+01,  2.593645e+02
  3.038436e+01,  2.581472e+02
  3.551515e+01,  2.617892e+02
  3.802169e+01,  2.648499e+02
  2.777019e+01,  2.652356e+02
  5.922775e+00,  2.222980e+02
  8.048850e+00,  3.968758e+01
  3.076568e+00,  2.153094e+02
  1.260026e+00,  3.388495e+01
  1.853104e-01,  1.782860e+02
  5.557094e-01,  2.210467e+01
  1.462020e-01,  1.521058e+02
  5.821317e-01,  2.443954e+01
  1.279100e-01,  1.485222e+02
  5.303672e-01,  2.219603e+01
  2.635272e-02,  1.573083e+02
  4.665313e-01,  2.155379e+01
  2.875144e-02,  2.696001e+02
  4.353561e-01,  2.170993e+01
  3.879841e-02,  3.435059e+02
  3.667820e-01,  1.933760e+01
  9.322590e-02,  3.458176e+02
  3.172718e-01,  2.113041e+01
  1.327746e-01,  3.569108e+02
  2.766008e-01,  1.735462e+01
  1.759435e-01,  1.037228e+01
  2.181706e-01,  1.238228e+01
  2.183996e-01,  6.878149e+00
  1.898863e-01,  2.243489e+01
  2.389199e-01,  7.590386e+00
  1.728022e-01,  1.620499e+01
  2.611767e-01,  1.220605e+01
  1.418638e-01,  1.335068e+01
  2.874687e-01,  1.304615e+01
  1.443713e-01,  1.825766e+01
  2.834472e-01,  1.429655e+01
  1.437485e-01,  6.532698e+00
  2.873152e-01,  1.820187e+01
  1.399044e-01,  6.517134e+00
  2.878773e-01,  1.334240e+01
  1.405615e-01,  1.181127e+01
  2.736814e-01,  1.656744e+01
  1.630278e-01,  5.443475e+00
  2.554741e-01,  1.706144e+01
  1.707541e-01,  1.060716e+01
  2.443873e-01,  1.320130e+01
  1.900497e-01,  1.212492e+01
  2.239073e-01,  1.832521e+01
  2.229740e-01,  9.980636e+00
  2.053456e-01,  1.694841e+01
  2.162974e-01,  1.204922e+01
  2.004892e-01,  1.119354e+01
  2.375427e-01,  1.428302e+01
  1.675275e-01,  1.118906e+01
  2.461833e-01,  9.498898e+00
  1.804082e-01,  1.795498e+01
  2.547148e-01,  1.474090e+01
  1.747291e-01,  8.401758e+00
  2.629795e-01,  1.796597e+01
  1.631623e-01,  9.667143e+00
  2.412846e-01,  1.134293e+01
  1.962528e-01,  1.993353e+01
  2.419855e-01,  1.411499e+01
  1.951975e-01,  1.077718e+01
  2.337731e-01,  1.517092e+01
  1.690976e-01,  7.555906e+00
  2.264420e-01,  1.520113e+01
  2.002578e-01,  1.155545e+01
  2.136623e-01,  1.576146e+01
  2.138775e-01,  9.454645e+00
  2.138289e-01,  1.363121e+01
  2.126574e-01,  1.473848e+01
  2.083449e-01,  1.337724e+01
  2.250527e-01,  1.105508e+01
  1.872525e-01,  1.510565e+01
  2.333058e-01,  1.240932e+01
  2.030989e-01,  1.471654e+01
  2.288589e-01,  1.602763e+01
  1.887365e-01,  8.785805e+00
  2.333988e-01,  1.429737e+01
  1.787945e-01,  1.431935e+01
  2.302609e-01,  1.195251e+01
  2.064308e-01,  1.362667e+01
  2.289000e-01,  1.699564e+01
  1.943375e-01,  1.058933e+01
  2.280814e-01,  1.444481e+01
  1.902099e-01,  1.676962e+01
  2.303873e-01,  8.784648e+00
  2.032582e-01,  1.154112e+01
  2.180949e-01,  1.819938e+01
  2.086196e-01,  8.973430e+00
  2.211550e-01,  1.487783e+01
  2.102433e-01,  1.627658e+01
  2.077688e-01,  1.199549e+01
  2.247574e-01,  1.277492e+01
  2.001983e-01,  1.680742e+01
  2.119632e-01,  8.607441e+00
  2.100186e-01,  1.606576e+01
  2.241222e-01,  1.591319e+01
  2.025664e-01,  1.392549e+01
  2.448017e-01,  1.425813e+01
  1.920400e-01,  1.307752e+01
  2.298216e-01,  1.338845e+01
  1.991203e-01,  1.044329e+01
  2.218439e-01,  1.774581e+01
  1.877057e-01,  9.885723e+00
  2.288412e-01,  1.349915e+01
  2.030249e-01,  1.498588e+01
  2.106545e-01,  1.141701e+01
  2.179531e-01,  1.167036e+01
  2.254234e-01,  1.786629e+01
  2.223661e-01,  1.342354e+01
  2.269793e-01,  1.413948e+01
  2.115909e-01,  1.620023e+01
  2.055413e-01,  1.180222e+01
  2.213793e-01,  9.219761e+00
  2.024819e-01,  1.667378e+01
  2.188334e-01,  1.298142e+01
  2.186028e-01,  1.132404e+01
  2.209171e-01,  1.711473e+01
  1.962668e-01,  8.544596e+00
  2.292168e-01,  1.100637e+01
  1.952878e-01,  1.448122e+01
  2.180701e-01,  1.367634e+01
  2.109000e-01,  1.065373e+01
  2.149088e-01,  1.465290e+01
  2.041503e-01,  1.184482e+01
  2.160633e-01,  1.214866e+01
  2.121328e-01,  1.600187e+01
  2.160860e-01,  1.514161e+01
  2.216634e-01,  9.773693e+00
  2.216171e-01,  1.383629e+01
  2.075906e-01,  1.444249e+01
  2.206628e-01,  1.039224e+01
  2.176230e-01,  1.953751e+01
  2.059606e-01,  1.466236e+01
  2.229624e-01,  1.068744e+01
  2.210729e-01,  1.666454e+01
  2.031803e-01,  1.502357e+01
  2.159024e-01,  1.116787e+01
  2.154206e-01,  1.435669e+01
  2.032233e-01,  1.486148e+01
  2.272516e-01,  1.163480e+01
  2.080704e-01,  1.352156e+01
  2.087179e-01,  1.378055e+01
  2.149441e-01,  1.239516e+01
  2.234630e-01,  1.639238e+01
  1.984928e-01,  1.546687e+01
  2.242775e-01,  8.442271e+00
  2.091759e-01,  1.612293e+01
  2.131471e-01,  1.812756e+01
  2.147601e-01,  1.125193e+01
  2.232398e-01,  1.548348e+01
  2.131137e-01,  1.556735e+01
  2.122198e-01,  9.893137e+00
  2.138492e-01,  1.243870e+01
  2.069510e-01,  1.480825e+01
  2.139672e-01,  9.485765e+00
  2.165571e-01,  1.180686e+01
  2.155146e-01,  1.289193e+01
  2.026464e-01,  7.699711e+00
  2.146130e-01,  1.386473e+01
  2.124265e-01,  1.735621e+01
  2.154433e-01,  1.126833e+01
  2.210021e-01,  1.540092e+01
  2.111235e-01,  1.516942e+01
  2.106391e-01,  1.232507e+01
  2.207563e-01,  1.443451e+01
  2.104992e-01,  1.531280e+01
  2.109856e-01,  9.425492e+00
  2.129411e-01,  1.355530e+01
  2.166839e-01,  1.659557e+01
  2.106043e-01,  9.809517e+00
  2.261066e-01,  1.508508e+01
  2.158326e-01,  1.792092e+01
  2.280403e-01,  1.401063e+01
  2.220429e-01,  1.108729e+01
  2.129198e-01,  1.961184e+01
  2.122641e-01,  1.213337e+01
  2.175679e-01,  9.865740e+00
  2.052224e-01,  1.650559e+01
  2.129562e-01,  1.412687e+01
  2.284882e-01,  1.291006e+01
  2.138471e-01,  1.612555e+01
  2.139103e-01,  1.242743e+01
  2.218204e-01,  1.256842e+01
  2.159209e-01,  1.825724e+01
  1.963355e-01,  7.078316e+00
  2.245217e-01,  1.272319e+01
  2.169393e-01,  1.703522e+01
  2.147961e-01,  1.416321e+01
  2.173024e-01,  1.319722e+01
  2.103476e-01,  1.714810e+01
  2.130152e-01,  1.494013e+01
  2.355405e-01,  1.091828e+01
  2.140821e-01,  1.514402e+01
  2.005496e-01,  1.228751e+01
  2.164847e-01,  9.029049e+00
  2.155881e-01,  1.667808e+01
  2.068545e-01,  1.041103e+01
  2.222155e-01,  1.150125e+01
  2.192318e-01,  1.691732e+01
  2.068880e-01,  1.105500e+01
  2.178294e-01,  1.124684e+01
  2.135359e-01,  1.661297e+01
  2.188270e-01,  1.857434e+01
  2.262045e-01,  9.100871e+00
  2.158803e-01,  1.559789e+01
  2.091282e-01,  1.222252e+01
  2.258976e-01,  1.230221e+01
  2.110828e-01,  1.226759e+01
  2.038903e-01,  1.085866e+01
  2.159710e-01,  1.263216e+01
  2.193323e-01,  1.805191e+01
  2.030771e-01,  1.322478e+01
  2.222325e-01,  1.153649e+01
  2.137381e-01,  1.820264e+01
  2.076204e-01,  1.396004e+01
  2.222832e-01,  1.356870e+01
  2.160973e-01,  1.273423e+01
  2.048881e-01,  1.584812e+01
  2.203612e-01,  8.299464e+00
  2.161229e-01,  1.401538e+01
  1.946357e-01,  1.124950e+01
  2.164464e-01,  1.159249e+01
  2.195964e-01,  1.357341e+01
  2.100071e-01,  1.677429e+01
  2.108084e-01,  9.995093e+00
  2.194496e-01,  1.338461e+01
  2.047235e-01,  1.905849e+01
  2.179201e-01,  9.942635e+00
  2.182176e-01,  1.474248e+01
  2.045209e-01,  1.491600e+01
  2.188196e-01,  1.318386e+01
  2.183595e-01,  1.308880e+01
  2.047541e-01,  1.369858e+01
  2.165934e-01,  9.993729e+00
  2.201666e-01,  1.817299e+01
  2.144738e-01,  1.697418e+01
  2.153468e-01,  1.154972e+01
  2.159055e-01,  1.305523e+01
  2.065369e-01,  1.791495e+01
  2.112428e-01,  9.230271e+00
  2.287130e-01,  1.370573e+01
  2.096440e-01,  1.811007e+01
  2.197569e-01,  1.483238e+01
  2.165009e-01,  1.347796e+01
  2.164308e-01,  1.645919e+01
  2.176518e-01,  1.346033e+01
  2.165640e-01,  1.215252e+01
  2.080490e-01,  2.016994e+01
  2.027295e-01,  7.270576e+00
  2.190572e-01,  1.270431e+01
  1.973681e-01,  1.426644e+01
  2.005273e-01,  9.933802e+00
  2.226072e-01,  1.335835e+01
  2.225251e-01,  1.795025e+01
  2.104372e-01,  1.081463e+01
  2.235085e-01,  1.382359e+01
  2.105970e-01,  1.618723e+01
  2.048716e-01,  1.113421e+01
  2.295044e-01,  1.124273e+01
  2.206335e-01,  1.680355e+01
  2.172328e-01,  1.538998e+01
  2.163516e-01,  1.093001e+01
  2.139979e-01,  2.043190e+01
  2.211002e-01,  1.335068e+01
  2.241217e-01,  1.247527e+01
  2.182747e-01,  1.819184e+01
  2.115840e-01,  1.115450e+01
  2.168612e-01,  9.035119e+00
  2.083803e-01,  1.540489e+01
  2.163061e-01,  1.566661e+01
  2.248990e-01,  1.314231e+01
  2.088891e-01,  1.238438e+01
  2.113631e-01,  1.488650e+01
  2.186502e-01,  1.254544e+01
  2.226254e-01,  1.664768e+01
  2.090029e-01,  1.383599e+01
  2.162003e-01,  1.184431e+01
  2.172107e-01,  1.671192e+01
  2.123921e-01,  1.233958e+01
  2.200037e-01,  1.135872e+01
  2.159232e-01,  1.500293e+01
  2.119849e-01,  1.400734e+01
  2.221277e-01,  1.232486e+01
  2.250535e-01,  1.727146e+01
  2.123695e-01,  1.325250e+01
  2.203864e-01,  1.070205e+01
  2.253797e-01,  1.873522e+01
  2.090380e-01,  1.216434e+01
  2.152694e-01,  7.938333e+00
  2.185394e-01,  1.989032e+01
  2.080777e-01,  1.549384e+01
  2.160703e-01,  1.007433e+01
  2.156486e-01,  1.341603e+01
  2.191211e-01,  1.491760e+01
  2.173531e-01,  1.246862e+01
  2.141068e-01,  1.390879e+01
  2.151434e-01,  1.718608e+01
  2.252898e-01,  1.238162e+01
  2.192138e-01,  1.573176e+01
  2.132389e-01,  1.654177e+01
  2.177709e-01,  1.032145e+01
  2.214945e-01,  1.695645e+01
  2.166301e-01,  2.018666e+01
  2.251646e-01,  1.201944e+01
  2.245714e-01,  1.367164e+01
  2.035193e-01,  1.592648e+01
  2.092566e-01,  8.483493e+00
  2.163831e-01,  1.431917e+01
  2.092757e-01,  1.958333e+01
  2.145030e-01,  1.242425e+01
  2.162279e-01,  1.249496e+01
  2.025272e-01,  1.737355e+01
  2.088456e-01,  1.079334e+01
  2.148894e-01,  1.379734e+01
  2.189166e-01,  1.846493e+01
  2.155682e-01,  1.235935e+01
  2.137869e-01,  1.108391e+01
  2.070276e-01,  1.521109e+01
  2.058852e-01,  1.101609e+01
  2.206165e-01,  1.541314e+01
  2.092000e-01,  1.475808e+01
  1.970326e-01,  5.172402e+00
  2.198383e-01,  1.651402e+01
  2.140362e-01,  1.522342e+01
  2.223914e-01,  1.410239e+01
  2.173413e-01,  1.222670e+01
  2.192901e-01,  1.904388e+01
  2.182991e-01,  1.044096e+01
  2.158562e-01,  1.386729e+01
  2.066436e-01,  1.075347e+01
  2.062710e-01,  1.282283e+01
  2.166848e-01,  7.794412e+00
  1.981595e-01,  1.635111e+01
  2.102676e-01,  9.256374e+00
  2.170543e-01,  1.430072e+01
  1.292648e-01,  9.554385e+01
  3.240299e+00,  1.784406e+02
  9.541570e+00,  1.787939e+02
  1.403801e+01,  1.705714e+02
  1.585708e+01,  1.591930e+02
  1.705910e+01,  1.487457e+02
  1.714814e+01,  1.386353e+02
  1.646396e+01,  1.296668e+02
  1.511946e+01,  1.223995e+02
  1.321918e+01,  1.171276e+02
  1.089386e+01,  1.139993e+02
  8.921459e+00,  1.094935e+02
  7.747483e+00,  9.843932e+01
  7.842128e+00,  8.332182e+01
  9.016682e+00,  7.266430e+01
  1.070975e+01,  6.941921e+01
  1.253156e+01,  7.166538e+01
  1.428285e+01,  7.875709e+01
  1.588260e+01,  8.914927e+01
  1.708753e+01,  9.847338e+01
  1.792485e+01,  1.039524e+02
  1.875341e+01,  1.056008e+02
  1.936280e+01,  1.046548e+02
  1.932643e+01,  1.017967e+02
  1.893239e+01,  9.651206e+01
  1.823916e+01,  8.924763e+01
  1.670153e+01,  8.225438e+01
  1.418532e+01,  7.697280e+01
  1.134011e+01,  7.394676e+01
  8.534076e+00,  7.273781e+01
  5.773687e+00,  8.093693e+01
  4.285685e+00,  1.141040e+02
  5.444505e+00,  1.481634e+02
  7.654130e+00,  1.609129e+02
  1.013435e+01,  1.647850e+02
  1.251816e+01,  1.647591e+02
  1.406719e+01,  1.609561e+02
  1.467554e+01,  1.548577e+02
  1.485071e+01,  1.476215e+02
  1.474334e+01,  1.405990e+02
  1.395310e+01,  1.332047e+02
  1.257155e+01,  1.237904e+02
  1.097284e+01,  1.106987e+02
  9.502621e+00,  9.165557e+01
  9.142633e+00,  6.470833e+01
  1.101400e+01,  3.977568e+01
  1.410997e+01,  2.440789e+01
  1.664695e+01,  1.594961e+01
  1.762710e+01,  1.091428e+01
  1.683921e+01,  8.575501e+00
  1.463355e+01,  9.933943e+00
  1.179886e+01,  1.815089e+01
  9.684776e+00,  3.556872e+01
  9.374732e+00,  6.263273e+01
  1.146897e+01,  8.764817e+01
  1.502122e+01,  1.032434e+02
  1.851641e+01,  1.118901e+02
  2.128193e+01,  1.165536e+02
  2.379052e+01,  1.196079e+02
  2.481788e+01,  1.206440e+02
  2.362056e+01,  1.200218e+02
  2.033827e+01,  1.178072e+02
  1.679892e+01,  1.138817e+02
  1.384386e+01,  1.080428e+02
  1.120313e+01,  9.895426e+01
  9.615380e+00,  8.571622e+01
  9.775229e+00,  7.240032e+01
  1.109268e+01,  6.458233e+01
  1.220264e+01,  6.017977e+01
  1.197464e+01,  5.630367e+01
  1.006931e+01,  4.989330e+01
  7.298994e+00,  3.744303e+01
  5.238323e+00,  1.381467e+01
  5.263644e+00,  3.491392e+02
  6.834255e+00,  3.434271e+02
  8.727719e+00,  3.463070e+02
  9.841784e+00,  3.466221e+02
  9.554406e+00,  3.397230e+02
  8.679304e+00,  3.222331e+02
  9.074900e+00,  2.977257e+02
  1.132895e+01,  2.791631e+02
  1.399259e+01,  2.684982e+02
  1.596706e+01,  2.616197e+02
  1.690663e+01,  2.554300e+02
  1.682757e+01,  2.481366e+02
  1.630418e+01,  2.391457e+02
  1.610474e+01,  2.295771e+02
  1.609381e+01,  2.200893e+02
  1.600097e+01,  2.088735e+02
  1.630805e+01,  1.965523e+02
  1.701813e+01,  1.866872e+02
  1.758244e+01,  1.809812e+02
  1.749184e+01,  1.797823e+02
  1.648920e+01,  1.838160e+02
  1.484112e+01,  1.927984e+02
  1.313197e+01,  2.051363e+02
  1.154344e+01,  2.200337e+02
  1.067659e+01,  2.382493e+02
  1.115564e+01,  2.570705e+02
  1.248288e+01,  2.715829e+02
  1.387575e+01,  2.806504e+02
  1.509407e+01,  2.855672e+02
  1.572577e+01,  2.862414e+02
  1.534781e+01,  2.837671e+02
  1.390741e+01,  2.789061e+02
  1.188311e+01,  2.722214e+02
  9.845838e+00,  2.624575e+02
  8.045766e+00,  2.514112e+02
  6.167455e+00,  2.415236e+02
  4.183924e+00,  2.334448e+02
  2.651660e+00,  2.287614e+02
  2.233563e+00,  2.242351e+02
  2.859197e+00,  2.147997e+02
  3.861259e+00,  2.033469e+02
  5.041799e+00,  1.916905e+02
  6.937670e+00,  1.792287e+02
  9.412066e+00,  1.649418e+02
  1.156373e+01,  1.478149e+02
  1.272840e+01,  1.281593e+02
  1.319308e+01,  1.106521e+02
  1.341271e+01,  9.961928e+01
  1.369114e+01,  9.476688e+01
  1.400926e+01,  9.418740e+01
  1.452416e+01,  9.822817e+01
  1.530712e+01,  1.049934e+02
  1.590358e+01,  1.106222e+02
  1.575867e+01,  1.131838e+02
  1.511767e+01,  1.140175e+02
  1.427733e+01,  1.145168e+02
  1.337612e+01,  1.146099e+02
  1.249701e+01,  1.148688e+02
  1.188563e+01,  1.146926e+02
  1.157340e+01,  1.149732e+02
  1.130953e+01,  1.163694e+02
  1.071343e+01,  1.179733e+02
  9.740177e+00,  1.190090e+02
  8.375483e+00,  1.203207e+02
  6.236487e+00,  1.238835e+02
  3.386147e+00,  1.322151e+02
  9.350987e-01,  2.054072e+02
  3.541129e+00,  2.837785e+02
  6.904420e+00,  2.911561e+02
  9.856946e+00,  2.905233e+02
  1.167721e+01,  2.858413e+02
  1.158826e+01,  2.769692e+02
  9.915117e+00,  2.620784e+02
  7.803384e+00,  2.373216e+02
  6.748619e+00,  2.023872e+02
  7.351479e+00,  1.654119e+02
  9.082356e+00,  1.384428e+02
  1.132609e+01,  1.200075e+02
  1.353489e+01,  1.073269e+02
  1.548062e+01,  1.000437e+02
  1.670360e+01,  9.642242e+01
  1.742829e+01,  9.581929e+01
  1.799776e+01,  9.683028e+01
  1.904601e+01,  9.863703e+01
  2.045727e+01,  9.950370e+01
  2.159475e+01,  9.903357e+01
  2.184046e+01,  9.752284e+01
  1.971192e+01,  9.356934e+01
  1.684299e+01,  9.095923e+01
  1.351443e+01,  9.136424e+01
  1.023445e+01,  9.792881e+01
  8.214636e+00,  1.123346e+02
  7.474092e+00,  1.260575e+02
  6.827174e+00,  1.324620e+02
  5.480599e+00,  1.364826e+02
  4.284809e+00,  1.475212e+02
  4.149879e+00,  1.630890e+02
  5.240223e+00,  1.701869e+02
  6.822165e+00,  1.668883e+02
  8.734293e+00,  1.583374e+02
  1.074434e+01,  1.482493e+02
  1.281941e+01,  1.386183e+02
  1.477901e+01,  1.300154e+02
  1.670320e+01,  1.229213e+02
  1.856734e+01,  1.175600e+02
  2.043890e+01,  1.129988e+02
  2.224712e+01,  1.094629e+02
  2.309433e+01,  1.064376e+02
  2.205302e+01,  1.048688e+02
  1.945008e+01,  1.060212e+02
  1.634308e+01,  1.131653e+02
  1.336221e+01,  1.282875e+02
  1.175150e+01,  1.532687e+02
  1.245100e+01,  1.778277e+02
  1.402562e+01,  1.954723e+02
  1.545732e+01,  2.068441e+02
  1.633602e+01,  2.148783e+02
  1.612662e+01,  2.187851e+02
  1.540678e+01,  2.204968e+02
  1.512604e+01,  2.189118e+02
  1.556527e+01,  2.173011e+02
  1.564966e+01,  2.153562e+02
  1.514438e+01,  2.138757e+02
  1.413223e+01,  2.104212e+02
  1.184530e+01,  2.066108e+02
  2.783451e+00,  1.782932e+02
  1.793390e+00,  3.574601e+02
  5.716437e-01,  1.567199e+02
  3.597638e-01,  1.801026e+01
  2.003080e-01,  1.788237e+01
  2.257506e-01,  1.701136e+00
  2.012506e-01,  2.882094e+01
  2.328659e-01,  3.592382e+02
  2.191894e-01,  2.581433e+01
  2.227912e-01,  4.258002e+00
  2.113359e-01,  2.209303e+01
  2.453355e-01,  5.953127e+00
  1.925690e-01,  2.554884e+01
  2.296241e-01,  5.412522e+00
  2.113226e-01,  1.953515e+01
  2.291163e-01,  1.194957e+01
  1.954919e-01,  1.371127e+01
  2.305491e-01,  8.861496e+00
  1.872825e-01,  1.613612e+01
  2.233500e-01,  9.207285e+00
  2.126972e-01,  1.854472e+01
  2.264893e-01,  1.813710e+01
  1.999053e-01,  3.436005e+00
  2.237885e-01,  1.424953e+01
  2.074505e-01,  1.457662e+01
  2.140170e-01,  1.729138e+01
  2.214213e-01,  9.793342e+00
  2.144655e-01,  2.041131e+01
  1.982007e-01,  7.716533e+00
  2.169698e-01,  1.548427e+01
  2.169384e-01,  1.408354e+01
  2.071841e-01,  1.632881e+01
  2.406469e-01,  1.319723e+01
  2.026803e-01,  1.638521e+01
  1.980653e-01,  7.473752e+00
  2.222013e-01,  1.292961e+01
  2.234162e-01,  1.514319e+01
  2.046882e-01,  1.287277e+01
  2.229553e-01,  1.355293e+01
  2.094083e-01,  1.821970e+01
  2.199101e-01,  1.170431e+01
  2.127480e-01,  1.317003e+01
  2.140281e-01,  1.289921e+01
  1.974728e-01,  1.129980e+01
  2.163567e-01,  1.036274e+01
  2.160738e-01,  1.541636e+01
  2.219015e-01,  1.537587e+01
  2.248960e-01,  1.131726e+01
  2.089048e-01,  1.675091e+01
  2.104077e-01,  1.349178e+01
  2.212198e-01,  1.289727e+01
  2.141713e-01,  9.687953e+00
  2.057902e-01,  1.349090e+01
  2.156624e-01,  9.178450e+00
  2.054789e-01,  1.479963e+01
  2.002983e-01,  1.367174e+01
  2.223777e-01,  1.397964e+01
  2.192822e-01,  1.697009e+01
  2.105341e-01,  1.710345e+01
  2.217969e-01,  7.441210e+00
  2.182690e-01,  1.750166e+01
  2.133491e-01,  1.432135e+01
  2.049276e-01,  1.285088e+01
  2.256895e-01,  1.511983e+01
  2.035849e-01,  1.283463e+01
  2.190668e-01,  1.274571e+01
  2.261023e-01,  1.298534e+01
  2.106986e-01,  1.299492e+01
  2.193777e-01,  1.068374e+01
  2.158111e-01,  1.261721e+01
  2.131880e-01,  1.971489e+01
  2.269938e-01,  1.008962e+01
  2.118347e-01,  9.406946e+00
  2.155850e-01,  2.036032e+01
  2.285014e-01,  8.083172e+00
  2.184445e-01,  1.670801e+01
  2.142043e-01,  1.507693e+01
  2.175392e-01,  1.239878e+01
  2.202644e-01,  1.091788e+01
  2.192889e-01,  2.221440e+01
  2.190342e-01,  8.793466e+00
  2.179569e-01,  1.311027e+01
  2.126014e-01,  2.025124e+01
  2.188776e-01,  1.197370e+01
  2.192702e-01,  1.280750e+01
  2.054164e-01,  1.367614e+01
  2.159444e-01,  1.437123e+01
  2.203622e-01,  1.300896e+01
  2.173042e-01,  1.723279e+01
  2.101998e-01,  9.949247e+00
  2.206937e-01,  1.751568e+01
  2.074041e-01,  1.610233e+01
  2.178877e-01,  1.359020e+01
  2.210985e-01,  1.073600e+01
  2.128613e-01,  1.478020e+01
  2.063962e-01,  1.366727e+01
  2.188697e-01,  1.505755e+01
  2.035652e-01,  1.438936e+01
  2.117296e-01,  1.042758e+01
  2.236403e-01,  1.431932e+01
  2.106164e-01,  1.677029e+01
  2.162219e-01,  1.229221e+01
  2.162337e-01,  1.160332e+01
  2.198336e-01,  1.897473e+01
  2.057674e-01,  8.570563e+00
  2.157187e-01,  1.046326e+01
  2.080495e-01,  1.462452e+01
  2.158176e-01,  1.081240e+01
  2.189881e-01,  1.310567e+01
  2.169253e-01,  1.522501e+01
  2.153056e-01,  1.536171e+01
  2.251180e-01,  1.029616e+01
  2.092910e-01,  1.489131e+01
  2.155003e-01,  1.366595e+01
  2.165401e-01,  9.631148e+00
  2.102428e-01,  1.710858e+01
  2.194387e-01,  1.562702e+01
  2.221698e-01,  1.101593e+01
  2.211292e-01,  1.620328e+01
  2.084337e-01,  1.516245e+01
  2.245761e-01,  1.371825e+01
  2.126452e-01,  1.532198e+01
  2.057510e-01,  9.171418e+00
  2.149790e-01,  1.213861e+01
  2.120099e-01,  1.542512e+01
  2.097100e-01,  1.559747e+01
  2.190118e-01,  8.887518e+00
  2.141458e-01,  1.498276e+01
  2.158250e-01,  1.252253e+01
  2.210067e-01,  1.113717e+01
  2.203520e-01,  1.630117e+01
  2.084822e-01,  1.218289e+01
  2.143065e-01,  1.025114e+01
  2.101968e-01,  1.464340e+01
  2.084246e-01,  1.851210e+01
  2.231911e-01,  1.127485e+01
  2.151075e-01,  1.498540e+01
  2.015363e-01,  1.257608e+01
  2.171177e-01,  1.151466e+01
  2.148028e-01,  1.526916e+01
  2.076245e-01,  1.493501e+01
  2.219711e-01,  1.344931e+01
  2.134707e-01,  1.571788e+01
  2.108083e-01,  1.636899e+01
  2.188925e-01,  1.215285e+01
  2.252994e-01,  1.530426e+01
  2.104522e-01,  1.457254e+01
  2.220578e-01,  9.870292e+00
  2.194106e-01,  1.304950e+01
  2.072505e-01,  1.473778e+01
  2.219307e-01,  1.172867e+01
  2.195930e-01,  1.511589e+01
  2.135354e-01,  1.814788e+01
  2.192314e-01,  9.095112e+00
  2.152336e-01,  1.590655e+01
  2.141836e-01,  1.598183e+01
  2.188398e-01,  8.721439e+00
  2.224309e-01,  1.708766e+01
  2.129995e-01,  1.726602e+01
  2.090373e-01,  8.671625e+00
  2.207796e-01,  1.187633e+01
  2.089380e-01,  1.909664e+01
  2.222866e-01,  1.346686e+01
  2.165630e-01,  1.326962e+01
  1.924944e-01,  1.215290e+01
  2.128341e-01,  1.140522e+01
  2.197894e-01,  1.481343e+01
  2.102244e-01,  1.611974e+01
  2.103170e-01,  8.638166e+00
  2.204261e-01,  1.339303e+01
  2.111726e-01,  1.536456e+01
  2.075457e-01,  1.063469e+01
  2.198301e-01,  1.109182e+01
  2.091593e-01,  1.595075e+01
  2.103022e-01,  1.162540e+01
  2.192548e-01,  1.052013e+01
  2.236540e-01,  2.129906e+01
  2.220670e-01,  1.095109e+01
  2.180049e-01,  1.139305e+01
  2.140575e-01,  1.767518e+01
  2.133678e-01,  9.820743e+00
  2.119883e-01,  1.154908e+01
  2.162309e-01,  1.809315e+01
  2.173453e-01,  1.192799e+01
  2.226866e-01,  1.328708e+01
  2.169098e-01,  1.451158e+01
  2.164464e-01,  1.182079e+01
  2.241685e-01,  1.564350e+01
  2.090647e-01,  1.572270e+01
  2.100888e-01,  1.076649e+01
  2.152004e-01,  1.308613e+01
  2.176311e-01,  1.455730e+01
  2.187492e-01,  1.341206e+01
  2.177437e-01,  9.800319e+00
  2.132332e-01,  1.189308e+01
  2.180583e-01,  1.552536e+01
  2.220239e-01,  1.025273e+01
  2.132491e-01,  1.732179e+01
  2.176918e-01,  1.697003e+01
  2.207687e-01,  1.171019e+01
  2.174911e-01,  1.526022e+01
  2.163521e-01,  1.579726e+01
  2.128187e-01,  9.240018e+00
  2.217452e-01,  1.750909e+01
  2.207750e-01,  1.825055e+01
  2.199118e-01,  7.781639e+00
  2.171199e-01,  1.913587e+01
  2.076297e-01,  1.614224e+01
  2.273830e-01,  1.003743e+01
  2.153886e-01,  1.799745e+01
  1.988695e-01,  9.423669e+00
  2.187321e-01,  1.241826e+01
  2.225445e-01,  1.645595e+01
  2.079270e-01,  1.232867e+01
  2.109509e-01,  1.246120e+01
  2.159382e-01,  1.656484e+01
  2.115281e-01,  1.742943e+01
  2.198135e-01,  9.412239e+00
  2.146755e-01,  1.646306e+01
  2.128929e-01,  1.532727e+01
  2.239983e-01,  1.115230e+01
  2.204596e-01,  1.436046e+01
  2.036403e-01,  1.343549e+01
  2.051938e-01,  8.590526e+00
  2.190210e-01,  1.295416e+01
  2.148336e-01,  1.765678e+01
  2.131249e-01,  1.007770e+01
  2.220465e-01,  1.453481e+01
  2.201464e-01,  1.743274e+01
  2.114635e-01,  1.173870e+01
  2.149142e-01,  1.357285e+01
  2.119314e-01,  1.720753e+01
  2.154334e-01,  1.177797e+01
  2.110397e-01,  1.325016e+01
  2.108954e-01,  1.837618e+01
  2.204930e-01,  1.038610e+01
  2.213713e-01,  1.192287e+01
  2.078110e-01,  1.710450e+01
  2.119052e-01,  1.146358e+01
  2.253440e-01,  1.432793e+01
  2.028829e-01,  1.619922e+01
  2.027502e-01,  9.315914e+00
  2.058725e-01,  1.334527e+01
  2.097623e-01,  1.612533e+01
  2.157419e-01,  1.130281e+01
  2.170802e-01,  1.321836e+01
  2.149530e-01,  1.633789e+01
  2.141426e-01,  1.272527e+01
  2.204209e-01,  1.206589e+01
  2.109934e-01,  1.466735e+01
  2.155556e-01,  1.424656e+01
  2.273944e-01,  1.293491e+01
  2.164250e-01,  1.780849e+01
  2.207648e-01,  1.505793e+01
  2.257411e-01,  1.193118e+01
  2.114528e-01,  1.688836e+01
  2.109977e-01,  1.183993e+01
  2.187529e-01,  1.010825e+01
  2.153443e-01,  1.672855e+01
  2.123952e-01,  1.447683e+01
  2.204544e-01,  1.021904e+01
  2.189745e-01,  1.827989e+01
  2.153946e-01,  1.506249e+01
  2.197457e-01,  1.210768e+01
  2.071970e-01,  1.680966e+01
  2.131360e-01,  1.481893e+01
  2.190008e-01,  1.129377e+01
  2.150202e-01,  1.816090e+01
  2.143161e-01,  1.274821e+01
  2.097165e-01,  8.193775e+00
  2.189789e-01,  1.688911e+01
  2.068281e-01,  1.416918e+01
  2.257480e-01,  1.246226e+01
  2.103660e-01,  1.485307e+01
  1.983023e-01,  1.326329e+01
  2.121534e-01,  6.985908e+00
  2.184388e-01,  2.152106e+01
  2.178587e-01,  1.432709e+01
  2.166980e-01,  9.449223e+00
  2.204684e-01,  1.496369e+01
  2.027425e-01,  1.157727e+01
  2.179928e-01,  1.142226e+01
  2.141000e-01,  1.413170e+01
  2.101130e-01,  1.274630e+01
  2.161863e-01,  1.045328e+01
  2.205638e-01,  1.884531e+01
  2.040606e-01,  1.204036e+01
  2.213270e-01,  1.390658e+01
  2.200987e-01,  1.442776e+01
  2.071846e-01,  1.490048e+01
  2.231286e-01,  1.049539e+01
  2.182892e-01,  1.642718e+01
  2.069726e-01,  1.640419e+01
  2.160510e-01,  8.407703e+00
  2.162083e-01,  1.653717e+01
  2.049530e-01,  1.307173e+01
  2.164915e-01,  9.346401e+00
  2.173292e-01,  1.462618e+01
  2.188651e-01,  1.603656e+01
  2.124373e-01,  8.258443e+00
  2.207551e-01,  1.360877e+01
  2.096573e-01,  1.339078e+01
  2.115219e-01,  6.790960e+00
  2.166327e-01,  1.315172e+01
  2.173784e-01,  1.524725e+01
  2.087431e-01,  8.680409e+00
  2.178824e-01,  1.417200e+01
  2.080383e-01,  1.559513e+01
  2.058119e-01,  1.048177e+01
  2.221566e-01,  1.494835e+01
  1.987766e-01,  1.440555e+01
  2.012929e-01,  8.726740e+00
  2.218753e-01,  1.473489e+01
  2.186658e-01,  1.214173e+01
  2.082242e-01,  6.402444e+00
  2.258857e-01,  1.354581e+01
  2.111693e-01,  1.737117e+01
  2.217290e-01,  1.364809e+01
  2.183788e-01,  9.243917e+00
  2.101911e-01,  1.726859e+01
  2.115297e-01,  1.017888e+01
  2.157667e-01,  1.449440e+01
  2.227406e-01,  1.881565e+01
  2.145186e-01,  8.640031e+00
  2.207440e-01,  1.283920e+01
  2.139019e-01,  1.526982e+01
  2.161428e-01,  1.379703e+01
  2.224397e-01,  1.397470e+01
  2.164871e-01,  2.021928e+01
  2.122094e-01,  1.083243e+01
  2.152758e-01,  9.955961e+00
  2.177160e-01,  2.043789e+01
  2.213171e-01,  1.202309e+01
  2.168711e-01,  1.135911e+01
  2.119116e-01,  1.702158e+01
  2.046338e-01,  1.016983e+01
  2.247175e-01,  1.187855e+01
  2.118653e-01,  1.869952e+01
  2.159441e-01,  1.085145e+01
  2.216830e-01,  1.129632e+01
  2.156806e-01,  1.747955e+01
  2.216271e-01,  1.256690e+01
  2.173157e-01,  1.168688e+01
  2.279327e-01,  1.917519e+01
  2.132432e-01,  1.572109e+01
  2.192456e-01,  1.073340e+01
  2.149072e-01,  1.982024e+01
  2.113898e-01,  1.489784e+01
  2.202616e-01,  1.008302e+01
  2.108175e-01,  1.395330e+01
  2.147297e-01,  1.431749e+01
  2.254616e-01,  1.231545e+01
  2.117185e-01,  1.405365e+01
  2.073832e-01,  1.187278e+01
  2.202716e-01,  1.008023e+01
  2.053887e-01,  1.566133e+01
  2.089422e-01,  1.498742e+01
  2.218561e-01,  1.376163e+01
  2.089913e-01,  1.349928e+01
  2.188605e-01,  1.518862e+01
  2.247498e-01,  9.846803e+00
  2.119657e-01,  1.525506e+01
  1.998881e-01,  1.110388e+01
  2.186708e-01,  1.112279e+01
  2.152583e-01,  1.707200e+01
  1.936075e-01,  1.133682e+01
  2.185994e-01,  1.015748e+01
  2.134345e-01,  1.236345e+01
  2.080023e-01,  1.906560e+01
  2.211319e-01,  9.967244e+00
  2.193912e-01,  1.341234e+01
  2.083816e-01,  1.358072e+01
  2.107349e-01,  8.149360e+00
  2.163367e-01,  1.352105e+01
  2.076516e-01,  1.188017e+01
  2.103593e-01,  7.367402e+00
  2.186164e-01,  1.420932e+01
  2.079723e-01,  1.529476e+01
  2.138360e-01,  1.186914e+01
  2.158464e-01,  1.248595e+01
  2.106374e-01,  1.544254e+01
  2.177076e-01,  1.320096e+01
  2.167792e-01,  1.312080e+01
  2.086342e-01,  1.686158e+01
  2.108589e-01,  8.640097e+00
  2.169960e-01,  1.363343e+01
  2.064594e-01,  1.596168e+01
  2.062804e-01,  1.118471e+01
  2.155946e-01,  1.060162e+01
  2.134176e-01,  1.800112e+01
  2.245051e-01,  1.175247e+01
  2.180157e-01,  1.444070e+01
  2.068365e-01,  1.776474e+01
  2.222440e-01,  7.009092e+00
  2.193799e-01,  1.337096e+01
  2.078444e-01,  1.391180e+01
  2.041236e-01,  7.827641e+00
  2.204441e-01,  1.386573e+01
  2.121398e-01,  1.875374e+01
  2.076319e-01,  8.226772e+00
  2.158941e-01,  1.312219e+01
  2.146690e-01,  1.578809e+01
  2.082407e-01,  1.104732e+01
  2.143940e-01,  1.558937e+01
  2.165043e-01,  1.695789e+01
  2.084923e-01,  1.075236e+01
  2.178181e-01,  1.243086e+01
  2.139202e-01,  1.801145e+01
  2.100620e-01,  9.428195e+00
  2.177381e-01,  1.312302e+01
  2.136611e-01,  1.592004e+01
  2.123140e-01,  1.121288e+01
  2.211086e-01,  1.111574e+01
  2.105516e-01,  1.390808e+01
  2.147181e-01,  1.503147e+01
  2.207897e-01,  1.434290e+01
  2.184949e-01,  1.811320e+01
  2.036112e-01,  1.145042e+01
  2.197780e-01,  1.328618e+01
  2.196686e-01,  1.372747e+01
  2.089524e-01,  1.005333e+01
  2.213202e-01,  1.056229e+01
  2.184385e-01,  1.627084e+01
  2.155935e-01,  1.787583e+01
  2.177174e-01,  8.540046e+00
  2.181930e-01,  1.454399e+01
  1.968911e-01,  1.001689e+01
  2.111774e-01,  1.007955e+01
  2.166784e-01,  1.475518e+01
  2.019680e-01,  1.173546e+01
  2.246064e-01,  1.350588e+01
  2.157967e-01,  1.404081e+01
  2.036412e-01,  1.394088e+01
  2.292466e-01,  1.537948e+01
  2.220594e-01,  1.930105e+01
  2.026797e-01,  1.278357e+01
  2.080342e-01,  8.399023e+00
  2.164533e-01,  1.667930e+01
  2.144257e-01,  1.586170e+01
  2.148401e-01,  9.891915e+00
  2.065596e-01,  1.379691e+01
  2.123927e-01,  1.722781e+01
  2.252820e-01,  1.451359e+01
  2.150029e-01,  1.504402e+01
  2.119345e-01,  1.600529e+01
  2.199181e-01,  1.175312e+01
  2.191205e-01,  1.662349e+01
  2.158968e-01,  1.593125e+01
  2.121268e-01,  1.074129e+01
  2.190337e-01,  1.619860e+01
  2.203919e-01,  1.691552e+01
  2.113845e-01,  1.092362e+01
  2.164131e-01,  1.473236e+01
  2.079936e-01,  1.904747e+01
  2.192366e-01,  1.120638e+01
  2.189361e-01,  1.575626e+01
  2.136229e-01,  1.622624e+01
  2.177956e-01,  1.116258e+01
  2.226376e-01,  1.506966e+01
  2.130284e-01,  1.579364e+01
  2.095880e-01,  1.078333e+01
  2.196327e-01,  1.384948e+01
  2.061088e-01,  1.501205e+01
  2.149129e-01,  1.035859e+01
  2.180754e-01,  1.506100e+01
  2.006352e-01,  1.374198e+01
  2.045948e-01,  8.769472e+00
  2.197444e-01,  1.325857e+01
  2.177297e-01,  1.730306e+01
  2.164602e-01,  8.550884e+00
  2.171085e-01,  1.132615e+01
  2.127491e-01,  1.541734e+01
  2.140103e-01,  1.087009e+01
  2.161450e-01,  1.186208e+01
  2.047956e-01,  1.437638e+01
  2.044176e-01,  1.059925e+01
  2.161649e-01,  1.112555e+01
  2.138678e-01,  1.909990e+01
  2.106516e-01,  1.015579e+01
  2.220557e-01,  1.183739e+01
  2.113083e-01,  1.801911e+01
  2.002740e-01,  1.039282e+01
  2.184140e-01,  1.339108e+01
  2.169869e-01,  1.595560e+01
  2.009389e-01,  1.092658e+01
  2.254334e-01,  1.387460e+01
  2.213454e-01,  1.686149e+01
  2.029655e-01,  1.079873e+01
  2.212382e-01,  9.739371e+00
  2.122147e-01,  1.799643e+01
  2.120847e-01,  1.052969e+01
  2.218754e-01,  1.276949e+01
  2.174708e-01,  1.606268e+01
  2.036809e-01,  1.283668e+01
  2.213124e-01,  1.473171e+01
  2.087739e-01,  1.415995e+01
  2.030920e-01,  1.478459e+01
  2.265669e-01,  1.067579e+01
  2.166570e-01,  1.752596e+01
  2.118171e-01,  1.143905e+01
  2.127927e-01,  1.056253e+01
  2.135733e-01,  1.634031e+01
  2.009877e-01,  1.363238e+01
  2.245138e-01,  1.395236e+01
  2.205847e-01,  1.537514e+01
  2.082339e-01,  1.192537e+01
  2.217724e-01,  8.098731e+00
  2.117501e-01,  1.610842e+01
  2.077304e-01,  1.743077e+01
  2.143584e-01,  1.070916e+01
  2.185013e-01,  1.458584e+01
  2.072764e-01,  1.286089e+01
  2.217199e-01,  1.337649e+01
  2.191148e-01,  1.475880e+01
  2.117701e-01,  1.177820e+01
  2.220070e-01,  1.156683e+01
  2.192490e-01,  1.347125e+01
  2.079841e-01,  1.544227e+01
  2.150063e-01,  8.712752e+00
  2.119759e-01,  1.505327e+01
  1.988525e-01,  1.266313e+01
  2.177423e-01,  1.304754e+01
  2.180397e-01,  1.226965e+01
  2.102679e-01,  1.538737e+01
  2.176215e-01,  1.460449e+01
  2.173648e-01,  1.474679e+01
  2.071568e-01,  1.387199e+01
  2.149265e-01,  1.083568e+01
  2.135483e-01,  1.635456e+01
  2.067069e-01,  1.324722e+01
  2.180310e-01,  1.097404e+01
  2.238725e-01,  1.266598e+01
  2.161980e-01,  1.801801e+01
  2.177751e-01,  8.467744e+00
  2.154103e-01,  1.358629e+01
  1.995412e-01,  1.104411e+01
  2.147715e-01,  1.299506e+01
  2.192331e-01,  1.550935e+01
  2.025789e-01,  1.555497e+01
  2.178707e-01,  1.128331e+01
  2.128325e-01,  1.167886e+01
  2.002215e-01,  1.855616e+01
  2.158809e-01,  1.163485e+01
  2.153137e-01,  1.426217e+01
  2.154667e-01,  1.682458e+01
  2.179570e-01,  1.301144e+01
  2.182184e-01,  1.316864e+01
  2.112570e-01,  2.051240e+01
  2.134911e-01,  7.681093e+00
  2.146369e-01,  1.468374e+01
  2.130321e-01,  1.632444e+01
  2.149925e-01,  1.004613e+01
  2.170202e-01,  1.488679e+01
  2.093108e-01,  1.738040e+01
  2.161994e-01,  1.195051e+01
  2.187167e-01,  1.093915e+01
  1.931608e-01,  1.593505e+01
  2.151277e-01,  8.022735e+00
  2.164884e-01,  1.296564e+01
  2.129269e-01,  1.705200e+01
  2.146113e-01,  1.181966e+01
  2.175064e-01,  1.285161e+01
  2.147421e-01,  1.713042e+01
  2.092906e-01,  1.087869e+01
  2.197334e-01,  1.240362e+01
  2.107397e-01,  1.831836e+01
  2.150116e-01,  1.101905e+01
  2.228409e-01,  1.016341e+01
  2.080369e-01,  1.548550e+01
  2.099490e-01,  1.124938e+01
  2.216679e-01,  1.415816e+01
  2.199180e-01,  2.045528e+01
  2.177324e-01,  1.422391e+01
  2.173413e-01,  1.143859e+01
  2.197962e-01,  1.784520e+01
  2.049197e-01,  1.107731e+01
  2.163365e-01,  7.254958e+00
  2.075681e-01,  1.444278e+01
  2.037083e-01,  1.185825e+01
  2.225223e-01,  7.749859e+00
  2.049768e-01,  1.557191e+01
  2.164629e-01,  1.446314e+01
  2.220537e-01,  1.214936e+01
  2.189758e-01,  1.448641e+01
  2.054390e-01,  1.291890e+01
  2.172425e-01,  1.482465e+01
  2.142576e-01,  1.292294e+01
  2.037377e-01,  1.212322e+01
  2.166626e-01,  1.051151e+01
  2.165129e-01,  1.694585e+01
  2.091388e-01,  1.511678e+01
  2.074672e-01,  1.071346e+01
  2.186555e-01,  1.425221e+01
  1.976331e-01,  1.247449e+01
  2.179700e-01,  1.065398e+01
  2.210362e-01,  1.857421e+01
  2.153132e-01,  1.287486e+01
  2.203405e-01,  9.514951e+00
  2.168567e-01,  1.622909e+01
  2.226539e-01,  1.517861e+01
  2.159234e-01,  1.002671e+01
  2.230557e-01,  1.289355e+01
  2.032499e-01,  1.562765e+01
  2.142924e-01,  8.369443e+00
  2.214160e-01,  1.748302e+01
  2.060063e-01,  1.366558e+01
  2.224604e-01,  1.144192e+01
  2.206169e-01,  1.685760e+01
  2.113544e-01,  1.490283e+01
  2.161972e-01,  1.056797e+01
  2.226980e-01,  1.459221e+01
  2.060139e-01,  1.343233e+01
  2.070502e-01,  1.240616e+01
  2.196926e-01,  1.487132e+01
  2.068783e-01,  1.694824e+01
  2.176664e-01,  1.083744e+01
  2.120581e-01,  1.158189e+01
  2.087993e-01,  1.836148e+01
  2.203366e-01,  1.070629e+01
  2.199073e-01,  1.372854e+01
  2.050075e-01,  1.446844e+01
  2.176331e-01,  1.157239e+01
  2.191780e-01,  1.076966e+01
  2.015309e-01,  1.595845e+01
  2.111851e-01,  9.608706e+00
  2.160247e-01,  1.383856e+01
  2.180627e-01,  1.778762e+01
  2.166157e-01,  1.300693e+01
  2.217736e-01,  1.351003e+01
  2.029042e-01,  1.726728e+01
  2.113176e-01,  1.174265e+01
  2.207788e-01,  1.141295e+01
  2.134051e-01,  1.821099e+01
  2.156657e-01,  1.162942e+01
  2.228751e-01,  1.356891e+01
  2.149564e-01,  1.301161e+01
  2.057358e-01,  1.201669e+01
  2.252128e-01,  1.360809e+01
  2.201179e-01,  1.790126e+01
  2.161353e-01,  1.526328e+01
  2.222172e-01,  9.274672e+00
  2.058112e-01,  1.385001e+01
  2.141464e-01,  1.228727e+01
  2.203346e-01,  1.186948e+01
  2.055666e-01,  1.679180e+01
  2.057407e-01,  7.080082e+00
  2.213185e-01,  1.249929e+01
  2.142998e-01,  1.788600e+01
  1.989815e-01,  9.845815e+00
  2.199444e-01,  1.281519e+01
  2.119936e-01,  1.455742e+01
  2.111254e-01,  9.884080e+00
  2.152864e-01,  9.358439e+00
  2.140159e-01,  1.631813e+01
  2.206775e-01,  1.551423e+01
  2.189548e-01,  1.261785e+01
  2.178388e-01,  1.433997e+01
  2.104658e-01,  1.382213e+01
  2.173355e-01,  1.297138e+01
  2.224855e-01,  1.599563e+01
  2.094279e-01,  1.660038e+01
  2.191398e-01,  9.359431e+00
  2.169937e-01,  1.548653e+01
  2.141758e-01,  1.759441e+01
  2.222059e-01,  1.022613e+01
  2.163035e-01,  1.687638e+01
  2.086824e-01,  1.425273e+01
  2.161434e-01,  1.034782e+01
  2.211387e-01,  1.559867e+01
  2.087433e-01,  1.449775e+01
  2.145892e-01,  9.321868e+00
  2.141361e-01,  1.478979e+01
  2.036547e-01,  1.386791e+01
  2.112154e-01,  9.315141e+00
  2.241450e-01,  1.477979e+01
  1.956365e-01,  1.481306e+01
  2.134414e-01,  1.070945e+01
  2.219472e-01,  1.622989e+01
  2.155975e-01,  1.696622e+01
  2.206662e-01,  1.181033e+01
  2.056340e-01,  1.329001e+01
  2.101652e-01,  1.629981e+01
  2.145606e-01,  1.120693e+01
  2.198167e-01,  1.149363e+01
  2.156460e-01,  1.846011e+01
  2.204842e-01,  1.130407e+01
  2.149176e-01,  1.096525e+01
  2.020037e-01,  1.510667e+01
  2.098621e-01,  9.472773e+00
  2.229204e-01,  1.309047e+01
  2.107646e-01,  1.603311e+01
  2.156390e-01,  8.448388e+00
  2.162907e-01,  1.405091e+01
  2.212975e-01,  1.793361e+01
  2.176806e-01,  9.807102e+00
  2.169405e-01,  1.346352e+01
  2.198599e-01,  1.817702e+01
  2.052311e-01,  8.783945e+00
  2.229071e-01,  1.298802e+01
  2.202721e-01,  1.918864e+01
  2.188884e-01,  1.489919e+01
  2.191968e-01,  9.911293e+00
  2.150097e-01,  1.801844e+01
  2.211025e-01,  1.363401e+01
  2.203245e-01,  1.162154e+01
  2.101642e-01,  1.459382e+01
  2.005382e-01,  7.353559e+00
  2.103572e-01,  1.252762e+01
  2.085751e-01,  1.562999e+01
  2.047558e-01,  1.244630e+01
  2.220503e-01,  1.272051e+01
  2.177450e-01,  1.794292e+01
  2.112785e-01,  1.349077e+01
  2.212629e-01,  1.345002e+01
  2.069078e-01,  1.450219e+01
  2.130294e-01,  1.561465e+01
  2.277114e-01,  1.297911e+01
  2.226621e-01,  1.852830e+01
  2.162486e-01,  1.498543e+01
  2.261740e-01,  1.541811e+01
  2.198963e-01,  1.653769e+01
  2.099543e-01,  1.260152e+01
  2.206437e-01,  1.202048e+01
  2.109459e-01,  1.557827e+01
  2.191093e-01,  1.521114e+01
  2.196918e-01,  1.088532e+01
  2.190189e-01,  2.003032e+01
  2.138067e-01,  1.474456e+01
  2.149952e-01,  9.225544e+00
  2.198401e-01,  1.525482e+01
  2.056032e-01,  1.262651e+01
  2.173869e-01,  1.348664e+01
  2.183244e-01,  1.578962e+01
  1.920329e-01,  9.757592e+00
  2.201255e-01,  1.388920e+01
  2.124286e-01,  1.825530e+01
  2.158488e-01,  1.629743e+01
  2.241528e-01,  1.090398e+01
  2.139691e-01,  1.914143e+01
  2.144033e-01,  1.280972e+01
  2.163708e-01,  1.043399e+01
  2.180706e-01,  1.537674e+01
  2.118871e-01,  1.847830e+01
  2.207990e-01,  9.551028e+00
  2.147918e-01,  2.110957e+01
  2.275338e-01,  1.473802e+01
  2.102671e-01,  1.171879e+01
  2.192408e-01,  1.422450e+01
  1.969678e-01,  1.089979e+01
  2.126525e-01,  1.305464e+01
  2.130652e-01,  1.379791e+01
  2.074980e-01,  1.390119e+01
  2.089214e-01,  8.779106e+00
  2.188668e-01,  1.706320e+01
  2.013530e-01,  9.279988e+00
  2.193909e-01,  1.362610e+01
  2.180402e-01,  9.009765e+00
  2.166259e-01,  2.279378e+01
  2.263663e-01,  3.688817e+00
  2.213059e-01,  1.992225e+01
  2.077102e-01,  7.267569e+00
  2.223130e-01,  1.994207e+01
  2.221963e-01,  6.944656e+00
  2.160204e-01,  2.265294e+01
  2.122279e-01,  3.576161e+02
  2.243065e-01,  2.441415e+01
  1.149477e+00,  2.620824e+02
  2.914936e+00,  2.951560e+02
  3.370014e+00,  2.569213e+02
  5.895033e+00,  1.892413e+02
  9.229832e+00,  1.747040e+02
  1.290679e+01,  1.654893e+02
  1.616847e+01,  1.593389e+02
  1.826534e+01,  1.552352e+02
  1.947046e+01,  1.536265e+02
  2.089810e+01,  1.557428e+02
  2.246498e+01,  1.622379e+02
  2.298377e+01,  1.686375e+02
  2.209580e+01,  1.732364e+02
  2.099672e+01,  1.753923e+02
  1.990478e+01,  1.759387e+02
  1.825331e+01,  1.742685e+02
  1.532503e+01,  1.690187e+02
  1.253911e+01,  1.618521e+02
  1.041703e+01,  1.568047e+02
  8.273916e+00,  1.512072e+02
  6.351587e+00,  1.402361e+02
  5.336637e+00,  1.233056e+02
  4.739162e+00,  1.003803e+02
  5.005610e+00,  6.512367e+01
  6.863009e+00,  3.909496e+01
  8.824860e+00,  2.672348e+01
  9.942700e+00,  2.009218e+01
  1.032388e+01,  1.535038e+01
  1.061920e+01,  1.149626e+01
  1.105361e+01,  6.422148e+00
  1.121015e+01,  3.579672e+02
  1.145361e+01,  3.483002e+02
  1.204513e+01,  3.440083e+02
  1.260653e+01,  3.449899e+02
  1.294161e+01,  3.492991e+02
  1.300505e+01,  3.562748e+02
  1.301087e+01,  5.445276e+00
  1.331197e+01,  1.363171e+01
  1.405830e+01,  1.876659e+01
  1.493878e+01,  2.047237e+01
  1.545982e+01,  2.022009e+01
  1.501252e+01,  2.045148e+01
  1.372398e+01,  2.378010e+01
  1.207323e+01,  2.898721e+01
  1.002871e+01,  3.248254e+01
  7.292902e+00,  3.650396e+01
  4.453190e+00,  4.484221e+01
  2.331978e+00,  6.055557e+01
  1.220307e+00,  7.604363e+01
  5.050313e-01,  8.665271e+01
  6.954933e-01,  3.178762e+02
  3.773444e+00,  3.408609e+02
  8.904868e+00,  3.498668e+02
  1.423528e+01,  3.543856e+02
  1.877364e+01,  3.566313e+02
  2.314574e+01,  3.578220e+02
  2.666521e+01,  3.578825e+02
  2.762498e+01,  3.570408e+02
  2.631627e+01,  3.566601e+02
  2.338115e+01,  3.567679e+02
  1.969724e+01,  3.568412e+02
  1.632305e+01,  3.590350e+02
  1.307870e+01,  3.960113e+00
  1.011709e+01,  9.234336e+00
  6.963391e+00,  1.478208e+01
  3.413881e+00,  3.072100e+01
  2.252768e+00,  1.003798e+02
  3.573562e+00,  1.346731e+02
  4.378686e+00,  1.478294e+02
  4.932514e+00,  1.599823e+02
  5.315114e+00,  1.693661e+02
  5.439415e+00,  1.767751e+02
  5.752760e+00,  1.795000e+02
  6.437021e+00,  1.750034e+02
  7.595300e+00,  1.660180e+02
  8.948889e+00,  1.586022e+02
  1.028694e+01,  1.536056e+02
  1.167284e+01,  1.501758e+02
  1.313448e+01,  1.473336e+02
  1.480697e+01,  1.453793e+02
  1.690990e+01,  1.455446e+02
  1.944057e+01,  1.482298e+02
  2.144531e+01,  1.540790e+02
  2.213102e+01,  1.623938e+02
  2.013844e+01,  1.694480e+02
  1.733781e+01,  1.719223e+02
  1.518313e+01,  1.708995e+02
  1.277781e+01,  1.690342e+02
  9.780171e+00,  1.700258e+02
  6.716882e+00,  1.661587e+02
  3.865557e+00,  1.540453e+02
  1.717300e+00,  9.305591e+01
  3.557972e+00,  2.318798e+01
  6.788615e+00,  1.436892e+01
  9.639595e+00,  1.023728e+01
  1.191441e+01,  7.699484e+00
  1.316318e+01,  5.003611e+00
  1.289549e+01,  2.101586e+00
  8.879350e+00,  3.290734e+02
  1.735786e+00,  2.302996e+02
##END=