##TITLE= twqubit_C134690andH90_C_25000.txt
##JCAMP-DX= 5.00 Bruker JCAMP library
##DATA TYPE= Shape Data
##ORIGIN= Colm's GRAPE Pulses 
##OWNER= Dawei.Lu
##DATE= 24-Feb-2015
##TIME= 11:44
##MINX= 4.813386e-01
##MAXX= 2.481282e+01
##MINY= 1.807921e+00
##MAXY= 3.598715e+02
##$SHAPE_EXMODE= None
##$SHAPE_TOTROT= 9.000000e+01
##$SHAPE_BWFAC= 1.000000e+00
##$SHAPE_INTEGFAC= 1.000000e+00
##$SHAPE_MODE= 1
##PULSE_WIDTH= 1000
##Calibration_Power= 25000
##NPOINTS= 100
##XYPOINTS= (XY..XY)
  6.033956e+00,  1.293928e+02
  5.799102e+00,  1.366822e+02
  3.412376e+00,  2.674519e+02
  1.490539e+01,  2.991133e+02
  1.619319e+01,  3.027114e+02
  7.449442e+00,  2.896899e+02
  7.334779e+00,  1.789591e+02
  1.360853e+01,  1.695861e+02
  1.068070e+01,  1.831081e+02
  4.828008e+00,  2.684500e+02
  1.339980e+01,  3.357240e+02
  2.015923e+01,  3.544511e+02
  2.134593e+01,  8.636920e+00
  1.801048e+01,  2.004957e+01
  1.171185e+01,  2.024080e+01
  7.005924e+00,  3.437470e+02
  8.276387e+00,  3.064084e+02
  6.545271e+00,  2.991523e+02
  4.813386e-01,  1.778919e+02
  7.355209e+00,  1.325357e+02
  9.184914e+00,  1.370261e+02
  4.391119e+00,  1.365229e+02
  4.115712e+00,  3.574532e+02
  1.055526e+01,  3.598715e+02
  1.276756e+01,  1.109147e+01
  1.119006e+01,  1.741251e+01
  8.638118e+00,  4.026371e+00
  9.404487e+00,  3.372476e+02
  1.059462e+01,  3.315278e+02
  7.021766e+00,  3.495277e+02
  5.926079e+00,  8.608398e+01
  1.385157e+01,  1.166350e+02
  1.679038e+01,  1.142555e+02
  1.477113e+01,  8.806788e+01
  1.642016e+01,  4.723460e+01
  1.865503e+01,  2.574284e+01
  1.320064e+01,  1.263442e+01
  4.027180e+00,  3.085311e+02
  9.649364e+00,  2.307969e+02
  9.497563e+00,  2.292637e+02
  2.764551e+00,  3.254070e+02
  1.454245e+01,  2.919534e+01
  2.226443e+01,  4.050684e+01
  2.018154e+01,  5.432334e+01
  1.212909e+01,  8.188154e+01
  7.579397e+00,  1.328822e+02
  5.500381e+00,  1.464636e+02
  6.261157e+00,  8.360885e+01
  1.175895e+01,  6.673929e+01
  1.158074e+01,  6.981002e+01
  5.302246e+00,  8.579169e+01
  2.896980e+00,  1.961335e+02
  4.415123e+00,  2.009596e+02
  5.444101e+00,  1.480332e+02
  8.011022e+00,  1.284504e+02
  4.681022e+00,  1.446545e+02
  6.591771e+00,  2.751819e+02
  1.551394e+01,  2.981308e+02
  1.692067e+01,  3.178481e+02
  1.265249e+01,  1.807921e+00
  1.609137e+01,  6.071878e+01
  2.076620e+01,  8.295916e+01
  1.642326e+01,  8.738584e+01
  5.780745e+00,  5.611656e+01
  9.832289e+00,  3.191782e+02
  1.378337e+01,  3.096785e+02
  8.320022e+00,  3.014642e+02
  3.826616e+00,  1.902070e+02
  1.023595e+01,  1.622950e+02
  9.204902e+00,  1.647936e+02
  1.514479e+00,  1.919349e+02
  7.405764e+00,  3.470076e+02
  1.177108e+01,  3.551053e+02
  1.098917e+01,  3.555677e+02
  8.919519e+00,  3.383013e+02
  1.039687e+01,  3.149686e+02
  1.304969e+01,  3.085302e+02
  1.262281e+01,  3.063375e+02
  8.809220e+00,  2.921696e+02
  6.570575e+00,  2.500867e+02
  6.749118e+00,  2.274449e+02
  3.912335e+00,  2.538379e+02
  6.384754e+00,  3.404997e+02
  1.216291e+01,  3.526274e+02
  1.492050e+01,  3.443758e+02
  1.718253e+01,  3.263775e+02
  2.134887e+01,  3.142192e+02
  2.481282e+01,  3.146912e+02
  2.454905e+01,  3.240329e+02
  1.831930e+01,  3.382440e+02
  6.019337e+00,  2.027316e+00
  8.427169e+00,  1.715603e+02
  1.665219e+01,  1.914608e+02
  1.412663e+01,  2.126480e+02
  6.721915e+00,  2.850666e+02
  1.426138e+01,  3.583560e+02
  1.691237e+01,  1.394747e+01
  7.738341e+00,  4.510439e+00
  1.044513e+01,  2.523198e+02
  9.336641e+00,  2.458526e+02
##END=
