##TITLE= twqubit_encoding3_C_nobufferfix7
##JCAMP-DX= 5.00 Bruker JCAMP library
##DATA TYPE= Shape Data
##ORIGIN= Colm Fixed Pulses 
##OWNER= d29lu
##DATE= 12-May-2015
##TIME= 16:32
##MINX= 7.883123e-02
##MAXX= 3.664748e+01
##MINY= 7.663202e-01
##MAXY= 3.591824e+02
##$SHAPE_EXMODE= None
##$SHAPE_TOTROT= 9.000000e+01
##$SHAPE_BWFAC= 1.000000e+00
##$SHAPE_INTEGFAC= 1.000000e+00
##$SHAPE_MODE= 1
##NPOINTS= 736
##XYPOINTS= (XY..XY)
  1.882064e+00,  2.546682e+00
  1.547555e+01,  1.252524e+02
  2.103766e+01,  1.711773e+02
  1.921968e+01,  2.420030e+02
  1.327825e+01,  3.297673e+02
  1.913277e+01,  3.290113e+01
  1.688721e+01,  6.428743e+01
  2.930285e+00,  1.077633e+02
  1.045061e+01,  2.641196e+02
  1.356498e+01,  2.982875e+02
  9.367913e+00,  3.569538e+02
  1.095533e+01,  6.788635e+01
  9.986388e+00,  9.528012e+01
  1.429280e+00,  8.879657e+01
  7.055829e+00,  3.159784e+02
  1.091993e+01,  3.410165e+02
  1.369451e+01,  3.182130e+01
  1.922671e+01,  7.983593e+01
  1.812088e+01,  1.209084e+02
  9.928835e+00,  2.031565e+02
  1.996059e+01,  2.985390e+02
  2.620707e+01,  3.364399e+02
  1.850705e+01,  1.702083e+01
  1.500426e+01,  9.426584e+01
  1.936195e+01,  1.276849e+02
  1.413743e+01,  1.027580e+02
  1.711904e+01,  4.683435e+01
  1.909423e+01,  3.179837e+01
  9.795592e+00,  2.569446e+01
  3.892265e+00,  2.164777e+02
  1.040251e+01,  1.904758e+02
  1.072675e+01,  1.514088e+02
  1.345540e+01,  1.049815e+02
  1.601956e+01,  7.484131e+01
  1.436334e+01,  3.592524e+01
  1.432230e+01,  3.525313e+02
  1.224640e+01,  3.154122e+02
  1.150355e+01,  2.631029e+02
  1.427028e+01,  2.268765e+02
  1.279084e+01,  2.038794e+02
  9.281955e+00,  1.622213e+02
  1.142487e+01,  1.386991e+02
  1.338128e+01,  1.639497e+02
  1.514147e+01,  2.086467e+02
  1.459657e+01,  2.551610e+02
  1.332270e+01,  3.182921e+02
  1.638585e+01,  1.010621e+01
  1.371665e+01,  2.205423e+01
  8.605009e+00,  3.169033e+02
  2.001707e+01,  2.845191e+02
  2.313514e+01,  2.883067e+02
  1.110065e+01,  2.907253e+02
  5.506880e+00,  1.047553e+02
  1.533378e+01,  1.103482e+02
  1.390406e+01,  1.186969e+02
  5.372704e+00,  1.172165e+02
  2.214102e+00,  4.468255e+01
  4.007520e+00,  5.418138e+01
  4.498350e+00,  7.829036e+01
  1.503929e+00,  1.666791e+02
  8.938033e+00,  2.520460e+02
  1.603544e+01,  2.625463e+02
  1.370023e+01,  2.609864e+02
  4.161698e+00,  1.934924e+02
  1.256956e+01,  1.235346e+02
  1.377254e+01,  1.169606e+02
  3.007083e+00,  1.917634e+01
  2.027316e+01,  3.251538e+02
  2.735170e+01,  3.302880e+02
  1.455177e+01,  3.378004e+02
  1.127403e+01,  1.322958e+02
  2.962299e+01,  1.456743e+02
  2.563273e+01,  1.436309e+02
  9.914610e+00,  7.033611e+01
  2.317163e+01,  1.045119e+01
  1.979407e+01,  2.240683e+01
  9.739301e+00,  1.158676e+02
  2.048564e+01,  1.803501e+02
  1.610902e+01,  2.144371e+02
  1.015697e+01,  3.247623e+02
  2.266378e+01,  2.876620e+01
  2.821097e+01,  6.528509e+01
  3.132070e+01,  9.360567e+01
  3.453972e+01,  1.065450e+02
  3.664748e+01,  1.080700e+02
  3.577178e+01,  1.061551e+02
  2.954694e+01,  1.174125e+02
  1.396079e+01,  1.571836e+02
  1.093917e+01,  2.713025e+02
  1.601036e+01,  3.310788e+02
  1.673649e+01,  5.216956e+01
  2.922390e+01,  1.102253e+02
  3.470271e+01,  1.386559e+02
  2.322132e+01,  1.709926e+02
  1.383464e+01,  2.605391e+02
  2.917435e+01,  3.252707e+02
  3.360101e+01,  3.559220e+02
  2.437725e+01,  3.075444e+01
  1.532116e+01,  1.110205e+02
  8.607522e+00,  2.462189e+02
  4.521505e+00,  6.096704e+01
  2.256105e+00,  2.397857e+02
  8.527563e-01,  4.959095e+01
  4.817728e-01,  2.674374e+02
  1.924136e-01,  7.401291e+01
  3.889891e-01,  2.849124e+02
  1.777410e-01,  7.270646e+01
  3.412282e-01,  2.849158e+02
  1.586358e-01,  5.819283e+01
  3.005379e-01,  2.863216e+02
  1.307941e-01,  4.321573e+01
  2.465560e-01,  2.911799e+02
  1.172328e-01,  2.036983e+01
  2.028970e-01,  2.956884e+02
  1.269687e-01,  3.591824e+02
  1.599488e-01,  3.084173e+02
  1.304143e-01,  3.425089e+02
  1.384148e-01,  3.176587e+02
  1.545962e-01,  3.286406e+02
  1.085335e-01,  3.331672e+02
  1.670780e-01,  3.192326e+02
  1.037425e-01,  3.424569e+02
  1.918215e-01,  3.157447e+02
  8.940501e-02,  3.582091e+02
  1.869313e-01,  3.105022e+02
  1.047403e-01,  3.542699e+02
  1.912851e-01,  3.117400e+02
  9.642456e-02,  3.838286e+00
  1.880511e-01,  3.063923e+02
  1.099368e-01,  3.559521e+02
  1.895900e-01,  3.082898e+02
  1.095223e-01,  7.663202e-01
  1.697487e-01,  3.097310e+02
  1.245657e-01,  3.473530e+02
  1.573194e-01,  3.130684e+02
  1.166080e-01,  3.467212e+02
  1.512299e-01,  3.159853e+02
  1.443926e-01,  3.352086e+02
  1.375237e-01,  3.216248e+02
  1.493661e-01,  3.274529e+02
  1.175406e-01,  3.308413e+02
  1.594672e-01,  3.218699e+02
  1.215302e-01,  3.359874e+02
  1.540526e-01,  3.197467e+02
  1.174898e-01,  3.361569e+02
  1.525870e-01,  3.200807e+02
  1.178237e-01,  3.396055e+02
  1.615223e-01,  3.174941e+02
  1.075061e-01,  3.429820e+02
  1.805118e-01,  3.177992e+02
  1.125229e-01,  3.420825e+02
  1.564832e-01,  3.205437e+02
  1.226995e-01,  3.376132e+02
  1.561852e-01,  3.194536e+02
  1.224117e-01,  3.394800e+02
  1.551082e-01,  3.187014e+02
  1.310684e-01,  3.370993e+02
  1.282223e-01,  3.190551e+02
  1.472294e-01,  3.359078e+02
  1.322335e-01,  3.225085e+02
  1.458717e-01,  3.295602e+02
  1.393078e-01,  3.255763e+02
  1.494008e-01,  3.248520e+02
  1.296138e-01,  3.285609e+02
  1.507682e-01,  3.256786e+02
  1.242119e-01,  3.348974e+02
  1.495919e-01,  3.218994e+02
  1.220973e-01,  3.354414e+02
  1.542505e-01,  3.215148e+02
  1.231141e-01,  3.367211e+02
  1.532257e-01,  3.195606e+02
  1.198928e-01,  3.353961e+02
  1.615264e-01,  3.208912e+02
  1.225368e-01,  3.347929e+02
  1.473058e-01,  3.236681e+02
  1.292058e-01,  3.325618e+02
  1.398302e-01,  3.235335e+02
  1.407856e-01,  3.311919e+02
  1.269555e-01,  3.267922e+02
  1.371775e-01,  3.292737e+02
  1.421536e-01,  3.245299e+02
  1.462621e-01,  3.311227e+02
  1.250977e-01,  3.254018e+02
  1.504608e-01,  3.281436e+02
  1.301492e-01,  3.266317e+02
  1.475102e-01,  3.294198e+02
  1.307855e-01,  3.274720e+02
  1.483180e-01,  3.262328e+02
  1.280463e-01,  3.312056e+02
  1.529203e-01,  3.240721e+02
  1.258144e-01,  3.327530e+02
  1.510195e-01,  3.203725e+02
  1.333835e-01,  3.339060e+02
  1.382884e-01,  3.234208e+02
  1.351506e-01,  3.297076e+02
  1.374759e-01,  3.254318e+02
  1.409353e-01,  3.301088e+02
  1.401769e-01,  3.227293e+02
  1.373600e-01,  3.303960e+02
  1.393351e-01,  3.242379e+02
  1.400375e-01,  3.311633e+02
  1.363347e-01,  3.267803e+02
  1.462720e-01,  3.281048e+02
  1.309328e-01,  3.273382e+02
  1.369553e-01,  3.304502e+02
  1.257464e-01,  3.295712e+02
  1.429930e-01,  3.276306e+02
  1.365103e-01,  3.270978e+02
  1.451146e-01,  3.248824e+02
  1.342631e-01,  3.312851e+02
  1.442894e-01,  3.266912e+02
  1.355398e-01,  3.287860e+02
  1.474956e-01,  3.253337e+02
  1.362405e-01,  3.269075e+02
  1.494246e-01,  3.251114e+02
  1.219195e-01,  3.316230e+02
  1.493822e-01,  3.234331e+02
  1.457794e-01,  3.300551e+02
  1.357775e-01,  3.269455e+02
  1.428297e-01,  3.267656e+02
  1.473790e-01,  3.282396e+02
  1.385092e-01,  3.287048e+02
  1.282627e-01,  3.274827e+02
  1.458372e-01,  3.269834e+02
  1.232294e-01,  3.300845e+02
  1.505926e-01,  3.293575e+02
  1.294798e-01,  3.277167e+02
  1.429835e-01,  3.293958e+02
  1.297434e-01,  3.271433e+02
  1.495377e-01,  3.281178e+02
  1.163357e-01,  3.279814e+02
  1.441634e-01,  3.274383e+02
  1.313906e-01,  3.291109e+02
  1.436546e-01,  3.298803e+02
  1.254892e-01,  3.271359e+02
  1.367272e-01,  3.289128e+02
  1.330331e-01,  3.287558e+02
  1.376130e-01,  3.303281e+02
  1.451557e-01,  3.264020e+02
  1.404681e-01,  3.263582e+02
  1.527398e-01,  3.244152e+02
  1.255536e-01,  3.264584e+02
  1.498296e-01,  3.295320e+02
  1.243464e-01,  3.279649e+02
  1.450128e-01,  3.272302e+02
  1.175791e-01,  3.321275e+02
  1.588547e-01,  3.231167e+02
  1.191586e-01,  3.312054e+02
  1.491414e-01,  3.285201e+02
  1.209797e-01,  3.302587e+02
  1.448745e-01,  3.323529e+02
  1.252000e-01,  3.213402e+02
  1.454812e-01,  3.352136e+02
  1.234920e-01,  3.215977e+02
  1.537201e-01,  3.317272e+02
  1.301343e-01,  3.191708e+02
  1.412402e-01,  3.399448e+02
  1.264679e-01,  3.152993e+02
  1.490277e-01,  3.392857e+02
  1.364808e-01,  3.127526e+02
  1.432200e-01,  3.415049e+02
  1.497286e-01,  3.163118e+02
  1.380871e-01,  3.379840e+02
  1.587385e-01,  3.153827e+02
  1.105059e-01,  3.477850e+02
  1.691471e-01,  3.095525e+02
  1.120352e-01,  3.513287e+02
  1.842127e-01,  3.094919e+02
  1.024379e+00,  9.468400e+01
  1.395990e+01,  1.311434e+02
  2.117999e+01,  1.427974e+02
  1.540374e+01,  2.039347e+02
  2.230268e+01,  2.831695e+02
  3.446359e+01,  3.202526e+02
  2.478386e+01,  3.287555e+02
  7.760493e+00,  2.841134e+02
  1.636453e+01,  1.905184e+02
  2.211002e+01,  1.823781e+02
  1.534971e+01,  1.821397e+02
  1.717545e+00,  1.218612e+02
  1.107857e+01,  2.497475e+01
  1.408074e+01,  2.864075e+01
  6.760893e+00,  3.044823e+01
  5.695547e+00,  2.367558e+02
  1.593644e+01,  2.448157e+02
  1.849322e+01,  2.591834e+02
  1.162861e+01,  2.725416e+02
  1.812920e+00,  3.468559e+02
  8.757185e+00,  7.837022e+01
  1.078843e+01,  8.266680e+01
  6.454689e+00,  5.325968e+01
  9.573806e+00,  3.412125e+02
  1.607758e+01,  3.289324e+02
  1.577961e+01,  3.262868e+02
  9.743296e+00,  3.091476e+02
  7.975731e+00,  2.612698e+02
  9.809685e+00,  2.415455e+02
  7.314264e+00,  2.380033e+02
  6.495947e-01,  1.427571e+02
  1.049607e+01,  7.802561e+01
  2.030813e+01,  8.181968e+01
  2.363941e+01,  8.174273e+01
  1.988915e+01,  8.034045e+01
  1.236314e+01,  8.335188e+01
  4.168952e+00,  1.171695e+02
  6.076094e+00,  2.075405e+02
  1.166094e+01,  2.215176e+02
  1.503538e+01,  2.230126e+02
  1.496192e+01,  2.228636e+02
  1.049164e+01,  2.294281e+02
  3.318146e+00,  2.792684e+02
  7.702690e+00,  2.329228e+01
  1.323966e+01,  5.249891e+01
  1.347827e+01,  8.763547e+01
  1.255866e+01,  1.431677e+02
  1.414017e+01,  1.912889e+02
  1.191742e+01,  2.310103e+02
  8.614837e+00,  2.887953e+02
  7.881986e+00,  3.380880e+02
  2.394771e+00,  4.176360e+01
  9.565632e+00,  1.573454e+02
  1.705280e+01,  1.702563e+02
  1.379472e+01,  1.653170e+02
  7.323282e+00,  8.430337e+01
  1.742492e+01,  4.309884e+01
  1.903304e+01,  4.356551e+01
  1.011380e+01,  7.321091e+01
  1.514959e+01,  1.575180e+02
  2.610105e+01,  1.724547e+02
  2.738214e+01,  1.640318e+02
  2.336589e+01,  1.436277e+02
  1.453233e+01,  1.305831e+02
  3.893234e+00,  1.479592e+02
  4.884124e+00,  2.289476e+02
  8.186865e+00,  2.142170e+02
  1.106623e+01,  1.988405e+02
  1.218164e+01,  2.038242e+02
  1.063006e+01,  2.390975e+02
  1.035699e+01,  2.930887e+02
  1.058423e+01,  3.541169e+02
  1.549451e+01,  5.842148e+01
  2.090195e+01,  9.933438e+01
  1.865964e+01,  1.332772e+02
  1.032580e+01,  1.768319e+02
  6.531474e+00,  2.694379e+02
  9.158480e+00,  3.301826e+02
  6.527008e+00,  5.836685e+00
  2.266368e+00,  1.930988e+02
  1.485812e+01,  2.270932e+02
  2.309714e+01,  2.403529e+02
  1.777965e+01,  2.379685e+02
  4.432592e+00,  1.783496e+02
  1.262442e+01,  7.759362e+01
  1.797566e+01,  6.519999e+01
  1.525051e+01,  3.893472e+01
  1.315492e+01,  3.456666e+02
  1.477442e+01,  3.054647e+02
  1.282167e+01,  2.820092e+02
  7.233321e+00,  2.565046e+02
  2.413191e+00,  2.142875e+02
  1.103159e+00,  6.702713e+01
  3.731743e+00,  3.012574e+01
  4.831451e+00,  2.969137e+01
  3.481863e+00,  6.084819e+01
  5.294720e+00,  1.135560e+02
  8.354454e+00,  1.261681e+02
  8.259103e+00,  1.242936e+02
  4.393674e+00,  1.158634e+02
  4.155704e-01,  1.892586e+02
  4.452056e+00,  2.404689e+02
  9.113717e+00,  2.305601e+02
  1.103601e+01,  2.258661e+02
  7.825009e+00,  2.265230e+02
  3.562983e+00,  2.793619e+02
  7.845577e+00,  3.336285e+02
  1.073429e+01,  3.380956e+02
  7.645467e+00,  3.327367e+02
  1.463806e+00,  3.340576e+02
  4.113670e+00,  9.160046e+01
  9.602222e+00,  7.222714e+01
  1.323273e+01,  5.541575e+01
  1.066021e+01,  3.441605e+01
  3.195379e+00,  3.314555e+02
  9.170979e+00,  2.197148e+02
  1.708119e+01,  1.916829e+02
  2.101616e+01,  1.606639e+02
  2.110314e+01,  1.334792e+02
  1.433336e+01,  1.268621e+02
  6.020400e+00,  1.975760e+02
  1.487808e+01,  2.585722e+02
  1.683837e+01,  2.744139e+02
  8.748970e+00,  2.908557e+02
  1.556967e+00,  3.021055e+01
  3.623674e+00,  1.348456e+02
  8.617830e+00,  1.969560e+02
  1.487274e+01,  2.197483e+02
  1.369331e+01,  2.192783e+02
  7.049045e+00,  1.701439e+02
  1.045642e+01,  9.572093e+01
  1.340486e+01,  7.223538e+01
  8.537125e+00,  3.916862e+01
  9.398677e+00,  3.135398e+02
  1.638290e+01,  2.925572e+02
  1.601583e+01,  3.012638e+02
  1.116796e+01,  3.500877e+02
  1.481531e+01,  5.593039e+01
  1.871320e+01,  9.855380e+01
  2.042486e+01,  1.433906e+02
  2.141817e+01,  1.809956e+02
  1.544930e+01,  2.097831e+02
  5.547398e+00,  2.579615e+02
  5.420857e+00,  3.367782e+02
  4.345616e+00,  3.111330e+02
  9.357335e+00,  2.602771e+02
  1.462954e+01,  2.623067e+02
  1.017629e+01,  2.738295e+02
  2.695041e+00,  7.014522e+01
  1.425552e+01,  1.044767e+02
  1.813660e+01,  1.145213e+02
  1.167796e+01,  1.077453e+02
  5.743677e+00,  3.694579e+01
  1.070128e+01,  3.542507e+02
  1.028606e+01,  3.477937e+02
  3.439002e+00,  2.743828e+02
  1.494824e+01,  2.077289e+02
  2.437882e+01,  2.104001e+02
  2.100021e+01,  2.154236e+02
  5.303311e+00,  1.847917e+02
  1.617910e+01,  6.501440e+01
  2.596045e+01,  6.013149e+01
  2.132614e+01,  5.331225e+01
  1.028736e+01,  1.687870e+01
  8.888668e+00,  3.039304e+02
  7.862418e+00,  2.506965e+02
  1.312837e+01,  1.879853e+02
  2.158079e+01,  1.740425e+02
  2.127321e+01,  1.759695e+02
  1.295619e+01,  1.787725e+02
  4.260641e+00,  1.572432e+02
  5.616962e+00,  1.121202e+02
  1.083437e+01,  1.421858e+02
  1.485192e+01,  1.797064e+02
  1.579059e+01,  2.314912e+02
  2.069565e+01,  2.931958e+02
  2.724898e+01,  3.330848e+02
  2.163167e+01,  3.527884e+02
  4.054460e+00,  2.980236e+02
  1.568670e+01,  2.192835e+02
  1.205491e+01,  2.280964e+02
  8.114380e+00,  3.778159e+01
  2.824474e+01,  6.132607e+01
  2.968637e+01,  7.167230e+01
  1.216259e+01,  6.278018e+01
  9.805037e+00,  2.757828e+02
  1.952376e+01,  2.569082e+02
  1.735296e+01,  2.315197e+02
  1.752641e+01,  1.692939e+02
  2.465575e+01,  1.375217e+02
  2.319321e+01,  1.290150e+02
  1.005499e+01,  1.227390e+02
  6.493093e+00,  3.561137e+02
  1.256930e+01,  3.378220e+02
  7.404411e+00,  3.053317e+02
  1.463883e+01,  2.337802e+02
  2.553173e+01,  2.392715e+02
  1.973717e+01,  2.490436e+02
  5.413400e+00,  6.391976e+01
  2.283918e+00,  2.794067e+02
  5.514228e-01,  1.310718e+02
  4.158703e-01,  3.498607e+02
  1.013970e-01,  2.337882e+02
  2.892113e-01,  3.026442e+02
  1.237107e-01,  5.245027e+01
  2.669048e-01,  2.892751e+02
  1.202325e-01,  4.296656e+01
  2.231485e-01,  2.932767e+02
  1.100790e-01,  2.228991e+01
  2.047713e-01,  3.011690e+02
  1.006828e-01,  1.314269e+01
  1.931272e-01,  3.058742e+02
  9.320206e-02,  1.560358e+00
  1.598660e-01,  3.128599e+02
  1.165437e-01,  3.402324e+02
  1.474097e-01,  3.213476e+02
  1.312347e-01,  3.302360e+02
  1.291629e-01,  3.302363e+02
  1.518698e-01,  3.234670e+02
  1.124085e-01,  3.390247e+02
  1.537781e-01,  3.165053e+02
  1.127084e-01,  3.463668e+02
  1.619084e-01,  3.149869e+02
  1.159534e-01,  3.470745e+02
  1.672040e-01,  3.103088e+02
  1.139897e-01,  3.531750e+02
  1.635825e-01,  3.092368e+02
  1.160584e-01,  3.469875e+02
  1.442202e-01,  3.184102e+02
  1.224125e-01,  3.423153e+02
  1.528125e-01,  3.176230e+02
  1.232904e-01,  3.388220e+02
  1.549857e-01,  3.188462e+02
  1.203955e-01,  3.357051e+02
  1.476510e-01,  3.216580e+02
  1.163946e-01,  3.375645e+02
  1.546449e-01,  3.185580e+02
  1.256579e-01,  3.358835e+02
  1.382423e-01,  3.234201e+02
  1.429575e-01,  3.282823e+02
  1.245869e-01,  3.334699e+02
  1.383667e-01,  3.232153e+02
  1.288368e-01,  3.315664e+02
  1.454152e-01,  3.239763e+02
  1.134538e-01,  3.393144e+02
  1.557739e-01,  3.210069e+02
  1.208487e-01,  3.389967e+02
  1.523857e-01,  3.175997e+02
  1.203850e-01,  3.389168e+02
  1.511908e-01,  3.200933e+02
  1.318294e-01,  3.352088e+02
  1.473498e-01,  3.198566e+02
  1.237257e-01,  3.371235e+02
  1.480623e-01,  3.195947e+02
  1.239206e-01,  3.374769e+02
  1.396203e-01,  3.226998e+02
  1.375178e-01,  3.307450e+02
  1.414367e-01,  3.283646e+02
  1.216587e-01,  3.302944e+02
  1.343405e-01,  3.269260e+02
  1.328422e-01,  3.283366e+02
  1.316594e-01,  3.297528e+02
  1.359359e-01,  3.248612e+02
  1.237353e-01,  3.312909e+02
  1.465776e-01,  3.242818e+02
  1.242264e-01,  3.310412e+02
  1.511910e-01,  3.235249e+02
  1.262280e-01,  3.342822e+02
  1.382836e-01,  3.237515e+02
  1.423452e-01,  3.306129e+02
  1.429203e-01,  3.255743e+02
  1.235842e-01,  3.332898e+02
  1.487300e-01,  3.245736e+02
  1.263775e-01,  3.307701e+02
  1.428578e-01,  3.266204e+02
  1.262687e-01,  3.293089e+02
  1.440059e-01,  3.251289e+02
  1.339998e-01,  3.320937e+02
  1.391663e-01,  3.212266e+02
  1.422041e-01,  3.294077e+02
  1.445510e-01,  3.261825e+02
  1.193581e-01,  3.317982e+02
  1.400519e-01,  3.277797e+02
  1.392771e-01,  3.269824e+02
  1.407981e-01,  3.310819e+02
  1.253975e-01,  3.264057e+02
  1.287150e-01,  3.289938e+02
  1.429809e-01,  3.279065e+02
  1.215914e-01,  3.314004e+02
  1.384547e-01,  3.277376e+02
  1.247513e-01,  3.280768e+02
  1.452346e-01,  3.258699e+02
  1.145032e-01,  3.338402e+02
  1.517768e-01,  3.235237e+02
  1.183901e-01,  3.343406e+02
  1.482864e-01,  3.246615e+02
  1.272813e-01,  3.324065e+02
  1.339447e-01,  3.274106e+02
  1.334841e-01,  3.280717e+02
  1.421020e-01,  3.279775e+02
  1.300558e-01,  3.256867e+02
  1.519441e-01,  3.275824e+02
  1.217413e-01,  3.279701e+02
  1.303153e-01,  3.297749e+02
  1.432829e-01,  3.251752e+02
  1.325578e-01,  3.325431e+02
  1.435232e-01,  3.254486e+02
  1.258967e-01,  3.340185e+02
  1.392270e-01,  3.285680e+02
  1.274528e-01,  3.264392e+02
  1.489270e-01,  3.289507e+02
  1.375280e-01,  3.227391e+02
  1.409774e-01,  3.310452e+02
  1.263324e-01,  3.227137e+02
  1.483381e-01,  3.275325e+02
  1.260758e-01,  3.275497e+02
  1.435010e-01,  3.307271e+02
  1.253190e-01,  3.262168e+02
  1.403283e-01,  3.303030e+02
  1.393614e-01,  3.259321e+02
  1.470808e-01,  3.307781e+02
  1.188776e-01,  3.238587e+02
  1.518922e-01,  3.272153e+02
  1.220205e-01,  3.301933e+02
  1.463765e-01,  3.243977e+02
  1.348647e-01,  3.300787e+02
  1.394395e-01,  3.256506e+02
  1.331414e-01,  3.267174e+02
  1.267891e-01,  3.260176e+02
  1.359392e-01,  3.307478e+02
  1.363924e-01,  3.223184e+02
  1.478606e-01,  3.311035e+02
  1.276941e-01,  3.233756e+02
  1.361143e-01,  3.329179e+02
  1.211658e-01,  3.232322e+02
  1.545798e-01,  3.335512e+02
  1.131784e-01,  3.258568e+02
  1.524348e-01,  3.320072e+02
  1.197789e-01,  3.213984e+02
  1.531644e-01,  3.326792e+02
  1.132430e-01,  3.249647e+02
  1.588659e-01,  3.285886e+02
  1.129960e-01,  3.247883e+02
  1.597591e-01,  3.269291e+02
  1.124287e-01,  3.289737e+02
  1.492462e-01,  3.290235e+02
  1.259165e-01,  3.296085e+02
  1.422303e-01,  3.248114e+02
  1.243874e-01,  3.357824e+02
  1.322719e-01,  3.191762e+02
  1.541508e-01,  3.343643e+02
  1.110146e-01,  3.189619e+02
  1.542179e-01,  3.357297e+02
  1.178714e-01,  3.151966e+02
  1.677058e-01,  3.384480e+02
  1.027395e-01,  3.098391e+02
  1.850047e-01,  3.384430e+02
  1.057415e-01,  3.041807e+02
  1.867399e-01,  3.400002e+02
  1.071015e-01,  3.028289e+02
  1.998471e-01,  3.405694e+02
  1.100435e-01,  2.925234e+02
  2.183901e-01,  3.395872e+02
  7.883123e-02,  2.938393e+02
  2.077387e-01,  3.409787e+02
  8.839233e-02,  2.976548e+02
  2.034914e-01,  3.399040e+02
  9.149997e-02,  2.957110e+02
  2.658439e+00,  3.498397e+02
  5.745537e+00,  2.422405e+02
  5.246822e+00,  1.881217e+02
  1.321319e+01,  9.750811e+01
  2.011994e+01,  7.327065e+01
  1.814263e+01,  5.246112e+01
  1.016242e+01,  1.732260e+00
  1.149757e+01,  2.860886e+02
  1.354114e+01,  2.477997e+02
  1.209701e+01,  2.022633e+02
  1.374054e+01,  1.565949e+02
  1.471122e+01,  1.345854e+02
  1.048669e+01,  1.293904e+02
  4.702388e+00,  1.646103e+02
  6.323867e+00,  2.231881e+02
  6.622207e+00,  2.377432e+02
  2.500369e+00,  2.754645e+02
  5.083612e+00,  1.031432e+01
  7.423812e+00,  9.230843e+00
  5.881753e+00,  3.200249e+02
  1.234765e+01,  2.626631e+02
  1.875895e+01,  2.510857e+02
  1.535087e+01,  2.400435e+02
  6.808383e+00,  1.807813e+02
  1.416283e+01,  1.228733e+02
  1.710002e+01,  1.232792e+02
  9.399863e+00,  1.400481e+02
  6.171318e+00,  2.656935e+02
  1.607710e+01,  3.039250e+02
  1.850980e+01,  3.242484e+02
  1.304902e+01,  3.414257e+02
  4.769459e+00,  3.467276e+02
  1.449829e+00,  2.543062e+02
  1.662904e+00,  2.403813e+02
  3.009233e+00,  9.837930e+01
  1.390391e+01,  1.094822e+02
  2.372884e+01,  1.247149e+02
  2.371376e+01,  1.445363e+02
  1.554739e+01,  1.884181e+02
  1.774748e+01,  2.642745e+02
  2.329317e+01,  3.033771e+02
  1.734951e+01,  3.310881e+02
  7.266493e+00,  3.807405e+01
  1.212569e+01,  1.194698e+02
  1.257685e+01,  1.451192e+02
  5.393211e+00,  1.734168e+02
  3.413077e+00,  2.932535e+02
  4.705411e+00,  3.165926e+02
  1.617658e+00,  3.253383e+02
  1.548999e+00,  1.497738e+02
  2.202217e+00,  1.308156e+02
  2.657967e+00,  8.141536e+01
  3.599067e+00,  7.239301e+01
  3.726638e+00,  1.175106e+02
  6.648153e+00,  1.649246e+02
  7.373167e+00,  1.798431e+02
  1.759390e+00,  1.700527e+02
  6.705019e+00,  2.357504e+01
  1.154208e+01,  2.443509e+01
  7.478824e+00,  1.709153e+01
  4.290984e+00,  2.341968e+02
  1.369121e+01,  2.140542e+02
  1.608418e+01,  1.986701e+02
  1.275615e+01,  1.585837e+02
  1.399047e+01,  1.088510e+02
  1.464125e+01,  7.182703e+01
  1.292165e+01,  2.670796e+01
  1.457232e+01,  3.391963e+02
  1.577160e+01,  3.074510e+02
  1.398802e+01,  2.803768e+02
  9.543478e+00,  2.533166e+02
  2.719213e+00,  2.128437e+02
  5.579591e+00,  7.978042e+01
  1.140465e+01,  7.706271e+01
  1.315655e+01,  8.544856e+01
  1.094344e+01,  9.644696e+01
  8.331285e+00,  9.054716e+01
  8.764441e+00,  6.126812e+01
  1.278580e+01,  4.288469e+01
  1.265532e+01,  3.404022e+01
  6.952936e+00,  3.262893e+00
  7.720194e+00,  2.769611e+02
  1.246047e+01,  2.592088e+02
  9.567319e+00,  2.452663e+02
  3.039674e+00,  1.533800e+02
  1.060296e+01,  9.984368e+01
  1.416895e+01,  9.103447e+01
  1.168610e+01,  7.382009e+01
  9.485856e+00,  4.305115e+01
  7.437649e+00,  2.728008e+01
  1.379903e+00,  2.885412e+01
  6.963721e+00,  2.184684e+02
  1.533614e+01,  2.363637e+02
  1.850764e+01,  2.557270e+02
  1.435240e+01,  2.755136e+02
  8.068036e+00,  3.173466e+02
  1.000829e+01,  1.449461e+01
  1.505448e+01,  2.414036e+01
  1.403228e+01,  1.160746e+01
  3.390299e+00,  2.728297e+02
##END=