##TITLE= twqubit_C23456180_H_25000.txt
##JCAMP-DX= 5.00 Bruker JCAMP library
##DATA TYPE= Shape Data
##ORIGIN= Colm's GRAPE Pulses 
##OWNER= Dawei.Lu
##DATE= 24-Feb-2015
##TIME= 11:44
##MINX= 6.215079e-01
##MAXX= 2.298361e+01
##MINY= 1.257140e+00
##MAXY= 3.587203e+02
##$SHAPE_EXMODE= None
##$SHAPE_TOTROT= 9.000000e+01
##$SHAPE_BWFAC= 1.000000e+00
##$SHAPE_INTEGFAC= 1.000000e+00
##$SHAPE_MODE= 1
##PULSE_WIDTH= 2000
##Calibration_Power= 25000
##NPOINTS= 200
##XYPOINTS= (XY..XY)
  6.215079e-01,  1.075591e+02
  4.417962e+00,  2.599405e+01
  8.311765e+00,  1.245645e+01
  5.452635e+00,  3.499611e+02
  2.400420e+00,  3.118322e+02
  1.362947e+00,  2.301119e+02
  2.967255e+00,  1.773894e+02
  5.238241e+00,  1.647652e+02
  7.387578e+00,  1.596496e+02
  9.161614e+00,  1.569885e+02
  1.045401e+01,  1.554513e+02
  1.123978e+01,  1.547665e+02
  1.164906e+01,  1.559161e+02
  1.188245e+01,  1.596900e+02
  1.190411e+01,  1.648520e+02
  1.133085e+01,  1.696118e+02
  9.883250e+00,  1.738846e+02
  7.801281e+00,  1.787692e+02
  5.560674e+00,  1.851960e+02
  3.313831e+00,  1.958538e+02
  1.244052e+00,  2.394568e+02
  2.052163e+00,  3.345560e+02
  3.564417e+00,  3.586390e+02
  4.483009e+00,  1.796810e+01
  5.577692e+00,  3.639186e+01
  7.178264e+00,  4.857937e+01
  8.945578e+00,  5.538723e+01
  1.061645e+01,  5.891239e+01
  1.204728e+01,  5.932361e+01
  1.302681e+01,  5.683712e+01
  1.349766e+01,  5.213612e+01
  1.379362e+01,  4.546450e+01
  1.422342e+01,  3.714275e+01
  1.457508e+01,  2.816812e+01
  1.455425e+01,  1.977789e+01
  1.427714e+01,  1.330629e+01
  1.388478e+01,  9.024521e+00
  1.323741e+01,  5.372122e+00
  1.224611e+01,  1.257140e+00
  1.115315e+01,  3.574199e+02
  1.035803e+01,  3.539509e+02
  1.012828e+01,  3.489066e+02
  1.045096e+01,  3.421353e+02
  1.108778e+01,  3.365863e+02
  1.174457e+01,  3.346265e+02
  1.217470e+01,  3.368230e+02
  1.227990e+01,  3.436021e+02
  1.243841e+01,  3.559749e+02
  1.339328e+01,  1.298120e+01
  1.538789e+01,  3.056019e+01
  1.797653e+01,  4.553892e+01
  2.056591e+01,  5.664675e+01
  2.245700e+01,  6.376197e+01
  2.298361e+01,  6.755640e+01
  2.188364e+01,  6.874358e+01
  1.942566e+01,  6.791340e+01
  1.617844e+01,  6.582151e+01
  1.253293e+01,  6.321909e+01
  8.556155e+00,  5.994296e+01
  4.339045e+00,  5.263495e+01
  9.508955e-01,  3.306251e+02
  4.151518e+00,  2.558880e+02
  7.524335e+00,  2.484037e+02
  1.021234e+01,  2.449492e+02
  1.210778e+01,  2.421332e+02
  1.332081e+01,  2.390414e+02
  1.405731e+01,  2.363337e+02
  1.428663e+01,  2.352058e+02
  1.394713e+01,  2.358106e+02
  1.317534e+01,  2.374619e+02
  1.201035e+01,  2.389717e+02
  1.047323e+01,  2.385570e+02
  8.864673e+00,  2.346916e+02
  7.525958e+00,  2.262179e+02
  6.754810e+00,  2.123798e+02
  6.656158e+00,  1.974115e+02
  6.704618e+00,  1.865041e+02
  6.581445e+00,  1.785271e+02
  6.507202e+00,  1.714018e+02
  6.553997e+00,  1.649261e+02
  6.741973e+00,  1.592307e+02
  7.301034e+00,  1.552265e+02
  8.279228e+00,  1.534872e+02
  9.505372e+00,  1.530002e+02
  1.091210e+01,  1.530615e+02
  1.246593e+01,  1.537204e+02
  1.398875e+01,  1.548830e+02
  1.527931e+01,  1.563872e+02
  1.623615e+01,  1.582973e+02
  1.676443e+01,  1.606812e+02
  1.668697e+01,  1.634983e+02
  1.588133e+01,  1.667773e+02
  1.447530e+01,  1.706458e+02
  1.278003e+01,  1.751747e+02
  1.107441e+01,  1.803854e+02
  9.555114e+00,  1.864441e+02
  8.396558e+00,  1.933855e+02
  7.724323e+00,  2.000491e+02
  7.540888e+00,  2.039553e+02
  7.739842e+00,  2.035973e+02
  8.166911e+00,  1.999157e+02
  8.674312e+00,  1.949238e+02
  9.130399e+00,  1.907026e+02
  9.277048e+00,  1.889470e+02
  8.841071e+00,  1.897512e+02
  7.871023e+00,  1.916580e+02
  6.618463e+00,  1.931077e+02
  5.235119e+00,  1.925298e+02
  3.889483e+00,  1.847010e+02
  3.181241e+00,  1.600277e+02
  3.812389e+00,  1.311605e+02
  5.028584e+00,  1.160510e+02
  5.841959e+00,  1.084435e+02
  5.954756e+00,  1.041862e+02
  5.496111e+00,  1.035566e+02
  4.669633e+00,  1.084105e+02
  3.712789e+00,  1.213593e+02
  3.124840e+00,  1.462341e+02
  3.670086e+00,  1.749661e+02
  5.445319e+00,  1.899713e+02
  7.932954e+00,  1.943359e+02
  1.063235e+01,  1.942113e+02
  1.323503e+01,  1.918156e+02
  1.562337e+01,  1.882445e+02
  1.758701e+01,  1.848382e+02
  1.872156e+01,  1.824036e+02
  1.874692e+01,  1.806513e+02
  1.772363e+01,  1.785971e+02
  1.593389e+01,  1.748501e+02
  1.374846e+01,  1.675336e+02
  1.168987e+01,  1.545733e+02
  1.051646e+01,  1.359297e+02
  1.072396e+01,  1.171799e+02
  1.185717e+01,  1.041182e+02
  1.302539e+01,  9.639629e+01
  1.343698e+01,  9.304723e+01
  1.261122e+01,  9.584706e+01
  1.080564e+01,  1.072398e+02
  8.955618e+00,  1.282397e+02
  8.177543e+00,  1.564004e+02
  8.910226e+00,  1.814755e+02
  1.015182e+01,  1.972493e+02
  1.057965e+01,  2.066095e+02
  9.350531e+00,  2.132374e+02
  6.752668e+00,  2.230370e+02
  4.542656e+00,  2.495840e+02
  4.799903e+00,  2.867524e+02
  6.430014e+00,  3.027623e+02
  7.810734e+00,  3.048305e+02
  8.546322e+00,  3.005504e+02
  8.816527e+00,  2.951321e+02
  9.184071e+00,  2.947921e+02
  1.042479e+01,  3.023446e+02
  1.311069e+01,  3.128204e+02
  1.689782e+01,  3.208478e+02
  2.046629e+01,  3.247739e+02
  2.228668e+01,  3.248187e+02
  2.187387e+01,  3.225128e+02
  1.988222e+01,  3.202634e+02
  1.715519e+01,  3.201691e+02
  1.420226e+01,  3.232639e+02
  1.137510e+01,  3.304057e+02
  9.107208e+00,  3.425998e+02
  7.555450e+00,  3.587203e+02
  6.326955e+00,  1.722754e+01
  5.296986e+00,  4.101742e+01
  5.045724e+00,  7.048546e+01
  5.736548e+00,  9.482777e+01
  6.672101e+00,  1.092531e+02
  7.308001e+00,  1.169994e+02
  7.533213e+00,  1.204880e+02
  7.498306e+00,  1.201706e+02
  7.467697e+00,  1.156766e+02
  7.614801e+00,  1.078556e+02
  7.673889e+00,  9.897055e+01
  6.953519e+00,  8.793119e+01
  5.357917e+00,  6.345603e+01
  5.514061e+00,  1.184324e+01
  9.493835e+00,  3.381646e+02
  1.462940e+01,  3.252322e+02
  1.894053e+01,  3.198303e+02
  2.131168e+01,  3.176743e+02
  2.167583e+01,  3.172757e+02
  2.079837e+01,  3.183818e+02
  1.939179e+01,  3.211751e+02
  1.775027e+01,  3.256955e+02
  1.614452e+01,  3.318012e+02
  1.491461e+01,  3.387692e+02
  1.398534e+01,  3.448808e+02
  1.283144e+01,  3.485573e+02
  1.116530e+01,  3.490789e+02
  9.228278e+00,  3.457349e+02
  7.410463e+00,  3.371243e+02
  6.080148e+00,  3.215375e+02
  5.542714e+00,  2.999010e+02
  5.755526e+00,  2.753731e+02
  6.869993e+00,  2.495744e+02
  9.342649e+00,  2.260757e+02
  7.620532e+00,  2.074238e+02
  1.145836e+00,  1.047753e+02
##END=
