##TITLE= twqubit_encoding3_Cfix3
##JCAMP-DX= 5.00 Bruker JCAMP library
##DATA TYPE= Shape Data
##ORIGIN= Colm Fixed Pulses 
##OWNER= d29lu
##DATE= 21-Apr-2015
##TIME= 18:57
##MINX= 2.051737e-02
##MAXX= 4.042543e+01
##MINY= -1.790066e+02
##MAXY= 1.788926e+02
##$SHAPE_EXMODE= None
##$SHAPE_TOTROT= 9.000000e+01
##$SHAPE_BWFAC= 1.000000e+00
##$SHAPE_INTEGFAC= 1.000000e+00
##$SHAPE_MODE= 1
##NPOINTS= 736
##XYPOINTS= (XY..XY)
  5.434607e-01,  -2.245619e+01
  6.403988e+00,  1.076209e+02
  2.424908e+01,  1.607807e+02
  2.148724e+01,  -1.276705e+02
  1.858463e+01,  -3.153841e+01
  2.324240e+01,  3.299609e+01
  1.766611e+01,  7.667283e+01
  4.744592e+00,  1.470603e+02
  1.149120e+01,  -9.189707e+01
  1.396439e+01,  -5.804465e+01
  9.237038e+00,  3.760224e+00
  1.158051e+01,  7.402882e+01
  9.588789e+00,  9.767246e+01
  1.939844e+00,  5.255630e+01
  6.412175e+00,  -3.388756e+01
  7.431884e+00,  -2.235000e+01
  9.633607e+00,  2.927151e+01
  1.783367e+01,  6.924006e+01
  1.868423e+01,  1.065893e+02
  1.055433e+01,  -1.679857e+02
  2.086707e+01,  -6.980599e+01
  2.661636e+01,  -2.696403e+01
  1.741871e+01,  2.194290e+01
  1.663833e+01,  1.036556e+02
  1.928659e+01,  1.289671e+02
  1.438435e+01,  8.905948e+01
  1.986951e+01,  4.098624e+01
  1.745745e+01,  2.429287e+01
  6.699852e+00,  1.185676e+01
  5.441920e+00,  -1.426058e+02
  1.094041e+01,  -1.752727e+02
  1.232239e+01,  1.442279e+02
  1.361635e+01,  1.009847e+02
  1.639649e+01,  6.671259e+01
  1.573298e+01,  3.251483e+01
  1.407540e+01,  -8.923713e+00
  1.130069e+01,  -4.974606e+01
  1.071882e+01,  -1.000242e+02
  1.271864e+01,  -1.356424e+02
  1.197830e+01,  -1.612294e+02
  9.447622e+00,  1.637432e+02
  1.072259e+01,  1.395453e+02
  1.257107e+01,  1.598281e+02
  1.420342e+01,  -1.589844e+02
  1.285029e+01,  -1.082166e+02
  1.354546e+01,  -3.583063e+01
  1.753027e+01,  1.038623e+01
  1.336057e+01,  2.138881e+01
  8.967249e+00,  -4.932278e+01
  1.995551e+01,  -7.871893e+01
  2.193412e+01,  -7.280681e+01
  9.554576e+00,  -6.719517e+01
  7.240596e+00,  1.156641e+02
  1.634064e+01,  1.097331e+02
  1.451678e+01,  1.134626e+02
  5.966211e+00,  1.203581e+02
  2.168040e+00,  3.252720e+01
  4.488670e+00,  3.663972e+01
  4.502142e+00,  7.067250e+01
  2.024632e+00,  1.672864e+02
  9.046227e+00,  -1.122614e+02
  1.536052e+01,  -1.016443e+02
  1.315966e+01,  -1.024394e+02
  3.789964e+00,  -1.535786e+02
  1.194125e+01,  1.177850e+02
  1.465688e+01,  1.108617e+02
  4.356884e+00,  4.868782e+01
  1.951304e+01,  -3.338654e+01
  2.711694e+01,  -2.882676e+01
  1.480598e+01,  -2.074656e+01
  9.697657e+00,  1.381305e+02
  2.689511e+01,  1.485392e+02
  2.539245e+01,  1.430745e+02
  1.351254e+01,  8.439280e+01
  2.275392e+01,  1.821620e+01
  1.945681e+01,  2.098947e+01
  9.959631e+00,  1.178822e+02
  2.010004e+01,  -1.790066e+02
  1.614307e+01,  -1.385113e+02
  1.163613e+01,  -3.419294e+01
  2.364446e+01,  3.153382e+01
  2.932434e+01,  6.852465e+01
  3.066291e+01,  9.228759e+01
  3.357787e+01,  1.042836e+02
  3.590612e+01,  1.094335e+02
  3.409997e+01,  1.057195e+02
  2.900070e+01,  1.110261e+02
  1.563856e+01,  1.439242e+02
  8.958567e+00,  -9.174315e+01
  1.670155e+01,  -2.280303e+01
  1.707322e+01,  5.001547e+01
  2.838871e+01,  1.141119e+02
  3.326424e+01,  1.419652e+02
  2.134901e+01,  1.656286e+02
  1.014131e+01,  -1.085231e+02
  2.337344e+01,  -4.208323e+01
  3.292348e+01,  -1.602931e+01
  3.164174e+01,  1.665519e+01
  2.291621e+01,  1.020291e+02
  1.381228e+01,  -1.317191e+02
  8.346200e+00,  4.083394e-01
  4.406388e+00,  9.215203e+01
  3.350684e+00,  -1.757470e+02
  2.297346e+00,  -7.852923e+01
  2.298306e+00,  1.083414e+01
  1.773960e+00,  9.422127e+01
  1.440819e+00,  -1.788376e+02
  1.086229e+00,  -7.961168e+01
  1.269564e+00,  9.207814e+00
  1.083959e+00,  8.472916e+01
  8.235906e-01,  1.667130e+02
  5.485182e-01,  -9.103861e+01
  7.476387e-01,  5.842003e+00
  7.337340e-01,  7.424949e+01
  5.258138e-01,  1.470957e+02
  2.584182e-01,  -1.101644e+02
  4.428430e-01,  3.814325e+00
  5.163457e-01,  6.461414e+01
  3.798861e-01,  1.267836e+02
  1.344871e-01,  -1.604562e+02
  2.237974e-01,  1.358865e+01
  3.885484e-01,  6.314128e+01
  3.335620e-01,  1.070508e+02
  1.466597e-01,  1.378913e+02
  1.251421e-01,  4.676872e+01
  2.701142e-01,  6.574515e+01
  2.601799e-01,  9.714906e+01
  1.554323e-01,  1.151998e+02
  1.307421e-01,  7.433163e+01
  2.289823e-01,  7.368618e+01
  2.416724e-01,  9.435710e+01
  1.772083e-01,  1.080766e+02
  1.445863e-01,  8.754933e+01
  2.098993e-01,  7.561056e+01
  2.386543e-01,  8.384685e+01
  2.018858e-01,  9.063276e+01
  1.708981e-01,  8.401344e+01
  1.901995e-01,  7.753447e+01
  2.076753e-01,  8.237507e+01
  1.966161e-01,  8.892139e+01
  1.834685e-01,  8.958991e+01
  1.878848e-01,  8.695965e+01
  1.912924e-01,  8.674521e+01
  1.828200e-01,  8.777468e+01
  1.814482e-01,  8.832621e+01
  1.954667e-01,  8.910799e+01
  2.062465e-01,  8.934391e+01
  2.034317e-01,  8.762975e+01
  1.991541e-01,  8.606315e+01
  1.977872e-01,  8.775501e+01
  1.891154e-01,  9.006516e+01
  1.754970e-01,  8.783494e+01
  1.774873e-01,  8.277151e+01
  1.933883e-01,  8.273288e+01
  1.964676e-01,  8.721218e+01
  1.790441e-01,  9.042822e+01
  1.666017e-01,  8.797617e+01
  1.808028e-01,  8.307552e+01
  2.014353e-01,  8.101253e+01
  1.999326e-01,  8.096753e+01
  1.847847e-01,  8.248238e+01
  1.847939e-01,  8.630996e+01
  2.024091e-01,  8.974922e+01
  2.100813e-01,  8.977439e+01
  1.949693e-01,  8.660792e+01
  1.767763e-01,  8.357052e+01
  1.756679e-01,  8.460611e+01
  1.875681e-01,  8.706906e+01
  1.938508e-01,  8.669611e+01
  1.886012e-01,  8.458524e+01
  1.810634e-01,  8.515944e+01
  1.782099e-01,  8.913380e+01
  1.757210e-01,  9.086907e+01
  1.685479e-01,  8.693064e+01
  1.637061e-01,  8.212648e+01
  1.668649e-01,  8.372773e+01
  1.783610e-01,  8.917718e+01
  1.907326e-01,  9.087478e+01
  1.965993e-01,  8.853586e+01
  1.963213e-01,  8.736048e+01
  1.935656e-01,  8.893171e+01
  1.925614e-01,  8.851623e+01
  1.939877e-01,  8.381826e+01
  1.932271e-01,  8.023271e+01
  1.843340e-01,  8.288251e+01
  1.750078e-01,  8.954092e+01
  1.734443e-01,  9.299727e+01
  1.775957e-01,  9.160968e+01
  1.835800e-01,  8.989662e+01
  1.906966e-01,  8.952796e+01
  2.006193e-01,  8.800113e+01
  2.097599e-01,  8.443771e+01
  2.094407e-01,  8.163857e+01
  1.964490e-01,  8.296132e+01
  1.813674e-01,  8.889185e+01
  1.752839e-01,  9.427267e+01
  1.754145e-01,  9.341849e+01
  1.778466e-01,  8.799473e+01
  1.809758e-01,  8.459675e+01
  1.819655e-01,  8.675732e+01
  1.828104e-01,  9.141809e+01
  1.867546e-01,  9.291935e+01
  1.947281e-01,  8.987262e+01
  2.020544e-01,  8.596337e+01
  1.992705e-01,  8.420086e+01
  1.873507e-01,  8.434722e+01
  1.801771e-01,  8.472892e+01
  1.869351e-01,  8.516691e+01
  2.000421e-01,  8.737936e+01
  2.047022e-01,  9.171308e+01
  1.952576e-01,  9.578775e+01
  1.792210e-01,  9.553643e+01
  1.722182e-01,  8.959296e+01
  1.810894e-01,  8.378524e+01
  1.919619e-01,  8.284546e+01
  1.923587e-01,  8.470503e+01
  1.876173e-01,  8.590235e+01
  1.903809e-01,  8.606557e+01
  1.994175e-01,  8.743472e+01
  2.000278e-01,  9.000831e+01
  1.874500e-01,  9.140794e+01
  1.752391e-01,  9.063316e+01
  1.740992e-01,  9.059830e+01
  1.774522e-01,  9.281320e+01
  1.784638e-01,  9.333349e+01
  1.827273e-01,  8.901849e+01
  1.919779e-01,  8.421702e+01
  1.892288e-01,  8.458731e+01
  1.710022e-01,  8.986685e+01
  1.596961e-01,  9.298016e+01
  1.683768e-01,  8.733482e+01
  1.859880e-01,  8.003699e+01
  1.921453e-01,  8.073863e+01
  1.941705e-01,  9.060117e+01
  2.009763e-01,  9.690783e+01
  1.927906e-01,  8.812161e+01
  1.902983e-01,  7.167536e+01
  2.011860e-01,  7.229872e+01
  2.153514e-01,  8.874015e+01
  2.064467e-01,  9.681904e+01
  1.709141e-01,  8.673630e+01
  1.803590e-01,  8.188808e+01
  2.201089e-01,  9.644981e+01
  2.049471e-01,  1.021038e+02
  1.431564e-01,  7.596369e+01
  1.830855e-01,  6.479476e+01
  2.617950e-01,  9.349577e+01
  2.460335e-01,  1.099799e+02
  9.590161e-02,  7.250858e+01
  1.782125e-01,  4.655282e+01
  3.502086e-01,  9.353105e+01
  3.646948e-01,  1.126998e+02
  9.251009e-02,  2.173342e+01
  3.079957e-01,  3.763447e+00
  4.303889e-01,  8.583201e+01
  5.485443e-01,  1.221650e+02
  1.590607e-01,  -5.544930e+01
  6.688708e-01,  -2.116918e+01
  6.282572e-01,  7.429974e+01
  1.050729e+00,  1.261847e+02
  3.636672e-01,  -9.836659e+01
  1.413483e+00,  -3.689762e+01
  9.572636e-01,  6.457671e+01
  2.212500e+00,  1.280757e+02
  8.834522e-01,  -1.127696e+02
  3.465776e+00,  -4.446886e+01
  1.852435e+00,  6.836617e+01
  6.305428e+00,  1.313379e+02
  4.496151e+00,  -8.308325e+01
  1.929836e+01,  1.361908e+02
  4.042543e+01,  1.474277e+02
  1.588057e+01,  -1.423613e+02
  2.617350e+01,  -5.457602e+01
  2.999476e+01,  -2.780825e+01
  1.754449e+01,  -1.533191e+01
  7.286024e+00,  -1.113088e+02
  1.796735e+01,  -1.552913e+02
  1.989902e+01,  -1.773379e+02
  1.357634e+01,  1.722082e+02
  2.398831e+00,  9.715308e+01
  1.136022e+01,  2.540011e+01
  1.335987e+01,  3.047343e+01
  6.342927e+00,  3.672835e+01
  5.654746e+00,  -1.172566e+02
  1.485823e+01,  -1.122217e+02
  1.573108e+01,  -1.020838e+02
  9.632475e+00,  -9.321599e+01
  7.783103e-01,  -6.391687e+01
  7.037155e+00,  8.192752e+01
  9.366016e+00,  7.859557e+01
  6.798903e+00,  5.045190e+01
  9.212811e+00,  -1.323476e+01
  1.558399e+01,  -3.318524e+01
  1.587519e+01,  -3.567519e+01
  9.796459e+00,  -4.465653e+01
  6.857565e+00,  -9.431193e+01
  8.320010e+00,  -1.207787e+02
  5.459842e+00,  -1.273436e+02
  1.603054e+00,  8.924107e+01
  1.029433e+01,  7.591236e+01
  1.910856e+01,  7.998008e+01
  2.324999e+01,  8.159369e+01
  1.930306e+01,  8.329244e+01
  1.061025e+01,  9.218699e+01
  3.792168e+00,  1.436277e+02
  6.081840e+00,  -1.404484e+02
  9.949702e+00,  -1.320547e+02
  1.289983e+01,  -1.383587e+02
  1.354724e+01,  -1.425014e+02
  9.629961e+00,  -1.348184e+02
  3.230329e+00,  -7.607756e+01
  7.760138e+00,  2.495716e+01
  1.305167e+01,  5.241673e+01
  1.376176e+01,  8.502910e+01
  1.305217e+01,  1.366829e+02
  1.411477e+01,  -1.747132e+02
  1.166027e+01,  -1.333857e+02
  8.639804e+00,  -7.341132e+01
  8.137891e+00,  -2.500251e+01
  2.423290e+00,  3.086955e+01
  9.261610e+00,  1.560618e+02
  1.620969e+01,  1.640720e+02
  1.349295e+01,  1.585746e+02
  7.997221e+00,  8.465342e+01
  1.796635e+01,  4.039788e+01
  1.892783e+01,  3.779562e+01
  9.846090e+00,  6.858380e+01
  1.514173e+01,  1.515919e+02
  2.603603e+01,  1.677540e+02
  2.734571e+01,  1.619947e+02
  2.264046e+01,  1.408628e+02
  1.352868e+01,  1.244426e+02
  2.644146e+00,  1.333802e+02
  3.379734e+00,  -1.265081e+02
  7.272009e+00,  -1.553828e+02
  1.169838e+01,  -1.642272e+02
  1.290070e+01,  -1.532952e+02
  1.105382e+01,  -1.161853e+02
  1.062847e+01,  -6.151610e+01
  1.041441e+01,  -2.468112e+00
  1.459695e+01,  6.007415e+01
  2.020996e+01,  9.775609e+01
  1.822139e+01,  1.286052e+02
  9.538045e+00,  1.688675e+02
  5.245875e+00,  -7.665318e+01
  1.011828e+01,  -1.854773e+01
  7.629472e+00,  9.214061e+00
  2.800525e+00,  -1.747879e+02
  1.476966e+01,  -1.382518e+02
  2.201801e+01,  -1.221570e+02
  1.679659e+01,  -1.273952e+02
  6.500490e+00,  1.600727e+02
  1.353647e+01,  7.734676e+01
  1.769746e+01,  5.803359e+01
  1.488966e+01,  3.601208e+01
  1.291966e+01,  -1.352587e+01
  1.467810e+01,  -5.696734e+01
  1.242873e+01,  -8.279844e+01
  6.547165e+00,  -1.082267e+02
  2.421541e+00,  -1.523708e+02
  1.006363e+00,  4.709637e+01
  4.445029e+00,  1.965543e+01
  5.699283e+00,  2.969312e+01
  4.842792e+00,  6.732452e+01
  6.660352e+00,  1.150850e+02
  9.284173e+00,  1.286853e+02
  8.526566e+00,  1.273615e+02
  4.291358e+00,  1.156397e+02
  4.617484e-01,  -7.822233e+00
  4.074020e+00,  -1.130792e+02
  9.464925e+00,  -1.329353e+02
  1.236426e+01,  -1.373224e+02
  9.792498e+00,  -1.336765e+02
  4.777449e+00,  -9.115956e+01
  8.334262e+00,  -2.477185e+01
  1.148590e+01,  -1.587763e+01
  8.357010e+00,  -1.927353e+01
  2.101958e+00,  -2.481632e+01
  3.325122e+00,  9.296061e+01
  9.102074e+00,  6.435204e+01
  1.347946e+01,  4.818922e+01
  1.045775e+01,  3.839285e+01
  1.216312e+00,  -4.658998e+00
  9.360566e+00,  -1.466780e+02
  1.654798e+01,  -1.664195e+02
  1.957517e+01,  1.624463e+02
  1.984917e+01,  1.278916e+02
  1.458849e+01,  1.141319e+02
  6.108862e+00,  -1.769728e+02
  1.455905e+01,  -1.094282e+02
  1.685765e+01,  -8.799627e+01
  1.029666e+01,  -6.394190e+01
  3.576803e+00,  1.034897e+01
  4.773372e+00,  1.141095e+02
  8.854087e+00,  -1.780378e+02
  1.468321e+01,  -1.473485e+02
  1.379567e+01,  -1.408409e+02
  5.820516e+00,  1.769174e+02
  1.080246e+01,  8.405507e+01
  1.512411e+01,  6.668362e+01
  9.275026e+00,  5.121808e+01
  7.156018e+00,  -5.026817e+01
  1.593433e+01,  -7.346406e+01
  1.638215e+01,  -6.295374e+01
  1.165399e+01,  -1.439953e+01
  1.426903e+01,  5.316569e+01
  1.843235e+01,  9.368831e+01
  1.997495e+01,  1.316241e+02
  2.003112e+01,  1.675323e+02
  1.421508e+01,  -1.623972e+02
  5.083638e+00,  -1.118531e+02
  4.534846e+00,  -2.368730e+01
  3.407080e+00,  -5.363451e+01
  8.187460e+00,  -1.063011e+02
  1.238661e+01,  -1.014415e+02
  8.888987e+00,  -8.396099e+01
  3.227449e+00,  6.255443e+01
  1.421378e+01,  1.041137e+02
  1.726030e+01,  1.154898e+02
  1.082432e+01,  1.110889e+02
  5.361251e+00,  3.878210e+01
  9.864273e+00,  -4.084172e+00
  9.109104e+00,  -1.062640e+01
  3.359833e+00,  -8.410308e+01
  1.449427e+01,  -1.515177e+02
  2.333756e+01,  -1.524620e+02
  1.970235e+01,  -1.462537e+02
  5.267360e+00,  -1.739384e+02
  1.620839e+01,  6.888074e+01
  2.599033e+01,  5.749497e+01
  2.203697e+01,  4.526831e+01
  1.248908e+01,  1.594059e+01
  8.362937e+00,  -3.794242e+01
  6.192332e+00,  -1.113630e+02
  1.437239e+01,  -1.764272e+02
  2.320884e+01,  1.730937e+02
  2.129694e+01,  1.759863e+02
  1.083558e+01,  -1.785316e+02
  2.611942e+00,  1.302772e+02
  6.067314e+00,  1.030290e+02
  1.048206e+01,  1.434590e+02
  1.402777e+01,  1.788926e+02
  1.371092e+01,  -1.336629e+02
  1.881854e+01,  -7.049972e+01
  2.721388e+01,  -3.165555e+01
  2.360686e+01,  -8.391602e+00
  4.052990e+00,  -2.528115e+01
  1.653880e+01,  -1.479449e+02
  1.438118e+01,  -1.379916e+02
  7.592452e+00,  2.402569e+01
  2.835166e+01,  5.499832e+01
  3.156706e+01,  7.121865e+01
  1.338096e+01,  7.082568e+01
  9.099053e+00,  -8.008859e+01
  1.768234e+01,  -1.048725e+02
  1.661961e+01,  -1.330540e+02
  1.637005e+01,  1.753107e+02
  2.128988e+01,  1.339586e+02
  2.087131e+01,  1.203475e+02
  9.925952e+00,  1.214108e+02
  6.014997e+00,  -1.633903e+01
  1.495287e+01,  -2.700937e+01
  1.024657e+01,  -4.399850e+01
  9.425135e+00,  -1.412003e+02
  2.054342e+01,  -1.358471e+02
  2.827236e+01,  -1.071219e+02
  2.946885e+00,  -7.074307e+00
  7.935908e+00,  1.059503e+02
  4.955290e+00,  -1.044824e+02
  2.128201e+00,  -5.158804e+01
  3.037921e+00,  7.053302e+01
  1.440972e+00,  1.229647e+02
  1.735113e+00,  -1.078261e+02
  1.019113e+00,  -4.034143e+01
  1.534318e+00,  6.660118e+01
  9.187615e-01,  1.163788e+02
  8.148509e-01,  -1.145092e+02
  6.221418e-01,  -4.151545e+01
  9.371900e-01,  5.961805e+01
  6.863367e-01,  1.040372e+02
  3.721719e-01,  -1.309308e+02
  3.530210e-01,  -4.619457e+01
  5.944698e-01,  5.436670e+01
  5.368090e-01,  9.410846e+01
  1.710291e-01,  -1.686651e+02
  1.806339e-01,  -4.686762e+01
  4.051892e-01,  4.953451e+01
  4.462389e-01,  8.487411e+01
  1.772644e-01,  1.352834e+02
  2.051737e-02,  -1.028938e+02
  2.349900e-01,  5.948863e+01
  3.330193e-01,  8.465263e+01
  1.862576e-01,  1.163355e+02
  5.233724e-02,  1.280381e+02
  1.669300e-01,  6.675621e+01
  2.786537e-01,  8.004531e+01
  2.187085e-01,  9.656775e+01
  1.259219e-01,  1.004149e+02
  1.575129e-01,  7.817891e+01
  2.337920e-01,  7.907611e+01
  2.245217e-01,  8.554975e+01
  1.742439e-01,  8.455030e+01
  1.727489e-01,  7.713419e+01
  1.969426e-01,  8.033808e+01
  1.928978e-01,  8.861810e+01
  1.765116e-01,  8.997327e+01
  1.884996e-01,  8.338145e+01
  2.142271e-01,  8.242382e+01
  2.122236e-01,  8.746876e+01
  1.893825e-01,  9.124713e+01
  1.774366e-01,  9.038676e+01
  1.832088e-01,  9.116250e+01
  1.874109e-01,  9.456261e+01
  1.815485e-01,  9.262249e+01
  1.787033e-01,  8.406938e+01
  1.808854e-01,  8.111338e+01
  1.746284e-01,  8.881146e+01
  1.652877e-01,  9.575059e+01
  1.612252e-01,  8.957657e+01
  1.741749e-01,  7.990319e+01
  1.860276e-01,  8.167511e+01
  1.858852e-01,  9.042172e+01
  1.806705e-01,  9.322211e+01
  1.809189e-01,  8.716534e+01
  1.894066e-01,  8.319874e+01
  1.904476e-01,  8.513153e+01
  1.811532e-01,  8.563972e+01
  1.758955e-01,  8.106174e+01
  1.838642e-01,  7.913020e+01
  1.926403e-01,  8.375847e+01
  1.902899e-01,  8.869459e+01
  1.792806e-01,  8.944114e+01
  1.746928e-01,  8.930114e+01
  1.796952e-01,  9.169379e+01
  1.813694e-01,  9.209482e+01
  1.749443e-01,  8.691903e+01
  1.740822e-01,  8.163102e+01
  1.844882e-01,  8.307950e+01
  1.985557e-01,  8.669891e+01
  2.027855e-01,  8.627454e+01
  1.952287e-01,  8.365781e+01
  1.860048e-01,  8.428504e+01
  1.853358e-01,  8.736488e+01
  1.919742e-01,  8.684324e+01
  1.965872e-01,  8.305809e+01
  1.944605e-01,  8.160133e+01
  1.923572e-01,  8.450355e+01
  1.982961e-01,  8.765117e+01
  2.015426e-01,  8.791408e+01
  1.872385e-01,  8.631725e+01
  1.652438e-01,  8.300811e+01
  1.649386e-01,  7.806423e+01
  1.908330e-01,  7.639017e+01
  2.084232e-01,  8.009323e+01
  1.936231e-01,  8.678013e+01
  1.655526e-01,  9.095048e+01
  1.599522e-01,  8.671869e+01
  1.849241e-01,  8.169761e+01
  2.072513e-01,  8.293431e+01
  2.058060e-01,  8.693300e+01
  1.948335e-01,  8.813312e+01
  1.947807e-01,  8.510047e+01
  2.006964e-01,  8.288578e+01
  1.924272e-01,  8.414667e+01
  1.737297e-01,  8.648655e+01
  1.699698e-01,  8.556034e+01
  1.902993e-01,  8.187472e+01
  2.100259e-01,  7.995298e+01
  2.037210e-01,  8.127787e+01
  1.810956e-01,  8.522224e+01
  1.685919e-01,  8.866955e+01
  1.727531e-01,  8.897698e+01
  1.824247e-01,  8.863599e+01
  1.898595e-01,  8.996598e+01
  1.930314e-01,  9.111521e+01
  1.871447e-01,  8.887969e+01
  1.747565e-01,  8.332347e+01
  1.693323e-01,  7.978434e+01
  1.756122e-01,  8.261988e+01
  1.829579e-01,  8.709534e+01
  1.805905e-01,  8.656829e+01
  1.804806e-01,  8.081434e+01
  1.929579e-01,  7.801806e+01
  1.988467e-01,  8.236993e+01
  1.841793e-01,  8.945587e+01
  1.655676e-01,  9.180158e+01
  1.720644e-01,  8.694916e+01
  1.988553e-01,  8.418219e+01
  2.073982e-01,  8.619012e+01
  1.894201e-01,  8.793068e+01
  1.774506e-01,  8.470586e+01
  1.907991e-01,  8.143502e+01
  2.014399e-01,  8.471020e+01
  1.875876e-01,  9.207063e+01
  1.696216e-01,  9.518301e+01
  1.783121e-01,  8.858667e+01
  2.083938e-01,  8.317168e+01
  2.175577e-01,  8.521190e+01
  1.986945e-01,  9.117047e+01
  1.808290e-01,  9.303020e+01
  1.796340e-01,  8.760193e+01
  1.829772e-01,  8.348505e+01
  1.780377e-01,  8.552242e+01
  1.757075e-01,  8.880080e+01
  1.777706e-01,  8.733673e+01
  1.728839e-01,  8.450886e+01
  1.668856e-01,  8.616843e+01
  1.786592e-01,  8.960719e+01
  1.916415e-01,  8.935167e+01
  1.735252e-01,  8.910100e+01
  1.498196e-01,  9.337925e+01
  1.756505e-01,  9.269463e+01
  2.236171e-01,  8.441062e+01
  2.042245e-01,  7.892229e+01
  1.291279e-01,  8.662715e+01
  1.401739e-01,  9.749502e+01
  2.342163e-01,  8.457375e+01
  2.468089e-01,  7.608728e+01
  1.247796e-01,  9.049188e+01
  1.265881e-01,  1.243244e+02
  2.482444e-01,  9.101172e+01
  3.016010e-01,  7.091267e+01
  1.064345e-01,  7.909380e+01
  1.393037e-01,  1.546253e+02
  3.212454e-01,  9.419031e+01
  4.552441e-01,  6.352544e+01
  1.022178e-01,  2.443752e+01
  2.665077e-01,  -1.504377e+02
  3.532213e-01,  1.063699e+02
  7.204838e-01,  5.568659e+01
  3.196268e-01,  -1.313656e+01
  6.203260e-01,  -1.287324e+02
  5.465235e-01,  1.173624e+02
  1.423620e+00,  5.070297e+01
  8.560251e-01,  -3.755888e+01
  2.380475e+00,  -1.469386e+02
  4.003498e+00,  1.475463e+01
  4.122794e+00,  -1.013024e+02
  6.708297e+00,  -1.505184e+02
  1.458389e+01,  9.188312e+01
  2.279296e+01,  6.800272e+01
  1.666441e+01,  4.638988e+01
  8.154250e+00,  -1.680864e+01
  1.191762e+01,  -8.200393e+01
  1.268844e+01,  -1.143881e+02
  1.104283e+01,  -1.630589e+02
  1.388983e+01,  1.500460e+02
  1.527088e+01,  1.287532e+02
  1.063692e+01,  1.245628e+02
  4.686271e+00,  1.679972e+02
  6.507440e+00,  -1.315426e+02
  5.795575e+00,  -1.146868e+02
  2.623049e+00,  -4.127503e+01
  6.698659e+00,  1.562882e+01
  7.492252e+00,  1.203073e+01
  5.364883e+00,  -5.083975e+01
  1.293485e+01,  -1.039166e+02
  1.857765e+01,  -1.148591e+02
  1.382134e+01,  -1.239214e+02
  6.326181e+00,  1.616474e+02
  1.542309e+01,  1.155470e+02
  1.713359e+01,  1.188248e+02
  8.640633e+00,  1.436255e+02
  7.658061e+00,  -9.256178e+01
  1.656955e+01,  -5.747055e+01
  1.765802e+01,  -3.556807e+01
  1.216469e+01,  -1.207256e+01
  4.621473e+00,  9.580241e+00
  1.231831e+00,  -1.225040e+02
  2.158023e+00,  -1.116690e+02
  2.934710e+00,  8.972204e+01
  1.320977e+01,  1.103527e+02
  2.349813e+01,  1.256674e+02
  2.460301e+01,  1.414771e+02
  1.540014e+01,  -1.782700e+02
  1.711911e+01,  -9.498669e+01
  2.415933e+01,  -5.586447e+01
  1.873049e+01,  -2.928606e+01
  7.664536e+00,  3.743585e+01
  1.294737e+01,  1.200665e+02
  1.376718e+01,  1.423224e+02
  6.218743e+00,  1.593306e+02
  2.632342e+00,  -6.027143e+01
  5.224491e+00,  -3.971714e+01
  2.384221e+00,  -4.350630e+01
  1.741693e+00,  1.580537e+02
  3.004044e+00,  1.354692e+02
  3.049143e+00,  8.931747e+01
  4.268599e+00,  7.126113e+01
  4.398876e+00,  1.024078e+02
  5.898131e+00,  1.532707e+02
  6.591658e+00,  1.781372e+02
  1.990176e+00,  -1.747090e+02
  5.975965e+00,  1.966128e+01
  1.081058e+01,  2.283056e+01
  7.626586e+00,  2.322039e+01
  2.716964e+00,  -1.328106e+02
  1.240436e+01,  -1.511514e+02
  1.489590e+01,  -1.650653e+02
  1.195640e+01,  1.598928e+02
  1.290968e+01,  1.078264e+02
  1.465172e+01,  7.218736e+01
  1.323571e+01,  3.246047e+01
  1.349144e+01,  -1.465101e+01
  1.439293e+01,  -5.050672e+01
  1.326176e+01,  -7.994484e+01
  1.004793e+01,  -1.038902e+02
  3.707035e+00,  -1.283251e+02
  5.196178e+00,  8.318886e+01
  1.166714e+01,  7.863930e+01
  1.345073e+01,  8.597002e+01
  1.133318e+01,  9.526546e+01
  8.354043e+00,  8.820432e+01
  9.272499e+00,  5.580886e+01
  1.323310e+01,  4.085327e+01
  1.302187e+01,  3.605698e+01
  6.628282e+00,  1.614786e+01
  6.818848e+00,  -8.028865e+01
  1.193817e+01,  -9.953504e+01
  9.286550e+00,  -1.081655e+02
  2.811119e+00,  1.705506e+02
  9.927014e+00,  1.028389e+02
  1.329249e+01,  9.287283e+01
  1.121798e+01,  7.677732e+01
  9.460229e+00,  4.611310e+01
  9.198816e+00,  2.893879e+01
  4.869995e+00,  3.277003e+01
  4.520258e+00,  -1.555999e+02
  1.401450e+01,  -1.351561e+02
  1.812599e+01,  -1.139839e+02
  1.497346e+01,  -8.943047e+01
  8.815851e+00,  -4.799131e+01
  9.023376e+00,  1.059671e+01
  1.416563e+01,  2.516442e+01
  1.887036e+01,  1.428605e+01
  5.134121e+00,  -4.648132e+01
##END=