##TITLE= twqubit_encoding1_H_nobufferfix2
##JCAMP-DX= 5.00 Bruker JCAMP library
##DATA TYPE= Shape Data
##ORIGIN= Colm Fixed Pulses 
##OWNER= d29lu
##DATE= 12-May-2015
##TIME= 16:48
##MINX= 1.235118e-01
##MAXX= 3.728472e+01
##MINY= 6.566192e-01
##MAXY= 3.599606e+02
##$SHAPE_EXMODE= None
##$SHAPE_TOTROT= 9.000000e+01
##$SHAPE_BWFAC= 1.000000e+00
##$SHAPE_INTEGFAC= 1.000000e+00
##$SHAPE_MODE= 1
##NPOINTS= 3298
##XYPOINTS= (XY..XY)
  2.044779e+00,  2.727768e+02
  9.090086e+00,  3.139203e+02
  2.088946e+01,  3.183736e+02
  2.573134e+01,  3.230331e+02
  2.591881e+01,  3.275670e+02
  2.435146e+01,  3.304529e+02
  2.167616e+01,  3.330703e+02
  1.773054e+01,  3.351393e+02
  1.392425e+01,  3.335195e+02
  1.029427e+01,  3.230720e+02
  6.147178e+00,  2.981944e+02
  4.139340e+00,  2.191224e+02
  9.545311e+00,  1.759700e+02
  1.599787e+01,  1.672859e+02
  2.199886e+01,  1.625825e+02
  2.708424e+01,  1.594293e+02
  2.927574e+01,  1.584236e+02
  2.916808e+01,  1.590215e+02
  2.788094e+01,  1.562719e+02
  2.502836e+01,  1.479681e+02
  2.002102e+01,  1.367083e+02
  1.512194e+01,  1.277524e+02
  1.136117e+01,  1.222725e+02
  7.818588e+00,  1.154313e+02
  3.885187e+00,  1.235466e+02
  3.319474e+00,  1.965351e+02
  6.578725e+00,  2.162143e+02
  1.000936e+01,  2.168090e+02
  1.374705e+01,  2.160262e+02
  1.722787e+01,  2.135537e+02
  2.007755e+01,  2.104504e+02
  2.289304e+01,  2.105518e+02
  2.419476e+01,  2.124679e+02
  2.350820e+01,  2.144407e+02
  2.168165e+01,  2.154986e+02
  1.901382e+01,  2.154500e+02
  1.629972e+01,  2.153332e+02
  1.339088e+01,  2.141676e+02
  1.038595e+01,  2.100675e+02
  7.893489e+00,  1.983947e+02
  6.455048e+00,  1.760197e+02
  5.810673e+00,  1.455247e+02
  6.223956e+00,  1.121051e+02
  8.142309e+00,  9.448068e+01
  1.045258e+01,  9.784325e+01
  1.187845e+01,  1.057305e+02
  1.230775e+01,  1.142546e+02
  1.339959e+01,  1.247714e+02
  1.573271e+01,  1.358559e+02
  1.748330e+01,  1.430859e+02
  1.858740e+01,  1.463887e+02
  1.974217e+01,  1.454785e+02
  2.000841e+01,  1.432472e+02
  1.849916e+01,  1.408970e+02
  1.699628e+01,  1.374209e+02
  1.594320e+01,  1.327835e+02
  1.375783e+01,  1.278864e+02
  1.111293e+01,  1.232113e+02
  9.740347e+00,  1.201111e+02
  8.725493e+00,  1.169064e+02
  6.467823e+00,  1.014875e+02
  5.018336e+00,  6.215735e+01
  6.830252e+00,  2.360777e+01
  1.048021e+01,  6.670594e+00
  1.473712e+01,  6.566192e-01
  1.783950e+01,  3.587046e+02
  1.972509e+01,  3.570305e+02
  1.999733e+01,  3.543931e+02
  1.924718e+01,  3.512682e+02
  1.765571e+01,  3.462983e+02
  1.633295e+01,  3.389488e+02
  1.575109e+01,  3.312185e+02
  1.587265e+01,  3.266539e+02
  1.527068e+01,  3.233961e+02
  1.353676e+01,  3.209716e+02
  1.092874e+01,  3.208546e+02
  7.975219e+00,  3.244918e+02
  4.652941e+00,  3.352257e+02
  2.063800e+00,  3.938224e+01
  4.897633e+00,  8.637622e+01
  8.413264e+00,  7.425338e+01
  1.243523e+01,  5.964105e+01
  1.599126e+01,  5.572695e+01
  1.919055e+01,  5.505170e+01
  2.233048e+01,  5.468157e+01
  2.464299e+01,  5.403228e+01
  2.400886e+01,  5.661620e+01
  2.199688e+01,  5.929891e+01
  1.801395e+01,  6.090491e+01
  1.395830e+01,  5.835998e+01
  1.063060e+01,  5.764673e+01
  9.211527e+00,  4.798311e+01
  8.392016e+00,  3.206893e+01
  1.110454e+01,  1.679490e+01
  1.474488e+01,  1.690821e+01
  1.898174e+01,  1.971630e+01
  1.960418e+01,  1.769885e+01
  1.414491e+01,  8.039925e+00
  4.712587e+00,  2.112775e+02
  1.601417e+00,  3.150154e+02
  6.581616e-01,  1.013618e+02
  4.003431e-01,  3.574919e+02
  1.338701e-01,  9.177208e+01
  4.362761e-01,  1.750997e+01
  1.375405e-01,  1.087068e+02
  4.297621e-01,  1.857579e+01
  1.394036e-01,  8.573382e+01
  3.847382e-01,  1.704828e+01
  1.235118e-01,  6.222240e+01
  3.842060e-01,  1.801374e+01
  1.363026e-01,  6.205154e+01
  3.486597e-01,  1.792520e+01
  1.776193e-01,  4.437630e+01
  3.188457e-01,  2.030606e+01
  1.771592e-01,  2.368516e+01
  2.914764e-01,  2.404689e+01
  2.121017e-01,  3.119627e+01
  2.753038e-01,  2.432231e+01
  2.592855e-01,  2.608801e+01
  2.506207e-01,  3.101670e+01
  2.614248e-01,  2.193320e+01
  2.301320e-01,  2.855911e+01
  2.708895e-01,  2.286799e+01
  2.142239e-01,  2.876427e+01
  2.950936e-01,  2.078500e+01
  1.973971e-01,  3.677703e+01
  2.936636e-01,  2.079937e+01
  2.114300e-01,  3.202304e+01
  2.862424e-01,  2.237557e+01
  1.994443e-01,  3.075609e+01
  3.105834e-01,  2.370752e+01
  2.006429e-01,  3.448791e+01
  2.816194e-01,  2.360051e+01
  2.244710e-01,  3.176495e+01
  2.739592e-01,  2.627368e+01
  2.170893e-01,  2.683669e+01
  2.689870e-01,  2.476528e+01
  2.303666e-01,  2.959034e+01
  2.488225e-01,  2.317023e+01
  2.482064e-01,  2.263170e+01
  2.494726e-01,  2.888557e+01
  2.540366e-01,  2.236600e+01
  2.490065e-01,  2.830078e+01
  2.479081e-01,  2.840799e+01
  2.257745e-01,  2.716602e+01
  2.664675e-01,  2.424313e+01
  2.281151e-01,  3.410927e+01
  2.749011e-01,  2.028431e+01
  2.326167e-01,  2.636778e+01
  2.825855e-01,  2.691836e+01
  2.112837e-01,  2.706081e+01
  2.746541e-01,  1.875465e+01
  2.289402e-01,  3.403259e+01
  2.604067e-01,  2.507444e+01
  2.350316e-01,  2.491605e+01
  2.663185e-01,  2.676579e+01
  2.254272e-01,  2.344489e+01
  2.719770e-01,  2.497548e+01
  2.455577e-01,  2.824042e+01
  2.434963e-01,  2.603664e+01
  2.541068e-01,  2.692682e+01
  2.519495e-01,  2.810821e+01
  2.396442e-01,  2.262154e+01
  2.566449e-01,  2.484879e+01
  2.647515e-01,  2.517742e+01
  2.264984e-01,  2.760313e+01
  2.681775e-01,  2.278287e+01
  2.408096e-01,  3.328718e+01
  2.614275e-01,  2.532614e+01
  2.653718e-01,  2.703928e+01
  2.762761e-01,  2.416729e+01
  2.244378e-01,  2.543573e+01
  2.609971e-01,  2.659798e+01
  2.426582e-01,  3.005011e+01
  2.580904e-01,  2.850086e+01
  2.481745e-01,  2.523826e+01
  2.672475e-01,  2.711793e+01
  2.299141e-01,  2.850789e+01
  2.606788e-01,  2.331565e+01
  2.392711e-01,  2.461040e+01
  2.427403e-01,  2.595786e+01
  2.575491e-01,  2.632402e+01
  2.522890e-01,  2.481955e+01
  2.457798e-01,  2.564683e+01
  2.569151e-01,  2.489941e+01
  2.536508e-01,  2.508754e+01
  2.435477e-01,  2.980642e+01
  2.488510e-01,  2.248241e+01
  2.434797e-01,  3.014524e+01
  2.653864e-01,  2.607174e+01
  2.487764e-01,  2.731234e+01
  2.632712e-01,  2.546228e+01
  2.325235e-01,  2.700567e+01
  2.602914e-01,  2.488331e+01
  2.456015e-01,  2.747395e+01
  2.484647e-01,  2.754443e+01
  2.347113e-01,  2.142786e+01
  2.570996e-01,  2.375659e+01
  2.364592e-01,  2.662821e+01
  2.570662e-01,  2.396908e+01
  2.428391e-01,  2.539435e+01
  2.414909e-01,  3.069420e+01
  2.617236e-01,  2.454869e+01
  2.477317e-01,  2.507630e+01
  2.452380e-01,  3.053160e+01
  2.521645e-01,  2.663788e+01
  2.624897e-01,  2.721038e+01
  2.504903e-01,  3.511959e+01
  2.531337e-01,  2.528871e+01
  2.544391e-01,  2.914268e+01
  2.533011e-01,  3.097704e+01
  2.538688e-01,  2.563615e+01
  2.650169e-01,  2.883776e+01
  2.447379e-01,  3.040387e+01
  2.558987e-01,  2.546443e+01
  2.605336e-01,  2.540801e+01
  2.456865e-01,  2.587766e+01
  2.513933e-01,  2.286903e+01
  2.578956e-01,  2.248775e+01
  2.400295e-01,  2.865692e+01
  2.628274e-01,  2.736404e+01
  2.572113e-01,  2.398140e+01
  2.531940e-01,  2.782601e+01
  2.333119e-01,  2.506990e+01
  2.646317e-01,  2.714701e+01
  2.554923e-01,  3.012739e+01
  2.467028e-01,  2.648800e+01
  2.572204e-01,  2.246120e+01
  2.443733e-01,  2.847885e+01
  2.425976e-01,  2.494923e+01
  2.560787e-01,  2.530611e+01
  2.440308e-01,  2.882441e+01
  2.418037e-01,  2.615322e+01
  2.644890e-01,  2.397409e+01
  2.410325e-01,  2.444764e+01
  2.396929e-01,  2.533416e+01
  2.482301e-01,  2.154277e+01
  2.619069e-01,  2.940133e+01
  2.390960e-01,  2.794303e+01
  2.676896e-01,  2.622546e+01
  2.484407e-01,  2.999850e+01
  2.537239e-01,  2.654760e+01
  2.546916e-01,  2.462702e+01
  2.562593e-01,  2.998220e+01
  2.471026e-01,  2.979324e+01
  2.620337e-01,  2.585799e+01
  2.624774e-01,  3.109846e+01
  2.397034e-01,  2.807803e+01
  2.507460e-01,  2.175736e+01
  2.396590e-01,  2.522944e+01
  2.577316e-01,  2.547036e+01
  2.609563e-01,  2.194430e+01
  2.499691e-01,  2.532132e+01
  2.307175e-01,  2.823371e+01
  2.559498e-01,  2.453038e+01
  2.428242e-01,  2.556747e+01
  2.326991e-01,  2.642528e+01
  2.541839e-01,  2.085505e+01
  2.498177e-01,  2.951834e+01
  2.308399e-01,  2.736553e+01
  2.629940e-01,  2.249860e+01
  2.555767e-01,  2.646508e+01
  2.354087e-01,  2.702501e+01
  2.474548e-01,  2.492781e+01
  2.492613e-01,  2.356893e+01
  2.344043e-01,  2.912463e+01
  2.485021e-01,  2.636499e+01
  2.552597e-01,  2.644855e+01
  2.348539e-01,  2.985663e+01
  2.686173e-01,  2.878300e+01
  2.631015e-01,  2.643541e+01
  2.484255e-01,  2.883969e+01
  2.493026e-01,  2.579014e+01
  2.568592e-01,  2.585095e+01
  2.489026e-01,  2.928296e+01
  2.458821e-01,  2.351109e+01
  2.609690e-01,  2.732758e+01
  2.466456e-01,  3.011141e+01
  2.403466e-01,  2.286757e+01
  2.588677e-01,  2.800109e+01
  2.488475e-01,  2.705497e+01
  2.507436e-01,  2.383227e+01
  2.532308e-01,  2.544222e+01
  2.479378e-01,  2.865648e+01
  2.554889e-01,  2.564576e+01
  2.543700e-01,  2.341283e+01
  2.455392e-01,  3.037512e+01
  2.357727e-01,  2.144785e+01
  2.475060e-01,  2.386809e+01
  2.396103e-01,  2.687854e+01
  2.443932e-01,  2.159065e+01
  2.575951e-01,  2.516392e+01
  2.434744e-01,  2.978670e+01
  2.456861e-01,  2.277689e+01
  2.502061e-01,  2.398027e+01
  2.444085e-01,  3.025297e+01
  2.471975e-01,  2.589724e+01
  2.592318e-01,  2.573255e+01
  2.521645e-01,  2.897306e+01
  2.484626e-01,  2.600984e+01
  2.602146e-01,  2.536936e+01
  2.446994e-01,  3.024404e+01
  2.441631e-01,  2.559874e+01
  2.591823e-01,  2.292475e+01
  2.449008e-01,  2.824301e+01
  2.392032e-01,  2.358287e+01
  2.508911e-01,  2.285951e+01
  2.445765e-01,  2.763213e+01
  2.404425e-01,  2.633052e+01
  2.495139e-01,  2.839215e+01
  2.620710e-01,  2.998135e+01
  2.393290e-01,  2.570562e+01
  2.511951e-01,  2.313947e+01
  2.520324e-01,  2.829151e+01
  2.260424e-01,  2.400052e+01
  2.586041e-01,  2.462404e+01
  2.464932e-01,  2.613256e+01
  2.518388e-01,  2.855480e+01
  2.593696e-01,  2.629049e+01
  2.621094e-01,  2.765131e+01
  2.446526e-01,  2.500736e+01
  2.429128e-01,  2.122346e+01
  2.478139e-01,  2.860422e+01
  2.409609e-01,  2.403649e+01
  2.634049e-01,  2.544391e+01
  2.486172e-01,  2.810681e+01
  2.436231e-01,  2.733539e+01
  2.506706e-01,  2.585694e+01
  2.639087e-01,  2.834764e+01
  2.398624e-01,  2.690957e+01
  2.453179e-01,  2.034715e+01
  2.475096e-01,  2.803537e+01
  2.398116e-01,  2.691840e+01
  2.493858e-01,  2.195150e+01
  2.590899e-01,  2.932179e+01
  2.443816e-01,  2.594980e+01
  2.426099e-01,  2.574069e+01
  2.569394e-01,  2.563308e+01
  2.490814e-01,  2.868507e+01
  2.629938e-01,  2.828556e+01
  2.389892e-01,  2.622275e+01
  2.405303e-01,  2.567829e+01
  2.561917e-01,  2.348196e+01
  2.512636e-01,  2.443222e+01
  2.447309e-01,  2.962228e+01
  2.593343e-01,  2.532975e+01
  2.503103e-01,  2.521482e+01
  2.455445e-01,  3.181554e+01
  2.573477e-01,  2.418068e+01
  2.577989e-01,  2.951559e+01
  2.498395e-01,  2.872049e+01
  2.495198e-01,  2.542328e+01
  2.564490e-01,  2.674068e+01
  2.446466e-01,  3.113838e+01
  2.551465e-01,  2.573559e+01
  2.557105e-01,  2.498653e+01
  2.491361e-01,  3.097631e+01
  2.476181e-01,  2.704986e+01
  2.540900e-01,  2.664407e+01
  2.526310e-01,  3.203033e+01
  2.582052e-01,  2.755349e+01
  2.571097e-01,  2.548954e+01
  2.515219e-01,  3.008111e+01
  2.596683e-01,  2.512081e+01
  2.445160e-01,  2.363635e+01
  2.423288e-01,  2.735431e+01
  2.503350e-01,  2.508673e+01
  2.445929e-01,  2.774425e+01
  2.557599e-01,  2.988627e+01
  2.624067e-01,  2.578962e+01
  2.601364e-01,  2.998015e+01
  2.494245e-01,  2.607685e+01
  2.388670e-01,  2.317033e+01
  2.496598e-01,  2.456218e+01
  2.449199e-01,  2.930004e+01
  2.448939e-01,  2.415748e+01
  2.479344e-01,  2.469105e+01
  2.429624e-01,  2.758894e+01
  2.529457e-01,  2.919524e+01
  2.575513e-01,  2.486021e+01
  2.532772e-01,  2.720220e+01
  2.430214e-01,  2.675594e+01
  2.639344e-01,  2.750798e+01
  2.557121e-01,  3.145528e+01
  2.364683e-01,  1.968743e+01
  2.603523e-01,  2.658894e+01
  2.522556e-01,  2.615007e+01
  2.423288e-01,  2.488205e+01
  2.605626e-01,  2.307812e+01
  2.568240e-01,  2.977394e+01
  2.380482e-01,  2.535173e+01
  2.615022e-01,  2.145299e+01
  2.551587e-01,  2.745393e+01
  2.355830e-01,  2.958721e+01
  2.516593e-01,  2.459201e+01
  2.515583e-01,  2.951359e+01
  2.497841e-01,  2.899405e+01
  2.664558e-01,  2.620182e+01
  2.486427e-01,  3.160459e+01
  2.459740e-01,  2.374551e+01
  2.618710e-01,  2.906256e+01
  2.487531e-01,  3.043666e+01
  2.546578e-01,  2.673343e+01
  2.512060e-01,  2.310958e+01
  2.464000e-01,  3.006055e+01
  2.451092e-01,  2.729616e+01
  2.572568e-01,  2.427772e+01
  2.484713e-01,  2.758417e+01
  2.339336e-01,  2.632360e+01
  2.602197e-01,  2.392376e+01
  2.532821e-01,  2.686767e+01
  2.399415e-01,  2.810869e+01
  2.623032e-01,  2.739557e+01
  2.582944e-01,  2.876837e+01
  2.412664e-01,  2.787980e+01
  2.548438e-01,  2.501181e+01
  2.649182e-01,  2.525281e+01
  2.414825e-01,  3.033574e+01
  2.552979e-01,  2.196481e+01
  2.583445e-01,  2.440150e+01
  2.309128e-01,  2.641926e+01
  2.480792e-01,  2.463368e+01
  2.546184e-01,  2.615283e+01
  2.366468e-01,  2.855532e+01
  2.479706e-01,  2.392025e+01
  2.651035e-01,  2.587215e+01
  2.359150e-01,  2.814358e+01
  2.530978e-01,  2.102235e+01
  2.525439e-01,  2.250084e+01
  2.484674e-01,  2.446142e+01
  2.554008e-01,  2.502949e+01
  2.521812e-01,  2.594724e+01
  2.456033e-01,  2.717732e+01
  2.355637e-01,  2.267126e+01
  2.578521e-01,  2.514108e+01
  2.455618e-01,  2.927545e+01
  2.528072e-01,  2.414641e+01
  2.415929e-01,  2.513273e+01
  2.419184e-01,  3.033521e+01
  2.497372e-01,  2.507037e+01
  2.541746e-01,  2.738088e+01
  2.494098e-01,  3.170676e+01
  2.485268e-01,  2.653359e+01
  2.549841e-01,  2.439710e+01
  2.350145e-01,  3.042960e+01
  2.520191e-01,  2.490454e+01
  2.477817e-01,  2.328169e+01
  2.551390e-01,  3.037253e+01
  2.489139e-01,  2.301069e+01
  2.548618e-01,  2.623950e+01
  2.521446e-01,  2.521846e+01
  2.452496e-01,  2.205150e+01
  2.565744e-01,  2.798138e+01
  2.422593e-01,  3.018346e+01
  2.561343e-01,  2.609110e+01
  2.602551e-01,  2.451417e+01
  2.506550e-01,  2.963159e+01
  2.514339e-01,  2.717023e+01
  2.557172e-01,  2.170712e+01
  2.479590e-01,  2.807818e+01
  2.495723e-01,  2.645052e+01
  2.515318e-01,  2.253453e+01
  2.483423e-01,  3.185787e+01
  2.547786e-01,  2.369290e+01
  2.515036e-01,  2.361210e+01
  2.500381e-01,  2.771357e+01
  2.493715e-01,  2.735676e+01
  2.488619e-01,  2.409779e+01
  2.482613e-01,  2.587166e+01
  2.371184e-01,  2.700806e+01
  2.438522e-01,  2.085915e+01
  2.573447e-01,  3.100028e+01
  2.572030e-01,  2.863065e+01
  2.532784e-01,  2.552904e+01
  2.588942e-01,  2.708915e+01
  2.424424e-01,  2.583742e+01
  2.510989e-01,  2.236946e+01
  2.552395e-01,  2.575647e+01
  2.354181e-01,  2.595808e+01
  2.525325e-01,  2.282992e+01
  2.568603e-01,  3.028627e+01
  2.485817e-01,  2.818523e+01
  2.477476e-01,  2.550333e+01
  2.564232e-01,  3.133923e+01
  2.603558e-01,  2.928811e+01
  2.604701e-01,  2.458963e+01
  2.500995e-01,  3.017712e+01
  2.427689e-01,  2.912061e+01
  2.557549e-01,  2.541148e+01
  2.478738e-01,  2.629283e+01
  2.252288e-01,  2.570324e+01
  2.551586e-01,  2.693125e+01
  2.593566e-01,  2.858014e+01
  2.420785e-01,  2.495172e+01
  2.566749e-01,  2.430839e+01
  2.563753e-01,  2.667880e+01
  2.370889e-01,  2.554394e+01
  2.450492e-01,  2.259028e+01
  2.588390e-01,  2.680288e+01
  2.464695e-01,  3.049194e+01
  2.559576e-01,  2.506968e+01
  2.548262e-01,  2.628124e+01
  2.378366e-01,  2.777881e+01
  2.468972e-01,  2.490536e+01
  2.550522e-01,  2.723597e+01
  2.459038e-01,  3.124608e+01
  2.624926e-01,  2.377702e+01
  2.560537e-01,  2.619282e+01
  2.478295e-01,  2.978011e+01
  2.516482e-01,  2.380594e+01
  2.531837e-01,  2.546091e+01
  2.542781e-01,  3.048914e+01
  2.527463e-01,  2.633481e+01
  2.602800e-01,  2.498877e+01
  2.579794e-01,  3.045015e+01
  2.469456e-01,  2.319671e+01
  2.569134e-01,  2.609511e+01
  2.406120e-01,  2.774757e+01
  2.400970e-01,  2.260100e+01
  2.732255e-01,  2.442064e+01
  2.487014e-01,  2.685878e+01
  2.470636e-01,  2.398671e+01
  2.576045e-01,  2.529510e+01
  2.514345e-01,  3.088788e+01
  2.455877e-01,  2.814707e+01
  2.698987e-01,  2.710614e+01
  2.497163e-01,  3.199249e+01
  2.544170e-01,  2.542271e+01
  2.508644e-01,  2.196983e+01
  2.335817e-01,  3.130225e+01
  2.482579e-01,  2.401788e+01
  2.551744e-01,  2.187805e+01
  2.597711e-01,  2.923384e+01
  2.419528e-01,  2.838082e+01
  2.654391e-01,  2.270628e+01
  2.435415e-01,  3.204341e+01
  2.573841e-01,  2.947100e+01
  2.619229e-01,  2.213736e+01
  2.311458e-01,  2.859542e+01
  2.403067e-01,  2.554911e+01
  2.586074e-01,  2.626891e+01
  2.603456e-01,  2.888918e+01
  2.501763e-01,  2.669536e+01
  2.538549e-01,  2.430188e+01
  2.495461e-01,  2.734667e+01
  2.467003e-01,  2.895732e+01
  2.566975e-01,  2.650360e+01
  2.517623e-01,  2.444585e+01
  2.340715e-01,  2.736258e+01
  2.521157e-01,  2.666349e+01
  2.532215e-01,  2.837251e+01
  2.472912e-01,  3.169226e+01
  2.576363e-01,  2.232282e+01
  2.533609e-01,  2.691806e+01
  2.411127e-01,  2.768208e+01
  2.565754e-01,  1.956794e+01
  2.424565e-01,  2.619108e+01
  2.375518e-01,  2.562887e+01
  2.487225e-01,  2.577818e+01
  2.573317e-01,  2.954742e+01
  2.533788e-01,  2.403715e+01
  2.491753e-01,  2.466717e+01
  2.489979e-01,  2.786443e+01
  2.422635e-01,  2.713761e+01
  2.583778e-01,  2.537322e+01
  2.534184e-01,  2.580518e+01
  2.501848e-01,  2.943588e+01
  2.505810e-01,  2.281531e+01
  2.499867e-01,  2.716126e+01
  2.406462e-01,  2.706841e+01
  2.436642e-01,  2.197029e+01
  2.476934e-01,  2.468781e+01
  2.378350e-01,  2.801801e+01
  2.532882e-01,  2.635703e+01
  2.553409e-01,  2.522650e+01
  2.430682e-01,  3.081303e+01
  2.578690e-01,  2.291037e+01
  2.495956e-01,  2.614765e+01
  2.398133e-01,  2.679356e+01
  2.422522e-01,  2.468743e+01
  2.580507e-01,  2.886439e+01
  2.624829e-01,  3.230800e+01
  2.493617e-01,  2.342433e+01
  2.478794e-01,  2.340149e+01
  2.442839e-01,  3.000117e+01
  2.646805e-01,  2.542619e+01
  2.557641e-01,  2.748730e+01
  2.420583e-01,  2.806326e+01
  2.489670e-01,  2.344235e+01
  2.653918e-01,  2.558520e+01
  2.535878e-01,  3.259299e+01
  2.555150e-01,  2.542934e+01
  2.588747e-01,  2.509876e+01
  2.385300e-01,  2.796830e+01
  2.489431e-01,  2.626238e+01
  2.437122e-01,  2.186523e+01
  2.367314e-01,  3.003847e+01
  2.507879e-01,  2.791762e+01
  2.570168e-01,  2.178138e+01
  2.389788e-01,  2.975358e+01
  2.470494e-01,  2.410158e+01
  2.666465e-01,  2.463389e+01
  2.570895e-01,  3.077879e+01
  2.409183e-01,  2.103403e+01
  2.579457e-01,  2.408016e+01
  2.499726e-01,  3.142859e+01
  2.451321e-01,  2.085778e+01
  2.633388e-01,  2.571278e+01
  2.537355e-01,  3.042679e+01
  2.543166e-01,  2.569003e+01
  2.555896e-01,  2.516572e+01
  2.499927e-01,  2.861093e+01
  2.573974e-01,  2.771269e+01
  2.548756e-01,  2.497358e+01
  2.416526e-01,  2.944054e+01
  2.496716e-01,  2.821323e+01
  2.591137e-01,  2.450994e+01
  2.482429e-01,  2.990945e+01
  2.445259e-01,  2.584630e+01
  2.630956e-01,  2.262019e+01
  2.476805e-01,  2.803658e+01
  2.459153e-01,  2.346585e+01
  2.539697e-01,  2.250717e+01
  2.480758e-01,  2.594559e+01
  2.483126e-01,  2.809665e+01
  2.530653e-01,  2.511902e+01
  2.523373e-01,  2.596042e+01
  2.387232e-01,  2.945202e+01
  2.598844e-01,  2.312648e+01
  2.548740e-01,  2.998825e+01
  2.546724e-01,  2.752695e+01
  2.552752e-01,  2.231262e+01
  2.531393e-01,  2.818221e+01
  2.446677e-01,  2.420639e+01
  2.501255e-01,  2.468050e+01
  2.551344e-01,  2.808911e+01
  2.287584e-01,  2.557180e+01
  2.606799e-01,  2.562161e+01
  2.531614e-01,  3.200784e+01
  2.494992e-01,  2.984714e+01
  2.636569e-01,  2.613520e+01
  2.520466e-01,  2.640130e+01
  2.458140e-01,  2.657333e+01
  2.552519e-01,  2.729117e+01
  2.533104e-01,  2.858848e+01
  2.472461e-01,  2.578363e+01
  2.517563e-01,  2.197139e+01
  2.579343e-01,  2.736350e+01
  2.551731e-01,  3.053468e+01
  2.461548e-01,  2.162477e+01
  2.677191e-01,  2.744657e+01
  2.545293e-01,  3.507138e+01
  2.607561e-01,  2.700289e+01
  2.573543e-01,  2.512617e+01
  2.498331e-01,  2.568587e+01
  2.532422e-01,  2.242117e+01
  2.428307e-01,  2.294618e+01
  2.485907e-01,  2.899691e+01
  2.540012e-01,  2.829314e+01
  2.531041e-01,  2.487078e+01
  2.394965e-01,  2.918177e+01
  2.585403e-01,  2.518837e+01
  2.519812e-01,  2.601848e+01
  2.535060e-01,  3.242498e+01
  2.527832e-01,  2.219892e+01
  2.462267e-01,  2.580206e+01
  2.556717e-01,  2.741007e+01
  2.466996e-01,  2.639562e+01
  2.656851e-01,  2.936847e+01
  2.532491e-01,  2.745262e+01
  2.484968e-01,  2.251149e+01
  2.547541e-01,  2.570113e+01
  2.359674e-01,  3.157634e+01
  2.454824e-01,  2.629408e+01
  2.500444e-01,  2.543924e+01
  2.534745e-01,  2.714770e+01
  2.467848e-01,  2.521746e+01
  2.569513e-01,  2.409228e+01
  2.597632e-01,  3.057840e+01
  2.498395e-01,  2.606081e+01
  2.664344e-01,  2.375397e+01
  2.478988e-01,  2.918310e+01
  2.519101e-01,  2.438631e+01
  2.610456e-01,  2.436881e+01
  2.430420e-01,  3.019489e+01
  2.579448e-01,  2.503892e+01
  2.643395e-01,  2.546212e+01
  2.536775e-01,  3.288618e+01
  2.530626e-01,  2.946650e+01
  2.605222e-01,  2.317723e+01
  2.562405e-01,  2.775187e+01
  2.352291e-01,  2.505170e+01
  2.490848e-01,  2.152798e+01
  2.444384e-01,  2.933004e+01
  2.433365e-01,  2.741900e+01
  2.698389e-01,  2.325705e+01
  2.516588e-01,  3.019989e+01
  2.472234e-01,  2.857413e+01
  2.591701e-01,  2.473116e+01
  2.468988e-01,  2.717973e+01
  2.475013e-01,  2.713006e+01
  2.565007e-01,  2.442404e+01
  2.438257e-01,  2.766489e+01
  2.483771e-01,  2.783835e+01
  2.529126e-01,  2.321432e+01
  2.555788e-01,  3.065183e+01
  2.593614e-01,  2.921908e+01
  2.625888e-01,  2.815362e+01
  2.545158e-01,  2.718970e+01
  2.356275e-01,  2.571079e+01
  2.585020e-01,  2.509129e+01
  2.559481e-01,  3.011605e+01
  2.452651e-01,  2.546333e+01
  2.548152e-01,  2.513330e+01
  2.530511e-01,  2.993337e+01
  2.413716e-01,  2.993452e+01
  2.550331e-01,  2.907638e+01
  2.544586e-01,  2.715458e+01
  2.284165e-01,  2.913802e+01
  2.468190e-01,  2.262381e+01
  2.506972e-01,  2.812113e+01
  2.440904e-01,  2.945750e+01
  2.599983e-01,  2.422483e+01
  2.538083e-01,  2.969485e+01
  2.471116e-01,  2.956109e+01
  2.564885e-01,  2.490208e+01
  2.446850e-01,  2.374736e+01
  2.430759e-01,  2.532754e+01
  2.521989e-01,  2.399329e+01
  2.544897e-01,  2.275908e+01
  2.477615e-01,  3.025826e+01
  2.587243e-01,  2.317970e+01
  2.491451e-01,  2.668487e+01
  2.512053e-01,  2.856181e+01
  2.554239e-01,  2.659299e+01
  2.558942e-01,  2.962087e+01
  2.416928e-01,  2.529107e+01
  2.353833e-01,  2.239109e+01
  2.687759e-01,  2.870562e+01
  2.490267e-01,  2.866653e+01
  2.531531e-01,  2.493548e+01
  2.492895e-01,  2.480526e+01
  2.437288e-01,  2.670648e+01
  2.478257e-01,  2.416142e+01
  2.534697e-01,  2.555825e+01
  2.436763e-01,  2.591506e+01
  2.389493e-01,  2.315578e+01
  2.552807e-01,  2.669723e+01
  2.429706e-01,  2.427251e+01
  2.532241e-01,  2.591751e+01
  2.624956e-01,  2.373296e+01
  2.567290e-01,  3.436467e+01
  2.553023e-01,  2.459912e+01
  2.501543e-01,  2.793823e+01
  2.515198e-01,  2.873358e+01
  2.527829e-01,  3.121896e+01
  2.511034e-01,  2.657833e+01
  2.467116e-01,  2.712340e+01
  2.570183e-01,  2.855831e+01
  2.523885e-01,  2.337037e+01
  2.472406e-01,  2.676936e+01
  2.514059e-01,  2.395587e+01
  2.543322e-01,  2.109793e+01
  2.484014e-01,  3.236580e+01
  2.379723e-01,  2.204572e+01
  2.466369e-01,  2.166972e+01
  2.373562e-01,  2.863062e+01
  3.139942e-01,  5.030540e+01
  1.570511e+00,  2.318540e+02
  2.301267e+00,  1.882088e+02
  4.879513e+00,  9.348209e+01
  1.090128e+01,  6.962632e+01
  1.699529e+01,  6.288060e+01
  2.294708e+01,  5.996333e+01
  2.773955e+01,  5.888029e+01
  3.000634e+01,  5.881399e+01
  3.060124e+01,  6.133428e+01
  2.985238e+01,  6.705146e+01
  2.835505e+01,  7.518715e+01
  2.673768e+01,  8.303415e+01
  2.496687e+01,  8.840246e+01
  2.286438e+01,  9.128148e+01
  1.956312e+01,  9.140380e+01
  1.558067e+01,  8.841421e+01
  1.160309e+01,  8.184049e+01
  8.464107e+00,  7.076405e+01
  6.377898e+00,  4.949785e+01
  6.737443e+00,  1.421033e+01
  9.869529e+00,  3.520987e+02
  1.370172e+01,  3.409531e+02
  1.663940e+01,  3.306086e+02
  1.817814e+01,  3.195828e+02
  1.884227e+01,  3.096215e+02
  1.898056e+01,  3.016884e+02
  1.878806e+01,  2.967076e+02
  1.856900e+01,  2.946003e+02
  1.819724e+01,  2.911674e+02
  1.725061e+01,  2.823590e+02
  1.623490e+01,  2.705563e+02
  1.533948e+01,  2.623723e+02
  1.436263e+01,  2.598308e+02
  1.328139e+01,  2.620171e+02
  1.235695e+01,  2.703725e+02
  1.254295e+01,  2.829306e+02
  1.397164e+01,  2.923760e+02
  1.582321e+01,  2.970161e+02
  1.736080e+01,  2.986068e+02
  1.789316e+01,  2.997759e+02
  1.692461e+01,  3.036687e+02
  1.504689e+01,  3.118564e+02
  1.271731e+01,  3.228532e+02
  9.830636e+00,  3.346311e+02
  6.591681e+00,  3.491538e+02
  4.280269e+00,  1.770639e+01
  3.896271e+00,  5.081109e+01
  3.730340e+00,  6.181266e+01
  3.366419e+00,  6.357368e+01
  3.119757e+00,  7.350181e+01
  1.702219e+00,  9.316415e+01
  2.514606e+00,  2.496006e+02
  8.209517e+00,  2.638648e+02
  1.433934e+01,  2.652641e+02
  2.099881e+01,  2.643989e+02
  2.825923e+01,  2.631550e+02
  3.287295e+01,  2.604622e+02
  3.347743e+01,  2.569870e+02
  3.093245e+01,  2.540262e+02
  2.614802e+01,  2.527582e+02
  1.910634e+01,  2.538212e+02
  1.231456e+01,  2.623264e+02
  8.008970e+00,  2.859957e+02
  6.539760e+00,  3.317928e+02
  9.243261e+00,  1.062558e+01
  1.355626e+01,  2.566063e+01
  1.562164e+01,  2.770566e+01
  1.429062e+01,  2.798101e+01
  1.098145e+01,  2.842213e+01
  7.606127e+00,  2.963793e+01
  4.384056e+00,  2.962856e+01
  2.167351e+00,  4.061364e+01
  1.625420e+00,  5.429215e+01
  2.421382e+00,  4.404882e+01
  3.661850e+00,  2.712833e+01
  5.213098e+00,  2.214872e+01
  7.145174e+00,  2.251936e+01
  9.275597e+00,  2.421750e+01
  1.184652e+01,  2.705771e+01
  1.527039e+01,  3.463180e+01
  1.964331e+01,  4.623739e+01
  2.421357e+01,  5.829812e+01
  2.673164e+01,  6.769899e+01
  2.515351e+01,  7.211029e+01
  2.249380e+01,  7.015026e+01
  2.016437e+01,  6.360002e+01
  1.803266e+01,  6.073371e+01
  1.408727e+01,  5.721086e+01
  1.075947e+01,  4.846546e+01
  7.734387e+00,  3.015316e+01
  5.693345e+00,  3.598287e+02
  7.327572e+00,  3.216699e+02
  1.064469e+01,  3.172630e+02
  1.380324e+01,  3.171271e+02
  1.540975e+01,  3.191522e+02
  1.650830e+01,  3.169956e+02
  1.515133e+01,  3.125473e+02
  9.488839e+00,  2.824995e+02
  3.254262e+00,  1.926274e+02
  9.600198e+00,  2.373530e+02
  8.969406e+00,  2.201621e+02
  7.601834e+00,  2.031896e+02
  6.822392e+00,  1.572880e+02
  8.404568e+00,  1.229640e+02
  1.193509e+01,  9.862544e+01
  1.509906e+01,  8.482881e+01
  1.829296e+01,  7.716807e+01
  2.017090e+01,  7.139548e+01
  2.210226e+01,  7.086215e+01
  2.283536e+01,  7.641233e+01
  2.319873e+01,  8.351513e+01
  2.253709e+01,  8.651235e+01
  2.195933e+01,  8.658669e+01
  2.075208e+01,  8.567575e+01
  1.892008e+01,  8.300447e+01
  1.551344e+01,  7.540687e+01
  1.201068e+01,  6.797729e+01
  8.646751e+00,  6.686966e+01
  5.314116e+00,  7.056409e+01
  2.274924e+00,  7.846094e+01
  1.047487e+00,  1.583809e+02
  2.823473e+00,  2.116357e+02
  5.157228e+00,  2.350737e+02
  7.467920e+00,  2.503436e+02
  9.421698e+00,  2.595325e+02
  1.048427e+01,  2.629885e+02
  1.078131e+01,  2.616950e+02
  1.063732e+01,  2.563580e+02
  1.105856e+01,  2.508678e+02
  1.126425e+01,  2.481297e+02
  1.101008e+01,  2.478267e+02
  1.053217e+01,  2.510263e+02
  1.089459e+01,  2.597923e+02
  1.171332e+01,  2.700554e+02
  1.240144e+01,  2.792771e+02
  1.270741e+01,  2.863753e+02
  1.324723e+01,  2.907627e+02
  1.363367e+01,  2.924246e+02
  1.350426e+01,  2.909552e+02
  1.223898e+01,  2.873588e+02
  1.015035e+01,  2.851768e+02
  8.183827e+00,  2.895004e+02
  6.874053e+00,  2.987913e+02
  5.105844e+00,  3.023232e+02
  2.341669e+00,  2.832535e+02
  2.240705e+00,  1.785784e+02
  5.135958e+00,  1.575122e+02
  7.790487e+00,  1.551129e+02
  9.661916e+00,  1.554045e+02
  1.023916e+01,  1.610303e+02
  9.508979e+00,  1.806925e+02
  1.032934e+01,  2.152390e+02
  1.356280e+01,  2.401266e+02
  1.737731e+01,  2.544715e+02
  2.128544e+01,  2.638937e+02
  2.544776e+01,  2.701004e+02
  2.753551e+01,  2.724167e+02
  2.761620e+01,  2.719395e+02
  2.685863e+01,  2.696272e+02
  2.573615e+01,  2.661360e+02
  2.395179e+01,  2.625353e+02
  2.097262e+01,  2.596275e+02
  1.735014e+01,  2.568386e+02
  1.376954e+01,  2.531111e+02
  9.778454e+00,  2.460650e+02
  6.037732e+00,  2.363967e+02
  3.853634e+00,  2.212889e+02
  3.694887e+00,  2.048110e+02
  4.773306e+00,  1.957206e+02
  5.818182e+00,  1.911314e+02
  6.811825e+00,  1.870507e+02
  7.345027e+00,  1.820315e+02
  6.748220e+00,  1.704208e+02
  5.779498e+00,  1.432520e+02
  6.063980e+00,  1.124950e+02
  7.113354e+00,  9.117848e+01
  8.551921e+00,  7.665500e+01
  1.035652e+01,  6.775238e+01
  1.216011e+01,  6.183835e+01
  1.465657e+01,  5.973247e+01
  1.811640e+01,  6.210542e+01
  2.242844e+01,  6.925331e+01
  2.591809e+01,  7.815762e+01
  2.609784e+01,  8.746838e+01
  2.353701e+01,  9.421154e+01
  2.076319e+01,  9.796892e+01
  1.812156e+01,  1.016951e+02
  1.540910e+01,  1.079804e+02
  1.171804e+01,  1.122891e+02
  8.450704e+00,  1.148148e+02
  4.586579e+00,  1.187325e+02
  1.333815e+00,  1.368927e+02
  1.926844e+00,  2.956612e+02
  3.156897e+00,  3.050813e+02
  3.941770e+00,  3.032801e+02
  4.313882e+00,  2.846526e+02
  3.681495e+00,  2.430149e+02
  5.155573e+00,  1.422957e+02
  1.404193e+00,  3.375643e+02
  2.424605e-01,  1.210164e+02
  2.940757e-01,  3.599606e+02
  2.500683e-01,  5.611399e+01
  2.914458e-01,  3.583396e+02
  2.183345e-01,  5.932972e+01
  3.028609e-01,  3.592994e+02
  2.596826e-01,  6.252770e+01
  2.898173e-01,  3.586931e+02
  2.381878e-01,  5.259708e+01
  2.772471e-01,  7.689012e+00
  2.356112e-01,  4.960266e+01
  2.892111e-01,  9.690476e+00
  2.229074e-01,  4.946831e+01
  2.722177e-01,  8.913885e+00
  2.337071e-01,  3.887741e+01
  2.757560e-01,  1.924720e+01
  2.391694e-01,  3.642312e+01
  2.686524e-01,  2.005132e+01
  2.480438e-01,  3.553161e+01
  2.541837e-01,  2.237714e+01
  2.454678e-01,  2.508229e+01
  2.497535e-01,  2.851719e+01
  2.442117e-01,  2.164394e+01
  2.574702e-01,  2.932680e+01
  2.517057e-01,  2.260438e+01
  2.424295e-01,  3.391392e+01
  2.713939e-01,  1.586846e+01
  2.447309e-01,  3.724328e+01
  2.530089e-01,  1.593528e+01
  2.366763e-01,  3.165707e+01
  2.646936e-01,  1.865168e+01
  2.449889e-01,  3.268083e+01
  2.743054e-01,  1.597717e+01
  2.463015e-01,  3.524062e+01
  2.555741e-01,  1.700682e+01
  2.457896e-01,  3.361834e+01
  2.657369e-01,  1.922881e+01
  2.237415e-01,  3.428153e+01
  2.668955e-01,  1.552394e+01
  2.400936e-01,  3.530895e+01
  2.500161e-01,  1.855927e+01
  2.550721e-01,  2.897444e+01
  2.598736e-01,  2.297126e+01
  2.368128e-01,  2.868964e+01
  2.670033e-01,  2.511616e+01
  2.427631e-01,  2.717482e+01
  2.586663e-01,  2.867369e+01
  2.413130e-01,  2.116251e+01
  2.662580e-01,  2.928328e+01
  2.361424e-01,  1.972746e+01
  2.478671e-01,  2.911891e+01
  2.496784e-01,  2.243462e+01
  2.490209e-01,  3.492724e+01
  2.482554e-01,  1.327703e+01
  2.687297e-01,  3.636846e+01
  2.393699e-01,  1.772708e+01
  8.870780e-01,  8.723503e+01
  2.439843e+00,  1.877290e+01
  1.309597e+01,  3.282532e+02
  2.703288e+01,  3.117857e+02
  2.889367e+01,  2.967295e+02
  2.566223e+01,  2.840167e+02
  2.026628e+01,  2.766310e+02
  1.460210e+01,  2.750219e+02
  9.841845e+00,  2.820650e+02
  5.785076e+00,  2.985311e+02
  2.520916e+00,  3.404044e+02
  2.621980e+00,  6.751430e+01
  4.445873e+00,  1.011535e+02
  6.211893e+00,  1.192393e+02
  8.307296e+00,  1.313229e+02
  1.035177e+01,  1.365461e+02
  1.167156e+01,  1.344741e+02
  1.285979e+01,  1.261216e+02
  1.428582e+01,  1.135130e+02
  1.647531e+01,  1.001506e+02
  1.891537e+01,  8.962873e+01
  2.113100e+01,  8.497786e+01
  2.249789e+01,  8.589118e+01
  2.178955e+01,  9.245750e+01
  1.903559e+01,  1.038828e+02
  1.748932e+01,  1.211960e+02
  1.729746e+01,  1.357953e+02
  1.758483e+01,  1.428743e+02
  1.684575e+01,  1.430898e+02
  1.497399e+01,  1.375052e+02
  1.210446e+01,  1.245965e+02
  1.036746e+01,  1.019252e+02
  1.074563e+01,  7.852966e+01
  1.239046e+01,  6.263955e+01
  1.438068e+01,  5.237714e+01
  1.618024e+01,  4.752341e+01
  1.688515e+01,  4.748319e+01
  1.625233e+01,  5.063227e+01
  1.523505e+01,  5.747880e+01
  1.521578e+01,  6.342929e+01
  1.576109e+01,  6.480440e+01
  1.536197e+01,  5.875150e+01
  1.431020e+01,  4.904610e+01
  1.344333e+01,  3.533009e+01
  1.293232e+01,  2.211499e+01
  1.280935e+01,  6.102709e+00
  1.227948e+01,  3.495491e+02
  1.188699e+01,  3.307189e+02
  1.064346e+01,  3.132925e+02
  9.476255e+00,  2.955296e+02
  8.421481e+00,  2.725282e+02
  8.706788e+00,  2.476553e+02
  1.008571e+01,  2.243037e+02
  1.234768e+01,  2.111106e+02
  1.488665e+01,  2.044151e+02
  1.724602e+01,  2.027428e+02
  1.881936e+01,  2.030241e+02
  1.917076e+01,  2.049937e+02
  1.867486e+01,  2.100113e+02
  1.804226e+01,  2.170313e+02
  1.740061e+01,  2.275313e+02
  1.740431e+01,  2.362334e+02
  1.824363e+01,  2.424219e+02
  1.882551e+01,  2.422380e+02
  1.890082e+01,  2.405144e+02
  1.818721e+01,  2.332877e+02
  1.689555e+01,  2.255805e+02
  1.510488e+01,  2.127983e+02
  1.288202e+01,  1.997246e+02
  1.144925e+01,  1.780495e+02
  1.043441e+01,  1.539869e+02
  1.097224e+01,  1.301384e+02
  1.075991e+01,  1.071758e+02
  1.150849e+01,  8.481745e+01
  1.269233e+01,  6.149875e+01
  1.463964e+01,  4.370627e+01
  1.679651e+01,  2.871399e+01
  1.876460e+01,  1.826217e+01
  2.031301e+01,  1.096294e+01
  2.147591e+01,  6.183176e+00
  2.142611e+01,  5.678193e+00
  2.101686e+01,  7.134491e+00
  1.933633e+01,  1.473234e+01
  1.837300e+01,  2.271615e+01
  1.696203e+01,  3.609017e+01
  1.578544e+01,  4.136351e+01
  1.321890e+01,  5.150374e+01
  9.001795e+00,  4.551130e+01
  3.030551e+00,  3.848673e+01
  6.550346e+00,  2.790232e+02
  1.325015e+01,  2.656406e+02
  2.121716e+01,  2.753170e+02
  2.570643e+01,  2.806785e+02
  3.138636e+01,  2.911282e+02
  3.227738e+01,  2.974191e+02
  3.728472e+01,  3.039889e+02
  3.475937e+01,  3.041688e+02
  1.726597e+01,  3.106295e+02
  2.617524e+01,  1.322285e+02
  9.357513e+00,  3.314081e+02
  7.600974e+00,  8.961457e+01
  8.918631e+00,  2.592336e+01
  1.543689e+01,  3.443100e+02
  2.647712e+01,  3.158057e+02
  2.400342e+01,  2.949655e+02
  2.132291e+01,  2.796391e+02
  1.541259e+01,  2.630156e+02
  1.128006e+01,  2.578627e+02
  6.322018e+00,  2.310833e+02
  2.960602e+00,  2.180082e+02
  3.496372e+00,  1.409000e+02
  4.092456e+00,  1.221593e+02
  6.129020e+00,  1.245998e+02
  6.345160e+00,  1.266665e+02
  8.768150e+00,  1.310479e+02
  9.946668e+00,  1.303240e+02
  1.167744e+01,  1.234171e+02
  1.342958e+01,  1.116185e+02
  1.643211e+01,  1.000893e+02
  1.924357e+01,  8.967385e+01
  2.186805e+01,  8.191777e+01
  2.420730e+01,  8.064770e+01
  2.384901e+01,  8.261993e+01
  2.158078e+01,  9.203076e+01
  1.862592e+01,  1.078322e+02
  1.852280e+01,  1.297402e+02
  1.981365e+01,  1.450747e+02
  2.193853e+01,  1.506728e+02
  2.135507e+01,  1.499394e+02
  1.891903e+01,  1.430244e+02
  1.522017e+01,  1.307692e+02
  1.347050e+01,  1.115079e+02
  1.304282e+01,  8.741827e+01
  1.456098e+01,  7.077488e+01
  1.620840e+01,  6.092160e+01
  1.722221e+01,  6.079657e+01
  1.697187e+01,  6.218823e+01
  1.578109e+01,  6.368461e+01
  1.451142e+01,  5.835404e+01
  1.461868e+01,  4.752563e+01
  1.566933e+01,  3.841335e+01
  1.585220e+01,  3.252774e+01
  1.521368e+01,  2.653479e+01
  1.490399e+01,  1.867080e+01
  1.468211e+01,  1.279357e+01
  1.446233e+01,  5.351726e+00
  1.348065e+01,  3.558872e+02
  1.236658e+01,  3.430356e+02
  1.023510e+01,  3.297731e+02
  8.263939e+00,  3.130225e+02
  6.242534e+00,  2.857422e+02
  6.032715e+00,  2.502289e+02
  7.652321e+00,  2.171196e+02
  1.009725e+01,  2.039929e+02
  1.276615e+01,  1.992929e+02
  1.529429e+01,  1.996167e+02
  1.756849e+01,  1.999422e+02
  1.863705e+01,  2.032173e+02
  1.909133e+01,  2.083194e+02
  1.942870e+01,  2.153293e+02
  1.975796e+01,  2.222534e+02
  2.017778e+01,  2.281303e+02
  2.085022e+01,  2.319437e+02
  2.115553e+01,  2.322483e+02
  2.047914e+01,  2.301529e+02
  1.913365e+01,  2.251843e+02
  1.712379e+01,  2.195069e+02
  1.482441e+01,  2.107790e+02
  1.219144e+01,  1.993186e+02
  1.047911e+01,  1.796422e+02
  9.470862e+00,  1.567024e+02
  9.593161e+00,  1.345641e+02
  9.512864e+00,  1.122107e+02
  1.032869e+01,  9.061751e+01
  1.176882e+01,  6.971661e+01
  1.376293e+01,  5.406381e+01
  1.597108e+01,  4.076010e+01
  1.804366e+01,  3.159903e+01
  1.973702e+01,  2.438666e+01
  2.086426e+01,  1.981991e+01
  2.118496e+01,  1.792518e+01
  2.065195e+01,  1.894605e+01
  1.919455e+01,  2.326084e+01
  1.762518e+01,  2.977196e+01
  1.557438e+01,  3.839092e+01
  1.328796e+01,  4.525680e+01
  9.900359e+00,  5.386571e+01
  5.589589e+00,  6.020756e+01
  1.130702e+00,  1.545186e+02
  6.969181e+00,  2.362610e+02
  1.401997e+01,  2.452266e+02
  2.014293e+01,  2.573970e+02
  2.548864e+01,  2.680436e+02
  2.962060e+01,  2.808438e+02
  3.236355e+01,  2.915150e+02
  3.591792e+01,  3.012298e+02
  3.087494e+01,  3.085579e+02
  9.359886e+00,  3.248896e+02
  8.108595e+00,  1.367204e+02
  2.762935e+00,  3.344130e+02
  6.285412e-01,  1.438226e+02
  4.241609e-01,  1.385882e+01
  2.009170e-01,  8.881102e+01
  4.010920e-01,  4.047060e+00
  2.049708e-01,  9.216358e+01
  3.927371e-01,  6.966840e+00
  1.931478e-01,  8.353068e+01
  3.769406e-01,  4.585947e+00
  1.828781e-01,  7.234651e+01
  3.386302e-01,  8.607542e+00
  1.948069e-01,  5.453044e+01
  3.192691e-01,  1.482491e+01
  1.946337e-01,  4.669330e+01
  3.049734e-01,  1.510301e+01
  2.216040e-01,  4.124468e+01
  2.728091e-01,  2.213749e+01
  2.395424e-01,  2.608849e+01
  2.673053e-01,  2.925246e+01
  2.293788e-01,  2.343323e+01
  2.523756e-01,  2.731013e+01
  2.658794e-01,  2.195799e+01
  2.285450e-01,  3.525563e+01
  2.767837e-01,  1.699150e+01
  2.355446e-01,  3.751989e+01
  2.723097e-01,  1.614945e+01
  2.370766e-01,  3.461580e+01
  2.864025e-01,  2.373613e+01
  2.181140e-01,  3.890940e+01
  2.907395e-01,  1.590179e+01
  2.216881e-01,  3.072321e+01
  2.738293e-01,  2.283900e+01
  2.121258e-01,  2.745800e+01
  2.668899e-01,  2.230883e+01
  2.177360e-01,  3.513010e+01
  2.694857e-01,  2.566114e+01
  2.376087e-01,  2.708594e+01
  2.532064e-01,  2.467168e+01
  2.469055e-01,  2.578998e+01
  2.608590e-01,  2.618221e+01
  2.467577e-01,  2.617709e+01
  2.454845e-01,  2.480256e+01
  2.518269e-01,  2.550429e+01
  2.403483e-01,  3.087771e+01
  2.540715e-01,  2.257347e+01
  2.457015e-01,  3.299426e+01
  2.713306e-01,  2.576373e+01
  2.365603e-01,  2.924711e+01
  2.685483e-01,  1.806253e+01
  2.290058e-01,  3.244793e+01
  2.625843e-01,  2.109719e+01
  2.348767e-01,  2.936877e+01
  2.616133e-01,  2.208215e+01
  2.281863e-01,  2.813168e+01
  2.627099e-01,  2.252539e+01
  2.465889e-01,  2.788525e+01
  2.657999e-01,  2.295559e+01
  2.429233e-01,  2.600655e+01
  2.492155e-01,  2.747637e+01
  2.402425e-01,  2.281037e+01
  2.495957e-01,  2.607928e+01
  2.468511e-01,  3.143019e+01
  2.491405e-01,  2.766001e+01
  2.677183e-01,  2.493559e+01
  2.560748e-01,  3.297401e+01
  2.540858e-01,  2.405948e+01
  2.492056e-01,  2.593639e+01
  2.621182e-01,  2.265831e+01
  2.360270e-01,  2.808895e+01
  2.703721e-01,  2.154736e+01
  2.494825e-01,  3.093187e+01
  2.506799e-01,  2.487324e+01
  2.610661e-01,  2.948263e+01
  2.630116e-01,  2.829395e+01
  2.393358e-01,  2.704659e+01
  2.662491e-01,  2.259729e+01
  2.357795e-01,  3.264823e+01
  2.497642e-01,  2.288958e+01
  2.588950e-01,  2.527630e+01
  2.446460e-01,  2.744259e+01
  2.426765e-01,  2.615003e+01
  2.619022e-01,  2.555353e+01
  2.405947e-01,  2.666894e+01
  2.425940e-01,  2.951848e+01
  2.608900e-01,  2.475435e+01
  2.517976e-01,  3.060792e+01
  2.344979e-01,  2.525317e+01
  2.495086e-01,  3.028555e+01
  2.611940e-01,  2.783482e+01
  2.400321e-01,  2.997740e+01
  2.592642e-01,  1.741409e+01
  2.339297e-01,  3.009057e+01
  2.460921e-01,  2.775939e+01
  2.587165e-01,  2.606520e+01
  2.634510e-01,  2.900077e+01
  2.431955e-01,  2.885705e+01
  2.579950e-01,  2.607313e+01
  2.496706e-01,  2.630182e+01
  2.434114e-01,  2.531355e+01
  2.486338e-01,  2.612194e+01
  2.557512e-01,  2.591649e+01
  2.318012e-01,  2.741014e+01
  2.567813e-01,  2.698659e+01
  2.481338e-01,  2.551850e+01
  2.406636e-01,  2.946144e+01
  2.573921e-01,  2.699140e+01
  2.503203e-01,  2.923113e+01
  2.556349e-01,  2.742796e+01
  2.480960e-01,  2.666135e+01
  2.688435e-01,  2.698867e+01
  2.518434e-01,  2.973943e+01
  2.534052e-01,  1.812637e+01
  2.488200e-01,  2.901234e+01
  2.594898e-01,  3.072339e+01
  2.413805e-01,  2.308837e+01
  2.628576e-01,  2.415732e+01
  2.430027e-01,  3.008001e+01
  2.513962e-01,  2.265948e+01
  2.523983e-01,  2.785990e+01
  2.436625e-01,  2.831767e+01
  2.646592e-01,  2.269831e+01
  2.566008e-01,  2.733552e+01
  2.561280e-01,  2.765663e+01
  2.468412e-01,  2.874183e+01
  2.600595e-01,  2.849044e+01
  2.351250e-01,  2.920851e+01
  2.575270e-01,  2.588752e+01
  2.574171e-01,  2.835456e+01
  2.582750e-01,  2.836773e+01
  2.402040e-01,  2.638684e+01
  2.641713e-01,  2.363950e+01
  2.378639e-01,  2.803325e+01
  2.607419e-01,  2.242860e+01
  2.430076e-01,  2.788290e+01
  2.508228e-01,  2.479871e+01
  2.311391e-01,  3.218774e+01
  2.729611e-01,  2.189082e+01
  2.302162e-01,  3.132110e+01
  2.654712e-01,  2.636635e+01
  8.493381e-01,  1.142846e+02
  7.006330e-01,  3.105430e+02
  5.477237e+00,  2.989212e+02
  1.058270e+01,  2.988300e+02
  1.367113e+01,  2.991094e+02
  1.602437e+01,  2.984689e+02
  1.709235e+01,  2.961654e+02
  1.676987e+01,  2.934843e+02
  1.498652e+01,  2.915731e+02
  1.236980e+01,  2.922598e+02
  9.899994e+00,  2.952984e+02
  7.988671e+00,  3.024772e+02
  6.514896e+00,  3.144838e+02
  5.628893e+00,  3.279354e+02
  4.997104e+00,  3.322747e+02
  4.220931e+00,  3.239918e+02
  3.585209e+00,  3.032805e+02
  3.566476e+00,  2.769701e+02
  4.064153e+00,  2.577493e+02
  4.404382e+00,  2.485672e+02
  4.215262e+00,  2.453835e+02
  3.850922e+00,  2.462573e+02
  3.806287e+00,  2.498221e+02
  4.288180e+00,  2.546963e+02
  4.972567e+00,  2.562158e+02
  5.654996e+00,  2.525546e+02
  6.287259e+00,  2.472535e+02
  6.677068e+00,  2.417045e+02
  6.453769e+00,  2.346434e+02
  5.875729e+00,  2.241071e+02
  5.404132e+00,  2.109236e+02
  4.862213e+00,  1.945191e+02
  4.246781e+00,  1.661411e+02
  4.966050e+00,  1.318066e+02
  6.770417e+00,  1.151215e+02
  8.320426e+00,  1.100357e+02
  9.510206e+00,  1.076902e+02
  1.062249e+01,  1.058567e+02
  1.140775e+01,  1.054424e+02
  1.165546e+01,  1.073992e+02
  1.168697e+01,  1.105049e+02
  1.191630e+01,  1.131446e+02
  1.238657e+01,  1.142816e+02
  1.334264e+01,  1.130961e+02
  1.501699e+01,  1.106234e+02
  1.699550e+01,  1.082454e+02
  1.819046e+01,  1.065871e+02
  1.822492e+01,  1.054308e+02
  1.771410e+01,  1.037794e+02
  1.697415e+01,  1.017718e+02
  1.539784e+01,  1.009629e+02
  1.292921e+01,  1.031469e+02
  1.051111e+01,  1.086750e+02
  8.550671e+00,  1.146137e+02
  7.001510e+00,  1.237234e+02
  6.092199e+00,  1.408249e+02
  5.921482e+00,  1.607028e+02
  6.025794e+00,  1.773303e+02
  6.220840e+00,  1.912830e+02
  6.591957e+00,  2.032249e+02
  7.027317e+00,  2.133543e+02
  7.454320e+00,  2.224081e+02
  7.974573e+00,  2.291274e+02
  8.383195e+00,  2.349832e+02
  8.621177e+00,  2.394522e+02
  8.562523e+00,  2.418490e+02
  7.905309e+00,  2.411387e+02
  6.468864e+00,  2.387105e+02
  4.386104e+00,  2.352572e+02
  1.644567e+00,  2.196922e+02
  2.112847e+00,  7.823358e+01
  5.690481e+00,  6.924502e+01
  9.087915e+00,  6.742878e+01
  1.180317e+01,  6.688525e+01
  1.339189e+01,  6.454050e+01
  1.418534e+01,  6.053111e+01
  1.466735e+01,  5.713783e+01
  1.452225e+01,  5.471669e+01
  1.352964e+01,  5.069021e+01
  1.212872e+01,  4.318275e+01
  1.085221e+01,  3.238134e+01
  9.885141e+00,  2.073578e+01
  8.868789e+00,  1.053781e+01
  7.622950e+00,  1.205983e+00
  6.163599e+00,  3.527986e+02
  4.582014e+00,  3.482867e+02
  2.765006e+00,  3.574002e+02
  1.820188e+00,  5.709761e+01
  3.504423e+00,  1.038930e+02
  5.468340e+00,  1.114906e+02
  7.030255e+00,  1.081461e+02
  8.344843e+00,  1.033345e+02
  9.132777e+00,  9.901217e+01
  9.124279e+00,  9.286674e+01
  8.786175e+00,  8.478051e+01
  8.559231e+00,  7.735309e+01
  8.452595e+00,  7.196479e+01
  8.339442e+00,  6.870023e+01
  8.066252e+00,  6.771797e+01
  7.474823e+00,  6.905393e+01
  6.701523e+00,  7.316382e+01
  5.841977e+00,  8.233221e+01
  5.123200e+00,  9.856203e+01
  5.100006e+00,  1.209424e+02
  5.994614e+00,  1.397109e+02
  7.313322e+00,  1.482421e+02
  8.640488e+00,  1.500303e+02
  9.809670e+00,  1.477403e+02
  1.039850e+01,  1.422906e+02
  1.045569e+01,  1.342073e+02
  1.061250e+01,  1.260996e+02
  1.083607e+01,  1.203318e+02
  1.084675e+01,  1.148357e+02
  1.098179e+01,  1.090945e+02
  1.148808e+01,  1.043639e+02
  1.198353e+01,  1.007626e+02
  1.209235e+01,  9.767174e+01
  1.188334e+01,  9.478394e+01
  1.143929e+01,  9.127648e+01
  1.024200e+01,  8.672213e+01
  8.229852e+00,  8.059473e+01
  6.269245e+00,  7.174880e+01
  4.873994e+00,  5.731879e+01
  3.977417e+00,  3.340301e+01
  3.780031e+00,  1.450072e+00
  4.277624e+00,  3.363696e+02
  4.922328e+00,  3.227257e+02
  5.458042e+00,  3.169290e+02
  5.665581e+00,  3.141525e+02
  5.646959e+00,  3.121976e+02
  5.553825e+00,  3.099242e+02
  5.393426e+00,  3.075466e+02
  5.078877e+00,  3.056259e+02
  4.550718e+00,  3.052469e+02
  4.008330e+00,  3.034387e+02
  3.767680e+00,  2.934696e+02
  4.090721e+00,  2.800411e+02
  4.642406e+00,  2.728795e+02
  5.109075e+00,  2.726076e+02
  5.773736e+00,  2.738255e+02
  6.991484e+00,  2.730474e+02
  8.836541e+00,  2.741188e+02
  1.100340e+01,  2.785525e+02
  1.322836e+01,  2.838500e+02
  1.547192e+01,  2.878245e+02
  1.778387e+01,  2.903829e+02
  1.973741e+01,  2.929312e+02
  2.077206e+01,  2.955067e+02
  2.063084e+01,  2.968711e+02
  1.942228e+01,  2.963312e+02
  1.733889e+01,  2.934403e+02
  1.477312e+01,  2.888167e+02
  1.190130e+01,  2.829625e+02
  8.958834e+00,  2.753300e+02
  6.117996e+00,  2.670230e+02
  3.499548e+00,  2.547142e+02
  1.475554e+00,  2.232277e+02
  1.358660e+00,  1.276639e+02
  2.933274e+00,  9.904244e+01
  4.531347e+00,  9.090048e+01
  5.838628e+00,  8.413912e+01
  6.986037e+00,  7.592773e+01
  7.921564e+00,  6.878754e+01
  8.264020e+00,  6.277132e+01
  8.096204e+00,  5.737654e+01
  7.612948e+00,  5.285497e+01
  6.777657e+00,  5.075752e+01
  5.487413e+00,  5.090175e+01
  3.875831e+00,  5.175559e+01
  2.172072e+00,  5.674410e+01
  7.750189e-01,  1.000951e+02
  1.670691e+00,  1.916311e+02
  3.159725e+00,  2.124424e+02
  4.528768e+00,  2.240835e+02
  5.960491e+00,  2.338519e+02
  7.535767e+00,  2.411906e+02
  8.957060e+00,  2.448754e+02
  1.000895e+01,  2.457266e+02
  1.083676e+01,  2.451121e+02
  1.132770e+01,  2.441330e+02
  1.145819e+01,  2.414123e+02
  1.154077e+01,  2.394804e+02
  1.196492e+01,  2.392881e+02
  1.259278e+01,  2.395711e+02
  1.323360e+01,  2.387061e+02
  1.370289e+01,  2.386445e+02
  1.402390e+01,  2.386310e+02
  1.393287e+01,  2.388171e+02
  1.277562e+01,  2.378571e+02
  9.954905e+00,  2.353731e+02
  6.042781e+00,  2.299914e+02
  2.200303e+00,  2.180074e+02
  1.056883e+00,  6.208208e+01
  3.044562e+00,  4.254707e+01
  3.954683e+00,  3.701557e+01
  3.937804e+00,  3.003074e+01
  3.567300e+00,  2.514228e+01
  3.136391e+00,  2.943822e+01
  2.431687e+00,  1.184314e+02
  1.373398e+00,  1.470301e+02
  5.437399e-01,  3.478311e+02
  1.520004e-01,  4.886256e+01
  2.467457e-01,  3.353777e+01
  2.712724e-01,  1.880584e+01
  2.505407e-01,  3.134406e+01
  2.462500e-01,  2.335580e+01
  2.432902e-01,  2.723495e+01
  2.589878e-01,  1.987095e+01
  2.407799e-01,  2.918432e+01
  2.539058e-01,  2.303997e+01
  2.546887e-01,  2.739976e+01
  2.418129e-01,  2.782091e+01
  2.673939e-01,  2.584214e+01
  2.570015e-01,  2.396964e+01
  2.493675e-01,  2.700354e+01
  2.499252e-01,  2.613074e+01
  2.678369e-01,  2.366962e+01
  2.458242e-01,  2.822314e+01
  2.638483e-01,  2.657491e+01
  2.640363e-01,  2.802087e+01
  2.509431e-01,  2.797152e+01
  2.434389e-01,  2.483678e+01
  2.504314e-01,  2.652175e+01
  2.455842e-01,  3.053697e+01
  2.442791e-01,  1.964059e+01
  2.514085e-01,  2.762383e+01
  2.519644e-01,  3.082946e+01
  2.412828e-01,  2.304341e+01
  2.487978e-01,  2.047865e+01
  2.354750e-01,  3.009341e+01
  2.504381e-01,  2.429718e+01
  2.572128e-01,  2.526994e+01
  2.464741e-01,  2.991124e+01
  2.408887e-01,  2.589423e+01
  2.556396e-01,  2.491362e+01
  2.518110e-01,  2.994742e+01
  2.471317e-01,  2.470052e+01
  2.534876e-01,  2.357301e+01
  2.485797e-01,  2.906916e+01
  2.424736e-01,  2.569992e+01
  2.539938e-01,  2.254396e+01
  2.518879e-01,  2.806012e+01
  2.478050e-01,  3.064023e+01
  2.598186e-01,  2.148476e+01
  2.408940e-01,  2.970795e+01
  2.478444e-01,  2.787903e+01
  2.607605e-01,  2.175637e+01
  2.522201e-01,  2.369671e+01
  2.455031e-01,  2.598553e+01
  2.643481e-01,  2.516634e+01
  2.549228e-01,  2.960567e+01
  2.436649e-01,  2.526363e+01
  2.501545e-01,  2.500350e+01
  2.555954e-01,  2.789435e+01
  2.393695e-01,  2.679194e+01
  2.562255e-01,  2.745451e+01
  2.545910e-01,  2.683349e+01
  2.420383e-01,  3.055930e+01
  2.588251e-01,  2.599453e+01
  2.678045e-01,  2.826407e+01
  2.582974e-01,  2.819431e+01
  2.566027e-01,  2.595967e+01
  2.620810e-01,  2.702657e+01
  2.322177e-01,  2.591899e+01
  2.431585e-01,  2.780823e+01
  2.514961e-01,  2.627196e+01
  2.376488e-01,  2.543304e+01
  2.523026e-01,  2.504744e+01
  2.505794e-01,  2.531274e+01
  2.372048e-01,  2.570033e+01
  2.537196e-01,  2.538469e+01
  2.462157e-01,  2.677090e+01
  2.448029e-01,  2.631499e+01
  2.599282e-01,  2.556235e+01
  2.542835e-01,  2.356522e+01
  2.371270e-01,  2.918285e+01
  2.526294e-01,  2.467824e+01
  2.544946e-01,  2.378116e+01
  2.547896e-01,  2.875244e+01
  2.624295e-01,  2.488385e+01
  2.562816e-01,  2.751686e+01
  2.554252e-01,  3.040871e+01
  2.543504e-01,  2.449988e+01
  2.546623e-01,  2.577372e+01
  2.421834e-01,  2.988605e+01
  2.564958e-01,  2.145096e+01
  2.438382e-01,  2.591056e+01
  2.497318e-01,  2.837869e+01
  2.580680e-01,  2.290582e+01
  2.459610e-01,  2.596000e+01
  2.550524e-01,  2.930921e+01
  2.487854e-01,  2.207873e+01
  2.450607e-01,  2.457575e+01
  2.518295e-01,  2.874543e+01
  2.503378e-01,  2.433980e+01
  2.505021e-01,  2.414449e+01
  2.551525e-01,  2.844417e+01
  2.486206e-01,  2.499065e+01
  2.563828e-01,  2.432108e+01
  2.408773e-01,  3.146517e+01
  2.397672e-01,  2.079234e+01
  2.556646e-01,  2.390739e+01
  2.480938e-01,  2.956686e+01
  2.472014e-01,  2.592352e+01
  2.490804e-01,  2.645769e+01
  2.514962e-01,  2.967051e+01
  2.510212e-01,  2.455239e+01
  2.598548e-01,  2.829229e+01
  2.578675e-01,  3.198663e+01
  2.516570e-01,  2.450824e+01
  2.629220e-01,  2.716314e+01
  2.541004e-01,  2.667904e+01
  2.443343e-01,  2.464718e+01
  2.619504e-01,  2.502907e+01
  2.406355e-01,  2.668114e+01
  2.353618e-01,  2.512688e+01
  2.567041e-01,  2.455098e+01
  2.539607e-01,  2.859140e+01
  2.509806e-01,  2.794167e+01
  2.560012e-01,  2.443079e+01
  2.476620e-01,  2.742609e+01
  2.360182e-01,  2.338850e+01
  2.544262e-01,  2.387463e+01
  2.517221e-01,  2.741947e+01
  2.482786e-01,  2.619918e+01
  2.572058e-01,  2.574443e+01
  2.534892e-01,  3.086729e+01
  2.508859e-01,  2.706894e+01
  2.481200e-01,  2.357700e+01
  2.452585e-01,  2.977436e+01
  2.408976e-01,  2.476629e+01
  2.489523e-01,  2.898772e+01
  2.592668e-01,  2.781872e+01
  2.388349e-01,  2.671549e+01
  2.601281e-01,  2.637539e+01
  2.584570e-01,  2.417925e+01
  2.418484e-01,  2.723643e+01
  2.561456e-01,  2.498888e+01
  2.530577e-01,  2.590556e+01
  2.428316e-01,  2.506192e+01
  2.479064e-01,  2.175223e+01
  2.582147e-01,  2.757984e+01
  2.504003e-01,  2.880235e+01
  2.669722e-01,  2.777814e+01
  2.512572e-01,  2.574765e+01
  2.381256e-01,  2.534675e+01
  2.514891e-01,  2.460058e+01
  2.442918e-01,  2.471888e+01
  2.346496e-01,  2.895005e+01
  2.537625e-01,  2.478958e+01
  2.605149e-01,  2.918583e+01
  2.475291e-01,  2.801193e+01
  2.654038e-01,  2.495638e+01
  2.477355e-01,  2.715750e+01
  2.385786e-01,  2.694070e+01
  2.497306e-01,  2.152057e+01
  2.451244e-01,  2.696914e+01
  2.598532e-01,  2.812486e+01
  2.569372e-01,  2.111785e+01
  2.567526e-01,  2.383494e+01
  2.516988e-01,  2.699611e+01
  2.476607e-01,  2.735031e+01
  2.421101e-01,  2.590737e+01
  2.491491e-01,  3.131380e+01
  2.582089e-01,  2.523047e+01
  2.545105e-01,  2.509993e+01
  2.618997e-01,  3.010002e+01
  2.522598e-01,  2.499976e+01
  2.496376e-01,  2.430489e+01
  2.491500e-01,  3.057377e+01
  2.502218e-01,  2.666707e+01
  2.563399e-01,  2.274399e+01
  2.540596e-01,  2.879594e+01
  2.408873e-01,  2.487927e+01
  2.585238e-01,  2.568137e+01
  2.469109e-01,  2.939520e+01
  2.477742e-01,  2.709481e+01
  2.627734e-01,  2.666549e+01
  2.423005e-01,  2.854128e+01
  2.483234e-01,  2.747690e+01
  2.552642e-01,  2.441637e+01
  2.431125e-01,  2.763536e+01
  2.451331e-01,  2.449317e+01
  2.613232e-01,  2.460172e+01
  2.465080e-01,  2.944281e+01
  2.448461e-01,  2.412927e+01
  2.526384e-01,  2.602473e+01
  2.506564e-01,  3.068813e+01
  2.501107e-01,  2.471475e+01
  2.625613e-01,  2.146915e+01
  2.386701e-01,  2.822035e+01
  2.365904e-01,  2.196106e+01
  2.563044e-01,  2.295295e+01
  2.417187e-01,  3.120101e+01
  2.485702e-01,  2.546126e+01
  2.692136e-01,  2.716823e+01
  2.529165e-01,  2.924200e+01
  2.385774e-01,  2.690322e+01
  2.529008e-01,  2.315852e+01
  2.482628e-01,  2.513575e+01
  2.342991e-01,  2.700417e+01
  2.430671e-01,  2.313201e+01
  2.564457e-01,  2.839862e+01
  2.381594e-01,  2.589801e+01
  2.612435e-01,  2.204122e+01
  2.501821e-01,  2.826247e+01
  2.340020e-01,  2.625379e+01
  2.576829e-01,  2.330111e+01
  2.385272e-01,  2.609564e+01
  2.444628e-01,  2.883170e+01
  2.514321e-01,  2.314974e+01
  2.561047e-01,  2.809709e+01
  2.500435e-01,  2.979466e+01
  2.568907e-01,  2.346061e+01
  2.524758e-01,  2.594345e+01
  2.338967e-01,  2.572986e+01
  2.555796e-01,  2.393929e+01
  2.570629e-01,  2.684119e+01
  2.522164e-01,  2.983037e+01
  2.458463e-01,  2.009988e+01
  2.453476e-01,  2.669181e+01
  2.365803e-01,  2.988643e+01
  2.577590e-01,  2.437262e+01
  2.600763e-01,  2.811402e+01
  2.456693e-01,  2.864586e+01
  2.631215e-01,  2.555389e+01
  2.566708e-01,  2.644557e+01
  2.447078e-01,  2.840363e+01
  2.444330e-01,  2.398446e+01
  2.625493e-01,  2.697174e+01
  2.469767e-01,  2.820722e+01
  2.559771e-01,  2.128328e+01
  2.570630e-01,  2.483927e+01
  2.521201e-01,  3.020973e+01
  2.573795e-01,  2.530552e+01
  2.490852e-01,  2.386617e+01
  2.638656e-01,  3.090868e+01
  2.736066e-01,  2.756880e+01
  2.539667e-01,  2.299937e+01
  2.511326e-01,  3.013980e+01
  2.473546e-01,  2.258868e+01
  2.477504e-01,  2.373559e+01
  2.504764e-01,  2.815718e+01
  2.441558e-01,  2.196106e+01
  2.636623e-01,  2.404528e+01
  2.379727e-01,  2.810761e+01
  2.467243e-01,  2.302750e+01
  2.500294e-01,  2.521647e+01
  2.461907e-01,  2.665521e+01
  2.453457e-01,  2.484459e+01
  2.557840e-01,  2.706117e+01
  2.529574e-01,  2.757985e+01
  2.424577e-01,  2.378612e+01
  2.628711e-01,  2.711390e+01
  2.545980e-01,  2.873885e+01
  2.445189e-01,  2.134471e+01
  2.457402e-01,  2.534066e+01
  2.606657e-01,  2.919553e+01
  2.509914e-01,  2.665030e+01
  2.549474e-01,  2.339143e+01
  2.501548e-01,  2.985966e+01
  2.430104e-01,  2.456043e+01
  2.641878e-01,  2.804060e+01
  2.561356e-01,  2.918300e+01
  2.393976e-01,  2.589350e+01
  2.631441e-01,  2.089300e+01
  2.452323e-01,  2.772716e+01
  2.453699e-01,  2.643120e+01
  2.508197e-01,  2.493290e+01
  2.550947e-01,  3.054004e+01
  2.502918e-01,  2.617077e+01
  2.552383e-01,  2.566534e+01
  2.386154e-01,  2.413678e+01
  2.356919e-01,  2.299033e+01
  2.533546e-01,  2.110798e+01
  2.547186e-01,  2.965610e+01
  2.508491e-01,  2.696171e+01
  2.548262e-01,  2.579608e+01
  2.521754e-01,  2.451566e+01
  2.372320e-01,  2.997519e+01
  2.687037e-01,  2.154153e+01
  2.476806e-01,  3.265550e+01
  2.569400e-01,  2.356335e+01
  2.522509e-01,  2.396172e+01
  2.512346e-01,  2.130101e+01
  2.207311e-01,  3.082152e+01
  2.601681e-01,  1.716148e+01
  2.362884e-01,  2.867546e+01
  4.878770e-01,  3.499297e+02
  5.124544e+00,  2.198101e+01
  1.120330e+01,  1.722305e+01
  1.276700e+01,  1.542246e+01
  1.343386e+01,  1.359267e+01
  1.329429e+01,  1.338867e+01
  1.257148e+01,  1.159832e+01
  1.162492e+01,  7.559172e+00
  1.055353e+01,  4.237563e+00
  8.739558e+00,  6.072223e+00
  6.331841e+00,  1.560359e+01
  3.855047e+00,  3.711378e+01
  2.500726e+00,  8.754753e+01
  3.804776e+00,  1.397053e+02
  6.463345e+00,  1.563116e+02
  9.311357e+00,  1.621066e+02
  1.178490e+01,  1.657647e+02
  1.391103e+01,  1.682822e+02
  1.618915e+01,  1.686558e+02
  1.882872e+01,  1.656838e+02
  2.166905e+01,  1.603365e+02
  2.415393e+01,  1.537896e+02
  2.568397e+01,  1.455933e+02
  2.672410e+01,  1.373735e+02
  2.713460e+01,  1.306418e+02
  2.653854e+01,  1.249457e+02
  2.503966e+01,  1.203415e+02
  2.242925e+01,  1.169406e+02
  1.893782e+01,  1.145175e+02
  1.554415e+01,  1.135454e+02
  1.187489e+01,  1.134695e+02
  7.775661e+00,  1.122479e+02
  3.702255e+00,  1.111699e+02
  5.029044e-01,  2.844193e+02
  4.630985e+00,  2.894576e+02
  8.403696e+00,  2.891853e+02
  1.176454e+01,  2.877130e+02
  1.476621e+01,  2.858307e+02
  1.730506e+01,  2.833450e+02
  1.924348e+01,  2.791261e+02
  2.030349e+01,  2.733453e+02
  2.050537e+01,  2.673986e+02
  2.032703e+01,  2.614539e+02
  1.989687e+01,  2.555003e+02
  1.882079e+01,  2.503759e+02
  1.738118e+01,  2.479373e+02
  1.631705e+01,  2.483416e+02
  1.570238e+01,  2.505990e+02
  1.536665e+01,  2.542037e+02
  1.524033e+01,  2.589433e+02
  1.477622e+01,  2.633218e+02
  1.345062e+01,  2.669527e+02
  1.167938e+01,  2.721919e+02
  1.002688e+01,  2.781028e+02
  8.210665e+00,  2.838283e+02
  6.410518e+00,  2.918621e+02
  5.361052e+00,  3.020375e+02
  4.570650e+00,  3.030018e+02
  2.908112e+00,  2.848094e+02
  2.019339e+00,  2.066531e+02
  4.472432e+00,  1.640371e+02
  7.748275e+00,  1.529993e+02
  1.166889e+01,  1.481458e+02
  1.572693e+01,  1.448657e+02
  1.886834e+01,  1.416550e+02
  2.056866e+01,  1.373096e+02
  2.113953e+01,  1.316819e+02
  2.076729e+01,  1.249981e+02
  1.992228e+01,  1.172492e+02
  1.927992e+01,  1.090651e+02
  1.914128e+01,  1.019265e+02
  1.900649e+01,  9.706323e+01
  1.796828e+01,  9.551464e+01
  1.586221e+01,  9.734611e+01
  1.345733e+01,  1.033607e+02
  1.140333e+01,  1.130231e+02
  9.645723e+00,  1.252694e+02
  8.294477e+00,  1.438047e+02
  7.998641e+00,  1.685857e+02
  8.729377e+00,  1.899323e+02
  9.407612e+00,  2.038312e+02
  9.718115e+00,  2.129686e+02
  9.948128e+00,  2.195006e+02
  1.017434e+01,  2.230849e+02
  9.980846e+00,  2.227693e+02
  9.132758e+00,  2.193479e+02
  7.707162e+00,  2.117687e+02
  6.220593e+00,  1.968562e+02
  5.279822e+00,  1.718206e+02
  5.217327e+00,  1.408797e+02
  6.049195e+00,  1.138035e+02
  7.362629e+00,  9.485640e+01
  8.718783e+00,  8.242768e+01
  9.804899e+00,  7.287555e+01
  1.041068e+01,  6.520335e+01
  1.041931e+01,  5.876476e+01
  9.789884e+00,  5.275093e+01
  8.669856e+00,  4.646357e+01
  7.253966e+00,  3.818964e+01
  5.806449e+00,  2.743447e+01
  4.684055e+00,  1.405917e+01
  3.961584e+00,  1.315081e+00
  3.424857e+00,  3.504089e+02
  3.042956e+00,  3.450050e+02
  3.034770e+00,  3.567536e+02
  3.862363e+00,  2.041570e+01
  5.617455e+00,  3.656262e+01
  7.810403e+00,  4.324368e+01
  1.019632e+01,  4.511856e+01
  1.260236e+01,  4.452008e+01
  1.478385e+01,  4.127125e+01
  1.656319e+01,  3.724887e+01
  1.786878e+01,  3.281627e+01
  1.881473e+01,  2.805412e+01
  1.951260e+01,  2.380723e+01
  1.980290e+01,  2.018071e+01
  1.934781e+01,  1.771075e+01
  1.804409e+01,  1.671228e+01
  1.602201e+01,  1.786086e+01
  1.353150e+01,  2.113318e+01
  1.075693e+01,  2.848781e+01
  8.193463e+00,  4.177503e+01
  6.540077e+00,  6.421239e+01
  6.322056e+00,  9.277235e+01
  7.332295e+00,  1.162857e+02
  8.926700e+00,  1.315755e+02
  1.050636e+01,  1.415431e+02
  1.170750e+01,  1.486168e+02
  1.223656e+01,  1.548923e+02
  1.194635e+01,  1.603587e+02
  1.072136e+01,  1.667074e+02
  8.895440e+00,  1.743840e+02
  7.185953e+00,  1.824404e+02
  5.968048e+00,  1.877875e+02
  4.996413e+00,  1.909861e+02
  3.982595e+00,  1.938185e+02
  2.934881e+00,  1.913975e+02
  1.997096e+00,  1.758687e+02
  1.175573e+00,  1.463232e+02
  5.301345e-01,  4.918725e+01
  1.905454e+00,  3.586316e+02
  3.638934e+00,  2.741713e+00
  5.468726e+00,  7.526452e+00
  7.247227e+00,  8.011352e+00
  9.228520e+00,  8.796469e+00
  1.141142e+01,  1.217777e+01
  1.378486e+01,  1.668291e+01
  1.589899e+01,  2.094892e+01
  1.775205e+01,  2.421377e+01
  1.929826e+01,  2.526572e+01
  2.034078e+01,  2.383516e+01
  2.036874e+01,  1.971549e+01
  1.950227e+01,  1.397199e+01
  1.839950e+01,  8.604609e+00
  1.725341e+01,  4.873762e+00
  1.607805e+01,  2.455637e+00
  1.503941e+01,  2.379776e+00
  1.414590e+01,  4.700572e+00
  1.282854e+01,  8.432618e+00
  1.063714e+01,  1.225187e+01
  7.781458e+00,  1.679052e+01
  4.920013e+00,  2.618071e+01
  2.497964e+00,  5.602244e+01
  2.656774e+00,  1.258385e+02
  4.799560e+00,  1.517243e+02
  6.710861e+00,  1.571114e+02
  8.041593e+00,  1.596368e+02
  8.836864e+00,  1.625255e+02
  9.250877e+00,  1.652215e+02
  9.033317e+00,  1.662907e+02
  8.001914e+00,  1.675828e+02
  6.496705e+00,  1.718369e+02
  5.243649e+00,  1.809747e+02
  4.389995e+00,  1.910045e+02
  3.534834e+00,  2.004000e+02
  2.589535e+00,  2.116600e+02
  1.900992e+00,  2.293779e+02
  1.555194e+00,  2.435707e+02
  1.240629e+00,  2.366709e+02
  1.140471e+00,  2.039314e+02
  1.556483e+00,  1.778924e+02
  2.622078e+00,  1.720534e+02
  4.553901e+00,  1.717298e+02
  7.650607e+00,  1.718303e+02
  1.139552e+01,  1.718445e+02
  1.527516e+01,  1.727532e+02
  1.866374e+01,  1.745216e+02
  2.172734e+01,  1.775552e+02
  2.417158e+01,  1.803540e+02
  2.503425e+01,  1.832457e+02
  2.444068e+01,  1.854253e+02
  2.295674e+01,  1.879454e+02
  1.971343e+01,  1.885006e+02
  1.625401e+01,  1.887323e+02
  1.267915e+01,  1.878944e+02
  9.363935e+00,  1.861124e+02
  5.828167e+00,  1.791433e+02
  2.240174e+00,  1.535262e+02
  3.111282e+00,  3.797019e+01
  8.625073e-01,  2.703593e+02
  4.396273e-01,  8.408336e+01
  2.360088e-01,  1.819734e+01
  3.022014e-01,  2.919754e+01
  1.950501e-01,  2.194083e+01
  2.942717e-01,  3.066823e+01
  2.021995e-01,  1.318525e+01
  2.989951e-01,  3.226062e+01
  2.017538e-01,  1.937740e+01
  2.935394e-01,  2.991665e+01
  2.082771e-01,  2.124036e+01
  2.813253e-01,  3.017850e+01
  2.348463e-01,  2.529611e+01
  2.796327e-01,  3.005460e+01
  2.222403e-01,  2.648300e+01
  2.610717e-01,  2.443017e+01
  2.277645e-01,  2.619127e+01
  2.581815e-01,  2.903718e+01
  2.405188e-01,  2.070188e+01
  2.364200e-01,  2.611320e+01
  2.463209e-01,  2.757645e+01
  2.491270e-01,  2.029780e+01
  2.587275e-01,  2.745686e+01
  2.409857e-01,  2.722836e+01
  2.698903e-01,  2.583416e+01
  2.459572e-01,  3.102369e+01
  2.611665e-01,  2.848135e+01
  2.454055e-01,  2.604933e+01
  2.582573e-01,  2.738831e+01
  2.217948e-01,  2.651853e+01
  2.675927e-01,  2.508966e+01
  2.317620e-01,  2.342074e+01
  2.598286e-01,  3.082111e+01
  2.488565e-01,  2.335940e+01
  2.585569e-01,  2.797094e+01
  2.256051e-01,  2.446229e+01
  2.559240e-01,  2.704095e+01
  2.504406e-01,  2.750665e+01
  2.508271e-01,  3.008367e+01
  2.591161e-01,  2.727931e+01
  2.612024e-01,  2.865637e+01
  2.420431e-01,  2.865506e+01
  2.490973e-01,  2.144647e+01
  2.559617e-01,  2.755787e+01
  2.425269e-01,  2.525831e+01
  2.554037e-01,  2.465080e+01
  2.422648e-01,  2.674854e+01
  2.504512e-01,  2.626706e+01
  2.356433e-01,  2.027047e+01
  2.506216e-01,  2.693543e+01
  2.293029e-01,  2.879519e+01
  2.566863e-01,  2.476790e+01
  2.458890e-01,  2.665996e+01
  2.507578e-01,  3.026565e+01
  2.466873e-01,  2.914957e+01
  2.651171e-01,  2.766175e+01
  2.379812e-01,  2.778479e+01
  2.454269e-01,  2.502523e+01
  2.551450e-01,  2.893724e+01
  2.446673e-01,  2.639873e+01
  2.405356e-01,  2.480185e+01
  2.593910e-01,  2.740584e+01
  2.497505e-01,  2.544336e+01
  2.500384e-01,  2.833901e+01
  2.588049e-01,  2.602355e+01
  2.368642e-01,  2.902703e+01
  2.505257e-01,  2.466281e+01
  2.514763e-01,  2.664952e+01
  2.592356e-01,  3.080299e+01
  2.571196e-01,  2.391469e+01
  2.543577e-01,  2.367401e+01
  2.427568e-01,  2.917519e+01
  2.517029e-01,  2.962180e+01
  2.458538e-01,  2.481992e+01
  2.502677e-01,  3.087550e+01
  2.421798e-01,  2.696981e+01
  2.547197e-01,  2.385179e+01
  2.489083e-01,  2.916081e+01
  2.515216e-01,  2.422235e+01
  2.472475e-01,  2.219650e+01
  2.501928e-01,  2.848605e+01
  2.367599e-01,  2.473369e+01
  2.615580e-01,  2.337693e+01
  2.477135e-01,  2.781819e+01
  2.396728e-01,  2.705865e+01
  2.493309e-01,  2.364770e+01
  2.304049e-01,  2.484015e+01
  2.393749e-01,  2.694576e+01
  2.501980e-01,  2.578234e+01
  2.465674e-01,  2.861815e+01
  2.367808e-01,  2.852391e+01
  2.596227e-01,  2.394110e+01
  2.449930e-01,  2.801565e+01
  2.512263e-01,  2.791660e+01
  2.568227e-01,  2.204826e+01
  2.470669e-01,  2.511359e+01
  2.329156e-01,  2.584837e+01
  2.627916e-01,  2.389665e+01
  2.474270e-01,  2.721606e+01
  2.438491e-01,  2.593476e+01
  2.593227e-01,  2.288296e+01
  2.568883e-01,  2.509495e+01
  2.418564e-01,  2.411263e+01
  2.578331e-01,  2.515318e+01
  2.584799e-01,  2.849561e+01
  2.449082e-01,  2.681689e+01
  2.565848e-01,  2.607583e+01
  2.499751e-01,  2.745679e+01
  2.470783e-01,  2.534752e+01
  2.449985e-01,  2.657401e+01
  2.520693e-01,  2.692610e+01
  2.458757e-01,  2.918765e+01
  2.519868e-01,  2.369760e+01
  2.412964e-01,  2.721905e+01
  2.462586e-01,  2.845333e+01
  2.604846e-01,  2.105875e+01
  2.638154e-01,  2.777238e+01
  2.461764e-01,  2.605838e+01
  2.567456e-01,  2.458527e+01
  2.592846e-01,  2.688814e+01
  2.543865e-01,  2.944021e+01
  2.540797e-01,  2.763270e+01
  2.533852e-01,  2.933085e+01
  2.492868e-01,  3.117086e+01
  2.560172e-01,  2.345143e+01
  2.501645e-01,  2.597761e+01
  2.487390e-01,  3.060615e+01
  2.567488e-01,  2.471139e+01
  2.599183e-01,  2.837592e+01
  2.516537e-01,  3.036385e+01
  2.483787e-01,  2.345223e+01
  2.655917e-01,  2.411355e+01
  2.448245e-01,  2.786767e+01
  2.599123e-01,  2.604706e+01
  2.599573e-01,  2.529067e+01
  2.554028e-01,  3.174452e+01
  2.575263e-01,  2.614969e+01
  2.647015e-01,  2.554972e+01
  2.389801e-01,  2.828702e+01
  2.367067e-01,  2.327572e+01
  2.563528e-01,  2.560082e+01
  2.516489e-01,  2.889188e+01
  2.510105e-01,  2.657761e+01
  2.546856e-01,  2.628469e+01
  2.510896e-01,  2.599203e+01
  2.387961e-01,  2.390613e+01
  2.567696e-01,  2.388010e+01
  2.529787e-01,  2.674759e+01
  2.411040e-01,  2.604684e+01
  2.477982e-01,  2.290965e+01
  2.417540e-01,  3.046046e+01
  2.494128e-01,  2.739303e+01
  2.623531e-01,  2.566156e+01
  2.465477e-01,  2.971617e+01
  2.487809e-01,  2.525806e+01
  2.493297e-01,  2.221966e+01
  2.463768e-01,  2.803324e+01
  2.371775e-01,  2.530554e+01
  2.528690e-01,  2.526619e+01
  2.514335e-01,  2.838249e+01
  2.335070e-01,  2.251695e+01
  2.572659e-01,  2.544611e+01
  2.557001e-01,  3.007404e+01
  2.500127e-01,  2.768184e+01
  2.473745e-01,  2.156130e+01
  2.382894e-01,  2.611187e+01
  2.379908e-01,  2.382173e+01
  2.489681e-01,  2.401108e+01
  2.513782e-01,  2.767081e+01
  2.374084e-01,  2.722518e+01
  2.527531e-01,  2.424453e+01
  2.533712e-01,  2.623476e+01
  2.470891e-01,  2.686954e+01
  2.561789e-01,  2.164489e+01
  2.554215e-01,  2.637434e+01
  2.614930e-01,  2.691999e+01
  2.608337e-01,  2.517828e+01
  2.480218e-01,  2.745658e+01
  2.428834e-01,  2.759716e+01
  2.533593e-01,  2.548660e+01
  2.563790e-01,  2.849052e+01
  2.560244e-01,  2.686777e+01
  2.447502e-01,  2.494872e+01
  2.478743e-01,  2.599357e+01
  2.515087e-01,  2.498091e+01
  2.544711e-01,  2.492171e+01
  2.592296e-01,  2.838067e+01
  2.502541e-01,  2.860688e+01
  2.492588e-01,  2.613529e+01
  2.561106e-01,  2.499706e+01
  2.437266e-01,  2.695685e+01
  2.447895e-01,  2.525057e+01
  2.606149e-01,  2.870055e+01
  2.466230e-01,  2.850640e+01
  2.446751e-01,  1.975234e+01
  2.453611e-01,  2.531149e+01
  2.369104e-01,  2.660712e+01
  2.452869e-01,  2.285796e+01
  2.572349e-01,  2.467702e+01
  2.402937e-01,  2.777176e+01
  2.566338e-01,  2.254808e+01
  2.505082e-01,  2.682012e+01
  2.397815e-01,  2.959574e+01
  2.486165e-01,  2.176721e+01
  2.496612e-01,  2.568376e+01
  2.493176e-01,  3.109413e+01
  2.541817e-01,  2.465172e+01
  2.518674e-01,  2.690498e+01
  2.431555e-01,  3.137438e+01
  2.617060e-01,  2.614010e+01
  2.540889e-01,  2.447382e+01
  2.484274e-01,  2.675263e+01
  2.500858e-01,  2.686191e+01
  2.567183e-01,  2.419638e+01
  2.520563e-01,  2.870872e+01
  2.520753e-01,  2.462500e+01
  2.521694e-01,  2.638809e+01
  2.463315e-01,  2.915205e+01
  2.447111e-01,  2.514147e+01
  2.635068e-01,  2.583013e+01
  2.516443e-01,  2.602142e+01
  2.373076e-01,  2.393629e+01
  2.446981e-01,  2.160776e+01
  2.470215e-01,  2.839509e+01
  2.496744e-01,  2.340587e+01
  2.490743e-01,  2.415684e+01
  2.480611e-01,  2.938853e+01
  2.252503e-01,  2.300815e+01
  2.539077e-01,  2.552726e+01
  2.548119e-01,  2.938965e+01
  2.483633e-01,  2.769409e+01
  2.528286e-01,  2.223852e+01
  2.481738e-01,  2.986283e+01
  2.459593e-01,  2.343708e+01
  2.547637e-01,  2.685279e+01
  2.555381e-01,  3.136809e+01
  2.369845e-01,  2.341004e+01
  2.509328e-01,  2.754902e+01
  2.542793e-01,  2.754084e+01
  2.553965e-01,  3.010428e+01
  2.611774e-01,  2.366464e+01
  2.520107e-01,  2.823200e+01
  2.443536e-01,  2.548802e+01
  2.559240e-01,  2.336294e+01
  2.520388e-01,  3.065147e+01
  2.492465e-01,  2.628714e+01
  2.595708e-01,  2.354854e+01
  2.505432e-01,  2.757494e+01
  2.479486e-01,  2.678906e+01
  2.592185e-01,  2.413576e+01
  2.496890e-01,  2.956973e+01
  2.464542e-01,  2.686653e+01
  2.534034e-01,  2.107195e+01
  2.531674e-01,  2.731250e+01
  2.503492e-01,  2.747985e+01
  2.517539e-01,  1.999326e+01
  2.433737e-01,  2.877960e+01
  2.430316e-01,  2.688000e+01
  2.488020e-01,  2.269392e+01
  2.444720e-01,  2.989801e+01
  2.371765e-01,  2.657420e+01
  2.572699e-01,  2.262724e+01
  2.627801e-01,  2.653812e+01
  2.517666e-01,  2.693200e+01
  2.609050e-01,  2.506773e+01
  2.571784e-01,  2.762719e+01
  2.479148e-01,  2.872911e+01
  2.552008e-01,  2.214776e+01
  2.535882e-01,  2.705304e+01
  2.418352e-01,  2.826721e+01
  2.635173e-01,  2.404649e+01
  2.576373e-01,  2.700586e+01
  2.503157e-01,  2.641805e+01
  2.456434e-01,  2.534984e+01
  2.618802e-01,  2.599001e+01
  2.491787e-01,  2.929284e+01
  2.484821e-01,  2.260275e+01
  2.533458e-01,  2.677155e+01
  2.323836e-01,  2.942441e+01
  2.543357e-01,  2.444531e+01
  2.600521e-01,  2.749547e+01
  2.552478e-01,  2.777334e+01
  2.443077e-01,  2.477166e+01
  2.524575e-01,  2.411753e+01
  2.532034e-01,  2.761371e+01
  2.477405e-01,  2.439226e+01
  2.559163e-01,  2.481892e+01
  2.421718e-01,  2.757764e+01
  2.363729e-01,  2.613519e+01
  2.561234e-01,  2.539051e+01
  2.363234e-01,  2.670505e+01
  2.544714e-01,  2.665623e+01
  2.588204e-01,  2.269203e+01
  2.429992e-01,  2.580901e+01
  2.330280e-01,  2.326423e+01
  2.486940e-01,  2.454062e+01
  2.673774e-01,  2.820387e+01
  2.454421e-01,  2.330212e+01
  2.506603e-01,  2.666872e+01
  2.532536e-01,  2.989296e+01
  2.478388e-01,  2.521281e+01
  2.470491e-01,  2.566110e+01
  2.517401e-01,  2.912888e+01
  2.445146e-01,  2.175899e+01
  2.599495e-01,  2.576303e+01
  2.385700e-01,  2.758127e+01
  2.396926e-01,  2.142429e+01
  2.482449e-01,  2.458071e+01
  2.495271e-01,  2.677743e+01
  2.450940e-01,  2.551913e+01
  2.533807e-01,  2.601096e+01
  2.547546e-01,  2.992281e+01
  2.370271e-01,  2.345160e+01
  2.556013e-01,  2.345120e+01
  2.466027e-01,  3.045257e+01
  2.447224e-01,  2.330057e+01
  2.554365e-01,  2.360305e+01
  2.537644e-01,  2.770801e+01
  2.433280e-01,  2.622496e+01
  2.493446e-01,  2.447744e+01
  2.436283e-01,  2.762313e+01
  2.417055e-01,  2.669276e+01
  2.493886e-01,  2.165171e+01
  2.595399e-01,  2.869230e+01
  2.470848e-01,  2.733985e+01
  2.583089e-01,  2.317058e+01
  2.516208e-01,  2.996891e+01
  2.459435e-01,  2.887742e+01
  2.591675e-01,  2.153808e+01
  2.422964e-01,  2.988841e+01
  2.384741e-01,  2.551953e+01
  2.403361e-01,  2.209323e+01
  2.545635e-01,  2.605222e+01
  2.397306e-01,  2.455238e+01
  2.509599e-01,  2.630772e+01
  2.535946e-01,  2.572053e+01
  2.426129e-01,  2.919226e+01
  2.636074e-01,  2.446584e+01
  2.526604e-01,  2.782333e+01
  2.488488e-01,  2.958010e+01
  2.636330e-01,  2.596503e+01
  2.509422e-01,  2.601038e+01
  2.534918e-01,  2.852460e+01
  2.620928e-01,  2.641473e+01
  2.514107e-01,  2.588252e+01
  2.427628e-01,  3.149445e+01
  2.581196e-01,  2.384166e+01
  2.634784e-01,  2.878235e+01
  2.559276e-01,  3.149123e+01
  2.502497e-01,  2.170939e+01
  2.538596e-01,  2.845186e+01
  2.481445e-01,  2.924404e+01
  2.475049e-01,  2.388707e+01
  2.652259e-01,  2.753134e+01
  2.456736e-01,  2.793117e+01
  2.515934e-01,  2.297328e+01
  2.520357e-01,  2.372753e+01
  2.364778e-01,  2.866855e+01
  2.513323e-01,  2.471213e+01
  2.637873e-01,  2.671026e+01
  2.505464e-01,  3.235876e+01
  2.576498e-01,  2.589786e+01
  2.549390e-01,  2.416549e+01
  2.460048e-01,  3.068210e+01
  2.524832e-01,  2.351244e+01
  2.420139e-01,  2.271987e+01
  2.472034e-01,  3.217620e+01
  2.483921e-01,  2.280435e+01
  2.496445e-01,  2.250328e+01
  2.446202e-01,  3.018311e+01
  2.402021e-01,  2.308774e+01
  2.618965e-01,  2.286592e+01
  2.578202e-01,  2.873937e+01
  2.438659e-01,  2.523286e+01
  2.659136e-01,  2.461404e+01
  2.551080e-01,  3.046281e+01
  2.398223e-01,  2.613130e+01
  2.617929e-01,  2.614522e+01
  2.452347e-01,  2.793545e+01
  2.403551e-01,  2.657320e+01
  2.599449e-01,  2.481575e+01
  2.452179e-01,  2.591021e+01
  2.551319e-01,  2.922179e+01
  2.697893e-01,  2.384236e+01
  2.538513e-01,  2.941323e+01
  2.373636e-01,  2.553908e+01
  2.536403e-01,  2.368970e+01
  2.495855e-01,  3.006340e+01
  2.393652e-01,  2.189116e+01
  2.447414e-01,  2.250523e+01
  2.463445e-01,  2.815455e+01
  2.406784e-01,  2.688929e+01
  2.499627e-01,  2.535715e+01
  2.537231e-01,  2.780020e+01
  2.362002e-01,  2.460799e+01
  2.657390e-01,  2.402110e+01
  2.538448e-01,  2.686245e+01
  2.456160e-01,  2.331870e+01
  2.551014e-01,  2.573449e+01
  2.557702e-01,  3.006297e+01
  2.440791e-01,  2.562682e+01
  2.529826e-01,  2.332269e+01
  2.557377e-01,  2.542802e+01
  2.440390e-01,  2.868203e+01
  2.684522e-01,  2.521013e+01
  2.565757e-01,  2.772645e+01
  2.562694e-01,  2.902896e+01
  2.589260e-01,  2.369942e+01
  2.525138e-01,  2.776292e+01
  2.429655e-01,  2.869068e+01
  2.533112e-01,  2.570209e+01
  2.531012e-01,  2.445459e+01
  2.348333e-01,  2.429623e+01
  2.503998e-01,  2.192627e+01
  2.527789e-01,  2.995902e+01
  2.504985e-01,  2.906765e+01
  2.509949e-01,  2.554048e+01
  2.559549e-01,  3.026077e+01
  2.396279e-01,  2.445478e+01
  2.454681e-01,  2.506356e+01
  2.627566e-01,  2.974193e+01
  2.472336e-01,  2.895898e+01
  2.488688e-01,  2.367997e+01
  2.509895e-01,  2.538498e+01
  2.509814e-01,  3.033539e+01
  2.537668e-01,  2.612185e+01
  2.501479e-01,  2.542023e+01
  2.438142e-01,  2.756461e+01
  2.539743e-01,  2.466746e+01
  2.476190e-01,  2.788328e+01
  2.491727e-01,  2.905617e+01
  2.554485e-01,  2.560285e+01
  2.545297e-01,  2.477375e+01
  2.492527e-01,  2.754603e+01
  2.515383e-01,  2.543509e+01
  2.627944e-01,  2.274451e+01
  2.504992e-01,  2.580695e+01
  2.538725e-01,  2.434301e+01
  2.462712e-01,  2.366475e+01
  2.460396e-01,  2.989116e+01
  2.441163e-01,  2.414475e+01
  2.476752e-01,  2.332206e+01
  2.506759e-01,  2.982181e+01
  2.393431e-01,  2.340342e+01
  2.520306e-01,  2.167745e+01
  2.556444e-01,  3.094619e+01
  2.414012e-01,  2.796684e+01
  2.637340e-01,  2.489609e+01
  2.539548e-01,  3.455280e+01
  2.579619e-01,  2.646900e+01
  2.706094e-01,  2.630593e+01
  2.411419e-01,  2.615406e+01
  2.512347e-01,  2.443884e+01
  2.534210e-01,  2.461863e+01
  2.556584e-01,  2.836661e+01
  2.453464e-01,  2.564864e+01
  2.624330e-01,  2.137957e+01
  2.545335e-01,  3.091310e+01
  2.457182e-01,  2.445118e+01
  2.590535e-01,  2.686063e+01
  2.582698e-01,  3.187307e+01
  2.536504e-01,  2.714766e+01
  2.686081e-01,  2.587367e+01
  2.513355e-01,  2.458330e+01
  2.351298e-01,  2.342251e+01
  2.607197e-01,  2.665829e+01
  2.537352e-01,  2.972926e+01
  2.532190e-01,  3.005477e+01
  2.535011e-01,  2.539193e+01
  2.547441e-01,  2.964422e+01
  2.430967e-01,  2.398345e+01
  2.557396e-01,  2.431997e+01
  2.643694e-01,  3.093939e+01
  2.465207e-01,  2.423679e+01
  2.406731e-01,  2.427377e+01
  2.498407e-01,  2.701983e+01
  2.545550e-01,  2.535323e+01
  2.578218e-01,  2.281014e+01
  2.522748e-01,  2.925518e+01
  2.465369e-01,  2.834520e+01
  2.549221e-01,  2.535940e+01
  2.653908e-01,  2.813772e+01
  2.450620e-01,  2.946668e+01
  2.474154e-01,  2.255272e+01
  2.461959e-01,  2.586330e+01
  2.387678e-01,  2.853113e+01
  2.586084e-01,  2.359011e+01
  2.426812e-01,  2.878380e+01
  2.469707e-01,  2.654063e+01
  2.507221e-01,  2.280350e+01
  2.644288e-01,  2.950944e+01
  2.553290e-01,  2.874986e+01
  2.515318e-01,  2.551088e+01
  2.481528e-01,  2.808097e+01
  2.429960e-01,  2.676625e+01
  2.461994e-01,  2.544942e+01
  2.549427e-01,  2.724053e+01
  2.384461e-01,  2.600059e+01
  2.411519e-01,  2.507587e+01
  2.642996e-01,  2.854243e+01
  2.428090e-01,  2.673669e+01
  2.574693e-01,  2.427988e+01
  2.585616e-01,  2.547289e+01
  2.468151e-01,  2.985777e+01
  2.555452e-01,  2.730228e+01
  2.635752e-01,  2.533507e+01
  2.366933e-01,  2.660701e+01
  2.506724e-01,  2.789627e+01
  2.689001e-01,  2.664856e+01
  2.613176e-01,  3.022275e+01
  2.422841e-01,  2.668377e+01
  2.486731e-01,  2.334005e+01
  2.489750e-01,  2.600930e+01
  2.438376e-01,  2.219352e+01
  2.563867e-01,  2.415184e+01
  2.390596e-01,  2.577096e+01
  2.482605e-01,  2.414461e+01
  2.533130e-01,  2.602401e+01
  2.421449e-01,  2.944995e+01
  2.462563e-01,  2.489529e+01
  2.497640e-01,  2.774281e+01
  2.440532e-01,  2.468255e+01
  2.448487e-01,  2.633243e+01
  2.533625e-01,  2.529700e+01
  2.496223e-01,  2.688645e+01
  2.414538e-01,  2.408470e+01
  2.518529e-01,  2.577872e+01
  2.397091e-01,  3.037693e+01
  2.452505e-01,  1.924382e+01
  2.490803e-01,  2.429929e+01
  2.435312e-01,  2.697196e+01
  2.519187e-01,  2.427995e+01
  2.494546e-01,  2.129298e+01
  2.409936e-01,  2.881451e+01
  2.529133e-01,  2.909946e+01
  2.577892e-01,  2.702425e+01
  2.471988e-01,  2.697530e+01
  2.492015e-01,  2.910681e+01
  2.668095e-01,  2.554430e+01
  2.411801e-01,  2.615651e+01
  2.381142e-01,  2.624146e+01
  2.655632e-01,  2.465051e+01
  2.441495e-01,  3.134567e+01
  2.395118e-01,  2.335966e+01
  2.496097e-01,  2.634197e+01
  2.551209e-01,  2.565801e+01
  2.237674e-01,  2.321716e+01
  2.494043e-01,  2.398756e+01
  2.540002e-01,  2.754610e+01
  2.525434e-01,  2.949525e+01
  2.558840e-01,  2.624812e+01
  2.492511e-01,  2.711252e+01
  2.469573e-01,  2.735553e+01
  2.509219e-01,  2.543390e+01
  2.661784e-01,  2.698767e+01
  2.430571e-01,  2.950603e+01
  2.685255e-01,  2.344011e+01
  2.536074e-01,  2.659182e+01
  2.313921e-01,  2.511645e+01
  2.362037e-01,  2.254224e+01
  2.599536e-01,  2.683853e+01
  2.467820e-01,  2.543964e+01
  2.393793e-01,  2.425672e+01
  2.516010e-01,  2.536783e+01
  2.503091e-01,  2.941547e+01
  2.546160e-01,  2.360640e+01
  2.491231e-01,  2.514415e+01
  2.414437e-01,  3.027372e+01
  2.390239e-01,  2.332908e+01
  2.535933e-01,  2.693403e+01
  2.347581e-01,  2.603604e+01
  2.574421e-01,  2.418005e+01
  2.594353e-01,  2.916527e+01
  2.518017e-01,  3.006418e+01
  2.574069e-01,  2.309876e+01
  2.499001e-01,  2.480013e+01
  2.504259e-01,  2.946617e+01
  2.521223e-01,  2.331839e+01
  2.517480e-01,  2.548176e+01
  2.412579e-01,  2.769174e+01
  2.564246e-01,  2.309659e+01
  2.556854e-01,  2.536115e+01
  2.435237e-01,  2.997628e+01
  2.641308e-01,  2.718394e+01
  2.683567e-01,  2.645531e+01
  2.451805e-01,  2.705275e+01
  2.523959e-01,  2.786900e+01
  2.469298e-01,  2.631044e+01
  2.525260e-01,  2.781056e+01
  2.502736e-01,  2.600665e+01
  2.528825e-01,  2.541177e+01
  2.462190e-01,  2.832315e+01
  2.424749e-01,  2.407110e+01
  2.606136e-01,  2.668551e+01
  2.441586e-01,  2.796205e+01
  2.574774e-01,  2.322715e+01
  2.537414e-01,  2.594468e+01
  2.568960e-01,  2.904924e+01
  2.524563e-01,  2.444301e+01
  2.583299e-01,  2.706781e+01
  2.493729e-01,  2.753410e+01
  2.380573e-01,  2.627826e+01
  2.643838e-01,  2.565781e+01
  2.491923e-01,  2.594630e+01
  2.482891e-01,  2.552561e+01
  2.601509e-01,  2.825038e+01
  2.565111e-01,  2.908301e+01
  2.552703e-01,  2.391095e+01
  2.615785e-01,  2.588194e+01
  2.559399e-01,  2.918001e+01
  2.455235e-01,  2.671476e+01
  2.458325e-01,  2.278228e+01
  2.519300e-01,  3.128172e+01
  2.451277e-01,  2.507477e+01
  2.600245e-01,  2.639459e+01
  2.634620e-01,  3.206712e+01
  2.453841e-01,  2.390902e+01
  2.541333e-01,  2.559727e+01
  2.603915e-01,  3.007348e+01
  2.486825e-01,  2.493898e+01
  2.539759e-01,  2.431224e+01
  2.508313e-01,  3.038852e+01
  2.487537e-01,  2.900976e+01
  2.627330e-01,  2.714302e+01
  2.557414e-01,  2.701573e+01
  2.442285e-01,  2.825992e+01
  2.516915e-01,  2.386520e+01
  2.502076e-01,  2.785863e+01
  2.312470e-01,  2.737598e+01
  2.608309e-01,  2.612005e+01
  2.503989e-01,  2.748717e+01
  2.496310e-01,  2.597463e+01
  2.574336e-01,  2.687912e+01
  2.452018e-01,  2.733430e+01
  2.388483e-01,  2.686124e+01
  2.437616e-01,  2.492777e+01
  2.599610e-01,  2.575727e+01
  2.422757e-01,  2.675556e+01
  2.549619e-01,  2.517158e+01
  2.540607e-01,  2.671745e+01
  2.496597e-01,  3.013732e+01
  2.504501e-01,  2.190088e+01
  2.495089e-01,  2.840752e+01
  2.481973e-01,  2.766393e+01
  2.494180e-01,  2.262999e+01
  2.542179e-01,  2.710771e+01
  2.362945e-01,  2.607775e+01
  2.473422e-01,  2.210657e+01
  2.555409e-01,  2.474112e+01
  2.453537e-01,  3.053717e+01
  2.566982e-01,  2.352737e+01
  2.616943e-01,  2.804893e+01
  2.543182e-01,  3.172724e+01
  2.515033e-01,  2.624521e+01
  2.602004e-01,  2.750984e+01
  2.452850e-01,  2.617900e+01
  2.496851e-01,  2.380914e+01
  2.588467e-01,  3.048278e+01
  2.490224e-01,  2.772693e+01
  2.652830e-01,  2.404698e+01
  2.532324e-01,  2.858824e+01
  2.479819e-01,  2.962734e+01
  2.560157e-01,  2.546641e+01
  2.575759e-01,  2.659294e+01
  2.473213e-01,  3.093970e+01
  2.482650e-01,  2.441401e+01
  2.551824e-01,  2.433768e+01
  2.470066e-01,  2.989692e+01
  2.617048e-01,  2.749262e+01
  2.632353e-01,  2.712358e+01
  2.544434e-01,  3.203047e+01
  2.502963e-01,  2.582348e+01
  2.673716e-01,  2.546505e+01
  2.490852e-01,  2.764501e+01
  2.392141e-01,  2.119870e+01
  2.627812e-01,  2.609080e+01
  2.476300e-01,  2.661960e+01
  2.494488e-01,  2.464690e+01
  2.588069e-01,  2.881725e+01
  2.523477e-01,  2.736939e+01
  2.375780e-01,  2.458419e+01
  2.564543e-01,  2.463378e+01
  2.463461e-01,  2.631837e+01
  2.409062e-01,  2.714840e+01
  2.726134e-01,  2.535046e+01
  2.543244e-01,  2.758115e+01
  2.489232e-01,  2.629309e+01
  2.547535e-01,  2.547162e+01
  2.577926e-01,  3.024102e+01
  2.513446e-01,  2.560063e+01
  2.564748e-01,  2.505767e+01
  2.480346e-01,  3.021684e+01
  2.467601e-01,  2.806973e+01
  2.595469e-01,  2.350192e+01
  2.502914e-01,  2.892357e+01
  2.487881e-01,  2.950251e+01
  2.581227e-01,  2.308747e+01
  2.533038e-01,  2.749616e+01
  2.402001e-01,  2.357915e+01
  2.532682e-01,  2.465735e+01
  2.424595e-01,  2.662314e+01
  2.344510e-01,  2.320359e+01
  2.594471e-01,  2.624687e+01
  2.534783e-01,  2.808866e+01
  2.381113e-01,  2.488949e+01
  2.560930e-01,  2.400658e+01
  2.552198e-01,  2.960388e+01
  2.524973e-01,  2.682039e+01
  2.534293e-01,  2.389413e+01
  2.479055e-01,  2.661825e+01
  2.473311e-01,  2.927611e+01
  2.594825e-01,  2.481760e+01
  2.498343e-01,  2.502988e+01
  2.381122e-01,  2.845064e+01
  2.621499e-01,  2.284888e+01
  2.495183e-01,  2.940926e+01
  2.520671e-01,  2.869396e+01
  2.519141e-01,  2.406457e+01
  2.524421e-01,  2.772851e+01
  2.453367e-01,  2.844924e+01
  2.517672e-01,  2.636743e+01
  2.633372e-01,  2.566035e+01
  2.396513e-01,  2.799560e+01
  2.606687e-01,  2.041528e+01
  2.436599e-01,  2.756852e+01
  2.396429e-01,  3.047819e+01
  2.592829e-01,  2.327115e+01
  2.524830e-01,  2.460921e+01
  2.407564e-01,  2.851495e+01
  2.504771e-01,  2.422037e+01
  2.621230e-01,  2.800045e+01
  2.466078e-01,  3.212158e+01
  2.600968e-01,  2.312848e+01
  2.643732e-01,  2.778618e+01
  2.500559e-01,  2.694133e+01
  2.525732e-01,  2.670423e+01
  2.609388e-01,  2.555447e+01
  2.524583e-01,  2.990148e+01
  2.547858e-01,  2.508494e+01
  2.667860e-01,  2.860784e+01
  2.639905e-01,  3.426075e+01
  2.487251e-01,  2.321676e+01
  2.506290e-01,  2.621895e+01
  2.559740e-01,  2.912149e+01
  2.442681e-01,  2.343857e+01
  2.536221e-01,  2.506977e+01
  2.447566e-01,  3.069575e+01
  2.394525e-01,  2.309565e+01
  2.589642e-01,  2.670193e+01
  2.542903e-01,  3.030067e+01
  2.439147e-01,  2.347051e+01
  2.595833e-01,  2.564096e+01
  2.589123e-01,  3.014897e+01
  2.397952e-01,  2.394128e+01
  2.592442e-01,  2.695940e+01
  2.616385e-01,  2.964394e+01
  2.488031e-01,  2.524545e+01
  2.587155e-01,  2.735048e+01
  2.521846e-01,  3.028084e+01
  2.418749e-01,  2.482186e+01
  2.588525e-01,  2.890371e+01
  2.570447e-01,  2.855666e+01
  2.358145e-01,  2.131637e+01
  2.450730e-01,  2.373243e+01
  2.499264e-01,  2.685671e+01
  2.437939e-01,  2.687784e+01
  2.589335e-01,  2.141182e+01
  2.432461e-01,  2.854046e+01
  2.398794e-01,  2.525658e+01
  2.638899e-01,  2.522529e+01
  2.526901e-01,  2.639168e+01
  2.471992e-01,  2.819810e+01
  2.494104e-01,  2.473126e+01
  2.470861e-01,  2.560556e+01
  2.441607e-01,  2.534174e+01
  2.576697e-01,  2.174751e+01
  2.493722e-01,  2.916175e+01
  2.432379e-01,  2.714294e+01
  2.605186e-01,  2.404694e+01
  2.421701e-01,  2.679893e+01
  2.449160e-01,  3.016443e+01
  2.573923e-01,  2.296461e+01
  2.528669e-01,  2.800895e+01
  2.406927e-01,  2.648871e+01
  2.502167e-01,  2.551463e+01
  2.643603e-01,  3.103817e+01
  2.561565e-01,  2.940573e+01
  2.515082e-01,  2.139720e+01
  2.443207e-01,  3.037169e+01
  2.462223e-01,  2.859927e+01
  2.505288e-01,  1.969340e+01
  2.488651e-01,  2.808074e+01
  2.484579e-01,  2.455830e+01
  2.560792e-01,  2.434729e+01
  2.484221e-01,  2.778297e+01
  2.439987e-01,  2.873715e+01
  2.507500e-01,  2.276242e+01
  2.550065e-01,  2.873702e+01
  2.468632e-01,  2.715208e+01
  2.510290e-01,  2.427758e+01
  2.602513e-01,  2.707883e+01
  2.297310e-01,  2.966463e+01
  2.590065e-01,  2.760014e+01
  2.565638e-01,  2.681730e+01
  2.279527e-01,  2.929972e+01
  2.478096e-01,  2.224994e+01
  2.454124e-01,  2.385892e+01
  2.435917e-01,  2.752913e+01
  2.467267e-01,  2.319138e+01
  2.564397e-01,  2.564276e+01
  2.491251e-01,  3.110242e+01
  2.550917e-01,  2.448804e+01
  2.530791e-01,  2.537384e+01
  2.418719e-01,  2.585216e+01
  2.444365e-01,  2.422622e+01
  2.535888e-01,  2.498754e+01
  2.531429e-01,  2.860212e+01
  2.487541e-01,  2.647668e+01
  2.667354e-01,  2.749213e+01
  2.468739e-01,  2.968461e+01
  2.443130e-01,  2.212271e+01
  2.541221e-01,  2.499410e+01
  2.452980e-01,  2.806822e+01
  2.465301e-01,  2.211634e+01
  2.509785e-01,  2.391027e+01
  2.522657e-01,  2.672800e+01
  2.401627e-01,  2.377086e+01
  2.462681e-01,  2.498777e+01
  2.496108e-01,  2.856299e+01
  2.430971e-01,  2.751388e+01
  2.637322e-01,  2.382019e+01
  2.543666e-01,  2.886683e+01
  2.466708e-01,  2.577642e+01
  2.627710e-01,  2.574739e+01
  2.469235e-01,  2.656841e+01
  2.460770e-01,  2.206119e+01
  2.562815e-01,  2.487048e+01
  2.487801e-01,  2.843921e+01
  2.346561e-01,  2.199420e+01
  2.518892e-01,  2.521780e+01
  2.489186e-01,  2.835718e+01
  2.403942e-01,  2.355508e+01
  2.620540e-01,  2.731743e+01
  2.597285e-01,  3.235979e+01
  2.638222e-01,  3.033721e+01
  2.551883e-01,  2.151293e+01
  2.481611e-01,  2.816103e+01
  2.544415e-01,  2.675633e+01
  2.602290e-01,  2.434750e+01
  2.557936e-01,  2.745083e+01
  2.515751e-01,  2.789682e+01
  2.614567e-01,  2.792325e+01
  2.569324e-01,  2.913889e+01
  2.468600e-01,  2.793967e+01
  2.575115e-01,  2.356401e+01
  2.566489e-01,  2.885320e+01
  2.449828e-01,  2.713966e+01
  2.557945e-01,  2.450079e+01
  2.414726e-01,  2.921722e+01
  2.559252e-01,  2.748289e+01
  2.578008e-01,  2.228501e+01
  2.485699e-01,  2.918069e+01
  2.585208e-01,  3.133045e+01
  2.442898e-01,  2.270151e+01
  2.602788e-01,  2.816578e+01
  2.498883e-01,  3.000622e+01
  2.563283e-01,  2.583497e+01
  2.527337e-01,  2.655702e+01
  2.326549e-01,  2.538413e+01
  2.580193e-01,  2.601311e+01
  2.543871e-01,  2.768389e+01
  2.544554e-01,  2.918146e+01
  2.475049e-01,  2.363762e+01
  2.496593e-01,  2.544265e+01
  2.467846e-01,  3.115540e+01
  2.472822e-01,  2.684246e+01
  2.586253e-01,  2.612009e+01
  2.502431e-01,  2.844108e+01
  2.554115e-01,  2.496540e+01
  2.533367e-01,  2.550258e+01
  2.366852e-01,  2.230926e+01
  2.497546e-01,  2.414858e+01
  2.649663e-01,  2.788400e+01
  2.423787e-01,  2.694859e+01
  2.469120e-01,  2.659241e+01
  2.518466e-01,  2.468626e+01
  2.415894e-01,  2.671795e+01
  2.462342e-01,  2.696428e+01
  2.688693e-01,  2.828752e+01
  2.389792e-01,  2.660210e+01
  2.418561e-01,  2.594846e+01
  2.636632e-01,  2.758660e+01
  2.557434e-01,  3.129548e+01
  2.485924e-01,  2.341137e+01
  2.511595e-01,  2.447205e+01
  2.469921e-01,  2.857264e+01
  2.376817e-01,  2.303280e+01
  2.593331e-01,  2.407906e+01
  2.486880e-01,  2.753483e+01
  2.548073e-01,  2.674263e+01
  2.564674e-01,  2.558348e+01
  2.571846e-01,  2.870969e+01
  2.560558e-01,  2.323665e+01
  2.526660e-01,  2.400431e+01
  2.404052e-01,  2.742737e+01
  2.517376e-01,  2.687560e+01
  2.608280e-01,  2.309111e+01
  2.467438e-01,  2.954600e+01
  2.527823e-01,  2.929136e+01
  2.552895e-01,  2.312946e+01
  2.441701e-01,  2.602835e+01
  2.449358e-01,  2.529722e+01
  2.538447e-01,  2.536662e+01
  2.545117e-01,  3.088091e+01
  2.560853e-01,  2.591177e+01
  2.603672e-01,  2.206252e+01
  2.639460e-01,  3.233100e+01
  2.528556e-01,  2.656725e+01
  2.596114e-01,  2.072802e+01
  2.450212e-01,  2.997642e+01
  2.463741e-01,  2.666951e+01
  2.509120e-01,  2.397101e+01
  2.590989e-01,  3.019046e+01
  2.446341e-01,  2.476548e+01
  2.459940e-01,  2.367163e+01
  2.429017e-01,  2.590179e+01
  2.448274e-01,  2.481172e+01
  2.724597e-01,  2.593719e+01
  2.547515e-01,  3.133978e+01
  2.466421e-01,  2.614530e+01
  2.462923e-01,  2.138739e+01
  2.450372e-01,  2.700632e+01
  2.455364e-01,  2.869746e+01
  2.480706e-01,  2.407851e+01
  2.486037e-01,  2.564531e+01
  2.501530e-01,  2.846264e+01
  2.515648e-01,  2.251349e+01
  2.542103e-01,  2.653419e+01
  2.332896e-01,  2.359949e+01
  2.490675e-01,  2.502763e+01
  2.640813e-01,  2.581315e+01
  2.546293e-01,  2.705290e+01
  2.585318e-01,  2.738290e+01
  2.473310e-01,  2.423888e+01
  2.400672e-01,  3.089948e+01
  2.647062e-01,  2.429325e+01
  2.644431e-01,  2.541206e+01
  2.379055e-01,  2.968718e+01
  2.425848e-01,  2.487897e+01
  2.538209e-01,  2.853588e+01
  2.481374e-01,  2.919808e+01
  2.526771e-01,  2.495203e+01
  2.641788e-01,  2.837682e+01
  2.395952e-01,  2.972436e+01
  2.526611e-01,  2.250295e+01
  2.462511e-01,  2.439386e+01
  2.487993e-01,  3.000868e+01
  2.527974e-01,  2.534289e+01
  2.520224e-01,  2.754109e+01
  2.557840e-01,  3.003096e+01
  2.492285e-01,  1.974515e+01
  2.514326e-01,  2.603656e+01
  2.414894e-01,  3.019633e+01
  2.519702e-01,  2.187946e+01
  2.564166e-01,  2.616947e+01
  2.519217e-01,  3.014527e+01
  2.430650e-01,  2.150754e+01
  2.427090e-01,  2.147359e+01
  2.418103e-01,  2.778275e+01
  2.505378e-01,  2.417280e+01
  2.584703e-01,  2.622298e+01
  2.518290e-01,  2.852122e+01
  2.408710e-01,  2.465105e+01
  2.537738e-01,  2.596199e+01
  2.526947e-01,  3.017905e+01
  2.503468e-01,  2.192856e+01
  2.550563e-01,  2.538118e+01
  2.468250e-01,  2.851149e+01
  2.537143e-01,  2.280475e+01
  2.522230e-01,  2.548306e+01
  2.483295e-01,  2.925242e+01
  2.469585e-01,  2.482514e+01
  2.538515e-01,  2.386382e+01
  2.413100e-01,  3.046011e+01
  2.516619e-01,  2.369373e+01
  2.552553e-01,  2.450654e+01
  2.485788e-01,  3.093642e+01
  2.598058e-01,  2.755141e+01
  2.557349e-01,  2.313020e+01
  2.539662e-01,  3.140667e+01
  2.558216e-01,  2.566945e+01
  2.586064e-01,  2.406452e+01
  2.500744e-01,  3.012091e+01
  2.435609e-01,  2.584277e+01
  2.508138e-01,  2.544500e+01
  2.484284e-01,  2.668940e+01
  2.440833e-01,  2.655547e+01
  2.574141e-01,  2.225781e+01
  2.509084e-01,  3.072982e+01
  2.442377e-01,  2.660489e+01
  2.597018e-01,  2.207428e+01
  2.518151e-01,  3.012224e+01
  2.488168e-01,  2.477787e+01
  2.673148e-01,  2.337393e+01
  2.524131e-01,  2.869813e+01
  2.471315e-01,  2.658106e+01
  2.521542e-01,  2.689137e+01
  2.517618e-01,  2.845791e+01
  2.451122e-01,  2.548771e+01
  2.470000e-01,  2.218237e+01
  2.528455e-01,  2.717518e+01
  2.437517e-01,  2.756748e+01
  2.569316e-01,  2.384369e+01
  2.547509e-01,  2.864424e+01
  2.477786e-01,  2.639773e+01
  2.555867e-01,  2.446758e+01
  2.612711e-01,  2.782352e+01
  2.502999e-01,  2.871407e+01
  2.566794e-01,  2.483728e+01
  2.584544e-01,  2.929610e+01
  2.470176e-01,  2.999030e+01
  2.519783e-01,  2.494170e+01
  2.561965e-01,  2.872320e+01
  2.508204e-01,  2.581298e+01
  2.612114e-01,  2.819902e+01
  2.549083e-01,  2.787191e+01
  2.386209e-01,  2.449226e+01
  2.516533e-01,  2.342854e+01
  2.492294e-01,  2.553735e+01
  2.489692e-01,  2.855983e+01
  2.504246e-01,  2.306791e+01
  2.524399e-01,  2.692460e+01
  2.332551e-01,  2.689431e+01
  2.496466e-01,  2.610914e+01
  2.580473e-01,  2.855686e+01
  2.472656e-01,  2.893969e+01
  2.555151e-01,  2.260426e+01
  2.503050e-01,  2.722865e+01
  2.505577e-01,  3.264221e+01
  2.546465e-01,  2.548290e+01
  2.576393e-01,  2.741639e+01
  2.377227e-01,  2.874063e+01
  2.505333e-01,  2.494414e+01
  2.552974e-01,  2.909317e+01
  2.569872e-01,  3.254348e+01
  2.582630e-01,  2.571737e+01
  2.553261e-01,  2.927427e+01
  2.488618e-01,  2.777223e+01
  2.417132e-01,  2.279497e+01
  2.543157e-01,  2.489525e+01
  2.549242e-01,  2.876150e+01
  2.567925e-01,  3.007909e+01
  2.672154e-01,  2.525784e+01
  2.395578e-01,  2.695803e+01
  2.349588e-01,  2.275735e+01
  2.547089e-01,  2.261128e+01
  2.425216e-01,  3.032903e+01
  2.472176e-01,  2.239915e+01
  2.473689e-01,  2.284952e+01
  2.441494e-01,  2.827982e+01
  2.416135e-01,  2.414971e+01
  2.540159e-01,  2.821050e+01
  2.457740e-01,  2.831859e+01
  2.434232e-01,  2.526404e+01
  2.498504e-01,  2.646553e+01
  2.463454e-01,  2.573791e+01
  2.575595e-01,  2.887707e+01
  2.659457e-01,  2.613099e+01
  2.573310e-01,  2.805598e+01
  2.520313e-01,  2.618105e+01
  2.627168e-01,  2.408312e+01
  2.522849e-01,  2.742312e+01
  2.439162e-01,  2.721489e+01
  2.547478e-01,  2.522892e+01
  2.608775e-01,  2.612255e+01
  2.432010e-01,  2.588746e+01
  2.592671e-01,  1.834148e+01
  2.482091e-01,  3.376918e+01
  2.481323e-01,  2.841456e+01
  2.571354e-01,  2.385013e+01
  2.509801e-01,  2.778346e+01
  2.507692e-01,  2.539071e+01
  2.539644e-01,  2.297197e+01
  2.483659e-01,  2.586667e+01
  2.426891e-01,  3.031902e+01
  2.582483e-01,  2.490696e+01
  2.599851e-01,  2.734316e+01
  2.550594e-01,  2.618018e+01
  2.495750e-01,  2.243765e+01
  2.499486e-01,  2.573444e+01
  2.317554e-01,  2.615636e+01
  2.474925e-01,  2.253151e+01
  2.598055e-01,  3.057801e+01
  2.473302e-01,  2.872786e+01
  2.621177e-01,  2.329577e+01
  2.581869e-01,  2.610718e+01
  2.415527e-01,  2.967477e+01
  2.667366e-01,  2.415855e+01
  2.522098e-01,  2.854159e+01
  2.448621e-01,  2.411454e+01
  2.564061e-01,  2.373008e+01
  2.500653e-01,  2.698757e+01
  2.401365e-01,  2.590767e+01
  2.532195e-01,  2.628326e+01
  2.506973e-01,  2.639323e+01
  2.352574e-01,  2.802953e+01
  2.552387e-01,  2.306410e+01
  2.555033e-01,  2.449118e+01
  2.595097e-01,  3.065894e+01
  2.475324e-01,  2.347175e+01
  2.565010e-01,  2.794266e+01
  2.488300e-01,  2.893276e+01
  2.554025e-01,  2.478978e+01
  2.587362e-01,  2.718136e+01
  2.411571e-01,  2.516284e+01
  2.559473e-01,  2.599891e+01
  2.641549e-01,  2.200315e+01
  2.469189e-01,  3.135664e+01
  2.554816e-01,  2.233028e+01
  2.583477e-01,  2.857580e+01
  2.486511e-01,  2.697362e+01
  2.614137e-01,  2.898179e+01
  2.635247e-01,  2.508828e+01
  2.411242e-01,  2.706910e+01
  2.472606e-01,  2.652363e+01
  2.661280e-01,  2.458281e+01
  2.542254e-01,  2.956388e+01
  2.565612e-01,  2.498580e+01
  2.504425e-01,  2.327432e+01
  2.340029e-01,  2.825988e+01
  2.457625e-01,  2.522125e+01
  2.610547e-01,  2.822344e+01
  2.411133e-01,  2.999560e+01
  2.420929e-01,  2.215434e+01
  2.653282e-01,  2.716423e+01
  2.618675e-01,  2.931477e+01
  2.629158e-01,  2.633674e+01
  2.631153e-01,  1.860932e+01
  2.568277e-01,  3.326329e+01
  2.414279e-01,  1.739436e+01
  2.495510e-01,  3.194454e+01
  2.479071e-01,  2.288072e+01
  2.520017e-01,  3.490645e+01
  2.669672e-01,  1.944869e+01
  2.696777e-01,  3.584930e+01
  2.267390e-01,  1.237555e+01
  2.614711e-01,  3.377077e+01
  2.443958e-01,  1.721461e+01
  2.640317e-01,  3.809029e+01
  2.528856e-01,  1.714682e+01
  2.399212e+00,  8.756344e+01
  9.203459e+00,  1.318799e+02
  2.115027e+01,  1.369262e+02
  2.593815e+01,  1.416630e+02
  2.619698e+01,  1.462024e+02
  2.453094e+01,  1.491086e+02
  2.189430e+01,  1.515216e+02
  1.787165e+01,  1.535891e+02
  1.405894e+01,  1.515675e+02
  1.044531e+01,  1.410051e+02
  6.406955e+00,  1.152451e+02
  4.449418e+00,  4.002235e+01
  9.735330e+00,  3.573480e+02
  1.619171e+01,  3.476711e+02
  2.221183e+01,  3.430175e+02
  2.727741e+01,  3.396403e+02
  2.947203e+01,  3.385973e+02
  2.941102e+01,  3.392980e+02
  2.808106e+01,  3.364786e+02
  2.513479e+01,  3.280401e+02
  2.006013e+01,  3.170226e+02
  1.509401e+01,  3.084884e+02
  1.127748e+01,  3.032248e+02
  7.690885e+00,  2.966540e+02
  3.785108e+00,  3.070334e+02
  3.537663e+00,  1.979385e+01
  6.907365e+00,  3.673323e+01
  1.032739e+01,  3.743941e+01
  1.409701e+01,  3.620824e+01
  1.760778e+01,  3.371121e+01
  2.049302e+01,  3.070299e+01
  2.327155e+01,  3.073354e+01
  2.462557e+01,  3.254835e+01
  2.395743e+01,  3.450111e+01
  2.208376e+01,  3.560261e+01
  1.942849e+01,  3.566283e+01
  1.668949e+01,  3.552668e+01
  1.371427e+01,  3.464822e+01
  1.069112e+01,  3.044677e+01
  8.183335e+00,  1.968664e+01
  6.567813e+00,  3.579607e+02
  5.838609e+00,  3.281099e+02
  6.064125e+00,  2.939373e+02
  7.914542e+00,  2.752371e+02
  1.026350e+01,  2.781788e+02
  1.170157e+01,  2.866918e+02
  1.214519e+01,  2.948856e+02
  1.332727e+01,  3.057124e+02
  1.568671e+01,  3.165936e+02
  1.748748e+01,  3.237913e+02
  1.862466e+01,  3.270805e+02
  1.980120e+01,  3.260189e+02
  1.998842e+01,  3.238615e+02
  1.851118e+01,  3.214155e+02
  1.697509e+01,  3.182237e+02
  1.588207e+01,  3.136125e+02
  1.368916e+01,  3.086441e+02
  1.099372e+01,  3.043050e+02
  9.600784e+00,  3.012817e+02
  8.597229e+00,  2.980156e+02
  6.256638e+00,  2.836484e+02
  4.758423e+00,  2.415106e+02
  6.624505e+00,  2.018075e+02
  1.034558e+01,  1.850866e+02
  1.463171e+01,  1.791585e+02
  1.779534e+01,  1.775852e+02
  1.962570e+01,  1.758895e+02
  1.998619e+01,  1.731957e+02
  1.917934e+01,  1.700438e+02
  1.767293e+01,  1.649812e+02
  1.634507e+01,  1.575783e+02
  1.583767e+01,  1.499215e+02
  1.592614e+01,  1.451367e+02
  1.540226e+01,  1.418966e+02
  1.361386e+01,  1.395234e+02
  1.102222e+01,  1.389612e+02
  8.040553e+00,  1.421743e+02
  4.665006e+00,  1.513750e+02
  1.792575e+00,  2.157317e+02
  4.631356e+00,  2.676042e+02
  8.170412e+00,  2.542639e+02
  1.212968e+01,  2.394525e+02
  1.571781e+01,  2.351471e+02
  1.888739e+01,  2.347708e+02
  2.197329e+01,  2.341323e+02
  2.424699e+01,  2.334869e+02
  2.373117e+01,  2.360639e+02
  2.159462e+01,  2.389836e+02
  1.771541e+01,  2.402226e+02
  1.362647e+01,  2.384908e+02
  1.042945e+01,  2.367204e+02
  8.819772e+00,  2.277764e+02
  8.316264e+00,  2.101873e+02
  1.072849e+01,  1.956035e+02
  1.472621e+01,  1.956067e+02
  1.861416e+01,  1.990007e+02
  1.961506e+01,  1.964165e+02
  1.377515e+01,  1.867182e+02
  4.776232e+00,  3.464652e+01
  1.563428e+00,  1.178826e+02
##END=