##TITLE= twqubit_encoding1_H_nobufferfix6
##JCAMP-DX= 5.00 Bruker JCAMP library
##DATA TYPE= Shape Data
##ORIGIN= Colm Fixed Pulses 
##OWNER= d29lu
##DATE= 12-May-2015
##TIME= 16:49
##MINX= 5.056019e-02
##MAXX= 3.810047e+01
##MINY= 4.705638e-03
##MAXY= 3.599766e+02
##$SHAPE_EXMODE= None
##$SHAPE_TOTROT= 9.000000e+01
##$SHAPE_BWFAC= 1.000000e+00
##$SHAPE_INTEGFAC= 1.000000e+00
##$SHAPE_MODE= 1
##NPOINTS= 3298
##XYPOINTS= (XY..XY)
  2.058871e+00,  2.724083e+02
  9.155787e+00,  3.141650e+02
  2.096148e+01,  3.185265e+02
  2.586563e+01,  3.234038e+02
  2.588625e+01,  3.276134e+02
  2.434324e+01,  3.304586e+02
  2.163531e+01,  3.330043e+02
  1.766998e+01,  3.350081e+02
  1.393063e+01,  3.334646e+02
  1.029497e+01,  3.231075e+02
  6.121270e+00,  2.984761e+02
  4.097860e+00,  2.190142e+02
  9.495005e+00,  1.761296e+02
  1.601676e+01,  1.673999e+02
  2.213888e+01,  1.628625e+02
  2.718244e+01,  1.595020e+02
  2.919315e+01,  1.584697e+02
  2.916072e+01,  1.590690e+02
  2.787079e+01,  1.561824e+02
  2.502321e+01,  1.479389e+02
  1.989297e+01,  1.365266e+02
  1.510949e+01,  1.279871e+02
  1.137169e+01,  1.224512e+02
  7.822197e+00,  1.156111e+02
  3.899049e+00,  1.237975e+02
  3.374607e+00,  1.960751e+02
  6.553211e+00,  2.160292e+02
  1.000018e+01,  2.168819e+02
  1.374645e+01,  2.160975e+02
  1.722856e+01,  2.136190e+02
  2.007691e+01,  2.104889e+02
  2.296996e+01,  2.107429e+02
  2.423342e+01,  2.126206e+02
  2.348416e+01,  2.144376e+02
  2.165504e+01,  2.154789e+02
  1.896653e+01,  2.154167e+02
  1.630463e+01,  2.153517e+02
  1.336793e+01,  2.142847e+02
  1.039162e+01,  2.100672e+02
  7.883380e+00,  1.984607e+02
  6.465379e+00,  1.762615e+02
  5.772490e+00,  1.455151e+02
  6.218963e+00,  1.124531e+02
  8.124137e+00,  9.456136e+01
  1.045231e+01,  9.808583e+01
  1.186814e+01,  1.056707e+02
  1.230355e+01,  1.143617e+02
  1.340806e+01,  1.246844e+02
  1.576357e+01,  1.358274e+02
  1.745899e+01,  1.430386e+02
  1.858854e+01,  1.464385e+02
  1.973819e+01,  1.453903e+02
  2.000119e+01,  1.433065e+02
  1.846753e+01,  1.409384e+02
  1.699870e+01,  1.374346e+02
  1.594062e+01,  1.329247e+02
  1.373294e+01,  1.279450e+02
  1.109991e+01,  1.233320e+02
  9.753207e+00,  1.200496e+02
  8.731213e+00,  1.169871e+02
  6.445108e+00,  1.012793e+02
  4.988857e+00,  6.259118e+01
  6.833210e+00,  2.349300e+01
  1.043646e+01,  6.813162e+00
  1.477410e+01,  6.871429e-01
  1.779500e+01,  3.587340e+02
  1.974874e+01,  3.570737e+02
  1.993826e+01,  3.543957e+02
  1.926384e+01,  3.513505e+02
  1.761521e+01,  3.462647e+02
  1.635628e+01,  3.390331e+02
  1.572624e+01,  3.312455e+02
  1.588999e+01,  3.268033e+02
  1.523818e+01,  3.233247e+02
  1.351915e+01,  3.210969e+02
  1.092029e+01,  3.209432e+02
  7.977744e+00,  3.245052e+02
  4.673687e+00,  3.354518e+02
  2.075704e+00,  3.966632e+01
  4.895922e+00,  8.583140e+01
  8.380113e+00,  7.425501e+01
  1.245021e+01,  5.949840e+01
  1.594132e+01,  5.601086e+01
  1.924375e+01,  5.495765e+01
  2.243172e+01,  5.504535e+01
  2.481172e+01,  5.405844e+01
  2.391063e+01,  5.689175e+01
  2.204718e+01,  5.904809e+01
  1.788626e+01,  6.110380e+01
  1.402783e+01,  5.792453e+01
  1.056827e+01,  5.840345e+01
  9.328851e+00,  4.746310e+01
  8.247659e+00,  3.252100e+01
  1.127214e+01,  1.676533e+01
  1.459744e+01,  1.710094e+01
  1.915229e+01,  1.964369e+01
  1.939366e+01,  1.765392e+01
  1.420987e+01,  7.969138e+00
  4.907859e+00,  2.087044e+02
  2.056826e+00,  3.283313e+02
  7.391401e-01,  1.293730e+02
  5.455406e-01,  3.496283e+02
  2.378986e-01,  1.397699e+02
  5.645063e-01,  1.058698e+01
  2.506226e-01,  1.446313e+02
  5.443914e-01,  1.034791e+01
  1.729442e-01,  1.334966e+02
  4.830946e-01,  9.123170e+00
  9.261615e-02,  1.230376e+02
  4.538095e-01,  9.490621e+00
  7.734799e-02,  1.061388e+02
  3.966380e-01,  7.394778e+00
  5.056019e-02,  3.686192e+01
  3.272128e-01,  7.299300e+00
  5.991315e-02,  3.269521e+02
  2.695891e-01,  9.134247e+00
  1.210862e-01,  4.964286e+00
  2.378214e-01,  5.880788e+00
  1.739070e-01,  5.057551e+00
  1.917504e-01,  1.173617e+01
  2.036103e-01,  3.591946e+02
  1.549603e-01,  1.080798e+01
  2.291566e-01,  3.131901e+00
  1.279344e-01,  5.601544e+00
  2.648509e-01,  4.692518e+00
  1.060103e-01,  1.619871e+01
  2.720010e-01,  2.190263e+00
  1.117003e-01,  1.065854e+01
  2.684787e-01,  5.623932e+00
  9.991876e-02,  1.154219e+00
  2.851784e-01,  7.344826e+00
  1.049603e-01,  8.968467e+00
  2.653369e-01,  3.398431e+00
  1.326638e-01,  8.754349e+00
  2.447282e-01,  8.408292e+00
  1.346418e-01,  4.241232e-01
  2.263021e-01,  6.949220e+00
  1.556199e-01,  7.083237e+00
  2.053139e-01,  2.782027e+00
  1.840375e-01,  3.106150e+00
  1.907983e-01,  1.036412e+01
  1.897915e-01,  8.431987e-01
  1.847782e-01,  9.370752e+00
  2.033517e-01,  7.281015e+00
  1.597184e-01,  2.897069e+00
  2.241405e-01,  5.766851e+00
  1.589223e-01,  1.241901e+01
  2.331148e-01,  6.931969e-01
  1.477014e-01,  6.648752e+00
  2.399867e-01,  9.163608e+00
  1.338227e-01,  3.983306e-01
  2.335918e-01,  2.260800e+00
  1.511467e-01,  1.561783e+01
  2.243695e-01,  3.942567e+00
  1.576311e-01,  3.596670e+00
  2.173986e-01,  8.289924e+00
  1.494948e-01,  3.566753e+02
  2.208512e-01,  5.857691e+00
  1.710815e-01,  7.460807e+00
  1.920441e-01,  5.991079e+00
  1.929898e-01,  8.056796e+00
  1.970618e-01,  8.964245e+00
  1.810641e-01,  3.599759e+02
  1.893269e-01,  4.805948e+00
  1.949232e-01,  7.005315e+00
  1.602946e-01,  4.307767e+00
  2.168819e-01,  2.828567e+00
  1.753114e-01,  1.375636e+01
  2.094593e-01,  3.914532e+00
  1.807834e-01,  7.197176e+00
  2.153276e-01,  7.270898e+00
  1.499060e-01,  2.665734e-02
  2.207372e-01,  5.360263e+00
  1.724902e-01,  1.178327e+01
  2.067097e-01,  5.924620e+00
  1.808223e-01,  3.419306e+00
  2.121995e-01,  9.524050e+00
  1.578374e-01,  5.571016e+00
  2.075256e-01,  3.203015e+00
  1.735710e-01,  4.120674e+00
  1.918318e-01,  7.134224e+00
  1.957246e-01,  4.988433e+00
  1.949427e-01,  7.239802e+00
  1.796686e-01,  4.225720e+00
  1.901356e-01,  4.088735e+00
  1.915569e-01,  6.938654e+00
  1.785035e-01,  8.628935e+00
  2.037377e-01,  2.875482e+00
  1.888446e-01,  1.063256e+01
  1.981612e-01,  5.981944e+00
  1.789405e-01,  5.861444e+00
  2.087429e-01,  7.936512e+00
  1.653846e-01,  6.291500e+00
  2.001474e-01,  4.245880e+00
  1.781591e-01,  6.570795e+00
  1.949153e-01,  7.212570e+00
  1.700773e-01,  3.584973e+02
  1.977919e-01,  4.957879e+00
  1.619800e-01,  6.371133e+00
  1.997651e-01,  2.562661e+00
  1.784926e-01,  5.415846e+00
  1.940018e-01,  9.430611e+00
  1.888756e-01,  2.664574e+00
  1.935793e-01,  5.287985e+00
  1.836894e-01,  9.955873e+00
  1.939560e-01,  5.685529e+00
  1.975820e-01,  7.571657e+00
  1.874002e-01,  1.287540e+01
  2.039831e-01,  3.883814e+00
  1.905238e-01,  1.030775e+01
  1.999643e-01,  1.084412e+01
  1.859655e-01,  3.394747e+00
  2.055883e-01,  8.869521e+00
  1.829148e-01,  9.463351e+00
  1.967880e-01,  4.245970e+00
  1.886016e-01,  7.251907e+00
  1.902717e-01,  6.019002e+00
  1.804993e-01,  1.647228e+00
  1.960994e-01,  3.131613e+00
  1.765541e-01,  8.286171e+00
  2.025308e-01,  5.807394e+00
  1.844652e-01,  3.163980e+00
  1.910455e-01,  8.932415e+00
  1.787156e-01,  2.502868e+00
  2.021738e-01,  8.826184e+00
  1.909092e-01,  1.117055e+01
  1.935634e-01,  4.325917e+00
  1.936386e-01,  3.882312e+00
  1.855375e-01,  9.342086e+00
  1.900586e-01,  3.526846e+00
  1.922750e-01,  4.200274e+00
  1.907385e-01,  1.013942e+01
  1.854436e-01,  4.016539e+00
  1.964799e-01,  2.566656e+00
  1.755509e-01,  7.196077e+00
  1.919605e-01,  2.780326e+00
  1.879870e-01,  2.484693e+00
  1.954135e-01,  1.149910e+01
  1.720582e-01,  4.911903e+00
  2.102416e-01,  6.946122e+00
  1.869150e-01,  9.653150e+00
  1.965024e-01,  5.216178e+00
  1.893237e-01,  4.361188e+00
  1.981008e-01,  1.064052e+01
  1.904506e-01,  8.187798e+00
  2.003411e-01,  4.878826e+00
  1.972049e-01,  1.166704e+01
  1.879120e-01,  5.936275e+00
  1.975291e-01,  1.699325e+00
  1.804115e-01,  7.356471e+00
  1.896140e-01,  5.029175e+00
  1.895752e-01,  2.816548e+00
  1.902661e-01,  6.658361e+00
  1.730758e-01,  5.904331e+00
  2.004123e-01,  4.741238e+00
  1.899155e-01,  6.718035e+00
  1.759161e-01,  4.905994e+00
  1.951496e-01,  1.394955e+00
  1.948906e-01,  1.065832e+01
  1.799727e-01,  6.970259e+00
  1.948707e-01,  2.091742e+00
  1.886501e-01,  7.386092e+00
  1.836223e-01,  5.698263e+00
  1.884276e-01,  3.710926e+00
  1.908124e-01,  6.475156e+00
  1.735676e-01,  7.569652e+00
  1.985005e-01,  5.121705e+00
  1.922684e-01,  7.430521e+00
  1.824609e-01,  7.754646e+00
  2.009545e-01,  6.538804e+00
  1.978502e-01,  7.465729e+00
  1.838104e-01,  8.118742e+00
  1.935829e-01,  3.556938e+00
  1.928639e-01,  6.852773e+00
  1.798402e-01,  8.457089e+00
  1.930354e-01,  1.916184e+00
  1.929543e-01,  7.018556e+00
  1.864969e-01,  1.039083e+01
  1.820430e-01,  1.113360e+00
  1.990501e-01,  9.719140e+00
  1.854190e-01,  9.426695e+00
  1.944256e-01,  2.507747e+00
  1.980437e-01,  6.801298e+00
  1.898712e-01,  8.777128e+00
  1.941776e-01,  4.604347e+00
  1.934546e-01,  4.100372e+00
  1.848807e-01,  1.079413e+01
  1.843656e-01,  3.596090e+02
  1.859621e-01,  6.473541e+00
  1.825167e-01,  7.173617e+00
  1.815382e-01,  3.592810e+02
  1.941463e-01,  8.402654e+00
  1.829187e-01,  8.607623e+00
  1.903835e-01,  2.377966e+00
  1.935939e-01,  5.546332e+00
  1.843975e-01,  1.007618e+01
  1.912983e-01,  3.330687e+00
  1.933092e-01,  5.433618e+00
  1.927165e-01,  1.137727e+01
  1.914485e-01,  4.108628e+00
  1.937806e-01,  4.198488e+00
  1.850658e-01,  1.039977e+01
  1.886435e-01,  3.816718e+00
  1.959552e-01,  4.036459e+00
  1.906942e-01,  1.039304e+01
  1.790907e-01,  1.015542e+00
  1.991548e-01,  3.537151e+00
  1.854578e-01,  7.831279e+00
  1.856697e-01,  2.802936e+00
  1.981015e-01,  8.410903e+00
  1.999173e-01,  1.113506e+01
  1.800455e-01,  4.271459e+00
  1.954110e-01,  4.283451e+00
  1.908686e-01,  9.194339e+00
  1.758691e-01,  2.497494e+00
  2.004908e-01,  6.078840e+00
  1.792932e-01,  5.842546e+00
  1.958411e-01,  7.909606e+00
  1.982077e-01,  4.974427e+00
  1.915576e-01,  9.519977e+00
  1.805546e-01,  4.297467e+00
  1.885136e-01,  8.403882e-01
  1.888094e-01,  1.158481e+01
  1.811595e-01,  2.137983e+00
  1.957158e-01,  5.427178e+00
  1.900511e-01,  8.014526e+00
  1.867187e-01,  5.624458e+00
  1.945930e-01,  4.311831e+00
  1.974923e-01,  1.057636e+01
  1.804533e-01,  4.316764e+00
  1.957267e-01,  4.289951e-01
  1.899420e-01,  1.021778e+01
  1.786268e-01,  4.453317e+00
  1.942349e-01,  2.174097e+00
  1.966751e-01,  1.068586e+01
  1.792335e-01,  3.476750e+00
  1.907057e-01,  3.367418e+00
  1.952529e-01,  7.714833e+00
  1.826863e-01,  6.870549e+00
  1.995177e-01,  6.747498e+00
  1.837668e-01,  6.183649e+00
  1.786917e-01,  4.053244e+00
  1.902313e-01,  2.346505e+00
  1.892954e-01,  5.747535e+00
  1.834170e-01,  8.942064e+00
  1.954120e-01,  3.245551e+00
  1.889506e-01,  5.434051e+00
  1.875206e-01,  1.058135e+01
  1.941844e-01,  7.003074e-01
  1.930359e-01,  1.049132e+01
  1.930081e-01,  8.383812e+00
  1.905391e-01,  2.839213e+00
  1.955151e-01,  5.809795e+00
  1.853930e-01,  1.066260e+01
  1.933115e-01,  3.930404e+00
  1.981446e-01,  5.148139e+00
  1.904010e-01,  1.258399e+01
  1.905594e-01,  3.461674e+00
  2.003277e-01,  6.526431e+00
  1.925624e-01,  1.163987e+01
  1.988439e-01,  5.943596e+00
  1.963089e-01,  5.261108e+00
  1.898712e-01,  1.117505e+01
  1.907753e-01,  3.288011e+00
  1.869476e-01,  3.403010e+00
  1.858773e-01,  9.033363e+00
  1.912276e-01,  5.041102e+00
  1.972824e-01,  6.468087e+00
  1.857592e-01,  7.640306e+00
  1.922106e-01,  5.149417e+00
  1.975023e-01,  7.950527e+00
  1.864398e-01,  4.477692e+00
  1.816889e-01,  1.232277e+00
  1.926077e-01,  6.147189e+00
  1.886408e-01,  1.111392e+01
  1.870904e-01,  1.807932e+00
  1.894990e-01,  4.677602e+00
  1.839666e-01,  8.685835e+00
  1.927036e-01,  5.855865e+00
  2.001329e-01,  3.750251e+00
  1.863308e-01,  7.890060e+00
  1.899542e-01,  6.131435e+00
  2.024355e-01,  8.435559e+00
  1.900727e-01,  1.025072e+01
  1.807171e-01,  3.578751e+02
  1.911687e-01,  7.335394e+00
  1.917584e-01,  7.495078e+00
  1.837807e-01,  4.198456e+00
  1.939752e-01,  2.769183e+00
  1.926573e-01,  1.057211e+01
  1.812279e-01,  2.257233e+00
  1.905137e-01,  6.714233e-01
  1.911119e-01,  8.603946e+00
  1.800029e-01,  6.443302e+00
  2.000284e-01,  3.848393e+00
  1.948603e-01,  9.514214e+00
  1.897270e-01,  6.147866e+00
  2.025514e-01,  7.060303e+00
  1.915806e-01,  1.242966e+01
  1.923542e-01,  1.626320e+00
  2.000866e-01,  8.621337e+00
  1.939939e-01,  9.894582e+00
  1.881031e-01,  4.919556e+00
  1.901945e-01,  1.342033e-01
  1.955919e-01,  1.127449e+01
  1.844649e-01,  5.796007e+00
  1.940272e-01,  2.957113e+00
  1.887946e-01,  8.150558e+00
  1.780113e-01,  4.857121e+00
  1.997252e-01,  4.777176e+00
  1.892582e-01,  7.012836e+00
  1.827717e-01,  7.406088e+00
  2.000039e-01,  5.591030e+00
  1.955074e-01,  8.270858e+00
  1.821102e-01,  6.406823e+00
  2.001813e-01,  4.654693e+00
  1.939700e-01,  4.993727e+00
  1.816470e-01,  8.349431e+00
  1.951249e-01,  2.619130e-01
  1.910856e-01,  4.945710e+00
  1.791001e-01,  5.741189e+00
  1.923049e-01,  3.414965e+00
  1.914432e-01,  6.890895e+00
  1.823192e-01,  7.182194e+00
  1.948471e-01,  2.881993e+00
  1.928801e-01,  6.821060e+00
  1.810380e-01,  7.019703e+00
  1.900773e-01,  3.597651e+02
  1.923408e-01,  6.456262e+00
  1.813154e-01,  5.873817e+00
  1.909326e-01,  4.011230e+00
  2.003773e-01,  5.853525e+00
  1.849603e-01,  6.466634e+00
  1.806175e-01,  3.592150e+02
  1.935099e-01,  7.002850e+00
  1.840355e-01,  9.377932e+00
  1.992496e-01,  8.431578e-01
  1.902193e-01,  5.513406e+00
  1.843270e-01,  9.097170e+00
  1.928752e-01,  2.998505e+00
  1.975000e-01,  6.873210e+00
  1.923300e-01,  1.128505e+01
  1.934348e-01,  4.317130e+00
  1.943812e-01,  5.278670e+00
  1.772134e-01,  8.938545e+00
  2.022152e-01,  4.572455e+00
  1.946456e-01,  4.390833e+00
  1.929551e-01,  1.136093e+01
  1.887664e-01,  8.763707e-01
  1.977302e-01,  6.619058e+00
  1.857677e-01,  8.392280e+00
  1.804725e-01,  1.431700e+00
  1.934092e-01,  1.020260e+01
  1.851882e-01,  1.011215e+01
  1.954306e-01,  4.637507e+00
  1.874672e-01,  4.058732e+00
  1.906770e-01,  1.085209e+01
  1.928916e-01,  4.979464e+00
  1.950900e-01,  2.904475e+00
  1.892675e-01,  1.044449e+01
  1.912383e-01,  3.848657e+00
  1.964092e-01,  1.860408e+00
  1.922808e-01,  1.203374e+01
  1.929439e-01,  1.479139e+00
  1.879906e-01,  3.323791e+00
  1.948995e-01,  1.108070e+01
  1.884076e-01,  3.957869e+00
  1.934905e-01,  1.852839e+00
  1.929849e-01,  7.705970e+00
  1.794649e-01,  4.996283e+00
  1.956108e-01,  5.712053e-01
  1.966196e-01,  1.277614e+01
  1.967454e-01,  7.282470e+00
  1.955891e-01,  4.751227e+00
  1.937882e-01,  9.046844e+00
  1.813501e-01,  4.025958e+00
  1.958422e-01,  2.146570e+00
  1.966083e-01,  9.093538e+00
  1.764126e-01,  3.486987e+00
  1.964097e-01,  1.601276e+00
  1.924550e-01,  1.260405e+01
  1.889019e-01,  7.022767e+00
  1.964498e-01,  5.523942e+00
  1.992089e-01,  1.166491e+01
  1.874794e-01,  7.867184e+00
  1.929478e-01,  3.267623e+00
  1.976635e-01,  1.037909e+01
  1.884897e-01,  7.665054e+00
  1.949190e-01,  3.793275e+00
  1.929357e-01,  7.401132e+00
  1.728290e-01,  2.712257e+00
  1.956911e-01,  4.896092e+00
  2.020545e-01,  8.941426e+00
  1.772728e-01,  3.100659e+00
  1.943611e-01,  3.936860e+00
  1.921461e-01,  7.675618e+00
  1.802019e-01,  4.825893e+00
  1.857918e-01,  1.711097e+00
  1.948776e-01,  9.332231e+00
  1.860894e-01,  9.013891e+00
  1.934583e-01,  2.487979e+00
  1.930999e-01,  8.290186e+00
  1.798770e-01,  6.468404e+00
  1.931702e-01,  4.789935e+00
  1.941885e-01,  7.434910e+00
  1.914421e-01,  1.005549e+01
  1.920191e-01,  1.638038e+00
  1.906554e-01,  5.558848e+00
  1.848796e-01,  1.073639e+01
  1.972586e-01,  2.304402e+00
  1.990772e-01,  7.782253e+00
  1.876636e-01,  1.028858e+01
  1.994859e-01,  4.404228e+00
  1.944833e-01,  6.584798e+00
  1.932560e-01,  9.760338e+00
  1.858310e-01,  1.222648e+00
  1.953585e-01,  7.164742e+00
  1.875756e-01,  7.362681e+00
  1.856187e-01,  1.822764e+00
  2.017280e-01,  5.400428e+00
  1.828069e-01,  8.672730e+00
  1.885519e-01,  1.804457e+00
  1.949298e-01,  4.334432e+00
  1.952440e-01,  1.231269e+01
  1.908819e-01,  3.778239e+00
  2.010811e-01,  7.704050e+00
  1.937311e-01,  1.330203e+01
  1.922763e-01,  4.441717e+00
  1.911827e-01,  1.564136e+00
  1.833676e-01,  9.880429e+00
  1.860772e-01,  2.297749e+00
  1.940921e-01,  2.853329e+00
  1.932079e-01,  1.001093e+01
  1.854939e-01,  5.317295e+00
  1.950786e-01,  1.658845e+00
  1.856848e-01,  1.261326e+01
  1.993591e-01,  8.742722e+00
  1.948018e-01,  2.076936e+00
  1.813477e-01,  1.010054e+01
  1.856060e-01,  2.970674e+00
  1.976697e-01,  7.047429e+00
  1.925451e-01,  1.064263e+01
  1.917315e-01,  6.296882e+00
  1.967601e-01,  4.612211e+00
  1.899913e-01,  7.466924e+00
  1.870111e-01,  6.657551e+00
  1.972343e-01,  4.786887e+00
  1.900987e-01,  6.452730e+00
  1.743308e-01,  4.361428e+00
  1.996081e-01,  4.968159e+00
  1.943365e-01,  7.462820e+00
  1.869495e-01,  6.645222e+00
  1.949924e-01,  9.233444e-01
  1.924526e-01,  8.919200e+00
  1.798204e-01,  5.789027e+00
  1.946345e-01,  2.876342e-01
  1.873087e-01,  8.697023e+00
  1.807444e-01,  3.444810e+00
  1.980522e-01,  4.226791e+00
  1.954324e-01,  1.073697e+01
  1.863334e-01,  4.910395e+00
  1.943439e-01,  5.461033e+00
  1.951525e-01,  1.057425e+01
  1.812607e-01,  5.092838e+00
  1.975094e-01,  2.936807e+00
  1.919500e-01,  7.857951e+00
  1.893623e-01,  1.020958e+01
  1.938958e-01,  1.450097e+00
  1.956220e-01,  8.360401e+00
  1.833190e-01,  4.760857e+00
  1.874215e-01,  3.597340e+02
  1.884605e-01,  6.957320e+00
  1.826619e-01,  5.597010e+00
  1.993805e-01,  3.649971e+00
  1.901520e-01,  5.288327e+00
  1.842582e-01,  9.835929e+00
  1.926064e-01,  1.174863e+00
  1.910551e-01,  7.547339e+00
  1.846313e-01,  6.841485e+00
  1.877924e-01,  3.151413e+00
  1.986447e-01,  9.667832e+00
  1.951791e-01,  1.068655e+01
  1.912543e-01,  4.444671e-01
  1.882591e-01,  5.712387e+00
  1.893092e-01,  1.016893e+01
  1.984974e-01,  3.632606e+00
  1.905287e-01,  8.668032e+00
  1.847153e-01,  7.322542e+00
  1.887099e-01,  1.580411e+00
  1.975634e-01,  6.358084e+00
  1.887830e-01,  1.201780e+01
  1.936547e-01,  4.161770e+00
  1.945451e-01,  4.838147e+00
  1.806843e-01,  6.930753e+00
  1.911022e-01,  3.798902e+00
  1.827775e-01,  5.540203e-01
  1.798042e-01,  1.032892e+01
  1.938554e-01,  6.771569e+00
  1.899433e-01,  3.128722e+00
  1.797192e-01,  8.907709e+00
  1.960823e-01,  3.483974e+00
  2.010632e-01,  5.813482e+00
  1.900123e-01,  9.355859e+00
  1.838702e-01,  3.582246e+02
  1.947287e-01,  5.621020e+00
  1.937702e-01,  1.231938e+01
  1.908345e-01,  5.883618e-02
  1.987770e-01,  7.448011e+00
  1.888602e-01,  1.008417e+01
  1.941785e-01,  3.105128e+00
  1.964024e-01,  5.707576e+00
  1.922582e-01,  9.474599e+00
  1.937488e-01,  5.638164e+00
  1.936538e-01,  5.286100e+00
  1.899499e-01,  1.045799e+01
  1.943593e-01,  7.023899e+00
  1.959081e-01,  4.581367e+00
  1.889036e-01,  1.102281e+01
  1.896022e-01,  4.906020e+00
  1.934878e-01,  2.894507e+00
  1.856964e-01,  9.145136e+00
  1.904421e-01,  2.482694e+00
  1.901866e-01,  2.032246e+00
  1.887940e-01,  7.228526e+00
  1.893671e-01,  6.130787e+00
  1.974687e-01,  4.494165e+00
  1.966284e-01,  7.641627e+00
  1.816517e-01,  6.532212e+00
  1.998686e-01,  1.088665e+00
  1.929675e-01,  1.113419e+01
  1.922639e-01,  4.421032e+00
  1.915046e-01,  1.638929e+00
  1.948303e-01,  9.868774e+00
  1.832029e-01,  2.458678e+00
  1.896484e-01,  5.079475e+00
  1.983673e-01,  8.816885e+00
  1.706509e-01,  3.867034e+00
  1.961008e-01,  4.299689e+00
  1.964138e-01,  1.269089e+01
  1.883766e-01,  7.816072e+00
  1.985843e-01,  5.459248e+00
  1.916891e-01,  7.645991e+00
  1.823200e-01,  3.959323e+00
  1.942089e-01,  5.132744e+00
  1.964293e-01,  1.008660e+01
  1.904536e-01,  4.815299e+00
  1.904982e-01,  2.618882e-01
  1.924611e-01,  8.101544e+00
  1.932806e-01,  1.165362e+01
  1.871750e-01,  1.717687e-01
  1.968808e-01,  8.007504e+00
  1.939913e-01,  1.348146e+01
  1.976673e-01,  4.704742e+00
  1.919007e-01,  6.883832e+00
  1.805263e-01,  4.942283e+00
  1.903463e-01,  2.195974e+00
  1.869528e-01,  5.051772e+00
  1.892102e-01,  9.614565e+00
  1.951658e-01,  4.292633e+00
  1.947069e-01,  4.807932e+00
  1.875773e-01,  9.564272e+00
  1.959925e-01,  2.864213e+00
  1.968156e-01,  7.211344e+00
  1.877434e-01,  1.160555e+01
  1.973233e-01,  3.598986e+02
  1.909279e-01,  9.135822e+00
  1.910152e-01,  8.256715e+00
  1.925959e-01,  4.465031e+00
  2.021639e-01,  9.550239e+00
  1.879083e-01,  7.375657e+00
  1.892870e-01,  1.282335e-01
  1.942008e-01,  7.608933e+00
  1.848450e-01,  1.040654e+01
  1.922708e-01,  4.195376e+00
  1.964309e-01,  6.739738e+00
  1.893794e-01,  6.654009e+00
  1.835195e-01,  2.679590e+00
  1.968096e-01,  4.073967e+00
  1.861422e-01,  1.151026e+01
  1.938908e-01,  3.075455e+00
  1.953848e-01,  5.906786e+00
  1.874793e-01,  9.726606e+00
  1.922147e-01,  3.152412e+00
  1.904327e-01,  4.247691e+00
  1.864369e-01,  1.133310e+01
  1.920601e-01,  2.813030e+00
  1.946923e-01,  5.779318e+00
  1.928388e-01,  1.161351e+01
  1.946885e-01,  6.131959e+00
  1.972379e-01,  3.034360e+00
  1.905910e-01,  1.004423e+01
  1.782180e-01,  2.341320e+00
  1.905583e-01,  5.883718e-01
  1.894582e-01,  1.025038e+01
  1.896050e-01,  4.926489e+00
  1.995650e-01,  3.492019e+00
  1.878530e-01,  9.944069e+00
  1.883171e-01,  7.764599e+00
  1.957244e-01,  2.939249e+00
  1.918641e-01,  1.034497e+01
  1.912605e-01,  5.959849e+00
  1.981581e-01,  3.091842e+00
  1.888879e-01,  8.275718e+00
  1.863408e-01,  6.059129e+00
  1.998319e-01,  2.047078e+00
  1.926764e-01,  1.165944e+01
  1.959820e-01,  6.680748e+00
  1.968504e-01,  7.551371e+00
  1.931742e-01,  8.105802e+00
  1.807163e-01,  3.258409e+00
  1.960004e-01,  3.093241e+00
  1.945437e-01,  1.104314e+01
  1.868792e-01,  4.387449e+00
  1.942908e-01,  4.173039e+00
  1.948764e-01,  1.106472e+01
  1.874528e-01,  6.577367e+00
  1.945289e-01,  5.627977e+00
  1.965878e-01,  8.967320e+00
  1.758831e-01,  7.238746e+00
  1.966614e-01,  9.445105e-01
  1.883361e-01,  9.224270e+00
  1.910786e-01,  7.158037e+00
  1.934678e-01,  3.645685e+00
  1.924914e-01,  9.116878e+00
  1.898236e-01,  9.815656e+00
  1.932592e-01,  1.455184e+00
  1.879249e-01,  5.130621e+00
  1.809787e-01,  4.783657e+00
  1.936164e-01,  4.000359e+00
  1.931997e-01,  2.283178e+00
  1.853869e-01,  9.923790e+00
  1.916486e-01,  1.006100e-01
  1.910340e-01,  7.550025e+00
  1.922703e-01,  9.370662e+00
  1.963325e-01,  4.892079e+00
  1.989607e-01,  9.687094e+00
  1.823896e-01,  3.940950e+00
  1.792111e-01,  3.598795e+02
  2.005942e-01,  9.433710e+00
  1.849761e-01,  8.234899e+00
  1.946586e-01,  2.881782e+00
  1.930984e-01,  6.440784e+00
  1.858685e-01,  6.678593e+00
  1.885194e-01,  3.901962e+00
  1.939234e-01,  4.593411e+00
  1.833434e-01,  7.740716e+00
  1.809194e-01,  3.590153e+02
  1.941487e-01,  8.743889e+00
  1.853558e-01,  3.068643e+00
  1.894886e-01,  6.112631e+00
  1.964347e-01,  3.268022e+00
  1.909005e-01,  1.521416e+01
  1.950778e-01,  1.068693e+00
  1.940903e-01,  1.008415e+01
  1.980868e-01,  8.195770e+00
  1.986913e-01,  1.063377e+01
  2.036346e-01,  4.316634e+00
  1.833572e-01,  9.045409e+00
  1.960875e-01,  8.471774e+00
  1.898668e-01,  4.595284e+00
  1.939670e-01,  7.780477e+00
  1.911313e-01,  1.510081e+00
  1.968921e-01,  3.518515e+00
  1.854128e-01,  1.246251e+01
  1.877908e-01,  1.302648e+00
  1.833613e-01,  1.727073e+00
  1.919086e-01,  1.026394e+01
  2.301035e-01,  4.013909e+01
  1.609009e+00,  2.312051e+02
  2.266559e+00,  1.870169e+02
  4.897179e+00,  9.281534e+01
  1.085204e+01,  6.952971e+01
  1.699801e+01,  6.309886e+01
  2.314382e+01,  6.029413e+01
  2.784342e+01,  5.898085e+01
  2.994804e+01,  5.886181e+01
  3.060509e+01,  6.143661e+01
  2.983997e+01,  6.713726e+01
  2.834543e+01,  7.522261e+01
  2.674217e+01,  8.304542e+01
  2.498075e+01,  8.843275e+01
  2.286135e+01,  9.126769e+01
  1.950617e+01,  9.137072e+01
  1.555165e+01,  8.833521e+01
  1.159314e+01,  8.196635e+01
  8.467297e+00,  7.088333e+01
  6.368624e+00,  4.955019e+01
  6.722450e+00,  1.423633e+01
  9.866900e+00,  3.520744e+02
  1.369561e+01,  3.410311e+02
  1.662547e+01,  3.305735e+02
  1.815047e+01,  3.195985e+02
  1.881808e+01,  3.097345e+02
  1.895774e+01,  3.018040e+02
  1.878925e+01,  2.968149e+02
  1.856530e+01,  2.946287e+02
  1.819089e+01,  2.911507e+02
  1.723101e+01,  2.823078e+02
  1.621743e+01,  2.706139e+02
  1.532103e+01,  2.625623e+02
  1.435585e+01,  2.598760e+02
  1.328062e+01,  2.621012e+02
  1.235388e+01,  2.704696e+02
  1.256068e+01,  2.830132e+02
  1.398306e+01,  2.922883e+02
  1.582876e+01,  2.969973e+02
  1.735354e+01,  2.987152e+02
  1.788198e+01,  2.998840e+02
  1.690210e+01,  3.037564e+02
  1.504191e+01,  3.119051e+02
  1.270351e+01,  3.229410e+02
  9.821700e+00,  3.345426e+02
  6.601581e+00,  3.492516e+02
  4.300597e+00,  1.752092e+01
  3.913373e+00,  5.062525e+01
  3.703833e+00,  6.176814e+01
  3.361525e+00,  6.363475e+01
  3.117669e+00,  7.383159e+01
  1.697876e+00,  9.337880e+01
  2.550522e+00,  2.494267e+02
  8.197682e+00,  2.639003e+02
  1.433622e+01,  2.652571e+02
  2.103135e+01,  2.644554e+02
  2.835136e+01,  2.632694e+02
  3.294892e+01,  2.605313e+02
  3.348765e+01,  2.570256e+02
  3.090643e+01,  2.540401e+02
  2.608128e+01,  2.528089e+02
  1.902844e+01,  2.537735e+02
  1.229457e+01,  2.624998e+02
  8.088493e+00,  2.858415e+02
  6.521824e+00,  3.318324e+02
  9.254307e+00,  1.044214e+01
  1.356716e+01,  2.573095e+01
  1.557158e+01,  2.760554e+01
  1.425100e+01,  2.815844e+01
  1.095450e+01,  2.844353e+01
  7.635285e+00,  2.992494e+01
  4.391816e+00,  2.946890e+01
  2.202692e+00,  4.125265e+01
  1.618348e+00,  5.352360e+01
  2.431199e+00,  4.412635e+01
  3.629200e+00,  2.690334e+01
  5.203682e+00,  2.227650e+01
  7.144601e+00,  2.263001e+01
  9.264268e+00,  2.423403e+01
  1.185910e+01,  2.727246e+01
  1.528397e+01,  3.473434e+01
  1.969180e+01,  4.643170e+01
  2.429529e+01,  5.849972e+01
  2.681808e+01,  6.778882e+01
  2.504349e+01,  7.219542e+01
  2.254362e+01,  7.016858e+01
  2.007733e+01,  6.345964e+01
  1.807568e+01,  6.094213e+01
  1.396934e+01,  5.714181e+01
  1.083341e+01,  4.882829e+01
  7.672163e+00,  2.967843e+01
  5.668353e+00,  1.131386e+00
  7.386268e+00,  3.212114e+02
  1.056310e+01,  3.179898e+02
  1.388143e+01,  3.167277e+02
  1.532524e+01,  3.195325e+02
  1.658245e+01,  3.167143e+02
  1.501595e+01,  3.129075e+02
  9.536169e+00,  2.820354e+02
  3.063956e+00,  1.894683e+02
  9.926828e+00,  2.385226e+02
  8.750774e+00,  2.184965e+02
  7.638163e+00,  2.043562e+02
  6.827910e+00,  1.564216e+02
  8.259828e+00,  1.235834e+02
  1.203040e+01,  9.855083e+01
  1.497827e+01,  8.489785e+01
  1.838735e+01,  7.732887e+01
  2.006553e+01,  7.136823e+01
  2.232996e+01,  7.126086e+01
  2.287068e+01,  7.664257e+01
  2.329217e+01,  8.366633e+01
  2.248857e+01,  8.655989e+01
  2.204677e+01,  8.666926e+01
  2.068604e+01,  8.572291e+01
  1.891823e+01,  8.300636e+01
  1.545239e+01,  7.540722e+01
  1.202101e+01,  6.831278e+01
  8.637414e+00,  6.702322e+01
  5.334189e+00,  7.068891e+01
  2.287222e+00,  7.820569e+01
  1.072782e+00,  1.576306e+02
  2.817207e+00,  2.117327e+02
  5.172265e+00,  2.352668e+02
  7.439923e+00,  2.503591e+02
  9.430312e+00,  2.595059e+02
  1.045311e+01,  2.630884e+02
  1.079770e+01,  2.617455e+02
  1.060873e+01,  2.563218e+02
  1.108745e+01,  2.509235e+02
  1.123092e+01,  2.480766e+02
  1.102769e+01,  2.479367e+02
  1.050481e+01,  2.510432e+02
  1.093317e+01,  2.598666e+02
  1.168870e+01,  2.701478e+02
  1.241857e+01,  2.793399e+02
  1.267820e+01,  2.864006e+02
  1.326214e+01,  2.908215e+02
  1.360986e+01,  2.924622e+02
  1.350236e+01,  2.909233e+02
  1.221043e+01,  2.874186e+02
  1.015485e+01,  2.852999e+02
  8.195928e+00,  2.895410e+02
  6.894033e+00,  2.988711e+02
  5.085907e+00,  3.021424e+02
  2.336437e+00,  2.832147e+02
  2.215883e+00,  1.783796e+02
  5.099111e+00,  1.575760e+02
  7.782163e+00,  1.553722e+02
  9.648276e+00,  1.553041e+02
  1.023225e+01,  1.611769e+02
  9.505849e+00,  1.808272e+02
  1.036712e+01,  2.153625e+02
  1.354850e+01,  2.400613e+02
  1.739099e+01,  2.545179e+02
  2.128267e+01,  2.639575e+02
  2.557909e+01,  2.702742e+02
  2.754453e+01,  2.724466e+02
  2.760887e+01,  2.719974e+02
  2.686159e+01,  2.696465e+02
  2.576865e+01,  2.661560e+02
  2.393255e+01,  2.625994e+02
  2.085811e+01,  2.595438e+02
  1.730404e+01,  2.567732e+02
  1.378611e+01,  2.532855e+02
  9.756885e+00,  2.460636e+02
  6.046314e+00,  2.368337e+02
  3.876780e+00,  2.214121e+02
  3.706518e+00,  2.050336e+02
  4.776244e+00,  1.956154e+02
  5.797691e+00,  1.912395e+02
  6.814523e+00,  1.870104e+02
  7.321732e+00,  1.820169e+02
  6.738620e+00,  1.704666e+02
  5.757906e+00,  1.431698e+02
  6.038799e+00,  1.126720e+02
  7.108220e+00,  9.123127e+01
  8.529156e+00,  7.671556e+01
  1.036316e+01,  6.787708e+01
  1.214371e+01,  6.184799e+01
  1.468756e+01,  5.984909e+01
  1.812829e+01,  6.216227e+01
  2.261390e+01,  6.964172e+01
  2.603530e+01,  7.833286e+01
  2.610483e+01,  8.760390e+01
  2.345805e+01,  9.420913e+01
  2.075216e+01,  9.801274e+01
  1.805948e+01,  1.015354e+02
  1.545505e+01,  1.081801e+02
  1.164335e+01,  1.122263e+02
  8.523404e+00,  1.150594e+02
  4.525211e+00,  1.185895e+02
  1.425930e+00,  1.372431e+02
  2.011806e+00,  2.963228e+02
  3.045424e+00,  3.048086e+02
  4.027180e+00,  3.036560e+02
  4.242627e+00,  2.837686e+02
  3.655888e+00,  2.442092e+02
  5.230946e+00,  1.415066e+02
  1.636656e+00,  3.288874e+02
  5.785178e-01,  1.284663e+02
  3.912056e-01,  3.440880e+02
  2.273437e-01,  7.578092e+01
  3.421362e-01,  3.366868e+02
  2.163291e-01,  8.160142e+01
  3.518264e-01,  3.397331e+02
  2.432911e-01,  8.033985e+01
  3.310357e-01,  3.382357e+02
  2.064275e-01,  6.917250e+01
  3.121363e-01,  3.433631e+02
  1.719947e-01,  6.241637e+01
  3.023126e-01,  3.453986e+02
  1.715612e-01,  5.803832e+01
  2.721909e-01,  3.466086e+02
  1.635436e-01,  3.968894e+01
  2.539877e-01,  3.550411e+02
  1.516425e-01,  2.475228e+01
  2.374893e-01,  3.560937e+02
  1.695611e-01,  2.326461e+01
  2.141102e-01,  3.588442e+02
  1.761074e-01,  6.148252e+00
  1.987007e-01,  1.222323e+01
  1.866331e-01,  3.570223e+02
  1.900132e-01,  1.287674e+01
  2.017569e-01,  3.588724e+02
  1.714665e-01,  1.937221e+01
  2.285442e-01,  3.508886e+02
  1.785200e-01,  2.881085e+01
  2.280569e-01,  3.505277e+02
  1.597260e-01,  2.505646e+01
  2.368902e-01,  3.541504e+02
  1.582786e-01,  2.651302e+01
  2.503222e-01,  3.512647e+02
  1.642566e-01,  3.060979e+01
  2.379608e-01,  3.511443e+02
  1.633047e-01,  2.553401e+01
  2.367056e-01,  3.544117e+02
  1.476553e-01,  2.519127e+01
  2.402560e-01,  3.535944e+02
  1.625199e-01,  2.635597e+01
  2.168635e-01,  3.547616e+02
  1.735297e-01,  1.240357e+01
  2.095321e-01,  3.772602e+00
  1.645680e-01,  7.053973e+00
  2.150701e-01,  4.933482e+00
  1.793966e-01,  4.089560e+00
  1.945493e-01,  1.100048e+01
  1.897128e-01,  3.552698e+02
  1.950717e-01,  1.618423e+01
  1.840615e-01,  3.508613e+02
  1.832200e-01,  1.641297e+01
  2.115157e-01,  3.570623e+02
  1.852627e-01,  2.402623e+01
  2.200025e-01,  3.451303e+02
  1.923482e-01,  3.091905e+01
  2.033334e-01,  3.465044e+02
  8.942957e-01,  9.028984e+01
  2.461695e+00,  1.747083e+01
  1.315589e+01,  3.280269e+02
  2.722327e+01,  3.118120e+02
  2.870391e+01,  2.965750e+02
  2.561917e+01,  2.840469e+02
  2.011681e+01,  2.765752e+02
  1.458555e+01,  2.751405e+02
  9.872831e+00,  2.822201e+02
  5.815326e+00,  2.986923e+02
  2.529319e+00,  3.400886e+02
  2.622275e+00,  6.766075e+01
  4.438590e+00,  1.010647e+02
  6.215652e+00,  1.193605e+02
  8.287901e+00,  1.313752e+02
  1.036308e+01,  1.366267e+02
  1.162362e+01,  1.345619e+02
  1.288545e+01,  1.261490e+02
  1.424415e+01,  1.134492e+02
  1.649812e+01,  1.003044e+02
  1.888351e+01,  8.958183e+01
  2.115467e+01,  8.516146e+01
  2.254403e+01,  8.599850e+01
  2.184214e+01,  9.272302e+01
  1.895425e+01,  1.038519e+02
  1.753257e+01,  1.212541e+02
  1.725700e+01,  1.357876e+02
  1.761411e+01,  1.429158e+02
  1.679742e+01,  1.431647e+02
  1.497230e+01,  1.375188e+02
  1.205229e+01,  1.247151e+02
  1.036033e+01,  1.020621e+02
  1.072412e+01,  7.865598e+01
  1.237402e+01,  6.278467e+01
  1.438139e+01,  5.243072e+01
  1.617935e+01,  4.750661e+01
  1.687327e+01,  4.769409e+01
  1.623165e+01,  5.053259e+01
  1.524308e+01,  5.767784e+01
  1.522612e+01,  6.321546e+01
  1.578456e+01,  6.489636e+01
  1.532587e+01,  5.848162e+01
  1.428662e+01,  4.939089e+01
  1.344242e+01,  3.514987e+01
  1.288222e+01,  2.250423e+01
  1.284096e+01,  5.912688e+00
  1.219535e+01,  3.497315e+02
  1.193492e+01,  3.306371e+02
  1.055314e+01,  3.133582e+02
  9.513901e+00,  2.957930e+02
  8.368859e+00,  2.723794e+02
  8.699776e+00,  2.479930e+02
  1.006930e+01,  2.241648e+02
  1.232973e+01,  2.112465e+02
  1.489051e+01,  2.044281e+02
  1.725020e+01,  2.027935e+02
  1.879412e+01,  2.031654e+02
  1.916510e+01,  2.049683e+02
  1.864509e+01,  2.101844e+02
  1.805298e+01,  2.168785e+02
  1.739340e+01,  2.278368e+02
  1.740150e+01,  2.359891e+02
  1.828069e+01,  2.427811e+02
  1.878535e+01,  2.419579e+02
  1.891140e+01,  2.408623e+02
  1.815750e+01,  2.328846e+02
  1.686351e+01,  2.261265e+02
  1.511459e+01,  2.123450e+02
  1.278583e+01,  2.003222e+02
  1.152304e+01,  1.777233e+02
  1.028086e+01,  1.543352e+02
  1.106980e+01,  1.303049e+02
  1.063572e+01,  1.069406e+02
  1.154592e+01,  8.516241e+01
  1.265289e+01,  6.125686e+01
  1.461488e+01,  4.388281e+01
  1.678138e+01,  2.870740e+01
  1.875980e+01,  1.837112e+01
  2.028130e+01,  1.110074e+01
  2.156698e+01,  6.087176e+00
  2.139353e+01,  6.082859e+00
  2.114915e+01,  6.889546e+00
  1.921734e+01,  1.526462e+01
  1.848636e+01,  2.206609e+01
  1.690631e+01,  3.708060e+01
  1.581482e+01,  4.013024e+01
  1.323521e+01,  5.319279e+01
  9.008843e+00,  4.287509e+01
  2.996628e+00,  4.764758e+01
  6.923760e+00,  2.814697e+02
  1.291029e+01,  2.637581e+02
  2.168284e+01,  2.766108e+02
  2.533543e+01,  2.800217e+02
  3.201115e+01,  2.918269e+02
  3.166709e+01,  2.971479e+02
  3.810047e+01,  3.044447e+02
  3.404026e+01,  3.039313e+02
  1.757569e+01,  3.109144e+02
  2.747482e+01,  1.328270e+02
  1.093765e+01,  3.283441e+02
  8.861180e+00,  9.650162e+01
  9.304361e+00,  1.978398e+01
  1.482934e+01,  3.451737e+02
  2.723728e+01,  3.159181e+02
  2.326101e+01,  2.943177e+02
  2.174072e+01,  2.807166e+02
  1.505931e+01,  2.615883e+02
  1.154860e+01,  2.602452e+02
  6.286641e+00,  2.272554e+02
  2.945565e+00,  2.272116e+02
  3.867404e+00,  1.408104e+02
  3.740445e+00,  1.211190e+02
  6.409399e+00,  1.253134e+02
  6.092847e+00,  1.263984e+02
  8.984313e+00,  1.313019e+02
  9.762357e+00,  1.302851e+02
  1.179415e+01,  1.235649e+02
  1.335016e+01,  1.114462e+02
  1.647016e+01,  1.002390e+02
  1.921855e+01,  8.969264e+01
  2.200808e+01,  8.220264e+01
  2.435235e+01,  8.101168e+01
  2.380187e+01,  8.252547e+01
  2.161827e+01,  9.241565e+01
  1.851661e+01,  1.076698e+02
  1.865096e+01,  1.297819e+02
  1.967584e+01,  1.450302e+02
  2.217286e+01,  1.506941e+02
  2.130166e+01,  1.502035e+02
  1.898077e+01,  1.428394e+02
  1.504764e+01,  1.307275e+02
  1.358105e+01,  1.119276e+02
  1.293906e+01,  8.707453e+01
  1.458989e+01,  7.137786e+01
  1.618127e+01,  6.070504e+01
  1.723893e+01,  6.121752e+01
  1.693372e+01,  6.202035e+01
  1.578810e+01,  6.393439e+01
  1.450112e+01,  5.820546e+01
  1.461898e+01,  4.769223e+01
  1.565628e+01,  3.844929e+01
  1.584014e+01,  3.253985e+01
  1.518716e+01,  2.661583e+01
  1.491968e+01,  1.867931e+01
  1.464543e+01,  1.301000e+01
  1.448747e+01,  5.187371e+00
  1.340217e+01,  3.561177e+02
  1.241161e+01,  3.431591e+02
  1.013379e+01,  3.299031e+02
  8.340851e+00,  3.132357e+02
  6.149283e+00,  2.856857e+02
  6.047506e+00,  2.511156e+02
  7.646614e+00,  2.166156e+02
  1.004323e+01,  2.045152e+02
  1.280980e+01,  1.990907e+02
  1.527374e+01,  1.998092e+02
  1.759245e+01,  1.998674e+02
  1.861362e+01,  2.034306e+02
  1.909035e+01,  2.082957e+02
  1.943807e+01,  2.154972e+02
  1.975548e+01,  2.222048e+02
  2.018781e+01,  2.281339e+02
  2.084591e+01,  2.320087e+02
  2.115492e+01,  2.321459e+02
  2.045597e+01,  2.301704e+02
  1.912847e+01,  2.250797e+02
  1.708627e+01,  2.196577e+02
  1.482706e+01,  2.106262e+02
  1.212914e+01,  1.997073e+02
  1.052379e+01,  1.795084e+02
  9.396221e+00,  1.568061e+02
  9.636771e+00,  1.348099e+02
  9.431530e+00,  1.121483e+02
  1.034561e+01,  9.095662e+01
  1.173978e+01,  6.954589e+01
  1.374842e+01,  5.435817e+01
  1.597310e+01,  4.067661e+01
  1.801791e+01,  3.178958e+01
  1.974380e+01,  2.432485e+01
  2.085288e+01,  1.990614e+01
  2.117595e+01,  1.799360e+01
  2.065610e+01,  1.896087e+01
  1.916840e+01,  2.331258e+01
  1.765371e+01,  2.972646e+01
  1.552770e+01,  3.850849e+01
  1.330543e+01,  4.499009e+01
  9.874501e+00,  5.428894e+01
  5.600319e+00,  5.932798e+01
  1.276693e+00,  1.544101e+02
  6.946065e+00,  2.372404e+02
  1.402902e+01,  2.447405e+02
  2.017260e+01,  2.579179e+02
  2.555553e+01,  2.679614e+02
  2.971554e+01,  2.813151e+02
  3.227001e+01,  2.914371e+02
  3.617887e+01,  3.016437e+02
  3.055620e+01,  3.084381e+02
  9.235034e+00,  3.252810e+02
  8.063827e+00,  1.375562e+02
  3.237365e+00,  3.328708e+02
  1.174522e+00,  1.443102e+02
  6.453561e-01,  3.545066e+02
  2.900954e-01,  1.203820e+02
  5.138366e-01,  3.513588e+02
  3.089470e-01,  1.199690e+02
  4.960407e-01,  3.537387e+02
  2.526414e-01,  1.148745e+02
  4.569311e-01,  3.525377e+02
  1.970140e-01,  1.045729e+02
  3.906982e-01,  3.543851e+02
  1.262204e-01,  7.834996e+01
  3.578431e-01,  3.587137e+02
  1.043824e-01,  5.028375e+01
  3.112384e-01,  3.586001e+02
  1.248728e-01,  2.847021e+01
  2.460630e-01,  3.517513e+00
  1.530027e-01,  3.599766e+02
  2.179271e-01,  1.287880e+01
  1.673944e-01,  3.577281e+02
  1.945087e-01,  1.168102e+01
  2.102517e-01,  3.594326e+02
  1.595296e-01,  2.088209e+01
  2.450294e-01,  3.551436e+02
  1.579975e-01,  2.833312e+01
  2.442954e-01,  3.547516e+02
  1.468702e-01,  2.385400e+01
  2.614245e-01,  1.643257e+00
  1.281042e-01,  2.786358e+01
  2.652599e-01,  3.551154e+02
  1.271788e-01,  2.048230e+01
  2.411211e-01,  4.135286e-01
  1.258716e-01,  7.278428e+00
  2.420214e-01,  4.082767e+00
  1.411291e-01,  1.415228e+01
  2.359281e-01,  3.480291e+00
  1.638309e-01,  7.264628e+00
  2.089627e-01,  5.105052e+00
  1.764030e-01,  2.822829e+00
  2.037335e-01,  8.729422e+00
  1.768850e-01,  3.098659e+00
  1.820543e-01,  7.231638e+00
  2.069056e-01,  3.761279e+00
  1.769161e-01,  1.428669e+01
  2.089092e-01,  3.582485e+02
  1.793933e-01,  1.663049e+01
  2.188173e-01,  3.366090e+00
  1.569349e-01,  1.002150e+01
  2.153294e-01,  3.576279e+02
  1.538133e-01,  1.730572e+01
  2.208722e-01,  3.585264e+02
  1.610706e-01,  1.226830e+01
  2.184199e-01,  2.924612e+00
  1.516743e-01,  5.518268e+00
  2.205455e-01,  1.429621e+00
  1.634421e-01,  1.020165e+01
  2.100938e-01,  1.979158e+00
  1.738100e-01,  6.063334e+00
  2.033714e-01,  8.267032e+00
  1.730723e-01,  3.593765e+02
  2.014346e-01,  7.931335e+00
  1.894530e-01,  1.188654e+01
  1.923347e-01,  7.023591e+00
  2.014552e-01,  2.062251e+00
  1.890512e-01,  1.626967e+01
  1.983445e-01,  1.223742e+00
  1.848958e-01,  8.947943e+00
  2.007508e-01,  2.441971e+00
  1.614779e-01,  5.701999e+00
  2.220156e-01,  2.527093e+00
  1.753598e-01,  1.542141e+01
  2.144834e-01,  1.959236e+00
  1.859750e-01,  1.234892e+01
  2.088745e-01,  6.579680e+00
  1.726719e-01,  6.998162e+00
  2.142397e-01,  2.407833e+00
  1.799836e-01,  1.544446e+01
  2.052279e-01,  2.839156e+00
  1.862775e-01,  5.083406e+00
  1.956758e-01,  9.229761e+00
  1.819557e-01,  4.060564e+00
  2.037128e-01,  6.608150e+00
  1.830752e-01,  5.588363e+00
  1.866238e-01,  7.813053e+00
  1.961000e-01,  2.429414e+00
  1.930275e-01,  1.369201e+01
  1.892091e-01,  1.762728e+00
  1.926770e-01,  1.053582e+01
  2.077516e-01,  6.245488e+00
  1.727156e-01,  9.343970e+00
  2.021827e-01,  3.571998e+02
  1.716461e-01,  1.194406e+01
  2.023077e-01,  4.902202e+00
  1.894187e-01,  6.274898e+00
  2.098032e-01,  1.036116e+01
  1.766100e-01,  8.231944e+00
  2.060723e-01,  4.225464e+00
  1.864099e-01,  7.584443e+00
  1.888712e-01,  5.000622e+00
  1.851285e-01,  5.831113e+00
  2.046149e-01,  8.717827e+00
  1.741081e-01,  5.662090e+00
  1.962074e-01,  4.954981e+00
  1.877158e-01,  5.731242e+00
  1.851922e-01,  8.731467e+00
  2.007275e-01,  3.778523e+00
  1.898056e-01,  9.985606e+00
  1.962675e-01,  6.552094e+00
  1.839198e-01,  5.044962e+00
  2.141403e-01,  6.477130e+00
  1.832573e-01,  9.409943e+00
  1.945525e-01,  3.562761e+02
  1.850359e-01,  1.273208e+01
  2.035207e-01,  9.199903e+00
  1.773460e-01,  1.332164e+00
  2.016216e-01,  6.718347e+00
  1.818786e-01,  1.151416e+01
  1.942785e-01,  5.223340e-01
  1.889068e-01,  9.327613e+00
  1.931907e-01,  7.168286e+00
  1.923633e-01,  1.679131e+00
  1.904595e-01,  8.359334e+00
  1.923933e-01,  6.341623e+00
  1.891823e-01,  7.132144e+00
  2.011669e-01,  8.437248e+00
  1.746645e-01,  8.534020e+00
  2.037797e-01,  3.959028e+00
  1.915723e-01,  9.957536e+00
  2.005257e-01,  8.272000e+00
  1.716744e-01,  4.295151e+00
  2.122621e-01,  4.213967e+00
  1.622711e-01,  7.833196e+00
  2.097285e-01,  8.492834e-01
  1.766676e-01,  8.494940e+00
  2.087644e-01,  4.789285e+00
  1.652075e-01,  1.024227e+01
  2.255393e-01,  2.410825e+00
  1.555158e-01,  1.347685e+01
  2.150535e-01,  2.746158e+00
  8.468445e-01,  1.165319e+02
  7.410996e-01,  3.089249e+02
  5.475244e+00,  2.986814e+02
  1.056724e+01,  2.989719e+02
  1.363513e+01,  2.991763e+02
  1.602987e+01,  2.985504e+02
  1.706889e+01,  2.961358e+02
  1.675858e+01,  2.935164e+02
  1.495952e+01,  2.915569e+02
  1.236945e+01,  2.924687e+02
  9.902801e+00,  2.952821e+02
  8.009446e+00,  3.024847e+02
  6.520592e+00,  3.145353e+02
  5.634141e+00,  3.279536e+02
  4.989394e+00,  3.321599e+02
  4.214255e+00,  3.239099e+02
  3.570733e+00,  3.033550e+02
  3.550450e+00,  2.770801e+02
  4.047144e+00,  2.579159e+02
  4.395363e+00,  2.485201e+02
  4.210607e+00,  2.455008e+02
  3.856554e+00,  2.462515e+02
  3.822083e+00,  2.499225e+02
  4.292838e+00,  2.547194e+02
  4.972943e+00,  2.561870e+02
  5.649173e+00,  2.525070e+02
  6.279666e+00,  2.474567e+02
  6.671128e+00,  2.419161e+02
  6.435244e+00,  2.347573e+02
  5.873116e+00,  2.241721e+02
  5.394124e+00,  2.110832e+02
  4.850271e+00,  1.945463e+02
  4.225415e+00,  1.659475e+02
  4.947955e+00,  1.317445e+02
  6.756291e+00,  1.152400e+02
  8.309170e+00,  1.102071e+02
  9.504232e+00,  1.076676e+02
  1.061885e+01,  1.059030e+02
  1.140217e+01,  1.055922e+02
  1.164823e+01,  1.074619e+02
  1.169043e+01,  1.104908e+02
  1.191948e+01,  1.131895e+02
  1.238949e+01,  1.143548e+02
  1.334842e+01,  1.130879e+02
  1.501959e+01,  1.106516e+02
  1.699008e+01,  1.083333e+02
  1.817272e+01,  1.067241e+02
  1.821358e+01,  1.054625e+02
  1.770864e+01,  1.038203e+02
  1.697421e+01,  1.017640e+02
  1.537554e+01,  1.010288e+02
  1.291472e+01,  1.033281e+02
  1.051405e+01,  1.087756e+02
  8.558141e+00,  1.146459e+02
  7.014002e+00,  1.238705e+02
  6.097574e+00,  1.409566e+02
  5.930072e+00,  1.606612e+02
  6.018960e+00,  1.773524e+02
  6.221975e+00,  1.913453e+02
  6.591630e+00,  2.032610e+02
  7.015399e+00,  2.133588e+02
  7.453292e+00,  2.224122e+02
  7.973831e+00,  2.292125e+02
  8.377423e+00,  2.350208e+02
  8.615021e+00,  2.395182e+02
  8.561444e+00,  2.418957e+02
  7.898652e+00,  2.410717e+02
  6.468633e+00,  2.388228e+02
  4.377627e+00,  2.354820e+02
  1.644647e+00,  2.197696e+02
  2.100358e+00,  7.763971e+01
  5.667418e+00,  6.932748e+01
  9.073588e+00,  6.749199e+01
  1.179234e+01,  6.695886e+01
  1.337416e+01,  6.457172e+01
  1.418340e+01,  6.050250e+01
  1.466569e+01,  5.717968e+01
  1.451851e+01,  5.473652e+01
  1.351332e+01,  5.073875e+01
  1.211575e+01,  4.328915e+01
  1.084290e+01,  3.238699e+01
  9.876934e+00,  2.082488e+01
  8.854146e+00,  1.062636e+01
  7.613877e+00,  1.324102e+00
  6.160313e+00,  3.530633e+02
  4.590446e+00,  3.484551e+02
  2.776882e+00,  3.575013e+02
  1.835249e+00,  5.691243e+01
  3.508628e+00,  1.037802e+02
  5.444735e+00,  1.114156e+02
  7.017415e+00,  1.081135e+02
  8.343221e+00,  1.033780e+02
  9.120194e+00,  9.905205e+01
  9.111756e+00,  9.287520e+01
  8.791701e+00,  8.485816e+01
  8.554532e+00,  7.743942e+01
  8.444165e+00,  7.207860e+01
  8.339082e+00,  6.877565e+01
  8.062128e+00,  6.785202e+01
  7.474518e+00,  6.918650e+01
  6.706522e+00,  7.324937e+01
  5.847192e+00,  8.244168e+01
  5.117965e+00,  9.850303e+01
  5.103807e+00,  1.209221e+02
  5.992017e+00,  1.397197e+02
  7.307949e+00,  1.482696e+02
  8.629729e+00,  1.500280e+02
  9.797734e+00,  1.478019e+02
  1.038404e+01,  1.423340e+02
  1.043669e+01,  1.342366e+02
  1.060927e+01,  1.262458e+02
  1.082411e+01,  1.204502e+02
  1.083521e+01,  1.148666e+02
  1.098274e+01,  1.091070e+02
  1.149268e+01,  1.044491e+02
  1.197410e+01,  1.008804e+02
  1.207381e+01,  9.772955e+01
  1.187589e+01,  9.486384e+01
  1.142896e+01,  9.130657e+01
  1.022820e+01,  8.680945e+01
  8.224956e+00,  8.078056e+01
  6.271755e+00,  7.192418e+01
  4.876231e+00,  5.741984e+01
  3.973672e+00,  3.341969e+01
  3.772114e+00,  1.392927e+00
  4.260245e+00,  3.365180e+02
  4.917152e+00,  3.228926e+02
  5.455014e+00,  3.169834e+02
  5.666960e+00,  3.142257e+02
  5.650316e+00,  3.122074e+02
  5.557120e+00,  3.099939e+02
  5.391715e+00,  3.076910e+02
  5.072072e+00,  3.056931e+02
  4.548144e+00,  3.054032e+02
  4.007132e+00,  3.035476e+02
  3.771647e+00,  2.935675e+02
  4.090738e+00,  2.800169e+02
  4.638278e+00,  2.730153e+02
  5.102209e+00,  2.726026e+02
  5.779743e+00,  2.738483e+02
  6.988350e+00,  2.730544e+02
  8.838790e+00,  2.740969e+02
  1.100502e+01,  2.786887e+02
  1.323042e+01,  2.839573e+02
  1.547504e+01,  2.878329e+02
  1.778437e+01,  2.905223e+02
  1.973373e+01,  2.929733e+02
  2.076456e+01,  2.955163e+02
  2.061665e+01,  2.969230e+02
  1.939763e+01,  2.963622e+02
  1.732139e+01,  2.934648e+02
  1.475157e+01,  2.888067e+02
  1.188546e+01,  2.830790e+02
  8.959842e+00,  2.753873e+02
  6.120439e+00,  2.672389e+02
  3.508915e+00,  2.550123e+02
  1.474429e+00,  2.235169e+02
  1.320811e+00,  1.267380e+02
  2.911482e+00,  9.897791e+01
  4.519443e+00,  9.115891e+01
  5.833713e+00,  8.412551e+01
  6.982642e+00,  7.591393e+01
  7.903555e+00,  6.877782e+01
  8.251372e+00,  6.286454e+01
  8.089822e+00,  5.740916e+01
  7.611332e+00,  5.302833e+01
  6.769282e+00,  5.082601e+01
  5.483590e+00,  5.097352e+01
  3.876519e+00,  5.181403e+01
  2.177628e+00,  5.694921e+01
  7.762497e-01,  1.002229e+02
  1.681119e+00,  1.914078e+02
  3.152453e+00,  2.126238e+02
  4.513540e+00,  2.241889e+02
  5.955510e+00,  2.337968e+02
  7.530122e+00,  2.411964e+02
  8.953251e+00,  2.448513e+02
  9.998432e+00,  2.457699e+02
  1.083278e+01,  2.451938e+02
  1.133230e+01,  2.441729e+02
  1.144914e+01,  2.413619e+02
  1.153745e+01,  2.395751e+02
  1.196817e+01,  2.392802e+02
  1.259893e+01,  2.396470e+02
  1.322435e+01,  2.386691e+02
  1.369595e+01,  2.387347e+02
  1.401956e+01,  2.386000e+02
  1.392165e+01,  2.389203e+02
  1.275797e+01,  2.378185e+02
  9.935051e+00,  2.355143e+02
  6.044115e+00,  2.300646e+02
  2.211574e+00,  2.187538e+02
  1.004668e+00,  6.005845e+01
  3.019944e+00,  4.204571e+01
  3.925856e+00,  3.738753e+01
  3.934775e+00,  2.997192e+01
  3.561056e+00,  2.551321e+01
  3.146446e+00,  2.943443e+01
  2.483515e+00,  1.189848e+02
  1.291720e+00,  1.465407e+02
  5.208267e-01,  3.450270e+02
  1.265259e-01,  4.537323e+01
  2.235831e-01,  1.616391e+01
  2.021284e-01,  3.537995e+02
  1.788939e-01,  1.750086e+01
  2.003283e-01,  1.282658e+00
  1.744789e-01,  8.767031e+00
  2.050730e-01,  3.594168e+02
  1.763580e-01,  1.193939e+01
  1.939025e-01,  3.585701e+02
  1.888168e-01,  8.789393e+00
  1.827745e-01,  5.076601e+00
  1.940901e-01,  5.940441e+00
  1.879452e-01,  1.396853e+00
  1.831042e-01,  7.882676e+00
  1.936501e-01,  3.821937e+00
  2.004696e-01,  4.886962e+00
  1.764947e-01,  8.424253e+00
  2.011361e-01,  4.477590e+00
  1.918614e-01,  8.135392e+00
  1.950372e-01,  7.618071e+00
  1.802338e-01,  3.875975e+00
  2.006457e-01,  4.438902e+00
  1.834209e-01,  1.170504e+01
  1.921027e-01,  3.597047e+02
  1.978827e-01,  1.019903e+01
  2.041629e-01,  1.045718e+01
  1.809190e-01,  1.100945e+00
  1.857634e-01,  7.396495e-01
  1.825196e-01,  1.198660e+01
  1.936928e-01,  2.870290e+00
  1.883259e-01,  5.697592e+00
  1.915621e-01,  8.089610e+00
  1.904891e-01,  4.171597e+00
  1.965107e-01,  3.401463e+00
  1.875323e-01,  9.831591e+00
  1.923835e-01,  1.800239e+00
  1.843051e-01,  2.002249e+00
  1.896970e-01,  1.137948e+01
  1.872473e-01,  3.070664e+00
  1.892995e-01,  2.912088e+00
  1.932462e-01,  8.384132e+00
  1.882289e-01,  7.576772e+00
  1.995450e-01,  2.016961e+00
  1.799396e-01,  9.756041e+00
  1.939708e-01,  6.609071e+00
  1.898729e-01,  1.718753e+00
  1.897614e-01,  6.419207e+00
  1.808277e-01,  6.372802e+00
  1.998922e-01,  3.754241e+00
  1.925533e-01,  1.119980e+01
  1.845588e-01,  2.648049e+00
  1.932866e-01,  3.634280e+00
  1.949756e-01,  7.973005e+00
  1.824371e-01,  4.435776e+00
  2.011875e-01,  6.019671e+00
  1.923375e-01,  7.735339e+00
  1.878939e-01,  9.651043e+00
  1.981282e-01,  3.251797e+00
  2.004115e-01,  9.524259e+00
  1.841975e-01,  7.924785e+00
  1.933625e-01,  2.735473e+00
  1.996386e-01,  9.838530e+00
  1.709025e-01,  2.865702e+00
  1.937847e-01,  4.889746e+00
  1.937764e-01,  7.309559e+00
  1.833816e-01,  5.343292e+00
  1.941352e-01,  4.806193e+00
  1.962744e-01,  4.767060e+00
  1.810056e-01,  6.353645e+00
  1.898492e-01,  3.615937e+00
  1.896621e-01,  7.520301e+00
  1.840173e-01,  6.132649e+00
  1.923669e-01,  4.867984e+00
  1.933840e-01,  5.259389e+00
  1.757089e-01,  7.526069e+00
  1.981870e-01,  3.747625e+00
  1.896890e-01,  5.428705e+00
  1.898823e-01,  1.006126e+01
  1.918536e-01,  3.813436e+00
  1.950278e-01,  8.096041e+00
  1.917810e-01,  1.070019e+01
  1.890625e-01,  9.189627e-01
  1.922819e-01,  7.640139e+00
  1.833565e-01,  8.192054e+00
  1.957779e-01,  3.594559e+02
  1.858811e-01,  8.097921e+00
  1.930450e-01,  7.685104e+00
  1.909928e-01,  6.845856e-01
  1.875364e-01,  6.897200e+00
  1.896888e-01,  8.600704e+00
  1.919025e-01,  5.500130e-02
  1.891448e-01,  5.270329e+00
  1.970898e-01,  8.515117e+00
  1.891155e-01,  2.753717e+00
  1.942272e-01,  4.323591e+00
  1.894573e-01,  9.332964e+00
  1.924459e-01,  2.795959e+00
  1.988029e-01,  6.527244e+00
  1.815007e-01,  1.081835e+01
  1.837102e-01,  3.593628e+02
  1.882622e-01,  5.182572e+00
  1.885245e-01,  1.034512e+01
  1.899472e-01,  3.802155e+00
  1.962330e-01,  6.169189e+00
  1.942192e-01,  1.137291e+01
  1.933134e-01,  2.325398e+00
  1.931777e-01,  7.907084e+00
  1.965843e-01,  1.194011e+01
  1.877351e-01,  1.300553e+00
  1.974295e-01,  6.103923e+00
  1.900187e-01,  5.701073e+00
  1.826070e-01,  3.428182e+00
  1.988780e-01,  5.832011e+00
  1.817204e-01,  7.006804e+00
  1.836593e-01,  3.455124e+00
  1.955841e-01,  2.674871e+00
  1.916231e-01,  1.143645e+01
  1.876784e-01,  4.614518e+00
  1.963411e-01,  2.893605e+00
  1.930214e-01,  8.221873e+00
  1.810328e-01,  9.050365e-01
  1.945233e-01,  4.826859e+00
  1.952267e-01,  8.337602e+00
  1.904090e-01,  4.405178e+00
  1.951659e-01,  4.958252e+00
  1.928793e-01,  1.000999e+01
  1.882515e-01,  5.022501e+00
  1.924118e-01,  2.135787e+00
  1.891401e-01,  8.841316e+00
  1.818668e-01,  3.420234e+00
  1.950358e-01,  7.469313e+00
  1.973971e-01,  8.412592e+00
  1.785492e-01,  4.238833e+00
  2.015368e-01,  6.393642e+00
  1.954350e-01,  4.952071e+00
  1.783971e-01,  6.016876e+00
  2.009857e-01,  3.793878e+00
  1.932045e-01,  7.172663e+00
  1.788647e-01,  4.336089e+00
  1.890660e-01,  1.458657e-01
  1.935047e-01,  8.850589e+00
  1.881154e-01,  8.803016e+00
  2.037796e-01,  6.605563e+00
  1.928970e-01,  6.358853e+00
  1.819732e-01,  6.987208e+00
  1.927592e-01,  3.238913e+00
  1.912460e-01,  4.999408e+00
  1.835065e-01,  9.709526e+00
  1.957069e-01,  2.686793e+00
  1.987885e-01,  9.091132e+00
  1.862504e-01,  6.649057e+00
  1.939377e-01,  2.310011e+00
  1.896671e-01,  9.492351e+00
  1.869624e-01,  6.487915e+00
  1.890795e-01,  1.386921e+00
  1.898321e-01,  7.827552e+00
  1.947699e-01,  7.825324e+00
  1.848290e-01,  3.595116e+02
  1.872224e-01,  5.384906e+00
  1.867877e-01,  8.317687e+00
  1.882909e-01,  5.349957e+00
  1.959253e-01,  4.856900e+00
  1.935671e-01,  1.135111e+01
  1.958111e-01,  3.996385e+00
  1.930340e-01,  5.313559e+00
  1.915592e-01,  9.813136e+00
  1.870087e-01,  1.298645e+00
  1.918691e-01,  5.294757e+00
  1.902004e-01,  9.685205e+00
  1.929928e-01,  5.547983e+00
  1.908151e-01,  3.554085e+00
  1.822672e-01,  9.073232e+00
  1.853401e-01,  4.181972e+00
  1.944270e-01,  6.646895e+00
  1.883554e-01,  7.548435e+00
  1.950203e-01,  5.112699e+00
  1.979147e-01,  7.269187e+00
  1.843075e-01,  8.064648e+00
  1.943561e-01,  5.804019e+00
  1.970405e-01,  4.808873e+00
  1.850432e-01,  8.188570e+00
  1.854261e-01,  3.052042e+00
  1.994254e-01,  5.167714e+00
  1.844886e-01,  1.139418e+01
  1.878673e-01,  1.569887e+00
  1.945438e-01,  4.649780e+00
  1.963954e-01,  1.178790e+01
  1.917829e-01,  2.527234e+00
  1.902321e-01,  2.167398e+00
  1.827447e-01,  7.713810e+00
  1.845243e-01,  1.549141e+00
  1.962391e-01,  2.727850e+00
  1.826191e-01,  9.361991e+00
  1.892190e-01,  2.799573e+00
  1.977517e-01,  5.563146e+00
  1.969143e-01,  9.342423e+00
  1.864270e-01,  5.055550e+00
  1.941865e-01,  2.747685e+00
  1.937471e-01,  7.710273e+00
  1.769831e-01,  5.145622e+00
  1.912752e-01,  1.978487e+00
  1.942979e-01,  1.000349e+01
  1.783933e-01,  5.295355e+00
  1.993296e-01,  2.590150e+00
  1.884709e-01,  9.665303e+00
  1.815255e-01,  3.032578e+00
  1.963109e-01,  3.152614e+00
  1.825108e-01,  7.355039e+00
  1.903667e-01,  7.067114e+00
  1.994204e-01,  2.719238e+00
  1.981929e-01,  8.254446e+00
  1.861185e-01,  8.839246e+00
  1.928013e-01,  5.450240e-01
  1.940431e-01,  8.169575e+00
  1.802151e-01,  6.008550e+00
  1.916380e-01,  3.877170e+00
  1.915724e-01,  8.673943e+00
  1.920395e-01,  9.832032e+00
  1.910097e-01,  3.580552e+02
  1.853423e-01,  7.735931e+00
  1.871075e-01,  6.820368e+00
  1.934292e-01,  2.866986e+00
  1.948016e-01,  9.211956e+00
  1.865840e-01,  8.438503e+00
  1.952824e-01,  3.923237e+00
  1.885597e-01,  6.204562e+00
  1.823507e-01,  8.032732e+00
  1.845941e-01,  1.581963e+00
  1.963778e-01,  9.515518e+00
  1.868495e-01,  7.670248e+00
  1.921455e-01,  1.983367e-01
  1.844895e-01,  4.537100e+00
  1.933737e-01,  1.042234e+01
  1.927510e-01,  2.392584e+00
  1.870029e-01,  5.488706e+00
  1.995740e-01,  1.032113e+01
  1.925072e-01,  6.010649e+00
  1.946501e-01,  2.836319e+00
  1.845458e-01,  9.650385e+00
  1.917654e-01,  3.598263e+02
  1.902031e-01,  4.930537e+00
  1.931796e-01,  9.210320e+00
  1.840696e-01,  7.156423e-01
  1.976125e-01,  5.461631e+00
  1.748300e-01,  8.038629e+00
  1.925127e-01,  1.658096e+00
  1.913927e-01,  6.218410e+00
  1.864832e-01,  7.988074e+00
  1.880734e-01,  2.915942e+00
  1.969347e-01,  7.876268e+00
  1.913797e-01,  6.666141e+00
  1.798343e-01,  2.456016e+00
  2.032400e-01,  7.471724e+00
  1.839016e-01,  1.065756e+01
  1.883537e-01,  3.580694e+02
  1.865549e-01,  6.553692e+00
  1.971751e-01,  8.420463e+00
  1.906305e-01,  5.277280e+00
  1.975153e-01,  2.820846e+00
  1.858602e-01,  1.211020e+01
  1.921800e-01,  9.914737e-01
  1.932322e-01,  7.689826e+00
  1.999284e-01,  9.431847e+00
  1.807748e-01,  3.569317e+00
  1.940629e-01,  2.137592e+00
  1.816661e-01,  7.823308e+00
  1.907962e-01,  5.060899e+00
  1.923901e-01,  4.391492e+00
  1.972254e-01,  1.187829e+01
  1.905201e-01,  3.779080e+00
  1.950888e-01,  5.230479e+00
  1.820261e-01,  2.255424e+00
  1.711374e-01,  3.105456e+00
  1.980408e-01,  1.011745e+00
  1.902858e-01,  1.288643e+01
  1.966169e-01,  2.050665e+00
  1.910437e-01,  6.894340e+00
  1.965333e-01,  2.398528e+00
  1.722064e-01,  1.027433e+01
  2.104863e-01,  3.585101e+02
  1.790956e-01,  1.929345e+01
  2.069456e-01,  3.596871e+02
  1.728654e-01,  7.667429e+00
  2.045096e-01,  1.144089e+00
  1.669525e-01,  1.667593e+01
  2.229401e-01,  3.541680e+02
  1.664110e-01,  1.588481e+01
  4.828067e-01,  3.445040e+02
  5.158271e+00,  2.222412e+01
  1.118711e+01,  1.716207e+01
  1.267865e+01,  1.548163e+01
  1.346277e+01,  1.364518e+01
  1.327955e+01,  1.357176e+01
  1.256432e+01,  1.179462e+01
  1.160943e+01,  7.623988e+00
  1.056116e+01,  4.277912e+00
  8.726443e+00,  6.197605e+00
  6.343830e+00,  1.559142e+01
  3.862232e+00,  3.737214e+01
  2.496348e+00,  8.719891e+01
  3.824129e+00,  1.397329e+02
  6.448893e+00,  1.562637e+02
  9.313695e+00,  1.620908e+02
  1.177087e+01,  1.658289e+02
  1.391321e+01,  1.683009e+02
  1.619615e+01,  1.687033e+02
  1.883557e+01,  1.656971e+02
  2.180454e+01,  1.605810e+02
  2.426314e+01,  1.539763e+02
  2.572690e+01,  1.455731e+02
  2.674708e+01,  1.373599e+02
  2.714122e+01,  1.305672e+02
  2.655467e+01,  1.249459e+02
  2.504675e+01,  1.204617e+02
  2.240362e+01,  1.169693e+02
  1.888828e+01,  1.144524e+02
  1.552958e+01,  1.136048e+02
  1.186118e+01,  1.135684e+02
  7.771411e+00,  1.122369e+02
  3.727730e+00,  1.114144e+02
  5.070863e-01,  2.749521e+02
  4.595514e+00,  2.891851e+02
  8.385410e+00,  2.892834e+02
  1.175989e+01,  2.876885e+02
  1.476752e+01,  2.858377e+02
  1.729432e+01,  2.833826e+02
  1.923567e+01,  2.791774e+02
  2.028791e+01,  2.733977e+02
  2.048048e+01,  2.674773e+02
  2.031897e+01,  2.614295e+02
  1.988873e+01,  2.555353e+02
  1.880609e+01,  2.504715e+02
  1.736847e+01,  2.480203e+02
  1.632087e+01,  2.484355e+02
  1.570899e+01,  2.506080e+02
  1.536927e+01,  2.541906e+02
  1.524163e+01,  2.589908e+02
  1.476486e+01,  2.632676e+02
  1.342844e+01,  2.669485e+02
  1.167793e+01,  2.722345e+02
  1.003089e+01,  2.781281e+02
  8.205903e+00,  2.838263e+02
  6.414860e+00,  2.919218e+02
  5.373702e+00,  3.021188e+02
  4.557786e+00,  3.029108e+02
  2.882711e+00,  2.848189e+02
  1.991675e+00,  2.062885e+02
  4.440426e+00,  1.639022e+02
  7.736929e+00,  1.530418e+02
  1.166602e+01,  1.481595e+02
  1.573963e+01,  1.448718e+02
  1.885183e+01,  1.417162e+02
  2.055617e+01,  1.373478e+02
  2.112548e+01,  1.317228e+02
  2.074819e+01,  1.250350e+02
  1.990808e+01,  1.172516e+02
  1.926627e+01,  1.091516e+02
  1.914735e+01,  1.020104e+02
  1.900282e+01,  9.714098e+01
  1.795678e+01,  9.554920e+01
  1.585179e+01,  9.735879e+01
  1.345959e+01,  1.034567e+02
  1.139477e+01,  1.130290e+02
  9.655703e+00,  1.252890e+02
  8.302941e+00,  1.438484e+02
  8.010316e+00,  1.686073e+02
  8.730171e+00,  1.899485e+02
  9.401317e+00,  2.038459e+02
  9.708799e+00,  2.129006e+02
  9.957411e+00,  2.195438e+02
  1.016751e+01,  2.230820e+02
  9.973067e+00,  2.227686e+02
  9.121616e+00,  2.193376e+02
  7.699303e+00,  2.118334e+02
  6.216091e+00,  1.970562e+02
  5.274060e+00,  1.719534e+02
  5.207038e+00,  1.409217e+02
  6.029015e+00,  1.139312e+02
  7.344322e+00,  9.495590e+01
  8.707880e+00,  8.245741e+01
  9.792347e+00,  7.295157e+01
  1.039668e+01,  6.531608e+01
  1.040927e+01,  5.880409e+01
  9.781912e+00,  5.281478e+01
  8.659698e+00,  4.661692e+01
  7.251648e+00,  3.824847e+01
  5.795665e+00,  2.749677e+01
  4.689404e+00,  1.413755e+01
  3.961892e+00,  1.390558e+00
  3.421709e+00,  3.506319e+02
  3.046890e+00,  3.450667e+02
  3.046848e+00,  3.570433e+02
  3.874768e+00,  2.042371e+01
  5.619826e+00,  3.657917e+01
  7.799584e+00,  4.313399e+01
  1.020057e+01,  4.522597e+01
  1.260186e+01,  4.457284e+01
  1.478130e+01,  4.125411e+01
  1.656161e+01,  3.729024e+01
  1.785297e+01,  3.281300e+01
  1.880461e+01,  2.812090e+01
  1.951698e+01,  2.387212e+01
  1.980192e+01,  2.022650e+01
  1.932836e+01,  1.773411e+01
  1.802987e+01,  1.679672e+01
  1.600481e+01,  1.788928e+01
  1.352885e+01,  2.116365e+01
  1.075008e+01,  2.851386e+01
  8.211576e+00,  4.178192e+01
  6.550245e+00,  6.422249e+01
  6.332638e+00,  9.273156e+01
  7.327493e+00,  1.163230e+02
  8.924127e+00,  1.315993e+02
  1.050595e+01,  1.415818e+02
  1.170272e+01,  1.486967e+02
  1.222935e+01,  1.549080e+02
  1.193725e+01,  1.603797e+02
  1.070799e+01,  1.667063e+02
  8.890383e+00,  1.744037e+02
  7.196988e+00,  1.824721e+02
  5.981832e+00,  1.877901e+02
  4.999274e+00,  1.910666e+02
  3.985259e+00,  1.938478e+02
  2.932177e+00,  1.914849e+02
  1.993194e+00,  1.759230e+02
  1.149584e+00,  1.461691e+02
  4.741946e-01,  4.250057e+01
  1.872394e+00,  3.580406e+02
  3.628689e+00,  3.012813e+00
  5.472519e+00,  7.561409e+00
  7.240149e+00,  8.020813e+00
  9.233730e+00,  8.927346e+00
  1.142170e+01,  1.227877e+01
  1.379755e+01,  1.661242e+01
  1.589898e+01,  2.096420e+01
  1.775434e+01,  2.427982e+01
  1.929209e+01,  2.520846e+01
  2.034195e+01,  2.383924e+01
  2.035279e+01,  1.971891e+01
  1.948472e+01,  1.394581e+01
  1.838590e+01,  8.584628e+00
  1.724663e+01,  4.924100e+00
  1.606509e+01,  2.540847e+00
  1.503707e+01,  2.425668e+00
  1.414835e+01,  4.842496e+00
  1.281281e+01,  8.504163e+00
  1.062935e+01,  1.229230e+01
  7.778875e+00,  1.679548e+01
  4.940911e+00,  2.635156e+01
  2.521123e+00,  5.598430e+01
  2.665061e+00,  1.253755e+02
  4.788010e+00,  1.517557e+02
  6.697563e+00,  1.571115e+02
  8.037217e+00,  1.597790e+02
  8.825707e+00,  1.625643e+02
  9.251004e+00,  1.653783e+02
  9.020098e+00,  1.663049e+02
  8.000379e+00,  1.677234e+02
  6.486155e+00,  1.719714e+02
  5.260004e+00,  1.810895e+02
  4.388734e+00,  1.908876e+02
  3.534866e+00,  2.003210e+02
  2.585825e+00,  2.116152e+02
  1.911755e+00,  2.295386e+02
  1.558459e+00,  2.434284e+02
  1.219853e+00,  2.363748e+02
  1.132614e+00,  2.037730e+02
  1.535294e+00,  1.777630e+02
  2.625319e+00,  1.721972e+02
  4.550712e+00,  1.716168e+02
  7.659931e+00,  1.719854e+02
  1.138798e+01,  1.717606e+02
  1.528886e+01,  1.728726e+02
  1.864932e+01,  1.745545e+02
  2.187559e+01,  1.778983e+02
  2.427550e+01,  1.805709e+02
  2.506494e+01,  1.833891e+02
  2.442481e+01,  1.853936e+02
  2.297570e+01,  1.881224e+02
  1.961180e+01,  1.883517e+02
  1.626677e+01,  1.888716e+02
  1.264955e+01,  1.878607e+02
  9.392689e+00,  1.864756e+02
  5.799224e+00,  1.789942e+02
  2.241737e+00,  1.548840e+02
  3.128035e+00,  3.795124e+01
  8.798102e-01,  2.580880e+02
  5.803528e-01,  6.914756e+01
  2.020325e-01,  3.258349e+02
  2.617532e-01,  2.240640e+01
  1.277368e-01,  3.327423e+02
  2.636373e-01,  2.202999e+01
  1.387113e-01,  3.245741e+02
  2.629587e-01,  2.522318e+01
  1.364014e-01,  3.331315e+02
  2.530553e-01,  2.025198e+01
  1.400327e-01,  3.430486e+02
  2.217679e-01,  1.812694e+01
  1.703202e-01,  3.531139e+02
  2.326592e-01,  1.740105e+01
  1.582938e-01,  3.540190e+02
  2.072177e-01,  8.949033e+00
  1.652154e-01,  7.535540e-01
  1.933631e-01,  9.514409e+00
  1.841573e-01,  3.575795e+02
  1.820841e-01,  7.519344e+00
  1.937370e-01,  6.291947e+00
  1.861908e-01,  3.584381e+02
  1.977581e-01,  1.046530e+01
  1.755670e-01,  3.417330e+00
  2.112688e-01,  6.391525e+00
  1.788057e-01,  7.092504e+00
  2.025820e-01,  9.583365e+00
  1.811616e-01,  1.825235e+00
  2.074327e-01,  1.083156e+01
  1.588751e-01,  3.570783e+02
  2.147114e-01,  8.845565e+00
  1.679543e-01,  3.589516e+02
  2.000634e-01,  1.222488e+01
  1.842042e-01,  3.586331e+02
  1.999517e-01,  1.126112e+01
  1.661429e-01,  3.572836e+02
  1.992946e-01,  9.066541e+00
  1.882828e-01,  6.321376e+00
  1.946784e-01,  1.023406e+01
  1.924531e-01,  4.067943e+00
  1.963428e-01,  8.826164e+00
  1.839062e-01,  7.954185e+00
  1.870975e-01,  3.597438e+02
  1.977597e-01,  9.791904e+00
  1.768421e-01,  3.290550e+00
  1.969630e-01,  4.081222e+00
  1.866315e-01,  5.841557e+00
  1.922554e-01,  7.991221e+00
  1.703601e-01,  3.570589e+02
  1.998318e-01,  1.098450e+01
  1.738330e-01,  5.551768e+00
  1.934542e-01,  2.842334e+00
  1.873883e-01,  6.519925e+00
  1.964012e-01,  1.150699e+01
  1.845060e-01,  4.118279e+00
  2.109141e-01,  9.364515e+00
  1.732634e-01,  3.465907e+00
  1.936447e-01,  3.496742e+00
  1.940213e-01,  7.283885e+00
  1.853141e-01,  7.813945e+00
  1.864898e-01,  9.147865e-01
  2.027285e-01,  8.997593e+00
  1.861488e-01,  6.255598e+00
  1.883384e-01,  5.760215e+00
  1.962979e-01,  6.304066e+00
  1.802326e-01,  7.793855e+00
  1.970331e-01,  3.234747e+00
  1.905553e-01,  6.565263e+00
  1.963333e-01,  1.099365e+01
  1.841690e-01,  3.597617e+02
  1.970411e-01,  4.498205e+00
  1.850551e-01,  8.196644e+00
  2.028721e-01,  7.661342e+00
  1.903394e-01,  2.152253e+00
  1.967677e-01,  1.218484e+01
  1.836770e-01,  1.158953e+00
  1.984241e-01,  5.154163e+00
  1.883588e-01,  7.984698e+00
  1.920700e-01,  4.371639e+00
  1.872993e-01,  2.518955e+00
  1.940895e-01,  1.102066e+01
  1.829085e-01,  2.653428e+00
  2.006582e-01,  2.743146e+00
  1.837025e-01,  8.231378e+00
  1.844114e-01,  5.040553e+00
  2.013485e-01,  2.767736e+00
  1.735210e-01,  5.119719e+00
  1.902605e-01,  6.498366e+00
  2.003510e-01,  5.910404e+00
  1.935279e-01,  1.049155e+01
  1.797035e-01,  4.967987e+00
  2.006284e-01,  5.021142e+00
  1.830365e-01,  6.406656e+00
  1.936027e-01,  5.991428e+00
  1.852036e-01,  3.593904e+02
  1.874567e-01,  7.216499e+00
  1.693457e-01,  3.092219e+00
  1.992734e-01,  5.256960e+00
  1.888138e-01,  7.970365e+00
  1.830343e-01,  4.282329e+00
  1.996669e-01,  2.875521e+00
  1.892141e-01,  6.209558e+00
  1.819187e-01,  2.668345e+00
  1.936787e-01,  3.208949e+00
  1.957103e-01,  9.252493e+00
  1.820715e-01,  5.898224e+00
  1.995964e-01,  5.131844e+00
  1.911452e-01,  8.469550e+00
  1.870059e-01,  5.453129e+00
  1.907199e-01,  5.736125e+00
  1.998446e-01,  8.894742e+00
  1.877864e-01,  7.630042e+00
  1.996011e-01,  2.292263e+00
  1.837290e-01,  7.615463e+00
  1.873807e-01,  7.904597e+00
  1.946339e-01,  3.590939e+02
  1.892801e-01,  8.695893e+00
  1.847567e-01,  6.029498e+00
  1.927970e-01,  2.933807e+00
  1.954169e-01,  5.670238e+00
  1.863109e-01,  7.695239e+00
  1.929340e-01,  4.574876e+00
  2.038980e-01,  1.068899e+01
  1.936230e-01,  9.579101e+00
  1.903173e-01,  1.492765e+00
  1.928342e-01,  7.858776e+00
  1.890822e-01,  1.090845e+01
  1.904475e-01,  1.310173e+00
  1.939941e-01,  9.171959e+00
  1.889014e-01,  8.674132e+00
  1.902263e-01,  6.049724e-01
  2.018258e-01,  6.259206e+00
  1.798305e-01,  6.755328e+00
  1.910554e-01,  3.780855e+00
  1.959627e-01,  5.675734e+00
  1.926488e-01,  1.361240e+01
  1.970646e-01,  2.717156e+00
  2.005804e-01,  7.210392e+00
  1.806602e-01,  7.270768e+00
  1.792319e-01,  1.965223e-01
  1.942864e-01,  5.235554e+00
  1.919999e-01,  7.648254e+00
  1.924427e-01,  3.709103e+00
  1.944694e-01,  4.713702e+00
  1.866102e-01,  6.268078e+00
  1.829818e-01,  1.213197e+00
  1.939718e-01,  5.206987e+00
  1.889808e-01,  7.535969e+00
  1.870702e-01,  3.074223e+00
  1.903198e-01,  4.473156e+00
  1.852145e-01,  1.103761e+01
  1.926691e-01,  4.975101e+00
  1.984295e-01,  5.494110e+00
  1.868625e-01,  9.537312e+00
  1.889388e-01,  3.704212e+00
  1.917846e-01,  1.971070e+00
  1.869137e-01,  8.549059e+00
  1.801335e-01,  2.263647e+00
  1.984252e-01,  5.660402e+00
  1.937926e-01,  9.257681e+00
  1.821456e-01,  3.596887e+02
  1.992872e-01,  5.444309e+00
  1.951109e-01,  1.036212e+01
  1.920208e-01,  5.307732e+00
  1.925195e-01,  1.701124e+00
  1.840573e-01,  7.766186e+00
  1.766709e-01,  3.177412e+00
  1.931058e-01,  2.750326e+00
  1.969250e-01,  9.320007e+00
  1.827706e-01,  3.303130e+00
  1.978524e-01,  4.231346e+00
  1.980239e-01,  9.938687e+00
  1.913300e-01,  5.044023e+00
  1.965470e-01,  2.411238e+00
  1.905991e-01,  7.838049e+00
  1.862302e-01,  6.430690e+00
  1.940664e-01,  3.449090e+00
  1.893602e-01,  9.371074e+00
  1.866495e-01,  4.832429e+00
  1.965744e-01,  3.494182e+00
  1.974681e-01,  9.191279e+00
  1.879065e-01,  4.566942e+00
  1.878432e-01,  2.761044e+00
  1.948331e-01,  6.318938e+00
  1.857417e-01,  5.747092e+00
  1.959424e-01,  3.537087e+00
  1.952687e-01,  9.082851e+00
  1.904320e-01,  6.274657e+00
  1.962804e-01,  3.896534e+00
  1.954108e-01,  7.528756e+00
  1.797177e-01,  5.209271e+00
  1.850030e-01,  2.443683e+00
  2.012216e-01,  1.073049e+01
  1.873826e-01,  6.441132e+00
  1.947956e-01,  3.581706e+02
  1.860702e-01,  5.838701e+00
  1.797970e-01,  4.516901e+00
  1.893279e-01,  1.496498e+00
  1.885682e-01,  5.322394e+00
  1.821658e-01,  6.811702e+00
  1.930881e-01,  4.852152e-01
  1.913121e-01,  7.830675e+00
  1.890947e-01,  9.868954e+00
  1.922959e-01,  5.579187e-01
  1.892356e-01,  5.406957e+00
  1.949426e-01,  1.054530e+01
  1.940092e-01,  2.370289e+00
  1.969580e-01,  7.103870e+00
  1.909486e-01,  1.166009e+01
  1.974069e-01,  3.935309e+00
  1.940366e-01,  4.080688e+00
  1.834577e-01,  5.514171e+00
  1.935557e-01,  4.979890e+00
  1.931496e-01,  4.441847e+00
  1.903039e-01,  9.367972e+00
  1.950527e-01,  3.305089e+00
  1.984214e-01,  7.125931e+00
  1.921357e-01,  9.882397e+00
  1.858249e-01,  2.187927e+00
  2.003258e-01,  7.261369e+00
  1.900222e-01,  5.637849e+00
  1.810225e-01,  1.761391e+00
  1.887890e-01,  1.503397e+00
  1.848553e-01,  8.694059e+00
  1.857756e-01,  2.339986e+00
  1.947974e-01,  4.465654e+00
  1.920491e-01,  1.086695e+01
  1.808266e-01,  3.596411e+02
  1.956888e-01,  6.254731e+00
  1.898172e-01,  9.591746e+00
  1.895595e-01,  5.386364e+00
  2.004849e-01,  2.590806e+00
  1.905866e-01,  1.164461e+01
  1.870929e-01,  2.218331e+00
  1.990732e-01,  6.069152e+00
  1.947434e-01,  1.212028e+01
  1.902204e-01,  1.027267e+00
  1.986189e-01,  7.582627e+00
  1.951278e-01,  7.598038e+00
  1.899343e-01,  8.567695e+00
  1.986230e-01,  3.783626e+00
  1.917149e-01,  9.470431e+00
  1.830944e-01,  4.053769e+00
  1.951283e-01,  3.221634e+00
  1.939305e-01,  1.107909e+01
  1.903058e-01,  3.950892e+00
  1.928694e-01,  3.103583e+00
  1.942036e-01,  9.191471e+00
  1.869936e-01,  5.424800e+00
  1.953487e-01,  4.034808e+00
  1.901153e-01,  1.065764e+01
  1.937663e-01,  4.768402e+00
  1.934649e-01,  1.376669e+00
  1.889841e-01,  9.577673e+00
  1.905232e-01,  6.240503e+00
  1.897512e-01,  4.190591e-02
  1.942462e-01,  1.106386e+01
  1.845246e-01,  3.762259e+00
  1.904995e-01,  1.434098e+00
  1.913878e-01,  1.061481e+01
  1.814456e-01,  4.838706e+00
  1.904988e-01,  2.526464e+00
  1.947944e-01,  8.521025e+00
  1.872207e-01,  6.754722e+00
  1.961025e-01,  3.136114e+00
  1.935994e-01,  7.250116e+00
  1.809027e-01,  5.629934e+00
  1.901292e-01,  6.357775e-01
  1.913221e-01,  7.891910e+00
  1.842358e-01,  6.164801e+00
  1.934347e-01,  2.727927e+00
  1.904284e-01,  7.070107e+00
  1.893646e-01,  5.485950e+00
  1.884521e-01,  3.459602e+00
  1.974192e-01,  5.625037e+00
  1.850546e-01,  8.077796e+00
  1.930278e-01,  4.695104e-01
  1.955041e-01,  7.543096e+00
  1.821181e-01,  9.540485e+00
  1.949920e-01,  4.197807e+00
  1.901506e-01,  8.093861e+00
  1.880813e-01,  6.802602e+00
  1.895042e-01,  3.485431e+00
  1.964183e-01,  5.561959e+00
  1.836763e-01,  7.915255e+00
  1.912203e-01,  1.247826e+00
  1.937552e-01,  5.206156e+00
  1.799733e-01,  7.619471e+00
  1.881947e-01,  3.392424e+00
  1.964347e-01,  5.575422e+00
  1.807092e-01,  5.970422e+00
  1.951107e-01,  5.174172e+00
  1.970955e-01,  4.377945e+00
  1.764128e-01,  4.896389e+00
  1.811099e-01,  3.594508e+02
  1.933597e-01,  5.376287e+00
  1.961559e-01,  9.422590e+00
  1.840770e-01,  1.744976e+00
  1.960821e-01,  6.173019e+00
  1.951752e-01,  8.538994e+00
  1.913036e-01,  3.300095e+00
  1.932172e-01,  6.253888e+00
  1.933262e-01,  9.505900e+00
  1.846397e-01,  1.515230e+00
  1.945329e-01,  7.786316e+00
  1.859636e-01,  7.292524e+00
  1.829356e-01,  7.894161e-01
  1.965273e-01,  5.904312e+00
  1.925569e-01,  8.337496e+00
  1.901186e-01,  4.700255e+00
  1.968167e-01,  3.634284e+00
  1.961438e-01,  1.099093e+01
  1.790036e-01,  1.372388e+00
  1.950673e-01,  4.074348e+00
  1.955501e-01,  1.216038e+01
  1.782087e-01,  9.416867e-01
  1.957652e-01,  4.460244e+00
  1.877829e-01,  7.619053e+00
  1.810598e-01,  3.188750e+00
  1.976981e-01,  5.469310e+00
  1.900667e-01,  8.046051e+00
  1.859287e-01,  3.651184e+00
  1.925234e-01,  7.468608e-01
  1.944085e-01,  8.665502e+00
  1.840154e-01,  5.778030e+00
  1.947754e-01,  2.224904e+00
  1.952986e-01,  1.175740e+01
  1.896799e-01,  4.978085e+00
  1.944859e-01,  1.269631e+00
  1.927035e-01,  1.184074e+01
  1.833143e-01,  3.821536e+00
  1.904382e-01,  2.126324e+00
  1.913425e-01,  6.755350e+00
  1.745266e-01,  4.021189e+00
  1.955624e-01,  4.361648e+00
  1.949078e-01,  6.686394e+00
  1.899170e-01,  6.415769e+00
  1.994271e-01,  3.563402e+00
  1.944028e-01,  8.927025e+00
  1.932183e-01,  8.747656e+00
  2.012305e-01,  4.355202e+00
  1.944670e-01,  7.181594e+00
  1.876372e-01,  8.453914e+00
  1.960390e-01,  3.986220e+00
  1.948828e-01,  7.601080e+00
  1.843009e-01,  6.507094e+00
  1.937499e-01,  4.886875e-01
  1.939643e-01,  8.940797e+00
  1.932580e-01,  8.533404e+00
  1.934581e-01,  7.502229e-01
  1.871044e-01,  9.166861e+00
  1.880706e-01,  8.001057e+00
  1.891492e-01,  1.694107e+00
  1.959933e-01,  9.364251e+00
  1.825371e-01,  5.958471e+00
  1.892360e-01,  6.377286e-01
  1.972493e-01,  4.703088e+00
  1.825483e-01,  7.963413e+00
  1.935588e-01,  2.999413e+00
  1.958455e-01,  6.710599e+00
  1.841499e-01,  1.098031e+01
  2.006040e-01,  2.877692e+00
  1.907386e-01,  6.521684e+00
  1.829724e-01,  9.488826e+00
  1.924302e-01,  1.743164e+00
  1.853638e-01,  4.101056e+00
  1.874373e-01,  1.132134e+01
  1.941544e-01,  4.097743e-01
  1.933889e-01,  4.690903e+00
  1.858813e-01,  9.124039e+00
  1.873406e-01,  3.593587e+02
  1.927214e-01,  5.205600e+00
  1.861797e-01,  8.648571e+00
  1.848608e-01,  3.078871e+00
  1.991547e-01,  5.655440e+00
  1.896271e-01,  1.121825e+01
  1.860365e-01,  2.677029e+00
  2.002485e-01,  7.562788e+00
  1.843994e-01,  9.707459e+00
  1.879886e-01,  3.443479e+00
  1.991274e-01,  4.574274e+00
  1.851427e-01,  7.023585e+00
  1.923894e-01,  6.192718e+00
  1.968954e-01,  4.044114e+00
  1.938651e-01,  1.093392e+01
  1.815305e-01,  3.681127e+00
  1.949221e-01,  3.227344e+00
  1.928149e-01,  1.072680e+01
  1.808920e-01,  1.816146e+00
  1.861262e-01,  1.801333e+00
  1.887237e-01,  1.093672e+01
  1.863970e-01,  4.353289e+00
  1.970267e-01,  5.481191e+00
  1.933140e-01,  9.900493e+00
  1.730743e-01,  2.634960e+00
  2.008086e-01,  4.750217e+00
  1.820560e-01,  6.985055e+00
  1.794046e-01,  4.373962e+00
  1.995163e-01,  4.443080e+00
  1.934211e-01,  1.062847e+01
  1.824370e-01,  3.188123e+00
  1.967977e-01,  2.545475e+00
  1.928285e-01,  8.643242e+00
  1.832545e-01,  6.946137e+00
  2.009679e-01,  5.864113e+00
  1.891974e-01,  6.994995e+00
  1.870884e-01,  8.734662e+00
  1.968132e-01,  2.091305e+00
  1.936501e-01,  8.341698e+00
  1.866067e-01,  7.740787e+00
  2.003737e-01,  4.757248e+00
  1.910719e-01,  5.713643e+00
  1.756653e-01,  1.933782e+00
  1.886234e-01,  1.683517e+00
  1.988972e-01,  1.034391e+01
  1.864368e-01,  6.250600e+00
  1.985594e-01,  2.450699e+00
  2.021870e-01,  1.082321e+01
  1.768971e-01,  1.972677e+00
  1.884952e-01,  5.197854e+00
  2.026163e-01,  8.977805e+00
  1.840637e-01,  7.511468e+00
  1.901645e-01,  2.308644e+00
  1.934849e-01,  5.878005e+00
  1.911151e-01,  8.953337e+00
  1.985037e-01,  4.919688e+00
  1.903076e-01,  6.821395e+00
  1.895716e-01,  5.888477e+00
  1.860652e-01,  3.975562e+00
  1.911026e-01,  7.461658e+00
  1.934865e-01,  9.172041e+00
  1.938035e-01,  2.564885e+00
  1.942379e-01,  5.326109e+00
  1.869028e-01,  6.942114e+00
  1.847409e-01,  3.157326e+00
  1.944959e-01,  3.654372e+00
  1.845068e-01,  7.304999e+00
  1.846598e-01,  8.677997e-01
  1.924699e-01,  4.398263e+00
  1.837998e-01,  9.728359e+00
  1.884752e-01,  1.354991e+00
  1.913804e-01,  5.064449e+00
  1.905511e-01,  8.205271e+00
  1.869047e-01,  1.541273e+00
  1.930811e-01,  1.810908e+00
  1.926616e-01,  1.189124e+01
  1.893421e-01,  4.059636e+00
  1.957733e-01,  4.815869e+00
  1.898598e-01,  1.248770e+01
  1.995460e-01,  5.421457e+00
  1.966132e-01,  7.163990e+00
  1.845124e-01,  5.660459e+00
  1.870722e-01,  3.151643e+00
  1.929863e-01,  4.949856e+00
  1.928869e-01,  9.996519e+00
  1.870458e-01,  2.641890e+00
  1.967405e-01,  1.999921e+00
  1.847766e-01,  1.017393e+01
  1.914901e-01,  3.858016e+00
  2.007131e-01,  6.885051e+00
  1.945635e-01,  1.112883e+01
  1.905362e-01,  6.565616e+00
  2.006028e-01,  6.101069e+00
  1.848013e-01,  4.354884e+00
  1.758903e-01,  2.833037e+00
  1.983005e-01,  6.493467e+00
  1.976054e-01,  1.129971e+01
  1.936212e-01,  8.241725e+00
  1.992066e-01,  4.195793e+00
  1.938680e-01,  1.153018e+01
  1.827917e-01,  1.275891e+00
  2.001025e-01,  4.759666e+00
  1.985183e-01,  1.179411e+01
  1.852326e-01,  1.370393e+00
  1.861467e-01,  2.074445e+00
  1.954134e-01,  9.639244e+00
  1.857204e-01,  5.686539e+00
  1.928360e-01,  1.034286e+00
  1.949304e-01,  9.329429e+00
  1.893521e-01,  7.643859e+00
  1.975448e-01,  3.947363e+00
  1.980141e-01,  8.511226e+00
  1.863089e-01,  7.823369e+00
  1.912919e-01,  1.573241e+00
  1.897280e-01,  6.934816e+00
  1.810259e-01,  6.182774e+00
  2.004430e-01,  3.022089e+00
  1.880648e-01,  9.423487e+00
  1.892921e-01,  7.266774e+00
  1.931698e-01,  1.557612e+00
  1.968982e-01,  9.597789e+00
  1.881053e-01,  7.386223e+00
  1.947695e-01,  1.174472e+00
  1.923082e-01,  8.934352e+00
  1.825113e-01,  6.779289e+00
  1.970078e-01,  5.324802e+00
  1.954224e-01,  9.074296e+00
  1.757011e-01,  3.641509e+00
  1.845104e-01,  3.583880e+00
  1.958069e-01,  7.757076e+00
  1.782242e-01,  6.374114e+00
  1.913250e-01,  1.510432e+00
  1.908631e-01,  6.381258e+00
  1.886445e-01,  8.813716e+00
  1.955655e-01,  3.292268e+00
  1.959089e-01,  5.760090e+00
  1.782433e-01,  3.814758e+00
  1.997907e-01,  6.948539e+00
  2.022741e-01,  6.257227e+00
  1.838863e-01,  1.111096e+01
  1.896313e-01,  3.890155e+00
  1.957436e-01,  4.337908e+00
  1.878395e-01,  7.557665e+00
  1.831163e-01,  8.837997e-01
  1.934544e-01,  6.602447e+00
  1.795557e-01,  5.241544e+00
  1.895996e-01,  2.493751e+00
  2.007301e-01,  7.258628e+00
  1.879067e-01,  9.225052e+00
  1.918157e-01,  3.060888e+00
  1.999063e-01,  9.133004e+00
  1.847258e-01,  4.978747e+00
  1.884670e-01,  5.844882e+00
  1.926510e-01,  3.801901e+00
  1.820648e-01,  7.231488e+00
  1.809684e-01,  2.019787e+00
  1.970646e-01,  4.022959e+00
  1.858798e-01,  9.986245e+00
  1.828193e-01,  3.562622e+02
  1.918447e-01,  5.267903e+00
  1.845615e-01,  8.470395e+00
  1.932015e-01,  2.100018e+00
  1.871054e-01,  1.425897e+00
  1.884297e-01,  8.830180e+00
  1.986810e-01,  5.628538e+00
  1.987429e-01,  7.479248e+00
  1.923171e-01,  8.124966e+00
  1.941461e-01,  7.475747e+00
  2.012783e-01,  3.907733e+00
  1.757963e-01,  5.397190e+00
  1.838047e-01,  3.701118e+00
  2.026720e-01,  4.981481e+00
  1.883056e-01,  1.165862e+01
  1.834052e-01,  7.353587e-02
  1.902312e-01,  6.205210e+00
  1.929833e-01,  7.936876e+00
  1.707215e-01,  1.565067e+00
  1.946053e-01,  4.018838e+00
  1.929454e-01,  9.580454e+00
  1.833644e-01,  7.316673e+00
  2.030578e-01,  5.476684e+00
  1.880958e-01,  8.133927e+00
  1.884092e-01,  7.586480e+00
  1.978331e-01,  4.776534e+00
  1.990751e-01,  7.601560e+00
  1.880956e-01,  7.731836e+00
  1.990430e-01,  1.809861e+00
  1.906471e-01,  8.121200e+00
  1.716855e-01,  2.694300e+00
  1.841877e-01,  3.599381e+02
  1.948692e-01,  8.663636e+00
  1.819565e-01,  3.503849e+00
  1.876802e-01,  2.315469e+00
  1.942686e-01,  7.172270e+00
  1.875621e-01,  8.500621e+00
  1.912587e-01,  9.275517e-01
  1.889050e-01,  6.979327e+00
  1.839851e-01,  9.366603e+00
  1.907086e-01,  3.584070e+02
  1.945294e-01,  7.783397e+00
  1.767954e-01,  5.211352e+00
  1.951968e-01,  3.472726e+00
  1.925377e-01,  8.836405e+00
  1.916449e-01,  8.996392e+00
  1.937512e-01,  3.594799e+02
  1.849115e-01,  5.989700e+00
  1.925053e-01,  1.059128e+01
  1.928135e-01,  4.293583e-01
  1.975662e-01,  7.285068e+00
  1.796033e-01,  6.027840e+00
  1.936820e-01,  1.370158e+00
  1.919414e-01,  5.691498e+00
  1.812752e-01,  9.577649e+00
  2.013035e-01,  4.334091e+00
  1.978694e-01,  6.861794e+00
  1.792920e-01,  6.203277e+00
  1.951676e-01,  6.696067e+00
  2.000221e-01,  7.127330e+00
  1.891148e-01,  7.874715e+00
  1.917931e-01,  4.699745e+00
  2.003792e-01,  6.762535e+00
  1.897163e-01,  9.004946e+00
  1.862978e-01,  4.343258e-02
  1.966652e-01,  8.247550e+00
  1.830550e-01,  7.453721e+00
  1.908855e-01,  5.259649e-01
  1.881981e-01,  6.498840e+00
  1.900367e-01,  9.181171e+00
  1.889174e-01,  2.067445e+00
  1.991401e-01,  8.442099e+00
  1.883974e-01,  8.282311e+00
  1.832639e-01,  3.631181e+00
  2.038942e-01,  6.748783e+00
  1.850072e-01,  7.928122e+00
  1.831536e-01,  2.690535e+00
  2.009195e-01,  7.993310e+00
  1.940512e-01,  1.040728e+01
  1.891565e-01,  7.588467e-01
  1.964371e-01,  4.603017e+00
  1.898700e-01,  9.153095e+00
  1.865299e-01,  2.925842e+00
  1.932055e-01,  1.283855e+00
  1.971118e-01,  1.379184e+01
  1.855279e-01,  3.268783e+00
  1.963961e-01,  5.416171e+00
  1.980843e-01,  1.239311e+01
  1.906016e-01,  1.916466e+00
  1.924234e-01,  3.851463e+00
  1.965467e-01,  1.105595e+01
  1.871954e-01,  3.243955e+00
  1.938985e-01,  2.748487e+00
  2.010861e-01,  1.102576e+01
  1.930199e-01,  6.398642e+00
  1.988332e-01,  5.486845e+00
  1.923356e-01,  7.653537e+00
  1.829443e-01,  5.359907e+00
  1.945470e-01,  3.635019e+00
  1.907010e-01,  8.380365e+00
  1.759837e-01,  3.991439e+00
  1.988181e-01,  6.322316e+00
  1.877607e-01,  8.534880e+00
  1.864363e-01,  4.991306e+00
  1.969157e-01,  4.713424e+00
  1.890694e-01,  8.082300e+00
  1.802197e-01,  2.973049e+00
  1.878798e-01,  3.168073e+00
  1.929837e-01,  5.092109e+00
  1.802455e-01,  4.722136e+00
  1.932065e-01,  5.687583e+00
  1.938118e-01,  8.620091e+00
  1.883137e-01,  9.514398e+00
  1.935704e-01,  3.582702e+02
  1.899414e-01,  9.846111e+00
  1.878272e-01,  5.525674e+00
  1.943251e-01,  2.738950e+00
  1.894612e-01,  7.840479e+00
  1.716980e-01,  3.656643e+00
  1.888865e-01,  6.941888e-01
  1.913360e-01,  7.342469e+00
  1.865739e-01,  1.039497e+01
  1.957589e-01,  1.366331e-01
  1.923868e-01,  1.071249e+01
  1.969792e-01,  1.008583e+01
  1.941492e-01,  3.101545e+00
  1.953053e-01,  7.396720e+00
  1.828426e-01,  4.562081e+00
  1.942951e-01,  3.804858e+00
  1.990634e-01,  1.124803e+01
  1.878032e-01,  5.485610e+00
  1.913795e-01,  1.302923e+00
  1.946971e-01,  1.043663e+01
  1.954719e-01,  1.131022e+01
  1.930959e-01,  3.955211e+00
  1.937499e-01,  6.994738e+00
  1.875495e-01,  1.115386e+01
  1.920497e-01,  3.728387e+00
  1.935520e-01,  4.786554e+00
  1.919939e-01,  9.929263e+00
  1.935855e-01,  5.344024e+00
  1.963386e-01,  5.936864e+00
  1.900450e-01,  1.079736e+01
  1.906804e-01,  2.285252e+00
  1.993293e-01,  6.837342e+00
  1.879706e-01,  1.041901e+01
  1.803799e-01,  4.705638e-03
  1.938129e-01,  7.163019e+00
  1.847154e-01,  6.399523e+00
  1.901862e-01,  1.887110e+00
  1.991909e-01,  8.870024e+00
  1.933390e-01,  6.855386e+00
  1.819111e-01,  2.924292e+00
  1.941838e-01,  5.468972e+00
  1.879463e-01,  6.599486e+00
  1.838026e-01,  5.268342e+00
  2.042174e-01,  5.133811e+00
  1.832982e-01,  8.559688e+00
  1.866969e-01,  4.980357e+00
  1.954883e-01,  4.415774e+00
  1.927123e-01,  9.966023e+00
  1.907463e-01,  3.093157e+00
  1.992886e-01,  5.732563e+00
  1.885495e-01,  9.994174e+00
  1.933930e-01,  5.453983e+00
  1.950218e-01,  3.190288e+00
  1.906196e-01,  9.560299e+00
  1.906813e-01,  7.687714e+00
  1.948850e-01,  2.960581e+00
  1.920817e-01,  9.829926e+00
  1.782743e-01,  1.410818e+00
  1.965527e-01,  4.888478e+00
  1.880642e-01,  8.324157e+00
  1.768705e-01,  2.343715e+00
  1.959591e-01,  5.035626e+00
  1.925274e-01,  7.142348e+00
  1.750824e-01,  2.398578e+00
  1.941043e-01,  2.059418e+00
  1.914899e-01,  1.078858e+01
  1.930910e-01,  5.925780e+00
  1.960341e-01,  3.510687e+00
  1.887643e-01,  8.938752e+00
  1.917362e-01,  7.229393e+00
  1.986550e-01,  5.042726e+00
  1.856113e-01,  7.329322e+00
  1.825812e-01,  7.030980e+00
  1.979832e-01,  2.625212e+00
  1.885727e-01,  1.014488e+01
  1.927933e-01,  7.067691e+00
  1.963134e-01,  2.866238e+00
  1.987630e-01,  9.695217e+00
  1.879071e-01,  7.306260e+00
  1.972254e-01,  4.968205e+00
  1.972001e-01,  6.203804e+00
  1.821311e-01,  7.412221e+00
  1.899442e-01,  3.587508e+02
  1.839268e-01,  6.776970e+00
  1.830690e-01,  1.016077e+01
  1.947856e-01,  9.273312e-03
  1.926365e-01,  6.037930e+00
  1.810907e-01,  8.587138e+00
  1.938115e-01,  9.850267e-01
  1.997676e-01,  8.910172e+00
  1.850703e-01,  9.653444e+00
  1.933535e-01,  1.463720e+00
  1.989982e-01,  9.010427e+00
  1.903821e-01,  7.563130e+00
  1.982878e-01,  6.031314e+00
  1.940651e-01,  5.229424e+00
  1.877251e-01,  9.567147e+00
  1.927380e-01,  3.201981e+00
  2.027447e-01,  8.724149e+00
  1.943859e-01,  1.288289e+01
  1.855087e-01,  6.488736e-02
  1.976306e-01,  8.543933e+00
  1.931530e-01,  1.018204e+01
  1.896182e-01,  5.202233e-01
  1.916923e-01,  5.666628e+00
  1.900694e-01,  1.044373e+01
  1.850825e-01,  9.124428e-01
  1.919409e-01,  7.249023e+00
  1.881773e-01,  1.004733e+01
  1.850126e-01,  2.224398e+00
  2.035215e-01,  7.132371e+00
  1.903740e-01,  9.489911e+00
  1.814641e-01,  3.213987e-01
  1.972593e-01,  7.200505e+00
  1.956576e-01,  1.037966e+01
  1.857410e-01,  1.709892e+00
  1.998492e-01,  8.351118e+00
  1.942670e-01,  1.005908e+01
  1.805405e-01,  2.411955e+00
  1.984199e-01,  9.848276e+00
  1.902737e-01,  7.511551e+00
  1.822744e-01,  3.593232e+02
  1.940206e-01,  5.414259e+00
  1.932376e-01,  8.087149e+00
  1.800806e-01,  4.253150e+00
  1.923422e-01,  1.783449e+00
  1.892849e-01,  8.592677e+00
  1.840672e-01,  5.557446e+00
  1.993087e-01,  5.486067e+00
  1.923892e-01,  7.144896e+00
  1.948229e-01,  5.345616e+00
  1.951034e-01,  3.444165e+00
  1.906883e-01,  6.668203e+00
  1.827010e-01,  3.200730e+00
  1.909483e-01,  2.378420e+00
  1.894377e-01,  9.570391e+00
  1.864851e-01,  5.375266e+00
  1.967663e-01,  4.134155e+00
  1.843021e-01,  8.111077e+00
  1.851209e-01,  7.371918e+00
  1.953512e-01,  1.872579e+00
  1.935994e-01,  8.660540e+00
  1.814227e-01,  5.943780e+00
  2.000492e-01,  4.245968e+00
  2.027798e-01,  1.180087e+01
  1.897231e-01,  7.310437e+00
  1.909259e-01,  3.591941e+02
  1.919046e-01,  1.064290e+01
  1.971233e-01,  7.297872e+00
  1.862728e-01,  3.590822e+02
  1.915356e-01,  9.433842e+00
  1.890040e-01,  4.827091e+00
  1.900857e-01,  2.766236e+00
  1.928517e-01,  9.191920e+00
  1.887590e-01,  7.846417e+00
  1.965169e-01,  1.186374e+00
  1.956604e-01,  9.113393e+00
  1.873534e-01,  6.228432e+00
  1.906581e-01,  1.974125e+00
  1.993274e-01,  8.402820e+00
  1.738518e-01,  7.076491e+00
  1.944372e-01,  6.046598e+00
  1.984497e-01,  6.326565e+00
  1.761572e-01,  6.364117e+00
  1.902289e-01,  1.543422e+00
  1.850183e-01,  4.392197e+00
  1.840164e-01,  8.548267e+00
  1.909354e-01,  2.458524e+00
  1.997734e-01,  6.854766e+00
  1.876529e-01,  1.014573e+01
  1.953311e-01,  2.849915e+00
  1.911960e-01,  4.679472e+00
  1.791145e-01,  7.775933e+00
  1.897683e-01,  2.474141e+00
  1.938317e-01,  5.511924e+00
  1.914239e-01,  9.025372e+00
  1.936600e-01,  4.582929e+00
  1.987529e-01,  8.061730e+00
  1.835411e-01,  8.611735e+00
  1.891981e-01,  1.877799e+00
  1.934678e-01,  5.624460e+00
  1.882939e-01,  9.233438e+00
  1.923645e-01,  3.595732e+02
  1.898749e-01,  5.627172e+00
  1.900748e-01,  7.683154e+00
  1.860990e-01,  1.754229e+00
  1.891480e-01,  5.168245e+00
  1.948019e-01,  8.131592e+00
  1.847538e-01,  5.676975e+00
  2.000733e-01,  4.716184e+00
  1.863782e-01,  9.711432e+00
  1.870332e-01,  5.414036e+00
  2.016817e-01,  5.716052e+00
  1.810271e-01,  7.029175e+00
  1.844538e-01,  2.736623e+00
  1.914346e-01,  4.630169e+00
  1.919841e-01,  9.574375e+00
  1.834603e-01,  3.597394e+02
  1.979896e-01,  6.547852e+00
  1.921658e-01,  9.494994e+00
  1.860230e-01,  1.511087e+00
  2.068114e-01,  7.142557e+00
  1.994605e-01,  1.301946e+01
  1.927195e-01,  7.623982e+00
  1.907813e-01,  8.578449e-01
  1.889965e-01,  1.047842e+01
  1.876244e-01,  4.984442e+00
  1.943814e-01,  2.653179e+00
  1.931322e-01,  8.104481e+00
  1.867078e-01,  6.329269e+00
  2.005539e-01,  5.523222e+00
  1.930969e-01,  8.311412e+00
  1.868643e-01,  5.592003e+00
  1.979529e-01,  3.660342e+00
  1.898930e-01,  8.860024e+00
  1.871021e-01,  7.514372e+00
  1.992513e-01,  3.716530e+00
  1.872790e-01,  8.979109e+00
  1.929029e-01,  7.224979e+00
  1.961625e-01,  3.061195e+00
  1.922278e-01,  1.119611e+01
  1.983389e-01,  9.427896e+00
  1.857990e-01,  6.093261e-01
  1.950360e-01,  9.588275e+00
  1.898626e-01,  6.920355e+00
  1.994441e-01,  3.479463e+00
  1.938753e-01,  8.971007e+00
  1.723684e-01,  1.180484e+00
  1.957692e-01,  5.273328e+00
  1.902613e-01,  8.025360e+00
  1.890932e-01,  8.152129e+00
  1.941880e-01,  1.775836e+00
  1.931587e-01,  7.320207e+00
  1.931631e-01,  1.137204e+01
  1.904117e-01,  3.611143e+00
  1.999281e-01,  8.314984e+00
  1.858428e-01,  7.448522e+00
  1.947782e-01,  3.164156e+00
  1.951432e-01,  6.791270e+00
  1.704535e-01,  1.732502e+00
  1.920826e-01,  2.919744e+00
  1.979498e-01,  1.009998e+01
  1.795752e-01,  6.077957e+00
  1.935477e-01,  3.672592e+00
  1.962097e-01,  5.089298e+00
  1.783122e-01,  6.291405e+00
  1.897548e-01,  4.938693e+00
  2.041869e-01,  8.625200e+00
  1.811755e-01,  5.363598e+00
  1.873171e-01,  5.339123e+00
  1.992379e-01,  8.967491e+00
  1.935196e-01,  9.782069e+00
  1.912884e-01,  1.546260e+00
  1.921614e-01,  4.346191e+00
  1.845501e-01,  8.423506e+00
  1.848228e-01,  7.115442e-01
  1.946711e-01,  5.467635e+00
  1.802293e-01,  7.931584e+00
  1.918953e-01,  3.001778e+00
  1.977970e-01,  6.020793e+00
  1.851917e-01,  9.609196e+00
  1.901437e-01,  1.867021e+00
  1.920416e-01,  4.790702e+00
  1.858178e-01,  7.886946e+00
  1.962386e-01,  4.937918e+00
  1.928277e-01,  1.658606e+00
  1.921182e-01,  1.099013e+01
  1.970453e-01,  6.525689e+00
  1.951739e-01,  3.460126e+00
  1.822168e-01,  7.912406e+00
  1.842745e-01,  2.534017e+00
  1.995386e-01,  6.959225e+00
  1.918813e-01,  1.126271e+01
  1.937840e-01,  2.983606e+00
  1.909283e-01,  1.933746e+00
  1.936992e-01,  1.339787e+01
  1.955371e-01,  3.787230e+00
  1.943857e-01,  1.717175e+00
  1.866711e-01,  1.143639e+01
  1.898319e-01,  3.412234e+00
  1.925903e-01,  2.593822e+00
  1.983974e-01,  1.276536e+01
  1.842469e-01,  2.728936e+00
  1.899089e-01,  1.878341e+00
  1.874846e-01,  6.222161e+00
  1.801835e-01,  2.604998e+00
  2.078258e-01,  6.048921e+00
  1.897921e-01,  1.120426e+01
  1.897244e-01,  3.667634e+00
  1.921442e-01,  5.312845e-01
  1.869800e-01,  1.033029e+01
  1.944024e-01,  6.807369e+00
  1.892494e-01,  3.066906e+00
  1.879343e-01,  7.746085e+00
  1.871098e-01,  6.841962e+00
  1.947846e-01,  1.654849e+00
  1.892030e-01,  7.501989e+00
  1.769438e-01,  2.244832e+00
  1.932976e-01,  4.195637e+00
  1.966718e-01,  7.361561e+00
  1.825883e-01,  5.682370e+00
  1.890513e-01,  5.279544e+00
  1.958810e-01,  5.582680e+00
  1.824204e-01,  9.746180e+00
  2.026516e-01,  3.045152e+00
  1.948853e-01,  6.483914e+00
  1.781111e-01,  7.857039e+00
  1.968493e-01,  3.946008e+00
  1.931582e-01,  9.448894e+00
  1.849581e-01,  8.210461e+00
  1.951775e-01,  2.405192e+00
  1.983867e-01,  8.546692e+00
  1.794916e-01,  7.447311e+00
  1.952123e-01,  2.448862e+00
  1.856817e-01,  5.884826e+00
  1.906609e-01,  7.966811e+00
  1.974675e-01,  3.073320e+00
  1.985872e-01,  7.633738e+00
  1.908663e-01,  9.524652e+00
  1.898141e-01,  3.566992e+02
  1.940355e-01,  8.065428e+00
  1.809794e-01,  8.680996e+00
  1.954066e-01,  2.017570e+00
  1.907801e-01,  8.726540e+00
  1.875852e-01,  1.016408e+01
  1.862672e-01,  8.524213e-01
  1.812335e-01,  2.374305e+00
  1.802650e-01,  8.909999e+00
  1.929412e-01,  2.729991e+00
  1.961853e-01,  7.725335e+00
  1.924104e-01,  7.857721e+00
  1.869414e-01,  2.878565e+00
  1.940043e-01,  5.194356e+00
  1.879149e-01,  9.290748e+00
  1.883490e-01,  3.438251e-01
  1.927045e-01,  4.553934e+00
  1.840093e-01,  8.861438e+00
  1.901257e-01,  1.697491e+00
  1.944684e-01,  5.390380e+00
  1.930752e-01,  1.011230e+01
  1.874850e-01,  2.285628e+00
  1.988137e-01,  4.355230e+00
  1.841797e-01,  1.077518e+01
  1.897452e-01,  1.984657e+00
  1.992494e-01,  6.661246e+00
  1.910874e-01,  9.677213e+00
  1.907344e-01,  3.819159e+00
  1.944500e-01,  2.669157e+00
  1.921468e-01,  1.164194e+01
  1.858234e-01,  2.705096e+00
  1.941375e-01,  4.381115e+00
  1.935382e-01,  1.082918e+01
  1.858325e-01,  4.330124e+00
  1.952507e-01,  5.153092e+00
  1.952935e-01,  7.366465e+00
  1.809361e-01,  5.018888e+00
  1.946816e-01,  3.048392e+00
  1.931384e-01,  1.241596e+01
  1.884230e-01,  3.883332e+00
  1.994127e-01,  3.534330e+00
  1.908828e-01,  1.250481e+01
  1.923898e-01,  1.614196e+00
  1.965569e-01,  2.867785e+00
  1.924662e-01,  9.065019e+00
  1.888740e-01,  3.368564e+00
  1.962291e-01,  6.243562e+00
  1.999749e-01,  9.795392e+00
  1.831871e-01,  4.822323e+00
  1.920123e-01,  2.314293e+00
  1.926780e-01,  9.126665e+00
  1.866728e-01,  5.548376e+00
  1.926491e-01,  1.508138e+00
  1.850614e-01,  9.628057e+00
  1.821325e-01,  6.242087e+00
  1.975211e-01,  3.933340e+00
  1.935224e-01,  9.808072e+00
  1.880830e-01,  6.627992e+00
  1.937288e-01,  4.326598e+00
  1.945612e-01,  9.675058e+00
  1.890942e-01,  1.008575e+01
  1.996441e-01,  4.897067e+00
  2.005113e-01,  9.977784e+00
  1.859421e-01,  6.954122e+00
  1.999058e-01,  5.498727e+00
  1.889212e-01,  8.258184e+00
  1.838700e-01,  3.007705e+00
  1.886873e-01,  1.204859e+00
  1.975767e-01,  7.816201e+00
  1.930596e-01,  9.142039e+00
  1.932561e-01,  8.573588e-01
  1.936289e-01,  7.744760e+00
  1.811361e-01,  4.699569e+00
  1.935887e-01,  5.453633e+00
  1.967977e-01,  9.343701e+00
  1.878361e-01,  8.022802e+00
  1.894945e-01,  1.746282e-02
  1.898685e-01,  7.718409e+00
  1.934089e-01,  9.953964e+00
  1.907390e-01,  1.928920e+00
  1.919657e-01,  7.563661e+00
  1.860725e-01,  8.448457e+00
  1.913303e-01,  4.289597e+00
  2.012077e-01,  8.511341e+00
  1.920630e-01,  1.148618e+01
  1.903647e-01,  1.839995e+00
  1.941080e-01,  1.009719e+01
  1.891633e-01,  6.412805e+00
  1.850079e-01,  8.261111e-01
  1.979453e-01,  6.139956e+00
  1.845804e-01,  8.253723e+00
  1.944819e-01,  8.297502e+00
  1.965192e-01,  5.882196e+00
  1.799792e-01,  6.599599e+00
  1.818148e-01,  1.488048e+00
  1.892054e-01,  2.307393e+00
  1.826742e-01,  9.843509e+00
  1.913489e-01,  1.775740e-01
  1.930225e-01,  3.821762e+00
  1.812138e-01,  1.078627e+01
  1.848312e-01,  3.793487e+00
  1.959134e-01,  7.951842e+00
  1.893544e-01,  7.655178e+00
  1.857374e-01,  3.040925e+00
  1.991004e-01,  6.011182e+00
  1.868894e-01,  6.816759e+00
  1.947599e-01,  8.241180e+00
  1.974569e-01,  4.805742e+00
  1.952762e-01,  1.052470e+01
  1.939976e-01,  4.888703e+00
  1.981815e-01,  4.426236e+00
  1.875084e-01,  8.993791e+00
  1.880793e-01,  5.194276e+00
  1.959314e-01,  5.855258e+00
  1.887558e-01,  5.914379e+00
  1.830754e-01,  6.018630e+00
  1.981684e-01,  3.586045e+02
  1.914564e-01,  1.479453e+01
  1.949343e-01,  5.387364e+00
  1.962736e-01,  4.480500e+00
  1.888050e-01,  6.550010e+00
  1.897677e-01,  5.687797e+00
  1.913152e-01,  1.302856e+00
  1.872773e-01,  7.687805e+00
  1.904236e-01,  8.620841e+00
  1.987290e-01,  2.677639e+00
  1.894757e-01,  8.674692e+00
  1.878651e-01,  5.487991e+00
  1.966240e-01,  2.522715e+00
  1.952366e-01,  6.966096e+00
  1.719917e-01,  5.931104e+00
  1.967701e-01,  7.561915e-01
  1.926967e-01,  1.310222e+01
  1.890747e-01,  4.946027e+00
  1.937965e-01,  4.335798e+00
  1.928393e-01,  6.192227e+00
  1.779785e-01,  7.660910e+00
  2.039408e-01,  1.770163e+00
  1.928422e-01,  9.894205e+00
  1.815355e-01,  2.032407e+00
  1.938402e-01,  4.901417e+00
  1.890333e-01,  6.640055e+00
  1.800952e-01,  5.417833e+00
  1.950544e-01,  5.622285e+00
  1.985791e-01,  7.597153e+00
  1.812192e-01,  7.747379e+00
  1.933156e-01,  1.108711e+00
  1.864329e-01,  5.568535e+00
  1.938569e-01,  1.065353e+01
  1.874150e-01,  1.892752e+00
  1.998732e-01,  8.998275e+00
  1.863587e-01,  9.287413e+00
  1.924879e-01,  1.246660e+00
  1.922333e-01,  9.543103e+00
  1.875439e-01,  4.956094e+00
  1.829931e-01,  4.900918e+00
  1.943886e-01,  1.340264e+00
  1.845948e-01,  1.312751e+01
  1.897904e-01,  3.581430e+02
  1.912793e-01,  1.188972e+01
  1.932291e-01,  3.122144e+00
  1.934695e-01,  8.818917e+00
  1.983075e-01,  3.192532e+00
  1.778564e-01,  1.111119e+01
  1.891654e-01,  3.008840e+00
  2.020353e-01,  6.917933e+00
  1.858296e-01,  9.731106e+00
  1.925744e-01,  1.362845e+00
  1.917411e-01,  4.820491e+00
  1.855963e-01,  6.666016e+00
  1.868042e-01,  2.500920e+00
  2.001791e-01,  6.942746e+00
  1.797778e-01,  1.148700e+01
  1.931779e-01,  3.583056e+02
  1.930249e-01,  9.847920e+00
  1.990998e-01,  7.174256e+00
  1.843909e-01,  7.711789e+00
  1.966024e-01,  3.543887e+02
  1.890851e-01,  2.081996e+01
  1.910111e-01,  3.493640e+02
  1.989569e-01,  1.920852e+01
  1.901242e-01,  3.559989e+02
  1.968200e-01,  2.074050e+01
  2.084034e-01,  3.501530e+02
  2.028905e-01,  2.704749e+01
  1.870288e-01,  3.399337e+02
  2.062514e-01,  2.560036e+01
  1.956476e-01,  3.463609e+02
  2.025454e-01,  2.836125e+01
  2.104720e-01,  3.466479e+02
  2.413542e+00,  8.839405e+01
  9.239962e+00,  1.322119e+02
  2.141220e+01,  1.372712e+02
  2.604313e+01,  1.420688e+02
  2.619504e+01,  1.462276e+02
  2.450730e+01,  1.491475e+02
  2.187416e+01,  1.514852e+02
  1.779684e+01,  1.535844e+02
  1.406414e+01,  1.514875e+02
  1.041821e+01,  1.411480e+02
  6.375797e+00,  1.155871e+02
  4.386616e+00,  3.966124e+01
  9.697773e+00,  3.575697e+02
  1.620167e+01,  3.477207e+02
  2.236382e+01,  3.433094e+02
  2.739005e+01,  3.397224e+02
  2.941779e+01,  3.386532e+02
  2.939579e+01,  3.393089e+02
  2.807159e+01,  3.364747e+02
  2.512378e+01,  3.280741e+02
  1.994543e+01,  3.169486e+02
  1.506681e+01,  3.086645e+02
  1.130613e+01,  3.032939e+02
  7.702115e+00,  2.966492e+02
  3.808708e+00,  3.075900e+02
  3.567510e+00,  1.940642e+01
  6.877974e+00,  3.650930e+01
  1.032162e+01,  3.747568e+01
  1.410301e+01,  3.626605e+01
  1.760552e+01,  3.376762e+01
  2.048986e+01,  3.070816e+01
  2.337262e+01,  3.092834e+01
  2.468168e+01,  3.265912e+01
  2.394865e+01,  3.460242e+01
  2.207477e+01,  3.556315e+01
  1.938070e+01,  3.558225e+01
  1.667587e+01,  3.556653e+01
  1.370488e+01,  3.471890e+01
  1.069758e+01,  3.044821e+01
  8.179180e+00,  1.981910e+01
  6.566691e+00,  3.580937e+02
  5.807648e+00,  3.281777e+02
  6.037076e+00,  2.940946e+02
  7.907201e+00,  2.753791e+02
  1.026957e+01,  2.784154e+02
  1.169079e+01,  2.867190e+02
  1.213880e+01,  2.949038e+02
  1.334962e+01,  3.056643e+02
  1.571039e+01,  3.166345e+02
  1.747638e+01,  3.238403e+02
  1.861790e+01,  3.270624e+02
  1.980629e+01,  3.260263e+02
  1.996622e+01,  3.238791e+02
  1.849453e+01,  3.214750e+02
  1.697468e+01,  3.182501e+02
  1.588006e+01,  3.136035e+02
  1.364838e+01,  3.087831e+02
  1.099225e+01,  3.044170e+02
  9.618236e+00,  3.013024e+02
  8.601868e+00,  2.980885e+02
  6.234547e+00,  2.835356e+02
  4.736225e+00,  2.416959e+02
  6.610126e+00,  2.017865e+02
  1.033034e+01,  1.851380e+02
  1.464694e+01,  1.792389e+02
  1.777552e+01,  1.776546e+02
  1.962489e+01,  1.759120e+02
  1.995179e+01,  1.732508e+02
  1.917796e+01,  1.701084e+02
  1.765021e+01,  1.649993e+02
  1.634021e+01,  1.576032e+02
  1.583529e+01,  1.499622e+02
  1.592066e+01,  1.452839e+02
  1.538850e+01,  1.419397e+02
  1.358404e+01,  1.395884e+02
  1.102096e+01,  1.390791e+02
  8.042578e+00,  1.422286e+02
  4.683260e+00,  1.515698e+02
  1.806393e+00,  2.158791e+02
  4.622454e+00,  2.671043e+02
  8.145158e+00,  2.541864e+02
  1.211699e+01,  2.393558e+02
  1.567772e+01,  2.353792e+02
  1.890569e+01,  2.347389e+02
  2.208782e+01,  2.344039e+02
  2.437943e+01,  2.336498e+02
  2.367290e+01,  2.362415e+02
  2.156729e+01,  2.389341e+02
  1.762803e+01,  2.402354e+02
  1.365209e+01,  2.383129e+02
  1.040452e+01,  2.370442e+02
  8.871602e+00,  2.276473e+02
  8.262733e+00,  2.102951e+02
  1.077379e+01,  1.957298e+02
  1.470790e+01,  1.957046e+02
  1.864412e+01,  1.990727e+02
  1.954673e+01,  1.964104e+02
  1.367467e+01,  1.867003e+02
  4.810082e+00,  3.268264e+01
  1.770842e+00,  1.310114e+02
##END=