##TITLE= twqubit_C27180_H_25000.txt
##JCAMP-DX= 5.00 Bruker JCAMP library
##DATA TYPE= Shape Data
##ORIGIN= Colm's GRAPE Pulses 
##OWNER= Dawei.Lu
##DATE= 24-Feb-2015
##TIME= 11:43
##MINX= 3.110134e-01
##MAXX= 2.165434e+01
##MINY= 1.477403e+01
##MAXY= 3.551942e+02
##$SHAPE_EXMODE= None
##$SHAPE_TOTROT= 9.000000e+01
##$SHAPE_BWFAC= 1.000000e+00
##$SHAPE_INTEGFAC= 1.000000e+00
##$SHAPE_MODE= 1
##PULSE_WIDTH= 2000
##Calibration_Power= 25000
##NPOINTS= 200
##XYPOINTS= (XY..XY)
  3.110134e-01,  3.145805e+02
  3.378403e+00,  2.295512e+02
  1.006897e+01,  2.191174e+02
  1.425833e+01,  2.120895e+02
  1.494794e+01,  2.055522e+02
  1.468421e+01,  1.998706e+02
  1.422097e+01,  1.949378e+02
  1.378015e+01,  1.907003e+02
  1.340095e+01,  1.878818e+02
  1.308949e+01,  1.873687e+02
  1.292732e+01,  1.886359e+02
  1.286114e+01,  1.891477e+02
  1.262990e+01,  1.861806e+02
  1.215391e+01,  1.789454e+02
  1.161919e+01,  1.690151e+02
  1.106249e+01,  1.587441e+02
  1.028952e+01,  1.491526e+02
  9.105906e+00,  1.403350e+02
  7.413921e+00,  1.331231e+02
  5.295262e+00,  1.302793e+02
  3.137611e+00,  1.403551e+02
  2.069998e+00,  1.878078e+02
  3.362113e+00,  2.306228e+02
  5.625574e+00,  2.421904e+02
  8.293504e+00,  2.439320e+02
  1.116132e+01,  2.425181e+02
  1.391977e+01,  2.404134e+02
  1.630863e+01,  2.380681e+02
  1.822664e+01,  2.347595e+02
  1.967473e+01,  2.299174e+02
  2.065449e+01,  2.242080e+02
  2.107874e+01,  2.190589e+02
  2.089292e+01,  2.154501e+02
  2.022406e+01,  2.135990e+02
  1.924017e+01,  2.131985e+02
  1.798552e+01,  2.136568e+02
  1.643385e+01,  2.145595e+02
  1.458723e+01,  2.158760e+02
  1.240090e+01,  2.175021e+02
  9.686220e+00,  2.191229e+02
  6.382594e+00,  2.211881e+02
  2.919227e+00,  2.268816e+02
  3.800462e-01,  3.499632e+02
  3.144250e+00,  4.846951e+01
  6.445319e+00,  5.870746e+01
  1.011007e+01,  6.503974e+01
  1.358956e+01,  7.020264e+01
  1.657021e+01,  7.531726e+01
  1.885390e+01,  8.010947e+01
  2.003763e+01,  8.418072e+01
  1.999927e+01,  8.726062e+01
  1.904587e+01,  8.848076e+01
  1.726315e+01,  8.681916e+01
  1.459629e+01,  8.191984e+01
  1.143760e+01,  7.337759e+01
  8.458186e+00,  5.979356e+01
  6.171593e+00,  3.960672e+01
  4.764538e+00,  1.477403e+01
  3.938752e+00,  3.521568e+02
  3.142103e+00,  3.371270e+02
  1.908900e+00,  3.356897e+02
  9.726516e-01,  5.813644e+01
  3.386022e+00,  9.999454e+01
  6.257703e+00,  1.025058e+02
  8.967751e+00,  1.018028e+02
  1.170354e+01,  1.009496e+02
  1.456211e+01,  1.001251e+02
  1.708715e+01,  9.957487e+01
  1.874812e+01,  1.001685e+02
  1.967009e+01,  1.021544e+02
  2.045252e+01,  1.042396e+02
  2.126275e+01,  1.050773e+02
  2.165434e+01,  1.048599e+02
  2.121894e+01,  1.041910e+02
  1.987585e+01,  1.030020e+02
  1.757634e+01,  1.010057e+02
  1.430939e+01,  9.786420e+01
  1.038066e+01,  9.198018e+01
  6.415336e+00,  7.712196e+01
  3.906694e+00,  3.265413e+01
  5.265061e+00,  3.400308e+02
  8.090887e+00,  3.200442e+02
  1.064806e+01,  3.113511e+02
  1.263393e+01,  3.061310e+02
  1.386280e+01,  3.023068e+02
  1.429022e+01,  2.995374e+02
  1.415612e+01,  2.977337e+02
  1.374964e+01,  2.963937e+02
  1.321451e+01,  2.954479e+02
  1.260369e+01,  2.958663e+02
  1.196313e+01,  2.982745e+02
  1.135269e+01,  3.019739e+02
  1.085153e+01,  3.061447e+02
  1.058014e+01,  3.105442e+02
  1.061080e+01,  3.145362e+02
  1.088568e+01,  3.171968e+02
  1.128244e+01,  3.183577e+02
  1.164099e+01,  3.182425e+02
  1.177738e+01,  3.167690e+02
  1.152430e+01,  3.139503e+02
  1.067083e+01,  3.098442e+02
  9.197202e+00,  3.029811e+02
  7.759382e+00,  2.901668e+02
  7.225668e+00,  2.721599e+02
  7.388622e+00,  2.546319e+02
  7.574697e+00,  2.370688e+02
  7.951462e+00,  2.179494e+02
  8.784804e+00,  2.010604e+02
  9.732885e+00,  1.886377e+02
  1.041773e+01,  1.799611e+02
  1.055960e+01,  1.751819e+02
  9.893103e+00,  1.752999e+02
  8.500485e+00,  1.815718e+02
  6.976977e+00,  1.959529e+02
  6.066040e+00,  2.189293e+02
  6.106739e+00,  2.455127e+02
  7.073580e+00,  2.691931e+02
  8.933922e+00,  2.860581e+02
  1.141348e+01,  2.956824e+02
  1.392510e+01,  3.003513e+02
  1.585814e+01,  3.021991e+02
  1.687496e+01,  3.021230e+02
  1.698586e+01,  3.001107e+02
  1.650820e+01,  2.957521e+02
  1.604287e+01,  2.889292e+02
  1.612290e+01,  2.809339e+02
  1.658036e+01,  2.741799e+02
  1.667898e+01,  2.702083e+02
  1.605893e+01,  2.693492e+02
  1.509493e+01,  2.709080e+02
  1.421254e+01,  2.728117e+02
  1.334257e+01,  2.734056e+02
  1.229748e+01,  2.732711e+02
  1.111569e+01,  2.729896e+02
  9.795963e+00,  2.707005e+02
  8.123821e+00,  2.644118e+02
  5.974004e+00,  2.548411e+02
  3.505375e+00,  2.425525e+02
  1.259412e+00,  2.064632e+02
  1.896424e+00,  1.096172e+02
  4.053910e+00,  9.472106e+01
  6.123118e+00,  9.065182e+01
  7.870215e+00,  8.873655e+01
  9.258464e+00,  8.913160e+01
  1.033884e+01,  9.221665e+01
  1.118301e+01,  9.735500e+01
  1.189574e+01,  1.034441e+02
  1.253610e+01,  1.092583e+02
  1.303276e+01,  1.138541e+02
  1.334571e+01,  1.168904e+02
  1.358635e+01,  1.180155e+02
  1.377088e+01,  1.165324e+02
  1.370097e+01,  1.123118e+02
  1.327405e+01,  1.062968e+02
  1.262830e+01,  9.948377e+01
  1.195277e+01,  9.184245e+01
  1.135564e+01,  8.320239e+01
  1.079085e+01,  7.441520e+01
  1.011457e+01,  6.610685e+01
  9.374963e+00,  5.800530e+01
  8.766430e+00,  5.048038e+01
  8.271588e+00,  4.441540e+01
  7.684310e+00,  3.980640e+01
  6.872615e+00,  3.677413e+01
  5.834494e+00,  3.673822e+01
  4.656335e+00,  4.256649e+01
  3.664986e+00,  6.034936e+01
  3.708791e+00,  9.081629e+01
  5.070207e+00,  1.128808e+02
  7.037240e+00,  1.232889e+02
  9.339966e+00,  1.281952e+02
  1.187390e+01,  1.294290e+02
  1.413686e+01,  1.281312e+02
  1.554082e+01,  1.258872e+02
  1.598141e+01,  1.234582e+02
  1.571241e+01,  1.202849e+02
  1.489266e+01,  1.155215e+02
  1.358723e+01,  1.090825e+02
  1.195448e+01,  1.009946e+02
  1.034768e+01,  9.044845e+01
  9.310984e+00,  7.737775e+01
  9.182291e+00,  6.493139e+01
  9.834406e+00,  5.647937e+01
  1.104581e+01,  5.244186e+01
  1.265479e+01,  5.200871e+01
  1.450262e+01,  5.413884e+01
  1.646091e+01,  5.749457e+01
  1.830755e+01,  6.099596e+01
  1.973439e+01,  6.466937e+01
  2.056275e+01,  6.930717e+01
  2.067777e+01,  7.526627e+01
  1.994494e+01,  8.224620e+01
  1.832624e+01,  9.038006e+01
  1.593460e+01,  1.010879e+02
  1.315031e+01,  1.166740e+02
  1.066220e+01,  1.397621e+02
  9.447504e+00,  1.720484e+02
  9.998807e+00,  2.069847e+02
  7.046234e+00,  2.421674e+02
  7.098700e-01,  3.551942e+02
##END=
