##TITLE= twqubit_encoding3_H_nobufferfix2
##JCAMP-DX= 5.00 Bruker JCAMP library
##DATA TYPE= Shape Data
##ORIGIN= Colm Fixed Pulses 
##OWNER= d29lu
##DATE= 12-May-2015
##TIME= 17:2
##MINX= 1.808548e-01
##MAXX= 3.050212e+01
##MINY= 1.101008e+00
##MAXY= 3.579205e+02
##$SHAPE_EXMODE= None
##$SHAPE_TOTROT= 9.000000e+01
##$SHAPE_BWFAC= 1.000000e+00
##$SHAPE_INTEGFAC= 1.000000e+00
##$SHAPE_MODE= 1
##NPOINTS= 736
##XYPOINTS= (XY..XY)
  9.715831e-01,  1.890782e+02
  8.689588e+00,  1.083834e+02
  1.566445e+01,  8.916455e+01
  1.379168e+01,  4.884771e+01
  1.328143e+01,  6.182515e+00
  1.666954e+01,  3.314929e+02
  2.100346e+01,  3.107766e+02
  2.502498e+01,  2.958789e+02
  2.801078e+01,  2.818381e+02
  3.010099e+01,  2.716162e+02
  3.050212e+01,  2.664342e+02
  2.930657e+01,  2.656973e+02
  2.683412e+01,  2.677100e+02
  2.321790e+01,  2.705584e+02
  1.926141e+01,  2.724768e+02
  1.699987e+01,  2.747419e+02
  1.570771e+01,  2.776625e+02
  1.453320e+01,  2.809204e+02
  1.321008e+01,  2.857942e+02
  1.173163e+01,  2.928222e+02
  1.035522e+01,  3.018992e+02
  9.053133e+00,  3.116670e+02
  7.167359e+00,  3.209527e+02
  4.162620e+00,  3.326214e+02
  1.069610e+00,  4.563750e+01
  5.133536e+00,  1.376634e+02
  1.078257e+01,  1.461062e+02
  1.604691e+01,  1.469642e+02
  1.949805e+01,  1.455973e+02
  2.153472e+01,  1.447717e+02
  2.230522e+01,  1.443451e+02
  2.062045e+01,  1.415178e+02
  1.793096e+01,  1.377110e+02
  1.476202e+01,  1.352671e+02
  1.025629e+01,  1.290025e+02
  6.059356e+00,  1.069444e+02
  4.470576e+00,  5.939187e+01
  5.881083e+00,  1.504032e+01
  9.215141e+00,  3.533113e+02
  1.262396e+01,  3.435355e+02
  1.432193e+01,  3.353043e+02
  1.450946e+01,  3.240401e+02
  1.423185e+01,  3.090661e+02
  1.439274e+01,  2.921598e+02
  1.481199e+01,  2.763196e+02
  1.531176e+01,  2.645903e+02
  1.531991e+01,  2.598092e+02
  1.508627e+01,  2.642845e+02
  1.540536e+01,  2.749534e+02
  1.641401e+01,  2.887545e+02
  1.723676e+01,  3.048397e+02
  1.866528e+01,  3.220088e+02
  2.063460e+01,  3.330093e+02
  2.240764e+01,  3.361170e+02
  2.275610e+01,  3.311986e+02
  2.208913e+01,  3.193182e+02
  2.114715e+01,  3.034671e+02
  1.974356e+01,  2.856130e+02
  1.817664e+01,  2.675943e+02
  1.629531e+01,  2.487658e+02
  1.423120e+01,  2.309066e+02
  1.175911e+01,  2.164499e+02
  8.742713e+00,  2.077070e+02
  5.421748e+00,  2.005428e+02
  2.037983e+00,  1.668382e+02
  3.428058e+00,  6.512274e+01
  7.433293e+00,  4.256165e+01
  1.139624e+01,  3.645617e+01
  1.471211e+01,  3.853438e+01
  1.602253e+01,  4.718403e+01
  1.562388e+01,  5.696285e+01
  1.443514e+01,  7.053537e+01
  1.291450e+01,  9.428988e+01
  1.427334e+01,  1.296867e+02
  1.894166e+01,  1.502959e+02
  2.298455e+01,  1.560986e+02
  2.416549e+01,  1.547030e+02
  2.252407e+01,  1.477874e+02
  1.969453e+01,  1.329176e+02
  1.842783e+01,  1.116084e+02
  1.928564e+01,  9.089112e+01
  2.070667e+01,  7.339877e+01
  2.122930e+01,  6.309230e+01
  1.959248e+01,  5.870944e+01
  1.750095e+01,  6.500506e+01
  1.812104e+01,  7.667476e+01
  2.191341e+01,  8.571885e+01
  2.599274e+01,  8.631003e+01
  2.766725e+01,  8.297909e+01
  2.723229e+01,  7.590711e+01
  2.592547e+01,  7.013994e+01
  2.271569e+01,  6.229974e+01
  1.814167e+01,  5.952854e+01
  1.465643e+01,  6.445055e+01
  1.391329e+01,  8.708520e+01
  1.521595e+01,  1.089502e+02
  1.964689e+01,  1.289707e+02
  2.379426e+01,  1.402313e+02
  1.817979e+01,  1.558204e+02
  4.684895e+00,  2.960434e+02
  1.458393e+00,  1.044050e+02
  3.749073e-01,  3.163714e+02
  2.537082e-01,  8.771126e+01
  4.155200e-01,  3.534398e+02
  2.653436e-01,  1.029270e+02
  4.027425e-01,  3.498444e+02
  2.613801e-01,  9.564527e+01
  3.683521e-01,  3.527368e+02
  2.357472e-01,  8.488795e+01
  3.615440e-01,  3.568219e+02
  2.147382e-01,  8.273672e+01
  3.321358e-01,  3.579205e+02
  2.175626e-01,  6.213347e+01
  3.009911e-01,  8.475229e+00
  2.115049e-01,  4.625801e+01
  2.920322e-01,  1.635494e+01
  2.271686e-01,  4.133010e+01
  2.721577e-01,  2.029276e+01
  2.496843e-01,  2.840175e+01
  2.439980e-01,  2.903939e+01
  2.591123e-01,  2.042527e+01
  2.392110e-01,  3.184751e+01
  2.581090e-01,  1.910440e+01
  2.255075e-01,  3.549576e+01
  2.766682e-01,  1.772699e+01
  2.214703e-01,  4.430713e+01
  2.867548e-01,  1.359168e+01
  2.260855e-01,  4.077018e+01
  2.734463e-01,  1.624012e+01
  2.248578e-01,  3.864206e+01
  2.819804e-01,  1.626189e+01
  2.366376e-01,  4.545554e+01
  2.757549e-01,  1.409716e+01
  2.322474e-01,  3.664648e+01
  2.835771e-01,  2.327360e+01
  2.316385e-01,  3.093364e+01
  2.665527e-01,  1.961294e+01
  2.366704e-01,  3.491097e+01
  2.581620e-01,  2.452624e+01
  2.516437e-01,  2.942083e+01
  2.374087e-01,  2.756148e+01
  2.508423e-01,  2.188296e+01
  2.506557e-01,  2.998725e+01
  2.471978e-01,  2.509153e+01
  2.460855e-01,  3.302823e+01
  2.665598e-01,  1.977921e+01
  2.333242e-01,  3.408574e+01
  2.474480e-01,  1.724217e+01
  2.445719e-01,  3.346248e+01
  2.633774e-01,  2.367697e+01
  2.224698e-01,  2.884746e+01
  2.712191e-01,  2.024668e+01
  2.329380e-01,  3.674902e+01
  2.630406e-01,  2.302453e+01
  2.388376e-01,  3.484629e+01
  2.664725e-01,  2.604080e+01
  2.358695e-01,  2.859751e+01
  2.643721e-01,  2.288946e+01
  2.443426e-01,  2.712203e+01
  2.375109e-01,  2.149055e+01
  2.419923e-01,  2.951232e+01
  2.554672e-01,  2.724550e+01
  2.477960e-01,  2.651577e+01
  2.560928e-01,  2.760402e+01
  2.506684e-01,  2.720392e+01
  2.278408e-01,  2.822338e+01
  2.568876e-01,  1.956009e+01
  2.365988e-01,  3.116278e+01
  2.491837e-01,  2.532802e+01
  2.445127e-01,  2.836098e+01
  2.495837e-01,  2.554451e+01
  2.397293e-01,  3.452070e+01
  2.756560e-01,  2.253535e+01
  2.350638e-01,  3.138669e+01
  2.509966e-01,  2.419554e+01
  2.447030e-01,  2.592365e+01
  2.418938e-01,  2.187003e+01
  2.392355e-01,  3.426809e+01
  2.626081e-01,  2.001722e+01
  2.508231e-01,  3.000246e+01
  2.507835e-01,  2.657543e+01
  2.460563e-01,  2.605345e+01
  2.506426e-01,  2.861736e+01
  2.456049e-01,  2.661920e+01
  2.497433e-01,  2.838069e+01
  2.504921e-01,  2.480569e+01
  2.428314e-01,  2.946749e+01
  2.503820e-01,  2.296318e+01
  2.393006e-01,  3.008410e+01
  2.454029e-01,  2.644161e+01
  2.514769e-01,  2.908826e+01
  2.665390e-01,  2.500006e+01
  2.404624e-01,  2.980518e+01
  2.606191e-01,  2.478111e+01
  2.591994e-01,  3.064058e+01
  2.442231e-01,  2.646324e+01
  2.367508e-01,  2.465676e+01
  2.561658e-01,  2.380107e+01
  2.367531e-01,  3.039153e+01
  2.535760e-01,  2.287291e+01
  2.515457e-01,  2.707651e+01
  2.450459e-01,  2.596672e+01
  2.611807e-01,  2.629462e+01
  2.515582e-01,  2.612162e+01
  2.395930e-01,  2.546960e+01
  2.454531e-01,  2.527989e+01
  2.462876e-01,  2.581587e+01
  2.426276e-01,  3.167053e+01
  2.455903e-01,  2.479724e+01
  2.546602e-01,  2.631559e+01
  2.534093e-01,  2.922457e+01
  2.445775e-01,  2.409625e+01
  2.474632e-01,  2.287438e+01
  2.390260e-01,  2.945939e+01
  2.426040e-01,  2.026906e+01
  2.409957e-01,  2.801449e+01
  2.493408e-01,  2.619898e+01
  2.292628e-01,  2.108518e+01
  2.504108e-01,  2.474204e+01
  2.490781e-01,  2.755938e+01
  2.420728e-01,  2.090587e+01
  2.516710e-01,  2.833008e+01
  2.489566e-01,  2.624043e+01
  2.505011e-01,  2.895569e+01
  2.565165e-01,  2.782228e+01
  2.501006e-01,  2.972230e+01
  2.486226e-01,  2.632288e+01
  2.634651e-01,  2.457143e+01
  2.492538e-01,  3.075923e+01
  2.454247e-01,  2.488842e+01
  2.558285e-01,  2.371608e+01
  2.390409e-01,  2.529897e+01
  2.381763e-01,  2.822824e+01
  2.546834e-01,  2.700252e+01
  2.404938e-01,  2.768770e+01
  2.476559e-01,  2.481590e+01
  2.482665e-01,  2.917650e+01
  2.477120e-01,  2.838461e+01
  2.335840e-01,  2.735313e+01
  2.538468e-01,  2.347030e+01
  2.488661e-01,  2.939562e+01
  2.333567e-01,  2.548915e+01
  2.443462e-01,  2.115157e+01
  2.326747e-01,  2.875612e+01
  2.475495e-01,  2.791082e+01
  2.429025e-01,  2.515805e+01
  2.590209e-01,  2.973473e+01
  2.320462e-01,  2.766649e+01
  2.450656e-01,  2.423514e+01
  2.528309e-01,  2.486644e+01
  2.448521e-01,  2.780817e+01
  2.437132e-01,  2.315141e+01
  2.536384e-01,  3.160324e+01
  2.374486e-01,  2.725710e+01
  2.547860e-01,  2.495738e+01
  2.558190e-01,  2.809314e+01
  2.408064e-01,  3.053888e+01
  2.550827e-01,  2.514695e+01
  2.576581e-01,  2.770774e+01
  2.462240e-01,  2.698708e+01
  2.382581e-01,  2.522140e+01
  2.402183e-01,  2.598637e+01
  2.366111e-01,  2.903910e+01
  2.517067e-01,  2.475303e+01
  2.520307e-01,  2.845118e+01
  2.498939e-01,  3.005428e+01
  2.412671e-01,  2.591909e+01
  2.549352e-01,  2.658470e+01
  4.098391e-01,  1.306283e+02
  7.612287e+00,  2.179247e+02
  1.383729e+01,  2.003484e+02
  1.371131e+01,  1.779315e+02
  1.292439e+01,  1.785410e+02
  1.174584e+01,  1.743440e+02
  1.053011e+01,  1.641025e+02
  9.813514e+00,  1.499147e+02
  9.945854e+00,  1.368157e+02
  1.101634e+01,  1.237006e+02
  1.287268e+01,  1.113675e+02
  1.510527e+01,  1.009014e+02
  1.700373e+01,  9.391587e+01
  1.822800e+01,  8.875165e+01
  1.821817e+01,  8.370321e+01
  1.707827e+01,  7.733463e+01
  1.513233e+01,  6.980308e+01
  1.296864e+01,  6.384370e+01
  1.075293e+01,  6.281395e+01
  8.881166e+00,  6.578565e+01
  7.295631e+00,  7.284121e+01
  6.265750e+00,  8.597440e+01
  6.428566e+00,  1.028388e+02
  7.735153e+00,  1.150722e+02
  8.965447e+00,  1.226290e+02
  9.581184e+00,  1.288231e+02
  1.006212e+01,  1.351737e+02
  1.089742e+01,  1.399903e+02
  1.177608e+01,  1.428514e+02
  1.236764e+01,  1.445894e+02
  1.261455e+01,  1.460476e+02
  1.262535e+01,  1.480739e+02
  1.215531e+01,  1.501697e+02
  1.108629e+01,  1.522238e+02
  9.747363e+00,  1.530484e+02
  8.747164e+00,  1.520060e+02
  8.256456e+00,  1.485841e+02
  8.064455e+00,  1.443824e+02
  8.349200e+00,  1.403988e+02
  9.296753e+00,  1.384866e+02
  1.051236e+01,  1.382718e+02
  1.145103e+01,  1.399260e+02
  1.187248e+01,  1.441245e+02
  1.178875e+01,  1.505602e+02
  1.125974e+01,  1.585716e+02
  1.033436e+01,  1.689184e+02
  9.366471e+00,  1.835664e+02
  8.879050e+00,  2.028799e+02
  9.289804e+00,  2.240756e+02
  1.067697e+01,  2.421047e+02
  1.253820e+01,  2.545387e+02
  1.443175e+01,  2.615507e+02
  1.588890e+01,  2.660559e+02
  1.634765e+01,  2.690859e+02
  1.581724e+01,  2.700354e+02
  1.488801e+01,  2.693441e+02
  1.356962e+01,  2.669332e+02
  1.146434e+01,  2.632435e+02
  8.916864e+00,  2.560762e+02
  6.399070e+00,  2.444245e+02
  4.223646e+00,  2.213581e+02
  3.698035e+00,  1.799734e+02
  5.036803e+00,  1.557367e+02
  6.592838e+00,  1.470874e+02
  7.561901e+00,  1.404286e+02
  7.900548e+00,  1.327250e+02
  7.623379e+00,  1.240776e+02
  6.852837e+00,  1.130955e+02
  6.179757e+00,  9.803170e+01
  6.009953e+00,  8.244618e+01
  6.226669e+00,  7.011887e+01
  6.533512e+00,  6.239398e+01
  6.920628e+00,  5.959644e+01
  7.449243e+00,  6.095256e+01
  8.042506e+00,  6.387510e+01
  8.176346e+00,  6.745776e+01
  7.741422e+00,  7.219465e+01
  7.417342e+00,  7.853564e+01
  7.547247e+00,  8.489672e+01
  7.813702e+00,  8.948733e+01
  8.039659e+00,  9.301431e+01
  8.281639e+00,  9.557762e+01
  8.263158e+00,  9.336901e+01
  7.917780e+00,  8.388282e+01
  7.595284e+00,  7.168211e+01
  7.371138e+00,  6.201766e+01
  7.251806e+00,  5.262985e+01
  7.298227e+00,  4.117932e+01
  7.358617e+00,  3.079568e+01
  7.381674e+00,  2.545705e+01
  7.545025e+00,  2.506152e+01
  7.813315e+00,  2.548841e+01
  7.963899e+00,  2.556526e+01
  7.982181e+00,  2.565923e+01
  8.076606e+00,  2.489741e+01
  8.409610e+00,  2.237554e+01
  9.052274e+00,  1.931728e+01
  9.974400e+00,  1.569649e+01
  1.107918e+01,  1.183295e+01
  1.209897e+01,  8.016852e+00
  1.313983e+01,  4.349636e+00
  1.445035e+01,  2.493820e+00
  1.551428e+01,  2.980785e+00
  1.535795e+01,  3.970826e+00
  1.397740e+01,  4.801632e+00
  1.228669e+01,  6.427428e+00
  1.079039e+01,  8.459774e+00
  9.523658e+00,  1.263873e+01
  8.384478e+00,  2.153361e+01
  7.641180e+00,  3.449376e+01
  7.639135e+00,  4.789767e+01
  8.421208e+00,  5.888694e+01
  9.443477e+00,  6.711719e+01
  1.025297e+01,  7.270860e+01
  1.078746e+01,  7.597008e+01
  1.119918e+01,  7.637767e+01
  1.101851e+01,  7.455312e+01
  9.501231e+00,  7.092284e+01
  7.235721e+00,  6.540111e+01
  5.605015e+00,  5.932653e+01
  5.018547e+00,  5.580188e+01
  4.742900e+00,  5.632746e+01
  4.428283e+00,  6.085325e+01
  4.150795e+00,  7.211687e+01
  4.031124e+00,  8.859001e+01
  4.053747e+00,  1.038509e+02
  4.097627e+00,  1.146921e+02
  4.107917e+00,  1.251200e+02
  4.099143e+00,  1.412515e+02
  4.676919e+00,  1.636032e+02
  5.558792e+00,  1.781851e+02
  5.725987e+00,  1.829157e+02
  5.321020e+00,  1.822483e+02
  5.053077e+00,  1.813301e+02
  4.538686e+00,  1.794663e+02
  3.320104e+00,  1.694066e+02
  1.945412e+00,  1.341706e+02
  2.070420e+00,  6.403462e+01
  3.966093e+00,  3.657435e+01
  5.860549e+00,  2.987853e+01
  6.829593e+00,  2.705211e+01
  6.698500e+00,  2.526951e+01
  5.636667e+00,  2.582470e+01
  3.926282e+00,  2.767505e+01
  1.638255e+00,  3.485860e+01
  1.172176e+00,  1.725496e+02
  3.262595e+00,  1.931509e+02
  4.427619e+00,  1.985560e+02
  5.186870e+00,  2.024334e+02
  6.103376e+00,  2.053356e+02
  7.450579e+00,  2.051880e+02
  8.954793e+00,  2.045300e+02
  1.030854e+01,  2.049847e+02
  1.137925e+01,  2.055815e+02
  1.242599e+01,  2.032108e+02
  1.345911e+01,  1.978181e+02
  1.427032e+01,  1.923030e+02
  1.498923e+01,  1.876025e+02
  1.580706e+01,  1.824429e+02
  1.610106e+01,  1.758052e+02
  1.531313e+01,  1.683789e+02
  1.407051e+01,  1.625887e+02
  1.318417e+01,  1.604493e+02
  1.240804e+01,  1.609003e+02
  1.091495e+01,  1.601584e+02
  8.759952e+00,  1.576303e+02
  6.719259e+00,  1.554941e+02
  5.127378e+00,  1.581965e+02
  3.498914e+00,  1.629882e+02
  1.423773e+00,  1.638151e+02
  1.313475e+00,  3.526810e+02
  4.039837e+00,  3.563688e+02
  6.315145e+00,  1.101008e+00
  7.846741e+00,  7.209248e+00
  9.070861e+00,  1.673901e+01
  1.029046e+01,  2.750351e+01
  1.182926e+01,  3.732534e+01
  1.366191e+01,  4.551234e+01
  1.593492e+01,  5.305895e+01
  1.805543e+01,  6.067169e+01
  1.979352e+01,  6.768219e+01
  2.083676e+01,  7.288724e+01
  2.102013e+01,  7.638277e+01
  2.060077e+01,  7.860372e+01
  2.012816e+01,  7.974198e+01
  1.938542e+01,  7.809558e+01
  1.775720e+01,  7.416766e+01
  1.551293e+01,  6.687485e+01
  1.312961e+01,  5.721650e+01
  1.100593e+01,  4.599808e+01
  8.744494e+00,  3.379317e+01
  6.566251e+00,  1.770491e+01
  4.634342e+00,  3.503880e+02
  3.907221e+00,  3.087817e+02
  4.794483e+00,  2.655301e+02
  6.825510e+00,  2.406324e+02
  9.868906e+00,  2.260451e+02
  1.440996e+01,  2.176852e+02
  7.169433e+00,  2.091959e+02
  3.110126e+00,  3.009546e+01
  7.770269e-01,  2.015898e+02
  3.558490e-01,  4.210540e+01
  2.147188e-01,  1.846350e+01
  2.961135e-01,  3.080648e+01
  1.808548e-01,  2.666455e+01
  3.142373e-01,  2.563154e+01
  1.901240e-01,  2.681109e+01
  2.953885e-01,  2.605073e+01
  1.946918e-01,  2.291069e+01
  3.004669e-01,  2.731232e+01
  1.954175e-01,  2.800664e+01
  2.962170e-01,  2.184574e+01
  2.056249e-01,  3.345662e+01
  2.724884e-01,  2.774142e+01
  2.169824e-01,  1.859977e+01
  2.721225e-01,  2.474018e+01
  2.168981e-01,  3.020507e+01
  2.771468e-01,  2.480842e+01
  2.376923e-01,  2.541324e+01
  2.528053e-01,  2.683661e+01
  2.389090e-01,  2.416883e+01
  2.613146e-01,  2.895931e+01
  2.475769e-01,  2.682372e+01
  2.442091e-01,  2.086617e+01
  2.633674e-01,  2.872783e+01
  2.259928e-01,  2.959017e+01
  2.615796e-01,  2.280167e+01
  2.558721e-01,  3.164518e+01
  2.630047e-01,  2.740525e+01
  2.342602e-01,  2.330610e+01
  2.722931e-01,  2.656574e+01
  2.387612e-01,  3.100355e+01
  2.679518e-01,  2.562087e+01
  2.463454e-01,  2.966905e+01
  2.595023e-01,  2.430075e+01
  2.355828e-01,  2.640060e+01
  2.675920e-01,  2.416972e+01
  2.201534e-01,  2.851416e+01
  2.585498e-01,  2.670930e+01
  2.416742e-01,  2.543550e+01
  2.530526e-01,  3.213677e+01
  2.547263e-01,  1.994797e+01
  2.415257e-01,  2.344276e+01
  2.400077e-01,  3.235193e+01
  2.589898e-01,  2.672724e+01
  2.617565e-01,  2.372504e+01
  2.370289e-01,  2.783796e+01
  2.636091e-01,  2.413879e+01
  2.406777e-01,  2.597000e+01
  2.584410e-01,  2.420549e+01
  2.341565e-01,  2.301930e+01
  2.493605e-01,  2.484614e+01
  2.459830e-01,  3.531439e+01
  2.599721e-01,  2.358969e+01
  2.516328e-01,  2.417696e+01
  2.471451e-01,  2.922301e+01
  2.347498e-01,  2.748562e+01
  2.605447e-01,  2.807561e+01
  2.459751e-01,  3.291677e+01
  2.567899e-01,  2.570606e+01
  2.538723e-01,  2.346214e+01
  2.480875e-01,  3.134510e+01
  2.363816e-01,  2.213758e+01
  2.529124e-01,  2.566046e+01
  2.454993e-01,  2.848487e+01
  2.329257e-01,  2.727000e+01
  2.608932e-01,  2.713637e+01
  2.425714e-01,  2.951397e+01
  2.531386e-01,  2.211847e+01
  2.527645e-01,  2.269783e+01
  2.495802e-01,  2.601604e+01
  2.411206e-01,  2.795288e+01
  2.518735e-01,  2.648369e+01
  2.435073e-01,  2.843568e+01
  2.294640e-01,  2.242422e+01
  2.517221e-01,  2.736082e+01
  2.640396e-01,  2.727275e+01
  2.313474e-01,  2.817120e+01
  2.594307e-01,  2.620358e+01
  2.558737e-01,  3.041451e+01
  2.554343e-01,  2.876283e+01
  2.594744e-01,  2.260879e+01
  2.555227e-01,  2.843986e+01
  2.410577e-01,  2.591909e+01
  2.575470e-01,  2.893428e+01
  2.522710e-01,  2.681314e+01
  2.354604e-01,  2.763361e+01
  2.504031e-01,  2.499845e+01
  2.504982e-01,  3.008957e+01
  2.459316e-01,  2.654828e+01
  2.523976e-01,  2.305788e+01
  2.528682e-01,  3.081850e+01
  2.395032e-01,  2.906542e+01
  2.408582e-01,  2.048145e+01
  2.488310e-01,  3.122476e+01
  2.522203e-01,  2.929948e+01
  2.404693e-01,  2.566230e+01
  2.549697e-01,  2.873201e+01
  2.359826e-01,  2.881530e+01
  2.533218e-01,  2.295900e+01
  2.423284e-01,  2.613041e+01
  2.526450e-01,  2.973449e+01
  2.517307e-01,  2.594810e+01
  2.516314e-01,  2.637902e+01
  2.450685e-01,  2.861832e+01
  2.510879e-01,  2.352929e+01
  2.500343e-01,  2.598962e+01
  2.405753e-01,  2.988699e+01
  2.451352e-01,  2.068540e+01
  2.452214e-01,  2.622714e+01
  2.476403e-01,  3.048318e+01
  2.469118e-01,  2.645182e+01
  2.606808e-01,  2.690156e+01
  2.450520e-01,  3.211028e+01
  2.517188e-01,  2.164473e+01
  2.406876e-01,  2.327649e+01
  2.438494e-01,  2.872876e+01
  2.352956e-01,  2.554094e+01
  2.569651e-01,  2.261084e+01
  2.434659e-01,  3.219994e+01
  2.415430e-01,  2.192118e+01
  2.512654e-01,  2.839917e+01
  2.596666e-01,  3.037989e+01
  2.342503e-01,  2.656071e+01
  2.596527e-01,  2.739529e+01
  2.570981e-01,  3.210782e+01
  2.434285e-01,  2.317561e+01
  2.471584e-01,  2.410190e+01
  2.409246e-01,  2.945117e+01
  2.510035e-01,  2.517692e+01
  2.359455e-01,  2.693390e+01
  2.426669e-01,  2.513176e+01
  2.480893e-01,  2.997724e+01
  2.689211e-01,  2.411908e+01
  2.336705e-01,  3.137700e+01
  2.507052e-01,  2.177132e+01
  2.451082e-01,  2.667591e+01
  2.509186e-01,  2.278797e+01
  2.382055e-01,  3.048928e+01
  2.595206e-01,  2.393411e+01
  2.495398e-01,  2.937061e+01
  2.549515e-01,  2.409927e+01
  2.489621e-01,  3.111366e+01
  2.590615e-01,  2.671664e+01
  2.447450e-01,  2.795202e+01
  2.557524e-01,  2.525162e+01
  2.422046e-01,  2.843532e+01
  2.330829e-01,  2.493073e+01
  2.573349e-01,  2.340585e+01
  2.366518e-01,  2.754425e+01
  2.400478e-01,  2.236810e+01
  2.461717e-01,  2.939234e+01
  2.623216e-01,  2.564462e+01
  2.335439e-01,  3.580332e+01
  2.721885e-01,  1.852900e+01
  2.345670e-01,  3.800284e+01
  2.653266e-01,  1.928649e+01
  2.240688e-01,  3.413012e+01
  2.725602e-01,  1.802047e+01
  2.121675e-01,  4.060546e+01
  2.881416e-01,  1.518521e+01
  2.105509e-01,  4.277878e+01
  2.776587e-01,  1.866707e+01
  2.283259e-01,  4.071474e+01
  2.844878e-01,  1.469986e+01
  2.247600e-01,  4.660669e+01
  2.800222e-01,  9.683556e+00
  2.376727e-01,  4.538870e+01
  3.016758e+00,  3.202348e+02
  2.241965e+00,  2.334579e+02
  5.168697e+00,  2.064588e+02
  7.033264e+00,  1.913378e+02
  8.310968e+00,  1.842489e+02
  9.450811e+00,  1.744744e+02
  1.039528e+01,  1.647433e+02
  1.154690e+01,  1.550261e+02
  1.248732e+01,  1.450184e+02
  1.378529e+01,  1.339092e+02
  1.510517e+01,  1.242356e+02
  1.648716e+01,  1.174004e+02
  1.746455e+01,  1.119085e+02
  1.850428e+01,  1.075710e+02
  1.947195e+01,  1.041372e+02
  2.029384e+01,  1.020843e+02
  2.074585e+01,  1.002213e+02
  2.074377e+01,  9.917739e+01
  2.014870e+01,  9.886744e+01
  1.905547e+01,  9.870456e+01
  1.741918e+01,  9.953888e+01
  1.524274e+01,  1.022490e+02
  1.300100e+01,  1.094173e+02
  1.123593e+01,  1.219474e+02
  1.021176e+01,  1.374798e+02
  9.965573e+00,  1.538383e+02
  1.070284e+01,  1.688455e+02
  1.207359e+01,  1.797771e+02
  1.339167e+01,  1.862167e+02
  1.402481e+01,  1.903598e+02
  1.393951e+01,  1.929631e+02
  1.316725e+01,  1.949904e+02
  1.193592e+01,  1.969226e+02
  1.040692e+01,  1.989153e+02
  8.647708e+00,  2.014651e+02
  6.769760e+00,  2.038319e+02
  4.890567e+00,  2.059355e+02
  2.928996e+00,  2.068775e+02
  8.886479e-01,  2.106033e+02
  1.252794e+00,  6.162834e+00
  3.144183e+00,  1.478088e+01
  4.759461e+00,  1.623831e+01
  6.002148e+00,  1.492608e+01
  6.748593e+00,  1.379032e+01
  7.027451e+00,  1.427955e+01
  7.117432e+00,  1.697873e+01
  7.284334e+00,  2.030082e+01
  7.544821e+00,  2.503672e+01
  7.852385e+00,  2.913719e+01
  8.146588e+00,  3.184618e+01
  8.242370e+00,  3.244329e+01
  7.931538e+00,  3.147611e+01
  7.399229e+00,  2.732930e+01
  6.796812e+00,  1.978656e+01
  6.320416e+00,  7.921972e+00
  6.302896e+00,  3.520640e+02
  6.984496e+00,  3.357681e+02
  8.217038e+00,  3.223186e+02
  9.715337e+00,  3.127778e+02
  1.138429e+01,  3.064382e+02
  1.315483e+01,  3.015688e+02
  1.485894e+01,  2.977120e+02
  1.621862e+01,  2.946687e+02
  1.752818e+01,  2.919255e+02
  1.877440e+01,  2.897554e+02
  1.965344e+01,  2.872526e+02
  1.983339e+01,  2.834469e+02
  1.960204e+01,  2.796383e+02
  1.880561e+01,  2.767755e+02
  1.742682e+01,  2.745586e+02
  1.567381e+01,  2.737137e+02
  1.378134e+01,  2.758018e+02
  1.191626e+01,  2.824408e+02
  1.061317e+01,  2.938556e+02
  1.017354e+01,  3.083192e+02
  1.044201e+01,  3.229620e+02
  1.118799e+01,  3.361695e+02
  1.223261e+01,  3.478290e+02
  1.347000e+01,  3.564086e+02
  1.468724e+01,  2.839763e+00
  1.551185e+01,  7.543447e+00
  1.558020e+01,  1.207483e+01
  1.484398e+01,  1.575511e+01
  1.348292e+01,  1.920001e+01
  1.145746e+01,  2.246400e+01
  8.842487e+00,  2.596709e+01
  5.942996e+00,  3.122513e+01
  3.080524e+00,  4.454162e+01
  1.327992e+00,  1.194107e+02
  3.473328e+00,  1.794563e+02
  5.934484e+00,  1.901554e+02
  7.797762e+00,  1.943353e+02
  8.891766e+00,  1.970987e+02
  9.218814e+00,  1.993685e+02
  8.914923e+00,  2.013672e+02
  7.947751e+00,  2.041932e+02
  6.426076e+00,  2.082679e+02
  4.604910e+00,  2.179850e+02
  2.518292e+00,  2.558849e+02
  4.626329e+00,  3.353212e+02
##END=