##TITLE= twqubit_encoding3_Hfix6
##JCAMP-DX= 5.00 Bruker JCAMP library
##DATA TYPE= Shape Data
##ORIGIN= Colm Fixed Pulses 
##OWNER= d29lu
##DATE= 21-Apr-2015
##TIME= 18:51
##MINX= 4.086288e-02
##MAXX= 2.967118e+01
##MINY= -1.793970e+02
##MAXY= 1.794662e+02
##$SHAPE_EXMODE= None
##$SHAPE_TOTROT= 9.000000e+01
##$SHAPE_BWFAC= 1.000000e+00
##$SHAPE_INTEGFAC= 1.000000e+00
##$SHAPE_MODE= 1
##NPOINTS= 736
##XYPOINTS= (XY..XY)
  7.890229e-01,  1.556989e+02
  5.257036e+00,  1.108752e+02
  1.905544e+01,  9.327641e+01
  1.478643e+01,  4.687471e+01
  1.297161e+01,  -3.986450e+00
  1.566594e+01,  -3.362186e+01
  1.977803e+01,  -4.925422e+01
  2.393255e+01,  -6.477515e+01
  2.781491e+01,  -7.995529e+01
  2.967118e+01,  -9.009292e+01
  2.895295e+01,  -9.443367e+01
  2.796926e+01,  -9.389879e+01
  2.648942e+01,  -9.122770e+01
  2.270195e+01,  -8.872575e+01
  1.847429e+01,  -8.633547e+01
  1.625933e+01,  -8.394839e+01
  1.515821e+01,  -8.213940e+01
  1.376647e+01,  -7.937495e+01
  1.222294e+01,  -7.405079e+01
  1.081390e+01,  -6.743984e+01
  9.592257e+00,  -5.960996e+01
  8.532858e+00,  -4.992406e+01
  6.801820e+00,  -4.153492e+01
  3.897259e+00,  -3.385047e+01
  6.553292e-01,  2.652358e+01
  4.277820e+00,  1.396703e+02
  9.993950e+00,  1.476572e+02
  1.491604e+01,  1.473676e+02
  1.760953e+01,  1.438514e+02
  1.925238e+01,  1.422765e+02
  1.991660e+01,  1.420898e+02
  1.848446e+01,  1.384763e+02
  1.605423e+01,  1.328829e+02
  1.336021e+01,  1.308913e+02
  9.429778e+00,  1.263490e+02
  5.506779e+00,  9.893672e+01
  4.670378e+00,  5.052380e+01
  5.559977e+00,  1.261128e+01
  8.577139e+00,  -1.055221e+01
  1.216047e+01,  -1.922250e+01
  1.371244e+01,  -2.693652e+01
  1.368713e+01,  -3.992623e+01
  1.385244e+01,  -5.598628e+01
  1.423359e+01,  -7.136927e+01
  1.457923e+01,  -8.636086e+01
  1.514067e+01,  -9.872297e+01
  1.526646e+01,  -1.036013e+02
  1.456624e+01,  -9.876103e+01
  1.443184e+01,  -8.670795e+01
  1.531069e+01,  -7.320442e+01
  1.612628e+01,  -5.708829e+01
  1.765980e+01,  -3.849810e+01
  2.016620e+01,  -2.685607e+01
  2.177558e+01,  -2.497895e+01
  2.206507e+01,  -3.037244e+01
  2.174676e+01,  -4.171404e+01
  2.108063e+01,  -5.742462e+01
  1.979257e+01,  -7.528463e+01
  1.796245e+01,  -9.395085e+01
  1.611537e+01,  -1.121013e+02
  1.412280e+01,  -1.284961e+02
  1.159340e+01,  -1.432493e+02
  8.693658e+00,  -1.540345e+02
  5.403818e+00,  -1.590634e+02
  1.808683e+00,  1.683953e+02
  3.773814e+00,  6.530069e+01
  7.415683e+00,  4.566013e+01
  1.110280e+01,  3.509713e+01
  1.484802e+01,  3.805916e+01
  1.643952e+01,  4.765051e+01
  1.535504e+01,  5.700886e+01
  1.418566e+01,  6.755936e+01
  1.325489e+01,  8.814370e+01
  1.379806e+01,  1.244539e+02
  1.809880e+01,  1.487667e+02
  2.134178e+01,  1.533871e+02
  2.234452e+01,  1.515371e+02
  2.153449e+01,  1.463318e+02
  1.917429e+01,  1.321390e+02
  1.795074e+01,  1.093706e+02
  1.873701e+01,  8.914977e+01
  1.985142e+01,  7.459656e+01
  2.022482e+01,  6.455807e+01
  1.907192e+01,  5.993360e+01
  1.714216e+01,  6.407399e+01
  1.772622e+01,  7.831425e+01
  2.187809e+01,  8.845705e+01
  2.509811e+01,  8.804782e+01
  2.560359e+01,  8.201141e+01
  2.539067e+01,  7.631727e+01
  2.451339e+01,  7.168118e+01
  2.137287e+01,  6.259505e+01
  1.732666e+01,  5.162609e+01
  1.457019e+01,  6.028025e+01
  1.533840e+01,  8.783887e+01
  1.549496e+01,  1.061181e+02
  1.486608e+01,  1.199563e+02
  2.363859e+01,  1.309740e+02
  2.550831e+01,  1.524686e+02
  1.166962e+01,  -5.518362e+01
  3.345787e+00,  8.275313e+01
  4.046274e+00,  1.501461e+02
  1.421415e+00,  -7.949789e+01
  2.184878e+00,  -2.888290e+01
  9.346696e-01,  9.835522e+01
  1.536281e+00,  1.448551e+02
  4.422311e-01,  -8.845281e+01
  1.025119e+00,  -3.277460e+01
  3.778641e-01,  8.043910e+01
  8.052902e-01,  1.350362e+02
  8.388107e-02,  -1.164816e+02
  5.468046e-01,  -3.440875e+01
  1.567442e-01,  4.470924e+01
  3.891303e-01,  1.258077e+02
  4.598382e-02,  2.320216e+01
  3.798317e-01,  -3.020986e+01
  1.454212e-01,  -5.667246e+00
  1.861754e-01,  1.143508e+02
  1.082799e-01,  5.240403e+01
  2.704360e-01,  -1.027742e+01
  1.861687e-01,  -2.850938e+00
  9.427020e-02,  6.976355e+01
  1.129908e-01,  4.235446e+01
  2.065097e-01,  1.836433e+00
  1.796230e-01,  6.857011e-01
  9.595012e-02,  2.795973e+01
  1.093207e-01,  2.707773e+01
  1.710592e-01,  5.264912e+00
  1.661904e-01,  5.369256e-01
  1.105781e-01,  1.018578e+01
  1.107618e-01,  1.766870e+01
  1.509629e-01,  1.077244e+01
  1.569298e-01,  7.955784e+00
  1.279460e-01,  1.153973e+01
  1.225164e-01,  1.402969e+01
  1.436122e-01,  1.034429e+01
  1.482922e-01,  7.981168e+00
  1.306343e-01,  9.884371e+00
  1.257281e-01,  1.327319e+01
  1.402127e-01,  1.322662e+01
  1.465854e-01,  1.154186e+01
  1.356663e-01,  1.031569e+01
  1.276002e-01,  9.347336e+00
  1.327172e-01,  7.767017e+00
  1.375146e-01,  5.528244e+00
  1.327607e-01,  3.283969e+00
  1.274433e-01,  2.851176e+00
  1.301034e-01,  5.661527e+00
  1.362244e-01,  9.687838e+00
  1.381336e-01,  1.177129e+01
  1.361850e-01,  1.053355e+01
  1.345002e-01,  7.520266e+00
  1.330682e-01,  5.584307e+00
  1.311710e-01,  5.391715e+00
  1.308997e-01,  5.520656e+00
  1.323751e-01,  5.349771e+00
  1.324779e-01,  5.824650e+00
  1.304261e-01,  7.043648e+00
  1.290920e-01,  7.300587e+00
  1.298812e-01,  5.977092e+00
  1.312592e-01,  5.466200e+00
  1.328166e-01,  7.570530e+00
  1.359730e-01,  9.928206e+00
  1.384289e-01,  9.062465e+00
  1.367442e-01,  5.661992e+00
  1.321474e-01,  3.705778e+00
  1.296415e-01,  5.240789e+00
  1.313214e-01,  7.285715e+00
  1.325714e-01,  6.720661e+00
  1.307991e-01,  4.805321e+00
  1.294217e-01,  4.514073e+00
  1.311097e-01,  5.972131e+00
  1.326349e-01,  6.526425e+00
  1.304467e-01,  4.976545e+00
  1.272517e-01,  2.908963e+00
  1.269469e-01,  2.644751e+00
  1.285233e-01,  4.311497e+00
  1.289096e-01,  6.085973e+00
  1.285719e-01,  6.548526e+00
  1.303521e-01,  5.985114e+00
  1.337341e-01,  5.923178e+00
  1.350738e-01,  7.044449e+00
  1.330772e-01,  8.093011e+00
  1.300927e-01,  7.069916e+00
  1.288778e-01,  3.955035e+00
  1.294319e-01,  1.465131e+00
  1.298309e-01,  1.689399e+00
  1.297840e-01,  3.516806e+00
  1.298468e-01,  4.364733e+00
  1.296526e-01,  3.637089e+00
  1.285358e-01,  2.965832e+00
  1.268922e-01,  3.302182e+00
  1.264865e-01,  3.688630e+00
  1.281939e-01,  3.345097e+00
  1.304860e-01,  3.171091e+00
  1.312614e-01,  4.087229e+00
  1.306903e-01,  5.599542e+00
  1.305675e-01,  6.691248e+00
  1.315718e-01,  6.973978e+00
  1.325642e-01,  6.311107e+00
  1.323768e-01,  4.696986e+00
  1.311615e-01,  3.562784e+00
  1.301617e-01,  5.393011e+00
  1.317534e-01,  9.949716e+00
  1.358982e-01,  1.275517e+01
  1.381391e-01,  1.065029e+01
  1.361788e-01,  5.930229e+00
  1.317256e-01,  3.562054e+00
  1.294754e-01,  5.347575e+00
  1.323308e-01,  7.781429e+00
  1.357377e-01,  8.172160e+00
  1.351554e-01,  8.440110e+00
  1.333653e-01,  1.053557e+01
  1.351720e-01,  1.217294e+01
  1.378297e-01,  1.020009e+01
  1.356640e-01,  5.982093e+00
  1.297078e-01,  3.951085e+00
  1.284148e-01,  6.710294e+00
  1.362526e-01,  1.079442e+01
  1.432825e-01,  1.165901e+01
  1.394531e-01,  9.216163e+00
  1.302993e-01,  6.093957e+00
  1.279955e-01,  5.734023e+00
  1.341613e-01,  8.046729e+00
  1.388423e-01,  9.456535e+00
  1.365064e-01,  8.303135e+00
  1.335036e-01,  6.382459e+00
  1.342182e-01,  6.317651e+00
  1.341323e-01,  7.404679e+00
  1.313577e-01,  7.992131e+00
  1.326745e-01,  9.300811e+00
  1.396863e-01,  1.196642e+01
  1.408705e-01,  1.230597e+01
  1.319372e-01,  7.693700e+00
  1.284336e-01,  3.816126e+00
  1.371421e-01,  8.105160e+00
  1.426001e-01,  1.278151e+01
  1.298094e-01,  7.840103e+00
  1.217594e-01,  -2.061621e+00
  1.326101e-01,  1.920894e+00
  1.442056e-01,  1.196226e+01
  1.298095e-01,  1.041044e+01
  1.170432e-01,  -6.304788e-01
  1.375261e-01,  6.034505e+00
  1.626303e-01,  1.808554e+01
  1.302639e-01,  1.139318e+01
  1.005407e-01,  -1.916365e+01
  1.230541e-01,  -3.225569e+00
  1.889772e-01,  2.523154e+01
  1.576777e-01,  2.417629e+01
  9.088404e-02,  -2.801942e+01
  1.132209e-01,  -1.170311e+01
  2.340444e-01,  3.255086e+01
  1.956059e-01,  3.791391e+01
  5.456869e-02,  -7.419042e+01
  5.022980e-02,  -1.626550e+01
  3.507223e-01,  4.605903e+01
  2.923623e-01,  4.773403e+01
  2.230416e-01,  -1.361387e+02
  2.630413e-01,  -1.613110e+02
  5.440798e-01,  7.038753e+01
  6.035578e-01,  5.090485e+01
  5.068893e-01,  -1.114400e+02
  7.941967e-01,  -1.358652e+02
  9.069969e-01,  7.847324e+01
  1.467945e+00,  5.490499e+01
  1.300275e+00,  -1.049058e+02
  2.686284e+00,  -1.232453e+02
  5.352886e+00,  8.209279e+01
  1.059926e+01,  -1.259854e+02
  1.887447e+01,  -1.417758e+02
  1.181543e+01,  1.547653e+02
  9.787856e+00,  1.690831e+02
  1.011976e+01,  -1.793970e+02
  9.577922e+00,  1.590465e+02
  9.855382e+00,  1.349004e+02
  9.699611e+00,  1.288857e+02
  1.001260e+01,  1.249033e+02
  1.197324e+01,  1.110504e+02
  1.431425e+01,  9.809919e+01
  1.514748e+01,  9.088709e+01
  1.521622e+01,  8.687931e+01
  1.560638e+01,  8.235549e+01
  1.552065e+01,  7.619394e+01
  1.407630e+01,  7.012391e+01
  1.192000e+01,  6.688032e+01
  1.018098e+01,  6.802304e+01
  8.938269e+00,  7.153926e+01
  7.548562e+00,  7.655046e+01
  6.202305e+00,  8.702979e+01
  5.936417e+00,  1.025090e+02
  6.693194e+00,  1.130217e+02
  7.367556e+00,  1.192417e+02
  7.634568e+00,  1.260248e+02
  8.012077e+00,  1.325083e+02
  8.698883e+00,  1.360314e+02
  9.380791e+00,  1.374873e+02
  9.860523e+00,  1.382498e+02
  1.022735e+01,  1.381587e+02
  1.054016e+01,  1.371287e+02
  1.064290e+01,  1.357275e+02
  1.035005e+01,  1.345083e+02
  9.809925e+00,  1.338003e+02
  9.436407e+00,  1.334536e+02
  9.340880e+00,  1.327690e+02
  9.318007e+00,  1.318207e+02
  9.495405e+00,  1.322877e+02
  1.027923e+01,  1.349619e+02
  1.143023e+01,  1.376685e+02
  1.215810e+01,  1.393535e+02
  1.234249e+01,  1.417832e+02
  1.232189e+01,  1.463269e+02
  1.189789e+01,  1.523067e+02
  1.082372e+01,  1.598480e+02
  9.557242e+00,  1.707946e+02
  8.654751e+00,  -1.736880e+02
  8.361787e+00,  -1.539473e+02
  8.965278e+00,  -1.336542e+02
  1.033013e+01,  -1.187960e+02
  1.195237e+01,  -1.098964e+02
  1.346941e+01,  -1.043500e+02
  1.426618e+01,  -1.009762e+02
  1.402845e+01,  -9.980759e+01
  1.342626e+01,  -1.006899e+02
  1.277196e+01,  -1.031078e+02
  1.153051e+01,  -1.074075e+02
  9.834941e+00,  -1.144724e+02
  8.284504e+00,  -1.239721e+02
  6.899909e+00,  -1.362658e+02
  5.870994e+00,  -1.539247e+02
  5.625262e+00,  -1.742981e+02
  5.795852e+00,  1.680758e+02
  5.922450e+00,  1.520672e+02
  6.048787e+00,  1.363800e+02
  6.177465e+00,  1.214597e+02
  6.209579e+00,  1.068523e+02
  6.302068e+00,  9.274339e+01
  6.672784e+00,  8.137813e+01
  7.287780e+00,  7.399433e+01
  7.944018e+00,  6.969284e+01
  8.502664e+00,  6.779307e+01
  9.068414e+00,  6.855565e+01
  9.616139e+00,  7.100441e+01
  9.683723e+00,  7.295232e+01
  9.179237e+00,  7.427176e+01
  8.746596e+00,  7.740935e+01
  8.724932e+00,  8.255244e+01
  8.713194e+00,  8.615586e+01
  8.490798e+00,  8.780464e+01
  8.274706e+00,  9.024978e+01
  7.895674e+00,  9.088108e+01
  7.072393e+00,  8.352265e+01
  6.315942e+00,  7.097897e+01
  5.789399e+00,  6.266435e+01
  5.370168e+00,  5.363332e+01
  5.384278e+00,  3.718147e+01
  5.635361e+00,  2.549994e+01
  5.599682e+00,  2.475663e+01
  5.895124e+00,  2.659897e+01
  6.629875e+00,  2.550030e+01
  7.132493e+00,  2.583946e+01
  7.375344e+00,  2.793067e+01
  7.920263e+00,  2.750431e+01
  8.827494e+00,  2.474087e+01
  9.765877e+00,  2.236561e+01
  1.076611e+01,  1.986002e+01
  1.191406e+01,  1.630144e+01
  1.283413e+01,  1.262492e+01
  1.343045e+01,  9.527652e+00
  1.411679e+01,  7.071480e+00
  1.457137e+01,  5.550501e+00
  1.382083e+01,  5.078086e+00
  1.191817e+01,  5.258357e+00
  9.884565e+00,  5.681795e+00
  8.227777e+00,  7.072009e+00
  6.842403e+00,  1.205146e+01
  5.854486e+00,  2.346374e+01
  5.614239e+00,  3.874255e+01
  6.081315e+00,  5.060600e+01
  7.112973e+00,  5.728438e+01
  8.548549e+00,  6.118282e+01
  9.729874e+00,  6.388822e+01
  1.032409e+01,  6.530042e+01
  1.092294e+01,  6.481207e+01
  1.138987e+01,  6.278260e+01
  1.053776e+01,  5.970385e+01
  8.742012e+00,  5.626880e+01
  7.663854e+00,  5.596087e+01
  7.412090e+00,  5.995816e+01
  7.043391e+00,  6.558768e+01
  6.508907e+00,  7.357737e+01
  6.265320e+00,  8.455973e+01
  6.160560e+00,  9.611979e+01
  5.832019e+00,  1.078561e+02
  5.454578e+00,  1.200298e+02
  5.310627e+00,  1.306506e+02
  5.395550e+00,  1.421799e+02
  5.770642e+00,  1.586365e+02
  6.239316e+00,  1.733522e+02
  6.076299e+00,  1.791726e+02
  5.608570e+00,  1.783097e+02
  5.461540e+00,  1.794662e+02
  4.951830e+00,  -1.776504e+02
  3.498581e+00,  1.775707e+02
  1.902871e+00,  1.561392e+02
  9.352306e-01,  9.039463e+01
  2.270483e+00,  2.764082e+01
  4.233780e+00,  2.297089e+01
  5.379564e+00,  2.411442e+01
  5.561002e+00,  2.307573e+01
  5.236821e+00,  2.154868e+01
  4.406021e+00,  2.229150e+01
  2.875732e+00,  2.377751e+01
  9.716445e-01,  2.146751e+01
  7.245265e-01,  -1.480543e+02
  1.994134e+00,  -1.532578e+02
  3.127404e+00,  -1.541058e+02
  4.509063e+00,  -1.539638e+02
  6.302944e+00,  -1.547933e+02
  8.369406e+00,  -1.572254e+02
  1.043072e+01,  -1.599018e+02
  1.228373e+01,  -1.615594e+02
  1.398028e+01,  -1.632744e+02
  1.562912e+01,  -1.667855e+02
  1.699922e+01,  -1.711570e+02
  1.770308e+01,  -1.742825e+02
  1.777308e+01,  -1.766719e+02
  1.722085e+01,  1.790467e+02
  1.566192e+01,  1.723135e+02
  1.334258e+01,  1.659370e+02
  1.137837e+01,  1.632747e+02
  1.013128e+01,  1.627286e+02
  8.541019e+00,  1.595165e+02
  6.242483e+00,  1.533511e+02
  4.229476e+00,  1.492119e+02
  2.975550e+00,  1.505637e+02
  1.780131e+00,  1.468481e+02
  6.287788e-01,  6.795215e+01
  2.251468e+00,  6.242526e+00
  4.174827e+00,  1.673928e+00
  5.808210e+00,  3.711285e+00
  6.909177e+00,  9.720478e+00
  7.758904e+00,  1.975438e+01
  8.937803e+00,  3.143088e+01
  1.051410e+01,  4.211196e+01
  1.232697e+01,  5.168208e+01
  1.445663e+01,  6.021104e+01
  1.680100e+01,  6.727744e+01
  1.878329e+01,  7.283624e+01
  1.993722e+01,  7.710487e+01
  2.040555e+01,  7.990465e+01
  2.062148e+01,  8.069974e+01
  2.057005e+01,  7.971539e+01
  1.958353e+01,  7.787116e+01
  1.756126e+01,  7.463006e+01
  1.557686e+01,  6.830663e+01
  1.399176e+01,  6.059093e+01
  1.145724e+01,  5.453947e+01
  7.894755e+00,  4.695567e+01
  5.617920e+00,  2.968938e+01
  4.801966e+00,  6.710251e+00
  3.464902e+00,  -4.836268e+01
  6.747318e+00,  -1.105406e+02
  8.512369e+00,  -1.225402e+02
  6.289887e+00,  -1.219714e+02
  1.464517e+01,  -1.370437e+02
  2.352777e+01,  -1.433971e+02
  1.617490e+01,  4.295475e+01
  3.411998e+00,  -1.273033e+02
  3.810059e+00,  -1.435506e+02
  1.488040e+00,  5.403705e+01
  2.258329e+00,  3.750225e+01
  7.213126e-01,  -1.276562e+02
  1.459270e+00,  -1.471710e+02
  5.445267e-01,  6.437880e+01
  1.177310e+00,  3.686014e+01
  2.055866e-01,  -1.012418e+02
  7.686520e-01,  -1.487393e+02
  2.754706e-01,  8.653953e+01
  7.306963e-01,  3.918345e+01
  1.378235e-01,  -1.662494e+01
  3.841109e-01,  -1.487499e+02
  1.987596e-01,  1.043870e+02
  4.831330e-01,  4.417716e+01
  2.096475e-01,  4.479678e+00
  1.606531e-01,  -1.190615e+02
  9.229692e-02,  8.263821e+01
  3.341642e-01,  4.210949e+01
  2.112960e-01,  7.978089e+00
  1.221956e-01,  -7.701609e+01
  4.086288e-02,  8.361302e+00
  2.273910e-01,  3.512769e+01
  1.989646e-01,  1.150122e+01
  1.125453e-01,  -4.370827e+01
  6.225851e-02,  -2.412912e+01
  1.603826e-01,  2.751235e+01
  1.856467e-01,  1.589221e+01
  1.271862e-01,  -1.139356e+01
  9.420155e-02,  -9.803815e+00
  1.357058e-01,  1.776167e+01
  1.619305e-01,  1.400484e+01
  1.329229e-01,  -2.020398e+00
  1.092434e-01,  -2.143254e+00
  1.305944e-01,  1.559799e+01
  1.529785e-01,  1.569749e+01
  1.382720e-01,  3.269834e+00
  1.202844e-01,  -4.064404e+00
  1.242203e-01,  5.141759e+00
  1.411392e-01,  1.231804e+01
  1.407108e-01,  1.094174e+01
  1.305917e-01,  8.176244e+00
  1.306096e-01,  8.327383e+00
  1.372858e-01,  7.535418e+00
  1.366903e-01,  5.086536e+00
  1.309675e-01,  5.938085e+00
  1.324157e-01,  1.062138e+01
  1.393236e-01,  1.178769e+01
  1.395033e-01,  7.338369e+00
  1.329801e-01,  2.908701e+00
  1.284705e-01,  4.218689e+00
  1.317917e-01,  8.671476e+00
  1.373918e-01,  1.004514e+01
  1.386545e-01,  8.586990e+00
  1.369277e-01,  8.186826e+00
  1.358517e-01,  9.789362e+00
  1.359287e-01,  1.028550e+01
  1.355412e-01,  7.884103e+00
  1.342048e-01,  5.072257e+00
  1.317587e-01,  5.275193e+00
  1.299622e-01,  8.399200e+00
  1.311748e-01,  1.085471e+01
  1.341529e-01,  1.025710e+01
  1.357484e-01,  8.198620e+00
  1.351211e-01,  7.626638e+00
  1.354612e-01,  9.388839e+00
  1.384467e-01,  1.118020e+01
  1.392915e-01,  1.031950e+01
  1.343352e-01,  6.713807e+00
  1.283227e-01,  3.425023e+00
  1.281635e-01,  4.682154e+00
  1.345685e-01,  9.759962e+00
  1.398552e-01,  1.316198e+01
  1.374696e-01,  1.159790e+01
  1.327600e-01,  6.978882e+00
  1.328628e-01,  5.321171e+00
  1.371671e-01,  8.766061e+00
  1.408974e-01,  1.234701e+01
  1.392054e-01,  1.144898e+01
  1.339184e-01,  7.130860e+00
  1.298143e-01,  4.719363e+00
  1.296161e-01,  6.965310e+00
  1.340532e-01,  1.034658e+01
  1.387781e-01,  1.085742e+01
  1.389396e-01,  8.842184e+00
  1.348012e-01,  6.781571e+00
  1.311165e-01,  6.451045e+00
  1.322421e-01,  8.016367e+00
  1.373023e-01,  1.024377e+01
  1.408624e-01,  1.126974e+01
  1.387473e-01,  9.615034e+00
  1.329390e-01,  5.695775e+00
  1.288700e-01,  2.907688e+00
  1.293051e-01,  4.488854e+00
  1.332416e-01,  8.631569e+00
  1.360057e-01,  1.072998e+01
  1.345739e-01,  8.968749e+00
  1.318105e-01,  5.596256e+00
  1.304279e-01,  4.276690e+00
  1.300482e-01,  5.812588e+00
  1.303558e-01,  7.817472e+00
  1.320352e-01,  8.238696e+00
  1.346717e-01,  7.467425e+00
  1.353985e-01,  6.829684e+00
  1.329301e-01,  6.649175e+00
  1.307479e-01,  6.708856e+00
  1.321736e-01,  7.177958e+00
  1.347612e-01,  7.840403e+00
  1.340417e-01,  7.611720e+00
  1.312070e-01,  6.397320e+00
  1.315762e-01,  6.702676e+00
  1.365437e-01,  1.032240e+01
  1.417822e-01,  1.431502e+01
  1.418663e-01,  1.441181e+01
  1.379143e-01,  1.024222e+01
  1.345348e-01,  6.335429e+00
  1.324974e-01,  6.642742e+00
  1.325429e-01,  9.375253e+00
  1.348464e-01,  1.038552e+01
  1.367641e-01,  8.982378e+00
  1.358701e-01,  7.381577e+00
  1.340036e-01,  7.088841e+00
  1.353215e-01,  7.789187e+00
  1.384702e-01,  8.258898e+00
  1.374291e-01,  7.613128e+00
  1.322939e-01,  6.096459e+00
  1.304159e-01,  5.612136e+00
  1.336769e-01,  7.346993e+00
  1.344781e-01,  8.936014e+00
  1.296717e-01,  7.554877e+00
  1.289595e-01,  4.730714e+00
  1.366699e-01,  5.263888e+00
  1.409511e-01,  7.959817e+00
  1.329673e-01,  7.165778e+00
  1.258495e-01,  2.048057e+00
  1.319245e-01,  1.931405e+00
  1.394118e-01,  9.286455e+00
  1.345691e-01,  1.399236e+01
  1.269836e-01,  7.970436e+00
  1.376756e-01,  1.811950e+00
  1.469834e-01,  8.145477e+00
  1.358018e-01,  1.786273e+01
  1.190270e-01,  1.270790e+01
  1.351029e-01,  -1.521978e+00
  1.515871e-01,  3.317017e+00
  1.343019e-01,  2.190974e+01
  1.116817e-01,  2.530339e+01
  1.390015e-01,  1.640557e-01
  1.785479e-01,  -1.455266e+00
  1.416667e-01,  2.094154e+01
  9.550117e-02,  3.934170e+01
  1.277887e-01,  -6.542804e+00
  2.062154e-01,  -1.212650e+01
  1.360643e-01,  2.361970e+01
  1.222765e-01,  8.483582e+01
  1.089507e-01,  6.181035e+00
  2.894540e-01,  -2.152205e+01
  1.310281e-01,  3.769673e+00
  2.381931e-01,  1.213597e+02
  1.308362e-01,  6.904034e+01
  4.461630e-01,  -1.820378e+01
  1.968978e-01,  -2.831454e+01
  5.465734e-01,  1.504911e+02
  3.414260e-01,  1.219693e+02
  9.610103e-01,  -1.459042e+01
  5.675536e-01,  -3.797327e+01
  2.740105e+00,  1.580791e+02
  6.344197e+00,  -3.216083e+01
  1.929034e+00,  -1.364748e+02
  7.300826e+00,  -1.714932e+02
  7.022712e+00,  -1.761825e+02
  7.939950e+00,  1.784550e+02
  1.019806e+01,  1.708335e+02
  1.154271e+01,  1.624233e+02
  1.185499e+01,  1.530291e+02
  1.251248e+01,  1.435543e+02
  1.393096e+01,  1.346001e+02
  1.531050e+01,  1.257379e+02
  1.613613e+01,  1.173936e+02
  1.686082e+01,  1.109163e+02
  1.787574e+01,  1.066115e+02
  1.882786e+01,  1.032482e+02
  1.940192e+01,  1.002006e+02
  1.965549e+01,  9.793657e+01
  1.951383e+01,  9.680387e+01
  1.887109e+01,  9.662207e+01
  1.774610e+01,  9.695947e+01
  1.611577e+01,  9.789026e+01
  1.411220e+01,  1.013045e+02
  1.217614e+01,  1.098971e+02
  1.075868e+01,  1.233220e+02
  9.979275e+00,  1.386562e+02
  9.988404e+00,  1.545494e+02
  1.097714e+01,  1.689051e+02
  1.249383e+01,  1.789042e+02
  1.376179e+01,  -1.752421e+02
  1.436619e+01,  -1.717892e+02
  1.424410e+01,  -1.695501e+02
  1.346132e+01,  -1.680294e+02
  1.213853e+01,  -1.667927e+02
  1.045549e+01,  -1.653550e+02
  8.571939e+00,  -1.635230e+02
  6.574558e+00,  -1.616143e+02
  4.539693e+00,  -1.604860e+02
  2.479910e+00,  -1.604184e+02
  3.491588e-01,  -1.456752e+02
  1.792297e+00,  9.931030e+00
  3.600378e+00,  1.217901e+01
  5.030734e+00,  1.297453e+01
  6.097831e+00,  1.215598e+01
  6.633882e+00,  1.106521e+01
  6.643975e+00,  1.168367e+01
  6.544651e+00,  1.465057e+01
  6.595794e+00,  1.909915e+01
  6.701107e+00,  2.431778e+01
  6.899283e+00,  2.933321e+01
  7.226667e+00,  3.233616e+01
  7.382583e+00,  3.300427e+01
  7.158996e+00,  3.179072e+01
  6.743638e+00,  2.777739e+01
  6.362379e+00,  1.981613e+01
  6.090388e+00,  8.051803e+00
  6.108696e+00,  -6.931067e+00
  6.765999e+00,  -2.296065e+01
  8.067417e+00,  -3.605245e+01
  9.550359e+00,  -4.522949e+01
  1.104792e+01,  -5.192378e+01
  1.281512e+01,  -5.697710e+01
  1.466682e+01,  -6.081944e+01
  1.608970e+01,  -6.418437e+01
  1.727642e+01,  -6.736502e+01
  1.863030e+01,  -7.014229e+01
  1.973198e+01,  -7.291261e+01
  2.012214e+01,  -7.639327e+01
  1.993015e+01,  -8.040010e+01
  1.910228e+01,  -8.419905e+01
  1.753690e+01,  -8.735049e+01
  1.565339e+01,  -8.886846e+01
  1.376714e+01,  -8.700071e+01
  1.188384e+01,  -8.060963e+01
  1.033576e+01,  -6.948845e+01
  9.641544e+00,  -5.490420e+01
  9.842561e+00,  -3.957331e+01
  1.061590e+01,  -2.535959e+01
  1.171777e+01,  -1.338026e+01
  1.301113e+01,  -4.531617e+00
  1.432825e+01,  1.326531e+00
  1.529954e+01,  5.472252e+00
  1.547137e+01,  9.168001e+00
  1.477453e+01,  1.258263e+01
  1.346188e+01,  1.516310e+01
  1.157296e+01,  1.704355e+01
  9.006137e+00,  1.928693e+01
  5.998006e+00,  2.290120e+01
  3.010254e+00,  3.016353e+01
  6.342578e-01,  1.043064e+02
  2.984402e+00,  -1.748181e+02
  5.786398e+00,  -1.689883e+02
  7.783539e+00,  -1.661571e+02
  8.662656e+00,  -1.634238e+02
  9.038607e+00,  -1.618467e+02
  9.272060e+00,  -1.621057e+02
  8.564608e+00,  -1.614766e+02
  6.484033e+00,  -1.565647e+02
  4.595189e+00,  -1.502815e+02
  3.247631e+00,  -1.495934e+02
  5.148947e+00,  -2.465454e+01
##END=