##TITLE= twqubit_encoding2_Cfix4
##JCAMP-DX= 5.00 Bruker JCAMP library
##DATA TYPE= Shape Data
##ORIGIN= Colm Fixed Pulses 
##OWNER= d29lu
##DATE= 21-Apr-2015
##TIME= 19:20
##MINX= 7.186783e-02
##MAXX= 7.933314e+01
##MINY= -1.786975e+02
##MAXY= 1.799323e+02
##$SHAPE_EXMODE= None
##$SHAPE_TOTROT= 9.000000e+01
##$SHAPE_BWFAC= 1.000000e+00
##$SHAPE_INTEGFAC= 1.000000e+00
##$SHAPE_MODE= 1
##NPOINTS= 2128
##XYPOINTS= (XY..XY)
  3.283926e+00,  3.820491e+01
  1.766600e+01,  3.547774e+01
  4.825132e+01,  1.276879e+02
  5.812584e+01,  1.768611e+02
  7.684905e+00,  -1.320471e+02
  1.799511e+01,  8.440964e+01
  1.420281e+01,  1.288750e+02
  1.416801e+01,  -4.564426e+01
  3.074352e+01,  -4.901052e+01
  2.513702e+01,  -8.906020e+01
  1.731387e+01,  -1.217511e+02
  1.453406e+01,  1.659983e+02
  2.798105e+01,  1.411005e+02
  1.911162e+01,  1.330053e+02
  6.497004e+00,  3.826277e+00
  1.782361e+01,  -2.713677e+01
  1.646451e+01,  -8.710641e+01
  1.774655e+01,  -9.976355e+01
  7.720888e+00,  3.272320e+01
  2.673952e+01,  1.035266e+02
  2.681676e+01,  1.385102e+02
  1.125113e+01,  -1.226340e+02
  2.850162e+01,  -3.730137e+01
  2.645650e+01,  -7.571772e+00
  6.202447e+00,  -4.942389e+01
  1.399887e+01,  -7.994416e+01
  2.352519e+01,  -2.183023e+01
  2.220887e+01,  1.903419e+00
  1.570686e+00,  -1.205741e+02
  2.429445e+01,  -1.426447e+02
  2.548902e+01,  -1.475379e+02
  1.442992e+01,  1.505465e+02
  2.287711e+01,  1.182135e+02
  1.962435e+01,  1.548184e+02
  1.873393e+01,  -1.313444e+02
  2.168950e+01,  -8.072257e+01
  1.454150e+01,  -5.196466e+01
  4.026672e+00,  -6.177885e+01
  5.163734e+00,  -8.839583e+01
  1.430737e+01,  -7.825344e+01
  2.886089e+01,  -7.928361e+01
  2.863617e+01,  -6.313587e+01
  1.074403e+01,  7.116390e+00
  2.352587e+01,  1.119593e+02
  2.693247e+01,  1.418940e+02
  7.111660e+00,  -1.742478e+02
  2.186562e+01,  -1.750387e+01
  2.916466e+01,  6.361390e+00
  1.214968e+01,  5.626598e+01
  2.211680e+01,  1.753886e+02
  3.110523e+01,  -1.574821e+02
  2.041666e+01,  -1.664320e+02
  2.184560e+01,  1.414327e+02
  1.238365e+01,  1.486281e+02
  1.371909e+01,  -5.692620e+01
  1.969988e+01,  -4.690439e+01
  6.463410e+00,  -9.360587e+01
  1.255036e+01,  -1.687238e+02
  1.610441e+01,  -1.688462e+02
  1.368499e+01,  1.582001e+02
  9.719156e+00,  1.040646e+02
  1.059960e+01,  -1.645457e+01
  2.464170e+01,  -3.948991e+01
  2.666507e+01,  -4.552572e+01
  1.433108e+01,  -3.387412e+01
  1.151387e+01,  1.060757e+02
  2.742851e+01,  1.355012e+02
  2.785173e+01,  1.418624e+02
  1.412238e+01,  1.680874e+02
  1.697625e+01,  -8.504407e+01
  2.103950e+01,  -4.866990e+01
  7.469463e+00,  2.517458e+01
  1.616348e+01,  1.279453e+02
  1.575558e+01,  1.392881e+02
  8.553260e+00,  9.340018e+01
  8.800091e+00,  4.262845e+01
  5.361389e+00,  1.942078e+01
  9.863530e-01,  7.679746e+01
  5.766190e+00,  1.414836e+02
  1.123594e+01,  1.353448e+02
  1.528291e+01,  1.405462e+02
  1.883431e+01,  1.685828e+02
  2.570290e+01,  1.797171e+02
  3.057590e+01,  1.625297e+02
  2.974618e+01,  1.521226e+02
  1.906379e+01,  1.441828e+02
  1.275867e+01,  8.317302e+01
  1.428910e+01,  2.422930e+01
  1.371363e+01,  -3.957994e+01
  1.464126e+01,  -9.127393e+01
  1.277334e+01,  -1.423903e+02
  7.570881e+00,  1.370673e+02
  1.886018e+01,  7.027315e+01
  2.448637e+01,  6.914250e+01
  1.526171e+01,  4.712577e+01
  2.262303e+01,  2.719060e+01
  3.976134e+01,  7.443955e+01
  4.770655e+01,  1.413248e+02
  5.225920e+01,  -1.089259e+02
  3.023160e+01,  2.442439e+01
  1.429166e+01,  1.241091e+02
  9.297921e+00,  -1.393039e+02
  6.801084e+00,  -5.637719e+01
  5.992572e+00,  4.037340e+01
  4.703629e+00,  1.128178e+02
  3.394752e+00,  -1.444641e+02
  3.134847e+00,  -6.068638e+01
  2.989598e+00,  3.488055e+01
  2.638899e+00,  1.035567e+02
  1.644506e+00,  -1.560041e+02
  1.714799e+00,  -6.467750e+01
  1.748399e+00,  2.779874e+01
  1.659242e+00,  9.420285e+01
  8.985680e-01,  -1.745684e+02
  9.131186e-01,  -6.934886e+01
  1.114658e+00,  2.298999e+01
  1.154664e+00,  8.265673e+01
  5.300356e-01,  1.562860e+02
  4.359024e-01,  -7.294077e+01
  7.206379e-01,  2.015185e+01
  8.391146e-01,  7.219030e+01
  4.090181e-01,  1.228439e+02
  1.134784e-01,  -7.651656e+01
  4.465535e-01,  2.864120e+01
  6.431721e-01,  6.998451e+01
  4.015120e-01,  1.023921e+02
  7.186783e-02,  8.051326e+01
  3.300885e-01,  3.900440e+01
  5.150914e-01,  6.652405e+01
  3.919344e-01,  8.864220e+01
  1.808707e-01,  8.103658e+01
  2.899774e-01,  4.992225e+01
  4.359390e-01,  6.342010e+01
  3.705875e-01,  7.919309e+01
  2.228473e-01,  8.085511e+01
  2.531974e-01,  6.142565e+01
  3.808159e-01,  6.378512e+01
  3.855653e-01,  7.055862e+01
  2.991314e-01,  7.091101e+01
  2.877556e-01,  6.594137e+01
  3.485268e-01,  6.847290e+01
  3.557558e-01,  7.280490e+01
  2.959449e-01,  7.140389e+01
  2.721649e-01,  6.546901e+01
  3.081934e-01,  6.656120e+01
  3.314495e-01,  7.132243e+01
  3.100613e-01,  7.196118e+01
  2.906014e-01,  6.755533e+01
  3.044517e-01,  6.574591e+01
  3.241231e-01,  6.877943e+01
  3.294774e-01,  7.137156e+01
  3.309987e-01,  7.090508e+01
  3.369063e-01,  7.014039e+01
  3.369781e-01,  7.131153e+01
  3.300993e-01,  7.214245e+01
  3.280675e-01,  7.016423e+01
  3.309045e-01,  6.765493e+01
  3.259827e-01,  6.799216e+01
  3.182776e-01,  7.015317e+01
  3.232464e-01,  7.011879e+01
  3.345491e-01,  6.758219e+01
  3.304487e-01,  6.619035e+01
  3.125154e-01,  6.785153e+01
  3.087558e-01,  7.038458e+01
  3.251412e-01,  7.073325e+01
  3.347273e-01,  6.993555e+01
  3.219829e-01,  7.005217e+01
  3.071415e-01,  7.105068e+01
  3.108401e-01,  7.152483e+01
  3.220508e-01,  7.122104e+01
  3.226165e-01,  7.052104e+01
  3.191380e-01,  6.911607e+01
  3.254405e-01,  6.758621e+01
  3.319120e-01,  6.775692e+01
  3.224805e-01,  6.986680e+01
  3.065014e-01,  7.139046e+01
  3.047914e-01,  6.979955e+01
  3.162732e-01,  6.735967e+01
  3.201713e-01,  6.763295e+01
  3.136677e-01,  6.993905e+01
  3.136280e-01,  7.060916e+01
  3.227637e-01,  6.901478e+01
  3.232124e-01,  6.861028e+01
  3.080616e-01,  7.072895e+01
  2.973667e-01,  7.218548e+01
  3.079237e-01,  7.030739e+01
  3.298426e-01,  6.828885e+01
  3.404116e-01,  6.899170e+01
  3.353638e-01,  7.057850e+01
  3.257519e-01,  7.004160e+01
  3.178817e-01,  6.830390e+01
  3.097940e-01,  6.878596e+01
  3.050100e-01,  7.131026e+01
  3.114856e-01,  7.202486e+01
  3.273551e-01,  6.993895e+01
  3.395614e-01,  6.824200e+01
  3.374610e-01,  6.901487e+01
  3.281251e-01,  7.117970e+01
  3.266598e-01,  7.229470e+01
  3.369225e-01,  7.155739e+01
  3.476466e-01,  7.026574e+01
  3.465959e-01,  6.958397e+01
  3.363712e-01,  6.950239e+01
  3.303694e-01,  6.914042e+01
  3.345027e-01,  6.805413e+01
  3.400197e-01,  6.739669e+01
  3.362381e-01,  6.868030e+01
  3.251886e-01,  7.164775e+01
  3.168324e-01,  7.386251e+01
  3.163604e-01,  7.352859e+01
  3.221875e-01,  7.184703e+01
  3.278065e-01,  7.068557e+01
  3.269218e-01,  7.022491e+01
  3.195809e-01,  7.011167e+01
  3.121622e-01,  7.046781e+01
  3.105015e-01,  7.050521e+01
  3.150735e-01,  6.860897e+01
  3.238947e-01,  6.570005e+01
  3.316375e-01,  6.535775e+01
  3.304064e-01,  6.870750e+01
  3.178653e-01,  7.219153e+01
  3.034066e-01,  7.176715e+01
  3.070944e-01,  6.875376e+01
  3.292446e-01,  6.796996e+01
  3.418077e-01,  6.934156e+01
  3.263373e-01,  6.979866e+01
  3.030430e-01,  6.860313e+01
  3.034387e-01,  6.825136e+01
  3.226480e-01,  6.973034e+01
  3.289851e-01,  7.114995e+01
  3.154983e-01,  7.159382e+01
  3.101867e-01,  7.113259e+01
  3.269140e-01,  6.977439e+01
  3.404310e-01,  6.838108e+01
  3.266769e-01,  6.907471e+01
  3.027227e-01,  7.290280e+01
  2.998518e-01,  7.538776e+01
  3.162848e-01,  7.155823e+01
  3.309466e-01,  6.520539e+01
  3.274318e-01,  6.332570e+01
  3.129331e-01,  6.819482e+01
  3.088244e-01,  7.407522e+01
  3.159749e-01,  7.402841e+01
  3.274334e-01,  6.983723e+01
  3.335484e-01,  6.754775e+01
  3.243773e-01,  6.897766e+01
  3.047245e-01,  7.127317e+01
  2.898357e-01,  7.142050e+01
  2.919486e-01,  7.020272e+01
  3.073633e-01,  7.008701e+01
  3.205684e-01,  7.069523e+01
  3.219718e-01,  7.030606e+01
  3.187538e-01,  6.890012e+01
  3.245539e-01,  6.801710e+01
  3.386328e-01,  6.807543e+01
  3.437977e-01,  6.807498e+01
  3.302908e-01,  6.791797e+01
  3.134803e-01,  6.866211e+01
  3.143738e-01,  7.039151e+01
  3.276885e-01,  7.158204e+01
  3.284883e-01,  7.175730e+01
  3.106650e-01,  7.164230e+01
  2.970439e-01,  7.154173e+01
  3.055737e-01,  7.117062e+01
  3.238110e-01,  7.076368e+01
  3.291649e-01,  7.070860e+01
  3.209917e-01,  7.065731e+01
  3.163570e-01,  7.007870e+01
  3.218040e-01,  6.940269e+01
  3.268352e-01,  6.939586e+01
  3.237390e-01,  6.990149e+01
  3.171781e-01,  7.017192e+01
  3.125004e-01,  6.983631e+01
  3.091680e-01,  6.924726e+01
  3.088857e-01,  6.913733e+01
  3.167384e-01,  6.997375e+01
  3.288785e-01,  7.108855e+01
  3.316652e-01,  7.116998e+01
  3.211658e-01,  6.991210e+01
  3.110476e-01,  6.875983e+01
  3.126850e-01,  6.915050e+01
  3.199180e-01,  7.012511e+01
  3.203598e-01,  7.041300e+01
  3.138684e-01,  7.086298e+01
  3.101748e-01,  7.247478e+01
  3.136662e-01,  7.344365e+01
  3.197018e-01,  7.176257e+01
  3.240833e-01,  6.943414e+01
  3.250367e-01,  7.001914e+01
  3.241283e-01,  7.294852e+01
  3.228357e-01,  7.400821e+01
  3.208367e-01,  7.200090e+01
  3.176061e-01,  7.053022e+01
  3.110835e-01,  7.174588e+01
  3.031053e-01,  7.279098e+01
  2.998086e-01,  7.080973e+01
  3.081259e-01,  6.815771e+01
  3.244980e-01,  6.823853e+01
  3.365011e-01,  6.978445e+01
  3.351013e-01,  6.994336e+01
  3.265152e-01,  6.878145e+01
  3.248639e-01,  6.877927e+01
  3.313545e-01,  7.050658e+01
  3.319677e-01,  7.165973e+01
  3.195441e-01,  7.066688e+01
  3.074231e-01,  6.857449e+01
  3.081025e-01,  6.795494e+01
  3.147951e-01,  6.944804e+01
  3.157573e-01,  7.122056e+01
  3.127376e-01,  7.135714e+01
  3.140251e-01,  6.957059e+01
  3.178385e-01,  6.740470e+01
  3.181143e-01,  6.661744e+01
  3.194588e-01,  6.802087e+01
  3.277288e-01,  7.075562e+01
  3.332034e-01,  7.269042e+01
  3.245728e-01,  7.242706e+01
  3.125416e-01,  7.048963e+01
  3.148829e-01,  6.925355e+01
  3.262250e-01,  6.983997e+01
  3.260212e-01,  7.067665e+01
  3.106304e-01,  7.054346e+01
  2.982700e-01,  7.030608e+01
  3.010005e-01,  7.091474e+01
  3.112782e-01,  7.070017e+01
  3.187730e-01,  6.812023e+01
  3.229911e-01,  6.527645e+01
  3.236022e-01,  6.582641e+01
  3.210992e-01,  6.969208e+01
  3.211969e-01,  7.245803e+01
  3.273339e-01,  7.099737e+01
  3.347653e-01,  6.767447e+01
  3.296277e-01,  6.655138e+01
  3.105468e-01,  6.875767e+01
  2.982998e-01,  7.179348e+01
  3.080576e-01,  7.187118e+01
  3.290851e-01,  6.932381e+01
  3.366860e-01,  6.770459e+01
  3.222750e-01,  6.909204e+01
  3.041833e-01,  7.188743e+01
  2.990068e-01,  7.203294e+01
  3.038261e-01,  6.951142e+01
  3.089513e-01,  6.850527e+01
  3.144969e-01,  7.018062e+01
  3.251839e-01,  7.120445e+01
  3.336823e-01,  7.021167e+01
  3.299806e-01,  7.019460e+01
  3.200669e-01,  7.258431e+01
  3.197590e-01,  7.339973e+01
  3.299800e-01,  6.988528e+01
  3.354705e-01,  6.650052e+01
  3.233023e-01,  6.788444e+01
  3.075834e-01,  7.198899e+01
  3.072530e-01,  7.220142e+01
  3.219986e-01,  6.841097e+01
  3.334349e-01,  6.689343e+01
  3.260160e-01,  6.958540e+01
  3.080237e-01,  7.254103e+01
  2.975983e-01,  7.178043e+01
  3.064462e-01,  6.930695e+01
  3.261399e-01,  6.898776e+01
  3.374862e-01,  7.008812e+01
  3.326397e-01,  7.049677e+01
  3.233018e-01,  7.058250e+01
  3.236957e-01,  7.172796e+01
  3.287182e-01,  7.277088e+01
  3.215378e-01,  7.157102e+01
  3.044577e-01,  6.855847e+01
  3.007071e-01,  6.689697e+01
  3.210353e-01,  6.809202e+01
  3.453135e-01,  6.987596e+01
  3.454415e-01,  7.090882e+01
  3.214517e-01,  7.168357e+01
  2.984607e-01,  7.204387e+01
  2.946110e-01,  7.050198e+01
  3.074271e-01,  6.729125e+01
  3.238608e-01,  6.499988e+01
  3.318042e-01,  6.523001e+01
  3.272144e-01,  6.727521e+01
  3.164998e-01,  6.953513e+01
  3.120428e-01,  7.109317e+01
  3.183268e-01,  7.188254e+01
  3.254410e-01,  7.183082e+01
  3.252650e-01,  7.074288e+01
  3.247558e-01,  6.927830e+01
  3.297167e-01,  6.898312e+01
  3.287527e-01,  7.014380e+01
  3.119975e-01,  7.113648e+01
  2.949675e-01,  7.046972e+01
  3.008184e-01,  6.947748e+01
  3.224463e-01,  7.056427e+01
  3.314763e-01,  7.262747e+01
  3.204147e-01,  7.252540e+01
  3.106414e-01,  6.907036e+01
  3.142204e-01,  6.586730e+01
  3.166167e-01,  6.627234e+01
  3.137718e-01,  6.880019e+01
  3.210694e-01,  6.984343e+01
  3.388705e-01,  6.871908e+01
  3.427790e-01,  6.787346e+01
  3.219369e-01,  6.872952e+01
  3.022623e-01,  7.056261e+01
  3.075910e-01,  7.161085e+01
  3.237136e-01,  7.165138e+01
  3.244652e-01,  7.140334e+01
  3.130560e-01,  7.081913e+01
  3.114122e-01,  6.990331e+01
  3.205570e-01,  6.953113e+01
  3.206951e-01,  7.013110e+01
  3.074660e-01,  7.093284e+01
  3.007353e-01,  7.066378e+01
  3.129731e-01,  6.921799e+01
  3.293428e-01,  6.807989e+01
  3.301361e-01,  6.848179e+01
  3.193900e-01,  7.028655e+01
  3.148147e-01,  7.125189e+01
  3.189009e-01,  6.924198e+01
  3.187005e-01,  6.613295e+01
  3.079322e-01,  6.626461e+01
  3.020714e-01,  7.082202e+01
  3.155672e-01,  7.407602e+01
  3.330030e-01,  7.178422e+01
  3.330661e-01,  6.764549e+01
  3.137913e-01,  6.707740e+01
  2.993899e-01,  7.018334e+01
  3.083431e-01,  7.082454e+01
  3.271025e-01,  6.754356e+01
  3.311547e-01,  6.576613e+01
  3.170685e-01,  6.863942e+01
  3.084859e-01,  7.259049e+01
  3.158547e-01,  7.217985e+01
  3.251533e-01,  6.962128e+01
  3.180790e-01,  7.030754e+01
  2.992585e-01,  7.429792e+01
  2.897684e-01,  7.572581e+01
  3.007553e-01,  7.196543e+01
  3.243122e-01,  6.871346e+01
  3.376810e-01,  6.935419e+01
  3.309055e-01,  7.073566e+01
  3.138969e-01,  6.906166e+01
  3.057067e-01,  6.597154e+01
  3.123568e-01,  6.626378e+01
  3.234784e-01,  6.930903e+01
  3.252041e-01,  7.103843e+01
  3.167598e-01,  7.073104e+01
  3.130397e-01,  7.063124e+01
  3.227336e-01,  7.094647e+01
  3.356409e-01,  6.985836e+01
  3.374647e-01,  6.829095e+01
  3.286791e-01,  6.908721e+01
  3.225571e-01,  7.195404e+01
  3.242429e-01,  7.299723e+01
  3.256829e-01,  7.144012e+01
  3.209582e-01,  7.067989e+01
  3.131542e-01,  7.193995e+01
  3.098196e-01,  7.194166e+01
  3.147585e-01,  6.901775e+01
  3.243730e-01,  6.675498e+01
  3.277392e-01,  6.773257e+01
  3.212170e-01,  6.964483e+01
  3.146056e-01,  6.957501e+01
  3.212315e-01,  6.874224e+01
  3.368233e-01,  6.967082e+01
  3.408642e-01,  7.129063e+01
  3.244271e-01,  7.158182e+01
  3.047398e-01,  7.118716e+01
  3.009150e-01,  7.207869e+01
  3.096169e-01,  7.300375e+01
  3.171402e-01,  7.143050e+01
  3.210333e-01,  6.850392e+01
  3.208759e-01,  6.781821e+01
  3.105319e-01,  7.023519e+01
  2.947359e-01,  7.311138e+01
  2.921016e-01,  7.385639e+01
  3.099545e-01,  7.299271e+01
  3.268571e-01,  7.208885e+01
  3.225448e-01,  7.081171e+01
  3.114956e-01,  6.845289e+01
  3.192745e-01,  6.630548e+01
  3.387770e-01,  6.633684e+01
  3.423559e-01,  6.845084e+01
  3.267870e-01,  7.118119e+01
  3.140769e-01,  7.227960e+01
  3.130146e-01,  7.090195e+01
  3.101604e-01,  6.925085e+01
  3.016090e-01,  6.929504e+01
  3.055589e-01,  6.982025e+01
  3.265393e-01,  6.834955e+01
  3.377846e-01,  6.590821e+01
  3.197296e-01,  6.560462e+01
  2.967984e-01,  6.866724e+01
  3.029680e-01,  7.100148e+01
  3.246041e-01,  6.926917e+01
  3.236636e-01,  6.685253e+01
  2.988987e-01,  6.764795e+01
  2.917794e-01,  7.045613e+01
  3.167890e-01,  6.993022e+01
  3.362014e-01,  6.724102e+01
  3.215777e-01,  6.698163e+01
  3.015702e-01,  6.955805e+01
  3.113709e-01,  6.971558e+01
  3.296374e-01,  6.704262e+01
  3.186856e-01,  6.700858e+01
  2.989747e-01,  7.067885e+01
  3.153729e-01,  7.134400e+01
  3.467451e-01,  6.847829e+01
  3.363046e-01,  6.909552e+01
  3.014815e-01,  7.323198e+01
  3.091105e-01,  7.045997e+01
  3.467767e-01,  6.375592e+01
  3.262238e-01,  6.687909e+01
  2.795124e-01,  8.028823e+01
  3.039662e-01,  7.672530e+01
  3.779976e-01,  6.096512e+01
  3.367821e-01,  6.104544e+01
  2.326251e-01,  8.889839e+01
  2.761943e-01,  8.560575e+01
  4.484420e-01,  5.636433e+01
  4.146718e-01,  5.261833e+01
  1.963091e-01,  1.083276e+02
  2.443371e-01,  1.131570e+02
  5.380469e-01,  5.103645e+01
  5.687882e-01,  4.089621e+01
  1.840038e-01,  1.543883e+02
  3.586564e-01,  1.647213e+02
  6.895470e-01,  4.535656e+01
  9.696908e-01,  3.075967e+01
  2.912938e-01,  -1.643846e+02
  8.372307e-01,  -1.688634e+02
  1.007063e+00,  3.851039e+01
  1.849175e+00,  2.548253e+01
  8.295231e-01,  -1.558793e+02
  2.191062e+00,  -1.631721e+02
  2.229295e+00,  2.618590e+01
  5.868355e+00,  3.230396e+01
  6.503849e+00,  -3.202615e+01
  3.283298e+01,  1.276636e+01
  4.820269e+01,  2.149489e+00
  2.897272e+01,  -3.534622e+01
  1.333028e+01,  -1.066604e+02
  1.889251e+01,  -1.553392e+02
  2.865713e+01,  1.745916e+02
  3.925192e+01,  1.665494e+02
  3.392094e+01,  1.636776e+02
  2.418611e+01,  1.207563e+02
  3.347849e+01,  7.998085e+01
  3.071087e+01,  6.276946e+01
  1.524713e+01,  4.050464e+01
  6.798610e+00,  -5.511990e+01
  1.400985e+01,  -9.170863e+01
  1.674148e+01,  -9.207559e+01
  1.725017e+01,  -7.913488e+01
  1.582405e+01,  -7.162321e+01
  1.563727e+01,  -1.096219e+02
  2.302250e+01,  -1.505663e+02
  2.479610e+01,  1.599115e+02
  3.424406e+01,  1.178516e+02
  2.965164e+01,  1.016743e+02
  6.572271e+00,  2.740988e+01
  2.860955e+01,  -6.610208e+01
  3.403288e+01,  -7.219094e+01
  2.651596e+01,  -1.052981e+02
  3.806198e+01,  -1.546881e+02
  3.516123e+01,  -1.770102e+02
  1.490023e+01,  1.552624e+02
  1.802660e+01,  1.104306e+02
  3.732061e+01,  1.203765e+02
  3.727926e+01,  1.089655e+02
  2.597230e+01,  6.858227e+01
  1.301494e+01,  3.535161e+01
  6.512651e+00,  -3.378799e+01
  1.309794e+01,  -7.714935e+01
  1.620934e+01,  -1.418724e+02
  3.056802e+01,  -1.579578e+02
  3.121729e+01,  -1.010425e+02
  2.420435e+01,  -3.640205e+01
  1.715653e+01,  6.988946e+01
  1.125058e+01,  1.504347e+02
  1.339198e+01,  -9.924341e+01
  1.337938e+01,  3.163494e+00
  2.926885e+01,  6.223275e+01
  2.007264e+01,  7.471539e+01
  1.119412e+01,  -6.153643e+01
  2.690283e+01,  -5.985914e+01
  1.871165e+01,  -2.907958e+01
  1.105955e+01,  1.155803e+02
  3.283922e+01,  1.686101e+02
  2.461305e+01,  -1.546935e+02
  2.646262e+01,  -2.221150e+01
  4.504372e+01,  2.746089e+01
  3.311971e+01,  7.014685e+01
  5.560779e+00,  -1.644769e+01
  1.944570e+01,  -7.897137e+01
  2.474381e+01,  -1.398163e+02
  2.966228e+01,  -1.383213e+02
  1.927829e+01,  -1.258972e+02
  8.234261e+00,  1.316356e+02
  2.060269e+01,  9.556888e+01
  1.086711e+01,  8.161565e+01
  1.039136e+01,  4.914861e+00
  2.755686e+01,  2.669397e+01
  4.011745e+01,  3.149378e+01
  3.630779e+01,  8.670715e+00
  4.032104e+01,  -1.081538e+01
  3.353320e+01,  -1.378715e+01
  9.279875e+00,  -6.800115e+01
  1.941459e+01,  -1.733610e+02
  2.329788e+01,  1.355215e+02
  4.142969e+01,  7.732871e+01
  5.667585e+01,  5.063970e+01
  4.259444e+01,  2.698159e+01
  3.282130e+01,  -1.480734e+01
  4.195719e+01,  -3.273916e+01
  3.631907e+01,  -3.037362e+01
  1.285287e+01,  -2.339544e+01
  3.357181e+00,  1.275379e+02
  3.337391e+00,  6.271688e+01
  4.961297e+00,  3.294664e+01
  1.309207e+01,  1.341286e+02
  3.228096e+01,  1.453137e+02
  3.032097e+01,  1.440637e+02
  2.004574e+01,  8.041373e+01
  4.010219e+01,  3.016985e+01
  3.808219e+01,  2.152012e+01
  1.424664e+01,  4.262874e+01
  6.668100e+00,  -1.360442e+02
  1.740391e+01,  -1.218632e+02
  1.888900e+01,  -1.585879e+02
  2.285785e+01,  1.774942e+02
  1.420467e+01,  1.796307e+02
  2.617878e+00,  -1.010602e+02
  5.302678e+00,  -1.665719e+01
  6.167729e+00,  3.248877e+01
  1.140090e+01,  2.860820e+01
  1.696708e+01,  -2.112528e+00
  1.705764e+01,  -4.624961e+01
  1.549875e+01,  -9.788971e+01
  9.253165e+00,  -1.736489e+02
  2.448625e+01,  1.436174e+02
  4.220641e+01,  1.373254e+02
  4.174966e+01,  8.927430e+01
  5.044092e+01,  5.450371e+01
  1.844480e+01,  8.716426e+01
  1.997141e+01,  -9.392208e+01
  4.492930e+01,  -1.233371e+01
  7.381221e+01,  2.781302e+01
  5.340856e+01,  -1.782975e+01
  7.933314e+01,  -7.180181e+01
  2.979645e+01,  -5.815196e+01
  1.731274e+01,  1.041736e+02
  3.821678e+01,  1.659015e+02
  1.921932e+01,  -1.786322e+02
  3.245154e+01,  6.856072e+00
  6.895179e+01,  2.825419e+01
  5.204457e+01,  1.261550e+01
  4.714190e+01,  -6.166654e+01
  3.306529e+01,  -7.330006e+01
  1.607129e+01,  -8.262408e+00
  1.269449e+01,  6.749857e+00
  7.793091e+00,  -1.618652e+02
  2.319389e+01,  1.601860e+02
  3.006616e+01,  1.459460e+02
  2.110987e+01,  1.486012e+02
  1.672632e+01,  5.501792e+01
  3.986504e+01,  2.188782e+01
  3.067115e+01,  4.581199e+00
  1.153920e+01,  -7.450593e+01
  2.464302e+01,  -1.058985e+02
  2.157814e+01,  -9.126342e+01
  4.451607e+00,  -1.269997e+02
  1.467530e+01,  1.547832e+02
  1.610481e+01,  -1.688032e+02
  1.172618e+01,  -1.072016e+02
  1.164462e+01,  1.914709e+00
  2.845161e+01,  4.470286e+01
  3.424332e+01,  5.581347e+01
  1.618666e+01,  4.639633e+01
  2.039871e+01,  -8.397223e+01
  3.446231e+01,  -8.549471e+01
  1.322318e+01,  -7.192186e+01
  2.663171e+01,  1.141440e+02
  3.912267e+01,  1.349729e+02
  1.967357e+01,  -1.757044e+02
  1.575835e+01,  -6.211966e+01
  1.911081e+01,  -2.444356e+01
  6.307536e+00,  -3.974281e+01
  5.483878e+00,  -1.273613e+02
  7.950298e+00,  -3.551813e+01
  1.615373e+01,  -9.015312e+00
  1.407893e+01,  -3.498782e+01
  2.049684e+01,  -6.909704e+01
  2.416798e+01,  -8.624761e+01
  2.774232e+01,  -1.336001e+02
  1.789455e+01,  1.721539e+02
  3.101266e+01,  8.543448e+01
  3.692516e+01,  8.939643e+01
  2.433644e+01,  6.200162e+01
  2.775579e+01,  -5.508843e+00
  2.002175e+01,  -4.871665e+01
  2.268726e+01,  -1.094782e+02
  3.314330e+01,  -1.406574e+02
  3.200359e+01,  1.765037e+02
  1.897007e+01,  1.429580e+02
  2.958796e+00,  4.253939e+01
  4.691704e+00,  -9.308949e+00
  1.988416e+00,  -1.017698e+02
  1.036829e+01,  -1.054203e+02
  1.860327e+01,  -5.520762e+01
  2.803689e+01,  -6.169959e+00
  3.587767e+01,  4.954419e+00
  4.653564e+01,  -3.438674e+01
  6.137959e+01,  -7.332075e+01
  4.895900e+01,  -9.566581e+01
  1.396127e+01,  -1.100746e+02
  1.574524e+01,  1.421432e+02
  1.387151e+01,  1.182179e+02
  3.488085e+01,  1.331565e+01
  5.357390e+01,  2.637842e+01
  3.451353e+01,  4.254666e+01
  2.037146e+01,  -4.059587e+01
  2.583274e+01,  -7.707167e+01
  1.624480e+01,  -1.072377e+02
  1.580505e+01,  -8.598322e+01
  1.073774e+01,  -9.163066e+01
  1.744812e+01,  1.281375e+02
  2.861736e+01,  1.158449e+02
  9.585947e+00,  1.006445e+02
  2.200557e+01,  1.161854e+01
  4.061381e+01,  2.744483e+01
  1.192801e+01,  3.375457e+01
  7.674314e+01,  -1.030901e+02
  3.071120e+01,  -1.480268e+02
  6.249292e+01,  6.066467e+01
  2.738342e+01,  -1.169030e+02
  1.055194e+01,  -1.259565e+02
  9.975693e+00,  6.158185e+01
  7.741131e+00,  5.392114e+01
  5.259985e+00,  -1.167175e+02
  4.960671e+00,  -1.247468e+02
  3.959289e+00,  6.196191e+01
  4.451043e+00,  5.515276e+01
  1.993121e+00,  -1.126721e+02
  2.854762e+00,  -1.226417e+02
  1.829081e+00,  6.388003e+01
  2.857661e+00,  5.725258e+01
  5.986208e-01,  -1.038217e+02
  1.630962e+00,  -1.207935e+02
  8.793997e-01,  6.574267e+01
  1.866253e+00,  5.929257e+01
  7.741611e-02,  -2.032211e+01
  9.182546e-01,  -1.203250e+02
  4.250283e-01,  6.899219e+01
  1.255241e+00,  6.111679e+01
  2.955883e-01,  5.500701e+01
  4.525190e-01,  -1.189010e+02
  2.074253e-01,  6.743335e+01
  8.467418e-01,  6.193773e+01
  4.123491e-01,  6.341787e+01
  1.284114e-01,  -1.404224e+02
  1.675823e-01,  8.134549e+01
  5.896716e-01,  6.456245e+01
  4.221737e-01,  6.397630e+01
  8.962190e-02,  8.540527e+01
  1.927738e-01,  7.760064e+01
  4.647590e-01,  6.745924e+01
  4.107695e-01,  6.699976e+01
  1.874674e-01,  7.473547e+01
  2.010681e-01,  7.488189e+01
  3.783807e-01,  6.756269e+01
  3.963641e-01,  6.670066e+01
  2.661326e-01,  7.120752e+01
  2.392490e-01,  7.489257e+01
  3.347755e-01,  7.083186e+01
  3.674578e-01,  6.871732e+01
  2.954157e-01,  6.968647e+01
  2.588699e-01,  7.108518e+01
  3.092617e-01,  6.975717e+01
  3.469695e-01,  6.867031e+01
  3.177672e-01,  6.847734e+01
  2.900357e-01,  6.782512e+01
  3.134848e-01,  6.714581e+01
  3.396591e-01,  6.816017e+01
  3.216757e-01,  7.008420e+01
  2.911026e-01,  7.037894e+01
  2.936472e-01,  6.850495e+01
  3.150264e-01,  6.822541e+01
  3.160213e-01,  7.045002e+01
  2.992306e-01,  7.214026e+01
  2.962540e-01,  7.023864e+01
  3.169304e-01,  6.699882e+01
  3.369919e-01,  6.633652e+01
  3.364511e-01,  6.820094e+01
  3.219078e-01,  7.021045e+01
  3.094476e-01,  7.054125e+01
  3.069566e-01,  7.007272e+01
  3.116971e-01,  7.070402e+01
  3.170246e-01,  7.210959e+01
  3.174313e-01,  7.237265e+01
  3.118785e-01,  7.083823e+01
  3.055405e-01,  6.894864e+01
  3.053384e-01,  6.828974e+01
  3.124069e-01,  6.871653e+01
  3.179134e-01,  6.935807e+01
  3.128788e-01,  7.009042e+01
  3.040417e-01,  7.090934e+01
  3.085892e-01,  7.119204e+01
  3.274480e-01,  7.061538e+01
  3.373848e-01,  6.949498e+01
  3.226457e-01,  6.780784e+01
  3.016267e-01,  6.596330e+01
  3.010082e-01,  6.612257e+01
  3.156755e-01,  6.903646e+01
  3.194527e-01,  7.193460e+01
  3.088602e-01,  7.171497e+01
  3.109082e-01,  6.838710e+01
  3.341776e-01,  6.613943e+01
  3.482825e-01,  6.673435e+01
  3.338700e-01,  6.813316e+01
  3.140592e-01,  6.842560e+01
  3.183264e-01,  6.833825e+01
  3.373058e-01,  6.970038e+01
  3.401475e-01,  7.164888e+01
  3.208386e-01,  7.140755e+01
  3.032081e-01,  6.740226e+01
  3.042029e-01,  6.297597e+01
  3.131909e-01,  6.259366e+01
  3.195354e-01,  6.568713e+01
  3.250113e-01,  6.851168e+01
  3.284361e-01,  6.907085e+01
  3.257500e-01,  6.878932e+01
  3.197646e-01,  6.918465e+01
  3.166661e-01,  6.955825e+01
  3.132007e-01,  6.930021e+01
  3.028391e-01,  7.010376e+01
  2.943818e-01,  7.316071e+01
  3.035352e-01,  7.527311e+01
  3.240440e-01,  7.289370e+01
  3.344802e-01,  6.805145e+01
  3.258759e-01,  6.527595e+01
  3.141754e-01,  6.702424e+01
  3.181949e-01,  7.056532e+01
  3.281029e-01,  7.151687e+01
  3.243437e-01,  6.989353e+01
  3.091267e-01,  6.816754e+01
  2.995440e-01,  6.772345e+01
  3.029432e-01,  6.774022e+01
  3.107318e-01,  6.736429e+01
  3.139843e-01,  6.722161e+01
  3.132906e-01,  6.821161e+01
  3.131838e-01,  7.025037e+01
  3.150721e-01,  7.216493e+01
  3.174661e-01,  7.265736e+01
  3.186012e-01,  7.179759e+01
  3.160291e-01,  7.136658e+01
  3.080924e-01,  7.248970e+01
  2.989812e-01,  7.319505e+01
  2.979600e-01,  7.075901e+01
  3.112169e-01,  6.737272e+01
  3.291874e-01,  6.797477e+01
  3.377199e-01,  7.243275e+01
  3.325842e-01,  7.564235e+01
  3.199310e-01,  7.372524e+01
  3.145170e-01,  6.912283e+01
  3.180975e-01,  6.725754e+01
  3.203853e-01,  6.834115e+01
  3.166758e-01,  6.896392e+01
  3.129749e-01,  6.834723e+01
  3.179747e-01,  6.863879e+01
  3.275910e-01,  7.010092e+01
  3.246616e-01,  7.065935e+01
  3.026072e-01,  6.967828e+01
  2.835359e-01,  6.888303e+01
  2.943790e-01,  6.975581e+01
  3.262525e-01,  7.099971e+01
  3.381243e-01,  7.149881e+01
  3.131601e-01,  7.134732e+01
  2.876846e-01,  7.031473e+01
  3.021899e-01,  6.874398e+01
  3.415112e-01,  6.834914e+01
  3.555514e-01,  6.946732e+01
  3.301597e-01,  7.080357e+01
  3.013104e-01,  7.058755e+01
  3.002451e-01,  6.945335e+01
  3.160407e-01,  7.003792e+01
  3.236046e-01,  7.169221e+01
  3.189133e-01,  7.130423e+01
  3.130417e-01,  6.784689e+01
  3.100832e-01,  6.446799e+01
  3.065111e-01,  6.427677e+01
  3.075032e-01,  6.663864e+01
  3.180927e-01,  6.880697e+01
  3.291840e-01,  6.985959e+01
  3.296107e-01,  7.097185e+01
  3.220752e-01,  7.263853e+01
  3.170315e-01,  7.329092e+01
  3.170431e-01,  7.125116e+01
  3.172694e-01,  6.772850e+01
  3.142941e-01,  6.600992e+01
  3.117160e-01,  6.760477e+01
  3.154885e-01,  7.007464e+01
  3.221791e-01,  7.053436e+01
  3.238358e-01,  6.974203e+01
  3.192490e-01,  6.980480e+01
  3.151803e-01,  7.029812e+01
  3.162571e-01,  6.939481e+01
  3.189921e-01,  6.792385e+01
  3.184587e-01,  6.822852e+01
  3.162527e-01,  6.986634e+01
  3.138818e-01,  7.016420e+01
  3.077681e-01,  6.901645e+01
  2.993954e-01,  6.926511e+01
  2.999702e-01,  7.163454e+01
  3.121900e-01,  7.282745e+01
  3.178623e-01,  7.123712e+01
  3.039920e-01,  6.914308e+01
  2.874709e-01,  6.916446e+01
  2.971076e-01,  7.062024e+01
  3.296159e-01,  7.058274e+01
  3.492893e-01,  6.901684e+01
  3.357707e-01,  6.767930e+01
  3.089638e-01,  6.800314e+01
  2.993981e-01,  6.980490e+01
  3.089819e-01,  7.090228e+01
  3.159102e-01,  7.007554e+01
  3.087995e-01,  6.827953e+01
  2.980221e-01,  6.744065e+01
  2.977444e-01,  6.820246e+01
  3.078829e-01,  6.893521e+01
  3.160724e-01,  6.895383e+01
  3.143694e-01,  6.976717e+01
  3.081338e-01,  7.181433e+01
  3.070804e-01,  7.250533e+01
  3.131654e-01,  7.046660e+01
  3.205341e-01,  6.893149e+01
  3.220277e-01,  7.063360e+01
  3.170381e-01,  7.309275e+01
  3.066123e-01,  7.220451e+01
  2.958752e-01,  6.884658e+01
  2.937855e-01,  6.790986e+01
  3.065026e-01,  7.031484e+01
  3.256359e-01,  7.208435e+01
  3.284925e-01,  7.164865e+01
  3.079780e-01,  7.037613e+01
  2.862460e-01,  6.902356e+01
  2.867770e-01,  6.760007e+01
  3.009419e-01,  6.720086e+01
  3.028683e-01,  6.851259e+01
  2.919342e-01,  7.030004e+01
  2.922959e-01,  7.087792e+01
  3.112617e-01,  7.087064e+01
  3.248918e-01,  7.132673e+01
  3.143231e-01,  7.102483e+01
  2.932395e-01,  6.903304e+01
  2.845903e-01,  6.819589e+01
  2.909890e-01,  7.109308e+01
  3.038975e-01,  7.398786e+01
  3.173172e-01,  7.251004e+01
  3.291002e-01,  6.893436e+01
  3.306390e-01,  6.869137e+01
  3.213905e-01,  7.223279e+01
  3.149480e-01,  7.425478e+01
  3.159148e-01,  7.164230e+01
  3.155780e-01,  6.837781e+01
  3.072359e-01,  6.843692e+01
  3.040111e-01,  7.026511e+01
  3.145394e-01,  7.002569e+01
  3.224840e-01,  6.800038e+01
  3.120852e-01,  6.685213e+01
  2.985672e-01,  6.764290e+01
  3.078559e-01,  6.926306e+01
  3.323352e-01,  7.040937e+01
  3.395036e-01,  7.105626e+01
  3.214701e-01,  7.124263e+01
  3.050621e-01,  7.092327e+01
  3.089081e-01,  7.056554e+01
  3.190527e-01,  7.015366e+01
  3.177351e-01,  6.896324e+01
  3.110043e-01,  6.750567e+01
  3.119798e-01,  6.793175e+01
  3.181718e-01,  7.056539e+01
  3.199094e-01,  7.275309e+01
  3.175489e-01,  7.250851e+01
  3.187730e-01,  7.112699e+01
  3.224987e-01,  7.092925e+01
  3.222394e-01,  7.141545e+01
  3.180591e-01,  7.062798e+01
  3.134949e-01,  6.899395e+01
  3.075602e-01,  6.890459e+01
  3.012961e-01,  7.037543e+01
  3.021157e-01,  7.045868e+01
  3.118928e-01,  6.853847e+01
  3.201777e-01,  6.823901e+01
  3.195238e-01,  7.157724e+01
  3.182226e-01,  7.491127e+01
  3.206278e-01,  7.306532e+01
  3.213954e-01,  6.750124e+01
  3.124622e-01,  6.468411e+01
  2.999565e-01,  6.762359e+01
  3.032780e-01,  7.153511e+01
  3.196741e-01,  7.091514e+01
  3.307948e-01,  6.819980e+01
  3.263063e-01,  6.787336e+01
  3.151491e-01,  6.964319e+01
  3.122435e-01,  6.954619e+01
  3.213689e-01,  6.706321e+01
  3.334743e-01,  6.600896e+01
  3.365033e-01,  6.786428e+01
  3.284417e-01,  7.043739e+01
  3.158131e-01,  7.165905e+01
  3.068041e-01,  7.181482e+01
  3.042308e-01,  7.173293e+01
  3.053772e-01,  7.103757e+01
  3.070090e-01,  6.964422e+01
  3.074395e-01,  6.863821e+01
  3.069713e-01,  6.866543e+01
  3.078476e-01,  6.917556e+01
  3.098220e-01,  6.973763e+01
  3.081154e-01,  7.060566e+01
  3.004870e-01,  7.157954e+01
  2.930131e-01,  7.165546e+01
  2.931155e-01,  7.052736e+01
  2.995812e-01,  6.939371e+01
  3.058646e-01,  6.913250e+01
  3.101515e-01,  6.909763e+01
  3.138324e-01,  6.842643e+01
  3.153746e-01,  6.774489e+01
  3.143253e-01,  6.851813e+01
  3.169079e-01,  7.051266e+01
  3.266223e-01,  7.119604e+01
  3.352442e-01,  6.937742e+01
  3.320682e-01,  6.733432e+01
  3.158635e-01,  6.791260e+01
  2.987764e-01,  7.044346e+01
  2.953537e-01,  7.088989e+01
  3.106764e-01,  6.874057e+01
  3.306530e-01,  6.819375e+01
  3.278560e-01,  7.020094e+01
  2.970036e-01,  7.132896e+01
  2.739631e-01,  6.944351e+01
  2.933206e-01,  6.913777e+01
  3.285435e-01,  7.196713e+01
  3.239793e-01,  7.230052e+01
  2.887077e-01,  6.756918e+01
  2.905969e-01,  6.613120e+01
  3.367594e-01,  7.233795e+01
  3.545310e-01,  7.451110e+01
  3.172050e-01,  6.738942e+01
  3.052892e-01,  6.328998e+01
  3.391893e-01,  7.332487e+01
  3.369171e-01,  7.831634e+01
  2.687044e-01,  6.367710e+01
  2.796604e-01,  5.456913e+01
  3.696709e-01,  7.581192e+01
  3.880103e-01,  8.686481e+01
  2.346741e-01,  5.994552e+01
  2.744591e-01,  3.367232e+01
  4.349238e-01,  7.604898e+01
  5.264395e-01,  9.662362e+01
  1.788014e-01,  5.246798e+01
  3.700273e-01,  -3.159424e+00
  5.703178e-01,  7.505010e+01
  8.139708e-01,  1.059211e+02
  2.807577e-01,  -4.628900e+01
  9.131534e-01,  -1.973443e+01
  2.185224e-01,  1.129846e+02
  1.973281e+00,  -7.527149e+01
  3.205975e+00,  -4.538590e+01
  9.231087e+00,  1.045350e+02
  1.692619e+01,  1.109381e+02
  1.448993e+01,  1.088134e+02
  8.201861e+00,  1.107762e+02
  4.196496e+00,  1.540919e+02
  6.341879e+00,  -1.701120e+02
  9.490735e+00,  1.790287e+02
  1.275414e+01,  1.598384e+02
  1.466039e+01,  1.455357e+02
  1.530537e+01,  1.466761e+02
  1.705872e+01,  1.708918e+02
  1.993853e+01,  -1.592714e+02
  2.039710e+01,  -1.318198e+02
  1.818576e+01,  -1.119547e+02
  1.035180e+01,  -1.092369e+02
  5.292197e+00,  1.256061e+02
  1.654702e+01,  1.013607e+02
  1.742791e+01,  9.485791e+01
  9.511593e+00,  7.661857e+01
  4.781633e+00,  -4.280898e+00
  5.908740e+00,  -6.160959e+01
  5.738621e+00,  -1.382947e+02
  1.283043e+01,  1.727362e+02
  1.659311e+01,  1.546933e+02
  1.079671e+01,  1.385945e+02
  1.275045e+00,  5.541640e+00
  1.061238e+01,  -5.951532e+01
  1.468808e+01,  -7.719686e+01
  1.028416e+01,  -9.107434e+01
  3.166611e+00,  1.497693e+02
  1.246443e+01,  1.095135e+02
  1.238255e+01,  1.029587e+02
  3.409002e+00,  6.555384e+01
  9.651659e+00,  -4.932821e+01
  1.359667e+01,  -6.581740e+01
  1.024941e+01,  -9.764071e+01
  8.040717e+00,  -1.516058e+02
  7.947946e+00,  -1.746341e+02
  4.911674e+00,  -1.301440e+02
  9.611138e+00,  -5.393400e+01
  1.397030e+01,  -3.137473e+01
  1.079790e+01,  -2.655191e+01
  5.948556e+00,  -6.431903e+01
  7.276096e+00,  -8.922639e+01
  9.012755e+00,  -5.345498e+01
  1.412568e+01,  -1.575823e+01
  1.717220e+01,  1.063993e+01
  1.477250e+01,  3.993691e+01
  1.019917e+01,  7.142098e+01
  5.042180e+00,  8.444995e+01
  2.627073e+00,  -1.157532e+01
  8.439165e+00,  -4.325966e+01
  1.202889e+01,  -5.512421e+01
  1.083587e+01,  -8.631657e+01
  9.517188e+00,  -1.340638e+02
  6.649208e+00,  1.641958e+02
  1.284112e+01,  9.792888e+01
  1.952666e+01,  8.607058e+01
  1.605500e+01,  7.838004e+01
  5.774303e+00,  6.207760e+01
  3.715746e+00,  -1.263349e+02
  1.146941e+01,  -1.544472e+02
  1.966092e+01,  -1.678735e+02
  2.483975e+01,  -1.654520e+02
  2.435641e+01,  -1.427109e+02
  2.387336e+01,  -1.037590e+02
  2.088043e+01,  -7.215619e+01
  7.895230e+00,  -2.831221e+01
  1.562145e+01,  1.001120e+02
  2.938201e+01,  1.204447e+02
  3.111529e+01,  1.297933e+02
  2.664161e+01,  1.287556e+02
  2.483333e+01,  1.255089e+02
  2.562133e+01,  1.366228e+02
  2.426835e+01,  1.624108e+02
  1.692942e+01,  -1.638277e+02
  4.296107e+00,  -1.233182e+02
  7.211578e+00,  6.957060e+01
  9.557488e+00,  1.084267e+02
  8.509434e+00,  1.721106e+02
  1.005679e+01,  -1.440643e+02
  8.293328e+00,  -1.353127e+02
  5.841208e+00,  -1.702185e+02
  8.140170e+00,  1.404917e+02
  1.063109e+01,  1.160888e+02
  9.819389e+00,  9.669365e+01
  9.847884e+00,  8.462885e+01
  1.375346e+01,  1.055362e+02
  1.923788e+01,  1.419554e+02
  2.213298e+01,  -1.747441e+02
  2.147714e+01,  -1.358649e+02
  1.227235e+01,  -1.116571e+02
  2.656323e+00,  -5.244558e+01
  4.381503e+00,  1.348387e+01
  3.462354e+00,  4.892529e+00
  2.253064e+00,  -7.911608e+01
  5.059331e+00,  -1.087324e+02
  4.584936e+00,  -9.154050e+01
  5.171551e+00,  -4.724432e+00
  1.152210e+01,  1.880796e+01
  1.407528e+01,  2.292685e+01
  1.197150e+01,  3.565846e+01
  8.884058e+00,  6.362960e+01
  8.807070e+00,  9.827583e+01
  1.213843e+01,  1.159585e+02
  1.322295e+01,  1.161857e+02
  7.841142e+00,  8.658016e+01
  9.249323e+00,  1.546920e+00
  1.432412e+01,  -2.439323e+01
  1.304560e+01,  -2.010030e+01
  9.591047e+00,  3.311075e+01
  1.404451e+01,  9.416534e+01
  1.794456e+01,  1.200399e+02
  1.543612e+01,  1.162499e+02
  1.321173e+01,  6.925215e+01
  1.688985e+01,  2.931721e+01
  1.341755e+01,  8.618202e+00
  2.913002e+00,  -4.851347e+01
  8.667105e+00,  -1.501495e+02
  7.943016e+00,  -1.473206e+02
  2.189527e+00,  1.661816e+01
  1.281081e+01,  4.183148e+01
  1.511595e+01,  4.848403e+01
  8.425856e+00,  4.066302e+01
  2.409462e+00,  -1.819301e+01
  3.995618e-01,  6.962960e+01
  7.107206e+00,  6.624999e+01
  1.447198e+01,  4.990518e+01
  1.740197e+01,  4.078480e+01
  1.290340e+01,  3.355143e+01
  6.574471e+00,  -6.116535e+00
  6.758416e+00,  -4.218163e+01
  3.889892e+00,  4.836117e+01
  1.602884e+01,  1.101504e+02
  2.226191e+01,  1.247841e+02
  1.483465e+01,  1.220410e+02
  8.059002e+00,  6.205725e+01
  1.173276e+01,  9.563855e+00
  2.002072e+01,  1.231974e+00
  2.964822e+01,  2.998910e+01
  3.283464e+01,  7.076488e+01
  2.452480e+01,  1.176590e+02
  1.354252e+01,  -1.754217e+02
  1.301786e+01,  -1.005594e+02
  1.178215e+01,  -6.103887e+01
  5.331916e+00,  4.060731e+00
  8.655477e+00,  1.138800e+02
  1.167340e+01,  1.635427e+02
  9.793670e+00,  -1.274891e+02
  1.381586e+01,  -4.430765e+01
  1.954943e+01,  9.504121e+00
  2.163942e+01,  5.245167e+01
  1.962590e+01,  7.532008e+01
  1.491647e+01,  6.141895e+01
  1.415243e+01,  3.016554e+01
  1.415870e+01,  1.289232e+01
  1.440460e+01,  1.494115e+01
  1.298724e+01,  3.618924e+01
  1.014001e+01,  7.732905e+01
  1.018537e+01,  1.176761e+02
  1.042803e+01,  1.205577e+02
  1.133152e+01,  9.626433e+01
  1.210500e+01,  7.376197e+01
  9.835778e+00,  4.917370e+01
  7.985431e+00,  1.045385e+01
  8.572994e+00,  -1.638486e+01
  7.471284e+00,  -1.701148e+01
  4.700720e+00,  1.351552e+01
  4.465927e+00,  7.278178e+01
  4.392781e+00,  1.153087e+02
  2.622562e+00,  -1.731515e+02
  5.026635e+00,  -7.447892e+01
  1.021626e+01,  -3.101641e+01
  1.642409e+01,  -1.871021e+00
  2.120457e+01,  1.686787e+01
  2.048823e+01,  2.916536e+01
  1.466571e+01,  4.109223e+01
  8.206465e+00,  6.667354e+01
  6.163702e+00,  1.148262e+02
  6.445540e+00,  1.251978e+02
  7.572981e+00,  9.062286e+01
  1.097175e+01,  6.007876e+01
  1.201193e+01,  2.515423e+01
  1.697318e+01,  -1.666808e+01
  2.184421e+01,  -2.125982e+01
  1.709715e+01,  1.209538e+01
  1.858233e+01,  8.319640e+01
  2.591957e+01,  1.154601e+02
  2.164042e+01,  1.138991e+02
  1.393990e+01,  7.611386e+01
  1.166414e+01,  2.777896e+01
  1.145775e+01,  -4.823533e+00
  1.053419e+01,  1.152650e+01
  1.272683e+01,  9.347671e+01
  2.921206e+01,  1.510799e+02
  1.386688e+01,  -1.499661e+02
  1.315260e+01,  -1.932409e+00
  5.392342e+00,  1.344291e+02
  3.539138e+00,  -1.731395e+02
  2.886065e+00,  -3.277139e+01
  2.436365e+00,  1.627839e+01
  1.896160e+00,  1.303241e+02
  1.308407e+00,  -1.786975e+02
  1.297445e+00,  -2.872515e+01
  1.378350e+00,  1.750218e+01
  1.028870e+00,  1.181584e+02
  7.673469e-01,  1.677241e+02
  6.409656e-01,  -2.201637e+01
  9.639017e-01,  1.931720e+01
  6.826245e-01,  9.830023e+01
  5.267479e-01,  1.491760e+02
  2.678829e-01,  -7.233661e+00
  6.519455e-01,  2.421100e+01
  5.435898e-01,  8.200899e+01
  4.020315e-01,  1.245554e+02
  1.660040e-01,  3.772559e+01
  4.569455e-01,  3.183274e+01
  4.522376e-01,  7.316801e+01
  3.605117e-01,  1.058374e+02
  2.083219e-01,  7.190890e+01
  3.566522e-01,  4.620297e+01
  4.032852e-01,  6.966259e+01
  3.381722e-01,  9.046379e+01
  2.474436e-01,  7.371091e+01
  3.198522e-01,  5.455349e+01
  3.708829e-01,  6.765589e+01
  3.353892e-01,  8.169291e+01
  2.743509e-01,  7.456574e+01
  3.047743e-01,  6.159796e+01
  3.540153e-01,  6.776696e+01
  3.488875e-01,  7.672144e+01
  3.104134e-01,  7.424012e+01
  3.064523e-01,  6.590247e+01
  3.200048e-01,  6.719678e+01
  3.107612e-01,  7.347993e+01
  2.955632e-01,  7.433127e+01
  3.078545e-01,  6.991914e+01
  3.308406e-01,  6.777179e+01
  3.270970e-01,  6.780720e+01
  3.120663e-01,  6.761582e+01
  3.223683e-01,  6.854043e+01
  3.461284e-01,  7.113083e+01
  3.404829e-01,  7.260420e+01
  3.057570e-01,  7.145885e+01
  2.882353e-01,  7.028903e+01
  3.043725e-01,  7.216606e+01
  3.193577e-01,  7.415838e+01
  3.070648e-01,  7.303971e+01
  2.916156e-01,  6.968154e+01
  3.007360e-01,  6.849550e+01
  3.198872e-01,  7.035247e+01
  3.205736e-01,  7.223484e+01
  3.053966e-01,  7.233819e+01
  3.022930e-01,  7.083266e+01
  3.201118e-01,  6.896908e+01
  3.365264e-01,  6.759197e+01
  3.315747e-01,  6.725072e+01
  3.136923e-01,  6.837166e+01
  3.051378e-01,  7.000849e+01
  3.115203e-01,  7.040213e+01
  3.181346e-01,  6.969840e+01
  3.127573e-01,  6.907475e+01
  3.017688e-01,  6.844677e+01
  3.002077e-01,  6.698355e+01
  3.108512e-01,  6.553743e+01
  3.210423e-01,  6.595277e+01
  3.215202e-01,  6.824977e+01
  3.173413e-01,  7.049951e+01
  3.164283e-01,  7.123967e+01
  3.173852e-01,  7.117922e+01
  3.129329e-01,  7.108672e+01
  3.034212e-01,  7.008998e+01
  2.991541e-01,  6.813530e+01
  3.054718e-01,  6.796064e+01
  3.145853e-01,  7.087835e+01
  3.157063e-01,  7.373159e+01
  3.057843e-01,  7.289984e+01
  2.956731e-01,  6.936451e+01
  2.954135e-01,  6.796921e+01
  3.023261e-01,  6.985542e+01
  3.062485e-01,  7.111585e+01
  3.009935e-01,  6.952825e+01
  2.954835e-01,  6.717832e+01
  3.001886e-01,  6.698362e+01
  3.095468e-01,  6.869899e+01
  3.081477e-01,  7.064969e+01
  2.971108e-01,  7.210324e+01
  2.970015e-01,  7.244286e+01
  3.140781e-01,  7.155725e+01
  3.257264e-01,  7.067054e+01
  3.157441e-01,  7.058183e+01
  3.032691e-01,  7.054917e+01
  3.120346e-01,  6.950849e+01
  3.291163e-01,  6.830320e+01
  3.244235e-01,  6.827692e+01
  3.017758e-01,  6.957918e+01
  2.958048e-01,  7.089030e+01
  3.184549e-01,  7.071572e+01
  3.412622e-01,  6.965450e+01
  3.369559e-01,  6.913447e+01
  3.150793e-01,  6.989698e+01
  3.039449e-01,  7.073574e+01
  3.125861e-01,  6.955606e+01
  3.269676e-01,  6.744373e+01
  3.326053e-01,  6.728000e+01
  3.299396e-01,  6.912658e+01
  3.256608e-01,  6.969079e+01
  3.201757e-01,  6.775178e+01
  3.113666e-01,  6.707976e+01
  3.028482e-01,  7.055826e+01
  3.030669e-01,  7.442022e+01
  3.083713e-01,  7.367289e+01
  3.105804e-01,  7.011839e+01
  3.070012e-01,  6.838158e+01
  3.050837e-01,  6.875070e+01
  3.139072e-01,  6.827388e+01
  3.264706e-01,  6.719958e+01
  3.241886e-01,  6.810014e+01
  3.044119e-01,  7.056850e+01
  2.899731e-01,  7.099225e+01
  3.018031e-01,  6.852978e+01
  3.268606e-01,  6.730138e+01
  3.312573e-01,  6.872512e+01
  3.105272e-01,  7.074245e+01
  2.959552e-01,  7.124122e+01
  3.066456e-01,  7.033584e+01
  3.193208e-01,  6.904931e+01
  3.072538e-01,  6.742348e+01
  2.871347e-01,  6.654539e+01
  2.942045e-01,  6.828345e+01
  3.238946e-01,  7.058059e+01
  3.330969e-01,  7.064107e+01
  3.068350e-01,  6.920547e+01
  2.825415e-01,  6.943312e+01
  2.944643e-01,  7.185587e+01
  3.246592e-01,  7.224327e+01
  3.340413e-01,  6.950006e+01
  3.203685e-01,  6.644727e+01
  3.107218e-01,  6.666329e+01
  3.181861e-01,  6.974943e+01
  3.268630e-01,  7.185930e+01
  3.217569e-01,  7.116554e+01
  3.129515e-01,  6.842982e+01
  3.149633e-01,  6.591844e+01
  3.237171e-01,  6.538984e+01
  3.262986e-01,  6.659785e+01
  3.187857e-01,  6.821298e+01
  3.072197e-01,  6.914934e+01
  3.001975e-01,  6.928313e+01
  3.036018e-01,  6.886960e+01
  3.155189e-01,  6.781342e+01
  3.249349e-01,  6.650513e+01
  3.224699e-01,  6.632396e+01
  3.135315e-01,  6.821284e+01
  3.109764e-01,  7.063402e+01
  3.135669e-01,  7.084975e+01
  3.097550e-01,  6.887319e+01
  2.999800e-01,  6.738820e+01
  2.976430e-01,  6.841439e+01
  3.065035e-01,  7.036591e+01
  3.108581e-01,  7.041568e+01
  3.027791e-01,  6.818282e+01
  2.985747e-01,  6.579605e+01
  3.107894e-01,  6.568340e+01
  3.247554e-01,  6.745863e+01
  3.202505e-01,  6.935599e+01
  3.057160e-01,  7.037336e+01
  3.071536e-01,  7.043853e+01
  3.248727e-01,  7.022317e+01
  3.298011e-01,  7.007930e+01
  3.095948e-01,  6.978578e+01
  2.911913e-01,  6.938499e+01
  3.015367e-01,  6.952275e+01
  3.272742e-01,  7.009125e+01
  3.357084e-01,  7.011045e+01
  3.223289e-01,  6.926086e+01
  3.112088e-01,  6.881262e+01
  3.134778e-01,  7.006215e+01
  3.138053e-01,  7.162485e+01
  3.010524e-01,  7.130683e+01
  2.900815e-01,  6.944872e+01
  2.969827e-01,  6.908514e+01
  3.127938e-01,  7.063959e+01
  3.193742e-01,  7.103265e+01
  3.170228e-01,  6.881982e+01
  3.177718e-01,  6.672339e+01
  3.176875e-01,  6.783359e+01
  3.062778e-01,  7.086185e+01
  2.911216e-01,  7.201392e+01
  2.929948e-01,  7.003180e+01
  3.129744e-01,  6.845265e+01
  3.244378e-01,  6.952391e+01
  3.137485e-01,  7.168224e+01
  2.998512e-01,  7.252849e+01
  3.023454e-01,  7.189702e+01
  3.095265e-01,  7.157418e+01
  3.005406e-01,  7.130308e+01
  2.869786e-01,  6.919495e+01
  2.986264e-01,  6.633788e+01
  3.278531e-01,  6.650926e+01
  3.318492e-01,  6.960000e+01
  2.974191e-01,  7.265740e+01
  2.665449e-01,  7.214495e+01
  2.811708e-01,  6.874310e+01
  3.204078e-01,  6.745163e+01
  3.339239e-01,  6.833850e+01
  3.186628e-01,  6.895420e+01
  3.127538e-01,  6.816484e+01
  3.265492e-01,  6.803852e+01
  3.283824e-01,  7.041687e+01
  3.058141e-01,  7.385454e+01
  2.892957e-01,  7.404266e+01
  3.040270e-01,  6.977640e+01
  3.293547e-01,  6.668022e+01
  3.297871e-01,  6.770772e+01
  3.116365e-01,  7.082591e+01
  3.028469e-01,  7.197860e+01
  3.077398e-01,  7.063369e+01
  3.107992e-01,  6.974344e+01
  3.072083e-01,  6.999610e+01
  3.052258e-01,  6.997682e+01
  3.037672e-01,  6.977384e+01
  2.952770e-01,  7.054020e+01
  2.867942e-01,  7.138489e+01
  2.931351e-01,  7.060105e+01
  3.105909e-01,  6.966450e+01
  3.177424e-01,  7.063326e+01
  3.064549e-01,  7.215986e+01
  2.920173e-01,  7.141295e+01
  2.917388e-01,  6.934993e+01
  3.043208e-01,  6.989244e+01
  3.175163e-01,  7.249388e+01
  3.215182e-01,  7.329981e+01
  3.138661e-01,  7.151682e+01
  3.016894e-01,  7.016724e+01
  2.972150e-01,  7.072073e+01
  3.068785e-01,  7.053294e+01
  3.198302e-01,  6.860331e+01
  3.190200e-01,  6.762568e+01
  3.062372e-01,  6.878249e+01
  3.034514e-01,  6.915913e+01
  3.199646e-01,  6.698539e+01
  3.360373e-01,  6.579437e+01
  3.297429e-01,  6.805656e+01
  3.107672e-01,  7.121611e+01
  3.030487e-01,  7.077993e+01
  3.140483e-01,  6.813412e+01
  3.268834e-01,  6.816351e+01
  3.239424e-01,  7.052154e+01
  3.060853e-01,  7.123815e+01
  2.901021e-01,  6.919615e+01
  2.941210e-01,  6.828968e+01
  3.173747e-01,  7.011340e+01
  3.377597e-01,  7.114230e+01
  3.342462e-01,  6.953194e+01
  3.152795e-01,  6.713456e+01
  3.064379e-01,  6.675878e+01
  3.163248e-01,  6.827142e+01
  3.279656e-01,  6.978238e+01
  3.259496e-01,  7.079273e+01
  3.154520e-01,  7.069705e+01
  3.077199e-01,  6.840402e+01
  3.049786e-01,  6.555225e+01
  3.048418e-01,  6.607072e+01
  3.106448e-01,  7.012253e+01
  3.206489e-01,  7.240267e+01
  3.231027e-01,  6.977062e+01
  3.189752e-01,  6.547858e+01
  3.173051e-01,  6.458887e+01
  3.192859e-01,  6.688141e+01
  3.147649e-01,  6.817354e+01
  3.023086e-01,  6.729017e+01
  3.005577e-01,  6.692230e+01
  3.178261e-01,  6.855876e+01
  3.323606e-01,  7.032989e+01
  3.232195e-01,  7.099342e+01
  3.063766e-01,  7.069099e+01
  3.099562e-01,  6.981898e+01
  3.271718e-01,  6.918914e+01
  3.283711e-01,  6.982118e+01
  3.131452e-01,  7.163869e+01
  3.109208e-01,  7.229625e+01
  3.288717e-01,  7.033526e+01
  3.385150e-01,  6.807249e+01
  3.224500e-01,  6.735675e+01
  3.041049e-01,  6.729748e+01
  3.076074e-01,  6.640242e+01
  3.186253e-01,  6.624839e+01
  3.126046e-01,  6.883864e+01
  2.974992e-01,  7.247236e+01
  2.950515e-01,  7.250781e+01
  3.068963e-01,  6.886680e+01
  3.170222e-01,  6.661686e+01
  3.161833e-01,  6.824523e+01
  3.109740e-01,  7.147470e+01
  3.052395e-01,  7.253789e+01
  3.006193e-01,  7.063803e+01
  3.033922e-01,  6.837628e+01
  3.120039e-01,  6.836076e+01
  3.146156e-01,  7.006633e+01
  3.063961e-01,  7.076896e+01
  2.994819e-01,  6.863572e+01
  3.063472e-01,  6.582437e+01
  3.196497e-01,  6.608711e+01
  3.266364e-01,  6.914186e+01
  3.254677e-01,  7.111215e+01
  3.195118e-01,  6.934839e+01
  3.144965e-01,  6.619160e+01
  3.171389e-01,  6.604416e+01
  3.316325e-01,  6.857540e+01
  3.439665e-01,  6.940165e+01
  3.305875e-01,  6.733061e+01
  2.977657e-01,  6.565768e+01
  2.838835e-01,  6.783684e+01
  3.104530e-01,  7.035627e+01
  3.430206e-01,  6.905940e+01
  3.375223e-01,  6.665675e+01
  3.007256e-01,  6.765915e+01
  2.819554e-01,  7.216741e+01
  3.018398e-01,  7.294731e+01
  3.300470e-01,  6.900250e+01
  3.362907e-01,  6.603563e+01
  3.241537e-01,  6.691855e+01
  3.183798e-01,  6.893025e+01
  3.249216e-01,  6.848874e+01
  3.316678e-01,  6.726643e+01
  3.314626e-01,  6.790213e+01
  3.270920e-01,  6.922160e+01
  3.191796e-01,  6.914109e+01
  3.071209e-01,  6.909440e+01
  2.983288e-01,  7.150085e+01
  3.027563e-01,  7.442714e+01
  3.160029e-01,  7.430658e+01
  3.242267e-01,  7.224222e+01
  3.191499e-01,  7.151263e+01
  3.054502e-01,  7.244525e+01
  2.963509e-01,  7.245452e+01
  3.017616e-01,  7.090293e+01
  3.184324e-01,  7.032265e+01
  3.298018e-01,  7.137892e+01
  3.221028e-01,  7.205750e+01
  3.012486e-01,  7.106926e+01
  2.889922e-01,  6.974043e+01
  2.968490e-01,  6.998903e+01
  3.133145e-01,  7.091545e+01
  3.203115e-01,  7.057399e+01
  3.156665e-01,  6.863048e+01
  3.103219e-01,  6.671469e+01
  3.092711e-01,  6.687264e+01
  3.097180e-01,  6.896937e+01
  3.110821e-01,  7.058454e+01
  3.143904e-01,  6.981098e+01
  3.156790e-01,  6.763672e+01
  3.085999e-01,  6.642589e+01
  2.976460e-01,  6.712260e+01
  2.963846e-01,  6.871427e+01
  3.069477e-01,  6.983378e+01
  3.152681e-01,  7.025304e+01
  3.102741e-01,  7.037496e+01
  2.978623e-01,  7.081984e+01
  2.922190e-01,  7.204543e+01
  2.993760e-01,  7.305608e+01
  3.123060e-01,  7.222033e+01
  3.198967e-01,  6.991756e+01
  3.169094e-01,  6.832709e+01
  3.080973e-01,  6.873656e+01
  3.037742e-01,  6.990508e+01
  3.076826e-01,  6.988059e+01
  3.144701e-01,  6.860601e+01
  3.175544e-01,  6.718395e+01
  3.143306e-01,  6.659811e+01
  3.062205e-01,  6.770736e+01
  2.994817e-01,  7.014680e+01
  3.017107e-01,  7.112699e+01
  3.120305e-01,  6.893585e+01
  3.188523e-01,  6.664307e+01
  3.120039e-01,  6.805420e+01
  3.016043e-01,  7.187018e+01
  3.017140e-01,  7.228529e+01
  3.095319e-01,  6.867834e+01
  3.117299e-01,  6.720801e+01
  3.062414e-01,  7.052822e+01
  3.078992e-01,  7.330831e+01
  3.178833e-01,  7.079302e+01
  3.233876e-01,  6.714774e+01
  3.138543e-01,  6.807677e+01
  3.008671e-01,  7.264130e+01
  2.972446e-01,  7.466327e+01
  2.980897e-01,  7.230933e+01
  2.978092e-01,  6.950163e+01
  3.003857e-01,  6.861530e+01
  3.113871e-01,  6.859705e+01
  3.206363e-01,  6.867018e+01
  3.121181e-01,  6.924301e+01
  2.918830e-01,  6.963105e+01
  2.872041e-01,  6.836812e+01
  3.111248e-01,  6.667710e+01
  3.401579e-01,  6.686990e+01
  3.424779e-01,  6.863134e+01
  3.182147e-01,  7.040578e+01
  2.968338e-01,  7.100069e+01
  2.991864e-01,  7.052617e+01
  3.160853e-01,  6.997461e+01
  3.270113e-01,  6.991520e+01
  3.247662e-01,  7.034627e+01
  3.149163e-01,  7.051859e+01
  3.047617e-01,  6.942377e+01
  3.007700e-01,  6.767676e+01
  3.049556e-01,  6.756855e+01
  3.101182e-01,  6.982281e+01
  3.070944e-01,  7.254085e+01
  2.975746e-01,  7.367416e+01
  2.930966e-01,  7.290155e+01
  2.971573e-01,  7.126381e+01
  3.011979e-01,  6.945515e+01
  3.025137e-01,  6.811224e+01
  3.089783e-01,  6.878814e+01
  3.213490e-01,  7.191031e+01
  3.250876e-01,  7.521164e+01
  3.095947e-01,  7.587979e+01
  2.903864e-01,  7.284652e+01
  2.923435e-01,  6.888571e+01
  3.125768e-01,  6.781893e+01
  3.258053e-01,  6.919042e+01
  3.196185e-01,  7.080987e+01
  3.089194e-01,  7.153062e+01
  3.132509e-01,  7.124059e+01
  3.284902e-01,  7.017866e+01
  3.333227e-01,  6.886300e+01
  3.198065e-01,  6.853816e+01
  3.044350e-01,  7.032015e+01
  3.052713e-01,  7.273962e+01
  3.164110e-01,  7.311840e+01
  3.184714e-01,  7.181806e+01
  3.069853e-01,  7.093539e+01
  2.984826e-01,  7.089077e+01
  3.067408e-01,  7.013107e+01
  3.217817e-01,  6.878782e+01
  3.238368e-01,  6.885198e+01
  3.130565e-01,  7.065629e+01
  3.070365e-01,  7.186118e+01
  3.104964e-01,  7.108239e+01
  3.107190e-01,  7.020682e+01
  3.036545e-01,  7.036280e+01
  3.039519e-01,  6.987137e+01
  3.173709e-01,  6.807836e+01
  3.243544e-01,  6.749804e+01
  3.093185e-01,  6.958380e+01
  2.893605e-01,  7.208585e+01
  2.889198e-01,  7.158055e+01
  3.048938e-01,  6.982338e+01
  3.127446e-01,  7.037064e+01
  3.047575e-01,  7.228602e+01
  2.974241e-01,  7.202562e+01
  3.027946e-01,  6.988937e+01
  3.113877e-01,  7.019139e+01
  3.116081e-01,  7.325033e+01
  3.079681e-01,  7.412097e+01
  3.107937e-01,  7.003546e+01
  3.197248e-01,  6.594123e+01
  3.180068e-01,  6.699520e+01
  3.033523e-01,  7.143297e+01
  2.916042e-01,  7.312893e+01
  2.973699e-01,  7.025684e+01
  3.170802e-01,  6.831000e+01
  3.273146e-01,  6.993743e+01
  3.159210e-01,  7.169908e+01
  2.967487e-01,  6.990870e+01
  2.942129e-01,  6.682112e+01
  3.095253e-01,  6.798665e+01
  3.243953e-01,  7.225423e+01
  3.249949e-01,  7.412636e+01
  3.147050e-01,  7.146627e+01
  3.058292e-01,  6.819446e+01
  2.993992e-01,  6.869946e+01
  2.959628e-01,  7.127760e+01
  3.005130e-01,  7.187696e+01
  3.129005e-01,  7.107926e+01
  3.223412e-01,  7.168158e+01
  3.183856e-01,  7.270410e+01
  3.041819e-01,  7.117723e+01
  2.933575e-01,  6.808687e+01
  2.924477e-01,  6.812488e+01
  2.988268e-01,  7.119589e+01
  3.075941e-01,  7.196739e+01
  3.149233e-01,  6.893187e+01
  3.176690e-01,  6.673112e+01
  3.100911e-01,  6.881490e+01
  2.965905e-01,  7.251730e+01
  2.887072e-01,  7.249000e+01
  2.962952e-01,  6.830472e+01
  3.136519e-01,  6.505148e+01
  3.209438e-01,  6.558683e+01
  3.128906e-01,  6.869623e+01
  3.039521e-01,  7.144642e+01
  3.072244e-01,  7.171364e+01
  3.202496e-01,  7.052166e+01
  3.300168e-01,  6.989348e+01
  3.283424e-01,  6.979538e+01
  3.185188e-01,  6.906386e+01
  3.097427e-01,  6.824146e+01
  3.088479e-01,  6.928007e+01
  3.151604e-01,  7.143217e+01
  3.195967e-01,  7.153063e+01
  3.165538e-01,  6.916062e+01
  3.132508e-01,  6.765190e+01
  3.182729e-01,  6.889694e+01
  3.264838e-01,  7.014000e+01
  3.219420e-01,  6.937621e+01
  3.037030e-01,  6.880396e+01
  2.917384e-01,  7.080652e+01
  3.002980e-01,  7.267920e+01
  3.152892e-01,  7.127389e+01
  3.159649e-01,  6.897207e+01
  3.027022e-01,  6.950168e+01
  2.951852e-01,  7.236715e+01
  3.018356e-01,  7.337592e+01
  3.098307e-01,  7.202731e+01
  3.078168e-01,  7.139627e+01
  3.010478e-01,  7.234448e+01
  3.021111e-01,  7.261028e+01
  3.127370e-01,  7.146749e+01
  3.227517e-01,  7.106942e+01
  3.239388e-01,  7.202376e+01
  3.203919e-01,  7.219583e+01
  3.217633e-01,  7.053957e+01
  3.280930e-01,  6.934107e+01
  3.261210e-01,  6.995758e+01
  3.088186e-01,  7.003629e+01
  2.913044e-01,  6.727415e+01
  2.963504e-01,  6.485900e+01
  3.211388e-01,  6.711018e+01
  3.403887e-01,  7.131012e+01
  3.336582e-01,  7.268310e+01
  3.113120e-01,  7.037301e+01
  3.006045e-01,  6.854875e+01
  3.078794e-01,  7.024267e+01
  3.171793e-01,  7.215501e+01
  3.136210e-01,  7.116229e+01
  3.041300e-01,  6.877965e+01
  3.044926e-01,  6.842348e+01
  3.164168e-01,  6.992907e+01
  3.241852e-01,  7.049446e+01
  3.165133e-01,  6.940744e+01
  3.049374e-01,  6.816324e+01
  3.063441e-01,  6.822404e+01
  3.155212e-01,  6.942051e+01
  3.126808e-01,  7.083180e+01
  2.980944e-01,  7.134453e+01
  2.962514e-01,  6.962303e+01
  3.176119e-01,  6.662707e+01
  3.373811e-01,  6.518563e+01
  3.311477e-01,  6.642212e+01
  3.114677e-01,  6.919911e+01
  3.040247e-01,  7.064280e+01
  3.095302e-01,  6.976285e+01
  3.117544e-01,  6.887262e+01
  3.072988e-01,  6.972438e+01
  3.073261e-01,  7.135955e+01
  3.135616e-01,  7.177417e+01
  3.157774e-01,  7.091277e+01
  3.105525e-01,  7.011398e+01
  3.059087e-01,  7.001557e+01
  3.089304e-01,  7.007892e+01
  3.184733e-01,  6.985919e+01
  3.285471e-01,  6.961805e+01
  3.318576e-01,  6.949963e+01
  3.247834e-01,  6.918602e+01
  3.149609e-01,  6.840576e+01
  3.161729e-01,  6.729880e+01
  3.283138e-01,  6.628097e+01
  3.323949e-01,  6.590182e+01
  3.160477e-01,  6.698541e+01
  2.943669e-01,  6.991178e+01
  2.900926e-01,  7.273590e+01
  3.017073e-01,  7.295102e+01
  3.118924e-01,  7.130331e+01
  3.158692e-01,  6.996891e+01
  3.226834e-01,  6.967558e+01
  3.323443e-01,  6.949008e+01
  3.305255e-01,  6.896598e+01
  3.123047e-01,  6.889559e+01
  2.946605e-01,  6.980365e+01
  2.951777e-01,  7.067712e+01
  3.091302e-01,  7.057366e+01
  3.189811e-01,  7.002598e+01
  3.179922e-01,  6.943724e+01
  3.136323e-01,  6.867030e+01
  3.120492e-01,  6.854232e+01
  3.113592e-01,  7.035507e+01
  3.102829e-01,  7.283559e+01
  3.103303e-01,  7.228629e+01
  3.124897e-01,  6.814203e+01
  3.129033e-01,  6.534460e+01
  3.061057e-01,  6.778875e+01
  2.990689e-01,  7.222363e+01
  2.976355e-01,  7.187725e+01
  3.030051e-01,  6.704231e+01
  3.094331e-01,  6.489728e+01
  3.083204e-01,  6.816039e+01
  3.046645e-01,  7.168806e+01
  3.077685e-01,  7.034926e+01
  3.234710e-01,  6.701625e+01
  3.377407e-01,  6.712156e+01
  3.313997e-01,  7.030435e+01
  3.087739e-01,  7.274657e+01
  2.962413e-01,  7.233363e+01
  3.100416e-01,  7.119636e+01
  3.299881e-01,  7.122155e+01
  3.264594e-01,  7.107827e+01
  3.031208e-01,  6.941650e+01
  2.916834e-01,  6.740544e+01
  3.055230e-01,  6.772121e+01
  3.230620e-01,  7.038541e+01
  3.209536e-01,  7.360303e+01
  3.053196e-01,  7.529540e+01
  2.996608e-01,  7.358586e+01
  3.113815e-01,  6.979330e+01
  3.220283e-01,  6.742668e+01
  3.151692e-01,  6.774413e+01
  2.996500e-01,  6.936018e+01
  2.940217e-01,  7.016748e+01
  3.024833e-01,  6.995941e+01
  3.128171e-01,  6.966929e+01
  3.127202e-01,  6.904708e+01
  3.043387e-01,  6.784818e+01
  3.011705e-01,  6.755224e+01
  3.111581e-01,  6.911989e+01
  3.247053e-01,  7.051017e+01
  3.238577e-01,  7.004344e+01
  3.079128e-01,  6.912939e+01
  2.982493e-01,  6.999844e+01
  3.119630e-01,  7.126674e+01
  3.362405e-01,  7.031058e+01
  3.434441e-01,  6.858540e+01
  3.259627e-01,  6.893762e+01
  3.049283e-01,  7.106389e+01
  2.992021e-01,  7.130892e+01
  3.032405e-01,  6.951432e+01
  3.032952e-01,  6.964114e+01
  3.010682e-01,  7.232297e+01
  3.072894e-01,  7.319840e+01
  3.201101e-01,  7.032735e+01
  3.280495e-01,  6.745469e+01
  3.248646e-01,  6.770852e+01
  3.190010e-01,  6.977769e+01
  3.177064e-01,  7.044354e+01
  3.181282e-01,  6.914068e+01
  3.170811e-01,  6.764119e+01
  3.155475e-01,  6.724233e+01
  3.134693e-01,  6.817988e+01
  3.083482e-01,  7.007826e+01
  3.016494e-01,  7.190136e+01
  2.988360e-01,  7.259829e+01
  3.018187e-01,  7.250874e+01
  3.073136e-01,  7.259603e+01
  3.129177e-01,  7.256413e+01
  3.177551e-01,  7.173818e+01
  3.176793e-01,  7.088777e+01
  3.091946e-01,  7.114459e+01
  2.993490e-01,  7.185861e+01
  3.003358e-01,  7.135250e+01
  3.127520e-01,  6.992281e+01
  3.229774e-01,  6.917824e+01
  3.208137e-01,  6.924084e+01
  3.110240e-01,  6.939678e+01
  3.033406e-01,  7.016826e+01
  3.008780e-01,  7.243548e+01
  3.018971e-01,  7.454557e+01
  3.048929e-01,  7.360407e+01
  3.108485e-01,  7.006637e+01
  3.180445e-01,  6.777606e+01
  3.222407e-01,  6.856091e+01
  3.235275e-01,  7.013765e+01
  3.213407e-01,  7.007595e+01
  3.133708e-01,  6.938351e+01
  3.019370e-01,  7.031075e+01
  2.963699e-01,  7.212071e+01
  3.003973e-01,  7.192846e+01
  3.048581e-01,  6.987266e+01
  3.019741e-01,  6.872711e+01
  3.021945e-01,  6.913161e+01
  3.206860e-01,  6.850874e+01
  3.456829e-01,  6.620075e+01
  3.451924e-01,  6.510742e+01
  3.137747e-01,  6.782280e+01
  2.895324e-01,  7.290075e+01
  2.985724e-01,  7.399043e+01
  3.225799e-01,  7.027351e+01
  3.329269e-01,  6.690645e+01
  3.258191e-01,  6.733122e+01
  3.180652e-01,  7.106977e+01
  3.132887e-01,  7.435941e+01
  3.041077e-01,  7.406457e+01
  3.010443e-01,  6.999876e+01
  3.169612e-01,  6.586385e+01
  3.327643e-01,  6.532915e+01
  3.219354e-01,  6.773527e+01
  2.942446e-01,  6.977183e+01
  2.850556e-01,  6.854077e+01
  3.067089e-01,  6.649840e+01
  3.308180e-01,  6.721959e+01
  3.318780e-01,  6.954589e+01
  3.178669e-01,  7.036458e+01
  3.097198e-01,  6.875108e+01
  3.123233e-01,  6.746080e+01
  3.167393e-01,  6.846226e+01
  3.196190e-01,  7.060841e+01
  3.211824e-01,  7.201535e+01
  3.179096e-01,  7.190531e+01
  3.102801e-01,  7.048568e+01
  3.067595e-01,  6.920209e+01
  3.101794e-01,  7.000107e+01
  3.122884e-01,  7.192344e+01
  3.087501e-01,  7.131897e+01
  3.096148e-01,  6.765282e+01
  3.175340e-01,  6.632066e+01
  3.154535e-01,  6.998779e+01
  2.984498e-01,  7.332118e+01
  2.865356e-01,  7.003585e+01
  3.015060e-01,  6.509687e+01
  3.207495e-01,  6.705154e+01
  3.183468e-01,  7.239258e+01
  3.043788e-01,  7.265805e+01
  3.053210e-01,  6.800563e+01
  3.131022e-01,  6.731304e+01
  3.047044e-01,  7.035588e+01
  2.997323e-01,  6.989175e+01
  3.239510e-01,  6.803089e+01
  3.415642e-01,  7.197407e+01
  3.110009e-01,  7.640920e+01
  2.755475e-01,  6.873994e+01
  3.150270e-01,  5.970912e+01
  3.544923e-01,  6.838241e+01
  3.182949e-01,  8.263809e+01
  2.543127e-01,  7.526478e+01
  3.331527e-01,  5.479411e+01
  4.152056e-01,  6.434817e+01
  3.369902e-01,  8.876692e+01
  1.828929e-01,  9.001906e+01
  3.205327e-01,  4.527890e+01
  5.279313e-01,  6.089156e+01
  4.231557e-01,  9.536994e+01
  1.226337e-01,  1.442483e+02
  3.170118e-01,  1.254157e+01
  6.984579e-01,  5.090510e+01
  5.930996e-01,  9.843245e+01
  2.877209e-01,  -1.651161e+02
  5.158804e-01,  -2.366929e+01
  1.076987e+00,  3.984716e+01
  9.544431e-01,  1.009232e+02
  8.270428e-01,  -1.567445e+02
  1.012375e+00,  -5.247493e+01
  1.822378e+00,  3.129181e+01
  1.803854e+00,  1.006520e+02
  1.959571e+00,  -1.592905e+02
  2.244134e+00,  -6.711423e+01
  3.738760e+00,  2.554569e+01
  4.071582e+00,  9.935826e+01
  5.373415e+00,  -1.585329e+02
  6.599604e+00,  -6.995521e+01
  9.163823e+00,  3.660494e+01
  2.133438e+01,  -1.338468e+02
  4.456056e+01,  -5.885460e+01
  5.704561e+01,  1.663623e+00
  1.081328e+01,  4.053118e+01
  1.987436e+01,  -9.451423e+01
  1.262328e+01,  -5.699470e+01
  1.574319e+01,  1.257761e+02
  2.905557e+01,  1.256705e+02
  2.314543e+01,  8.687974e+01
  1.626790e+01,  5.917600e+01
  1.342459e+01,  -8.596745e+00
  2.719999e+01,  -3.640380e+01
  1.892240e+01,  -4.612906e+01
  6.551354e+00,  1.797355e+02
  1.759508e+01,  1.491462e+02
  1.667892e+01,  8.763343e+01
  1.759512e+01,  7.656023e+01
  7.379647e+00,  -1.502100e+02
  2.502259e+01,  -7.624129e+01
  2.589249e+01,  -3.915585e+01
  1.175688e+01,  5.598586e+01
  2.768583e+01,  1.414914e+02
  2.527677e+01,  1.709104e+02
  6.100268e+00,  1.184970e+02
  1.413580e+01,  9.627946e+01
  2.271343e+01,  1.565444e+02
  2.104549e+01,  1.799323e+02
  2.585606e+00,  5.290392e+01
  2.430113e+01,  3.736758e+01
  2.503946e+01,  3.245100e+01
  1.400316e+01,  -2.816993e+01
  2.175221e+01,  -6.042435e+01
  1.908775e+01,  -2.266579e+01
  1.883924e+01,  4.875525e+01
  2.127078e+01,  9.764675e+01
  1.392857e+01,  1.242268e+02
  4.237372e+00,  1.034044e+02
  5.687472e+00,  8.702232e+01
  1.421539e+01,  1.000730e+02
  2.835256e+01,  9.896334e+01
  2.806312e+01,  1.145203e+02
  9.799184e+00,  -1.767636e+02
  2.236022e+01,  -6.676758e+01
  2.602505e+01,  -3.678688e+01
  7.398541e+00,  9.638704e+00
  2.096280e+01,  1.602424e+02
  2.770757e+01,  -1.753317e+02
  1.080312e+01,  -1.238923e+02
  2.197230e+01,  -3.043642e+00
  3.071540e+01,  2.290028e+01
  2.012211e+01,  1.418291e+01
  2.132636e+01,  -3.737901e+01
  1.211516e+01,  -2.746794e+01
  1.381603e+01,  1.195200e+02
  1.915516e+01,  1.303740e+02
  6.815412e+00,  7.934664e+01
  1.284455e+01,  1.294049e+01
  1.595472e+01,  1.308450e+01
  1.332325e+01,  -1.974158e+01
  9.084360e+00,  -7.277551e+01
  1.003287e+01,  1.580157e+02
  2.400957e+01,  1.378547e+02
  2.591384e+01,  1.322207e+02
  1.377965e+01,  1.426480e+02
  1.072643e+01,  -7.076467e+01
  2.641521e+01,  -4.289856e+01
  2.695554e+01,  -3.699472e+01
  1.402670e+01,  -1.000602e+01
  1.715836e+01,  9.267783e+01
  2.059884e+01,  1.284990e+02
  6.506510e+00,  -1.563828e+02
  1.559278e+01,  -4.978700e+01
  1.498254e+01,  -3.809237e+01
  7.585077e+00,  -8.415243e+01
  7.744550e+00,  -1.376028e+02
  4.528399e+00,  -1.648206e+02
  2.695187e-01,  -6.589901e+01
  5.566863e+00,  -3.061529e+01
  1.109451e+01,  -4.149912e+01
  1.492477e+01,  -3.807615e+01
  1.823258e+01,  -9.206005e+00
  2.544018e+01,  1.479591e+00
  3.054973e+01,  -1.712653e+01
  2.931858e+01,  -2.801830e+01
  1.769937e+01,  -3.409624e+01
  1.091568e+01,  -9.673292e+01
  1.253898e+01,  -1.551341e+02
  1.253195e+01,  1.391087e+02
  1.525199e+01,  9.099728e+01
  1.391639e+01,  4.410025e+01
  8.881187e+00,  -3.268954e+01
  1.961174e+01,  -1.051112e+02
  2.372838e+01,  -1.159698e+02
  1.280202e+01,  -1.491201e+02
  1.838551e+01,  -1.495406e+02
  4.299205e+01,  -1.002307e+02
  4.208113e+01,  -4.200500e+01
  6.124721e+01,  7.909528e+01
  2.031108e+01,  -1.191659e+02
##END=