##TITLE= twqubit_C790_C.txt
##JCAMP-DX= 5.00 Bruker JCAMP library
##DATA TYPE= Shape Data
##ORIGIN= Colm's GRAPE Pulses 
##OWNER= caryan
##DATE= 28-Sep-2014
##TIME= 17:3
##MINX= 8.722878e+00
##MAXX= 1.820773e+02
##MINY= 1.612827e+00
##MAXY= 3.565430e+02
##$SHAPE_EXMODE= None
##$SHAPE_TOTROT= 9.000000e+01
##$SHAPE_BWFAC= 1.000000e+00
##$SHAPE_INTEGFAC= 1.000000e+00
##$SHAPE_MODE= 1
##NPOINTS= 100
##XYPOINTS= (XY..XY)
  9.783687e+00,  3.434721e+01
  2.424801e+01,  1.504817e+02
  6.231443e+01,  1.900026e+02
  7.383749e+01,  2.529146e+02
  9.690254e+01,  3.173352e+02
  9.069782e+01,  6.310868e+00
  4.472711e+01,  7.799332e+01
  9.517752e+01,  1.803536e+02
  1.608940e+02,  1.960667e+02
  1.789025e+02,  1.761128e+02
  1.820773e+02,  1.582916e+02
  8.091216e+01,  1.775864e+02
  8.605892e+01,  3.035148e+02
  1.197318e+02,  3.299624e+02
  3.555489e+01,  8.296100e+00
  9.159481e+01,  1.637571e+02
  1.443950e+02,  1.761426e+02
  1.008388e+02,  1.634268e+02
  6.393962e+01,  1.034759e+02
  1.065939e+02,  6.356440e+01
  1.198523e+02,  4.262503e+01
  7.680849e+01,  3.565430e+02
  5.430828e+01,  2.712713e+02
  8.410218e+01,  1.889226e+02
  1.281437e+02,  1.442018e+02
  1.300829e+02,  1.190262e+02
  5.194206e+01,  1.127309e+02
  5.461721e+01,  2.797216e+02
  9.298051e+01,  2.796797e+02
  3.474238e+01,  2.656997e+02
  4.973721e+01,  1.076213e+02
  7.453089e+01,  8.443074e+01
  7.851593e+01,  3.557552e+01
  1.099147e+02,  6.553977e+00
  9.744501e+01,  7.300462e+00
  5.192251e+01,  4.648459e+01
  5.316572e+01,  1.155376e+02
  4.677980e+01,  1.540082e+02
  3.237958e+01,  2.077621e+02
  1.729248e+01,  1.942744e+02
  5.825894e+01,  1.238695e+02
  8.209862e+01,  1.257134e+02
  2.366016e+01,  9.293329e+01
  1.132020e+02,  3.474959e+02
  1.687158e+02,  4.977462e+00
  9.957269e+01,  6.376705e+01
  1.193128e+02,  1.716554e+02
  1.521220e+02,  2.213924e+02
  6.096016e+01,  2.468486e+02
  7.801378e+01,  7.167456e+01
  1.249730e+02,  7.642880e+01
  5.147271e+01,  4.861448e+01
  6.920935e+01,  2.832580e+02
  9.264577e+01,  2.403886e+02
  9.903825e+01,  1.862388e+02
  1.136764e+02,  1.450984e+02
  8.057029e+01,  9.972622e+01
  9.369438e+01,  1.913505e+01
  1.422261e+02,  3.472060e+02
  1.280532e+02,  3.324505e+02
  6.570726e+01,  3.133475e+02
  1.519398e+01,  2.322461e+02
  3.954775e+01,  1.001908e+02
  7.976038e+01,  7.827382e+01
  6.307380e+01,  8.219040e+01
  2.603214e+01,  2.247159e+02
  1.087310e+02,  2.557847e+02
  1.030613e+02,  2.713323e+02
  8.722878e+00,  1.117292e+01
  1.083057e+02,  1.137824e+02
  1.273415e+02,  1.257319e+02
  5.677129e+01,  1.186833e+02
  5.421112e+01,  2.229675e+01
  7.494772e+01,  2.059140e+01
  1.398454e+01,  5.173478e+01
  7.309057e+01,  2.183581e+02
  9.004950e+01,  2.483010e+02
  4.525941e+01,  3.380912e+02
  1.014357e+02,  8.225494e+01
  1.420699e+02,  1.223621e+02
  8.894579e+01,  1.228420e+02
  6.318176e+01,  3.988819e+01
  1.066747e+02,  5.180349e+00
  1.050545e+02,  3.376762e+02
  9.471357e+01,  2.777692e+02
  1.082112e+02,  2.389176e+02
  5.519451e+01,  2.249973e+02
  3.974736e+01,  2.918736e+01
  1.032454e+02,  1.910892e+01
  9.121443e+01,  1.612827e+00
  3.567445e+01,  3.191277e+02
  5.066817e+01,  1.939811e+02
  1.065216e+02,  1.603932e+02
  1.432694e+02,  1.332866e+02
  1.705979e+02,  1.120854e+02
  1.645795e+02,  1.065942e+02
  9.076316e+01,  1.061779e+02
  2.245178e+01,  3.083536e+02
  4.175167e+01,  3.267203e+02
  1.923888e+01,  7.526912e+01
##END=
