##TITLE= twqubit_encoding1_Cfix4
##JCAMP-DX= 5.00 Bruker JCAMP library
##DATA TYPE= Shape Data
##ORIGIN= Colm Fixed Pulses 
##OWNER= d29lu
##DATE= 21-Apr-2015
##TIME= 19:8
##MINX= 3.266240e-02
##MAXX= 9.154096e+01
##MINY= -1.796665e+02
##MAXY= 1.796092e+02
##$SHAPE_EXMODE= None
##$SHAPE_TOTROT= 9.000000e+01
##$SHAPE_BWFAC= 1.000000e+00
##$SHAPE_INTEGFAC= 1.000000e+00
##$SHAPE_MODE= 1
##NPOINTS= 3298
##XYPOINTS= (XY..XY)
  2.877185e+00,  -4.579217e+01
  5.170126e+00,  -1.442719e+02
  2.186005e+01,  8.909292e+01
  1.916028e+01,  1.488284e+02
  3.345350e+01,  -1.222727e+02
  2.718325e+01,  -7.604737e+01
  1.888481e+01,  3.257939e+01
  3.660632e+01,  9.119243e+01
  4.042278e+01,  1.199786e+02
  3.498009e+01,  7.639622e+01
  4.951431e+01,  5.256792e+01
  1.693285e+01,  1.170030e+02
  3.710431e+01,  -1.429307e+02
  2.948618e+01,  -1.067502e+02
  1.506588e+01,  7.365622e+00
  3.416158e+01,  8.443294e+01
  3.521854e+01,  1.016283e+02
  1.908101e+01,  3.252134e+01
  2.274095e+01,  -1.163840e+01
  2.104081e+01,  -2.438456e+01
  2.604953e+01,  -5.652751e+01
  2.252873e+01,  -1.129256e+02
  1.469360e+01,  1.513209e+02
  3.205850e+01,  8.385751e+01
  3.328293e+01,  4.575177e+01
  2.809937e+01,  4.829199e+00
  4.465647e+00,  1.662626e+01
  2.118162e+01,  1.750613e+02
  2.295274e+01,  -1.727471e+02
  6.414953e-01,  -4.349061e+00
  2.046159e+01,  1.274452e+01
  1.560066e+01,  -6.897806e+00
  2.120179e+01,  -7.871629e+01
  3.086408e+01,  -8.589945e+01
  1.851586e+01,  -7.052732e+01
  8.563543e+00,  9.160702e+00
  1.015641e+01,  4.006162e+01
  6.577013e+00,  4.126173e+01
  7.335060e+00,  9.405935e+01
  9.074627e+00,  9.078031e+01
  1.287069e+01,  2.732982e+01
  1.813443e+01,  1.308312e+01
  9.149532e+00,  -4.618559e+00
  2.872307e+01,  -1.166386e+02
  4.793193e+01,  -9.372770e+01
  3.514011e+01,  -2.242466e+00
  4.991891e+01,  8.731622e+01
  4.755023e+01,  1.547901e+02
  1.420220e+01,  -1.110914e+02
  3.847772e+01,  -7.335198e+00
  2.793472e+01,  7.793912e+00
  1.466372e+01,  -1.324522e+02
  2.604231e+01,  -1.596639e+02
  2.179798e+01,  1.117167e+02
  3.290843e+01,  7.745260e+01
  2.282077e+01,  4.847551e+01
  1.932478e+01,  -3.262241e+01
  2.860150e+01,  -7.793308e+01
  3.010583e+01,  -1.127609e+02
  2.694117e+01,  -1.331150e+02
  1.235310e+01,  -1.426423e+02
  6.601831e+00,  5.660474e+01
  1.499588e+01,  9.498515e+00
  1.898257e+01,  -1.856101e+01
  9.643822e+00,  -1.753368e+01
  1.071734e+01,  1.531252e+02
  2.898381e+01,  1.612200e+02
  2.148755e+01,  -1.783116e+02
  1.011267e+01,  -1.740727e+01
  3.304403e+01,  2.680047e+01
  2.791630e+01,  3.898554e+01
  6.471634e+00,  -7.167789e+00
  1.616789e+01,  -8.082765e+01
  1.611961e+01,  -7.153082e+01
  1.351356e+00,  3.466105e+01
  2.259093e+01,  1.198732e+02
  2.540399e+01,  1.560669e+02
  2.124528e+01,  -9.028060e+01
  3.845124e+01,  -3.884614e+00
  4.325561e+01,  5.305944e+01
  6.539836e+00,  2.490499e+01
  3.035843e+01,  -7.434787e+01
  2.209454e+01,  -8.013430e+01
  2.022135e+01,  -1.343780e+02
  2.955805e+01,  1.727268e+02
  2.367443e+01,  1.385522e+02
  5.854057e+00,  8.619826e+01
  1.571983e+01,  -5.515642e+01
  2.675374e+01,  -7.827824e+01
  1.858942e+01,  -1.063888e+02
  6.606928e+00,  1.727577e+02
  1.652112e+01,  8.182432e+01
  3.124172e+01,  6.201759e+01
  3.493119e+01,  3.856841e+01
  3.650424e+01,  9.760788e+00
  3.726266e+01,  1.331820e+01
  2.013943e+01,  2.362378e+01
  2.147304e+01,  -1.614544e+02
  1.488755e+01,  -1.097640e+02
  2.108863e+01,  2.156576e+01
  7.688707e+00,  1.683080e+02
  5.060061e+00,  -1.420888e+02
  3.729296e+00,  -3.288241e+00
  3.723558e+00,  3.877126e+01
  2.069233e+00,  1.618283e+02
  2.106693e+00,  -1.462833e+02
  1.671919e+00,  -2.945840e+00
  2.167920e+00,  3.669333e+01
  9.713771e-01,  1.443973e+02
  1.166680e+00,  -1.526604e+02
  8.508404e-01,  -3.869149e+00
  1.446246e+00,  3.503489e+01
  5.892481e-01,  1.137317e+02
  6.525100e-01,  -1.661266e+02
  4.042085e-01,  4.401723e+00
  9.914387e-01,  3.756703e+01
  5.151185e-01,  8.853005e+01
  3.677885e-01,  1.711627e+02
  1.998031e-01,  2.259539e+01
  6.729460e-01,  3.992717e+01
  4.687846e-01,  7.542801e+01
  2.621343e-01,  1.338507e+02
  1.797838e-01,  5.905876e+01
  4.983679e-01,  4.569143e+01
  4.302298e-01,  6.816206e+01
  2.542015e-01,  1.032786e+02
  2.183467e-01,  7.353199e+01
  4.103829e-01,  5.480875e+01
  4.079696e-01,  6.857838e+01
  2.761857e-01,  9.185009e+01
  2.186737e-01,  7.985832e+01
  3.322253e-01,  5.763093e+01
  3.840338e-01,  6.280026e+01
  3.284321e-01,  7.596618e+01
  2.979769e-01,  7.625166e+01
  3.354583e-01,  6.545540e+01
  3.440842e-01,  6.343699e+01
  2.899539e-01,  6.834486e+01
  2.695933e-01,  7.013831e+01
  3.147932e-01,  6.761921e+01
  3.457017e-01,  6.839454e+01
  3.190066e-01,  7.068940e+01
  2.929833e-01,  6.929073e+01
  3.142974e-01,  6.617735e+01
  3.429652e-01,  6.676487e+01
  3.370398e-01,  6.833765e+01
  3.200783e-01,  6.684193e+01
  3.261299e-01,  6.519745e+01
  3.398303e-01,  6.881993e+01
  3.379699e-01,  7.490035e+01
  3.252573e-01,  7.606544e+01
  3.206160e-01,  7.031695e+01
  3.260808e-01,  6.492140e+01
  3.242573e-01,  6.477503e+01
  3.195984e-01,  6.732835e+01
  3.223162e-01,  6.841438e+01
  3.246103e-01,  6.771927e+01
  3.190764e-01,  6.718532e+01
  3.162978e-01,  6.779300e+01
  3.257881e-01,  6.926076e+01
  3.354380e-01,  7.052324e+01
  3.308975e-01,  7.030684e+01
  3.208883e-01,  6.843137e+01
  3.210303e-01,  6.723403e+01
  3.266110e-01,  6.852755e+01
  3.243638e-01,  7.016382e+01
  3.156349e-01,  6.921892e+01
  3.123709e-01,  6.695148e+01
  3.141239e-01,  6.748410e+01
  3.138139e-01,  7.072015e+01
  3.147995e-01,  7.219307e+01
  3.242750e-01,  7.019369e+01
  3.367494e-01,  6.859217e+01
  3.354102e-01,  6.988468e+01
  3.191031e-01,  7.148792e+01
  3.044590e-01,  6.987275e+01
  3.042606e-01,  6.686829e+01
  3.108797e-01,  6.727492e+01
  3.138112e-01,  7.073282e+01
  3.136358e-01,  7.262059e+01
  3.137124e-01,  7.076105e+01
  3.142887e-01,  6.821778e+01
  3.127534e-01,  6.839383e+01
  3.134682e-01,  7.055932e+01
  3.216395e-01,  7.181774e+01
  3.327936e-01,  7.173868e+01
  3.387192e-01,  7.195829e+01
  3.376086e-01,  7.232125e+01
  3.321150e-01,  7.061340e+01
  3.231909e-01,  6.659666e+01
  3.123419e-01,  6.416953e+01
  3.085806e-01,  6.715732e+01
  3.229446e-01,  7.271264e+01
  3.386395e-01,  7.441856e+01
  3.297530e-01,  7.118671e+01
  3.057345e-01,  6.689086e+01
  2.976231e-01,  6.667071e+01
  3.144310e-01,  6.976281e+01
  3.259234e-01,  7.106676e+01
  3.087565e-01,  6.969014e+01
  2.877709e-01,  6.859356e+01
  2.968778e-01,  6.987992e+01
  3.256490e-01,  7.081326e+01
  3.360249e-01,  6.969391e+01
  3.227895e-01,  6.837779e+01
  3.160333e-01,  6.907970e+01
  3.285300e-01,  7.069152e+01
  3.361341e-01,  7.122408e+01
  3.220331e-01,  7.150820e+01
  3.060119e-01,  7.279940e+01
  3.104408e-01,  7.361223e+01
  3.237405e-01,  7.220004e+01
  3.224240e-01,  6.992312e+01
  3.099283e-01,  6.894193e+01
  3.111194e-01,  6.939039e+01
  3.323377e-01,  6.931902e+01
  3.499192e-01,  6.804268e+01
  3.437645e-01,  6.631223e+01
  3.225941e-01,  6.490686e+01
  3.080313e-01,  6.503007e+01
  3.076177e-01,  6.778206e+01
  3.139386e-01,  7.182791e+01
  3.176511e-01,  7.376809e+01
  3.159385e-01,  7.193594e+01
  3.133011e-01,  6.898115e+01
  3.149693e-01,  6.874204e+01
  3.258323e-01,  7.046658e+01
  3.410880e-01,  7.015583e+01
  3.449199e-01,  6.733310e+01
  3.303040e-01,  6.558981e+01
  3.131739e-01,  6.785760e+01
  3.163457e-01,  7.168907e+01
  3.324210e-01,  7.239416e+01
  3.363766e-01,  7.032922e+01
  3.257778e-01,  6.840202e+01
  3.210763e-01,  6.797150e+01
  3.292935e-01,  6.813701e+01
  3.309696e-01,  6.825881e+01
  3.160255e-01,  6.883485e+01
  3.057987e-01,  6.956091e+01
  3.191661e-01,  6.894876e+01
  3.398098e-01,  6.698675e+01
  3.405940e-01,  6.508737e+01
  3.242343e-01,  6.456116e+01
  3.149610e-01,  6.612847e+01
  3.194381e-01,  6.865949e+01
  3.220072e-01,  6.982284e+01
  3.166673e-01,  6.840745e+01
  3.167926e-01,  6.598156e+01
  3.273203e-01,  6.576090e+01
  3.348270e-01,  6.789385e+01
  3.289551e-01,  6.945681e+01
  3.177158e-01,  6.839736e+01
  3.169566e-01,  6.607158e+01
  3.260395e-01,  6.524941e+01
  3.282262e-01,  6.635192e+01
  3.144884e-01,  6.834872e+01
  2.980562e-01,  7.010438e+01
  3.007822e-01,  7.003022e+01
  3.253089e-01,  6.796598e+01
  3.469693e-01,  6.622591e+01
  3.408116e-01,  6.670567e+01
  3.159833e-01,  6.932398e+01
  3.056752e-01,  7.187389e+01
  3.217608e-01,  7.266114e+01
  3.388569e-01,  7.284074e+01
  3.302315e-01,  7.306381e+01
  3.071932e-01,  7.215713e+01
  3.035496e-01,  6.977161e+01
  3.252383e-01,  6.829017e+01
  3.416932e-01,  6.883972e+01
  3.321112e-01,  7.021207e+01
  3.123324e-01,  7.100868e+01
  3.073411e-01,  7.081068e+01
  3.171526e-01,  7.049302e+01
  3.251020e-01,  7.075884e+01
  3.259063e-01,  7.102410e+01
  3.260970e-01,  6.993804e+01
  3.256975e-01,  6.767708e+01
  3.178985e-01,  6.714535e+01
  3.073972e-01,  7.080744e+01
  3.097865e-01,  7.532325e+01
  3.205510e-01,  7.426780e+01
  3.235967e-01,  6.836712e+01
  3.144129e-01,  6.473960e+01
  3.043473e-01,  6.784131e+01
  3.092321e-01,  7.242765e+01
  3.172155e-01,  7.161521e+01
  3.163342e-01,  6.768423e+01
  3.156969e-01,  6.645749e+01
  3.275761e-01,  6.804948e+01
  3.424476e-01,  6.825006e+01
  3.395239e-01,  6.702734e+01
  3.215157e-01,  6.742696e+01
  3.123147e-01,  6.939763e+01
  3.206487e-01,  6.937210e+01
  3.305943e-01,  6.748464e+01
  3.289934e-01,  6.703575e+01
  3.214939e-01,  6.835211e+01
  3.178630e-01,  6.832682e+01
  3.180932e-01,  6.628479e+01
  3.207032e-01,  6.538687e+01
  3.287615e-01,  6.678743e+01
  3.408003e-01,  6.779780e+01
  3.449510e-01,  6.722542e+01
  3.358780e-01,  6.718234e+01
  3.252543e-01,  6.880102e+01
  3.255819e-01,  6.961035e+01
  3.308185e-01,  6.813357e+01
  3.262483e-01,  6.719091e+01
  3.109351e-01,  6.938634e+01
  3.017879e-01,  7.258261e+01
  3.080864e-01,  7.251593e+01
  3.217228e-01,  7.005825e+01
  3.288786e-01,  6.893221e+01
  3.253245e-01,  6.958575e+01
  3.180620e-01,  6.968530e+01
  3.139508e-01,  6.858154e+01
  3.149611e-01,  6.831571e+01
  3.193268e-01,  6.954489e+01
  3.218951e-01,  7.041062e+01
  3.173795e-01,  7.011196e+01
  3.100911e-01,  7.010325e+01
  3.120724e-01,  7.101652e+01
  3.254061e-01,  7.093937e+01
  3.350812e-01,  6.898815e+01
  3.288868e-01,  6.735368e+01
  3.153312e-01,  6.872812e+01
  3.132289e-01,  7.210670e+01
  3.225409e-01,  7.298898e+01
  3.276442e-01,  7.026561e+01
  3.237376e-01,  6.766587e+01
  3.174270e-01,  6.886226e+01
  3.150906e-01,  7.217845e+01
  3.140699e-01,  7.241264e+01
  3.142772e-01,  6.850587e+01
  3.197742e-01,  6.561649e+01
  3.244161e-01,  6.801123e+01
  3.240535e-01,  7.315913e+01
  3.203477e-01,  7.491625e+01
  3.196205e-01,  7.076223e+01
  3.265561e-01,  6.505749e+01
  3.310066e-01,  6.328457e+01
  3.275608e-01,  6.626950e+01
  3.237993e-01,  7.110234e+01
  3.222119e-01,  7.429574e+01
  3.209591e-01,  7.419953e+01
  3.260398e-01,  7.094132e+01
  3.422085e-01,  6.665979e+01
  3.539860e-01,  6.456519e+01
  3.401893e-01,  6.632432e+01
  3.103948e-01,  7.104654e+01
  2.980262e-01,  7.424977e+01
  3.163303e-01,  7.258817e+01
  3.423938e-01,  6.996342e+01
  3.424207e-01,  7.056865e+01
  3.171285e-01,  7.411307e+01
  2.973168e-01,  7.578644e+01
  3.019499e-01,  7.174127e+01
  3.222669e-01,  6.649190e+01
  3.316535e-01,  6.598063e+01
  3.237718e-01,  7.068072e+01
  3.160813e-01,  7.557338e+01
  3.167061e-01,  7.501881e+01
  3.237271e-01,  7.038951e+01
  3.287507e-01,  6.772377e+01
  3.234841e-01,  6.962004e+01
  3.122770e-01,  7.309468e+01
  3.033059e-01,  7.364635e+01
  3.039256e-01,  7.100461e+01
  3.156446e-01,  6.903859e+01
  3.298774e-01,  6.965441e+01
  3.366322e-01,  7.095275e+01
  3.328180e-01,  7.060005e+01
  3.270508e-01,  6.832340e+01
  3.302481e-01,  6.610437e+01
  3.377149e-01,  6.606622e+01
  3.317545e-01,  6.838222e+01
  3.077278e-01,  7.170567e+01
  2.879518e-01,  7.365651e+01
  2.957238e-01,  7.263080e+01
  3.193559e-01,  7.076556e+01
  3.233362e-01,  7.046081e+01
  3.022345e-01,  7.162970e+01
  2.899868e-01,  7.215958e+01
  3.050598e-01,  7.051257e+01
  3.224025e-01,  6.845797e+01
  3.168223e-01,  6.791351e+01
  3.042413e-01,  6.902778e+01
  3.098891e-01,  7.008357e+01
  3.237294e-01,  6.977434e+01
  3.227216e-01,  6.876048e+01
  3.124506e-01,  6.795773e+01
  3.121693e-01,  6.768817e+01
  3.168586e-01,  6.803154e+01
  3.104796e-01,  6.925637e+01
  3.033142e-01,  7.086545e+01
  3.171111e-01,  7.086709e+01
  3.423782e-01,  6.891887e+01
  3.470774e-01,  6.729338e+01
  3.258741e-01,  6.789230e+01
  3.095387e-01,  7.010674e+01
  3.162245e-01,  7.093998e+01
  3.274211e-01,  7.009205e+01
  3.224528e-01,  6.986518e+01
  3.100862e-01,  7.062059e+01
  3.129236e-01,  7.003336e+01
  3.342247e-01,  6.783821e+01
  3.538642e-01,  6.696547e+01
  3.537888e-01,  6.828605e+01
  3.375342e-01,  6.939175e+01
  3.202153e-01,  6.865430e+01
  3.108108e-01,  6.907006e+01
  3.076726e-01,  7.335656e+01
  3.075519e-01,  7.750476e+01
  3.077805e-01,  7.601346e+01
  3.143194e-01,  7.083117e+01
  3.262116e-01,  6.878690e+01
  3.336414e-01,  7.096524e+01
  3.340964e-01,  7.261269e+01
  3.301869e-01,  7.109846e+01
  3.246373e-01,  6.902304e+01
  3.162776e-01,  6.902126e+01
  3.103079e-01,  6.965204e+01
  3.174019e-01,  6.876485e+01
  3.356438e-01,  6.773354e+01
  3.440250e-01,  6.861799e+01
  3.300272e-01,  7.074252e+01
  3.126613e-01,  7.155061e+01
  3.192029e-01,  6.971799e+01
  3.422602e-01,  6.765532e+01
  3.447224e-01,  6.757935e+01
  3.182859e-01,  6.934970e+01
  3.005451e-01,  7.093198e+01
  3.172041e-01,  7.013348e+01
  3.420936e-01,  6.830689e+01
  3.381675e-01,  6.763502e+01
  3.154879e-01,  6.873556e+01
  3.118242e-01,  7.048300e+01
  3.299351e-01,  7.144152e+01
  3.376203e-01,  7.199846e+01
  3.234645e-01,  7.261290e+01
  3.110881e-01,  7.272018e+01
  3.144749e-01,  7.231832e+01
  3.171120e-01,  7.246546e+01
  3.081467e-01,  7.282819e+01
  3.057344e-01,  7.136090e+01
  3.253471e-01,  6.816804e+01
  3.482304e-01,  6.634486e+01
  3.474156e-01,  6.706601e+01
  3.290295e-01,  6.880193e+01
  3.190404e-01,  6.947543e+01
  3.257416e-01,  6.923291e+01
  3.351641e-01,  6.928301e+01
  3.354479e-01,  6.916473e+01
  3.284371e-01,  6.835820e+01
  3.195037e-01,  6.823344e+01
  3.118775e-01,  6.971000e+01
  3.111025e-01,  7.051730e+01
  3.208759e-01,  6.863572e+01
  3.337456e-01,  6.665493e+01
  3.346710e-01,  6.790035e+01
  3.249055e-01,  7.141844e+01
  3.208289e-01,  7.282952e+01
  3.286793e-01,  7.058513e+01
  3.353846e-01,  6.820923e+01
  3.273335e-01,  6.831604e+01
  3.140021e-01,  7.008484e+01
  3.101325e-01,  7.140170e+01
  3.106856e-01,  7.187887e+01
  3.052727e-01,  7.248331e+01
  3.026160e-01,  7.314703e+01
  3.164961e-01,  7.262194e+01
  3.367669e-01,  7.068018e+01
  3.398822e-01,  6.872126e+01
  3.231836e-01,  6.858021e+01
  3.077419e-01,  7.078788e+01
  3.086079e-01,  7.255354e+01
  3.215040e-01,  7.112765e+01
  3.362813e-01,  6.814467e+01
  3.382872e-01,  6.693645e+01
  3.159154e-01,  6.844531e+01
  2.849657e-01,  7.116792e+01
  2.814949e-01,  7.254250e+01
  3.137599e-01,  7.172991e+01
  3.426012e-01,  7.027444e+01
  3.353219e-01,  6.946839e+01
  3.152105e-01,  7.042683e+01
  3.204998e-01,  7.257533e+01
  3.386459e-01,  7.312092e+01
  3.324772e-01,  7.145329e+01
  3.103570e-01,  6.960480e+01
  3.111744e-01,  7.000642e+01
  3.346244e-01,  7.145729e+01
  3.405349e-01,  7.166693e+01
  3.193156e-01,  7.088554e+01
  3.069244e-01,  7.042425e+01
  3.219076e-01,  7.026382e+01
  3.385226e-01,  6.938395e+01
  3.345845e-01,  6.789235e+01
  3.232672e-01,  6.669251e+01
  3.218262e-01,  6.654253e+01
  3.231386e-01,  6.773130e+01
  3.154488e-01,  7.001050e+01
  3.046130e-01,  7.141577e+01
  3.015687e-01,  6.928824e+01
  3.076479e-01,  6.518619e+01
  3.158619e-01,  6.410717e+01
  3.233938e-01,  6.745511e+01
  3.309386e-01,  7.115599e+01
  3.313796e-01,  7.193915e+01
  3.230257e-01,  7.160274e+01
  3.153960e-01,  7.293605e+01
  3.177568e-01,  7.431496e+01
  3.282409e-01,  7.253919e+01
  3.384718e-01,  6.909998e+01
  3.385272e-01,  6.776721e+01
  3.262698e-01,  6.890837e+01
  3.127241e-01,  6.963382e+01
  3.099967e-01,  6.871656e+01
  3.172391e-01,  6.809032e+01
  3.228323e-01,  6.802222e+01
  3.233097e-01,  6.676015e+01
  3.270209e-01,  6.527576e+01
  3.342600e-01,  6.675295e+01
  3.341377e-01,  7.046852e+01
  3.243334e-01,  7.190078e+01
  3.217235e-01,  6.899996e+01
  3.371487e-01,  6.581490e+01
  3.482701e-01,  6.558982e+01
  3.356364e-01,  6.680241e+01
  3.169614e-01,  6.790964e+01
  3.195442e-01,  6.946594e+01
  3.352353e-01,  7.128847e+01
  3.336818e-01,  7.174054e+01
  3.128854e-01,  7.060084e+01
  3.003898e-01,  6.995074e+01
  3.079052e-01,  7.086477e+01
  3.204429e-01,  7.135816e+01
  3.278521e-01,  7.060108e+01
  3.359334e-01,  7.022051e+01
  3.424489e-01,  7.118406e+01
  3.330691e-01,  7.251584e+01
  3.084614e-01,  7.324465e+01
  2.932590e-01,  7.280568e+01
  3.057773e-01,  7.080677e+01
  3.325592e-01,  6.853363e+01
  3.430504e-01,  6.839653e+01
  3.270847e-01,  7.143038e+01
  3.069574e-01,  7.502239e+01
  3.067484e-01,  7.432946e+01
  3.270738e-01,  7.033153e+01
  3.433954e-01,  6.842329e+01
  3.361535e-01,  7.022905e+01
  3.180935e-01,  7.325354e+01
  3.116862e-01,  7.397885e+01
  3.199068e-01,  7.212865e+01
  3.278107e-01,  7.010172e+01
  3.264637e-01,  6.930337e+01
  3.233392e-01,  6.962198e+01
  3.242204e-01,  6.984480e+01
  3.222901e-01,  6.889523e+01
  3.149864e-01,  6.763283e+01
  3.148566e-01,  6.824381e+01
  3.297772e-01,  7.017341e+01
  3.417656e-01,  6.988030e+01
  3.299851e-01,  6.652342e+01
  3.056814e-01,  6.410533e+01
  2.979964e-01,  6.719611e+01
  3.152057e-01,  7.173339e+01
  3.278113e-01,  7.144965e+01
  3.192240e-01,  6.827119e+01
  3.081547e-01,  6.848882e+01
  3.142076e-01,  7.263690e+01
  3.264733e-01,  7.365149e+01
  3.271815e-01,  6.956492e+01
  3.266017e-01,  6.614769e+01
  3.358486e-01,  6.767753e+01
  3.449948e-01,  6.986576e+01
  3.356054e-01,  6.817961e+01
  3.187616e-01,  6.508288e+01
  3.195305e-01,  6.631920e+01
  3.379427e-01,  7.060833e+01
  3.436542e-01,  7.233577e+01
  3.221267e-01,  7.067633e+01
  3.003955e-01,  6.905747e+01
  3.056048e-01,  6.996533e+01
  3.297263e-01,  7.080933e+01
  3.442992e-01,  6.963005e+01
  3.383528e-01,  6.814668e+01
  3.244992e-01,  6.886229e+01
  3.190087e-01,  7.147897e+01
  3.241446e-01,  7.283920e+01
  3.302432e-01,  7.146515e+01
  3.301648e-01,  6.912039e+01
  3.250869e-01,  6.815354e+01
  3.216127e-01,  6.885356e+01
  3.221003e-01,  6.969781e+01
  3.212346e-01,  7.023336e+01
  3.160915e-01,  7.154321e+01
  3.108775e-01,  7.329224e+01
  3.081254e-01,  7.304423e+01
  3.068326e-01,  7.028095e+01
  3.088069e-01,  6.803889e+01
  3.155926e-01,  6.828018e+01
  3.223533e-01,  6.886080e+01
  3.208101e-01,  6.796504e+01
  3.134051e-01,  6.747501e+01
  3.106688e-01,  6.916884e+01
  3.128099e-01,  7.048095e+01
  3.085969e-01,  6.914616e+01
  2.998344e-01,  6.825524e+01
  3.030974e-01,  7.163837e+01
  3.222667e-01,  7.570942e+01
  3.311262e-01,  7.501841e+01
  3.154474e-01,  7.038813e+01
  2.960369e-01,  6.698336e+01
  2.964654e-01,  6.773028e+01
  3.140585e-01,  6.873985e+01
  3.266088e-01,  6.731451e+01
  3.274144e-01,  6.591789e+01
  3.272302e-01,  6.724036e+01
  3.293073e-01,  6.990856e+01
  3.217934e-01,  7.104572e+01
  3.031034e-01,  7.054246e+01
  2.923922e-01,  7.048921e+01
  3.040696e-01,  7.154526e+01
  3.280636e-01,  7.172438e+01
  3.426891e-01,  7.016004e+01
  3.384030e-01,  6.841143e+01
  3.227467e-01,  6.850523e+01
  3.114724e-01,  7.007294e+01
  3.132749e-01,  7.010537e+01
  3.214618e-01,  6.763685e+01
  3.234458e-01,  6.545700e+01
  3.179965e-01,  6.623536e+01
  3.195766e-01,  6.923619e+01
  3.336086e-01,  7.112390e+01
  3.446777e-01,  7.063872e+01
  3.406698e-01,  6.912487e+01
  3.294683e-01,  6.797159e+01
  3.237846e-01,  6.752419e+01
  3.223260e-01,  6.732672e+01
  3.184085e-01,  6.722116e+01
  3.151665e-01,  6.783512e+01
  3.168722e-01,  6.951016e+01
  3.164119e-01,  7.107810e+01
  3.083715e-01,  7.082470e+01
  3.050586e-01,  6.876295e+01
  3.179480e-01,  6.752313e+01
  3.345356e-01,  6.852447e+01
  3.359287e-01,  6.979434e+01
  3.243120e-01,  6.891083e+01
  3.170147e-01,  6.629854e+01
  3.183314e-01,  6.510195e+01
  3.194806e-01,  6.634264e+01
  3.191252e-01,  6.767553e+01
  3.211176e-01,  6.713174e+01
  3.233433e-01,  6.597511e+01
  3.220390e-01,  6.660591e+01
  3.226772e-01,  6.894136e+01
  3.302545e-01,  7.013508e+01
  3.371318e-01,  6.841750e+01
  3.350084e-01,  6.549270e+01
  3.253367e-01,  6.479937e+01
  3.151072e-01,  6.791266e+01
  3.088083e-01,  7.206988e+01
  3.064955e-01,  7.317771e+01
  3.120579e-01,  7.121968e+01
  3.253554e-01,  7.011218e+01
  3.335908e-01,  7.147605e+01
  3.266668e-01,  7.254535e+01
  3.099030e-01,  7.053177e+01
  2.990236e-01,  6.734316e+01
  3.008812e-01,  6.767553e+01
  3.123004e-01,  7.111528e+01
  3.243665e-01,  7.295924e+01
  3.270381e-01,  7.178087e+01
  3.193858e-01,  7.041415e+01
  3.085898e-01,  7.101410e+01
  3.033672e-01,  7.189278e+01
  3.051498e-01,  7.065928e+01
  3.094920e-01,  6.815510e+01
  3.117123e-01,  6.666215e+01
  3.106407e-01,  6.712015e+01
  3.089268e-01,  6.913045e+01
  3.103131e-01,  7.135628e+01
  3.156134e-01,  7.190739e+01
  3.206035e-01,  7.047184e+01
  3.196674e-01,  6.920586e+01
  3.136208e-01,  6.969902e+01
  3.114588e-01,  7.025876e+01
  3.168578e-01,  6.882562e+01
  3.214075e-01,  6.726135e+01
  3.173921e-01,  6.821057e+01
  3.131657e-01,  7.021619e+01
  3.190583e-01,  6.976151e+01
  3.284393e-01,  6.799535e+01
  3.253448e-01,  6.894214e+01
  3.116955e-01,  7.249030e+01
  3.054406e-01,  7.342066e+01
  3.140154e-01,  6.960867e+01
  3.254216e-01,  6.654085e+01
  3.228689e-01,  6.838926e+01
  3.137259e-01,  7.261340e+01
  3.141467e-01,  7.320191e+01
  3.286815e-01,  6.943369e+01
  3.460500e-01,  6.663865e+01
  3.473693e-01,  6.756834e+01
  3.299187e-01,  6.999678e+01
  3.079805e-01,  7.026663e+01
  2.993840e-01,  6.806845e+01
  3.083340e-01,  6.702773e+01
  3.225953e-01,  6.855833e+01
  3.299450e-01,  7.042680e+01
  3.276322e-01,  7.080693e+01
  3.210829e-01,  7.000978e+01
  3.168355e-01,  6.906349e+01
  3.171403e-01,  6.858160e+01
  3.174434e-01,  6.930341e+01
  3.110271e-01,  7.137967e+01
  3.007455e-01,  7.271001e+01
  3.007273e-01,  7.082663e+01
  3.184699e-01,  6.781943e+01
  3.358381e-01,  6.747581e+01
  3.315155e-01,  6.915405e+01
  3.115308e-01,  7.015338e+01
  2.983995e-01,  7.056647e+01
  3.002597e-01,  7.217913e+01
  3.091423e-01,  7.251976e+01
  3.221242e-01,  6.941473e+01
  3.355447e-01,  6.807214e+01
  3.304239e-01,  7.216163e+01
  3.068471e-01,  7.399610e+01
  3.021750e-01,  6.523321e+01
  3.343846e-01,  6.085516e+01
  3.395912e-01,  7.263627e+01
  3.071510e-01,  8.489332e+01
  2.764126e-01,  6.844145e+01
  3.564894e-01,  4.887288e+01
  3.706378e-01,  6.181577e+01
  3.112465e-01,  9.121201e+01
  2.368779e-01,  7.975204e+01
  3.818010e-01,  4.186309e+01
  4.390714e-01,  5.625171e+01
  3.473468e-01,  1.050012e+02
  1.894471e-01,  1.148269e+02
  4.132566e-01,  2.929246e+01
  5.843680e-01,  4.895983e+01
  4.606547e-01,  1.157863e+02
  2.636227e-01,  1.681665e+02
  5.653906e-01,  2.485167e+00
  8.908348e-01,  3.439678e+01
  6.887026e-01,  1.227222e+02
  6.964983e-01,  -1.724268e+02
  8.793584e-01,  -1.839179e+01
  1.558129e+00,  2.376351e+01
  1.153988e+00,  1.232325e+02
  1.630132e+00,  -1.705655e+02
  1.496606e+00,  -3.351445e+01
  3.025420e+00,  1.745030e+01
  2.150509e+00,  1.208634e+02
  3.888729e+00,  -1.701522e+02
  2.964468e+00,  -4.942361e+01
  6.858879e+00,  1.426265e+01
  5.128992e+00,  1.149930e+02
  1.122406e+01,  -1.658692e+02
  1.008641e+01,  -4.415737e+01
  2.210844e+01,  9.060363e+01
  6.092488e+01,  -1.420326e+02
  4.897885e+01,  -7.640358e+01
  5.411119e+01,  9.769791e+00
  1.239929e+01,  -1.279274e+02
  9.803621e+00,  1.566151e+02
  3.598720e+01,  4.156840e+01
  3.824462e+01,  1.967704e+01
  2.008636e+01,  -6.100198e+01
  1.695871e+01,  -1.053509e+02
  1.674625e+01,  -6.346828e+01
  2.390447e+01,  -7.868106e+01
  1.971704e+01,  -9.768787e+01
  4.806145e+00,  -2.763699e+01
  1.473495e+01,  5.710396e+01
  7.251660e+00,  5.237227e+00
  6.504104e+00,  -1.291563e+01
  1.435638e+01,  1.102520e+02
  2.677998e+01,  1.665046e+02
  3.267739e+01,  -1.486566e+02
  1.751930e+01,  -8.478783e+01
  2.693712e+01,  3.927879e+01
  3.558357e+01,  6.774709e+01
  1.917499e+01,  2.624036e+01
  2.287079e+01,  -1.020168e+01
  2.088262e+01,  3.139907e+01
  2.269743e+01,  4.581457e+01
  1.353656e+01,  -1.323281e+01
  2.765070e+01,  -3.791920e+01
  2.524720e+01,  -3.544852e+01
  8.818676e+00,  -1.366875e+02
  2.362015e+01,  -1.693729e+02
  1.522271e+01,  -1.356631e+02
  9.531199e+00,  -5.800963e+00
  1.979396e+01,  4.527856e+01
  1.275579e+01,  1.721615e+01
  2.497592e+01,  -2.614381e+01
  2.399402e+01,  2.760576e+01
  2.088082e+01,  9.308140e+01
  3.209215e+01,  -4.247501e+01
  6.788355e+01,  2.384622e+00
  6.257087e+01,  8.746160e+01
  6.393789e+01,  -1.741197e+02
  6.849766e+01,  -8.732346e+01
  4.572799e+01,  9.809638e-01
  5.175800e+01,  9.051943e+01
  2.083982e+01,  1.373816e+02
  2.696107e+01,  -5.300251e+01
  2.793311e+01,  -4.761418e+01
  1.922155e+01,  -9.797702e+01
  2.909466e+01,  -1.016703e+02
  2.697809e+01,  -8.913381e+01
  9.493484e+00,  -6.213418e+00
  2.562710e+01,  4.929585e+01
  2.868270e+01,  1.650434e+01
  3.415750e+01,  -1.108695e+01
  2.009768e+01,  1.875209e+00
  2.598876e+00,  3.328146e+01
  1.347573e+01,  -1.252375e+02
  8.611498e+00,  -7.850214e+01
  2.394407e+01,  2.900310e+01
  3.405676e+01,  3.575864e+01
  3.411612e+01,  1.232857e+01
  2.785324e+01,  2.568974e+01
  1.665181e+01,  1.137387e+02
  2.656965e+01,  -1.420727e+02
  4.076580e+01,  -9.747008e+01
  2.707354e+01,  -6.173813e+01
  1.581108e+01,  3.198015e+01
  1.192633e+01,  9.070570e+01
  1.550114e+01,  -1.344240e+02
  2.760416e+01,  -1.096414e+02
  1.575469e+01,  -1.000118e+02
  4.329300e+00,  6.132667e+01
  1.549445e+01,  4.696649e+01
  1.992544e+01,  1.980811e+01
  1.824186e+01,  -1.505672e+01
  1.768511e+01,  -6.046948e+01
  1.839000e+01,  -1.076260e+02
  2.052837e+01,  -1.528212e+02
  1.396689e+01,  1.722619e+02
  3.011685e+00,  1.400640e+02
  1.656114e+01,  -1.230371e+02
  3.274887e+01,  -1.104079e+02
  2.695790e+01,  -9.579994e+01
  1.721470e+01,  -1.521033e+02
  2.162336e+01,  1.629635e+02
  1.012505e+01,  7.041490e+01
  2.528186e+01,  2.924374e+00
  2.979025e+01,  -3.248846e+01
  1.305511e+01,  -5.900618e+01
  1.945408e+01,  1.572907e+02
  2.128657e+01,  1.730674e+02
  2.916590e+01,  1.071380e+01
  6.585902e+01,  4.977409e+01
  5.287024e+01,  1.440774e+02
  8.347281e+01,  -1.094260e+02
  9.154096e+01,  -1.007694e+01
  7.661250e+01,  1.066095e+02
  3.654097e+01,  -1.693353e+02
  6.548050e+00,  -3.320073e+01
  7.612705e+00,  9.067392e+00
  1.674375e+01,  -1.061356e+02
  3.256967e+01,  -1.494334e+02
  3.222221e+01,  -1.120998e+02
  1.824627e+01,  -2.621305e+01
  2.999152e+01,  4.578433e+01
  3.126817e+01,  1.838346e+01
  4.159487e+01,  -2.497100e+01
  2.910945e+01,  -5.809226e+00
  1.480221e+01,  2.977935e+00
  2.402430e+01,  -1.014929e+02
  2.026010e+01,  -1.347385e+02
  2.379034e+01,  8.997944e+01
  4.330670e+01,  6.688678e+01
  2.282581e+01,  2.859371e+01
  2.138049e+01,  -4.960390e+01
  1.281245e+01,  -6.435452e+01
  1.336741e+01,  1.619384e+02
  2.728952e+01,  1.792213e+02
  1.071182e+01,  -1.187009e+02
  2.580405e+01,  2.363592e+01
  2.527410e+01,  6.073453e+01
  9.138556e+00,  -1.722160e+02
  8.910861e+00,  -1.443848e+02
  2.738799e+01,  9.835567e+01
  3.375337e+01,  1.186828e+02
  1.599288e+01,  -1.201632e+02
  4.670642e+01,  -4.678389e+01
  3.907041e+01,  -2.228755e+01
  1.270736e+01,  1.574384e+02
  4.064424e+01,  -1.742973e+02
  2.950363e+01,  -9.993299e+01
  5.312502e+01,  -1.957136e+01
  5.481975e+01,  2.681041e+01
  2.654952e+01,  6.603785e+01
  1.276296e+01,  -3.674296e+01
  2.824492e+01,  1.268358e+01
  3.401842e+01,  5.153442e+01
  2.715271e+01,  8.192624e+00
  3.686637e+01,  1.157526e+01
  3.187370e+01,  8.323647e+01
  2.799830e+01,  1.717990e+02
  3.383684e+01,  -1.087961e+02
  2.253207e+01,  -5.772060e+01
  1.588411e+01,  6.127145e+01
  2.456740e+01,  1.143176e+02
  2.178780e+01,  1.665746e+02
  1.959908e+01,  -1.220726e+02
  2.362180e+01,  -4.681513e+01
  1.977701e+01,  -3.040323e+01
  1.906204e+01,  -1.142195e+02
  1.622702e+01,  -1.136611e+02
  1.434836e+01,  3.955833e+01
  2.683207e+01,  5.330502e+01
  1.702179e+01,  4.562074e+01
  1.076635e+01,  2.594855e+01
  9.894288e+00,  -1.011103e+01
  1.044817e+01,  -9.036860e+01
  9.201770e+00,  -1.048204e+02
  1.368464e+01,  1.864800e+01
  2.839052e+01,  3.367343e+01
  2.308440e+01,  2.848220e+01
  7.087929e+00,  -1.775586e+02
  3.738724e+01,  -1.588318e+02
  4.158866e+01,  -1.477655e+02
  3.242698e+01,  -1.299761e+02
  2.486097e+01,  -4.899148e+01
  5.178511e+01,  9.365902e+00
  4.386257e+01,  2.912263e+01
  2.387534e+00,  2.565580e+01
  2.553529e+01,  -1.220256e+02
  2.523208e+01,  -1.223353e+02
  1.680732e+01,  -1.634712e+02
  9.772514e+00,  1.578434e+02
  4.111353e+00,  2.392810e+01
  6.054659e+00,  -1.260538e+01
  6.131764e+00,  -9.145669e+01
  1.637173e+01,  -1.191031e+02
  2.451127e+01,  -1.111392e+02
  3.213608e+01,  -8.310497e+01
  3.247142e+01,  -8.548781e+01
  3.771380e+01,  -1.507852e+02
  4.378391e+01,  -1.450583e+02
  3.237701e+01,  -8.744583e+01
  1.637896e+00,  -1.344667e+02
  3.049324e+01,  1.361604e+02
  1.460977e+01,  1.552535e+02
  1.505711e+01,  -6.063976e+01
  1.901788e+01,  -4.703306e+01
  3.752210e+00,  7.988475e+01
  2.074531e+01,  1.396045e+02
  2.874373e+01,  -1.673647e+02
  3.606870e+01,  -1.496447e+02
  3.850683e+01,  -1.665291e+02
  4.523977e+01,  -1.516616e+02
  4.096965e+01,  -8.292261e+01
  4.409283e+01,  7.323113e+01
  1.072683e+01,  -1.326584e+02
  7.627803e+00,  -1.157691e+02
  5.995754e+00,  3.423470e+01
  4.226798e+00,  6.203161e+01
  2.934803e+00,  -1.547569e+02
  2.151796e+00,  -1.177624e+02
  2.496108e+00,  2.823739e+01
  2.163885e+00,  5.650314e+01
  1.267366e+00,  -1.633853e+02
  1.180638e+00,  -1.231994e+02
  1.328924e+00,  2.576821e+01
  1.490287e+00,  5.251040e+01
  5.262183e-01,  1.740708e+02
  6.509513e-01,  -1.315622e+02
  7.427566e-01,  2.796057e+01
  1.077300e+00,  5.190257e+01
  3.120544e-01,  1.264217e+02
  3.393668e-01,  -1.463170e+02
  4.178587e-01,  3.364640e+01
  7.628122e-01,  5.289019e+01
  3.231296e-01,  9.702948e+01
  1.882606e-01,  1.778195e+02
  2.772410e-01,  4.683073e+01
  5.865621e-01,  5.250992e+01
  3.639479e-01,  7.653814e+01
  1.821549e-01,  1.169208e+02
  2.590506e-01,  6.545690e+01
  4.580583e-01,  5.423551e+01
  3.497848e-01,  6.539429e+01
  2.294298e-01,  8.916937e+01
  2.934539e-01,  7.511663e+01
  3.952522e-01,  6.110444e+01
  3.311032e-01,  6.493579e+01
  2.786050e-01,  8.196878e+01
  3.418013e-01,  7.545804e+01
  3.739410e-01,  5.772388e+01
  2.911989e-01,  5.417669e+01
  2.911106e-01,  8.077644e+01
  4.122851e-01,  8.098633e+01
  3.805025e-01,  5.690764e+01
  2.398374e-01,  3.573033e+01
  2.656162e-01,  8.847733e+01
  5.213467e-01,  8.972442e+01
  4.272666e-01,  5.345941e+01
  3.015190e-01,  -7.046287e+00
  1.942489e-01,  9.560776e+01
  7.591538e-01,  9.732332e+01
  5.768897e-01,  5.444111e+01
  5.964197e-01,  -3.692991e+01
  1.175566e-01,  -1.517109e+02
  1.154059e+00,  1.058531e+02
  9.136829e-01,  5.650115e+01
  1.252986e+00,  -4.900071e+01
  6.829929e-01,  -1.204886e+02
  2.125755e+00,  1.091717e+02
  2.096970e+00,  5.559214e+01
  3.188904e+00,  -6.476325e+01
  2.099500e+00,  -1.605802e+02
  8.187179e+00,  8.627087e+01
  1.107691e+01,  -1.515641e+02
  2.535377e+01,  -1.484153e+02
  6.885929e+00,  6.120289e+01
  3.152953e+01,  1.372488e+01
  3.090284e+01,  2.439591e-02
  2.034926e+01,  -2.738835e+01
  1.148244e+01,  -1.436539e+02
  2.935660e+01,  -1.446319e+02
  3.830940e+01,  -8.534328e+01
  3.041363e+01,  -3.219344e+01
  3.062771e+01,  5.080440e+01
  3.202588e+01,  1.013781e+02
  2.126510e+01,  -1.703804e+02
  2.827269e+01,  -7.869785e+01
  5.718349e+00,  2.841567e+01
  4.507133e+01,  1.359071e+02
  3.460412e+01,  1.614007e+02
  1.030230e+01,  -1.011654e+02
  1.166720e+01,  -1.703722e+01
  3.231850e+00,  -1.664924e+02
  1.736081e+01,  -1.462415e+02
  9.422208e+00,  -1.346128e+02
  1.042438e+01,  6.832248e+01
  6.253141e+00,  8.177728e+01
  2.056856e+01,  -5.969226e+01
  3.654481e+01,  -3.171115e+01
  1.285107e+01,  -2.595547e+01
  2.383196e+01,  1.730561e+02
  2.961970e+01,  1.497317e+02
  2.141371e+01,  1.126329e+02
  1.820388e+01,  3.043694e+01
  3.524044e+01,  7.741850e+00
  2.711587e+01,  3.359922e+01
  1.428524e+01,  1.408614e+02
  2.673882e+01,  -1.313570e+02
  3.177333e+01,  -5.954865e+01
  2.533496e+01,  -3.718729e+01
  4.279162e+01,  -1.380010e+02
  6.117139e+01,  -1.385744e+02
  1.411590e+01,  -1.121456e+02
  2.445389e+01,  7.596830e+01
  2.332406e+01,  1.004961e+02
  5.542709e+00,  8.071312e+00
  2.837940e+00,  -5.036696e+01
  1.262458e+01,  -1.697689e+02
  8.846657e+00,  -1.191497e+02
  9.229382e+00,  -2.874330e+01
  7.386051e+00,  -1.072492e+01
  4.409103e+00,  -8.524707e+01
  9.105543e+00,  -9.970134e+01
  1.476179e+01,  -3.736412e+01
  2.653784e+01,  -1.903870e+01
  2.647664e+01,  -3.629757e+01
  1.926717e+01,  -6.954695e+01
  1.508578e+01,  -1.217122e+02
  1.123554e+01,  1.782928e+02
  2.116081e+01,  9.690126e+01
  3.031190e+01,  6.637148e+01
  2.615951e+01,  4.620094e+01
  1.352952e+01,  3.319291e+01
  5.600018e+00,  -4.566775e+00
  4.135482e+00,  2.538359e+01
  1.379854e+01,  7.393707e+01
  2.467700e+01,  7.347189e+01
  2.358485e+01,  6.057794e+01
  1.359027e+01,  1.090833e+01
  1.683129e+01,  -5.021464e+01
  1.756292e+01,  -7.461412e+01
  1.507523e+01,  -1.007702e+02
  1.025473e+01,  -1.488008e+02
  1.071701e+01,  1.382290e+02
  1.488582e+01,  1.122340e+02
  1.812023e+01,  1.370628e+02
  1.810982e+01,  -1.775829e+02
  1.219434e+01,  -9.394725e+01
  1.597015e+01,  -1.557355e+01
  1.210171e+01,  3.470931e+01
  8.953365e+00,  1.695312e+02
  2.961350e+01,  -1.315768e+02
  3.278526e+01,  -7.267268e+01
  3.842620e+01,  -3.581629e+00
  2.949431e+01,  4.269542e+01
  1.523754e+01,  1.289529e+02
  2.892671e+01,  -1.529748e+02
  3.287791e+01,  -1.025379e+02
  3.391744e+01,  -7.044633e+01
  3.251369e+01,  -1.349788e+02
  4.307356e+01,  -1.760593e+02
  6.724860e+00,  1.796092e+02
  9.885866e+00,  -5.051920e+01
  1.318837e+01,  1.588325e+02
  1.270190e+01,  1.408119e+02
  2.540985e+00,  -4.813263e+00
  1.292167e+01,  -1.501397e+02
  2.486838e+01,  -1.641582e+02
  1.663343e+01,  7.860545e+01
  1.512039e+01,  1.125566e+01
  1.698218e+01,  -1.095873e+02
  8.547383e+00,  4.056206e+01
  1.832685e+01,  -1.512604e+01
  3.157093e+01,  -8.639989e+01
  2.708928e+01,  -1.591137e+02
  2.335543e+01,  1.027508e+02
  3.010344e+01,  5.485516e+01
  2.484626e+01,  2.276932e+01
  1.510160e+01,  -2.742344e+01
  2.716952e+01,  -1.305653e+02
  4.866567e+01,  -1.161862e+02
  4.274096e+01,  -5.543352e+01
  4.823402e+01,  3.746573e+01
  6.508715e+01,  8.425406e+01
  3.937626e+01,  1.138874e+02
  2.000104e+01,  -1.488434e+02
  3.290132e+01,  -1.022247e+02
  2.697610e+01,  -1.478810e+02
  3.773015e+01,  1.692928e+02
  8.364776e+00,  1.576655e+02
  1.890084e+01,  -3.127987e+00
  1.250045e+01,  3.064404e+00
  7.518638e+00,  -1.265206e+02
  1.361809e+01,  -1.206419e+02
  4.396355e+00,  -4.837355e+01
  1.535433e+01,  3.775695e+01
  1.332753e+01,  2.142082e+01
  1.921911e+01,  -2.926974e+01
  2.200873e+01,  -1.779512e+01
  4.486665e+00,  -1.450276e+02
  2.253942e+01,  1.772431e+02
  2.398292e+01,  1.129150e+02
  3.024325e+01,  9.520315e+01
  9.184838e+00,  7.668575e+01
  2.754870e+01,  -8.377599e+00
  3.758461e+01,  3.609105e+01
  3.177753e+01,  1.179287e+02
  3.813159e+01,  -1.400205e+02
  4.560717e+01,  -5.228198e+01
  3.593950e+01,  -1.264239e+00
  3.959282e+01,  -1.684231e+02
  6.285064e+01,  -1.461627e+02
  1.463293e+01,  -8.048761e+01
  3.062362e+01,  6.822674e+01
  2.604521e+01,  1.042090e+02
  1.335462e+00,  -5.749750e+01
  6.422691e+00,  -1.364459e+02
  2.264047e+01,  -1.651825e+02
  1.818049e+01,  -1.306519e+02
  1.159960e+01,  -5.962414e+01
  1.054226e+01,  -4.161189e+01
  1.071967e+01,  -8.061249e+01
  1.247122e+01,  -9.294454e+01
  1.626505e+01,  -4.562010e+01
  2.937099e+01,  -2.645613e+01
  2.874953e+01,  -2.013246e+01
  1.186656e+01,  -7.152118e+00
  1.159970e+01,  -1.467757e+02
  1.732413e+01,  -1.505167e+02
  1.454859e+01,  9.906232e+01
  3.773957e+01,  7.637747e+01
  3.287048e+01,  8.056936e+01
  6.284097e+00,  9.799887e+01
  1.593859e+01,  -7.090190e+01
  1.439871e+01,  -4.278527e+01
  9.371132e+00,  6.886801e+01
  1.743000e+01,  1.028973e+02
  9.496841e+00,  7.656076e+01
  1.348907e+01,  -3.162404e+01
  2.012186e+01,  -5.378648e+01
  1.176198e+01,  -7.052560e+01
  9.137586e+00,  -1.703684e+02
  1.610640e+01,  1.508420e+02
  1.360056e+01,  1.168933e+02
  9.409289e+00,  8.295189e+01
  4.382695e+00,  1.141901e+02
  8.260991e+00,  -1.371233e+02
  1.111398e+01,  -9.535888e+01
  7.360645e+00,  -7.718614e+01
  7.582849e+00,  -6.029703e+01
  9.687222e+00,  -4.208168e+01
  6.831486e+00,  -1.111358e+02
  7.010856e+00,  -8.741586e+01
  1.349465e+01,  2.456350e+01
  1.753924e+01,  6.409935e+01
  1.240536e+01,  1.127888e+02
  2.427138e+01,  -1.675309e+02
  3.727639e+01,  -1.226359e+02
  5.951748e+01,  -8.467428e+01
  7.756084e+01,  -1.188113e+02
  8.664790e+01,  -1.727050e+02
  4.169098e+01,  1.620138e+02
  1.826214e+01,  -8.427781e+01
  7.824917e+00,  -1.522651e+02
  1.266728e+01,  1.185807e+02
  1.067468e+01,  8.149505e-02
  8.557462e+00,  -6.309705e+01
  1.067797e+01,  1.625158e+02
  2.868976e+01,  7.815357e+01
  4.959854e+00,  -1.333954e+02
  8.273371e+00,  -9.102046e+01
  5.270888e+00,  7.426947e+01
  3.682760e+00,  1.157247e+02
  2.000223e+00,  -8.942543e+01
  2.431779e+00,  -4.811089e+01
  1.653105e+00,  7.867451e+01
  2.024953e+00,  1.174891e+02
  6.428609e-01,  -8.794491e+01
  1.445002e+00,  -4.228990e+01
  9.084659e-01,  6.431999e+01
  1.316735e+00,  1.118709e+02
  1.073265e-01,  -1.202667e+02
  8.381296e-01,  -3.717402e+01
  6.068661e-01,  4.962152e+01
  8.937101e-01,  1.031959e+02
  1.984405e-01,  1.105038e+02
  4.172585e-01,  -2.283521e+01
  4.615284e-01,  4.740789e+01
  6.409661e-01,  9.436355e+01
  2.686185e-01,  9.579525e+01
  2.542103e-01,  1.148565e+00
  3.821840e-01,  4.699011e+01
  5.171889e-01,  8.608409e+01
  3.276708e-01,  9.006337e+01
  2.071552e-01,  3.635271e+01
  3.209702e-01,  4.862901e+01
  4.129557e-01,  7.748777e+01
  3.294031e-01,  8.247547e+01
  2.403361e-01,  5.666367e+01
  3.075618e-01,  5.634069e+01
  3.695675e-01,  7.544229e+01
  3.147078e-01,  8.220685e+01
  2.324834e-01,  6.588105e+01
  2.755114e-01,  5.712536e+01
  3.437710e-01,  6.789888e+01
  3.404484e-01,  7.424626e+01
  2.908587e-01,  6.983830e+01
  2.903769e-01,  6.570259e+01
  3.241596e-01,  7.062744e+01
  3.300878e-01,  7.404821e+01
  3.096836e-01,  7.039359e+01
  3.129367e-01,  6.646203e+01
  3.313071e-01,  6.902436e+01
  3.276094e-01,  7.281933e+01
  3.074681e-01,  7.234079e+01
  3.107041e-01,  6.924099e+01
  3.366428e-01,  6.837096e+01
  3.455149e-01,  6.873924e+01
  3.260021e-01,  6.818270e+01
  3.068896e-01,  6.787564e+01
  3.067316e-01,  6.948816e+01
  3.124595e-01,  7.085485e+01
  3.105122e-01,  6.961777e+01
  3.102868e-01,  6.703431e+01
  3.221828e-01,  6.622306e+01
  3.371534e-01,  6.760177e+01
  3.371109e-01,  6.927055e+01
  3.159667e-01,  6.983435e+01
  2.905768e-01,  6.898480e+01
  2.876761e-01,  6.800994e+01
  3.132877e-01,  6.895791e+01
  3.406130e-01,  7.125360e+01
  3.398035e-01,  7.231994e+01
  3.180234e-01,  7.007493e+01
  3.101457e-01,  6.612076e+01
  3.233596e-01,  6.528773e+01
  3.306563e-01,  6.762073e+01
  3.182791e-01,  6.927090e+01
  3.049964e-01,  6.835743e+01
  3.096749e-01,  6.775771e+01
  3.209223e-01,  7.006781e+01
  3.200045e-01,  7.306685e+01
  3.085803e-01,  7.339818e+01
  3.026755e-01,  7.076537e+01
  3.073890e-01,  6.792437e+01
  3.137301e-01,  6.620428e+01
  3.172077e-01,  6.503261e+01
  3.203555e-01,  6.466648e+01
  3.233261e-01,  6.591008e+01
  3.234016e-01,  6.827046e+01
  3.199257e-01,  7.033213e+01
  3.161375e-01,  7.118744e+01
  3.171178e-01,  7.061284e+01
  3.240227e-01,  6.890433e+01
  3.297303e-01,  6.733784e+01
  3.253030e-01,  6.754651e+01
  3.141739e-01,  6.956600e+01
  3.092914e-01,  7.083909e+01
  3.134230e-01,  6.943163e+01
  3.155130e-01,  6.753862e+01
  3.073673e-01,  6.827239e+01
  2.977018e-01,  7.076819e+01
  2.962927e-01,  7.040560e+01
  3.003138e-01,  6.638841e+01
  3.017745e-01,  6.436220e+01
  2.992021e-01,  6.816392e+01
  3.011999e-01,  7.281495e+01
  3.061276e-01,  7.086589e+01
  3.148148e-01,  6.489375e+01
  3.240224e-01,  6.396422e+01
  3.273832e-01,  6.874812e+01
  3.251715e-01,  7.082311e+01
  3.200439e-01,  6.721960e+01
  3.127119e-01,  6.598733e+01
  2.959169e-01,  7.055101e+01
  2.821552e-01,  7.048986e+01
  3.009219e-01,  6.192030e+01
  3.369295e-01,  6.160893e+01
  3.331772e-01,  7.325406e+01
  2.931807e-01,  7.975799e+01
  2.823440e-01,  6.399248e+01
  3.472538e-01,  5.653667e+01
  3.607129e-01,  7.235314e+01
  3.096088e-01,  8.802870e+01
  2.634073e-01,  6.743060e+01
  3.694852e-01,  5.120030e+01
  3.976331e-01,  7.189365e+01
  3.235343e-01,  9.811173e+01
  2.191020e-01,  6.199269e+01
  4.346389e-01,  3.673015e+01
  4.522983e-01,  6.935999e+01
  3.723670e-01,  1.206903e+02
  9.278440e-02,  5.078160e+01
  6.143539e-01,  1.868424e+01
  6.314884e-01,  6.228311e+01
  6.131694e-01,  1.373298e+02
  1.553969e-01,  -1.351768e+02
  9.586721e-01,  1.765738e+00
  9.516490e-01,  5.214473e+01
  1.090471e+00,  1.469529e+02
  6.549406e-01,  -1.366220e+02
  1.726032e+00,  -1.139125e+01
  1.666735e+00,  4.194226e+01
  2.174332e+00,  1.503082e+02
  1.713891e+00,  -1.456268e+02
  3.454837e+00,  -1.800279e+01
  3.443931e+00,  3.271645e+01
  5.022586e+00,  1.523261e+02
  4.326944e+00,  -1.564180e+02
  9.649480e+00,  -2.745564e+01
  1.258238e+01,  1.006103e+02
  1.707701e+01,  1.094393e+02
  3.364624e+01,  2.382553e+01
  4.945652e+01,  5.767858e+01
  4.138611e+01,  1.237530e+02
  3.121561e+01,  -1.409115e+02
  3.910574e+01,  -5.412532e+01
  2.689560e+01,  -4.701534e-01
  1.323107e+01,  1.208768e+02
  2.147730e+01,  1.654119e+02
  1.495050e+01,  1.723393e+02
  5.823226e+00,  -1.447049e+02
  1.070899e+01,  -5.002116e+01
  1.484989e+01,  -1.830456e+01
  1.071824e+01,  1.512163e+01
  7.140715e+00,  7.595390e+01
  1.178376e+01,  1.017408e+02
  1.834106e+01,  9.634723e+01
  1.898506e+01,  9.627633e+01
  7.999993e+00,  1.337814e+02
  1.407859e+01,  -1.165731e+02
  1.699896e+01,  -9.628226e+01
  3.349481e+00,  -8.803067e+01
  1.367308e+01,  9.543802e+01
  1.762294e+01,  1.040281e+02
  8.418400e+00,  1.541158e+02
  1.905736e+01,  -1.254946e+02
  2.644975e+01,  -1.046476e+02
  1.504451e+01,  -7.694461e+01
  8.596546e+00,  7.931370e+01
  2.166454e+01,  1.085062e+02
  1.009331e+01,  1.246054e+02
  1.363225e+01,  -3.894241e+01
  2.570769e+01,  -8.846893e+00
  2.079826e+01,  8.942029e+00
  6.075977e+00,  -9.175726e+00
  4.592345e+00,  1.736519e+02
  1.271288e+01,  1.348920e+02
  1.662911e+01,  1.183671e+02
  1.415306e+01,  9.941147e+01
  1.443144e+01,  8.000717e+01
  2.127110e+01,  9.811311e+01
  2.627699e+01,  1.276565e+02
  1.697856e+01,  1.605764e+02
  3.773096e+00,  -2.080133e+01
  1.991380e+01,  3.325747e+01
  1.816965e+01,  6.720690e+01
  5.618879e+00,  1.661236e+02
  1.768753e+01,  -1.084928e+02
  1.671910e+01,  -9.421085e+01
  4.305689e+00,  -1.020562e+02
  6.482923e+00,  1.352280e+02
  9.353525e+00,  1.178253e+02
  7.848747e+00,  7.865619e+01
  7.861257e+00,  1.759449e+01
  1.016039e+01,  -3.103380e+00
  5.769260e+00,  1.474947e+01
  6.396620e+00,  1.565662e+02
  1.346591e+01,  -1.767660e+02
  8.835790e+00,  -1.564246e+02
  4.458157e+00,  -2.182352e+01
  1.051460e+01,  3.423769e+00
  5.802034e+00,  -1.495411e+01
  1.111378e+01,  -1.343697e+02
  2.695215e+01,  -1.459474e+02
  3.055565e+01,  -1.339780e+02
  1.684717e+01,  -8.457679e+01
  1.979720e+01,  3.025580e+01
  3.137033e+01,  7.078540e+01
  1.846690e+01,  8.731075e+01
  9.336024e+00,  -1.383105e+02
  2.337815e+01,  -1.229750e+02
  1.842412e+01,  -1.461907e+02
  1.920538e+01,  1.604418e+02
  1.618432e+01,  1.391451e+02
  7.589489e+00,  8.596717e+01
  1.097810e+01,  1.631911e+01
  1.448185e+01,  -1.425907e+01
  1.551344e+01,  -3.233242e+01
  1.256372e+01,  -2.997897e+01
  6.911463e+00,  -1.742684e+01
  3.117263e+00,  -4.941877e+01
  3.692701e+00,  -1.301271e+02
  1.157904e+01,  1.695686e+02
  2.092658e+01,  1.641262e+02
  1.571897e+01,  1.694773e+02
  2.732913e+00,  4.822108e+01
  1.981343e+01,  1.878920e+01
  2.364766e+01,  1.819118e+01
  1.036918e+01,  1.871898e+00
  1.015086e+01,  -1.036032e+02
  1.448174e+01,  -1.143971e+02
  9.782838e+00,  -1.419584e+02
  7.936631e+00,  1.494805e+02
  1.096844e+01,  9.547360e+01
  1.069875e+01,  9.804396e+01
  4.682197e+00,  1.727457e+02
  7.416983e+00,  -7.845182e+01
  8.645617e+00,  -1.686974e+01
  5.216650e+00,  5.430012e+01
  7.479731e+00,  -1.577699e+02
  1.938086e+01,  -1.015184e+02
  2.613807e+01,  -6.742619e+01
  2.207193e+01,  -3.886431e+01
  1.890242e+01,  1.625043e+01
  3.387446e+01,  6.686168e+01
  4.101897e+01,  9.783961e+01
  2.309151e+01,  1.334745e+02
  1.583484e+01,  -9.667242e+01
  3.515743e+01,  -5.803919e+01
  2.952352e+01,  -3.145856e+01
  1.219662e+01,  4.964234e+01
  2.163143e+01,  1.285013e+02
  1.884043e+01,  1.391032e+02
  8.154959e+00,  1.011936e+02
  5.062094e+00,  2.365242e+01
  7.714225e+00,  -9.416499e+01
  1.774083e+01,  -1.180737e+02
  1.921326e+01,  -1.328597e+02
  1.416991e+01,  -1.695157e+02
  1.182619e+01,  1.309306e+02
  1.295170e+01,  8.267536e+01
  1.320506e+01,  5.554154e+01
  1.194196e+01,  2.697915e+01
  1.245571e+01,  -9.998403e+00
  1.379187e+01,  -1.482643e+01
  1.206758e+01,  1.943845e+01
  8.488848e+00,  7.048242e+01
  6.101052e+00,  1.699794e+02
  1.253839e+01,  -1.362778e+02
  1.473522e+01,  -1.288670e+02
  9.936464e+00,  -1.479350e+02
  8.035050e+00,  1.344466e+02
  1.416456e+01,  1.045790e+02
  1.517626e+01,  9.234381e+01
  1.278551e+01,  5.952043e+01
  1.184378e+01,  6.255743e+00
  1.226359e+01,  -3.926468e+01
  9.853903e+00,  -6.988065e+01
  7.911600e+00,  -8.768240e+01
  8.825820e+00,  -9.940784e+01
  7.564441e+00,  -1.345939e+02
  5.521776e+00,  1.337552e+02
  1.288317e+01,  7.263359e+01
  2.042176e+01,  6.460410e+01
  2.464017e+01,  5.682753e+01
  2.358197e+01,  3.704101e+01
  1.785477e+01,  1.997534e+01
  1.156587e+01,  2.984379e+01
  1.154097e+01,  6.165357e+01
  1.110805e+01,  7.749485e+01
  6.008887e+00,  1.000476e+02
  5.919145e+00,  1.681115e+02
  1.235572e+01,  1.777192e+02
  1.508877e+01,  -1.771696e+02
  9.591034e+00,  -1.613591e+02
  9.830517e-01,  8.436475e+01
  8.292062e+00,  4.181122e+01
  8.042197e+00,  -1.034266e+01
  9.654179e+00,  -6.233899e+01
  9.123357e+00,  -1.098524e+02
  1.466174e+01,  -1.161418e+02
  1.109780e+01,  -7.923231e+01
  1.795306e+01,  4.960355e+01
  3.583109e+01,  8.569554e+01
  2.839957e+01,  1.023849e+02
  9.245990e+00,  2.268033e+01
  2.312583e+01,  -3.605565e+01
  2.103393e+01,  -5.868358e+01
  1.247033e+01,  -7.554583e+01
  5.446906e+00,  -6.083815e+01
  9.881527e+00,  -2.263204e+01
  1.771488e+01,  -2.979726e+01
  1.932398e+01,  -4.608024e+01
  1.428986e+01,  -6.330392e+01
  3.707734e+00,  -8.485645e+01
  7.873262e+00,  1.235549e+02
  1.069076e+01,  1.230857e+02
  2.458158e+00,  1.422802e+02
  9.343428e+00,  -7.065850e+01
  1.525449e+01,  -8.858791e+01
  1.769496e+01,  -1.084676e+02
  1.343294e+01,  -9.721644e+01
  6.064294e+00,  -5.871211e+01
  4.599916e+00,  -1.687671e+02
  1.598749e+01,  -1.478901e+02
  2.190588e+01,  -1.179248e+02
  2.097114e+01,  -8.964095e+01
  2.252713e+01,  -7.696928e+01
  3.145132e+01,  -6.481509e+01
  3.093914e+01,  -2.638840e+01
  2.235003e+01,  4.989226e+01
  2.767039e+01,  1.318081e+02
  2.524445e+01,  1.600364e+02
  1.509177e+01,  1.273767e+02
  1.409816e+01,  1.033382e+02
  4.799083e+00,  -1.170416e+02
  1.162912e+01,  -1.248205e+02
  4.122266e+00,  4.241328e+01
  3.306692e+00,  5.986920e+01
  2.499891e+00,  -1.266678e+02
  1.238111e+00,  -1.238594e+02
  2.090947e+00,  4.928733e+01
  1.487526e+00,  5.396566e+01
  9.138615e-01,  -1.350640e+02
  6.678471e-01,  -1.236750e+02
  1.140552e+00,  4.607556e+01
  1.111832e+00,  5.395646e+01
  2.863296e-01,  -1.535443e+02
  3.691097e-01,  -1.295385e+02
  6.679967e-01,  4.666161e+01
  8.418265e-01,  5.463790e+01
  1.399991e-01,  1.202578e+02
  1.876637e-01,  -1.533541e+02
  4.185944e-01,  5.400941e+01
  6.639298e-01,  5.687918e+01
  2.789731e-01,  7.997513e+01
  1.284438e-01,  1.336456e+02
  3.185470e-01,  6.571960e+01
  5.169238e-01,  5.934649e+01
  3.297561e-01,  7.026908e+01
  1.865070e-01,  9.494331e+01
  2.881671e-01,  7.519671e+01
  4.156952e-01,  6.485139e+01
  3.299082e-01,  6.778901e+01
  2.243205e-01,  7.771861e+01
  2.780272e-01,  7.212576e+01
  3.687161e-01,  6.494374e+01
  3.367235e-01,  6.466036e+01
  2.661425e-01,  6.961804e+01
  2.856925e-01,  7.134268e+01
  3.401799e-01,  6.918328e+01
  3.318689e-01,  6.897582e+01
  2.964623e-01,  7.058747e+01
  3.087511e-01,  6.996559e+01
  3.388209e-01,  6.745757e+01
  3.228473e-01,  6.644174e+01
  2.863807e-01,  6.823094e+01
  2.928078e-01,  7.037490e+01
  3.285284e-01,  6.954074e+01
  3.370998e-01,  6.688865e+01
  3.174137e-01,  6.487748e+01
  3.115057e-01,  6.619080e+01
  3.258017e-01,  6.980876e+01
  3.251866e-01,  7.184430e+01
  3.006686e-01,  7.040497e+01
  2.876620e-01,  6.729900e+01
  3.038870e-01,  6.700486e+01
  3.241783e-01,  6.909698e+01
  3.244313e-01,  6.986430e+01
  3.142567e-01,  6.797983e+01
  3.118033e-01,  6.612697e+01
  3.105246e-01,  6.701165e+01
  3.003180e-01,  6.951371e+01
  2.932630e-01,  7.101681e+01
  3.034421e-01,  7.073762e+01
  3.165223e-01,  7.006049e+01
  3.082009e-01,  6.982778e+01
  2.874648e-01,  7.018407e+01
  2.874443e-01,  7.116973e+01
  3.130192e-01,  7.189515e+01
  3.308439e-01,  7.145020e+01
  3.194524e-01,  7.012079e+01
  2.984232e-01,  6.922409e+01
  2.949464e-01,  6.981011e+01
  3.065959e-01,  7.089965e+01
  3.135095e-01,  7.129086e+01
  3.111432e-01,  7.089338e+01
  3.098242e-01,  6.970066e+01
  3.108496e-01,  6.768216e+01
  3.044534e-01,  6.566894e+01
  2.917741e-01,  6.499698e+01
  2.911429e-01,  6.558239e+01
  3.115423e-01,  6.548681e+01
  3.337680e-01,  6.471005e+01
  3.346081e-01,  6.575568e+01
  3.212882e-01,  6.994847e+01
  3.185607e-01,  7.401097e+01
  3.256689e-01,  7.356490e+01
  3.243355e-01,  6.990707e+01
  3.119490e-01,  6.716619e+01
  3.054474e-01,  6.721786e+01
  3.135989e-01,  6.811222e+01
  3.219221e-01,  6.802212e+01
  3.197006e-01,  6.758319e+01
  3.164165e-01,  6.729736e+01
  3.184759e-01,  6.651819e+01
  3.142672e-01,  6.580818e+01
  2.983232e-01,  6.745265e+01
  2.893294e-01,  7.163399e+01
  2.998240e-01,  7.364362e+01
  3.127842e-01,  7.114069e+01
  3.119798e-01,  6.793352e+01
  3.052013e-01,  6.822964e+01
  3.110320e-01,  7.078548e+01
  3.265585e-01,  7.089624e+01
  3.342550e-01,  6.865025e+01
  3.297641e-01,  6.780212e+01
  3.208587e-01,  6.955274e+01
  3.105661e-01,  7.087121e+01
  2.970982e-01,  6.962838e+01
  2.890050e-01,  6.780049e+01
  2.957737e-01,  6.802694e+01
  3.115859e-01,  6.959014e+01
  3.219481e-01,  7.043739e+01
  3.238123e-01,  6.953251e+01
  3.253823e-01,  6.704899e+01
  3.272741e-01,  6.503488e+01
  3.200350e-01,  6.611287e+01
  3.036471e-01,  7.032046e+01
  2.899247e-01,  7.372510e+01
  2.873743e-01,  7.261682e+01
  2.995980e-01,  6.902694e+01
  3.209952e-01,  6.708892e+01
  3.378945e-01,  6.724401e+01
  3.387510e-01,  6.803711e+01
  3.246946e-01,  6.895932e+01
  3.109283e-01,  6.976527e+01
  3.109937e-01,  6.960698e+01
  3.221797e-01,  6.875519e+01
  3.308274e-01,  6.871637e+01
  3.289248e-01,  6.965534e+01
  3.198495e-01,  6.999360e+01
  3.111910e-01,  6.898691e+01
  3.085384e-01,  6.817039e+01
  3.128951e-01,  6.867141e+01
  3.197119e-01,  6.937377e+01
  3.208144e-01,  6.949535e+01
  3.134098e-01,  7.007835e+01
  3.055977e-01,  7.150337e+01
  3.077529e-01,  7.152793e+01
  3.197815e-01,  6.871207e+01
  3.301677e-01,  6.565637e+01
  3.270958e-01,  6.559002e+01
  3.172049e-01,  6.826208e+01
  3.186229e-01,  6.966547e+01
  3.338359e-01,  6.744467e+01
  3.436061e-01,  6.432790e+01
  3.291104e-01,  6.342570e+01
  3.033963e-01,  6.533605e+01
  2.989647e-01,  6.810085e+01
  3.207836e-01,  6.941697e+01
  3.374310e-01,  6.953766e+01
  3.244296e-01,  6.931511e+01
  2.976333e-01,  6.888975e+01
  2.887931e-01,  6.836529e+01
  3.013375e-01,  6.814808e+01
  3.120750e-01,  6.852284e+01
  3.095437e-01,  6.957090e+01
  3.065677e-01,  7.067071e+01
  3.144973e-01,  7.041553e+01
  3.273850e-01,  6.878181e+01
  3.348290e-01,  6.784581e+01
  3.337031e-01,  6.912909e+01
  3.245567e-01,  7.106526e+01
  3.084186e-01,  7.052871e+01
  2.956987e-01,  6.742674e+01
  2.976532e-01,  6.595244e+01
  3.080099e-01,  6.815501e+01
  3.129922e-01,  7.082326e+01
  3.128870e-01,  7.087068e+01
  3.221407e-01,  6.921198e+01
  3.377014e-01,  6.867737e+01
  3.356584e-01,  6.935504e+01
  3.115414e-01,  6.951775e+01
  2.953465e-01,  6.873015e+01
  3.095937e-01,  6.881225e+01
  3.342474e-01,  7.044952e+01
  3.351859e-01,  7.232567e+01
  3.114067e-01,  7.321139e+01
  2.936083e-01,  7.246950e+01
  3.024941e-01,  7.068891e+01
  3.268477e-01,  6.908316e+01
  3.422191e-01,  6.793752e+01
  3.372151e-01,  6.698890e+01
  3.201231e-01,  6.644594e+01
  3.089715e-01,  6.734273e+01
  3.156515e-01,  6.992859e+01
  3.323826e-01,  7.218584e+01
  3.370506e-01,  7.223249e+01
  3.219842e-01,  7.030253e+01
  3.067298e-01,  6.836816e+01
  3.108899e-01,  6.816881e+01
  3.244161e-01,  6.895854e+01
  3.209515e-01,  6.971487e+01
  2.999802e-01,  7.089514e+01
  2.910154e-01,  7.235728e+01
  3.080046e-01,  7.200175e+01
  3.276519e-01,  6.946581e+01
  3.256200e-01,  6.699327e+01
  3.095776e-01,  6.670825e+01
  3.019814e-01,  6.798013e+01
  3.049098e-01,  6.800448e+01
  3.056074e-01,  6.688164e+01
  3.030316e-01,  6.742242e+01
  3.061738e-01,  6.990465e+01
  3.136744e-01,  7.078897e+01
  3.159486e-01,  6.873680e+01
  3.127622e-01,  6.724202e+01
  3.091722e-01,  6.957390e+01
  3.066461e-01,  7.321023e+01
  3.016884e-01,  7.324837e+01
  2.999540e-01,  6.973024e+01
  3.089168e-01,  6.743579e+01
  3.204441e-01,  6.816765e+01
  3.217971e-01,  6.929490e+01
  3.129042e-01,  6.936682e+01
  3.077275e-01,  6.950515e+01
  3.160249e-01,  6.975789e+01
  3.318181e-01,  6.848556e+01
  3.411241e-01,  6.646639e+01
  3.340509e-01,  6.653615e+01
  3.149278e-01,  6.908550e+01
  3.012934e-01,  7.044664e+01
  3.072381e-01,  6.857015e+01
  3.261503e-01,  6.751074e+01
  3.329207e-01,  7.001463e+01
  3.182056e-01,  7.330810e+01
  3.009855e-01,  7.295114e+01
  3.043739e-01,  6.954021e+01
  3.192515e-01,  6.847255e+01
  3.192754e-01,  7.062059e+01
  3.068129e-01,  7.228311e+01
  3.063940e-01,  7.077909e+01
  3.209992e-01,  6.870699e+01
  3.228112e-01,  6.899426e+01
  3.036502e-01,  7.023166e+01
  2.939000e-01,  6.913150e+01
  3.138301e-01,  6.658655e+01
  3.361351e-01,  6.676857e+01
  3.290547e-01,  6.975971e+01
  3.065979e-01,  7.169072e+01
  3.025153e-01,  6.948578e+01
  3.194716e-01,  6.734202e+01
  3.287373e-01,  6.966485e+01
  3.222056e-01,  7.372151e+01
  3.153816e-01,  7.318746e+01
  3.178424e-01,  6.770003e+01
  3.183159e-01,  6.453925e+01
  3.062869e-01,  6.793591e+01
  2.985731e-01,  7.409489e+01
  3.026750e-01,  7.585961e+01
  3.080253e-01,  7.278152e+01
  3.097671e-01,  6.961331e+01
  3.121388e-01,  6.911971e+01
  3.170067e-01,  6.991112e+01
  3.170995e-01,  6.958215e+01
  3.123661e-01,  6.803488e+01
  3.128241e-01,  6.745720e+01
  3.159440e-01,  6.924015e+01
  3.081050e-01,  7.166437e+01
  2.954497e-01,  7.192978e+01
  3.032865e-01,  7.017230e+01
  3.259733e-01,  6.989084e+01
  3.237015e-01,  7.117981e+01
  2.941043e-01,  7.042161e+01
  2.892959e-01,  6.673255e+01
  3.239976e-01,  6.650970e+01
  3.414307e-01,  7.024405e+01
  3.158435e-01,  7.180548e+01
  3.010741e-01,  6.808364e+01
  3.220933e-01,  6.781379e+01
  3.153020e-01,  7.448456e+01
  2.669227e-01,  7.751035e+01
  2.737876e-01,  6.583645e+01
  3.613249e-01,  6.159992e+01
  3.668873e-01,  7.038900e+01
  2.641916e-01,  7.946396e+01
  2.450595e-01,  6.444624e+01
  3.909664e-01,  5.932845e+01
  3.987167e-01,  7.353099e+01
  2.031575e-01,  9.869688e+01
  1.351443e-01,  5.293634e+01
  4.703288e-01,  4.963170e+01
  5.540599e-01,  7.037247e+01
  2.282079e-01,  1.211853e+02
  6.111949e-02,  -5.526949e+01
  6.319696e-01,  3.935612e+01
  8.459296e-01,  6.685260e+01
  3.225242e-01,  1.563908e+02
  5.176221e-01,  -1.007004e+02
  9.209487e-01,  2.276192e+01
  1.486327e+00,  6.400207e+01
  7.522699e-01,  1.747940e+02
  1.584588e+00,  -1.086550e+02
  1.879852e+00,  1.924000e+01
  3.559287e+00,  6.865527e+01
  2.963919e+00,  -1.401579e+02
  7.902961e+00,  4.085710e+01
  1.316058e+01,  6.655071e+01
  1.234732e+01,  -1.351306e+02
  2.212169e+01,  -9.126206e+01
  1.983079e+01,  -5.677816e+01
  1.085046e+01,  -1.173075e+01
  1.009359e+01,  9.631875e+01
  1.729924e+01,  1.324176e+02
  1.473863e+01,  1.352571e+02
  7.805704e+00,  1.147640e+02
  4.430045e+00,  6.172106e+01
  4.863478e+00,  4.183271e+01
  2.439749e+00,  3.909559e+01
  5.251187e+00,  -1.102838e+02
  1.200840e+01,  -1.041495e+02
  9.819135e+00,  -8.195272e+01
  5.381576e-01,  5.459593e+01
  1.279495e+01,  1.543950e+02
  1.966278e+01,  1.782907e+02
  1.250990e+01,  -1.491501e+02
  1.393868e+01,  -3.904969e+01
  2.804530e+01,  -8.614014e+00
  2.713474e+01,  2.904727e+00
  1.281319e+01,  4.487322e+00
  3.386281e+00,  -1.350209e+02
  9.813513e+00,  -1.575974e+02
  7.020253e+00,  1.792735e+02
  7.414029e+00,  1.094342e+02
  9.429321e+00,  9.620787e+01
  4.673045e+00,  1.329996e+02
  7.495393e+00,  -1.200934e+02
  1.104267e+01,  -8.478669e+01
  8.437314e+00,  -2.998075e+01
  1.204568e+01,  4.832319e+01
  1.671980e+01,  7.948340e+01
  1.150924e+01,  9.283490e+01
  2.768993e-01,  -8.103201e+01
  8.198827e+00,  -8.041973e+01
  6.626802e+00,  -9.422571e+01
  5.654751e+00,  1.765108e+02
  1.103273e+01,  1.477595e+02
  8.836104e+00,  1.346762e+02
  3.270434e+00,  1.815885e+01
  1.418042e+01,  -2.183897e+01
  1.845734e+01,  -2.179489e+01
  1.214899e+01,  -1.411217e+01
  4.825447e+00,  7.244376e+01
  1.402789e+01,  1.167056e+02
  1.803124e+01,  1.209921e+02
  1.150311e+01,  1.417326e+02
  8.152159e+00,  -1.036386e+02
  1.791796e+01,  -6.038648e+01
  1.539070e+01,  -3.627388e+01
  8.608266e+00,  6.280460e+01
  2.369703e+01,  1.263720e+02
  3.183638e+01,  1.399142e+02
  2.613387e+01,  1.323258e+02
  1.119871e+01,  1.182544e+02
  7.432563e+00,  -3.662899e+01
  1.700279e+01,  -3.979393e+01
  1.403082e+01,  -4.024746e+01
  7.232790e+00,  -8.147993e+01
  1.139206e+01,  -1.197867e+02
  1.147371e+01,  -1.070429e+02
  5.607006e+00,  -6.739320e+01
  4.671004e+00,  5.083953e+01
  1.027411e+01,  9.622730e+01
  1.463305e+01,  1.095433e+02
  1.488998e+01,  1.148444e+02
  8.412654e+00,  1.230099e+02
  2.388263e+00,  -4.030178e+01
  1.066030e+01,  -4.379568e+01
  1.248154e+01,  -6.211872e+01
  1.151317e+01,  -8.962020e+01
  8.364839e+00,  -1.074181e+02
  3.334716e+00,  -1.342260e+02
  3.055725e+00,  1.072645e+02
  6.171890e+00,  6.916583e+01
  7.421169e+00,  5.204715e+01
  6.383434e+00,  4.315314e+01
  4.598009e+00,  3.218487e+01
  2.740772e+00,  1.087726e+01
  2.002662e+00,  -3.389451e+01
  1.894842e+00,  -3.423594e+01
  1.157366e+00,  7.365155e+01
  5.219177e+00,  1.355561e+02
  9.958965e+00,  1.481853e+02
  1.159310e+01,  1.603502e+02
  8.411272e+00,  -1.610755e+02
  9.338214e+00,  -7.593712e+01
  1.418185e+01,  -2.591869e+01
  1.249366e+01,  1.472263e+01
  9.115915e+00,  9.192941e+01
  1.469778e+01,  1.520474e+02
  1.474315e+01,  -1.796665e+02
  7.161557e+00,  -1.358029e+02
  9.030713e+00,  -3.963153e+01
  1.338375e+01,  -1.995941e+01
  1.059824e+01,  -2.402231e+01
  6.007858e+00,  -5.136462e+01
  1.655556e+00,  -9.312233e+01
  6.010618e+00,  1.044066e+02
  1.468166e+01,  9.723103e+01
  1.924373e+01,  1.008451e+02
  1.539843e+01,  1.156453e+02
  6.697157e+00,  1.560164e+02
  4.695633e+00,  -1.084523e+02
  2.732688e+00,  -5.593316e+01
  4.982832e+00,  9.382664e+01
  1.014124e+01,  1.197168e+02
  9.150007e+00,  1.511147e+02
  7.743762e+00,  -1.409853e+02
  1.086573e+01,  -9.504969e+01
  9.085618e+00,  -8.229282e+01
  3.241003e+00,  -1.318795e+02
  7.513362e+00,  1.598629e+02
  7.393823e+00,  1.635777e+02
  1.975245e+00,  -8.191021e+01
  1.125923e+01,  -1.996050e+01
  1.539263e+01,  -4.149311e+00
  1.163254e+01,  1.466423e+01
  6.383842e+00,  5.743929e+01
  6.052186e+00,  1.026566e+02
  4.402970e+00,  9.370134e+01
  4.730971e+00,  1.667652e+01
  8.614858e+00,  -8.114763e+00
  8.221281e+00,  -8.058159e+00
  3.402971e+00,  2.607256e+01
  6.132120e+00,  1.224743e+02
  1.132719e+01,  1.255363e+02
  1.474649e+01,  1.141091e+02
  1.721633e+01,  1.041737e+02
  1.613059e+01,  1.022673e+02
  9.168437e+00,  1.173188e+02
  5.621661e+00,  -1.386556e+02
  1.330653e+01,  -9.621740e+01
  1.650049e+01,  -9.180751e+01
  1.419843e+01,  -1.037997e+02
  7.821899e+00,  -1.279585e+02
  5.269574e+00,  1.560864e+02
  7.408322e+00,  1.344736e+02
  4.274964e+00,  1.278707e+02
  3.816927e+00,  1.221242e+01
  1.009135e+01,  1.095867e+00
  1.286160e+01,  8.433528e+00
  1.127615e+01,  2.256469e+01
  6.618268e+00,  5.469343e+01
  7.191841e+00,  1.441114e+02
  1.510864e+01,  1.778868e+02
  1.974065e+01,  -1.709689e+02
  1.825047e+01,  -1.705607e+02
  1.250272e+01,  1.779843e+02
  6.892317e+00,  1.480442e+02
  3.986693e+00,  1.143047e+02
  1.841092e+00,  -1.515902e+02
  9.788377e+00,  -1.140891e+02
  1.779981e+01,  -1.075919e+02
  1.978871e+01,  -1.022811e+02
  1.387848e+01,  -9.671451e+01
  5.507534e+00,  -7.991079e+01
  2.632854e+00,  -1.579902e+01
  2.376964e+00,  -3.214606e+01
  4.712291e+00,  -1.102091e+02
  1.031273e+01,  -1.358659e+02
  1.373315e+01,  -1.406270e+02
  1.176020e+01,  -1.329927e+02
  6.139953e+00,  -9.951119e+01
  8.629793e+00,  -2.255650e+01
  1.613885e+01,  -2.872656e+00
  1.762091e+01,  1.765610e+01
  1.237023e+01,  5.072688e+01
  5.075597e+00,  1.019941e+02
  3.690049e+00,  -1.548989e+02
  4.222860e+00,  -1.289722e+02
  3.078099e+00,  -1.385999e+02
  2.366719e+00,  -1.651296e+02
  2.349086e+00,  1.643764e+02
  2.629724e+00,  1.384324e+02
  2.146589e+00,  9.998006e+01
  3.870009e+00,  3.050604e+01
  7.993276e+00,  1.830130e+01
  9.695491e+00,  2.082809e+01
  6.448069e+00,  2.400162e+01
  1.352142e+00,  -1.195492e+02
  9.468525e+00,  -1.387962e+02
  1.257011e+01,  -1.347280e+02
  7.625587e+00,  -1.298236e+02
  2.395746e+00,  1.134773e+02
  9.081344e+00,  9.190881e+01
  9.216290e+00,  8.991603e+01
  3.221870e+00,  4.269762e+01
  9.367319e+00,  -4.453081e+01
  1.438087e+01,  -4.238732e+01
  1.165134e+01,  -3.080655e+01
  2.026121e+00,  -1.494489e+01
  1.077803e+01,  -1.780388e+02
  1.572949e+01,  -1.488249e+02
  1.081264e+01,  -1.545562e+01
  5.163992e+00,  1.051261e+02
  3.640029e+00,  -1.475944e+02
  1.811053e+00,  -3.154457e+01
  2.485051e+00,  3.706867e+01
  1.190694e+00,  1.257387e+02
  1.211833e+00,  -1.498163e+02
  8.335145e-01,  -2.035212e+01
  1.404036e+00,  3.776308e+01
  7.295608e-01,  1.084214e+02
  5.993003e-01,  -1.639500e+02
  4.110293e-01,  -1.103868e+01
  9.395033e-01,  3.874563e+01
  5.629944e-01,  8.991934e+01
  3.247241e-01,  1.721034e+02
  2.076641e-01,  1.044831e+01
  6.658990e-01,  4.341850e+01
  5.064645e-01,  8.068241e+01
  2.471517e-01,  1.397667e+02
  1.197122e-01,  4.117440e+01
  4.681630e-01,  4.522164e+01
  4.519878e-01,  7.155671e+01
  2.620201e-01,  1.028152e+02
  1.870776e-01,  6.899118e+01
  3.858870e-01,  5.235533e+01
  4.136786e-01,  6.799378e+01
  2.965473e-01,  8.730333e+01
  2.439582e-01,  7.528852e+01
  3.507580e-01,  5.900346e+01
  3.822973e-01,  6.545151e+01
  2.994208e-01,  7.869468e+01
  2.531934e-01,  7.764388e+01
  3.107206e-01,  6.544346e+01
  3.513426e-01,  6.418891e+01
  3.055742e-01,  6.814155e+01
  2.685697e-01,  6.880186e+01
  3.021496e-01,  6.686347e+01
  3.387381e-01,  6.881257e+01
  3.195068e-01,  7.177485e+01
  2.888063e-01,  7.006201e+01
  3.026630e-01,  6.541800e+01
  3.298481e-01,  6.569730e+01
  3.206811e-01,  6.995775e+01
  2.931195e-01,  7.220846e+01
  2.919431e-01,  6.836403e+01
  3.180866e-01,  6.429491e+01
  3.301259e-01,  6.530093e+01
  3.177954e-01,  6.955078e+01
  3.073463e-01,  7.201881e+01
  3.129113e-01,  7.088793e+01
  3.223268e-01,  7.015186e+01
  3.206318e-01,  7.181594e+01
  3.124355e-01,  7.275900e+01
  3.112213e-01,  7.001190e+01
  3.221994e-01,  6.642841e+01
  3.344786e-01,  6.607564e+01
  3.364051e-01,  6.798918e+01
  3.261714e-01,  6.893847e+01
  3.117571e-01,  6.837376e+01
  3.054826e-01,  6.841851e+01
  3.116952e-01,  6.936593e+01
  3.216223e-01,  6.911974e+01
  3.248442e-01,  6.736242e+01
  3.227503e-01,  6.604970e+01
  3.228941e-01,  6.649779e+01
  3.246990e-01,  6.790903e+01
  3.201512e-01,  6.909861e+01
  3.100937e-01,  6.953418e+01
  3.051218e-01,  6.889940e+01
  3.072079e-01,  6.793582e+01
  3.063399e-01,  6.850408e+01
  3.008898e-01,  7.109014e+01
  3.023129e-01,  7.322030e+01
  3.133198e-01,  7.265789e+01
  3.224077e-01,  7.095935e+01
  3.217204e-01,  7.024423e+01
  3.180571e-01,  6.999298e+01
  3.183935e-01,  6.910273e+01
  3.187280e-01,  6.906106e+01
  3.165979e-01,  7.145752e+01
  3.178263e-01,  7.381740e+01
  3.198199e-01,  7.254171e+01
  3.129392e-01,  6.921366e+01
  2.979052e-01,  6.865172e+01
  2.917670e-01,  7.145708e+01
  3.016991e-01,  7.209386e+01
  3.098363e-01,  6.888516e+01
  3.029538e-01,  6.672360e+01
  2.926873e-01,  6.922674e+01
  2.984571e-01,  7.278456e+01
  3.114973e-01,  7.261240e+01
  3.131579e-01,  7.091072e+01
  3.061735e-01,  7.134803e+01
  3.076054e-01,  7.240367e+01
  3.178575e-01,  7.036630e+01
  3.211158e-01,  6.699863e+01
  3.106983e-01,  6.701445e+01
  3.019870e-01,  7.095300e+01
  3.075088e-01,  7.332305e+01
  3.165005e-01,  7.119911e+01
  3.173958e-01,  6.813359e+01
  3.112089e-01,  6.804999e+01
  3.075503e-01,  7.053670e+01
  3.092755e-01,  7.199288e+01
  3.113763e-01,  7.057090e+01
  3.138569e-01,  6.768834e+01
  3.201079e-01,  6.589724e+01
  3.285523e-01,  6.634221e+01
  3.320789e-01,  6.804839e+01
  3.244786e-01,  6.947617e+01
  3.097233e-01,  7.010817e+01
  3.028942e-01,  7.053004e+01
  3.147698e-01,  7.110947e+01
  3.347814e-01,  7.141900e+01
  3.387217e-01,  7.144009e+01
  3.189891e-01,  7.158645e+01
  2.963129e-01,  7.129374e+01
  2.924241e-01,  6.910510e+01
  3.037730e-01,  6.590788e+01
  3.139900e-01,  6.463130e+01
  3.221535e-01,  6.620721e+01
  3.357170e-01,  6.817830e+01
  3.429881e-01,  6.853630e+01
  3.279282e-01,  6.873373e+01
  3.034164e-01,  7.055709e+01
  2.983871e-01,  7.210637e+01
  3.128476e-01,  7.094973e+01
  3.195390e-01,  6.972225e+01
  3.086152e-01,  7.138904e+01
  3.025132e-01,  7.354080e+01
  3.125441e-01,  7.121458e+01
  3.202834e-01,  6.646969e+01
  3.068527e-01,  6.526492e+01
  2.893495e-01,  6.919044e+01
  2.984305e-01,  7.232708e+01
  3.263317e-01,  7.101909e+01
  3.412616e-01,  6.956062e+01
  3.284161e-01,  7.059105e+01
  3.059055e-01,  7.151209e+01
  2.972969e-01,  6.929315e+01
  3.071752e-01,  6.676851e+01
  3.218614e-01,  6.715091e+01
  3.298215e-01,  6.833981e+01
  3.283995e-01,  6.785413e+01
  3.206901e-01,  6.714630e+01
  3.122942e-01,  6.820486e+01
  3.091554e-01,  6.910884e+01
  3.118930e-01,  6.785200e+01
  3.143530e-01,  6.718322e+01
  3.098196e-01,  6.967466e+01
  3.009493e-01,  7.214787e+01
  2.953892e-01,  7.009602e+01
  2.998258e-01,  6.619340e+01
  3.082187e-01,  6.634906e+01
  3.129145e-01,  6.923467e+01
  3.136891e-01,  6.890813e+01
  3.145037e-01,  6.490785e+01
  3.141469e-01,  6.342443e+01
  3.080685e-01,  6.747407e+01
  3.030628e-01,  7.233790e+01
  3.043198e-01,  7.245284e+01
  3.131076e-01,  6.953105e+01
  3.224600e-01,  6.869338e+01
  3.231737e-01,  7.051258e+01
  3.153956e-01,  7.150990e+01
  3.064191e-01,  6.918440e+01
  3.037513e-01,  6.501592e+01
  3.057604e-01,  6.240911e+01
  3.069835e-01,  6.290556e+01
  3.084776e-01,  6.565116e+01
  3.129115e-01,  6.841297e+01
  3.165749e-01,  6.907423e+01
  3.159006e-01,  6.730646e+01
  3.159398e-01,  6.503101e+01
  3.223664e-01,  6.465559e+01
  3.300480e-01,  6.599562e+01
  3.264854e-01,  6.692794e+01
  3.099520e-01,  6.677376e+01
  2.969529e-01,  6.710763e+01
  3.023506e-01,  6.867664e+01
  3.187454e-01,  6.936339e+01
  3.262618e-01,  6.805027e+01
  3.204367e-01,  6.662941e+01
  3.157295e-01,  6.763380e+01
  3.237321e-01,  7.063199e+01
  3.359946e-01,  7.288478e+01
  3.375625e-01,  7.330986e+01
  3.295904e-01,  7.256744e+01
  3.239503e-01,  7.158474e+01
  3.237957e-01,  7.090432e+01
  3.222777e-01,  7.031928e+01
  3.169815e-01,  6.911533e+01
  3.131755e-01,  6.735022e+01
  3.124960e-01,  6.656681e+01
  3.111078e-01,  6.782135e+01
  3.101752e-01,  6.978899e+01
  3.142352e-01,  7.034752e+01
  3.204508e-01,  6.970009e+01
  3.194045e-01,  6.966074e+01
  3.101977e-01,  7.060323e+01
  3.052599e-01,  7.126085e+01
  3.125242e-01,  7.116021e+01
  3.217479e-01,  7.126621e+01
  3.186217e-01,  7.170108e+01
  3.083089e-01,  7.130443e+01
  3.108131e-01,  6.969500e+01
  3.305759e-01,  6.856872e+01
  3.460301e-01,  6.918554e+01
  3.389407e-01,  7.090846e+01
  3.187831e-01,  7.196320e+01
  3.074724e-01,  7.055736e+01
  3.108469e-01,  6.741754e+01
  3.156083e-01,  6.560399e+01
  3.123851e-01,  6.714180e+01
  3.081563e-01,  7.093551e+01
  3.085709e-01,  7.312136e+01
  3.091517e-01,  7.132393e+01
  3.103155e-01,  6.729099e+01
  3.178528e-01,  6.477451e+01
  3.306611e-01,  6.537433e+01
  3.378732e-01,  6.742634e+01
  3.292460e-01,  6.893589e+01
  3.098856e-01,  6.955534e+01
  2.960663e-01,  7.043032e+01
  2.949265e-01,  7.232493e+01
  2.976017e-01,  7.376456e+01
  2.960157e-01,  7.258117e+01
  2.984729e-01,  6.916060e+01
  3.132280e-01,  6.723918e+01
  3.278402e-01,  6.862769e+01
  3.247405e-01,  7.064211e+01
  3.072786e-01,  7.012120e+01
  2.997560e-01,  6.776283e+01
  3.128769e-01,  6.741548e+01
  3.291594e-01,  6.885447e+01
  3.288648e-01,  6.878972e+01
  3.149726e-01,  6.723117e+01
  3.048449e-01,  6.814075e+01
  3.085839e-01,  7.202495e+01
  3.201719e-01,  7.296069e+01
  3.282598e-01,  6.835113e+01
  3.297707e-01,  6.333037e+01
  3.211988e-01,  6.353105e+01
  3.107174e-01,  6.782274e+01
  3.100514e-01,  7.056751e+01
  3.188393e-01,  7.019441e+01
  3.285229e-01,  6.971063e+01
  3.295402e-01,  7.019296e+01
  3.213646e-01,  7.047068e+01
  3.137558e-01,  7.046967e+01
  3.168462e-01,  7.053476e+01
  3.288967e-01,  6.912766e+01
  3.370813e-01,  6.584144e+01
  3.297252e-01,  6.420393e+01
  3.090819e-01,  6.813444e+01
  2.950841e-01,  7.523390e+01
  2.955834e-01,  7.692656e+01
  3.055958e-01,  7.132628e+01
  3.196360e-01,  6.605963e+01
  3.239131e-01,  6.650455e+01
  3.188029e-01,  7.011282e+01
  3.152291e-01,  7.123155e+01
  3.202369e-01,  6.879808e+01
  3.299733e-01,  6.689688e+01
  3.316418e-01,  6.785521e+01
  3.205535e-01,  7.045572e+01
  3.044260e-01,  7.305396e+01
  2.952660e-01,  7.472985e+01
  2.977675e-01,  7.416736e+01
  3.053158e-01,  7.077431e+01
  3.081915e-01,  6.697518e+01
  3.036857e-01,  6.664186e+01
  3.029261e-01,  7.036888e+01
  3.152664e-01,  7.328181e+01
  3.294288e-01,  7.184041e+01
  3.308227e-01,  6.868309e+01
  3.179198e-01,  6.817525e+01
  3.038586e-01,  7.081238e+01
  2.994793e-01,  7.214385e+01
  3.022023e-01,  6.945206e+01
  3.079089e-01,  6.591558e+01
  3.135158e-01,  6.539284e+01
  3.172581e-01,  6.730170e+01
  3.170370e-01,  6.848751e+01
  3.136406e-01,  6.773074e+01
  3.136516e-01,  6.645561e+01
  3.192092e-01,  6.622556e+01
  3.228984e-01,  6.729856e+01
  3.192399e-01,  6.929390e+01
  3.151520e-01,  7.093912e+01
  3.189578e-01,  7.004372e+01
  3.253952e-01,  6.660597e+01
  3.217041e-01,  6.403351e+01
  3.091989e-01,  6.593073e+01
  3.089891e-01,  7.153808e+01
  3.254088e-01,  7.506803e+01
  3.324256e-01,  7.408618e+01
  3.155255e-01,  7.116101e+01
  2.923605e-01,  6.950968e+01
  2.879085e-01,  6.981722e+01
  3.006738e-01,  6.975317e+01
  3.093258e-01,  6.841075e+01
  3.073600e-01,  6.742438e+01
  3.065633e-01,  6.841996e+01
  3.099708e-01,  7.075359e+01
  3.060199e-01,  7.236834e+01
  2.966112e-01,  7.169413e+01
  3.033544e-01,  6.871794e+01
  3.284113e-01,  6.605227e+01
  3.382416e-01,  6.589830e+01
  3.143277e-01,  6.829809e+01
  2.898984e-01,  7.130731e+01
  3.023318e-01,  7.145645e+01
  3.344622e-01,  6.933572e+01
  3.381491e-01,  6.774888e+01
  3.077149e-01,  6.747134e+01
  2.873120e-01,  6.794853e+01
  2.998502e-01,  6.849036e+01
  3.169976e-01,  6.938456e+01
  3.136316e-01,  7.083177e+01
  3.070153e-01,  7.184293e+01
  3.179316e-01,  7.140748e+01
  3.304721e-01,  7.063013e+01
  3.213281e-01,  7.110201e+01
  3.043149e-01,  7.277262e+01
  3.090093e-01,  7.332437e+01
  3.310713e-01,  7.128361e+01
  3.390434e-01,  6.819554e+01
  3.212571e-01,  6.620397e+01
  2.998109e-01,  6.678783e+01
  2.962504e-01,  6.909235e+01
  3.044317e-01,  7.047263e+01
  3.084888e-01,  7.011404e+01
  3.086228e-01,  6.910748e+01
  3.142127e-01,  6.873079e+01
  3.247981e-01,  6.920672e+01
  3.303348e-01,  6.985462e+01
  3.261214e-01,  7.018267e+01
  3.179405e-01,  7.040968e+01
  3.116582e-01,  7.090212e+01
  3.059991e-01,  7.096871e+01
  2.997696e-01,  6.918342e+01
  2.994277e-01,  6.592377e+01
  3.089667e-01,  6.441135e+01
  3.199232e-01,  6.653643e+01
  3.218324e-01,  6.999954e+01
  3.134697e-01,  7.119033e+01
  3.053380e-01,  6.944050e+01
  3.062430e-01,  6.802106e+01
  3.105204e-01,  6.913848e+01
  3.086421e-01,  7.086073e+01
  3.003204e-01,  7.080351e+01
  2.952447e-01,  6.970949e+01
  2.993078e-01,  7.003085e+01
  3.071303e-01,  7.165696e+01
  3.105430e-01,  7.232185e+01
  3.101875e-01,  7.108699e+01
  3.136740e-01,  6.923398e+01
  3.212944e-01,  6.828780e+01
  3.232784e-01,  6.850631e+01
  3.137460e-01,  6.961533e+01
  3.015778e-01,  7.098618e+01
  3.008545e-01,  7.119878e+01
  3.125059e-01,  6.991083e+01
  3.224703e-01,  6.896757e+01
  3.200214e-01,  6.964015e+01
  3.123836e-01,  7.070306e+01
  3.127162e-01,  7.025235e+01
  3.201702e-01,  6.922095e+01
  3.204795e-01,  6.988073e+01
  3.085209e-01,  7.190314e+01
  2.977806e-01,  7.236062e+01
  3.027595e-01,  6.973813e+01
  3.195440e-01,  6.661640e+01
  3.290271e-01,  6.572800e+01
  3.223971e-01,  6.757646e+01
  3.099498e-01,  7.107871e+01
  3.039269e-01,  7.347679e+01
  3.059837e-01,  7.239786e+01
  3.127823e-01,  6.933928e+01
  3.177010e-01,  6.830380e+01
  3.140496e-01,  7.040722e+01
  3.039440e-01,  7.224760e+01
  2.975121e-01,  7.067175e+01
  3.027520e-01,  6.816672e+01
  3.106356e-01,  6.882019e+01
  3.093988e-01,  7.135151e+01
  3.027807e-01,  7.160947e+01
  3.031257e-01,  6.906865e+01
  3.098988e-01,  6.755922e+01
  3.123014e-01,  6.846721e+01
  3.135520e-01,  6.943321e+01
  3.232482e-01,  6.929240e+01
  3.327735e-01,  6.963085e+01
  3.241087e-01,  7.056864e+01
  3.032145e-01,  6.972710e+01
  2.969808e-01,  6.694710e+01
  3.101868e-01,  6.685350e+01
  3.182791e-01,  7.089703e+01
  3.084441e-01,  7.473004e+01
  2.953509e-01,  7.344759e+01
  3.019574e-01,  6.850517e+01
  3.238174e-01,  6.643413e+01
  3.380317e-01,  6.828394e+01
  3.361161e-01,  7.029018e+01
  3.242350e-01,  6.975406e+01
  3.135092e-01,  6.785764e+01
  3.106961e-01,  6.748213e+01
  3.147865e-01,  6.880781e+01
  3.183071e-01,  6.963002e+01
  3.159871e-01,  6.911149e+01
  3.131578e-01,  6.877775e+01
  3.167422e-01,  6.996830e+01
  3.226363e-01,  7.124412e+01
  3.211137e-01,  7.020989e+01
  3.140192e-01,  6.736037e+01
  3.098122e-01,  6.686494e+01
  3.089482e-01,  7.107667e+01
  3.076475e-01,  7.572544e+01
  3.043676e-01,  7.473185e+01
  3.086627e-01,  6.881776e+01
  3.181730e-01,  6.545244e+01
  3.158497e-01,  6.772612e+01
  3.075993e-01,  7.141863e+01
  3.132571e-01,  7.159866e+01
  3.353472e-01,  6.978141e+01
  3.482645e-01,  6.958749e+01
  3.328325e-01,  7.041450e+01
  3.048772e-01,  7.000849e+01
  2.926026e-01,  6.878054e+01
  3.007722e-01,  6.884698e+01
  3.134941e-01,  6.914004e+01
  3.195417e-01,  6.801061e+01
  3.188119e-01,  6.712860e+01
  3.125685e-01,  6.879224e+01
  3.041786e-01,  7.150157e+01
  2.998493e-01,  7.188567e+01
  3.029039e-01,  7.028724e+01
  3.084367e-01,  6.973946e+01
  3.116326e-01,  7.035724e+01
  3.153643e-01,  6.987807e+01
  3.193189e-01,  6.821124e+01
  3.144274e-01,  6.733895e+01
  3.012275e-01,  6.751700e+01
  2.992161e-01,  6.707380e+01
  3.179873e-01,  6.610681e+01
  3.340130e-01,  6.670589e+01
  3.219167e-01,  6.932835e+01
  2.968735e-01,  7.221547e+01
  2.947530e-01,  7.274602e+01
  3.180480e-01,  7.129949e+01
  3.308253e-01,  7.006936e+01
  3.145708e-01,  6.935877e+01
  2.966865e-01,  6.852902e+01
  3.048276e-01,  6.757054e+01
  3.242416e-01,  6.720736e+01
  3.256663e-01,  6.803063e+01
  3.124184e-01,  7.010838e+01
  3.100262e-01,  7.176395e+01
  3.231055e-01,  7.086760e+01
  3.324388e-01,  6.855093e+01
  3.254130e-01,  6.784790e+01
  3.118856e-01,  6.974488e+01
  3.088451e-01,  7.085875e+01
  3.191328e-01,  6.804209e+01
  3.317923e-01,  6.421210e+01
  3.300338e-01,  6.396163e+01
  3.137577e-01,  6.750296e+01
  3.009525e-01,  7.030018e+01
  3.003639e-01,  6.916395e+01
  3.039811e-01,  6.749019e+01
  3.039499e-01,  6.891447e+01
  3.104275e-01,  7.106228e+01
  3.270962e-01,  6.959885e+01
  3.329657e-01,  6.619631e+01
  3.108667e-01,  6.600141e+01
  2.882849e-01,  7.101240e+01
  3.041172e-01,  7.456149e+01
  3.379337e-01,  7.145821e+01
  3.400869e-01,  6.613903e+01
  3.019932e-01,  6.375128e+01
  2.745325e-01,  6.671410e+01
  2.965384e-01,  7.011547e+01
  3.349695e-01,  6.945509e+01
  3.410684e-01,  6.735853e+01
  3.154656e-01,  6.696914e+01
  2.935159e-01,  6.918105e+01
  2.924067e-01,  7.123892e+01
  3.019107e-01,  7.045814e+01
  3.145080e-01,  6.780357e+01
  3.276525e-01,  6.623628e+01
  3.311364e-01,  6.726523e+01
  3.204687e-01,  6.951539e+01
  3.084564e-01,  7.023232e+01
  3.078576e-01,  6.872130e+01
  3.119538e-01,  6.766701e+01
  3.089872e-01,  6.880814e+01
  3.066110e-01,  7.062835e+01
  3.166266e-01,  7.085786e+01
  3.295521e-01,  6.991857e+01
  3.265138e-01,  6.926020e+01
  3.109219e-01,  6.881280e+01
  3.050500e-01,  6.805859e+01
  3.141258e-01,  6.790182e+01
  3.179487e-01,  6.920442e+01
  3.044031e-01,  7.098870e+01
  2.893011e-01,  7.129865e+01
  2.931559e-01,  6.973255e+01
  3.116231e-01,  6.810424e+01
  3.235478e-01,  6.714219e+01
  3.215194e-01,  6.651991e+01
  3.164461e-01,  6.703412e+01
  3.168035e-01,  6.966404e+01
  3.189119e-01,  7.269235e+01
  3.165814e-01,  7.281637e+01
  3.133717e-01,  6.941209e+01
  3.152431e-01,  6.620531e+01
  3.190860e-01,  6.647855e+01
  3.230765e-01,  6.857366e+01
  3.274764e-01,  6.896061e+01
  3.281577e-01,  6.765806e+01
  3.205931e-01,  6.761266e+01
  3.111789e-01,  6.963131e+01
  3.127522e-01,  7.074745e+01
  3.239788e-01,  6.936179e+01
  3.290925e-01,  6.817487e+01
  3.196430e-01,  6.937155e+01
  3.079550e-01,  7.120558e+01
  3.077460e-01,  7.055633e+01
  3.177727e-01,  6.847150e+01
  3.274571e-01,  6.832610e+01
  3.302405e-01,  7.033661e+01
  3.240879e-01,  7.197672e+01
  3.098619e-01,  7.199325e+01
  2.988837e-01,  7.168729e+01
  3.045891e-01,  7.230751e+01
  3.215117e-01,  7.308764e+01
  3.270221e-01,  7.303164e+01
  3.132161e-01,  7.188128e+01
  3.020533e-01,  6.982508e+01
  3.145331e-01,  6.834032e+01
  3.363449e-01,  6.885555e+01
  3.347843e-01,  7.069179e+01
  3.051919e-01,  7.217888e+01
  2.813807e-01,  7.223604e+01
  2.928812e-01,  7.175782e+01
  3.257453e-01,  7.134546e+01
  3.421415e-01,  6.963323e+01
  3.282439e-01,  6.656499e+01
  3.019633e-01,  6.551337e+01
  2.851111e-01,  6.956761e+01
  2.867972e-01,  7.431187e+01
  2.989626e-01,  7.324490e+01
  3.140279e-01,  6.833244e+01
  3.225167e-01,  6.615888e+01
  3.178351e-01,  6.840777e+01
  3.098043e-01,  7.079519e+01
  3.082512e-01,  6.979431e+01
  3.118618e-01,  6.798245e+01
  3.124505e-01,  6.875770e+01
  3.104021e-01,  7.062148e+01
  3.117087e-01,  7.035234e+01
  3.180555e-01,  6.877219e+01
  3.257374e-01,  6.882648e+01
  3.297644e-01,  6.995386e+01
  3.246021e-01,  6.945915e+01
  3.106307e-01,  6.786175e+01
  3.009562e-01,  6.870791e+01
  3.098628e-01,  7.173488e+01
  3.293171e-01,  7.203246e+01
  3.379784e-01,  6.890280e+01
  3.317870e-01,  6.652540e+01
  3.220472e-01,  6.748392e+01
  3.148427e-01,  6.883261e+01
  3.054230e-01,  6.760095e+01
  2.997974e-01,  6.618229e+01
  3.109071e-01,  6.737843e+01
  3.323874e-01,  6.863176e+01
  3.388615e-01,  6.776591e+01
  3.230166e-01,  6.717654e+01
  3.059143e-01,  6.951993e+01
  3.052404e-01,  7.210808e+01
  3.122899e-01,  7.128458e+01
  3.150403e-01,  6.931290e+01
  3.129772e-01,  6.970412e+01
  3.080297e-01,  7.110989e+01
  2.987167e-01,  7.012355e+01
  2.907036e-01,  6.767579e+01
  2.922121e-01,  6.764304e+01
  2.988938e-01,  6.984056e+01
  2.982638e-01,  7.090815e+01
  2.913399e-01,  7.003905e+01
  2.938500e-01,  6.911560e+01
  3.093934e-01,  6.912931e+01
  3.229569e-01,  6.966302e+01
  3.243450e-01,  7.099942e+01
  3.201998e-01,  7.283430e+01
  3.165879e-01,  7.282962e+01
  3.104477e-01,  7.005932e+01
  3.031941e-01,  6.778061e+01
  3.030075e-01,  6.927505e+01
  3.119672e-01,  7.207183e+01
  3.168577e-01,  7.193283e+01
  3.116728e-01,  6.956951e+01
  3.086545e-01,  6.873054e+01
  3.175047e-01,  6.980107e+01
  3.290628e-01,  6.937325e+01
  3.285648e-01,  6.673821e+01
  3.165990e-01,  6.497599e+01
  3.062709e-01,  6.651585e+01
  3.087387e-01,  6.942794e+01
  3.201705e-01,  7.053638e+01
  3.277377e-01,  7.002975e+01
  3.234193e-01,  6.965864e+01
  3.125965e-01,  6.999952e+01
  3.100284e-01,  7.059585e+01
  3.211689e-01,  7.107139e+01
  3.313090e-01,  7.119251e+01
  3.226494e-01,  7.061354e+01
  3.005471e-01,  6.939534e+01
  2.905478e-01,  6.835518e+01
  3.064827e-01,  6.776532e+01
  3.319601e-01,  6.678967e+01
  3.399360e-01,  6.567597e+01
  3.248823e-01,  6.621587e+01
  3.077857e-01,  6.937527e+01
  3.070267e-01,  7.231527e+01
  3.144756e-01,  7.187492e+01
  3.152762e-01,  6.955310e+01
  3.116594e-01,  6.878787e+01
  3.168537e-01,  7.024935e+01
  3.307743e-01,  7.115989e+01
  3.373125e-01,  6.993927e+01
  3.305260e-01,  6.784291e+01
  3.216303e-01,  6.680903e+01
  3.189142e-01,  6.725527e+01
  3.175407e-01,  6.782668e+01
  3.143058e-01,  6.734628e+01
  3.163105e-01,  6.620572e+01
  3.243144e-01,  6.607276e+01
  3.254566e-01,  6.798258e+01
  3.147504e-01,  7.123413e+01
  3.053604e-01,  7.347300e+01
  3.067992e-01,  7.262124e+01
  3.104292e-01,  6.967052e+01
  3.065213e-01,  6.720564e+01
  3.034886e-01,  6.689970e+01
  3.121377e-01,  6.832121e+01
  3.201471e-01,  6.964847e+01
  3.092559e-01,  7.008541e+01
  2.908308e-01,  6.995307e+01
  2.933913e-01,  6.962401e+01
  3.166591e-01,  6.909480e+01
  3.286157e-01,  6.851529e+01
  3.141640e-01,  6.837211e+01
  2.976963e-01,  6.872396e+01
  3.034333e-01,  6.850781e+01
  3.189975e-01,  6.735405e+01
  3.190085e-01,  6.661393e+01
  3.060808e-01,  6.747183e+01
  3.040877e-01,  6.897227e+01
  3.183867e-01,  6.892459e+01
  3.299789e-01,  6.756127e+01
  3.266829e-01,  6.680401e+01
  3.182311e-01,  6.753277e+01
  3.159659e-01,  6.845447e+01
  3.141817e-01,  6.797549e+01
  3.051903e-01,  6.661809e+01
  2.973710e-01,  6.643327e+01
  3.023910e-01,  6.823037e+01
  3.124066e-01,  7.008167e+01
  3.086779e-01,  7.039698e+01
  2.928112e-01,  6.992298e+01
  2.853771e-01,  7.040117e+01
  2.939500e-01,  7.149748e+01
  3.055693e-01,  7.112260e+01
  3.141852e-01,  6.907396e+01
  3.279293e-01,  6.751310e+01
  3.420454e-01,  6.790790e+01
  3.362103e-01,  6.946893e+01
  3.099384e-01,  7.110246e+01
  2.944830e-01,  7.180256e+01
  3.090984e-01,  7.051337e+01
  3.291984e-01,  6.802025e+01
  3.220833e-01,  6.661757e+01
  2.969200e-01,  6.849202e+01
  2.909102e-01,  7.236540e+01
  3.100166e-01,  7.322805e+01
  3.247060e-01,  7.075445e+01
  3.182044e-01,  6.834789e+01
  3.047241e-01,  6.797337e+01
  3.030291e-01,  6.871844e+01
  3.095037e-01,  6.954017e+01
  3.106677e-01,  7.104373e+01
  3.057755e-01,  7.242510e+01
  3.021087e-01,  7.111377e+01
  3.023089e-01,  6.767551e+01
  3.039780e-01,  6.630986e+01
  3.081651e-01,  6.820424e+01
  3.163714e-01,  6.947578e+01
  3.205367e-01,  6.804879e+01
  3.153973e-01,  6.709604e+01
  3.083017e-01,  6.943908e+01
  3.085912e-01,  7.222256e+01
  3.102716e-01,  7.147788e+01
  3.079453e-01,  6.906879e+01
  3.091705e-01,  6.963243e+01
  3.205934e-01,  7.290034e+01
  3.287978e-01,  7.396316e+01
  3.182958e-01,  7.072035e+01
  3.034449e-01,  6.595114e+01
  3.066606e-01,  6.456126e+01
  3.248742e-01,  6.667476e+01
  3.323516e-01,  6.835725e+01
  3.153274e-01,  6.821528e+01
  2.919696e-01,  6.838899e+01
  2.869666e-01,  7.098155e+01
  3.032194e-01,  7.312349e+01
  3.229194e-01,  7.117342e+01
  3.307500e-01,  6.683881e+01
  3.200601e-01,  6.531421e+01
  2.984001e-01,  6.959464e+01
  2.896763e-01,  7.562491e+01
  3.004725e-01,  7.619716e+01
  3.143695e-01,  7.238463e+01
  3.116742e-01,  7.018593e+01
  2.965210e-01,  7.190087e+01
  2.978657e-01,  7.404608e+01
  3.230100e-01,  7.274711e+01
  3.436863e-01,  7.022475e+01
  3.341858e-01,  6.975414e+01
  3.088661e-01,  7.125485e+01
  2.994536e-01,  7.115897e+01
  3.106448e-01,  6.820130e+01
  3.211683e-01,  6.655812e+01
  3.168532e-01,  6.915340e+01
  3.071238e-01,  7.326500e+01
  3.017425e-01,  7.321584e+01
  3.046843e-01,  6.899897e+01
  3.142474e-01,  6.679248e+01
  3.193325e-01,  6.902118e+01
  3.129625e-01,  7.145801e+01
  3.015773e-01,  7.015966e+01
  3.039760e-01,  6.748571e+01
  3.220667e-01,  6.822315e+01
  3.353790e-01,  7.112135e+01
  3.280856e-01,  7.204583e+01
  3.110428e-01,  7.001816e+01
  3.057386e-01,  6.849445e+01
  3.136272e-01,  7.000578e+01
  3.214641e-01,  7.196757e+01
  3.213587e-01,  7.144159e+01
  3.182196e-01,  6.933303e+01
  3.164052e-01,  6.876715e+01
  3.132460e-01,  7.022767e+01
  3.065396e-01,  7.101514e+01
  2.996544e-01,  6.954605e+01
  2.993745e-01,  6.779206e+01
  3.071615e-01,  6.806544e+01
  3.174421e-01,  6.942030e+01
  3.217680e-01,  6.986174e+01
  3.178461e-01,  6.946284e+01
  3.137982e-01,  6.951184e+01
  3.180318e-01,  6.998450e+01
  3.257080e-01,  6.989259e+01
  3.237747e-01,  6.974237e+01
  3.120151e-01,  7.099860e+01
  3.070339e-01,  7.311469e+01
  3.162039e-01,  7.318120e+01
  3.242372e-01,  7.054631e+01
  3.165390e-01,  6.774329e+01
  3.014776e-01,  6.735368e+01
  2.988127e-01,  6.927673e+01
  3.087281e-01,  7.070099e+01
  3.130446e-01,  7.002745e+01
  3.068820e-01,  6.771742e+01
  3.042648e-01,  6.541096e+01
  3.121026e-01,  6.549041e+01
  3.201287e-01,  6.874665e+01
  3.185803e-01,  7.287603e+01
  3.083999e-01,  7.389490e+01
  2.996660e-01,  7.043698e+01
  3.025667e-01,  6.674003e+01
  3.145313e-01,  6.691446e+01
  3.252155e-01,  6.891336e+01
  3.227316e-01,  6.909342e+01
  3.075746e-01,  6.781949e+01
  2.963152e-01,  6.832922e+01
  3.021550e-01,  7.102762e+01
  3.168043e-01,  7.253407e+01
  3.220730e-01,  7.165316e+01
  3.155751e-01,  7.010444e+01
  3.080952e-01,  6.921691e+01
  3.052885e-01,  6.835008e+01
  3.050424e-01,  6.689676e+01
  3.088505e-01,  6.616012e+01
  3.205093e-01,  6.765478e+01
  3.328916e-01,  7.071313e+01
  3.294902e-01,  7.347922e+01
  3.080225e-01,  7.450143e+01
  2.908716e-01,  7.297463e+01
  2.989211e-01,  7.021752e+01
  3.215406e-01,  6.893745e+01
  3.287616e-01,  6.962040e+01
  3.103407e-01,  7.087123e+01
  2.887758e-01,  7.095466e+01
  2.912683e-01,  6.966392e+01
  3.142127e-01,  6.899497e+01
  3.267774e-01,  6.990799e+01
  3.127670e-01,  7.159958e+01
  2.930303e-01,  7.252973e+01
  2.953174e-01,  7.152322e+01
  3.135725e-01,  6.947602e+01
  3.181946e-01,  6.783791e+01
  3.043503e-01,  6.733449e+01
  3.004128e-01,  6.825056e+01
  3.208015e-01,  6.955590e+01
  3.408604e-01,  6.993903e+01
  3.360551e-01,  6.942975e+01
  3.190321e-01,  6.877996e+01
  3.157527e-01,  6.832067e+01
  3.259450e-01,  6.734061e+01
  3.304426e-01,  6.584567e+01
  3.229433e-01,  6.588793e+01
  3.140287e-01,  6.939025e+01
  3.115444e-01,  7.396741e+01
  3.097320e-01,  7.468522e+01
  3.069729e-01,  7.091233e+01
  3.079785e-01,  6.764584e+01
  3.076488e-01,  6.843425e+01
  3.022305e-01,  7.038707e+01
  2.977301e-01,  6.932195e+01
  3.035464e-01,  6.679789e+01
  3.157412e-01,  6.738145e+01
  3.231951e-01,  7.047326e+01
  3.222266e-01,  7.171696e+01
  3.162272e-01,  6.985114e+01
  3.073109e-01,  6.834375e+01
  2.956234e-01,  6.928282e+01
  2.913159e-01,  6.960234e+01
  3.051068e-01,  6.687412e+01
  3.269228e-01,  6.472297e+01
  3.296099e-01,  6.644043e+01
  3.094547e-01,  7.053996e+01
  2.937911e-01,  7.262244e+01
  3.045977e-01,  7.112973e+01
  3.279962e-01,  6.986414e+01
  3.304705e-01,  7.074515e+01
  3.075206e-01,  7.243871e+01
  2.885282e-01,  7.310862e+01
  2.931783e-01,  7.230954e+01
  3.050781e-01,  7.090528e+01
  3.005133e-01,  6.941008e+01
  2.866838e-01,  6.828222e+01
  2.897664e-01,  6.803589e+01
  3.120536e-01,  6.830117e+01
  3.247180e-01,  6.882885e+01
  3.097879e-01,  7.012342e+01
  2.890458e-01,  7.154989e+01
  2.939827e-01,  7.062970e+01
  3.212481e-01,  6.779393e+01
  3.365264e-01,  6.638536e+01
  3.227530e-01,  6.777414e+01
  3.029503e-01,  7.031478e+01
  3.018976e-01,  7.089763e+01
  3.133215e-01,  6.953761e+01
  3.170521e-01,  6.860792e+01
  3.110185e-01,  6.907923e+01
  3.088796e-01,  7.019682e+01
  3.126069e-01,  7.068075e+01
  3.100630e-01,  7.014673e+01
  2.986915e-01,  6.950379e+01
  2.927909e-01,  7.017063e+01
  3.034248e-01,  7.155574e+01
  3.218741e-01,  7.102731e+01
  3.315065e-01,  6.824887e+01
  3.272646e-01,  6.631960e+01
  3.173656e-01,  6.806937e+01
  3.133897e-01,  7.126635e+01
  3.139817e-01,  7.096917e+01
  3.119962e-01,  6.746876e+01
  3.060056e-01,  6.609432e+01
  3.015737e-01,  6.953007e+01
  3.065650e-01,  7.345804e+01
  3.169302e-01,  7.277880e+01
  3.263329e-01,  6.870719e+01
  3.287387e-01,  6.600396e+01
  3.194075e-01,  6.711376e+01
  3.068613e-01,  7.030327e+01
  3.055104e-01,  7.143007e+01
  3.186755e-01,  6.898558e+01
  3.338858e-01,  6.637456e+01
  3.370014e-01,  6.710568e+01
  3.334314e-01,  7.071197e+01
  3.332121e-01,  7.296291e+01
  3.293886e-01,  7.152760e+01
  3.148832e-01,  6.902064e+01
  2.997501e-01,  6.879066e+01
  3.005913e-01,  7.019364e+01
  3.142443e-01,  7.033877e+01
  3.229347e-01,  6.955153e+01
  3.220339e-01,  6.970673e+01
  3.215278e-01,  7.054284e+01
  3.237455e-01,  7.057805e+01
  3.201485e-01,  7.021156e+01
  3.096798e-01,  7.051944e+01
  3.025374e-01,  7.041788e+01
  3.045394e-01,  6.846796e+01
  3.107012e-01,  6.666114e+01
  3.136843e-01,  6.781951e+01
  3.118516e-01,  7.085756e+01
  3.042661e-01,  7.202655e+01
  2.948761e-01,  7.009975e+01
  2.978959e-01,  6.753719e+01
  3.184151e-01,  6.632774e+01
  3.375106e-01,  6.585356e+01
  3.310162e-01,  6.596039e+01
  3.036210e-01,  6.751264e+01
  2.862711e-01,  6.953586e+01
  2.948572e-01,  6.930095e+01
  3.134012e-01,  6.771196e+01
  3.200099e-01,  6.764352e+01
  3.133198e-01,  6.926828e+01
  3.058424e-01,  7.050213e+01
  3.052266e-01,  7.080957e+01
  3.118527e-01,  7.172601e+01
  3.217019e-01,  7.313292e+01
  3.270966e-01,  7.350258e+01
  3.243998e-01,  7.302265e+01
  3.198678e-01,  7.283701e+01
  3.186220e-01,  7.227045e+01
  3.141910e-01,  7.021022e+01
  3.008242e-01,  6.824165e+01
  2.886697e-01,  6.885881e+01
  2.924626e-01,  7.063109e+01
  3.049409e-01,  6.992907e+01
  3.065278e-01,  6.744849e+01
  2.969718e-01,  6.668882e+01
  2.965101e-01,  6.881737e+01
  3.123428e-01,  7.091570e+01
  3.229426e-01,  7.126691e+01
  3.114673e-01,  7.109586e+01
  2.921804e-01,  7.110924e+01
  2.909531e-01,  7.010360e+01
  3.107245e-01,  6.756848e+01
  3.287528e-01,  6.526652e+01
  3.251429e-01,  6.513893e+01
  3.067952e-01,  6.823481e+01
  2.975276e-01,  7.309142e+01
  3.053150e-01,  7.540510e+01
  3.150845e-01,  7.337182e+01
  3.144098e-01,  6.950783e+01
  3.071619e-01,  6.738838e+01
  3.045360e-01,  6.823119e+01
  3.079725e-01,  6.990338e+01
  3.086939e-01,  7.039812e+01
  3.063492e-01,  6.970065e+01
  3.092636e-01,  6.831367e+01
  3.156865e-01,  6.685095e+01
  3.134379e-01,  6.656172e+01
  3.018930e-01,  6.822115e+01
  2.961415e-01,  7.008508e+01
  3.019606e-01,  6.953865e+01
  3.074990e-01,  6.777680e+01
  3.042391e-01,  6.805396e+01
  3.028820e-01,  7.063982e+01
  3.132987e-01,  7.212723e+01
  3.224010e-01,  7.109956e+01
  3.134854e-01,  6.973079e+01
  2.948832e-01,  6.958337e+01
  2.926031e-01,  6.949466e+01
  3.124248e-01,  6.818221e+01
  3.305967e-01,  6.693505e+01
  3.286219e-01,  6.719788e+01
  3.177339e-01,  6.897806e+01
  3.146245e-01,  7.099068e+01
  3.136824e-01,  7.203087e+01
  3.040834e-01,  7.196018e+01
  2.952583e-01,  7.134827e+01
  3.004989e-01,  7.109063e+01
  3.099212e-01,  7.115837e+01
  3.072937e-01,  7.054270e+01
  3.018123e-01,  6.925444e+01
  3.116393e-01,  6.919140e+01
  3.266454e-01,  7.090401e+01
  3.220392e-01,  7.222857e+01
  3.025094e-01,  7.132668e+01
  2.981327e-01,  6.955996e+01
  3.133315e-01,  6.998880e+01
  3.218597e-01,  7.176922e+01
  3.130616e-01,  7.193076e+01
  3.067595e-01,  6.983142e+01
  3.136458e-01,  6.847412e+01
  3.165770e-01,  6.957960e+01
  3.076337e-01,  7.119879e+01
  3.048966e-01,  7.077132e+01
  3.201298e-01,  6.876957e+01
  3.355443e-01,  6.787789e+01
  3.320581e-01,  6.921429e+01
  3.182921e-01,  7.187852e+01
  3.110384e-01,  7.337656e+01
  3.111840e-01,  7.188783e+01
  3.147345e-01,  6.867355e+01
  3.225891e-01,  6.694004e+01
  3.302146e-01,  6.800005e+01
  3.261763e-01,  6.956100e+01
  3.100944e-01,  6.897473e+01
  3.017021e-01,  6.722339e+01
  3.124741e-01,  6.817211e+01
  3.260714e-01,  7.153672e+01
  3.212487e-01,  7.291400e+01
  3.054415e-01,  6.965712e+01
  3.053814e-01,  6.535507e+01
  3.183103e-01,  6.579825e+01
  3.199645e-01,  6.967644e+01
  3.049083e-01,  7.176603e+01
  2.954451e-01,  6.957587e+01
  3.079589e-01,  6.696161e+01
  3.230343e-01,  6.775011e+01
  3.194230e-01,  7.047872e+01
  3.067138e-01,  7.229545e+01
  3.050459e-01,  7.218319e+01
  3.101547e-01,  7.120397e+01
  3.035817e-01,  6.986254e+01
  2.914850e-01,  6.789180e+01
  2.989503e-01,  6.612263e+01
  3.240573e-01,  6.564461e+01
  3.325772e-01,  6.609210e+01
  3.092809e-01,  6.708176e+01
  2.860043e-01,  6.850048e+01
  2.970365e-01,  6.936627e+01
  3.261648e-01,  6.932313e+01
  3.274352e-01,  6.945679e+01
  2.921541e-01,  7.004512e+01
  2.641286e-01,  6.931862e+01
  2.782215e-01,  6.664340e+01
  3.089670e-01,  6.558283e+01
  3.081082e-01,  6.766116e+01
  2.788298e-01,  7.084839e+01
  2.676992e-01,  7.083537e+01
  2.930955e-01,  6.807942e+01
  3.178034e-01,  6.772096e+01
  3.106420e-01,  7.050826e+01
  2.958658e-01,  7.301344e+01
  3.062656e-01,  7.139353e+01
  3.297492e-01,  6.770788e+01
  3.298642e-01,  6.590164e+01
  3.061569e-01,  6.764408e+01
  2.934667e-01,  7.178261e+01
  3.038162e-01,  7.369146e+01
  3.165072e-01,  7.120254e+01
  3.201422e-01,  6.697374e+01
  3.186347e-01,  6.550580e+01
  3.140333e-01,  6.826012e+01
  3.082782e-01,  7.141413e+01
  3.079846e-01,  7.072980e+01
  3.179001e-01,  6.778876e+01
  3.248899e-01,  6.736041e+01
  3.177157e-01,  6.998480e+01
  3.097048e-01,  7.167363e+01
  3.137877e-01,  6.979767e+01
  3.173107e-01,  6.764910e+01
  3.026045e-01,  6.881367e+01
  2.870164e-01,  7.196221e+01
  2.976269e-01,  7.204689e+01
  3.236963e-01,  6.894310e+01
  3.301201e-01,  6.701496e+01
  3.127511e-01,  6.832800e+01
  3.067660e-01,  7.123081e+01
  3.261170e-01,  7.236414e+01
  3.410440e-01,  7.180142e+01
  3.267387e-01,  7.103603e+01
  3.006957e-01,  6.995418e+01
  2.955054e-01,  6.800371e+01
  3.129941e-01,  6.657008e+01
  3.257722e-01,  6.718990e+01
  3.172059e-01,  6.929021e+01
  2.996594e-01,  7.039611e+01
  2.949373e-01,  6.844000e+01
  3.084577e-01,  6.558552e+01
  3.224736e-01,  6.548891e+01
  3.206770e-01,  6.832527e+01
  3.087301e-01,  7.124584e+01
  3.030307e-01,  7.146920e+01
  3.096096e-01,  6.996944e+01
  3.163942e-01,  6.958334e+01
  3.113229e-01,  7.035380e+01
  2.998959e-01,  7.024881e+01
  2.965483e-01,  6.894870e+01
  3.050490e-01,  6.873389e+01
  3.152989e-01,  7.015578e+01
  3.172249e-01,  7.090449e+01
  3.107055e-01,  6.964907e+01
  3.030331e-01,  6.838114e+01
  2.985201e-01,  6.955255e+01
  2.972557e-01,  7.166470e+01
  2.989050e-01,  7.088714e+01
  3.071426e-01,  6.681458e+01
  3.206194e-01,  6.376823e+01
  3.244952e-01,  6.516961e+01
  3.110142e-01,  7.007432e+01
  2.920456e-01,  7.426159e+01
  2.864560e-01,  7.344525e+01
  3.025296e-01,  6.891430e+01
  3.245747e-01,  6.575994e+01
  3.303417e-01,  6.595553e+01
  3.182100e-01,  6.853072e+01
  3.013487e-01,  7.137885e+01
  2.921579e-01,  7.231542e+01
  2.996624e-01,  7.098505e+01
  3.213759e-01,  6.969673e+01
  3.335832e-01,  7.006510e+01
  3.168038e-01,  7.044207e+01
  2.923151e-01,  6.808073e+01
  2.989049e-01,  6.554616e+01
  3.229786e-01,  6.844865e+01
  3.149957e-01,  7.384918e+01
  2.742011e-01,  7.321105e+01
  2.711665e-01,  6.467585e+01
  3.183391e-01,  6.495336e+01
  3.341095e-01,  7.417325e+01
  2.919728e-01,  7.768720e+01
  2.826954e-01,  6.509589e+01
  3.513425e-01,  6.167721e+01
  3.601883e-01,  7.407675e+01
  2.691977e-01,  8.307342e+01
  2.380678e-01,  5.883116e+01
  3.770217e-01,  5.362311e+01
  4.082929e-01,  7.545266e+01
  2.698002e-01,  1.027459e+02
  1.529726e-01,  5.802671e+01
  4.450190e-01,  4.393263e+01
  5.383407e-01,  7.200698e+01
  3.232590e-01,  1.204529e+02
  3.266240e-02,  -5.718796e+01
  5.547742e-01,  2.840949e+01
  7.605259e-01,  6.662765e+01
  4.388575e-01,  1.364340e+02
  3.678827e-01,  -1.006083e+02
  8.528377e-01,  8.455577e+00
  1.252958e+00,  6.163076e+01
  8.474108e-01,  1.428268e+02
  1.002743e+00,  -1.151545e+02
  1.381485e+00,  -8.111715e+00
  2.190830e+00,  5.811458e+01
  1.680171e+00,  1.449186e+02
  2.417547e+00,  -1.201641e+02
  2.639537e+00,  -2.047584e+01
  4.541451e+00,  5.781789e+01
  3.781457e+00,  1.455270e+02
  6.936827e+00,  -1.128485e+02
  4.696203e+00,  3.799115e+01
  8.038347e-01,  2.379034e+01
  1.826541e+01,  -1.011339e+02
  1.969048e+01,  -1.945821e+01
  3.278803e+01,  5.204952e+01
  2.487164e+01,  1.069875e+02
  1.828801e+01,  -1.540894e+02
  3.286750e+01,  -8.634456e+01
  3.938948e+01,  -5.793794e+01
  3.411411e+01,  -1.056429e+02
  4.762956e+01,  -1.299812e+02
  1.538918e+01,  -5.603665e+01
  3.728465e+01,  3.560939e+01
  2.774619e+01,  7.268951e+01
  1.495345e+01,  -1.746724e+02
  3.134014e+01,  -9.449218e+01
  3.303046e+01,  -7.648047e+01
  1.842956e+01,  -1.498262e+02
  2.194005e+01,  1.662612e+02
  1.939783e+01,  1.511031e+02
  2.514356e+01,  1.197881e+02
  2.227050e+01,  6.611731e+01
  1.391322e+01,  -2.848577e+01
  3.022912e+01,  -9.633412e+01
  3.075965e+01,  -1.354654e+02
  2.652885e+01,  -1.780170e+02
  3.743314e+00,  -1.671925e+02
  2.090669e+01,  -4.739172e+00
  2.261169e+01,  8.147217e+00
  8.189939e-01,  1.153025e+02
  1.915398e+01,  -1.692585e+02
  1.424319e+01,  1.693928e+02
  2.105033e+01,  9.802675e+01
  3.026567e+01,  9.263462e+01
  1.796494e+01,  1.073407e+02
  7.427570e+00,  -1.747533e+02
  8.517212e+00,  -1.431025e+02
  5.462948e+00,  -1.453255e+02
  6.685771e+00,  -8.405333e+01
  8.344084e+00,  -8.530632e+01
  1.128182e+01,  -1.566414e+02
  1.687591e+01,  -1.710727e+02
  8.606448e+00,  1.729176e+02
  2.829370e+01,  6.128083e+01
  4.748860e+01,  8.465142e+01
  3.400269e+01,  1.760926e+02
  4.811057e+01,  -9.276069e+01
  4.630074e+01,  -2.420888e+01
  1.462523e+01,  6.951440e+01
  3.701591e+01,  1.716448e+02
  2.598298e+01,  -1.734592e+02
  1.555249e+01,  4.746527e+01
  2.555978e+01,  2.142837e+01
  2.091690e+01,  -6.900363e+01
  3.119393e+01,  -1.025532e+02
  2.072769e+01,  -1.326974e+02
  1.884064e+01,  1.434042e+02
  2.800142e+01,  1.004287e+02
  2.960981e+01,  6.559038e+01
  2.689318e+01,  4.611136e+01
  1.266142e+01,  3.868462e+01
  5.697809e+00,  -1.246258e+02
  1.379423e+01,  -1.734324e+02
  1.789224e+01,  1.574512e+02
  8.955767e+00,  1.560113e+02
  1.044730e+01,  -2.380046e+01
  2.825260e+01,  -1.836631e+01
  2.125489e+01,  2.609795e+00
  9.683431e+00,  1.572965e+02
  3.127353e+01,  -1.544406e+02
  2.607369e+01,  -1.422003e+02
  5.900819e+00,  1.641693e+02
  1.595886e+01,  9.647758e+01
  1.583100e+01,  1.053911e+02
  5.871143e-01,  1.776503e+02
  2.155572e+01,  -5.913618e+01
  2.486924e+01,  -2.312946e+01
  2.150986e+01,  8.850236e+01
  3.710966e+01,  1.745320e+02
  4.106070e+01,  -1.266297e+02
  5.330712e+00,  -1.630764e+02
  3.028875e+01,  1.046367e+02
  2.144891e+01,  9.772123e+01
  2.066835e+01,  4.370607e+01
  2.913092e+01,  -6.407622e+00
  2.223747e+01,  -4.151297e+01
  4.907685e+00,  -9.292785e+01
  1.508128e+01,  1.181615e+02
  2.618327e+01,  9.878408e+01
  1.822414e+01,  7.454993e+01
  6.264793e+00,  -1.067073e+00
  1.490137e+01,  -9.287480e+01
  2.942324e+01,  -1.167535e+02
  3.483636e+01,  -1.439509e+02
  3.620636e+01,  -1.733433e+02
  3.280880e+01,  -1.683459e+02
  1.712062e+01,  -1.527553e+02
  1.722226e+01,  2.067479e+01
  1.539029e+01,  8.657471e+01
  7.765491e+00,  -1.464778e+02
##END=