##TITLE= twqubit_encoding1_Hfix6
##JCAMP-DX= 5.00 Bruker JCAMP library
##DATA TYPE= Shape Data
##ORIGIN= Colm Fixed Pulses 
##OWNER= d29lu
##DATE= 21-Apr-2015
##TIME= 19:14
##MINX= 2.093028e-02
##MAXX= 5.363903e+01
##MINY= -1.798696e+02
##MAXY= 1.797854e+02
##$SHAPE_EXMODE= None
##$SHAPE_TOTROT= 9.000000e+01
##$SHAPE_BWFAC= 1.000000e+00
##$SHAPE_INTEGFAC= 1.000000e+00
##$SHAPE_MODE= 1
##NPOINTS= 3298
##XYPOINTS= (XY..XY)
  3.176447e-01,  -1.556834e+01
  4.539318e+00,  -3.152618e+01
  2.225132e+01,  -3.691270e+01
  2.409159e+01,  -3.609088e+01
  2.025962e+01,  -3.046564e+01
  1.948019e+01,  -3.047605e+01
  1.877497e+01,  -3.230189e+01
  1.455455e+01,  -2.878025e+01
  9.898326e+00,  -2.376704e+01
  7.316220e+00,  -3.745018e+01
  5.033434e+00,  -7.126301e+01
  4.070997e+00,  -1.629065e+02
  9.831238e+00,  1.619743e+02
  1.489334e+01,  1.612799e+02
  1.939806e+01,  1.607049e+02
  2.377878e+01,  1.558315e+02
  2.604635e+01,  1.539568e+02
  2.528059e+01,  1.566708e+02
  2.360585e+01,  1.554203e+02
  2.148090e+01,  1.452137e+02
  1.762892e+01,  1.344311e+02
  1.263310e+01,  1.312209e+02
  9.356263e+00,  1.310842e+02
  7.000623e+00,  1.272603e+02
  3.821287e+00,  1.505966e+02
  5.121263e+00,  -1.494088e+02
  7.794320e+00,  -1.434549e+02
  1.002256e+01,  -1.449583e+02
  1.312856e+01,  -1.434434e+02
  1.595317e+01,  -1.450656e+02
  1.790847e+01,  -1.494742e+02
  1.952970e+01,  -1.509043e+02
  2.053496e+01,  -1.487490e+02
  2.044243e+01,  -1.473089e+02
  1.925953e+01,  -1.483407e+02
  1.741720e+01,  -1.495087e+02
  1.527979e+01,  -1.496678e+02
  1.300584e+01,  -1.513588e+02
  1.042766e+01,  -1.558244e+02
  7.670266e+00,  -1.644780e+02
  5.980587e+00,  1.747903e+02
  5.781737e+00,  1.471606e+02
  5.598675e+00,  1.158759e+02
  6.958207e+00,  9.215650e+01
  9.451027e+00,  9.811812e+01
  1.110063e+01,  1.085834e+02
  1.078404e+01,  1.128393e+02
  1.156321e+01,  1.219463e+02
  1.468627e+01,  1.344283e+02
  1.623642e+01,  1.426300e+02
  1.608843e+01,  1.473214e+02
  1.762485e+01,  1.474683e+02
  1.894710e+01,  1.464104e+02
  1.690912e+01,  1.458998e+02
  1.476238e+01,  1.424313e+02
  1.482251e+01,  1.367106e+02
  1.333309e+01,  1.316997e+02
  1.001232e+01,  1.240723e+02
  8.981048e+00,  1.169255e+02
  9.101477e+00,  1.132059e+02
  6.974331e+00,  9.684823e+01
  5.706051e+00,  5.547629e+01
  7.058008e+00,  2.723460e+01
  9.604886e+00,  9.519665e+00
  1.324286e+01,  -1.367673e+00
  1.588801e+01,  -5.638312e+00
  1.698945e+01,  -8.994640e+00
  1.709042e+01,  -1.344725e+01
  1.659923e+01,  -1.768270e+01
  1.590254e+01,  -2.227247e+01
  1.506676e+01,  -2.865527e+01
  1.454467e+01,  -3.470208e+01
  1.470165e+01,  -3.683093e+01
  1.475190e+01,  -3.651818e+01
  1.352826e+01,  -3.668559e+01
  1.109505e+01,  -3.568395e+01
  8.652883e+00,  -2.879254e+01
  6.612175e+00,  -1.543686e+01
  4.043500e+00,  1.263157e+01
  4.412156e+00,  6.959580e+01
  7.716651e+00,  6.804357e+01
  1.125631e+01,  5.331836e+01
  1.335684e+01,  5.209080e+01
  1.533417e+01,  5.680490e+01
  1.848473e+01,  5.425996e+01
  2.008619e+01,  4.993912e+01
  1.875145e+01,  5.193889e+01
  1.736094e+01,  5.742610e+01
  1.607227e+01,  5.580341e+01
  1.321627e+01,  4.808887e+01
  1.022597e+01,  4.491164e+01
  9.055829e+00,  4.561064e+01
  1.025062e+01,  3.116579e+01
  1.417421e+01,  1.642443e+01
  1.684200e+01,  1.688460e+01
  1.717231e+01,  2.429561e+01
  2.097221e+01,  2.032134e+01
  2.134383e+01,  9.886651e+00
  1.037737e+01,  -1.645943e+02
  2.984083e+00,  1.174595e+00
  2.786360e+00,  2.804156e+01
  1.161426e+00,  -1.515670e+02
  1.578206e+00,  -1.657162e+02
  8.060369e-01,  3.888809e+01
  1.151978e+00,  1.837984e+01
  4.090190e-01,  -1.485725e+02
  7.962478e-01,  -1.733863e+02
  3.957990e-01,  5.456065e+01
  7.039926e-01,  1.719086e+01
  1.322307e-01,  -9.920026e+01
  4.115923e-01,  -1.739348e+02
  2.545375e-01,  7.143097e+01
  4.758480e-01,  2.259232e+01
  1.413230e-01,  -2.460306e+01
  1.570482e-01,  -1.710480e+02
  1.917504e-01,  7.124979e+01
  3.434563e-01,  2.763308e+01
  1.745858e-01,  -1.421544e+01
  8.174653e-02,  -1.070555e+02
  8.995198e-02,  4.415476e+01
  2.473379e-01,  2.359775e+01
  1.805827e-01,  -4.016472e+00
  7.473537e-02,  -4.452649e+01
  8.665786e-02,  2.746289e+01
  2.011563e-01,  2.693679e+01
  1.772514e-01,  8.606804e+00
  1.007042e-01,  -1.509706e+01
  9.164721e-02,  6.964276e+00
  1.580492e-01,  1.902947e+01
  1.622971e-01,  8.876370e+00
  1.160703e-01,  -3.819646e+00
  1.030996e-01,  8.378687e+00
  1.464628e-01,  2.032984e+01
  1.632541e-01,  1.504559e+01
  1.381573e-01,  5.353136e+00
  1.205897e-01,  5.316445e+00
  1.340746e-01,  1.269185e+01
  1.470732e-01,  1.303384e+01
  1.388883e-01,  1.012657e+01
  1.309975e-01,  1.146471e+01
  1.391769e-01,  1.418560e+01
  1.468262e-01,  1.162781e+01
  1.406542e-01,  7.181967e+00
  1.314160e-01,  7.978727e+00
  1.339097e-01,  1.274010e+01
  1.413861e-01,  1.231101e+01
  1.398641e-01,  6.371636e+00
  1.308597e-01,  2.148178e+00
  1.248171e-01,  5.112923e+00
  1.294191e-01,  1.078164e+01
  1.378190e-01,  1.263000e+01
  1.411936e-01,  1.194775e+01
  1.398109e-01,  1.161405e+01
  1.379075e-01,  1.094754e+01
  1.369931e-01,  8.452328e+00
  1.361347e-01,  6.221722e+00
  1.355067e-01,  7.277328e+00
  1.372507e-01,  1.008562e+01
  1.396431e-01,  1.032451e+01
  1.384429e-01,  7.891276e+00
  1.342179e-01,  7.310427e+00
  1.330988e-01,  1.138447e+01
  1.387196e-01,  1.592080e+01
  1.435584e-01,  1.573120e+01
  1.412860e-01,  1.140969e+01
  1.358772e-01,  7.227869e+00
  1.338315e-01,  6.683882e+00
  1.363119e-01,  8.474528e+00
  1.382476e-01,  9.113068e+00
  1.363549e-01,  8.020996e+00
  1.336738e-01,  7.655820e+00
  1.340760e-01,  1.010112e+01
  1.375232e-01,  1.368954e+01
  1.400853e-01,  1.464851e+01
  1.390166e-01,  1.140268e+01
  1.356048e-01,  6.610869e+00
  1.314446e-01,  5.445415e+00
  1.297796e-01,  9.975339e+00
  1.342897e-01,  1.514544e+01
  1.401044e-01,  1.479479e+01
  1.412805e-01,  9.828061e+00
  1.380898e-01,  6.565466e+00
  1.353921e-01,  9.844837e+00
  1.390945e-01,  1.597384e+01
  1.436481e-01,  1.719853e+01
  1.412884e-01,  1.262245e+01
  1.353031e-01,  7.880054e+00
  1.325163e-01,  8.467089e+00
  1.363153e-01,  1.197937e+01
  1.406509e-01,  1.196553e+01
  1.386320e-01,  7.528835e+00
  1.323242e-01,  3.142699e+00
  1.277847e-01,  3.431504e+00
  1.299179e-01,  7.526139e+00
  1.365537e-01,  1.062009e+01
  1.407110e-01,  1.104078e+01
  1.400614e-01,  1.056434e+01
  1.378528e-01,  1.086807e+01
  1.371049e-01,  1.145109e+01
  1.367358e-01,  1.064307e+01
  1.347394e-01,  8.257127e+00
  1.321707e-01,  6.154229e+00
  1.312135e-01,  6.118110e+00
  1.317655e-01,  7.695314e+00
  1.320426e-01,  9.533265e+00
  1.327179e-01,  1.158140e+01
  1.365816e-01,  1.385296e+01
  1.422126e-01,  1.463959e+01
  1.436451e-01,  1.258178e+01
  1.391835e-01,  9.163236e+00
  1.340496e-01,  7.972666e+00
  1.337989e-01,  1.009098e+01
  1.371116e-01,  1.152991e+01
  1.374632e-01,  9.139125e+00
  1.336013e-01,  4.631354e+00
  1.292124e-01,  2.156575e+00
  1.271807e-01,  3.259433e+00
  1.277931e-01,  5.337208e+00
  1.293091e-01,  5.978262e+00
  1.308752e-01,  5.737350e+00
  1.326142e-01,  6.377967e+00
  1.347227e-01,  8.500603e+00
  1.374424e-01,  1.091386e+01
  1.397983e-01,  1.161605e+01
  1.394603e-01,  9.746420e+00
  1.356099e-01,  6.838596e+00
  1.307946e-01,  5.885379e+00
  1.296896e-01,  8.073749e+00
  1.340343e-01,  1.070410e+01
  1.391741e-01,  1.109222e+01
  1.400668e-01,  9.935208e+00
  1.367010e-01,  9.068033e+00
  1.325687e-01,  8.668405e+00
  1.305153e-01,  7.734734e+00
  1.309858e-01,  6.774552e+00
  1.327268e-01,  7.306072e+00
  1.337656e-01,  8.559476e+00
  1.322924e-01,  7.785089e+00
  1.293339e-01,  4.420854e+00
  1.281323e-01,  2.036393e+00
  1.294807e-01,  3.772710e+00
  1.318537e-01,  7.440369e+00
  1.327576e-01,  8.938987e+00
  1.324931e-01,  7.917576e+00
  1.333463e-01,  7.622858e+00
  1.350890e-01,  1.006013e+01
  1.365201e-01,  1.369848e+01
  1.378458e-01,  1.608314e+01
  1.397265e-01,  1.614395e+01
  1.406666e-01,  1.410571e+01
  1.385644e-01,  1.088602e+01
  1.348130e-01,  8.353142e+00
  1.330794e-01,  8.525989e+00
  1.345658e-01,  1.081319e+01
  1.361765e-01,  1.242305e+01
  1.351692e-01,  1.223599e+01
  1.335282e-01,  1.164950e+01
  1.345483e-01,  1.176178e+01
  1.381037e-01,  1.138132e+01
  1.409555e-01,  9.304790e+00
  1.405939e-01,  6.711345e+00
  1.371178e-01,  6.017027e+00
  1.334408e-01,  8.056257e+00
  1.330160e-01,  1.065188e+01
  1.355880e-01,  1.091833e+01
  1.377371e-01,  8.783843e+00
  1.364563e-01,  6.641514e+00
  1.321705e-01,  6.477266e+00
  1.292513e-01,  7.885090e+00
  1.309594e-01,  8.963195e+00
  1.354875e-01,  9.512498e+00
  1.389707e-01,  1.092223e+01
  1.402059e-01,  1.295127e+01
  1.399937e-01,  1.329646e+01
  1.383391e-01,  1.087951e+01
  1.350613e-01,  7.577460e+00
  1.313469e-01,  5.571666e+00
  1.297426e-01,  4.711932e+00
  1.305923e-01,  3.915689e+00
  1.312434e-01,  3.762603e+00
  1.308898e-01,  5.382145e+00
  1.322430e-01,  7.910297e+00
  1.358361e-01,  9.314276e+00
  1.379367e-01,  9.454668e+00
  1.362189e-01,  9.620095e+00
  1.332851e-01,  9.942925e+00
  1.324774e-01,  9.183169e+00
  1.330444e-01,  7.111720e+00
  1.320998e-01,  5.322131e+00
  1.297018e-01,  5.521290e+00
  1.293888e-01,  7.888662e+00
  1.325662e-01,  1.038594e+01
  1.352205e-01,  1.026007e+01
  1.337137e-01,  6.616168e+00
  1.302777e-01,  2.150220e+00
  1.285199e-01,  1.969119e+00
  1.301837e-01,  7.016344e+00
  1.336128e-01,  1.151158e+01
  1.343137e-01,  1.095143e+01
  1.338307e-01,  7.875554e+00
  1.355500e-01,  8.014829e+00
  1.389838e-01,  1.150955e+01
  1.400926e-01,  1.295616e+01
  1.364944e-01,  9.778108e+00
  1.322143e-01,  5.677407e+00
  1.308029e-01,  5.884965e+00
  1.337192e-01,  9.813528e+00
  1.389218e-01,  1.258031e+01
  1.411496e-01,  1.203642e+01
  1.381643e-01,  9.547654e+00
  1.327260e-01,  7.074118e+00
  1.296469e-01,  5.870636e+00
  1.306098e-01,  6.140558e+00
  1.326406e-01,  6.876576e+00
  1.327720e-01,  6.933521e+00
  1.321441e-01,  6.510558e+00
  1.332261e-01,  6.949643e+00
  1.353913e-01,  8.421053e+00
  1.360471e-01,  9.307173e+00
  1.350647e-01,  8.757750e+00
  1.352710e-01,  8.315152e+00
  1.378554e-01,  9.598263e+00
  1.404869e-01,  1.140709e+01
  1.402606e-01,  1.159085e+01
  1.380517e-01,  1.040172e+01
  1.374015e-01,  1.019552e+01
  1.396048e-01,  1.166206e+01
  1.418475e-01,  1.255701e+01
  1.405596e-01,  1.115349e+01
  1.366355e-01,  8.448041e+00
  1.341067e-01,  6.967386e+00
  1.351177e-01,  7.858196e+00
  1.376406e-01,  9.520414e+00
  1.376200e-01,  9.466536e+00
  1.343781e-01,  6.779504e+00
  1.315201e-01,  3.817210e+00
  1.314244e-01,  4.625872e+00
  1.339843e-01,  8.848849e+00
  1.362599e-01,  1.066906e+01
  1.347174e-01,  6.561899e+00
  1.311145e-01,  9.495578e-01
  1.275177e-01,  1.934654e+00
  1.293358e-01,  9.643900e+00
  1.374236e-01,  1.428075e+01
  1.419437e-01,  1.150637e+01
  1.392460e-01,  6.865636e+00
  1.329991e-01,  7.340690e+00
  1.319294e-01,  1.271326e+01
  1.377488e-01,  1.556210e+01
  1.414291e-01,  1.279530e+01
  1.384866e-01,  7.628026e+00
  1.327327e-01,  4.399584e+00
  1.306575e-01,  5.810072e+00
  1.346862e-01,  1.081826e+01
  1.401057e-01,  1.516617e+01
  1.404548e-01,  1.503021e+01
  1.368238e-01,  1.009539e+01
  1.347229e-01,  5.362916e+00
  1.343887e-01,  6.174273e+00
  1.350581e-01,  1.050923e+01
  1.355688e-01,  1.210955e+01
  1.348156e-01,  9.732556e+00
  1.337379e-01,  8.107366e+00
  1.331003e-01,  9.858928e+00
  1.335495e-01,  1.148524e+01
  1.338574e-01,  9.904817e+00
  1.330938e-01,  7.660654e+00
  1.316115e-01,  8.146511e+00
  1.315192e-01,  9.844816e+00
  1.335437e-01,  9.424695e+00
  1.362040e-01,  8.060531e+00
  1.379624e-01,  9.142322e+00
  1.391607e-01,  1.199527e+01
  1.395892e-01,  1.260552e+01
  1.379752e-01,  1.003661e+01
  1.347589e-01,  7.865292e+00
  1.319648e-01,  8.687208e+00
  1.320173e-01,  1.018786e+01
  1.340690e-01,  9.332553e+00
  1.356315e-01,  7.582155e+00
  1.358320e-01,  8.132767e+00
  1.363273e-01,  1.062888e+01
  1.376819e-01,  1.156552e+01
  1.379210e-01,  9.682735e+00
  1.361650e-01,  7.616907e+00
  1.339725e-01,  8.024735e+00
  1.341600e-01,  1.000336e+01
  1.362420e-01,  1.054741e+01
  1.363315e-01,  8.825184e+00
  1.328055e-01,  6.702726e+00
  1.289170e-01,  6.397588e+00
  1.293994e-01,  8.387761e+00
  1.344195e-01,  1.112160e+01
  1.392150e-01,  1.294241e+01
  1.402781e-01,  1.290259e+01
  1.384254e-01,  1.052092e+01
  1.358784e-01,  6.819474e+00
  1.334184e-01,  4.804860e+00
  1.322688e-01,  6.799826e+00
  1.348757e-01,  1.090409e+01
  1.386875e-01,  1.270616e+01
  1.382767e-01,  1.124770e+01
  1.344162e-01,  9.676718e+00
  1.329257e-01,  1.077660e+01
  1.362714e-01,  1.272585e+01
  1.392666e-01,  1.234272e+01
  1.378641e-01,  1.028298e+01
  1.352449e-01,  9.515384e+00
  1.357214e-01,  1.058437e+01
  1.375459e-01,  1.071173e+01
  1.361528e-01,  8.655203e+00
  1.324095e-01,  6.677010e+00
  1.311758e-01,  7.324562e+00
  1.344328e-01,  9.532914e+00
  1.382090e-01,  1.041902e+01
  1.383813e-01,  9.438138e+00
  1.360549e-01,  8.134874e+00
  1.346105e-01,  7.802011e+00
  1.350413e-01,  8.212170e+00
  1.355740e-01,  8.459543e+00
  1.348038e-01,  8.058820e+00
  1.334807e-01,  6.991177e+00
  1.329837e-01,  5.745117e+00
  1.334814e-01,  5.514120e+00
  1.346096e-01,  7.466482e+00
  1.369625e-01,  1.112989e+01
  1.403683e-01,  1.387833e+01
  1.421741e-01,  1.325860e+01
  1.406715e-01,  9.635239e+00
  1.369328e-01,  6.107414e+00
  1.328828e-01,  5.482965e+00
  1.306540e-01,  6.994157e+00
  1.308533e-01,  7.781768e+00
  1.325360e-01,  7.795835e+00
  1.350889e-01,  9.657383e+00
  1.383944e-01,  1.331671e+01
  1.404980e-01,  1.479020e+01
  1.389459e-01,  1.163312e+01
  1.355306e-01,  6.785580e+00
  1.326774e-01,  5.520876e+00
  1.323260e-01,  8.419160e+00
  1.345576e-01,  1.067658e+01
  1.360560e-01,  9.439921e+00
  1.356074e-01,  6.914938e+00
  1.347837e-01,  6.139283e+00
  1.352325e-01,  6.911010e+00
  1.357418e-01,  7.057364e+00
  1.338628e-01,  6.213897e+00
  1.307784e-01,  6.119499e+00
  1.309055e-01,  7.863862e+00
  1.356473e-01,  9.879613e+00
  1.399990e-01,  9.867486e+00
  1.391839e-01,  7.479509e+00
  1.351478e-01,  4.731414e+00
  1.328985e-01,  4.898997e+00
  1.347611e-01,  8.832234e+00
  1.386820e-01,  1.299469e+01
  1.398704e-01,  1.333660e+01
  1.370777e-01,  9.311614e+00
  1.330760e-01,  4.462114e+00
  1.298338e-01,  3.293672e+00
  1.298425e-01,  6.375784e+00
  1.342826e-01,  9.796644e+00
  1.387723e-01,  1.064998e+01
  1.389526e-01,  9.999391e+00
  1.358905e-01,  9.864394e+00
  1.338085e-01,  1.002753e+01
  1.342206e-01,  8.830321e+00
  1.349942e-01,  6.963733e+00
  1.343210e-01,  7.432559e+00
  1.338139e-01,  1.101334e+01
  1.354349e-01,  1.394113e+01
  1.374637e-01,  1.289239e+01
  1.385215e-01,  9.904630e+00
  1.382718e-01,  9.201128e+00
  1.373033e-01,  1.109046e+01
  1.368066e-01,  1.199634e+01
  1.373509e-01,  1.049778e+01
  1.388221e-01,  9.436369e+00
  1.396269e-01,  1.061008e+01
  1.384588e-01,  1.163402e+01
  1.355837e-01,  1.003432e+01
  1.332601e-01,  7.576314e+00
  1.329035e-01,  7.859148e+00
  1.348037e-01,  1.077207e+01
  1.380760e-01,  1.316045e+01
  1.405641e-01,  1.376397e+01
  1.410314e-01,  1.376383e+01
  1.398552e-01,  1.377056e+01
  1.386181e-01,  1.313251e+01
  1.385921e-01,  1.190149e+01
  1.390253e-01,  1.112456e+01
  1.379507e-01,  1.087434e+01
  1.350440e-01,  1.004256e+01
  1.324997e-01,  8.290253e+00
  1.324126e-01,  6.717338e+00
  1.339967e-01,  5.994235e+00
  1.343772e-01,  5.483539e+00
  1.318224e-01,  4.881226e+00
  1.282406e-01,  5.091291e+00
  1.278471e-01,  6.623435e+00
  1.319816e-01,  8.000526e+00
  1.360842e-01,  7.690470e+00
  1.350583e-01,  6.396439e+00
  1.303582e-01,  6.249892e+00
  1.288784e-01,  8.240234e+00
  1.336064e-01,  1.018153e+01
  1.383708e-01,  9.504839e+00
  1.365734e-01,  6.486135e+00
  1.300460e-01,  3.625128e+00
  1.258862e-01,  3.634468e+00
  1.282492e-01,  6.178231e+00
  1.339878e-01,  8.132834e+00
  1.371773e-01,  8.122209e+00
  1.366378e-01,  7.649027e+00
  1.357788e-01,  8.669162e+00
  1.373087e-01,  1.057976e+01
  1.391588e-01,  1.068968e+01
  1.376283e-01,  8.268385e+00
  1.334408e-01,  6.074006e+00
  1.313601e-01,  7.206246e+00
  1.347367e-01,  1.012071e+01
  1.391633e-01,  1.046887e+01
  1.384486e-01,  7.767246e+00
  1.342553e-01,  5.606569e+00
  1.331498e-01,  6.828374e+00
  1.375034e-01,  9.338053e+00
  1.412768e-01,  1.009417e+01
  1.397865e-01,  1.001120e+01
  1.367268e-01,  1.134684e+01
  1.371140e-01,  1.316183e+01
  1.387585e-01,  1.238690e+01
  1.374086e-01,  9.128138e+00
  1.342555e-01,  7.000032e+00
  1.332322e-01,  8.443171e+00
  1.351678e-01,  1.090096e+01
  1.361011e-01,  1.048454e+01
  1.344941e-01,  7.106536e+00
  1.326996e-01,  4.019106e+00
  1.314398e-01,  3.827202e+00
  1.303686e-01,  5.896011e+00
  1.304506e-01,  7.905691e+00
  1.327510e-01,  8.363249e+00
  1.361108e-01,  7.657155e+00
  1.381192e-01,  7.368487e+00
  1.385455e-01,  8.625961e+00
  1.388969e-01,  1.061072e+01
  1.384385e-01,  1.119804e+01
  1.356897e-01,  9.865133e+00
  1.329807e-01,  8.713042e+00
  1.341698e-01,  9.596771e+00
  1.386776e-01,  1.103895e+01
  1.411564e-01,  1.084627e+01
  1.394554e-01,  9.712908e+00
  1.374303e-01,  9.950692e+00
  1.383031e-01,  1.158091e+01
  1.395020e-01,  1.203492e+01
  1.373714e-01,  1.032805e+01
  1.334472e-01,  8.311821e+00
  1.313004e-01,  7.840473e+00
  1.315954e-01,  8.299582e+00
  1.326466e-01,  8.519836e+00
  1.339920e-01,  9.011871e+00
  1.361332e-01,  1.029907e+01
  1.377730e-01,  1.119539e+01
  1.371473e-01,  1.059351e+01
  1.357361e-01,  9.455126e+00
  1.363982e-01,  9.567068e+00
  1.389330e-01,  1.076437e+01
  1.403516e-01,  1.133313e+01
  1.394045e-01,  1.062897e+01
  1.378432e-01,  9.572738e+00
  1.367095e-01,  9.024978e+00
  1.353813e-01,  8.810242e+00
  1.343953e-01,  8.675979e+00
  1.353873e-01,  8.819494e+00
  1.371998e-01,  8.767686e+00
  1.358258e-01,  7.180043e+00
  1.306181e-01,  3.820874e+00
  1.263812e-01,  1.336342e+00
  1.270432e-01,  2.882694e+00
  1.316515e-01,  6.967132e+00
  1.351946e-01,  9.423135e+00
  1.353048e-01,  9.340553e+00
  1.354038e-01,  9.720705e+00
  1.382308e-01,  1.279862e+01
  1.415218e-01,  1.614324e+01
  1.404947e-01,  1.595141e+01
  1.360481e-01,  1.181188e+01
  1.337862e-01,  7.806412e+00
  1.353653e-01,  8.197277e+00
  1.390613e-01,  1.171776e+01
  1.413411e-01,  1.360487e+01
  1.396370e-01,  1.169833e+01
  1.362087e-01,  8.742770e+00
  1.343320e-01,  9.068545e+00
  1.353609e-01,  1.225224e+01
  1.366335e-01,  1.336276e+01
  1.350903e-01,  1.047597e+01
  1.331148e-01,  7.457030e+00
  1.335507e-01,  8.251677e+00
  1.354289e-01,  1.028403e+01
  1.341131e-01,  8.654868e+00
  1.300741e-01,  4.018516e+00
  1.287997e-01,  2.311291e+00
  1.326853e-01,  5.658742e+00
  1.376588e-01,  8.502273e+00
  1.367067e-01,  6.838238e+00
  1.320149e-01,  3.453053e+00
  1.306761e-01,  4.107508e+00
  1.353339e-01,  8.616525e+00
  1.399774e-01,  1.078992e+01
  1.378406e-01,  7.997764e+00
  1.327601e-01,  4.189205e+00
  1.314267e-01,  5.723329e+00
  1.365834e-01,  1.218626e+01
  1.427416e-01,  1.641121e+01
  1.417032e-01,  1.453897e+01
  1.362985e-01,  8.868907e+00
  1.329391e-01,  5.223925e+00
  1.326773e-01,  6.534694e+00
  1.344941e-01,  9.913474e+00
  1.363743e-01,  1.140214e+01
  1.366375e-01,  9.897654e+00
  1.349035e-01,  6.853066e+00
  1.320326e-01,  4.991197e+00
  1.307601e-01,  6.666300e+00
  1.339565e-01,  1.074996e+01
  1.388464e-01,  1.279146e+01
  1.392674e-01,  1.085454e+01
  1.353030e-01,  8.110462e+00
  1.326160e-01,  9.239208e+00
  1.359794e-01,  1.315721e+01
  1.411120e-01,  1.363853e+01
  1.401963e-01,  8.809704e+00
  1.338942e-01,  3.154721e+00
  1.280411e-01,  2.725797e+00
  1.292756e-01,  7.660962e+00
  1.367094e-01,  1.171752e+01
  1.413222e-01,  1.187045e+01
  1.397041e-01,  1.002228e+01
  1.362432e-01,  8.855162e+00
  1.355261e-01,  9.579154e+00
  1.376961e-01,  1.159787e+01
  1.402024e-01,  1.339722e+01
  1.410757e-01,  1.346046e+01
  1.399085e-01,  1.148887e+01
  1.376361e-01,  9.314818e+00
  1.361419e-01,  9.413740e+00
  1.372604e-01,  1.161809e+01
  1.393918e-01,  1.272103e+01
  1.385282e-01,  1.056125e+01
  1.350949e-01,  6.807071e+00
  1.330935e-01,  5.687464e+00
  1.348378e-01,  8.950789e+00
  1.385777e-01,  1.302710e+01
  1.396574e-01,  1.376206e+01
  1.379319e-01,  1.116125e+01
  1.371185e-01,  9.111468e+00
  1.382181e-01,  1.055042e+01
  1.398762e-01,  1.337882e+01
  1.394960e-01,  1.337071e+01
  1.364744e-01,  9.523447e+00
  1.335036e-01,  5.335606e+00
  1.327621e-01,  4.741344e+00
  1.347253e-01,  6.843014e+00
  1.359200e-01,  7.374053e+00
  1.324757e-01,  4.876290e+00
  1.271956e-01,  2.610978e+00
  1.262593e-01,  4.615969e+00
  1.319212e-01,  9.268910e+00
  1.380393e-01,  1.160192e+01
  1.389149e-01,  1.055217e+01
  1.374731e-01,  8.869632e+00
  1.377726e-01,  8.957121e+00
  1.387540e-01,  9.842243e+00
  1.379840e-01,  9.674781e+00
  1.370102e-01,  8.974028e+00
  1.381385e-01,  9.414486e+00
  1.395516e-01,  1.062723e+01
  1.381793e-01,  1.069242e+01
  1.353491e-01,  9.178353e+00
  1.349446e-01,  8.081281e+00
  1.373342e-01,  9.130892e+00
  1.398587e-01,  1.134742e+01
  1.407524e-01,  1.264165e+01
  1.404436e-01,  1.225900e+01
  1.395546e-01,  1.106915e+01
  1.375120e-01,  9.977803e+00
  1.343603e-01,  8.918588e+00
  1.318675e-01,  7.648551e+00
  1.314184e-01,  6.550182e+00
  1.319798e-01,  5.931549e+00
  1.316875e-01,  5.518251e+00
  1.310077e-01,  5.586531e+00
  1.325888e-01,  7.398865e+00
  1.374477e-01,  1.095245e+01
  1.420587e-01,  1.376359e+01
  1.416983e-01,  1.357003e+01
  1.372369e-01,  1.066531e+01
  1.331773e-01,  7.498006e+00
  1.310964e-01,  5.760226e+00
  1.301876e-01,  4.887870e+00
  1.306358e-01,  4.587833e+00
  1.330786e-01,  5.915263e+00
  1.361369e-01,  8.540735e+00
  1.367202e-01,  9.852507e+00
  1.339453e-01,  8.095161e+00
  1.309571e-01,  5.091806e+00
  1.301380e-01,  4.507174e+00
  1.316787e-01,  6.707727e+00
  1.346771e-01,  8.388735e+00
  1.369051e-01,  7.931159e+00
  1.368101e-01,  7.717588e+00
  1.355074e-01,  1.016669e+01
  1.363774e-01,  1.336227e+01
  1.394174e-01,  1.342324e+01
  1.414578e-01,  1.085599e+01
  1.406545e-01,  9.879507e+00
  1.390801e-01,  1.225072e+01
  1.399925e-01,  1.456953e+01
  1.416707e-01,  1.357836e+01
  1.409798e-01,  1.088335e+01
  1.376160e-01,  9.340043e+00
  1.343859e-01,  8.490131e+00
  1.336774e-01,  6.341835e+00
  1.343819e-01,  4.163555e+00
  1.336063e-01,  4.944131e+00
  1.320657e-01,  8.325014e+00
  1.331300e-01,  1.079735e+01
  1.372756e-01,  1.109548e+01
  1.408543e-01,  1.137053e+01
  1.399697e-01,  1.242302e+01
  1.364999e-01,  1.246468e+01
  1.361071e-01,  1.079762e+01
  1.387313e-01,  9.625866e+00
  1.377384e-01,  1.015290e+01
  1.326772e-01,  1.097639e+01
  1.321127e-01,  1.086488e+01
  1.382561e-01,  1.070651e+01
  1.406234e-01,  1.156819e+01
  1.353928e-01,  1.338894e+01
  1.354772e-01,  1.491049e+01
  1.453458e-01,  1.360353e+01
  1.465377e-01,  8.753606e+00
  1.307005e-01,  3.062276e+00
  1.213714e-01,  4.463931e+00
  1.386101e-01,  1.206798e+01
  1.523250e-01,  1.316029e+01
  1.328577e-01,  7.823418e+00
  1.168514e-01,  7.806797e+00
  1.442431e-01,  1.647102e+01
  1.663307e-01,  1.595376e+01
  1.281017e-01,  6.674372e+00
  9.493850e-02,  9.347863e+00
  1.540148e-01,  2.493875e+01
  2.030841e-01,  1.766074e+01
  1.310225e-01,  -7.312071e+00
  4.114780e-02,  -7.233397e+00
  1.842395e-01,  4.871582e+01
  2.953625e-01,  3.016610e+01
  1.422935e-01,  -2.960741e+01
  1.729775e-01,  -1.479860e+02
  3.015018e-01,  9.649931e+01
  5.469329e-01,  4.790107e+01
  3.413948e-01,  -5.752517e+01
  8.324653e-01,  -1.394882e+02
  5.594209e-01,  7.649856e+01
  1.518808e+00,  -1.112479e+02
  3.579875e+00,  -1.472684e+02
  4.742152e+00,  1.007340e+02
  1.037488e+01,  6.560524e+01
  1.464648e+01,  5.835370e+01
  2.015289e+01,  5.653549e+01
  2.524475e+01,  5.616271e+01
  2.775302e+01,  5.689989e+01
  2.820909e+01,  5.966140e+01
  2.785642e+01,  6.623800e+01
  2.740962e+01,  7.596197e+01
  2.653705e+01,  8.450660e+01
  2.471358e+01,  8.939304e+01
  2.264616e+01,  9.201139e+01
  2.006239e+01,  9.286747e+01
  1.582766e+01,  8.920476e+01
  1.137806e+01,  7.949448e+01
  8.566034e+00,  6.872821e+01
  6.650853e+00,  5.267135e+01
  6.642590e+00,  1.682065e+01
  9.730605e+00,  -6.613200e+00
  1.309483e+01,  -1.706347e+01
  1.555426e+01,  -2.858735e+01
  1.703625e+01,  -4.128361e+01
  1.791036e+01,  -5.135295e+01
  1.817188e+01,  -5.934315e+01
  1.775806e+01,  -6.635477e+01
  1.739230e+01,  -6.945861e+01
  1.737342e+01,  -7.116518e+01
  1.670291e+01,  -7.981695e+01
  1.558822e+01,  -9.403578e+01
  1.459164e+01,  -1.022446e+02
  1.369302e+01,  -1.023113e+02
  1.286888e+01,  -1.003716e+02
  1.190874e+01,  -9.333068e+01
  1.220953e+01,  -7.868648e+01
  1.414978e+01,  -6.861484e+01
  1.594301e+01,  -6.513495e+01
  1.710090e+01,  -6.371929e+01
  1.738004e+01,  -6.285946e+01
  1.628316e+01,  -5.934387e+01
  1.434557e+01,  -5.046425e+01
  1.211621e+01,  -3.811017e+01
  9.370418e+00,  -2.512190e+01
  6.325497e+00,  -1.091901e+01
  4.128006e+00,  2.034915e+01
  4.390789e+00,  5.981819e+01
  4.357396e+00,  7.247491e+01
  3.526261e+00,  7.342120e+01
  3.635207e+00,  8.027789e+01
  2.762998e+00,  9.715323e+01
  2.213060e+00,  -1.164860e+02
  8.700115e+00,  -9.580142e+01
  1.482051e+01,  -9.406002e+01
  2.166907e+01,  -9.458387e+01
  2.921044e+01,  -9.569797e+01
  3.382277e+01,  -9.872406e+01
  3.370054e+01,  -1.030051e+02
  3.057453e+01,  -1.063695e+02
  2.588627e+01,  -1.076550e+02
  1.934841e+01,  -1.068478e+02
  1.200914e+01,  -1.000694e+02
  7.216736e+00,  -7.335947e+01
  6.647709e+00,  -2.929080e+01
  9.032814e+00,  8.483962e+00
  1.354921e+01,  2.525148e+01
  1.597259e+01,  2.655227e+01
  1.410865e+01,  2.415706e+01
  1.060050e+01,  2.460386e+01
  7.690626e+00,  2.645964e+01
  4.715324e+00,  2.402078e+01
  1.850439e+00,  2.051099e+01
  1.040600e+00,  4.621604e+01
  2.395735e+00,  3.897472e+01
  3.755910e+00,  2.350406e+01
  4.698559e+00,  1.674527e+01
  6.321905e+00,  2.090471e+01
  8.802427e+00,  2.360800e+01
  1.134764e+01,  2.597684e+01
  1.412559e+01,  3.499380e+01
  1.813301e+01,  4.746342e+01
  2.294132e+01,  5.838437e+01
  2.583312e+01,  6.766151e+01
  2.453151e+01,  7.300077e+01
  2.130464e+01,  6.876703e+01
  2.011496e+01,  5.953741e+01
  1.827935e+01,  5.793988e+01
  1.369317e+01,  5.771119e+01
  1.010812e+01,  4.252634e+01
  8.510955e+00,  2.390614e+01
  5.381150e+00,  4.533790e+00
  5.652040e+00,  -3.684049e+01
  1.055675e+01,  -4.236986e+01
  1.404197e+01,  -4.140164e+01
  1.375574e+01,  -4.269195e+01
  1.340900e+01,  -4.203751e+01
  1.626341e+01,  -4.519588e+01
  1.263678e+01,  -8.250837e+01
  6.729161e+00,  1.334407e+02
  1.007430e+01,  -1.132536e+02
  9.713210e+00,  -1.312625e+02
  7.372884e+00,  -1.692478e+02
  7.538877e+00,  1.481476e+02
  7.870163e+00,  1.233577e+02
  1.064618e+01,  9.669135e+01
  1.533485e+01,  8.391949e+01
  1.824347e+01,  7.841930e+01
  1.975652e+01,  7.235042e+01
  2.172743e+01,  6.987631e+01
  2.321129e+01,  7.616772e+01
  2.367356e+01,  8.468692e+01
  2.294281e+01,  8.631921e+01
  2.176701e+01,  8.341604e+01
  2.124384e+01,  8.399100e+01
  1.975672e+01,  8.323534e+01
  1.580432e+01,  7.270278e+01
  1.207377e+01,  6.036330e+01
  9.078245e+00,  6.339513e+01
  5.802418e+00,  7.176073e+01
  2.253192e+00,  6.606054e+01
  3.060683e-01,  1.481725e+02
  2.566889e+00,  -1.571052e+02
  5.070535e+00,  -1.328313e+02
  7.333642e+00,  -1.119966e+02
  8.915070e+00,  -1.035832e+02
  9.984300e+00,  -1.031391e+02
  1.037712e+01,  -1.043810e+02
  1.037988e+01,  -1.078204e+02
  1.092273e+01,  -1.124545e+02
  1.134469e+01,  -1.148653e+02
  1.083479e+01,  -1.153249e+02
  1.024999e+01,  -1.115307e+02
  1.056501e+01,  -1.016486e+02
  1.144453e+01,  -9.079435e+01
  1.210770e+01,  -8.097581e+01
  1.280979e+01,  -7.294732e+01
  1.355140e+01,  -6.902617e+01
  1.368807e+01,  -6.795961e+01
  1.312202e+01,  -6.854582e+01
  1.180991e+01,  -7.218255e+01
  9.792278e+00,  -7.623083e+01
  7.891607e+00,  -7.262634e+01
  6.724625e+00,  -6.296992e+01
  5.218859e+00,  -6.315558e+01
  2.905834e+00,  -9.170786e+01
  2.822935e+00,  -1.691743e+02
  5.352486e+00,  1.618664e+02
  7.799274e+00,  1.590546e+02
  9.620197e+00,  1.595091e+02
  1.023813e+01,  1.615071e+02
  9.271898e+00,  -1.798696e+02
  1.031407e+01,  -1.423289e+02
  1.371315e+01,  -1.193608e+02
  1.683271e+01,  -1.058167e+02
  2.087830e+01,  -9.494953e+01
  2.486163e+01,  -8.915521e+01
  2.646681e+01,  -8.809300e+01
  2.618006e+01,  -8.954950e+01
  2.564711e+01,  -9.185515e+01
  2.512661e+01,  -9.501457e+01
  2.377960e+01,  -9.896831e+01
  2.107096e+01,  -1.020837e+02
  1.759706e+01,  -1.038701e+02
  1.430590e+01,  -1.073751e+02
  1.104428e+01,  -1.144160e+02
  7.356977e+00,  -1.221372e+02
  4.636117e+00,  -1.311420e+02
  4.617343e+00,  -1.463620e+02
  5.938648e+00,  -1.585950e+02
  6.393308e+00,  -1.687444e+02
  6.611265e+00,  -1.772572e+02
  7.212563e+00,  1.784400e+02
  6.738835e+00,  1.669932e+02
  5.795291e+00,  1.335348e+02
  6.494926e+00,  1.005413e+02
  7.263246e+00,  8.280393e+01
  8.600957e+00,  6.950517e+01
  1.078800e+01,  5.996339e+01
  1.293574e+01,  5.424751e+01
  1.513569e+01,  5.365756e+01
  1.813984e+01,  5.886657e+01
  2.229237e+01,  6.804978e+01
  2.584118e+01,  7.890859e+01
  2.571479e+01,  8.939424e+01
  2.256525e+01,  9.657045e+01
  1.997394e+01,  9.832145e+01
  1.801619e+01,  1.001461e+02
  1.440796e+01,  1.060858e+02
  1.018643e+01,  1.108671e+02
  7.328149e+00,  1.095033e+02
  4.666697e+00,  1.107149e+02
  3.940604e-01,  1.190428e+02
  3.683193e+00,  -5.677654e+01
  4.376283e+00,  -5.218067e+01
  3.278358e+00,  -4.866979e+01
  6.054721e+00,  -5.818258e+01
  6.747358e+00,  -8.669481e+01
  8.937852e+00,  1.382814e+02
  2.556864e+00,  -3.797288e+01
  1.229065e+00,  -5.486097e+01
  1.252738e+00,  1.530109e+02
  7.667856e-01,  1.060877e+02
  7.157172e-01,  -1.831792e+01
  4.607937e-01,  -6.981467e+01
  4.962526e-01,  1.513083e+02
  4.702073e-01,  9.938574e+01
  3.985531e-01,  -3.980900e+00
  3.192704e-01,  -5.612775e+01
  2.071944e-01,  1.519147e+02
  3.459958e-01,  9.419702e+01
  3.009091e-01,  1.754456e+01
  2.673941e-01,  -3.788816e+01
  3.804741e-02,  -1.323784e+02
  1.805681e-01,  8.384601e+01
  2.377105e-01,  2.572582e+01
  2.160616e-01,  -1.958407e+01
  7.358478e-02,  -3.954784e+01
  1.031637e-01,  5.650794e+01
  1.925663e-01,  2.497446e+01
  1.846964e-01,  -8.934378e+00
  9.917649e-02,  -3.065685e+01
  7.442932e-02,  2.065284e+01
  1.623002e-01,  2.167624e+01
  1.765954e-01,  4.978382e+00
  1.157517e-01,  -8.134360e+00
  8.999815e-02,  2.205465e+00
  1.412628e-01,  9.911141e+00
  1.629451e-01,  6.705789e+00
  1.209638e-01,  5.368958e+00
  1.028808e-01,  5.673550e+00
  1.433471e-01,  2.853293e+00
  1.596976e-01,  5.103596e+00
  1.206100e-01,  1.555154e+01
  1.057117e-01,  1.351499e+01
  1.519267e-01,  -3.337376e+00
  1.607340e-01,  2.062397e-01
  1.152852e-01,  3.268691e+01
  1.111316e-01,  3.623593e+01
  1.775575e-01,  -7.454603e+00
  1.880738e-01,  -1.248035e+01
  1.118950e-01,  5.796504e+01
  1.564546e-01,  7.830435e+01
  1.742741e-01,  -1.230079e+01
  2.344549e-01,  -4.694737e+01
  1.155353e-01,  1.390094e+02
  3.567622e-01,  1.066067e+02
  2.752974e-01,  1.678931e+01
  4.398329e-01,  -4.698253e+01
  2.848961e-01,  -1.771972e+02
  7.509044e-01,  1.256100e+02
  5.002495e-01,  3.268979e+01
  1.006211e+00,  -4.264598e+01
  6.595078e-01,  -1.552057e+02
  1.741351e+00,  1.344801e+02
  1.312259e+00,  2.490644e+01
  2.113262e+00,  -5.854867e+01
  9.343203e-01,  1.097940e+02
  1.210057e+01,  -2.715700e+01
  3.011822e+01,  -4.751710e+01
  2.869776e+01,  -6.651466e+01
  2.316338e+01,  -8.065668e+01
  1.972778e+01,  -8.191627e+01
  1.514809e+01,  -8.362388e+01
  9.371299e+00,  -8.620664e+01
  4.535806e+00,  -6.917603e+01
  2.633801e+00,  -1.115495e+01
  2.524183e+00,  6.452414e+01
  4.789248e+00,  1.077086e+02
  6.951751e+00,  1.190003e+02
  8.620035e+00,  1.283495e+02
  1.048252e+01,  1.354385e+02
  1.210950e+01,  1.337737e+02
  1.346418e+01,  1.251302e+02
  1.474822e+01,  1.134681e+02
  1.636263e+01,  1.000198e+02
  1.886864e+01,  9.008564e+01
  2.119170e+01,  8.663317e+01
  2.208087e+01,  8.739522e+01
  2.096910e+01,  9.230590e+01
  1.847573e+01,  1.038076e+02
  1.676496e+01,  1.210224e+02
  1.678505e+01,  1.354304e+02
  1.710118e+01,  1.418203e+02
  1.652018e+01,  1.419278e+02
  1.469527e+01,  1.365142e+02
  1.203476e+01,  1.232805e+02
  1.022582e+01,  1.007691e+02
  1.061413e+01,  7.790369e+01
  1.215134e+01,  6.246296e+01
  1.386697e+01,  5.172836e+01
  1.548836e+01,  4.647917e+01
  1.622990e+01,  4.709000e+01
  1.558345e+01,  5.064079e+01
  1.441119e+01,  5.614391e+01
  1.441860e+01,  6.243297e+01
  1.509395e+01,  6.350771e+01
  1.472579e+01,  5.743608e+01
  1.367632e+01,  4.644727e+01
  1.291940e+01,  3.304977e+01
  1.262075e+01,  1.920943e+01
  1.246388e+01,  4.541683e+00
  1.221139e+01,  -1.314441e+01
  1.174820e+01,  -3.216230e+01
  1.059289e+01,  -4.935514e+01
  9.034812e+00,  -6.737838e+01
  8.269994e+00,  -8.975686e+01
  8.624389e+00,  -1.150512e+02
  1.009351e+01,  -1.385346e+02
  1.227150e+01,  -1.524286e+02
  1.453077e+01,  -1.571563e+02
  1.697720e+01,  -1.582359e+02
  1.870510e+01,  -1.582071e+02
  1.874320e+01,  -1.560332e+02
  1.820405e+01,  -1.508760e+02
  1.790893e+01,  -1.434821e+02
  1.730365e+01,  -1.340686e+02
  1.710882e+01,  -1.244504e+02
  1.796064e+01,  -1.193135e+02
  1.869103e+01,  -1.189752e+02
  1.854197e+01,  -1.215844e+02
  1.787281e+01,  -1.273615e+02
  1.669404e+01,  -1.365690e+02
  1.491819e+01,  -1.481485e+02
  1.291717e+01,  -1.620643e+02
  1.127502e+01,  1.781796e+02
  1.075336e+01,  1.529288e+02
  1.080536e+01,  1.296869e+02
  1.056802e+01,  1.074379e+02
  1.098279e+01,  8.358206e+01
  1.240233e+01,  6.204714e+01
  1.415716e+01,  4.280101e+01
  1.616936e+01,  2.653949e+01
  1.811237e+01,  1.598598e+01
  1.969745e+01,  1.026240e+01
  2.099373e+01,  6.839381e+00
  2.157841e+01,  5.271095e+00
  2.075178e+01,  7.500745e+00
  1.892287e+01,  1.498173e+01
  1.750934e+01,  2.473482e+01
  1.660856e+01,  3.238235e+01
  1.526844e+01,  4.035533e+01
  1.302244e+01,  5.075880e+01
  9.038064e+00,  5.487020e+01
  3.296129e+00,  1.215503e+01
  7.282893e+00,  -8.219320e+01
  1.285141e+01,  -9.602324e+01
  1.794002e+01,  -9.090814e+01
  2.674767e+01,  -7.703826e+01
  3.385670e+01,  -6.800098e+01
  3.050769e+01,  -6.157648e+01
  2.731249e+01,  -5.654488e+01
  3.980473e+01,  -5.734926e+01
  3.039975e+01,  -4.756673e+01
  5.363903e+01,  1.333832e+02
  2.305895e+01,  -3.931360e+01
  4.414827e+00,  1.774297e+01
  1.001426e+01,  8.586723e+01
  1.516695e+01,  -8.157311e+00
  3.241024e+01,  -4.533639e+01
  2.585295e+01,  -6.685152e+01
  1.672610e+01,  -9.094591e+01
  1.498129e+01,  -9.444277e+01
  1.261298e+01,  -9.754980e+01
  7.115616e+00,  -1.228432e+02
  3.835535e+00,  1.792627e+02
  3.033707e+00,  1.310604e+02
  3.433819e+00,  1.231272e+02
  5.329824e+00,  1.271216e+02
  7.299275e+00,  1.258285e+02
  8.721050e+00,  1.279727e+02
  9.781370e+00,  1.296616e+02
  1.102841e+01,  1.222020e+02
  1.367621e+01,  1.099756e+02
  1.660160e+01,  9.920819e+01
  1.888563e+01,  8.846424e+01
  2.168511e+01,  8.166610e+01
  2.394397e+01,  8.096192e+01
  2.355867e+01,  8.402389e+01
  2.089530e+01,  9.201677e+01
  1.833695e+01,  1.079964e+02
  1.793312e+01,  1.292172e+02
  1.974581e+01,  1.456475e+02
  2.158421e+01,  1.520473e+02
  2.118465e+01,  1.507696e+02
  1.826389e+01,  1.439973e+02
  1.481219e+01,  1.307663e+02
  1.284235e+01,  1.107471e+02
  1.269041e+01,  8.764528e+01
  1.396509e+01,  6.895361e+01
  1.556800e+01,  6.045302e+01
  1.649757e+01,  5.952853e+01
  1.640989e+01,  6.103169e+01
  1.529018e+01,  6.189283e+01
  1.404902e+01,  5.778109e+01
  1.433873e+01,  4.658821e+01
  1.560630e+01,  3.726800e+01
  1.558018e+01,  3.252917e+01
  1.483518e+01,  2.651839e+01
  1.472277e+01,  1.809924e+01
  1.465638e+01,  1.150216e+01
  1.402003e+01,  5.309944e+00
  1.321663e+01,  -5.208742e+00
  1.227626e+01,  -1.918526e+01
  1.041971e+01,  -3.308048e+01
  7.969342e+00,  -5.028333e+01
  6.476365e+00,  -7.678745e+01
  6.366690e+00,  -1.097613e+02
  7.747214e+00,  -1.413260e+02
  1.017277e+01,  -1.576597e+02
  1.241569e+01,  -1.608856e+02
  1.485120e+01,  -1.603968e+02
  1.714797e+01,  -1.603451e+02
  1.808576e+01,  -1.582898e+02
  1.828496e+01,  -1.523293e+02
  1.889008e+01,  -1.451975e+02
  1.928854e+01,  -1.391759e+02
  1.956700e+01,  -1.332570e+02
  2.059887e+01,  -1.286896e+02
  2.132777e+01,  -1.277815e+02
  2.058678e+01,  -1.305096e+02
  1.894044e+01,  -1.360713e+02
  1.697651e+01,  -1.431102e+02
  1.473147e+01,  -1.508423e+02
  1.237463e+01,  -1.619814e+02
  1.048452e+01,  1.789465e+02
  9.696851e+00,  1.551951e+02
  9.386608e+00,  1.338518e+02
  9.192909e+00,  1.118935e+02
  9.961745e+00,  8.826532e+01
  1.161282e+01,  6.837939e+01
  1.347496e+01,  5.179951e+01
  1.558490e+01,  3.818621e+01
  1.769225e+01,  2.913025e+01
  1.936424e+01,  2.362627e+01
  2.056852e+01,  1.976305e+01
  2.113787e+01,  1.776323e+01
  2.050785e+01,  1.920730e+01
  1.872563e+01,  2.437498e+01
  1.679249e+01,  3.091247e+01
  1.512447e+01,  3.672256e+01
  1.313196e+01,  4.445149e+01
  1.014623e+01,  5.637448e+01
  5.703274e+00,  6.841488e+01
  4.797799e-01,  -1.579681e+02
  6.942442e+00,  -1.183900e+02
  1.314513e+01,  -1.176482e+02
  1.915053e+01,  -1.063018e+02
  2.625736e+01,  -8.895750e+01
  3.086140e+01,  -7.593155e+01
  2.950471e+01,  -6.724309e+01
  3.178162e+01,  -6.176969e+01
  3.602651e+01,  -5.305859e+01
  1.199058e+01,  -2.799637e+01
  1.756423e+01,  1.426561e+02
  8.881322e+00,  -4.620144e+01
  2.051820e+00,  -2.850385e+01
  3.709406e+00,  1.292488e+02
  1.311024e+00,  1.475857e+02
  2.175306e+00,  -5.089243e+01
  8.974023e-01,  -3.048936e+01
  1.549442e+00,  1.256571e+02
  8.116249e-01,  1.390415e+02
  9.620232e-01,  -5.342717e+01
  5.791920e-01,  -3.921439e+01
  7.550963e-01,  1.211816e+02
  5.539705e-01,  1.252105e+02
  4.684200e-01,  -4.555770e+01
  4.370333e-01,  -4.109099e+01
  3.406753e-01,  1.139347e+02
  3.793715e-01,  1.130799e+02
  2.461017e-01,  -2.703827e+01
  3.435687e-01,  -4.055860e+01
  9.647698e-02,  9.193096e+01
  2.329501e-01,  9.819457e+01
  1.890339e-01,  6.374277e+00
  2.650682e-01,  -2.407002e+01
  8.858190e-02,  1.391892e+01
  1.339636e-01,  7.295624e+01
  1.644312e-01,  1.473350e+01
  2.110328e-01,  -1.597344e+01
  1.111373e-01,  -9.639695e+00
  8.668863e-02,  4.143494e+01
  1.416314e-01,  1.860466e+01
  1.785469e-01,  -1.080314e+00
  1.332784e-01,  1.798914e+00
  1.068868e-01,  2.382325e+01
  1.384057e-01,  1.964015e+01
  1.621009e-01,  8.739428e+00
  1.399794e-01,  1.053577e+01
  1.219413e-01,  2.138462e+01
  1.374431e-01,  1.822863e+01
  1.529893e-01,  7.723854e+00
  1.396846e-01,  3.753252e+00
  1.209748e-01,  8.618964e+00
  1.281120e-01,  1.224506e+01
  1.427519e-01,  9.928041e+00
  1.402916e-01,  8.267954e+00
  1.299588e-01,  9.605832e+00
  1.310468e-01,  1.040720e+01
  1.378055e-01,  8.891363e+00
  1.358825e-01,  7.909833e+00
  1.297702e-01,  8.775702e+00
  1.320836e-01,  9.624818e+00
  1.395833e-01,  9.296764e+00
  1.404491e-01,  9.028982e+00
  1.347781e-01,  9.247407e+00
  1.317485e-01,  9.057495e+00
  1.330191e-01,  8.463819e+00
  1.328198e-01,  8.366993e+00
  1.304885e-01,  8.307609e+00
  1.308529e-01,  6.993587e+00
  1.339339e-01,  4.933746e+00
  1.340557e-01,  3.922209e+00
  1.299965e-01,  4.723455e+00
  1.278315e-01,  6.887009e+00
  1.316461e-01,  9.336642e+00
  1.378066e-01,  1.084146e+01
  1.403358e-01,  1.056306e+01
  1.381263e-01,  8.987098e+00
  1.345133e-01,  8.053201e+00
  1.326274e-01,  8.659144e+00
  1.331120e-01,  9.024233e+00
  1.345623e-01,  8.074196e+00
  1.356081e-01,  7.740810e+00
  1.359539e-01,  9.230799e+00
  1.355305e-01,  9.957489e+00
  1.335439e-01,  7.422809e+00
  1.309651e-01,  4.070853e+00
  1.300317e-01,  4.613532e+00
  1.331323e-01,  8.835217e+00
  1.379889e-01,  1.184630e+01
  1.385510e-01,  1.156846e+01
  1.346029e-01,  9.845666e+00
  1.313976e-01,  8.593950e+00
  1.320983e-01,  7.881501e+00
  1.343729e-01,  7.451462e+00
  1.347753e-01,  7.712071e+00
  1.334489e-01,  8.366991e+00
  1.325328e-01,  8.227186e+00
  1.325767e-01,  7.191698e+00
  1.324553e-01,  6.728047e+00
  1.316153e-01,  7.753461e+00
  1.309486e-01,  9.389079e+00
  1.310471e-01,  1.001798e+01
  1.312334e-01,  8.834357e+00
  1.306881e-01,  6.354563e+00
  1.296786e-01,  4.345044e+00
  1.293949e-01,  4.853225e+00
  1.309933e-01,  7.772789e+00
  1.337480e-01,  1.013949e+01
  1.352850e-01,  9.637953e+00
  1.349223e-01,  7.535809e+00
  1.330890e-01,  6.822293e+00
  1.304987e-01,  7.879120e+00
  1.288815e-01,  8.046213e+00
  1.298957e-01,  6.465589e+00
  1.326407e-01,  6.171685e+00
  1.340751e-01,  8.787350e+00
  1.334726e-01,  1.117118e+01
  1.324033e-01,  9.874114e+00
  1.322507e-01,  6.719372e+00
  1.309607e-01,  5.673761e+00
  1.282687e-01,  6.269662e+00
  1.284432e-01,  5.969780e+00
  1.322396e-01,  6.489169e+00
  1.338053e-01,  9.919700e+00
  1.303647e-01,  1.176150e+01
  1.284388e-01,  6.675361e+00
  1.345822e-01,  1.564771e+00
  1.376828e-01,  5.718669e+00
  1.323242e-01,  1.304875e+01
  1.260122e-01,  9.807956e+00
  1.331241e-01,  7.638019e-01
  1.406553e-01,  4.274890e+00
  1.349963e-01,  1.448234e+01
  1.224418e-01,  8.834563e+00
  1.314831e-01,  -7.754330e+00
  1.403157e-01,  3.929460e-01
  1.420901e-01,  2.559394e+01
  1.285097e-01,  2.485902e+01
  1.354788e-01,  -8.065737e+00
  1.504249e-01,  -3.330337e+00
  1.599308e-01,  3.801152e+01
  1.378520e-01,  4.352905e+01
  1.390825e-01,  -2.811440e+01
  1.726116e-01,  -3.251508e+01
  1.611014e-01,  5.003360e+01
  1.942525e-01,  7.286824e+01
  1.435882e-01,  -5.814729e+01
  2.460330e-01,  -7.672752e+01
  2.557140e-01,  1.049973e+02
  4.998054e-01,  9.489263e+01
  4.509882e-01,  -5.465684e+01
  2.754249e-01,  -8.802581e+01
  6.354502e-01,  -5.853638e+01
  6.036123e+00,  -6.568280e+01
  1.125555e+01,  -6.700765e+01
  1.292283e+01,  -6.741643e+01
  1.498591e+01,  -6.706064e+01
  1.671283e+01,  -6.704035e+01
  1.662145e+01,  -6.738079e+01
  1.465390e+01,  -6.656550e+01
  1.211653e+01,  -6.276328e+01
  1.015924e+01,  -5.619362e+01
  8.541176e+00,  -4.808188e+01
  6.956794e+00,  -3.615289e+01
  5.951267e+00,  -2.229455e+01
  5.193760e+00,  -1.934679e+01
  4.082709e+00,  -3.237423e+01
  3.126550e+00,  -5.746011e+01
  3.047388e+00,  -8.923299e+01
  3.993829e+00,  -1.105513e+02
  4.720739e+00,  -1.188584e+02
  4.582558e+00,  -1.225320e+02
  4.263135e+00,  -1.244612e+02
  4.297259e+00,  -1.228905e+02
  4.647877e+00,  -1.181946e+02
  5.189482e+00,  -1.162068e+02
  5.700456e+00,  -1.193415e+02
  6.147503e+00,  -1.237702e+02
  6.522228e+00,  -1.275907e+02
  6.391571e+00,  -1.339936e+02
  5.752815e+00,  -1.455459e+02
  5.334686e+00,  -1.596158e+02
  5.061312e+00,  -1.744767e+02
  4.680054e+00,  1.616029e+02
  5.362884e+00,  1.316356e+02
  7.083557e+00,  1.165441e+02
  8.442266e+00,  1.123173e+02
  9.297160e+00,  1.098577e+02
  1.030653e+01,  1.069369e+02
  1.120074e+01,  1.058014e+02
  1.129014e+01,  1.071852e+02
  1.114420e+01,  1.095003e+02
  1.163687e+01,  1.108161e+02
  1.250669e+01,  1.110972e+02
  1.338691e+01,  1.106387e+02
  1.480165e+01,  1.090620e+02
  1.677366e+01,  1.069090e+02
  1.799287e+01,  1.051460e+02
  1.777702e+01,  1.042112e+02
  1.719248e+01,  1.035446e+02
  1.681173e+01,  1.019661e+02
  1.550253e+01,  1.009147e+02
  1.289621e+01,  1.039274e+02
  1.046991e+01,  1.108282e+02
  8.787133e+00,  1.165639e+02
  7.211230e+00,  1.246876e+02
  6.154495e+00,  1.438992e+02
  6.156299e+00,  1.649981e+02
  6.206210e+00,  1.797854e+02
  6.269769e+00,  -1.659216e+02
  6.820656e+00,  -1.531670e+02
  7.358157e+00,  -1.436521e+02
  7.649886e+00,  -1.346220e+02
  8.085002e+00,  -1.272113e+02
  8.574015e+00,  -1.227636e+02
  8.768932e+00,  -1.184841e+02
  8.576015e+00,  -1.149983e+02
  7.810656e+00,  -1.164986e+02
  6.412326e+00,  -1.218731e+02
  4.390033e+00,  -1.266554e+02
  1.739237e+00,  -1.454991e+02
  2.224347e+00,  9.715014e+01
  5.488641e+00,  7.889335e+01
  8.628927e+00,  7.296381e+01
  1.124038e+01,  7.090630e+01
  1.279177e+01,  6.818237e+01
  1.351501e+01,  6.263223e+01
  1.394997e+01,  5.713877e+01
  1.384300e+01,  5.341235e+01
  1.291794e+01,  4.815634e+01
  1.168297e+01,  3.860161e+01
  1.066797e+01,  2.697202e+01
  9.731193e+00,  1.578070e+01
  8.794923e+00,  5.073909e+00
  7.762515e+00,  -3.829531e+00
  6.348950e+00,  -1.042274e+01
  4.680353e+00,  -1.383818e+01
  3.021230e+00,  -3.354928e+00
  2.164722e+00,  4.748276e+01
  3.555985e+00,  9.393054e+01
  5.447801e+00,  1.047055e+02
  7.015904e+00,  1.022612e+02
  8.404220e+00,  9.807453e+01
  9.280333e+00,  9.500445e+01
  9.300147e+00,  8.983153e+01
  8.929202e+00,  8.192311e+01
  8.711414e+00,  7.511645e+01
  8.579511e+00,  7.105808e+01
  8.395224e+00,  6.813781e+01
  8.128022e+00,  6.647209e+01
  7.661444e+00,  6.769310e+01
  6.940909e+00,  7.205542e+01
  6.117170e+00,  7.905948e+01
  5.367813e+00,  9.118552e+01
  5.107771e+00,  1.133355e+02
  5.948050e+00,  1.362652e+02
  7.254608e+00,  1.475478e+02
  8.594443e+00,  1.509029e+02
  1.008628e+01,  1.503720e+02
  1.082179e+01,  1.458156e+02
  1.046240e+01,  1.366552e+02
  1.033467e+01,  1.268397e+02
  1.066581e+01,  1.202206e+02
  1.060951e+01,  1.128955e+02
  1.050137e+01,  1.042718e+02
  1.099567e+01,  9.924506e+01
  1.157986e+01,  9.684297e+01
  1.152061e+01,  9.374066e+01
  1.111993e+01,  9.078168e+01
  1.078113e+01,  8.908895e+01
  9.821834e+00,  8.655471e+01
  7.864906e+00,  8.104516e+01
  5.932852e+00,  7.285631e+01
  4.688111e+00,  6.264907e+01
  3.733096e+00,  4.379937e+01
  3.278871e+00,  1.083380e+01
  3.572057e+00,  -1.624480e+01
  3.967038e+00,  -2.832122e+01
  4.416237e+00,  -3.387075e+01
  4.807315e+00,  -3.803929e+01
  4.893122e+00,  -4.115171e+01
  4.843732e+00,  -4.339047e+01
  4.867266e+00,  -4.614731e+01
  4.786111e+00,  -4.943670e+01
  4.454260e+00,  -5.205308e+01
  4.117525e+00,  -5.545136e+01
  4.108028e+00,  -6.411783e+01
  4.510500e+00,  -7.630150e+01
  5.061882e+00,  -8.392985e+01
  5.586089e+00,  -8.464725e+01
  6.354927e+00,  -8.372989e+01
  7.580688e+00,  -8.503964e+01
  9.265403e+00,  -8.499609e+01
  1.125316e+01,  -8.104317e+01
  1.326814e+01,  -7.615671e+01
  1.513858e+01,  -7.324147e+01
  1.706119e+01,  -7.138187e+01
  1.898402e+01,  -6.858191e+01
  2.022817e+01,  -6.544805e+01
  2.019120e+01,  -6.413304e+01
  1.889329e+01,  -6.552333e+01
  1.671310e+01,  -6.862871e+01
  1.406602e+01,  -7.238084e+01
  1.131718e+01,  -7.697912e+01
  8.585682e+00,  -8.301411e+01
  5.811793e+00,  -9.004652e+01
  3.154781e+00,  -9.728931e+01
  9.941753e-01,  -1.080027e+02
  7.680831e-01,  8.983992e+01
  2.497446e+00,  8.077008e+01
  4.160321e+00,  7.842462e+01
  5.367211e+00,  7.444586e+01
  6.362117e+00,  6.740942e+01
  7.368472e+00,  6.091596e+01
  7.823617e+00,  5.685959e+01
  7.564649e+00,  5.299666e+01
  7.150907e+00,  4.915239e+01
  6.564621e+00,  4.874175e+01
  5.374673e+00,  5.164310e+01
  3.791755e+00,  5.503021e+01
  2.337811e+00,  6.438152e+01
  1.378587e+00,  1.037585e+02
  1.642878e+00,  1.698570e+02
  2.821382e+00,  -1.552273e+02
  4.176674e+00,  -1.389756e+02
  5.597388e+00,  -1.274388e+02
  7.284533e+00,  -1.183229e+02
  8.827101e+00,  -1.141921e+02
  9.800127e+00,  -1.136642e+02
  1.056264e+01,  -1.135571e+02
  1.120042e+01,  -1.139319e+02
  1.135306e+01,  -1.162411e+02
  1.136496e+01,  -1.184389e+02
  1.178348e+01,  -1.184038e+02
  1.245460e+01,  -1.187620e+02
  1.308121e+01,  -1.208163e+02
  1.363915e+01,  -1.223782e+02
  1.404785e+01,  -1.231719e+02
  1.414931e+01,  -1.245862e+02
  1.338993e+01,  -1.264511e+02
  1.085348e+01,  -1.290241e+02
  6.926607e+00,  -1.352701e+02
  3.409846e+00,  -1.489548e+02
  7.048492e-01,  1.781307e+02
  2.091195e+00,  2.850107e+01
  3.694478e+00,  2.263653e+01
  3.399158e+00,  1.852655e+01
  3.281022e+00,  5.536375e+00
  5.123751e+00,  4.761873e+00
  1.838782e+00,  1.064475e+02
  1.507445e+00,  1.606171e+02
  1.318178e+00,  -2.234378e+01
  3.277891e-01,  6.890198e+01
  5.273693e-01,  1.467713e+02
  5.623382e-02,  -4.063022e+01
  4.087922e-01,  -1.385169e+01
  1.506033e-01,  3.015389e+01
  1.789127e-01,  1.237444e+02
  9.785201e-02,  2.804211e+01
  2.700605e-01,  -8.699963e+00
  1.479413e-01,  -2.495051e+00
  5.976238e-02,  7.564769e+01
  1.172860e-01,  2.785294e+01
  2.155104e-01,  2.722128e+00
  1.562698e-01,  -1.687417e+00
  6.639132e-02,  1.506245e+01
  1.040742e-01,  1.686776e+01
  1.729751e-01,  4.972220e+00
  1.520897e-01,  2.877892e-01
  9.744544e-02,  7.232763e+00
  1.143902e-01,  1.557662e+01
  1.574529e-01,  9.246908e+00
  1.467568e-01,  8.475100e-01
  1.060180e-01,  -3.063980e+00
  1.057732e-01,  6.243938e+00
  1.415050e-01,  1.191183e+01
  1.509974e-01,  1.087870e+01
  1.305897e-01,  8.584066e+00
  1.230490e-01,  8.361174e+00
  1.368030e-01,  8.821667e+00
  1.426349e-01,  7.762269e+00
  1.324642e-01,  6.587061e+00
  1.275150e-01,  7.301217e+00
  1.352719e-01,  8.432255e+00
  1.390359e-01,  7.696953e+00
  1.312475e-01,  5.829287e+00
  1.246724e-01,  4.928336e+00
  1.276399e-01,  5.401855e+00
  1.317936e-01,  5.403961e+00
  1.292306e-01,  4.261681e+00
  1.249554e-01,  3.025851e+00
  1.258459e-01,  3.273170e+00
  1.302775e-01,  5.623958e+00
  1.340758e-01,  9.256812e+00
  1.368936e-01,  1.191028e+01
  1.386373e-01,  1.156918e+01
  1.378718e-01,  9.483164e+00
  1.352281e-01,  9.215922e+00
  1.345919e-01,  1.165558e+01
  1.369949e-01,  1.284308e+01
  1.375041e-01,  9.978097e+00
  1.337147e-01,  5.723585e+00
  1.284031e-01,  4.579196e+00
  1.263080e-01,  6.651296e+00
  1.280608e-01,  7.733454e+00
  1.298987e-01,  6.901738e+00
  1.302698e-01,  7.364261e+00
  1.311657e-01,  9.957384e+00
  1.338184e-01,  1.128382e+01
  1.364968e-01,  9.875903e+00
  1.376788e-01,  8.782208e+00
  1.369528e-01,  9.902216e+00
  1.346174e-01,  1.023205e+01
  1.310474e-01,  6.836653e+00
  1.279774e-01,  3.006932e+00
  1.264639e-01,  4.510474e+00
  1.287887e-01,  9.949580e+00
  1.332107e-01,  1.180371e+01
  1.346079e-01,  7.934158e+00
  1.327922e-01,  3.929973e+00
  1.302740e-01,  5.389531e+00
  1.316815e-01,  1.037932e+01
  1.358161e-01,  1.248286e+01
  1.368705e-01,  1.039925e+01
  1.339344e-01,  7.849325e+00
  1.307881e-01,  7.661884e+00
  1.314306e-01,  8.544910e+00
  1.347855e-01,  7.931726e+00
  1.362588e-01,  6.070510e+00
  1.337167e-01,  5.014890e+00
  1.300857e-01,  5.857133e+00
  1.296315e-01,  7.413325e+00
  1.319406e-01,  7.412433e+00
  1.327491e-01,  5.162094e+00
  1.301470e-01,  2.476832e+00
  1.269018e-01,  2.731682e+00
  1.278599e-01,  7.377482e+00
  1.338489e-01,  1.250818e+01
  1.376606e-01,  1.312363e+01
  1.344353e-01,  8.672226e+00
  1.284741e-01,  3.343536e+00
  1.255213e-01,  2.738366e+00
  1.285264e-01,  6.832246e+00
  1.344590e-01,  1.010009e+01
  1.365154e-01,  1.002132e+01
  1.342040e-01,  8.772698e+00
  1.323222e-01,  8.555761e+00
  1.329896e-01,  7.967247e+00
  1.330619e-01,  4.738229e+00
  1.302216e-01,  4.893889e-01
  1.261719e-01,  -4.214671e-02
  1.255433e-01,  5.186263e+00
  1.307303e-01,  1.158987e+01
  1.362590e-01,  1.387487e+01
  1.373837e-01,  1.163923e+01
  1.351312e-01,  7.556151e+00
  1.314946e-01,  4.786733e+00
  1.282660e-01,  5.251017e+00
  1.284595e-01,  8.551230e+00
  1.329063e-01,  1.206700e+01
  1.375558e-01,  1.377540e+01
  1.388639e-01,  1.414477e+01
  1.384343e-01,  1.441665e+01
  1.392041e-01,  1.433831e+01
  1.399783e-01,  1.267228e+01
  1.378606e-01,  9.812776e+00
  1.337916e-01,  8.154039e+00
  1.319165e-01,  9.159485e+00
  1.336824e-01,  1.071521e+01
  1.352065e-01,  1.014235e+01
  1.339391e-01,  8.204177e+00
  1.321872e-01,  7.784528e+00
  1.326194e-01,  9.630329e+00
  1.338398e-01,  1.118338e+01
  1.329134e-01,  1.060327e+01
  1.314636e-01,  9.109496e+00
  1.333251e-01,  8.779643e+00
  1.379930e-01,  9.220910e+00
  1.400995e-01,  8.512169e+00
  1.363363e-01,  6.453952e+00
  1.300325e-01,  5.058115e+00
  1.271909e-01,  5.947091e+00
  1.298641e-01,  7.468929e+00
  1.339340e-01,  7.238531e+00
  1.349792e-01,  6.189772e+00
  1.334446e-01,  7.159660e+00
  1.331398e-01,  1.020670e+01
  1.346531e-01,  1.123277e+01
  1.343939e-01,  7.869781e+00
  1.315081e-01,  3.741827e+00
  1.284488e-01,  4.889483e+00
  1.307310e-01,  1.140111e+01
  1.379967e-01,  1.570269e+01
  1.408895e-01,  1.353468e+01
  1.367904e-01,  8.004785e+00
  1.306539e-01,  5.104868e+00
  1.287295e-01,  7.401206e+00
  1.333025e-01,  1.088593e+01
  1.384428e-01,  1.151234e+01
  1.388059e-01,  1.010027e+01
  1.358372e-01,  9.176632e+00
  1.337200e-01,  9.345270e+00
  1.334459e-01,  9.075046e+00
  1.329166e-01,  7.695367e+00
  1.317501e-01,  6.602010e+00
  1.320299e-01,  7.036618e+00
  1.342074e-01,  8.110690e+00
  1.352237e-01,  8.549036e+00
  1.334935e-01,  9.184439e+00
  1.327435e-01,  1.164181e+01
  1.368392e-01,  1.460598e+01
  1.417399e-01,  1.452100e+01
  1.402955e-01,  1.057067e+01
  1.329612e-01,  5.826612e+00
  1.267443e-01,  4.728109e+00
  1.278461e-01,  7.635695e+00
  1.340553e-01,  9.989365e+00
  1.373320e-01,  9.701660e+00
  1.357091e-01,  8.661664e+00
  1.338396e-01,  8.801952e+00
  1.347233e-01,  9.725873e+00
  1.362451e-01,  1.020586e+01
  1.362260e-01,  1.000381e+01
  1.355654e-01,  9.072514e+00
  1.348407e-01,  7.398589e+00
  1.327950e-01,  6.209610e+00
  1.302606e-01,  7.117920e+00
  1.309541e-01,  9.047825e+00
  1.342278e-01,  8.613873e+00
  1.341410e-01,  5.321038e+00
  1.285659e-01,  2.672398e+00
  1.237445e-01,  4.321488e+00
  1.275920e-01,  8.868617e+00
  1.365703e-01,  1.148386e+01
  1.401850e-01,  1.133571e+01
  1.367964e-01,  1.050201e+01
  1.339731e-01,  1.045141e+01
  1.364220e-01,  1.093937e+01
  1.401267e-01,  1.098953e+01
  1.394115e-01,  9.893232e+00
  1.346294e-01,  7.461034e+00
  1.304864e-01,  5.144199e+00
  1.300923e-01,  5.644040e+00
  1.335787e-01,  8.976269e+00
  1.378358e-01,  1.139936e+01
  1.378474e-01,  1.025150e+01
  1.334850e-01,  7.064227e+00
  1.295587e-01,  5.552717e+00
  1.297458e-01,  6.588472e+00
  1.320715e-01,  6.988654e+00
  1.317210e-01,  4.940868e+00
  1.286135e-01,  2.606575e+00
  1.267233e-01,  3.245711e+00
  1.289991e-01,  6.745142e+00
  1.337097e-01,  9.560948e+00
  1.362849e-01,  9.227870e+00
  1.349159e-01,  6.278157e+00
  1.311603e-01,  3.327085e+00
  1.278865e-01,  3.219306e+00
  1.284111e-01,  6.463262e+00
  1.332808e-01,  1.039802e+01
  1.381535e-01,  1.237776e+01
  1.392036e-01,  1.221637e+01
  1.373717e-01,  1.119132e+01
  1.354928e-01,  1.047079e+01
  1.344712e-01,  1.017781e+01
  1.335070e-01,  9.559304e+00
  1.322414e-01,  8.066415e+00
  1.311939e-01,  6.296599e+00
  1.307963e-01,  5.622638e+00
  1.312778e-01,  6.471642e+00
  1.324450e-01,  7.525626e+00
  1.330440e-01,  7.407494e+00
  1.321945e-01,  6.419981e+00
  1.306962e-01,  5.701563e+00
  1.296844e-01,  5.418012e+00
  1.288992e-01,  5.101718e+00
  1.280355e-01,  5.425480e+00
  1.290286e-01,  7.574785e+00
  1.335841e-01,  1.044050e+01
  1.379021e-01,  1.108963e+01
  1.362173e-01,  8.496966e+00
  1.297839e-01,  4.799864e+00
  1.256750e-01,  3.869949e+00
  1.283956e-01,  6.671201e+00
  1.340571e-01,  9.197874e+00
  1.346041e-01,  8.252848e+00
  1.297026e-01,  4.960901e+00
  1.257407e-01,  3.505370e+00
  1.268145e-01,  5.815252e+00
  1.313657e-01,  8.286492e+00
  1.343832e-01,  7.712904e+00
  1.339770e-01,  5.698564e+00
  1.315282e-01,  5.492172e+00
  1.296169e-01,  7.015241e+00
  1.302269e-01,  7.443955e+00
  1.327180e-01,  6.419279e+00
  1.339242e-01,  6.180784e+00
  1.319293e-01,  6.937749e+00
  1.296834e-01,  6.545555e+00
  1.310872e-01,  4.890529e+00
  1.340624e-01,  4.726440e+00
  1.336453e-01,  6.848723e+00
  1.315249e-01,  9.139471e+00
  1.334183e-01,  1.007343e+01
  1.375702e-01,  1.035788e+01
  1.356284e-01,  1.002249e+01
  1.291957e-01,  8.204787e+00
  1.307060e-01,  7.372753e+00
  1.402368e-01,  1.074508e+01
  1.416026e-01,  1.484355e+01
  1.297989e-01,  1.332610e+01
  1.271115e-01,  5.804468e+00
  1.403620e-01,  3.454285e+00
  1.411104e-01,  7.543968e+00
  1.210764e-01,  9.504318e+00
  1.158339e-01,  3.979054e+00
  1.413552e-01,  2.364483e+00
  1.491429e-01,  7.397306e+00
  1.156232e-01,  1.209060e+01
  1.017596e-01,  8.870043e+00
  1.484693e-01,  6.863935e+00
  1.720377e-01,  9.332030e+00
  1.082351e-01,  6.866234e+00
  7.041783e-02,  -1.443681e+01
  1.459322e-01,  -4.200299e+00
  2.061718e-01,  8.845635e+00
  1.153671e-01,  2.495506e+01
  4.341188e-02,  5.686713e+01
  1.715081e-01,  1.614829e+01
  2.981441e-01,  1.245486e+01
  9.211138e-02,  2.215343e+01
  1.449748e-01,  1.666260e+02
  1.800485e-01,  4.855662e+01
  4.939600e-01,  1.897081e+01
  9.101808e-02,  -3.312822e+01
  5.608169e-01,  -1.649258e+02
  2.787886e-01,  7.556165e+01
  1.252221e+00,  2.347249e+01
  5.601052e-01,  -1.316039e+02
  4.406972e+00,  2.646644e+01
  1.286799e+01,  1.731488e+01
  1.242151e+01,  1.335941e+01
  1.239561e+01,  1.075470e+01
  1.345050e+01,  1.120224e+01
  1.295677e+01,  9.295915e+00
  1.119829e+01,  3.698910e+00
  9.735742e+00,  -4.829886e-01
  8.232856e+00,  2.643458e+00
  5.782036e+00,  1.376690e+01
  2.940825e+00,  4.443867e+01
  2.728731e+00,  1.174443e+02
  4.953998e+00,  1.464061e+02
  7.759124e+00,  1.564199e+02
  1.093371e+01,  1.613585e+02
  1.357893e+01,  1.638560e+02
  1.528646e+01,  1.652673e+02
  1.703394e+01,  1.653617e+02
  1.961156e+01,  1.630592e+02
  2.216500e+01,  1.586402e+02
  2.359699e+01,  1.524308e+02
  2.430227e+01,  1.443544e+02
  2.492811e+01,  1.361670e+02
  2.506804e+01,  1.298236e+02
  2.440491e+01,  1.247683e+02
  2.293101e+01,  1.199719e+02
  2.046816e+01,  1.161049e+02
  1.730192e+01,  1.142219e+02
  1.400630e+01,  1.136164e+02
  1.057116e+01,  1.124712e+02
  6.785641e+00,  1.110536e+02
  2.812255e+00,  1.131173e+02
  1.121312e+00,  -8.059357e+01
  4.901655e+00,  -7.045182e+01
  8.513307e+00,  -7.088925e+01
  1.163750e+01,  -7.355888e+01
  1.416108e+01,  -7.531291e+01
  1.635758e+01,  -7.700761e+01
  1.820355e+01,  -8.138724e+01
  1.917784e+01,  -8.788575e+01
  1.925123e+01,  -9.396604e+01
  1.920935e+01,  -9.923183e+01
  1.921994e+01,  -1.050448e+02
  1.846840e+01,  -1.105477e+02
  1.709471e+01,  -1.127295e+02
  1.629512e+01,  -1.113048e+02
  1.599039e+01,  -1.097020e+02
  1.541686e+01,  -1.074871e+02
  1.501398e+01,  -1.024971e+02
  1.469475e+01,  -9.782854e+01
  1.328224e+01,  -9.557728e+01
  1.118182e+01,  -9.225678e+01
  9.643096e+00,  -8.603340e+01
  8.121462e+00,  -8.124980e+01
  5.985685e+00,  -7.723863e+01
  4.664870e+00,  -6.846806e+01
  4.330377e+00,  -6.600017e+01
  2.956605e+00,  -8.552389e+01
  2.369164e+00,  -1.615676e+02
  4.635956e+00,  1.622179e+02
  7.380534e+00,  1.528204e+02
  1.112210e+01,  1.478766e+02
  1.516030e+01,  1.442564e+02
  1.806658e+01,  1.409232e+02
  1.972606e+01,  1.370559e+02
  2.070893e+01,  1.322087e+02
  2.089238e+01,  1.259780e+02
  2.011143e+01,  1.180287e+02
  1.916495e+01,  1.091770e+02
  1.882621e+01,  1.018678e+02
  1.858024e+01,  9.763833e+01
  1.743589e+01,  9.631168e+01
  1.528689e+01,  9.835089e+01
  1.294715e+01,  1.046542e+02
  1.108500e+01,  1.142665e+02
  9.576211e+00,  1.263197e+02
  8.346295e+00,  1.439391e+02
  8.032291e+00,  1.675940e+02
  8.669285e+00,  -1.721100e+02
  9.254522e+00,  -1.592625e+02
  9.453048e+00,  -1.504161e+02
  9.614282e+00,  -1.434468e+02
  9.819306e+00,  -1.395529e+02
  9.675887e+00,  -1.398491e+02
  8.863221e+00,  -1.434911e+02
  7.525776e+00,  -1.504428e+02
  6.189139e+00,  -1.641701e+02
  5.379553e+00,  1.723999e+02
  5.250178e+00,  1.435360e+02
  5.780419e+00,  1.164145e+02
  6.898368e+00,  9.693399e+01
  8.124264e+00,  8.427478e+01
  9.086881e+00,  7.407884e+01
  9.697089e+00,  6.533914e+01
  9.690838e+00,  5.859633e+01
  8.999198e+00,  5.256595e+01
  8.022577e+00,  4.573548e+01
  6.859085e+00,  3.754388e+01
  5.475948e+00,  2.658676e+01
  4.392819e+00,  1.341807e+01
  3.824141e+00,  3.240813e+00
  3.424081e+00,  -4.609747e+00
  3.140429e+00,  -9.158301e+00
  3.260664e+00,  2.185051e+00
  4.356548e+00,  2.333599e+01
  6.231676e+00,  3.618446e+01
  8.333615e+00,  4.187592e+01
  1.064939e+01,  4.371530e+01
  1.299418e+01,  4.296491e+01
  1.493468e+01,  4.036893e+01
  1.635956e+01,  3.633777e+01
  1.739895e+01,  3.151333e+01
  1.805331e+01,  2.682870e+01
  1.839463e+01,  2.263858e+01
  1.847676e+01,  1.898069e+01
  1.792778e+01,  1.645758e+01
  1.650667e+01,  1.594218e+01
  1.455086e+01,  1.778072e+01
  1.231314e+01,  2.192131e+01
  9.828099e+00,  2.961119e+01
  7.567546e+00,  4.443299e+01
  6.317186e+00,  6.829390e+01
  6.304610e+00,  9.500171e+01
  7.213196e+00,  1.170802e+02
  8.694737e+00,  1.319325e+02
  1.021380e+01,  1.413521e+02
  1.123894e+01,  1.486753e+02
  1.160862e+01,  1.552419e+02
  1.132937e+01,  1.607880e+02
  1.023837e+01,  1.663631e+02
  8.464412e+00,  1.742067e+02
  6.750500e+00,  -1.768671e+02
  5.549567e+00,  -1.725283e+02
  4.655292e+00,  -1.717456e+02
  3.746063e+00,  -1.678752e+02
  2.796776e+00,  -1.665187e+02
  1.995711e+00,  1.766756e+02
  1.401974e+00,  1.524209e+02
  2.350134e-01,  1.193826e+02
  1.376964e+00,  -1.753510e+01
  2.844407e+00,  -4.758971e+00
  4.479525e+00,  4.547685e+00
  6.274631e+00,  5.440396e+00
  8.189913e+00,  5.578244e+00
  1.035741e+01,  9.872466e+00
  1.281459e+01,  1.582142e+01
  1.515198e+01,  1.999180e+01
  1.712235e+01,  2.235989e+01
  1.906708e+01,  2.393517e+01
  2.081497e+01,  2.396636e+01
  2.124214e+01,  2.095953e+01
  2.011558e+01,  1.516319e+01
  1.862360e+01,  9.381196e+00
  1.736249e+01,  6.020716e+00
  1.601487e+01,  4.189333e+00
  1.463457e+01,  3.554032e+00
  1.349818e+01,  5.755214e+00
  1.212666e+01,  9.735742e+00
  9.863906e+00,  1.268044e+01
  7.058201e+00,  1.511526e+01
  4.365656e+00,  2.261194e+01
  2.056053e+00,  5.282679e+01
  2.127951e+00,  1.359815e+02
  4.214298e+00,  1.600842e+02
  6.009741e+00,  1.631975e+02
  7.154104e+00,  1.634479e+02
  7.810505e+00,  1.655903e+02
  8.260219e+00,  1.681946e+02
  8.225060e+00,  1.685390e+02
  7.325807e+00,  1.683932e+02
  5.978034e+00,  1.726974e+02
  4.964145e+00,  -1.775144e+02
  4.257108e+00,  -1.686544e+02
  3.372318e+00,  -1.617515e+02
  2.442933e+00,  -1.505129e+02
  1.840022e+00,  -1.347696e+02
  1.412221e+00,  -1.260607e+02
  9.912231e-01,  -1.349826e+02
  9.812329e-01,  -1.690379e+02
  1.633590e+00,  1.702574e+02
  2.683136e+00,  1.659494e+02
  4.434610e+00,  1.677628e+02
  7.388747e+00,  1.702286e+02
  1.112309e+01,  1.713190e+02
  1.465079e+01,  1.722422e+02
  1.779804e+01,  1.745665e+02
  2.085825e+01,  1.782181e+02
  2.328552e+01,  -1.783085e+02
  2.418109e+01,  -1.758411e+02
  2.355886e+01,  -1.740356e+02
  2.203523e+01,  -1.724531e+02
  1.982820e+01,  -1.715889e+02
  1.669804e+01,  -1.724033e+02
  1.278911e+01,  -1.752063e+02
  9.163174e+00,  -1.788446e+02
  6.677983e+00,  1.794682e+02
  3.696289e+00,  1.712159e+02
  4.978218e+00,  4.585853e+01
  1.456085e+00,  -1.003893e+02
  1.099063e+00,  -1.748136e+02
  8.553575e-01,  4.509866e+01
  5.192601e-01,  1.423010e+01
  3.656336e-01,  -1.522351e+02
  3.263397e-01,  1.564219e+02
  4.100247e-01,  4.947677e+01
  3.379172e-01,  9.626257e+00
  1.229849e-01,  -1.015938e+02
  1.030616e-01,  1.418535e+02
  2.886785e-01,  4.922392e+01
  2.707793e-01,  1.492479e+01
  1.211355e-01,  -5.405421e+01
  2.093028e-02,  -8.235217e+01
  1.857180e-01,  3.751668e+01
  2.304862e-01,  1.712690e+01
  1.279919e-01,  -1.926493e+01
  5.888302e-02,  -1.981606e+01
  1.435545e-01,  2.903561e+01
  1.958084e-01,  1.898637e+01
  1.391235e-01,  -3.694683e+00
  8.853989e-02,  -1.210478e+01
  1.178445e-01,  1.465269e+01
  1.604428e-01,  1.342729e+01
  1.399460e-01,  -1.088084e+00
  1.072524e-01,  -7.217159e+00
  1.173353e-01,  9.401637e+00
  1.486491e-01,  1.443197e+01
  1.432711e-01,  7.829804e+00
  1.219503e-01,  2.742319e+00
  1.227638e-01,  7.104582e+00
  1.380433e-01,  8.779992e+00
  1.360437e-01,  3.693697e+00
  1.222031e-01,  -1.256062e-01
  1.213797e-01,  4.189144e+00
  1.352863e-01,  8.601910e+00
  1.401893e-01,  7.346232e+00
  1.317122e-01,  4.504102e+00
  1.269911e-01,  5.021859e+00
  1.332705e-01,  7.507399e+00
  1.382557e-01,  7.960321e+00
  1.337055e-01,  6.643713e+00
  1.279222e-01,  5.433471e+00
  1.291254e-01,  4.934575e+00
  1.326474e-01,  4.490201e+00
  1.308685e-01,  3.821037e+00
  1.259215e-01,  3.247117e+00
  1.248404e-01,  3.696704e+00
  1.283893e-01,  5.882599e+00
  1.317074e-01,  8.420125e+00
  1.318179e-01,  8.427683e+00
  1.302604e-01,  5.180989e+00
  1.287363e-01,  2.392511e+00
  1.268109e-01,  3.698673e+00
  1.267700e-01,  7.274384e+00
  1.301755e-01,  8.634599e+00
  1.341509e-01,  7.667141e+00
  1.349198e-01,  7.362609e+00
  1.326135e-01,  8.028792e+00
  1.308101e-01,  7.430840e+00
  1.311951e-01,  5.667626e+00
  1.318019e-01,  5.310479e+00
  1.310165e-01,  6.258482e+00
  1.297478e-01,  5.573660e+00
  1.291494e-01,  2.983264e+00
  1.287806e-01,  2.106838e+00
  1.283414e-01,  4.401161e+00
  1.289613e-01,  6.528148e+00
  1.303024e-01,  6.198668e+00
  1.317004e-01,  6.265581e+00
  1.334474e-01,  9.271882e+00
  1.352519e-01,  1.186116e+01
  1.337608e-01,  9.246149e+00
  1.293992e-01,  2.622117e+00
  1.257589e-01,  -9.620369e-01
  1.254892e-01,  2.568455e+00
  1.298175e-01,  7.969604e+00
  1.324173e-01,  8.692304e+00
  1.298750e-01,  5.220009e+00
  1.269179e-01,  2.635234e+00
  1.278529e-01,  4.039748e+00
  1.318493e-01,  6.829154e+00
  1.340791e-01,  7.739858e+00
  1.332463e-01,  7.255521e+00
  1.326911e-01,  7.833070e+00
  1.343059e-01,  1.012259e+01
  1.359448e-01,  1.207489e+01
  1.350372e-01,  1.167097e+01
  1.328081e-01,  8.963700e+00
  1.319621e-01,  6.193007e+00
  1.326505e-01,  5.869357e+00
  1.338159e-01,  8.127929e+00
  1.347327e-01,  1.029923e+01
  1.340267e-01,  9.458463e+00
  1.315014e-01,  5.770514e+00
  1.289816e-01,  3.013521e+00
  1.287970e-01,  4.565507e+00
  1.328136e-01,  8.603415e+00
  1.379375e-01,  1.046796e+01
  1.390024e-01,  9.108557e+00
  1.360627e-01,  7.221200e+00
  1.330946e-01,  6.979697e+00
  1.326929e-01,  7.278175e+00
  1.330625e-01,  6.436124e+00
  1.316724e-01,  5.508715e+00
  1.297252e-01,  6.287179e+00
  1.306968e-01,  7.988031e+00
  1.344094e-01,  8.568678e+00
  1.365402e-01,  8.368845e+00
  1.346307e-01,  9.100251e+00
  1.317886e-01,  1.073157e+01
  1.325362e-01,  1.135861e+01
  1.366244e-01,  1.014000e+01
  1.392927e-01,  8.016248e+00
  1.370314e-01,  5.679814e+00
  1.318044e-01,  3.472954e+00
  1.282303e-01,  2.420236e+00
  1.283778e-01,  3.274383e+00
  1.308272e-01,  5.217929e+00
  1.332438e-01,  7.324383e+00
  1.350220e-01,  9.717793e+00
  1.368758e-01,  1.198918e+01
  1.381281e-01,  1.231676e+01
  1.369998e-01,  9.874623e+00
  1.336298e-01,  6.861433e+00
  1.304073e-01,  6.555398e+00
  1.306964e-01,  9.001420e+00
  1.344297e-01,  1.063637e+01
  1.369103e-01,  9.562483e+00
  1.353993e-01,  7.624937e+00
  1.323897e-01,  7.499027e+00
  1.325916e-01,  9.428125e+00
  1.366712e-01,  1.102608e+01
  1.399834e-01,  1.066512e+01
  1.389666e-01,  8.998282e+00
  1.351802e-01,  7.689686e+00
  1.326742e-01,  7.833850e+00
  1.331081e-01,  8.760963e+00
  1.340654e-01,  8.757000e+00
  1.326441e-01,  7.084453e+00
  1.294390e-01,  4.678321e+00
  1.275056e-01,  3.210017e+00
  1.286298e-01,  3.465318e+00
  1.315043e-01,  4.925591e+00
  1.334312e-01,  6.814777e+00
  1.333859e-01,  8.383435e+00
  1.323576e-01,  8.650382e+00
  1.314444e-01,  7.380555e+00
  1.309209e-01,  6.180531e+00
  1.308877e-01,  7.192239e+00
  1.321245e-01,  1.042252e+01
  1.344184e-01,  1.341525e+01
  1.358770e-01,  1.407989e+01
  1.360982e-01,  1.264162e+01
  1.363423e-01,  1.083569e+01
  1.366234e-01,  9.978136e+00
  1.358608e-01,  9.856664e+00
  1.342815e-01,  9.306770e+00
  1.333658e-01,  7.677187e+00
  1.333122e-01,  5.985779e+00
  1.327940e-01,  6.164705e+00
  1.322542e-01,  8.675920e+00
  1.334551e-01,  1.113767e+01
  1.350084e-01,  1.073589e+01
  1.341997e-01,  7.820801e+00
  1.313267e-01,  5.347154e+00
  1.294080e-01,  5.252420e+00
  1.303430e-01,  6.091531e+00
  1.319163e-01,  5.720975e+00
  1.315488e-01,  4.807787e+00
  1.301259e-01,  5.266262e+00
  1.299405e-01,  6.549025e+00
  1.305635e-01,  5.965588e+00
  1.302277e-01,  3.166801e+00
  1.291852e-01,  1.427352e+00
  1.289946e-01,  3.388254e+00
  1.304127e-01,  6.912380e+00
  1.309111e-01,  7.878910e+00
  1.294757e-01,  5.813256e+00
  1.295555e-01,  4.240617e+00
  1.334464e-01,  5.789608e+00
  1.386522e-01,  8.563675e+00
  1.397357e-01,  9.590051e+00
  1.357907e-01,  8.594974e+00
  1.320306e-01,  7.580273e+00
  1.324334e-01,  8.018814e+00
  1.352447e-01,  8.940259e+00
  1.361758e-01,  8.835464e+00
  1.341229e-01,  7.653162e+00
  1.314664e-01,  6.408460e+00
  1.302010e-01,  5.794851e+00
  1.302658e-01,  5.572801e+00
  1.306424e-01,  5.347085e+00
  1.304346e-01,  5.209560e+00
  1.293176e-01,  5.340604e+00
  1.280149e-01,  5.518227e+00
  1.278017e-01,  5.397208e+00
  1.288137e-01,  5.026159e+00
  1.297535e-01,  4.771561e+00
  1.300625e-01,  5.129073e+00
  1.311686e-01,  6.731390e+00
  1.342638e-01,  9.388298e+00
  1.371562e-01,  1.091883e+01
  1.356957e-01,  8.644536e+00
  1.303639e-01,  2.818521e+00
  1.257014e-01,  -1.314749e+00
  1.247867e-01,  1.643901e+00
  1.301483e-01,  8.777384e+00
  1.369299e-01,  1.262648e+01
  1.380023e-01,  1.195398e+01
  1.355031e-01,  1.085421e+01
  1.352665e-01,  1.168331e+01
  1.375166e-01,  1.150111e+01
  1.369224e-01,  7.845433e+00
  1.322767e-01,  3.461627e+00
  1.281145e-01,  3.040094e+00
  1.293489e-01,  6.286340e+00
  1.332387e-01,  8.050240e+00
  1.329487e-01,  6.732097e+00
  1.296601e-01,  5.649158e+00
  1.302326e-01,  7.633471e+00
  1.361138e-01,  1.020571e+01
  1.393463e-01,  9.440651e+00
  1.349972e-01,  5.469175e+00
  1.280910e-01,  2.421425e+00
  1.256119e-01,  4.575079e+00
  1.301745e-01,  9.995697e+00
  1.364762e-01,  1.277160e+01
  1.376946e-01,  1.083764e+01
  1.342058e-01,  6.741086e+00
  1.303128e-01,  4.520774e+00
  1.298511e-01,  5.728816e+00
  1.333055e-01,  8.218059e+00
  1.361600e-01,  9.650293e+00
  1.348948e-01,  9.691293e+00
  1.321489e-01,  8.735531e+00
  1.322236e-01,  7.236412e+00
  1.342050e-01,  6.107368e+00
  1.341128e-01,  6.200130e+00
  1.322555e-01,  7.336505e+00
  1.325593e-01,  8.385695e+00
  1.354974e-01,  8.909260e+00
  1.375006e-01,  9.893113e+00
  1.369345e-01,  1.174345e+01
  1.354284e-01,  1.270714e+01
  1.338041e-01,  1.070824e+01
  1.321156e-01,  6.757721e+00
  1.311284e-01,  4.782902e+00
  1.320899e-01,  7.086677e+00
  1.351958e-01,  1.089887e+01
  1.370757e-01,  1.169481e+01
  1.359509e-01,  8.497113e+00
  1.340716e-01,  4.550025e+00
  1.324162e-01,  3.825864e+00
  1.316009e-01,  6.928425e+00
  1.334144e-01,  1.093540e+01
  1.368496e-01,  1.259084e+01
  1.379009e-01,  1.116543e+01
  1.346093e-01,  8.274913e+00
  1.301342e-01,  6.544172e+00
  1.296717e-01,  7.626588e+00
  1.342766e-01,  1.002524e+01
  1.390361e-01,  1.106669e+01
  1.397165e-01,  1.021368e+01
  1.374756e-01,  8.725842e+00
  1.351452e-01,  7.577963e+00
  1.333400e-01,  6.514148e+00
  1.314518e-01,  5.631627e+00
  1.300008e-01,  6.613727e+00
  1.310272e-01,  1.050210e+01
  1.356308e-01,  1.469971e+01
  1.403533e-01,  1.521155e+01
  1.409122e-01,  1.152455e+01
  1.370437e-01,  7.249508e+00
  1.318560e-01,  6.762659e+00
  1.309854e-01,  1.021192e+01
  1.352995e-01,  1.269379e+01
  1.375851e-01,  1.113861e+01
  1.338773e-01,  7.170733e+00
  1.285816e-01,  4.022033e+00
  1.276421e-01,  3.412098e+00
  1.304833e-01,  4.283539e+00
  1.314418e-01,  5.246056e+00
  1.291590e-01,  6.183188e+00
  1.283295e-01,  7.132662e+00
  1.312465e-01,  7.642048e+00
  1.341439e-01,  7.455330e+00
  1.337466e-01,  6.663128e+00
  1.318560e-01,  5.426614e+00
  1.309862e-01,  4.354703e+00
  1.303727e-01,  4.614760e+00
  1.296276e-01,  7.029344e+00
  1.316155e-01,  1.082482e+01
  1.368811e-01,  1.353810e+01
  1.399060e-01,  1.314751e+01
  1.363685e-01,  9.308666e+00
  1.298537e-01,  3.801976e+00
  1.261882e-01,  1.191106e+00
  1.270765e-01,  4.799999e+00
  1.323802e-01,  1.149344e+01
  1.382125e-01,  1.485384e+01
  1.396649e-01,  1.242380e+01
  1.370419e-01,  7.218052e+00
  1.325878e-01,  4.205248e+00
  1.295193e-01,  5.119173e+00
  1.311983e-01,  7.050066e+00
  1.360524e-01,  7.235774e+00
  1.393639e-01,  6.509820e+00
  1.382776e-01,  6.407478e+00
  1.340546e-01,  6.598815e+00
  1.304998e-01,  6.264149e+00
  1.306999e-01,  6.377702e+00
  1.343825e-01,  8.086791e+00
  1.377097e-01,  9.770907e+00
  1.364890e-01,  8.833153e+00
  1.318043e-01,  5.460256e+00
  1.285759e-01,  3.389595e+00
  1.291316e-01,  5.227911e+00
  1.319703e-01,  8.154573e+00
  1.334471e-01,  8.171996e+00
  1.331749e-01,  5.719537e+00
  1.332764e-01,  4.845003e+00
  1.344059e-01,  7.385651e+00
  1.360025e-01,  1.027323e+01
  1.365563e-01,  1.022682e+01
  1.359285e-01,  8.262187e+00
  1.347195e-01,  7.631486e+00
  1.337646e-01,  8.771411e+00
  1.338671e-01,  9.061152e+00
  1.342354e-01,  7.576790e+00
  1.336465e-01,  6.574971e+00
  1.330873e-01,  7.530811e+00
  1.351939e-01,  8.740869e+00
  1.388287e-01,  8.408503e+00
  1.392305e-01,  7.458389e+00
  1.347753e-01,  7.244897e+00
  1.300612e-01,  7.257236e+00
  1.294235e-01,  6.532866e+00
  1.310602e-01,  5.965236e+00
  1.311499e-01,  6.685454e+00
  1.305033e-01,  7.989928e+00
  1.323364e-01,  8.830878e+00
  1.363360e-01,  9.929030e+00
  1.390813e-01,  1.197934e+01
  1.386543e-01,  1.337208e+01
  1.359960e-01,  1.210475e+01
  1.333487e-01,  9.123523e+00
  1.315786e-01,  7.249850e+00
  1.304910e-01,  6.838380e+00
  1.299991e-01,  6.027129e+00
  1.297159e-01,  5.142027e+00
  1.298990e-01,  6.857907e+00
  1.326055e-01,  1.109399e+01
  1.375015e-01,  1.363412e+01
  1.397082e-01,  1.202897e+01
  1.367128e-01,  8.313873e+00
  1.310877e-01,  5.616775e+00
  1.279226e-01,  4.754806e+00
  1.294432e-01,  4.809881e+00
  1.326286e-01,  5.929107e+00
  1.343490e-01,  8.479562e+00
  1.351758e-01,  1.067178e+01
  1.362352e-01,  1.038557e+01
  1.369364e-01,  8.805854e+00
  1.362064e-01,  8.746812e+00
  1.350248e-01,  1.010286e+01
  1.349448e-01,  1.023691e+01
  1.354398e-01,  8.822303e+00
  1.350844e-01,  8.217992e+00
  1.336669e-01,  8.607045e+00
  1.316434e-01,  7.162026e+00
  1.289492e-01,  3.405553e+00
  1.257572e-01,  1.472004e+00
  1.242908e-01,  4.336916e+00
  1.278477e-01,  8.600662e+00
  1.333292e-01,  9.816196e+00
  1.355687e-01,  9.194222e+00
  1.345043e-01,  9.735585e+00
  1.333942e-01,  1.061152e+01
  1.327373e-01,  8.677480e+00
  1.309772e-01,  4.490056e+00
  1.283762e-01,  2.528014e+00
  1.280825e-01,  5.480195e+00
  1.329295e-01,  1.050216e+01
  1.390569e-01,  1.331263e+01
  1.409248e-01,  1.286021e+01
  1.383496e-01,  1.002112e+01
  1.343550e-01,  6.364150e+00
  1.307148e-01,  4.044359e+00
  1.281658e-01,  4.279968e+00
  1.281163e-01,  5.833319e+00
  1.306057e-01,  6.658099e+00
  1.334214e-01,  6.780990e+00
  1.346020e-01,  7.370257e+00
  1.341043e-01,  8.135379e+00
  1.328458e-01,  8.017122e+00
  1.319378e-01,  7.832220e+00
  1.327460e-01,  9.401025e+00
  1.357266e-01,  1.184096e+01
  1.382592e-01,  1.231058e+01
  1.376458e-01,  1.059279e+01
  1.354006e-01,  9.562399e+00
  1.352531e-01,  1.076623e+01
  1.378371e-01,  1.162012e+01
  1.389131e-01,  9.583681e+00
  1.359454e-01,  6.030206e+00
  1.314932e-01,  4.415155e+00
  1.303347e-01,  6.327196e+00
  1.339614e-01,  9.785673e+00
  1.378375e-01,  1.203489e+01
  1.373119e-01,  1.177343e+01
  1.335661e-01,  8.998195e+00
  1.311890e-01,  5.813767e+00
  1.317449e-01,  5.507696e+00
  1.337900e-01,  8.356289e+00
  1.357227e-01,  1.109013e+01
  1.365382e-01,  1.142259e+01
  1.370435e-01,  1.072559e+01
  1.381033e-01,  1.121582e+01
  1.391444e-01,  1.229743e+01
  1.389577e-01,  1.181280e+01
  1.378843e-01,  9.427356e+00
  1.373041e-01,  6.879812e+00
  1.367416e-01,  5.710663e+00
  1.346015e-01,  6.374073e+00
  1.318141e-01,  8.916319e+00
  1.322987e-01,  1.218898e+01
  1.371379e-01,  1.342009e+01
  1.415081e-01,  1.136585e+01
  1.403406e-01,  7.906342e+00
  1.340206e-01,  5.863748e+00
  1.283614e-01,  6.234404e+00
  1.280156e-01,  7.085538e+00
  1.309281e-01,  6.649797e+00
  1.324538e-01,  6.182841e+00
  1.319642e-01,  7.952260e+00
  1.331665e-01,  1.191564e+01
  1.373550e-01,  1.500336e+01
  1.401963e-01,  1.460718e+01
  1.382991e-01,  1.100352e+01
  1.333721e-01,  6.640418e+00
  1.290466e-01,  4.478742e+00
  1.278478e-01,  5.620644e+00
  1.301955e-01,  8.396066e+00
  1.337950e-01,  1.039012e+01
  1.355992e-01,  1.043366e+01
  1.348333e-01,  8.699330e+00
  1.334014e-01,  6.544102e+00
  1.333116e-01,  6.145277e+00
  1.349203e-01,  8.582353e+00
  1.373482e-01,  1.215599e+01
  1.384267e-01,  1.377378e+01
  1.364293e-01,  1.194426e+01
  1.324503e-01,  7.886346e+00
  1.290044e-01,  4.116770e+00
  1.276551e-01,  2.166509e+00
  1.279043e-01,  2.012688e+00
  1.280432e-01,  3.311824e+00
  1.280760e-01,  5.595845e+00
  1.294591e-01,  7.329771e+00
  1.313319e-01,  6.977309e+00
  1.312375e-01,  5.264420e+00
  1.296262e-01,  4.644984e+00
  1.302353e-01,  6.307582e+00
  1.340827e-01,  8.392532e+00
  1.363313e-01,  8.780851e+00
  1.339217e-01,  7.782886e+00
  1.307183e-01,  7.096183e+00
  1.311545e-01,  7.615719e+00
  1.335694e-01,  8.726493e+00
  1.341034e-01,  9.977177e+00
  1.339810e-01,  1.159879e+01
  1.367341e-01,  1.301805e+01
  1.401479e-01,  1.264997e+01
  1.384181e-01,  9.798171e+00
  1.317665e-01,  5.743550e+00
  1.267464e-01,  3.419967e+00
  1.276795e-01,  4.432276e+00
  1.320605e-01,  6.622061e+00
  1.343259e-01,  7.392703e+00
  1.333939e-01,  6.479137e+00
  1.323451e-01,  5.112238e+00
  1.322093e-01,  4.313855e+00
  1.311887e-01,  4.270902e+00
  1.292258e-01,  4.963869e+00
  1.290926e-01,  6.268708e+00
  1.317720e-01,  7.538405e+00
  1.340769e-01,  8.005619e+00
  1.331439e-01,  7.363281e+00
  1.306961e-01,  5.903713e+00
  1.302166e-01,  4.734704e+00
  1.319449e-01,  5.009475e+00
  1.334851e-01,  6.254044e+00
  1.333609e-01,  6.637166e+00
  1.321666e-01,  5.692125e+00
  1.314307e-01,  5.963828e+00
  1.329572e-01,  9.627471e+00
  1.375037e-01,  1.381663e+01
  1.405286e-01,  1.365325e+01
  1.382125e-01,  8.886592e+00
  1.331666e-01,  4.297489e+00
  1.300867e-01,  4.311458e+00
  1.322472e-01,  7.125697e+00
  1.364479e-01,  8.094138e+00
  1.373286e-01,  6.962986e+00
  1.347580e-01,  6.451616e+00
  1.320068e-01,  7.534800e+00
  1.308250e-01,  8.732417e+00
  1.306529e-01,  9.106118e+00
  1.311381e-01,  8.775478e+00
  1.318430e-01,  7.236514e+00
  1.315553e-01,  4.540652e+00
  1.300421e-01,  3.114001e+00
  1.294685e-01,  5.083521e+00
  1.320561e-01,  8.078663e+00
  1.349878e-01,  8.254398e+00
  1.347645e-01,  6.505736e+00
  1.327301e-01,  6.745271e+00
  1.327850e-01,  9.274016e+00
  1.345638e-01,  9.831032e+00
  1.339738e-01,  7.020056e+00
  1.311018e-01,  4.776108e+00
  1.302686e-01,  6.374288e+00
  1.341035e-01,  9.044345e+00
  1.375893e-01,  8.887839e+00
  1.358727e-01,  7.088584e+00
  1.317324e-01,  6.932764e+00
  1.310498e-01,  8.245108e+00
  1.336567e-01,  7.736631e+00
  1.343545e-01,  5.244000e+00
  1.316638e-01,  4.327809e+00
  1.300086e-01,  7.159206e+00
  1.330520e-01,  1.091744e+01
  1.368121e-01,  1.179725e+01
  1.364329e-01,  9.811585e+00
  1.328829e-01,  7.131802e+00
  1.297203e-01,  5.451558e+00
  1.285573e-01,  5.178248e+00
  1.287672e-01,  5.876727e+00
  1.294575e-01,  6.632140e+00
  1.301899e-01,  6.654957e+00
  1.309004e-01,  6.403924e+00
  1.320400e-01,  7.126597e+00
  1.339933e-01,  8.620422e+00
  1.355943e-01,  9.008840e+00
  1.350633e-01,  7.600873e+00
  1.328078e-01,  6.295500e+00
  1.311912e-01,  7.212290e+00
  1.321008e-01,  9.713513e+00
  1.345035e-01,  1.162447e+01
  1.362496e-01,  1.255593e+01
  1.372899e-01,  1.343714e+01
  1.385370e-01,  1.391881e+01
  1.391098e-01,  1.248517e+01
  1.372822e-01,  8.994864e+00
  1.333361e-01,  5.487261e+00
  1.299990e-01,  4.325999e+00
  1.303709e-01,  5.778245e+00
  1.339641e-01,  7.932716e+00
  1.366528e-01,  9.231555e+00
  1.364620e-01,  9.535384e+00
  1.358005e-01,  9.271130e+00
  1.365095e-01,  8.791119e+00
  1.363518e-01,  8.147191e+00
  1.333123e-01,  7.234651e+00
  1.304391e-01,  6.428123e+00
  1.318932e-01,  6.707631e+00
  1.358594e-01,  8.100423e+00
  1.363121e-01,  8.960316e+00
  1.320807e-01,  7.789772e+00
  1.293474e-01,  5.705084e+00
  1.321273e-01,  6.033938e+00
  1.368426e-01,  8.996220e+00
  1.377080e-01,  1.070017e+01
  1.340597e-01,  8.328055e+00
  1.312037e-01,  4.618517e+00
  1.311945e-01,  5.531202e+00
  1.331779e-01,  1.118398e+01
  1.352239e-01,  1.471196e+01
  1.343190e-01,  1.147124e+01
  1.327513e-01,  4.961213e+00
  1.315630e-01,  2.639879e+00
  1.310607e-01,  6.180463e+00
  1.327342e-01,  9.648534e+00
  1.335783e-01,  8.152754e+00
  1.317873e-01,  3.808475e+00
  1.283542e-01,  1.969627e+00
  1.263195e-01,  4.672577e+00
  1.286659e-01,  8.586148e+00
  1.334871e-01,  1.021761e+01
  1.376415e-01,  1.020712e+01
  1.400895e-01,  1.056599e+01
  1.402502e-01,  1.107696e+01
  1.372605e-01,  9.881472e+00
  1.326128e-01,  6.796468e+00
  1.297745e-01,  4.472516e+00
  1.295286e-01,  4.673303e+00
  1.291713e-01,  5.183762e+00
  1.264890e-01,  3.645980e+00
  1.239804e-01,  2.108586e+00
  1.253747e-01,  4.370789e+00
  1.307504e-01,  8.614028e+00
  1.345565e-01,  9.378279e+00
  1.336482e-01,  6.133706e+00
  1.317227e-01,  4.648034e+00
  1.329994e-01,  9.163866e+00
  1.384502e-01,  1.473540e+01
  1.412000e-01,  1.441923e+01
  1.385420e-01,  8.639138e+00
  1.348280e-01,  3.792706e+00
  1.329361e-01,  4.624969e+00
  1.347578e-01,  8.811146e+00
  1.377563e-01,  1.150197e+01
  1.376875e-01,  1.129513e+01
  1.350540e-01,  9.181124e+00
  1.333411e-01,  6.695582e+00
  1.336812e-01,  5.896175e+00
  1.343479e-01,  7.835583e+00
  1.346983e-01,  1.068483e+01
  1.353860e-01,  1.133972e+01
  1.364537e-01,  9.342692e+00
  1.364012e-01,  7.099129e+00
  1.339408e-01,  6.269655e+00
  1.311918e-01,  6.759120e+00
  1.315162e-01,  8.471118e+00
  1.349761e-01,  1.094783e+01
  1.375466e-01,  1.186435e+01
  1.359143e-01,  9.267366e+00
  1.324402e-01,  5.325609e+00
  1.308997e-01,  5.235164e+00
  1.330026e-01,  9.594786e+00
  1.364699e-01,  1.275192e+01
  1.368453e-01,  1.165366e+01
  1.356347e-01,  9.622576e+00
  1.363068e-01,  1.049456e+01
  1.383470e-01,  1.220997e+01
  1.374527e-01,  1.072968e+01
  1.335846e-01,  6.982931e+00
  1.311359e-01,  5.689932e+00
  1.322317e-01,  7.761824e+00
  1.337941e-01,  8.765254e+00
  1.319734e-01,  6.803558e+00
  1.292013e-01,  5.481791e+00
  1.301671e-01,  8.116163e+00
  1.350970e-01,  1.185565e+01
  1.378663e-01,  1.245363e+01
  1.359726e-01,  1.028205e+01
  1.341802e-01,  8.634134e+00
  1.361611e-01,  8.956520e+00
  1.392399e-01,  9.440215e+00
  1.384794e-01,  8.788049e+00
  1.343093e-01,  7.708996e+00
  1.316100e-01,  6.998253e+00
  1.324596e-01,  6.486069e+00
  1.340084e-01,  6.590251e+00
  1.341896e-01,  8.753204e+00
  1.354305e-01,  1.274171e+01
  1.388758e-01,  1.526208e+01
  1.403716e-01,  1.386269e+01
  1.374715e-01,  9.884644e+00
  1.329500e-01,  6.718764e+00
  1.307088e-01,  6.339542e+00
  1.314726e-01,  7.628924e+00
  1.326795e-01,  8.965184e+00
  1.330561e-01,  1.016566e+01
  1.337251e-01,  1.089026e+01
  1.347035e-01,  1.007522e+01
  1.349193e-01,  8.286061e+00
  1.351552e-01,  8.377491e+00
  1.378410e-01,  1.155527e+01
  1.420408e-01,  1.419443e+01
  1.416750e-01,  1.234488e+01
  1.358711e-01,  7.112002e+00
  1.306497e-01,  4.270297e+00
  1.314804e-01,  6.998813e+00
  1.377545e-01,  9.974224e+00
  1.403943e-01,  7.854993e+00
  1.355655e-01,  2.584729e+00
  1.280979e-01,  4.040033e-01
  1.249329e-01,  3.812308e+00
  1.275649e-01,  6.815522e+00
  1.288366e-01,  4.513878e+00
  1.264657e-01,  2.345330e-01
  1.248069e-01,  5.851951e-01
  1.289455e-01,  6.062098e+00
  1.363009e-01,  1.006199e+01
  1.382135e-01,  9.539678e+00
  1.345938e-01,  7.506910e+00
  1.319060e-01,  7.574503e+00
  1.329362e-01,  8.449645e+00
  1.335498e-01,  6.376282e+00
  1.306841e-01,  1.865911e+00
  1.265060e-01,  -2.508632e-01
  1.251433e-01,  2.920581e+00
  1.287107e-01,  7.734639e+00
  1.329012e-01,  9.591579e+00
  1.340868e-01,  8.876802e+00
  1.341976e-01,  8.396466e+00
  1.360330e-01,  9.195344e+00
  1.384385e-01,  1.006146e+01
  1.375391e-01,  1.014101e+01
  1.328669e-01,  9.947341e+00
  1.294057e-01,  1.043281e+01
  1.318275e-01,  1.182286e+01
  1.377486e-01,  1.292695e+01
  1.395909e-01,  1.195263e+01
  1.345816e-01,  8.088606e+00
  1.287099e-01,  3.433416e+00
  1.274420e-01,  2.442488e+00
  1.301419e-01,  5.778988e+00
  1.330842e-01,  9.074378e+00
  1.338766e-01,  9.308991e+00
  1.342277e-01,  7.860598e+00
  1.346386e-01,  7.235770e+00
  1.328914e-01,  7.021928e+00
  1.292925e-01,  5.475100e+00
  1.277028e-01,  3.353266e+00
  1.293331e-01,  3.062174e+00
  1.308302e-01,  4.371291e+00
  1.297625e-01,  5.091119e+00
  1.284897e-01,  4.923354e+00
  1.305025e-01,  5.829379e+00
  1.349412e-01,  8.379957e+00
  1.378422e-01,  1.070606e+01
  1.376776e-01,  1.146245e+01
  1.372668e-01,  1.127518e+01
  1.386896e-01,  1.122528e+01
  1.399592e-01,  1.099919e+01
  1.386815e-01,  9.668235e+00
  1.361202e-01,  7.497513e+00
  1.347458e-01,  6.063197e+00
  1.342579e-01,  6.436387e+00
  1.334279e-01,  8.016144e+00
  1.334432e-01,  9.293178e+00
  1.359129e-01,  9.209813e+00
  1.386227e-01,  8.191880e+00
  1.374539e-01,  7.617148e+00
  1.330881e-01,  8.179352e+00
  1.308043e-01,  8.658549e+00
  1.323236e-01,  7.250671e+00
  1.338652e-01,  4.821912e+00
  1.328302e-01,  4.346473e+00
  1.321756e-01,  6.928062e+00
  1.345975e-01,  9.526687e+00
  1.362300e-01,  9.133956e+00
  1.336429e-01,  6.866393e+00
  1.296337e-01,  5.617192e+00
  1.291470e-01,  6.054892e+00
  1.325538e-01,  6.547045e+00
  1.354771e-01,  6.721417e+00
  1.349746e-01,  7.316483e+00
  1.324772e-01,  7.634152e+00
  1.311280e-01,  6.628977e+00
  1.325114e-01,  6.066914e+00
  1.356602e-01,  8.423151e+00
  1.385164e-01,  1.192006e+01
  1.381431e-01,  1.215715e+01
  1.346800e-01,  8.282327e+00
  1.318963e-01,  4.979177e+00
  1.314787e-01,  6.594840e+00
  1.337437e-01,  1.077301e+01
  1.362312e-01,  1.234287e+01
  1.367634e-01,  1.057130e+01
  1.363606e-01,  8.789954e+00
  1.362365e-01,  9.233513e+00
  1.369129e-01,  1.064038e+01
  1.380189e-01,  1.109832e+01
  1.389853e-01,  1.077343e+01
  1.393727e-01,  1.090064e+01
  1.388796e-01,  1.179845e+01
  1.378579e-01,  1.262568e+01
  1.372099e-01,  1.217711e+01
  1.372869e-01,  9.822320e+00
  1.369310e-01,  6.517891e+00
  1.343602e-01,  4.656566e+00
  1.305994e-01,  5.920141e+00
  1.300182e-01,  8.671795e+00
  1.334245e-01,  9.219282e+00
  1.361567e-01,  7.214036e+00
  1.347643e-01,  5.985077e+00
  1.319410e-01,  7.755903e+00
  1.326006e-01,  1.012021e+01
  1.347793e-01,  9.331065e+00
  1.336896e-01,  6.155594e+00
  1.303331e-01,  4.661671e+00
  1.304331e-01,  6.878888e+00
  1.352824e-01,  9.708556e+00
  1.375309e-01,  9.815644e+00
  1.332365e-01,  7.658517e+00
  1.283217e-01,  5.672293e+00
  1.289033e-01,  5.449619e+00
  1.326805e-01,  6.363336e+00
  1.337988e-01,  7.417677e+00
  1.323032e-01,  8.191141e+00
  1.324867e-01,  8.090193e+00
  1.344367e-01,  6.857711e+00
  1.340797e-01,  5.416134e+00
  1.308482e-01,  5.116536e+00
  1.294562e-01,  6.361889e+00
  1.324346e-01,  7.950584e+00
  1.356892e-01,  8.463063e+00
  1.345037e-01,  7.443197e+00
  1.300152e-01,  5.045680e+00
  1.267933e-01,  2.294219e+00
  1.265084e-01,  1.319876e+00
  1.277067e-01,  3.578373e+00
  1.301282e-01,  7.673002e+00
  1.337456e-01,  9.901056e+00
  1.365369e-01,  8.391823e+00
  1.368607e-01,  5.594443e+00
  1.348592e-01,  5.308963e+00
  1.332439e-01,  7.696902e+00
  1.335436e-01,  8.753620e+00
  1.335495e-01,  6.376041e+00
  1.319508e-01,  3.711572e+00
  1.301902e-01,  4.790813e+00
  1.316061e-01,  8.805654e+00
  1.354724e-01,  1.127065e+01
  1.372919e-01,  1.077111e+01
  1.363559e-01,  9.969187e+00
  1.359977e-01,  1.118086e+01
  1.384187e-01,  1.302542e+01
  1.407890e-01,  1.273043e+01
  1.395019e-01,  1.042738e+01
  1.353776e-01,  8.940589e+00
  1.326423e-01,  1.004155e+01
  1.340663e-01,  1.162538e+01
  1.371341e-01,  1.098778e+01
  1.383810e-01,  9.204514e+00
  1.378511e-01,  9.081306e+00
  1.376725e-01,  1.053728e+01
  1.374028e-01,  1.060634e+01
  1.349156e-01,  8.433248e+00
  1.317115e-01,  6.876510e+00
  1.318582e-01,  8.093142e+00
  1.360042e-01,  9.756678e+00
  1.386770e-01,  9.171694e+00
  1.363881e-01,  7.696632e+00
  1.327648e-01,  8.412904e+00
  1.332133e-01,  1.115553e+01
  1.365034e-01,  1.229947e+01
  1.370677e-01,  1.046162e+01
  1.343941e-01,  7.820142e+00
  1.327021e-01,  6.745201e+00
  1.343291e-01,  6.989395e+00
  1.364801e-01,  7.133799e+00
  1.356937e-01,  7.352036e+00
  1.330352e-01,  8.544713e+00
  1.320588e-01,  1.014350e+01
  1.335198e-01,  1.060786e+01
  1.354345e-01,  9.733618e+00
  1.365114e-01,  8.541334e+00
  1.365908e-01,  7.730852e+00
  1.354232e-01,  7.492720e+00
  1.333724e-01,  7.941399e+00
  1.321894e-01,  8.555135e+00
  1.327195e-01,  8.176373e+00
  1.335388e-01,  7.004943e+00
  1.336803e-01,  7.026224e+00
  1.344934e-01,  8.841765e+00
  1.358331e-01,  9.694885e+00
  1.341024e-01,  7.358096e+00
  1.291197e-01,  4.170890e+00
  1.261593e-01,  4.921545e+00
  1.304162e-01,  9.530142e+00
  1.381027e-01,  1.232097e+01
  1.406489e-01,  1.119967e+01
  1.384327e-01,  9.306706e+00
  1.371044e-01,  9.846620e+00
  1.376091e-01,  1.120306e+01
  1.357464e-01,  9.515869e+00
  1.317096e-01,  4.655021e+00
  1.298009e-01,  1.251773e+00
  1.304231e-01,  3.282924e+00
  1.328158e-01,  9.103954e+00
  1.367078e-01,  1.383825e+01
  1.402920e-01,  1.432533e+01
  1.408068e-01,  1.120081e+01
  1.367507e-01,  7.521729e+00
  1.311617e-01,  6.594088e+00
  1.307218e-01,  9.353584e+00
  1.368905e-01,  1.244470e+01
  1.417261e-01,  1.246680e+01
  1.393119e-01,  9.799084e+00
  1.334599e-01,  7.467260e+00
  1.313159e-01,  8.206867e+00
  1.348691e-01,  1.085575e+01
  1.387223e-01,  1.210455e+01
  1.376266e-01,  1.094054e+01
  1.335946e-01,  8.794529e+00
  1.320232e-01,  7.434175e+00
  1.341382e-01,  6.983554e+00
  1.359169e-01,  6.623871e+00
  1.344271e-01,  6.676855e+00
  1.322154e-01,  8.107488e+00
  1.327544e-01,  9.970454e+00
  1.340568e-01,  9.554360e+00
  1.324861e-01,  6.201729e+00
  1.294099e-01,  2.950930e+00
  1.283791e-01,  3.461223e+00
  1.306059e-01,  6.776177e+00
  1.333357e-01,  8.739687e+00
  1.345266e-01,  8.330807e+00
  1.359426e-01,  8.231481e+00
  1.381764e-01,  9.780511e+00
  1.387254e-01,  1.064933e+01
  1.362212e-01,  9.042686e+00
  1.334993e-01,  7.147559e+00
  1.330666e-01,  8.039195e+00
  1.345159e-01,  1.012289e+01
  1.354461e-01,  9.392183e+00
  1.351745e-01,  6.192347e+00
  1.343579e-01,  5.310810e+00
  1.336024e-01,  8.668488e+00
  1.333268e-01,  1.143955e+01
  1.314434e-01,  8.736060e+00
  1.287895e-01,  3.263010e+00
  1.272490e-01,  2.774742e+00
  1.303260e-01,  9.288988e+00
  1.389885e-01,  1.516900e+01
  1.438371e-01,  1.474611e+01
  1.408106e-01,  1.049135e+01
  1.353005e-01,  8.162382e+00
  1.337813e-01,  9.959522e+00
  1.368333e-01,  1.183221e+01
  1.383189e-01,  1.054840e+01
  1.358032e-01,  8.131011e+00
  1.331811e-01,  8.391814e+00
  1.346925e-01,  1.165298e+01
  1.387013e-01,  1.421799e+01
  1.398057e-01,  1.350922e+01
  1.374643e-01,  1.019785e+01
  1.353432e-01,  6.988135e+00
  1.349362e-01,  6.278101e+00
  1.351401e-01,  7.856446e+00
  1.350951e-01,  9.376887e+00
  1.349170e-01,  9.024971e+00
  1.348687e-01,  7.522603e+00
  1.343829e-01,  6.976533e+00
  1.333370e-01,  7.913668e+00
  1.328129e-01,  8.664811e+00
  1.331938e-01,  7.879873e+00
  1.334768e-01,  6.323985e+00
  1.326593e-01,  5.367118e+00
  1.315056e-01,  5.185474e+00
  1.316864e-01,  5.275252e+00
  1.332418e-01,  5.683526e+00
  1.344006e-01,  6.781167e+00
  1.341921e-01,  8.561303e+00
  1.342213e-01,  1.077318e+01
  1.366415e-01,  1.278281e+01
  1.401023e-01,  1.306161e+01
  1.401683e-01,  1.024401e+01
  1.356171e-01,  5.350521e+00
  1.302785e-01,  2.721686e+00
  1.292374e-01,  5.959061e+00
  1.346597e-01,  1.143357e+01
  1.395364e-01,  1.258436e+01
  1.377767e-01,  8.798613e+00
  1.331765e-01,  5.306254e+00
  1.317022e-01,  7.072113e+00
  1.355430e-01,  1.145128e+01
  1.385449e-01,  1.231289e+01
  1.355175e-01,  9.032716e+00
  1.307232e-01,  6.231564e+00
  1.308093e-01,  7.594233e+00
  1.367675e-01,  1.037491e+01
  1.409793e-01,  1.045447e+01
  1.380762e-01,  8.304296e+00
  1.324676e-01,  6.890980e+00
  1.311849e-01,  7.305826e+00
  1.342030e-01,  7.618421e+00
  1.357253e-01,  7.122281e+00
  1.341003e-01,  7.463092e+00
  1.332763e-01,  8.781301e+00
  1.339945e-01,  8.029327e+00
  1.321098e-01,  3.588125e+00
  1.271281e-01,  -1.118755e+00
  1.235458e-01,  -2.235937e-01
  1.271807e-01,  6.551237e+00
  1.354581e-01,  1.187486e+01
  1.378369e-01,  1.130971e+01
  1.334942e-01,  6.645950e+00
  1.295555e-01,  3.083425e+00
  1.292725e-01,  4.163598e+00
  1.317268e-01,  7.704034e+00
  1.343518e-01,  9.754443e+00
  1.360827e-01,  9.629971e+00
  1.374693e-01,  9.253600e+00
  1.379403e-01,  9.468683e+00
  1.363281e-01,  9.072700e+00
  1.332202e-01,  7.625112e+00
  1.311461e-01,  6.921791e+00
  1.317618e-01,  7.936794e+00
  1.334065e-01,  8.303737e+00
  1.326480e-01,  5.973634e+00
  1.296658e-01,  3.279080e+00
  1.282524e-01,  4.848006e+00
  1.325432e-01,  1.051916e+01
  1.400378e-01,  1.439957e+01
  1.428931e-01,  1.334483e+01
  1.401137e-01,  9.515556e+00
  1.361809e-01,  6.785433e+00
  1.342803e-01,  6.494226e+00
  1.348467e-01,  7.067249e+00
  1.364369e-01,  7.782824e+00
  1.376381e-01,  9.591233e+00
  1.382031e-01,  1.221569e+01
  1.385268e-01,  1.344415e+01
  1.387968e-01,  1.217041e+01
  1.386407e-01,  1.027765e+01
  1.374664e-01,  1.020023e+01
  1.368164e-01,  1.172377e+01
  1.381274e-01,  1.210460e+01
  1.385902e-01,  9.321439e+00
  1.346289e-01,  4.123335e+00
  1.276878e-01,  -4.080811e-01
  1.233969e-01,  -4.159716e-01
  1.259960e-01,  4.268579e+00
  1.324848e-01,  8.883883e+00
  1.357583e-01,  1.019526e+01
  1.352241e-01,  9.068613e+00
  1.347070e-01,  8.036204e+00
  1.345077e-01,  8.064579e+00
  1.328335e-01,  8.078945e+00
  1.311865e-01,  7.426129e+00
  1.325957e-01,  6.761772e+00
  1.356219e-01,  6.373132e+00
  1.357281e-01,  5.653562e+00
  1.324022e-01,  4.874620e+00
  1.302269e-01,  5.773117e+00
  1.327599e-01,  8.915028e+00
  1.379813e-01,  1.168595e+01
  1.403909e-01,  1.120684e+01
  1.379083e-01,  7.432903e+00
  1.331828e-01,  3.470106e+00
  1.297935e-01,  3.146879e+00
  1.310729e-01,  6.617572e+00
  1.360427e-01,  9.764533e+00
  1.381515e-01,  9.790607e+00
  1.348528e-01,  7.881401e+00
  1.312958e-01,  6.851277e+00
  1.325346e-01,  7.627643e+00
  1.360620e-01,  8.414704e+00
  1.360516e-01,  8.281579e+00
  1.333609e-01,  8.440157e+00
  1.337782e-01,  9.583496e+00
  1.372284e-01,  9.854954e+00
  1.369627e-01,  7.558462e+00
  1.311922e-01,  3.924000e+00
  1.261928e-01,  2.498091e+00
  1.274815e-01,  4.976297e+00
  1.330993e-01,  8.405214e+00
  1.366368e-01,  1.001446e+01
  1.364961e-01,  1.023574e+01
  1.356331e-01,  1.044337e+01
  1.351634e-01,  1.041287e+01
  1.342574e-01,  9.054478e+00
  1.338847e-01,  7.051311e+00
  1.353165e-01,  6.589231e+00
  1.370454e-01,  7.887140e+00
  1.365513e-01,  8.572881e+00
  1.342554e-01,  7.245058e+00
  1.331887e-01,  5.713916e+00
  1.337124e-01,  6.071196e+00
  1.331750e-01,  6.780923e+00
  1.301809e-01,  5.010131e+00
  1.272457e-01,  1.836690e+00
  1.265162e-01,  2.108538e+00
  1.281933e-01,  7.088773e+00
  1.313659e-01,  1.148661e+01
  1.331340e-01,  1.082536e+01
  1.340118e-01,  7.390932e+00
  1.352012e-01,  6.626384e+00
  1.365088e-01,  9.160691e+00
  1.370093e-01,  1.040097e+01
  1.354818e-01,  8.137597e+00
  1.333647e-01,  6.207492e+00
  1.331798e-01,  8.883140e+00
  1.367731e-01,  1.358785e+01
  1.392722e-01,  1.406896e+01
  1.353667e-01,  8.716479e+00
  1.286300e-01,  1.684864e+00
  1.248597e-01,  -8.044094e-01
  1.268310e-01,  2.501411e+00
  1.314612e-01,  6.547177e+00
  1.319239e-01,  7.580379e+00
  1.291948e-01,  6.345482e+00
  1.300508e-01,  5.827331e+00
  1.351645e-01,  7.428831e+00
  1.382056e-01,  9.725368e+00
  1.360287e-01,  1.109806e+01
  1.333946e-01,  1.095079e+01
  1.344350e-01,  9.557078e+00
  1.361932e-01,  7.681630e+00
  1.353203e-01,  6.411382e+00
  1.346425e-01,  7.075820e+00
  1.374927e-01,  9.545705e+00
  1.402195e-01,  1.135426e+01
  1.375958e-01,  1.033114e+01
  1.325976e-01,  6.804706e+00
  1.307699e-01,  3.680636e+00
  1.301334e-01,  2.876870e+00
  1.268214e-01,  3.055025e+00
  1.241737e-01,  2.683183e+00
  1.274776e-01,  2.603255e+00
  1.327335e-01,  3.940059e+00
  1.317067e-01,  5.700803e+00
  1.269565e-01,  6.635621e+00
  1.295022e-01,  7.532157e+00
  1.390614e-01,  9.381585e+00
  1.410378e-01,  9.791782e+00
  1.306850e-01,  5.178342e+00
  1.249556e-01,  -2.031596e+00
  1.310248e-01,  -1.118484e+00
  1.373085e-01,  7.872382e+00
  1.346966e-01,  1.384811e+01
  1.296616e-01,  9.675628e+00
  1.366646e-01,  4.162884e+00
  1.413635e-01,  7.881058e+00
  1.310398e-01,  1.371303e+01
  1.211856e-01,  8.726321e+00
  1.350817e-01,  1.232791e+00
  1.475765e-01,  7.832147e+00
  1.349352e-01,  1.929405e+01
  1.133331e-01,  1.253343e+01
  1.329336e-01,  -5.623301e+00
  1.546926e-01,  2.932564e+00
  1.444368e-01,  2.708855e+01
  1.135028e-01,  2.755170e+01
  1.374695e-01,  -1.073973e+01
  1.742276e-01,  -7.614489e+00
  1.487316e-01,  3.302762e+01
  1.181209e-01,  5.560147e+01
  1.287601e-01,  -1.759702e+01
  2.166013e-01,  -2.437332e+01
  1.407520e-01,  3.326887e+01
  1.678500e-01,  8.888254e+01
  1.021684e-01,  -2.553000e+01
  3.077979e-01,  -4.144854e+01
  1.075834e-01,  3.349337e+01
  3.544251e-01,  1.095847e+02
  9.076328e-02,  2.647950e+01
  5.402425e-01,  -4.355408e+01
  9.234062e-02,  -2.324259e+01
  7.221841e-01,  1.262513e+02
  1.965403e-01,  8.327369e+01
  1.124127e+00,  -4.025752e+01
  1.380302e-01,  -8.973377e+01
  2.185216e+00,  1.379583e+02
  9.392292e-01,  -3.109524e+01
  6.612117e+00,  1.448152e+02
  2.206473e+01,  1.426596e+02
  2.323925e+01,  1.434630e+02
  2.081276e+01,  1.486674e+02
  2.049933e+01,  1.486408e+02
  1.887758e+01,  1.473830e+02
  1.425124e+01,  1.510770e+02
  1.013521e+01,  1.551678e+02
  7.844785e+00,  1.415983e+02
  5.143788e+00,  1.083210e+02
  4.260286e+00,  1.566158e+01
  9.790842e+00,  -1.718709e+01
  1.466500e+01,  -1.794984e+01
  1.935928e+01,  -1.902137e+01
  2.391137e+01,  -2.402217e+01
  2.606686e+01,  -2.568711e+01
  2.519259e+01,  -2.278883e+01
  2.359147e+01,  -2.412334e+01
  2.152774e+01,  -3.445282e+01
  1.757997e+01,  -4.523190e+01
  1.248240e+01,  -4.838480e+01
  9.241213e+00,  -4.838907e+01
  6.947571e+00,  -5.206924e+01
  3.772898e+00,  -2.777900e+01
  5.185600e+00,  3.251185e+01
  7.889173e+00,  3.781260e+01
  1.012539e+01,  3.583330e+01
  1.323920e+01,  3.715706e+01
  1.606811e+01,  3.558051e+01
  1.802621e+01,  3.119557e+01
  1.965137e+01,  2.968741e+01
  2.064344e+01,  3.175986e+01
  2.052233e+01,  3.318132e+01
  1.932767e+01,  3.217852e+01
  1.750189e+01,  3.107972e+01
  1.538013e+01,  3.102867e+01
  1.309218e+01,  2.945565e+01
  1.048496e+01,  2.510545e+01
  7.704750e+00,  1.666256e+01
  5.970521e+00,  -3.793607e+00
  5.706418e+00,  -3.164998e+01
  5.476837e+00,  -6.362055e+01
  6.830954e+00,  -8.794027e+01
  9.318495e+00,  -8.187107e+01
  1.096654e+01,  -7.127040e+01
  1.065072e+01,  -6.693697e+01
  1.143403e+01,  -5.767808e+01
  1.457218e+01,  -4.509057e+01
  1.613965e+01,  -3.682542e+01
  1.600464e+01,  -3.208208e+01
  1.754135e+01,  -3.197161e+01
  1.886097e+01,  -3.305438e+01
  1.682312e+01,  -3.351078e+01
  1.466669e+01,  -3.697130e+01
  1.471013e+01,  -4.279216e+01
  1.320790e+01,  -4.781327e+01
  9.876887e+00,  -5.538453e+01
  8.844640e+00,  -6.262898e+01
  8.969681e+00,  -6.650103e+01
  6.841925e+00,  -8.318165e+01
  5.618230e+00,  -1.254533e+02
  7.033347e+00,  -1.537410e+02
  9.626799e+00,  -1.712315e+02
  1.329261e+01,  1.780486e+02
  1.594877e+01,  1.738465e+02
  1.706621e+01,  1.705665e+02
  1.718659e+01,  1.662004e+02
  1.669714e+01,  1.619690e+02
  1.599393e+01,  1.573010e+02
  1.517525e+01,  1.509058e+02
  1.468204e+01,  1.449786e+02
  1.484000e+01,  1.428886e+02
  1.486522e+01,  1.430883e+02
  1.363608e+01,  1.428956e+02
  1.122656e+01,  1.440754e+02
  8.778541e+00,  1.509132e+02
  6.654622e+00,  1.635533e+02
  3.984814e+00,  -1.693097e+02
  4.314275e+00,  -1.116149e+02
  7.650766e+00,  -1.128833e+02
  1.112055e+01,  -1.270102e+02
  1.315430e+01,  -1.280725e+02
  1.525347e+01,  -1.237280e+02
  1.850810e+01,  -1.264339e+02
  1.993301e+01,  -1.303742e+02
  1.842045e+01,  -1.280765e+02
  1.725051e+01,  -1.230698e+02
  1.623056e+01,  -1.252521e+02
  1.311479e+01,  -1.321421e+02
  9.718130e+00,  -1.342909e+02
  8.958497e+00,  -1.351134e+02
  1.087301e+01,  -1.503028e+02
  1.421740e+01,  -1.639467e+02
  1.580393e+01,  -1.636137e+02
  1.700828e+01,  -1.561614e+02
  2.266360e+01,  -1.601033e+02
  2.170470e+01,  -1.701273e+02
  1.346991e+01,  1.644534e+01
  3.746193e+00,  -1.712432e+02
##END=