##TITLE= twqubit_encoding3_H_nobufferfix1
##JCAMP-DX= 5.00 Bruker JCAMP library
##DATA TYPE= Shape Data
##ORIGIN= Colm Fixed Pulses 
##OWNER= d29lu
##DATE= 12-May-2015
##TIME= 17:2
##MINX= 1.092200e-01
##MAXX= 3.051533e+01
##MINY= 1.166000e+00
##MAXY= 3.567245e+02
##$SHAPE_EXMODE= None
##$SHAPE_TOTROT= 9.000000e+01
##$SHAPE_BWFAC= 1.000000e+00
##$SHAPE_INTEGFAC= 1.000000e+00
##$SHAPE_MODE= 1
##NPOINTS= 736
##XYPOINTS= (XY..XY)
  9.627746e-01,  1.923364e+02
  8.435303e+00,  1.094981e+02
  1.567704e+01,  8.980572e+01
  1.410354e+01,  5.079930e+01
  1.356855e+01,  7.056255e+00
  1.686029e+01,  3.317732e+02
  2.100991e+01,  3.104676e+02
  2.474142e+01,  2.953446e+02
  2.788427e+01,  2.817687e+02
  3.008233e+01,  2.716562e+02
  3.051533e+01,  2.662101e+02
  2.937044e+01,  2.653148e+02
  2.690331e+01,  2.675239e+02
  2.333061e+01,  2.705052e+02
  1.946577e+01,  2.728092e+02
  1.704708e+01,  2.750279e+02
  1.568556e+01,  2.776914e+02
  1.453161e+01,  2.809459e+02
  1.323574e+01,  2.858213e+02
  1.174518e+01,  2.928420e+02
  1.034127e+01,  3.020468e+02
  9.058741e+00,  3.118794e+02
  7.157423e+00,  3.212239e+02
  4.173777e+00,  3.328893e+02
  9.834239e-01,  4.788458e+01
  5.134140e+00,  1.381003e+02
  1.083075e+01,  1.460387e+02
  1.607020e+01,  1.469626e+02
  1.954757e+01,  1.456229e+02
  2.142423e+01,  1.444875e+02
  2.208199e+01,  1.438873e+02
  2.071038e+01,  1.415814e+02
  1.806537e+01,  1.379596e+02
  1.483785e+01,  1.351990e+02
  1.034900e+01,  1.291371e+02
  6.091707e+00,  1.066165e+02
  4.577914e+00,  5.848069e+01
  6.025183e+00,  1.516963e+01
  9.313597e+00,  3.534267e+02
  1.268728e+01,  3.436759e+02
  1.441588e+01,  3.354922e+02
  1.460927e+01,  3.242029e+02
  1.431678e+01,  3.092495e+02
  1.446429e+01,  2.921116e+02
  1.491667e+01,  2.762253e+02
  1.539583e+01,  2.643679e+02
  1.539652e+01,  2.595961e+02
  1.511476e+01,  2.638590e+02
  1.538875e+01,  2.747851e+02
  1.638652e+01,  2.886610e+02
  1.724629e+01,  3.046875e+02
  1.865575e+01,  3.218643e+02
  2.062423e+01,  3.330736e+02
  2.228114e+01,  3.361320e+02
  2.265049e+01,  3.313197e+02
  2.204956e+01,  3.196654e+02
  2.112338e+01,  3.036531e+02
  1.981932e+01,  2.856420e+02
  1.833167e+01,  2.675830e+02
  1.646182e+01,  2.488012e+02
  1.439619e+01,  2.307651e+02
  1.192951e+01,  2.159770e+02
  8.876364e+00,  2.066889e+02
  5.463199e+00,  1.994766e+02
  2.117357e+00,  1.655093e+02
  3.490730e+00,  6.574825e+01
  7.524813e+00,  4.349107e+01
  1.147574e+01,  3.635635e+01
  1.474232e+01,  3.839005e+01
  1.607328e+01,  4.668338e+01
  1.570727e+01,  5.691442e+01
  1.449198e+01,  7.042972e+01
  1.294605e+01,  9.403950e+01
  1.418156e+01,  1.293884e+02
  1.889462e+01,  1.504717e+02
  2.279673e+01,  1.560050e+02
  2.401099e+01,  1.546987e+02
  2.255553e+01,  1.478697e+02
  1.981440e+01,  1.333821e+02
  1.851859e+01,  1.120602e+02
  1.934181e+01,  9.080602e+01
  2.079629e+01,  7.345915e+01
  2.124726e+01,  6.263177e+01
  1.966078e+01,  5.836786e+01
  1.755016e+01,  6.430830e+01
  1.802780e+01,  7.665122e+01
  2.164817e+01,  8.538580e+01
  2.557309e+01,  8.627621e+01
  2.745695e+01,  8.273716e+01
  2.720697e+01,  7.616635e+01
  2.585698e+01,  6.987585e+01
  2.278213e+01,  6.259055e+01
  1.836398e+01,  5.899155e+01
  1.471888e+01,  6.466778e+01
  1.374436e+01,  8.624605e+01
  1.524881e+01,  1.093344e+02
  1.942735e+01,  1.287229e+02
  2.370958e+01,  1.400288e+02
  1.837131e+01,  1.553477e+02
  4.077908e+00,  2.886213e+02
  9.198840e-01,  6.521670e+01
  1.092200e-01,  3.097020e+01
  1.792173e-01,  1.013261e+02
  1.773703e-01,  2.232969e+01
  2.061044e-01,  1.025270e+02
  1.779866e-01,  2.089887e+01
  2.014589e-01,  9.726486e+01
  1.654320e-01,  2.657660e+01
  1.822127e-01,  9.685052e+01
  1.650036e-01,  3.107236e+01
  1.833422e-01,  9.434236e+01
  1.520420e-01,  3.268921e+01
  1.671634e-01,  8.405302e+01
  1.412146e-01,  4.840191e+01
  1.643622e-01,  7.762859e+01
  1.521337e-01,  5.582620e+01
  1.476403e-01,  7.845188e+01
  1.387469e-01,  6.020746e+01
  1.473664e-01,  6.614848e+01
  1.385119e-01,  6.879899e+01
  1.468882e-01,  5.980040e+01
  1.478618e-01,  6.994321e+01
  1.570335e-01,  6.026597e+01
  1.481254e-01,  7.152091e+01
  1.592419e-01,  5.831658e+01
  1.535968e-01,  8.018458e+01
  1.463161e-01,  5.249202e+01
  1.510564e-01,  7.419429e+01
  1.345658e-01,  6.148965e+01
  1.557595e-01,  7.493767e+01
  1.446831e-01,  5.593383e+01
  1.602372e-01,  8.099887e+01
  1.417660e-01,  5.289206e+01
  1.518416e-01,  7.249490e+01
  1.498663e-01,  6.298079e+01
  1.514943e-01,  6.700440e+01
  1.442234e-01,  5.842839e+01
  1.512424e-01,  7.141823e+01
  1.448653e-01,  6.406232e+01
  1.485984e-01,  7.022763e+01
  1.365114e-01,  6.501470e+01
  1.415328e-01,  6.274968e+01
  1.516515e-01,  6.579976e+01
  1.473018e-01,  6.487516e+01
  1.451323e-01,  6.983421e+01
  1.571001e-01,  5.834713e+01
  1.611627e-01,  7.185750e+01
  1.316135e-01,  6.058744e+01
  1.541357e-01,  7.088416e+01
  1.518495e-01,  6.350824e+01
  1.404167e-01,  6.841193e+01
  1.568619e-01,  5.846011e+01
  1.476119e-01,  7.494620e+01
  1.401757e-01,  6.331177e+01
  1.508546e-01,  7.104677e+01
  1.616473e-01,  6.504894e+01
  1.470408e-01,  6.946848e+01
  1.461892e-01,  6.091905e+01
  1.638063e-01,  6.518910e+01
  1.380703e-01,  6.149564e+01
  1.491985e-01,  6.510960e+01
  1.526565e-01,  6.189159e+01
  1.493461e-01,  6.672173e+01
  1.441028e-01,  6.440778e+01
  1.638867e-01,  6.518979e+01
  1.421550e-01,  7.007417e+01
  1.497598e-01,  5.785332e+01
  1.575470e-01,  6.785320e+01
  1.488349e-01,  6.722133e+01
  1.560979e-01,  6.463433e+01
  1.449067e-01,  6.360922e+01
  1.487252e-01,  7.309609e+01
  1.499364e-01,  6.103405e+01
  1.568052e-01,  6.911426e+01
  1.392235e-01,  6.614351e+01
  1.598728e-01,  6.711664e+01
  1.484727e-01,  6.027881e+01
  1.396639e-01,  7.360931e+01
  1.523810e-01,  5.959124e+01
  1.624819e-01,  7.185995e+01
  1.403122e-01,  6.621287e+01
  1.451784e-01,  6.423795e+01
  1.555891e-01,  6.839591e+01
  1.440357e-01,  6.257012e+01
  1.486119e-01,  6.743548e+01
  1.566463e-01,  6.206158e+01
  1.500431e-01,  6.884553e+01
  1.443917e-01,  6.223229e+01
  1.582057e-01,  6.499402e+01
  1.518005e-01,  6.666270e+01
  1.538284e-01,  6.792207e+01
  1.510690e-01,  6.364109e+01
  1.432672e-01,  6.794425e+01
  1.419021e-01,  6.718694e+01
  1.432728e-01,  6.787073e+01
  1.322970e-01,  6.814956e+01
  1.411910e-01,  6.590873e+01
  1.525028e-01,  6.286346e+01
  1.429356e-01,  6.948696e+01
  1.548062e-01,  6.008739e+01
  1.543904e-01,  6.790646e+01
  1.440642e-01,  6.494755e+01
  1.489212e-01,  6.544012e+01
  1.532335e-01,  6.394171e+01
  1.476518e-01,  6.421679e+01
  1.438516e-01,  6.482704e+01
  1.561955e-01,  6.259673e+01
  1.439533e-01,  6.937512e+01
  1.424498e-01,  6.432172e+01
  1.548560e-01,  6.281047e+01
  1.501212e-01,  6.887372e+01
  1.353348e-01,  6.616030e+01
  1.595922e-01,  6.148700e+01
  1.516888e-01,  6.649700e+01
  1.328436e-01,  5.998171e+01
  1.561511e-01,  6.771878e+01
  1.567703e-01,  6.648683e+01
  1.348620e-01,  6.199481e+01
  1.490249e-01,  6.193089e+01
  1.532241e-01,  6.910704e+01
  1.333285e-01,  6.448491e+01
  1.438384e-01,  6.558135e+01
  1.405904e-01,  6.659818e+01
  1.520386e-01,  6.804212e+01
  1.495072e-01,  6.522180e+01
  1.528489e-01,  6.872963e+01
  1.442215e-01,  6.732550e+01
  1.495326e-01,  6.124361e+01
  1.521317e-01,  6.708346e+01
  1.371303e-01,  6.719803e+01
  1.547563e-01,  5.921378e+01
  1.572263e-01,  6.464242e+01
  1.257617e-01,  7.314107e+01
  1.579346e-01,  6.347755e+01
  1.570657e-01,  6.761730e+01
  1.459501e-01,  6.723189e+01
  1.599068e-01,  6.725847e+01
  1.517961e-01,  6.608177e+01
  1.382459e-01,  6.612948e+01
  1.504960e-01,  6.032539e+01
  1.547302e-01,  6.841514e+01
  1.323939e-01,  6.609368e+01
  1.629692e-01,  5.904172e+01
  1.446107e-01,  6.796261e+01
  1.492622e-01,  6.769044e+01
  1.457700e-01,  6.452175e+01
  1.518589e-01,  6.538767e+01
  1.346447e-01,  7.086104e+01
  1.544810e-01,  6.318283e+01
  1.467184e-01,  6.513475e+01
  1.407280e-01,  6.757200e+01
  1.527167e-01,  6.030083e+01
  1.520525e-01,  7.062888e+01
  1.379599e-01,  6.547114e+01
  1.468439e-01,  6.248758e+01
  1.534838e-01,  6.887733e+01
  1.368175e-01,  7.289729e+01
  1.464505e-01,  6.417853e+01
  1.496051e-01,  6.485101e+01
  1.441686e-01,  6.575193e+01
  1.376874e-01,  6.453148e+01
  1.561518e-01,  6.599440e+01
  1.402476e-01,  7.024648e+01
  1.380039e-01,  6.213392e+01
  1.569948e-01,  6.766081e+01
  1.471410e-01,  7.143598e+01
  1.279645e-01,  6.623820e+01
  1.636342e-01,  6.499716e+01
  4.603912e-01,  1.391943e+02
  7.378470e+00,  2.179886e+02
  1.381996e+01,  2.013398e+02
  1.400076e+01,  1.791123e+02
  1.306897e+01,  1.776029e+02
  1.181786e+01,  1.741570e+02
  1.057873e+01,  1.640818e+02
  9.869859e+00,  1.499070e+02
  9.997266e+00,  1.364870e+02
  1.105387e+01,  1.236875e+02
  1.289188e+01,  1.114600e+02
  1.511838e+01,  1.009624e+02
  1.704315e+01,  9.383324e+01
  1.826462e+01,  8.865050e+01
  1.829928e+01,  8.367285e+01
  1.716435e+01,  7.725189e+01
  1.523330e+01,  6.972082e+01
  1.304147e+01,  6.355348e+01
  1.081753e+01,  6.239090e+01
  8.866546e+00,  6.553527e+01
  7.276920e+00,  7.272191e+01
  6.220349e+00,  8.549414e+01
  6.381659e+00,  1.026911e+02
  7.714160e+00,  1.153972e+02
  8.965894e+00,  1.226523e+02
  9.623414e+00,  1.287885e+02
  1.007565e+01,  1.351046e+02
  1.089364e+01,  1.399287e+02
  1.178126e+01,  1.427636e+02
  1.238724e+01,  1.444892e+02
  1.264086e+01,  1.459072e+02
  1.264366e+01,  1.478259e+02
  1.218884e+01,  1.501175e+02
  1.112644e+01,  1.521956e+02
  9.771461e+00,  1.531820e+02
  8.746670e+00,  1.520830e+02
  8.249453e+00,  1.485008e+02
  8.083473e+00,  1.442532e+02
  8.365932e+00,  1.402111e+02
  9.295989e+00,  1.382100e+02
  1.052406e+01,  1.380346e+02
  1.146874e+01,  1.396910e+02
  1.189297e+01,  1.439138e+02
  1.181449e+01,  1.502805e+02
  1.128391e+01,  1.584230e+02
  1.035361e+01,  1.689066e+02
  9.362369e+00,  1.835038e+02
  8.863338e+00,  2.027953e+02
  9.257630e+00,  2.240940e+02
  1.064983e+01,  2.421643e+02
  1.252054e+01,  2.545013e+02
  1.441946e+01,  2.616414e+02
  1.588391e+01,  2.660627e+02
  1.637045e+01,  2.690326e+02
  1.587349e+01,  2.701145e+02
  1.493729e+01,  2.694822e+02
  1.361118e+01,  2.669223e+02
  1.154100e+01,  2.631568e+02
  8.972365e+00,  2.559945e+02
  6.438281e+00,  2.438845e+02
  4.271506e+00,  2.206637e+02
  3.774234e+00,  1.796975e+02
  5.118948e+00,  1.553649e+02
  6.663875e+00,  1.467662e+02
  7.644862e+00,  1.404005e+02
  7.972156e+00,  1.327445e+02
  7.688704e+00,  1.239580e+02
  6.928188e+00,  1.128983e+02
  6.233428e+00,  9.766899e+01
  6.063861e+00,  8.209963e+01
  6.265980e+00,  6.977455e+01
  6.581547e+00,  6.213510e+01
  6.949642e+00,  5.935190e+01
  7.453312e+00,  6.071766e+01
  8.041668e+00,  6.377325e+01
  8.195577e+00,  6.744534e+01
  7.769723e+00,  7.195078e+01
  7.407699e+00,  7.839131e+01
  7.524408e+00,  8.492992e+01
  7.812475e+00,  8.958280e+01
  8.056373e+00,  9.313731e+01
  8.281298e+00,  9.552224e+01
  8.293599e+00,  9.361645e+01
  7.967741e+00,  8.414228e+01
  7.640503e+00,  7.171642e+01
  7.415004e+00,  6.176572e+01
  7.293256e+00,  5.250496e+01
  7.341632e+00,  4.111322e+01
  7.401981e+00,  3.064214e+01
  7.424745e+00,  2.518185e+01
  7.566703e+00,  2.478411e+01
  7.819771e+00,  2.535962e+01
  7.979663e+00,  2.541501e+01
  7.975398e+00,  2.553050e+01
  8.086043e+00,  2.468073e+01
  8.416434e+00,  2.233627e+01
  9.058280e+00,  1.921893e+01
  9.995640e+00,  1.559537e+01
  1.109413e+01,  1.174301e+01
  1.212515e+01,  7.875838e+00
  1.315122e+01,  4.284592e+00
  1.446084e+01,  2.314014e+00
  1.552231e+01,  2.751760e+00
  1.540203e+01,  3.949503e+00
  1.405889e+01,  4.793671e+00
  1.232523e+01,  6.124703e+00
  1.079595e+01,  8.352099e+00
  9.515102e+00,  1.258627e+01
  8.362387e+00,  2.132456e+01
  7.609458e+00,  3.444918e+01
  7.601528e+00,  4.798197e+01
  8.385041e+00,  5.912054e+01
  9.433925e+00,  6.715834e+01
  1.026396e+01,  7.265399e+01
  1.080677e+01,  7.594785e+01
  1.121236e+01,  7.647072e+01
  1.105225e+01,  7.457166e+01
  9.581279e+00,  7.093906e+01
  7.294880e+00,  6.518560e+01
  5.599955e+00,  5.875838e+01
  4.982244e+00,  5.527843e+01
  4.731479e+00,  5.586731e+01
  4.424965e+00,  6.064724e+01
  4.134236e+00,  7.180333e+01
  4.019107e+00,  8.844861e+01
  4.049427e+00,  1.038036e+02
  4.104831e+00,  1.148460e+02
  4.115307e+00,  1.250064e+02
  4.103800e+00,  1.409327e+02
  4.652896e+00,  1.633714e+02
  5.563921e+00,  1.783693e+02
  5.761088e+00,  1.832563e+02
  5.368805e+00,  1.824796e+02
  5.065938e+00,  1.811801e+02
  4.557148e+00,  1.792610e+02
  3.366509e+00,  1.694359e+02
  2.000460e+00,  1.349111e+02
  2.144471e+00,  6.597321e+01
  4.039936e+00,  3.738152e+01
  5.934484e+00,  3.007702e+01
  6.913776e+00,  2.713749e+01
  6.761684e+00,  2.530064e+01
  5.693175e+00,  2.544325e+01
  3.952491e+00,  2.735696e+01
  1.642838e+00,  3.432662e+01
  1.136339e+00,  1.749776e+02
  3.287810e+00,  1.936121e+02
  4.518436e+00,  1.986200e+02
  5.227783e+00,  2.024079e+02
  6.121885e+00,  2.051888e+02
  7.455230e+00,  2.052540e+02
  8.977923e+00,  2.046575e+02
  1.032503e+01,  2.049234e+02
  1.140249e+01,  2.054725e+02
  1.244490e+01,  2.031972e+02
  1.348054e+01,  1.979704e+02
  1.431058e+01,  1.922840e+02
  1.503795e+01,  1.874583e+02
  1.582628e+01,  1.823747e+02
  1.614181e+01,  1.759149e+02
  1.540664e+01,  1.684476e+02
  1.416576e+01,  1.624852e+02
  1.322797e+01,  1.601656e+02
  1.243177e+01,  1.604039e+02
  1.096251e+01,  1.600538e+02
  8.801486e+00,  1.575575e+02
  6.730591e+00,  1.552677e+02
  5.092547e+00,  1.573899e+02
  3.488784e+00,  1.625146e+02
  1.433808e+00,  1.636439e+02
  1.279582e+00,  3.543674e+02
  4.050402e+00,  3.567245e+02
  6.362335e+00,  1.166000e+00
  7.899178e+00,  7.180032e+00
  9.080124e+00,  1.659312e+01
  1.028502e+01,  2.730446e+01
  1.181146e+01,  3.725483e+01
  1.365046e+01,  4.555577e+01
  1.588537e+01,  5.308897e+01
  1.804407e+01,  6.059405e+01
  1.977867e+01,  6.760790e+01
  2.084813e+01,  7.280622e+01
  2.103848e+01,  7.630603e+01
  2.061970e+01,  7.858818e+01
  2.013726e+01,  7.971306e+01
  1.939492e+01,  7.819405e+01
  1.782034e+01,  7.425775e+01
  1.557963e+01,  6.710774e+01
  1.322451e+01,  5.712693e+01
  1.107094e+01,  4.582632e+01
  8.848929e+00,  3.348209e+01
  6.617140e+00,  1.716348e+01
  4.735015e+00,  3.499028e+02
  4.005217e+00,  3.084064e+02
  4.877545e+00,  2.663039e+02
  6.941490e+00,  2.408994e+02
  9.905553e+00,  2.263535e+02
  1.441849e+01,  2.177541e+02
  7.644422e+00,  2.094161e+02
  2.894340e+00,  3.346187e+01
  1.379378e-01,  1.976561e+02
  1.607806e-01,  6.403764e+01
  1.356632e-01,  6.180229e+01
  1.828589e-01,  6.380018e+01
  1.245048e-01,  7.849661e+01
  1.716351e-01,  5.704028e+01
  1.384198e-01,  7.065216e+01
  1.636834e-01,  5.977705e+01
  1.143441e-01,  7.266086e+01
  1.697247e-01,  5.943453e+01
  1.234478e-01,  7.618927e+01
  1.605319e-01,  5.636164e+01
  1.412118e-01,  7.325843e+01
  1.584876e-01,  6.233770e+01
  1.274956e-01,  6.088405e+01
  1.634928e-01,  6.205337e+01
  1.363048e-01,  7.594763e+01
  1.436855e-01,  5.922213e+01
  1.496058e-01,  6.609099e+01
  1.449763e-01,  6.542252e+01
  1.427076e-01,  6.284606e+01
  1.524452e-01,  6.842560e+01
  1.425912e-01,  6.677083e+01
  1.333084e-01,  6.037484e+01
  1.586189e-01,  6.681203e+01
  1.421580e-01,  7.307576e+01
  1.375030e-01,  6.204375e+01
  1.491766e-01,  6.743908e+01
  1.460221e-01,  6.684345e+01
  1.306664e-01,  6.551062e+01
  1.584990e-01,  6.386611e+01
  1.318970e-01,  7.713010e+01
  1.421697e-01,  6.340338e+01
  1.503963e-01,  7.022376e+01
  1.502139e-01,  6.228040e+01
  1.439792e-01,  7.043204e+01
  1.556537e-01,  6.161730e+01
  1.336097e-01,  6.697930e+01
  1.434561e-01,  6.650305e+01
  1.603381e-01,  6.351711e+01
  1.442291e-01,  7.282615e+01
  1.460288e-01,  5.967748e+01
  1.552529e-01,  5.901655e+01
  1.478466e-01,  6.945169e+01
  1.500289e-01,  6.347670e+01
  1.522055e-01,  6.275484e+01
  1.395790e-01,  6.943607e+01
  1.400251e-01,  6.468464e+01
  1.376466e-01,  6.645815e+01
  1.495903e-01,  6.035337e+01
  1.426364e-01,  6.442022e+01
  1.432746e-01,  6.128993e+01
  1.452158e-01,  7.118215e+01
  1.383600e-01,  6.424334e+01
  1.473966e-01,  6.144050e+01
  1.560432e-01,  6.649924e+01
  1.369081e-01,  7.051165e+01
  1.536888e-01,  6.508287e+01
  1.513268e-01,  7.052271e+01
  1.411244e-01,  6.631466e+01
  1.414552e-01,  6.604314e+01
  1.456538e-01,  7.085791e+01
  1.379628e-01,  6.124438e+01
  1.442037e-01,  6.390846e+01
  1.589661e-01,  6.782937e+01
  1.311134e-01,  6.972206e+01
  1.519440e-01,  6.316649e+01
  1.497317e-01,  6.608629e+01
  1.375944e-01,  6.333445e+01
  1.499639e-01,  5.919639e+01
  1.547326e-01,  6.667151e+01
  1.485720e-01,  6.616396e+01
  1.425826e-01,  6.479423e+01
  1.567343e-01,  6.663307e+01
  1.312738e-01,  6.362557e+01
  1.502892e-01,  6.558525e+01
  1.592550e-01,  6.355085e+01
  1.330422e-01,  7.091321e+01
  1.423509e-01,  6.230207e+01
  1.473462e-01,  7.294412e+01
  1.391484e-01,  6.730368e+01
  1.361574e-01,  6.305504e+01
  1.657206e-01,  6.598352e+01
  1.540063e-01,  6.700199e+01
  1.471656e-01,  6.636358e+01
  1.618788e-01,  6.186896e+01
  1.392040e-01,  6.919086e+01
  1.533397e-01,  6.279551e+01
  1.485511e-01,  7.068370e+01
  1.350548e-01,  6.442192e+01
  1.497068e-01,  6.065013e+01
  1.424023e-01,  6.831717e+01
  1.426856e-01,  6.687383e+01
  1.353568e-01,  6.089962e+01
  1.648776e-01,  6.795309e+01
  1.491384e-01,  6.900567e+01
  1.364783e-01,  6.371597e+01
  1.579994e-01,  6.556112e+01
  1.477615e-01,  7.105333e+01
  1.530386e-01,  6.358983e+01
  1.534065e-01,  6.480566e+01
  1.555816e-01,  7.019075e+01
  1.438015e-01,  6.511664e+01
  1.496626e-01,  6.357932e+01
  1.542928e-01,  6.902779e+01
  1.507480e-01,  5.986858e+01
  1.632836e-01,  6.531552e+01
  1.519584e-01,  6.879304e+01
  1.466236e-01,  5.779478e+01
  1.547961e-01,  6.281219e+01
  1.472717e-01,  6.835345e+01
  1.421977e-01,  6.608288e+01
  1.555182e-01,  6.374858e+01
  1.516761e-01,  7.177333e+01
  1.374394e-01,  6.012442e+01
  1.697780e-01,  6.151757e+01
  1.468089e-01,  7.098968e+01
  1.290613e-01,  6.453952e+01
  1.570265e-01,  6.419740e+01
  1.535743e-01,  7.356581e+01
  1.350488e-01,  5.943791e+01
  1.518758e-01,  6.660380e+01
  1.517644e-01,  6.637664e+01
  1.378459e-01,  6.562182e+01
  1.519896e-01,  6.671559e+01
  1.428801e-01,  7.175195e+01
  1.422335e-01,  5.967604e+01
  1.470677e-01,  5.823141e+01
  1.428358e-01,  6.841474e+01
  1.425935e-01,  6.427895e+01
  1.563295e-01,  6.464409e+01
  1.483938e-01,  6.682498e+01
  1.422502e-01,  6.863061e+01
  1.513749e-01,  5.907651e+01
  1.466782e-01,  6.824093e+01
  1.340178e-01,  6.199542e+01
  1.578077e-01,  6.469429e+01
  1.553237e-01,  6.271764e+01
  1.444911e-01,  6.911658e+01
  1.486148e-01,  6.074071e+01
  1.486707e-01,  6.615695e+01
  1.460173e-01,  6.331951e+01
  1.502156e-01,  6.954594e+01
  1.557886e-01,  6.526406e+01
  1.410297e-01,  6.856635e+01
  1.598874e-01,  6.446262e+01
  1.477250e-01,  6.734788e+01
  1.264723e-01,  6.488470e+01
  1.538178e-01,  6.320819e+01
  1.669067e-01,  6.650028e+01
  1.383088e-01,  6.523441e+01
  1.488316e-01,  6.711982e+01
  1.604613e-01,  6.598024e+01
  1.442223e-01,  7.747760e+01
  1.467209e-01,  5.578410e+01
  1.572388e-01,  7.698094e+01
  1.404714e-01,  5.673550e+01
  1.560620e-01,  7.171398e+01
  1.560395e-01,  6.020448e+01
  1.346461e-01,  8.144456e+01
  1.566657e-01,  5.345695e+01
  1.572284e-01,  7.634811e+01
  1.391612e-01,  6.296346e+01
  1.464522e-01,  7.357680e+01
  1.404752e-01,  5.383385e+01
  1.636728e-01,  7.847345e+01
  1.372290e-01,  5.165610e+01
  1.677763e-01,  7.767154e+01
  2.849760e+00,  3.202302e+02
  2.226686e+00,  2.405622e+02
  5.229336e+00,  2.066699e+02
  7.139208e+00,  1.919983e+02
  8.421516e+00,  1.840369e+02
  9.496589e+00,  1.746213e+02
  1.048078e+01,  1.647082e+02
  1.158785e+01,  1.549344e+02
  1.256210e+01,  1.450020e+02
  1.380084e+01,  1.339890e+02
  1.515755e+01,  1.243587e+02
  1.650644e+01,  1.173006e+02
  1.751131e+01,  1.117904e+02
  1.850998e+01,  1.073956e+02
  1.948376e+01,  1.040540e+02
  2.028547e+01,  1.019565e+02
  2.075866e+01,  1.001973e+02
  2.076019e+01,  9.897756e+01
  2.018204e+01,  9.869801e+01
  1.908975e+01,  9.865189e+01
  1.746915e+01,  9.944278e+01
  1.530644e+01,  1.021439e+02
  1.303291e+01,  1.091139e+02
  1.123199e+01,  1.218058e+02
  1.017985e+01,  1.375136e+02
  9.956603e+00,  1.539952e+02
  1.067477e+01,  1.688657e+02
  1.205921e+01,  1.798648e+02
  1.339937e+01,  1.863696e+02
  1.405245e+01,  1.904399e+02
  1.397613e+01,  1.928670e+02
  1.322230e+01,  1.948039e+02
  1.198150e+01,  1.967424e+02
  1.044246e+01,  1.987260e+02
  8.668805e+00,  2.013425e+02
  6.763301e+00,  2.036600e+02
  4.870672e+00,  2.056467e+02
  2.907650e+00,  2.065760e+02
  8.889518e-01,  2.087742e+02
  1.213886e+00,  9.542455e+00
  3.146912e+00,  1.538119e+01
  4.784754e+00,  1.650541e+01
  6.045108e+00,  1.507738e+01
  6.786527e+00,  1.389709e+01
  7.056892e+00,  1.426071e+01
  7.145948e+00,  1.687925e+01
  7.293439e+00,  2.032575e+01
  7.547698e+00,  2.491452e+01
  7.852475e+00,  2.910756e+01
  8.163116e+00,  3.182798e+01
  8.251242e+00,  3.240310e+01
  7.968611e+00,  3.139537e+01
  7.432172e+00,  2.735851e+01
  6.819785e+00,  1.972037e+01
  6.347430e+00,  7.929902e+00
  6.339925e+00,  3.520578e+02
  7.028478e+00,  3.358090e+02
  8.270507e+00,  3.223134e+02
  9.760321e+00,  3.126981e+02
  1.141583e+01,  3.062480e+02
  1.317422e+01,  3.015235e+02
  1.487221e+01,  2.975877e+02
  1.624830e+01,  2.945746e+02
  1.754065e+01,  2.919069e+02
  1.879114e+01,  2.897275e+02
  1.966697e+01,  2.870845e+02
  1.988102e+01,  2.833821e+02
  1.963927e+01,  2.795956e+02
  1.886287e+01,  2.765788e+02
  1.748519e+01,  2.745440e+02
  1.573150e+01,  2.736190e+02
  1.382385e+01,  2.756766e+02
  1.193625e+01,  2.821417e+02
  1.059116e+01,  2.936521e+02
  1.013912e+01,  3.083838e+02
  1.041413e+01,  3.229826e+02
  1.117246e+01,  3.362502e+02
  1.221268e+01,  3.478896e+02
  1.345921e+01,  3.565213e+02
  1.466954e+01,  2.904330e+00
  1.551790e+01,  7.542641e+00
  1.560500e+01,  1.190684e+01
  1.488426e+01,  1.575781e+01
  1.352582e+01,  1.919474e+01
  1.150610e+01,  2.248466e+01
  8.881888e+00,  2.591241e+01
  5.948047e+00,  3.079347e+01
  3.035542e+00,  4.368492e+01
  1.239517e+00,  1.211831e+02
  3.472340e+00,  1.803014e+02
  5.972410e+00,  1.903910e+02
  7.853390e+00,  1.944901e+02
  8.955152e+00,  1.970750e+02
  9.271748e+00,  1.993162e+02
  8.954279e+00,  2.011558e+02
  7.976654e+00,  2.040265e+02
  6.462257e+00,  2.078604e+02
  4.591745e+00,  2.173685e+02
  2.464945e+00,  2.551552e+02
  4.544277e+00,  3.358153e+02
##END=