##TITLE= twqubit_C23180_C_25000.txt
##JCAMP-DX= 5.00 Bruker JCAMP library
##DATA TYPE= Shape Data
##ORIGIN= Colm's GRAPE Pulses 
##OWNER= Dawei.Lu
##DATE= 22-Dec-2014
##TIME= 11:26
##MINX= 4.505483e-01
##MAXX= 3.240592e+01
##MINY= 6.206689e-01
##MAXY= 3.580733e+02
##$SHAPE_EXMODE= None
##$SHAPE_TOTROT= 9.000000e+01
##$SHAPE_BWFAC= 1.000000e+00
##$SHAPE_INTEGFAC= 1.000000e+00
##$SHAPE_MODE= 1
##PULSE_WIDTH= 2000
##Calibration_Power= 25000
##NPOINTS= 200
##XYPOINTS= (XY..XY)
  8.702363e-01,  2.730411e+02
  2.916367e+00,  2.900429e+02
  2.494317e+00,  3.086168e+02
  5.747668e+00,  1.046014e+02
  1.391349e+01,  1.115710e+02
  1.589903e+01,  1.126041e+02
  1.152340e+01,  1.160645e+02
  5.716906e+00,  1.429563e+02
  6.388607e+00,  1.915510e+02
  9.632041e+00,  1.877361e+02
  1.229827e+01,  1.689641e+02
  1.433494e+01,  1.530192e+02
  1.593853e+01,  1.505088e+02
  1.747846e+01,  1.664382e+02
  1.942857e+01,  1.932002e+02
  2.112156e+01,  2.207928e+02
  2.065142e+01,  2.417649e+02
  1.419267e+01,  2.510999e+02
  3.037973e+00,  1.925475e+02
  1.292456e+01,  1.067150e+02
  1.767676e+01,  1.009828e+02
  1.258496e+01,  9.025300e+01
  5.073966e+00,  3.845464e+01
  5.806438e+00,  3.153823e+02
  5.577600e+00,  2.505691e+02
  1.077465e+01,  1.854347e+02
  1.597271e+01,  1.629919e+02
  1.315986e+01,  1.499258e+02
  3.336400e+00,  1.423022e+02
  7.756161e+00,  3.012434e+02
  1.434159e+01,  2.902467e+02
  1.256635e+01,  2.785136e+02
  3.684513e+00,  2.332784e+02
  9.484383e+00,  1.208576e+02
  1.304067e+01,  1.094022e+02
  6.578610e+00,  9.395386e+01
  6.175599e+00,  3.186114e+02
  1.317451e+01,  2.978585e+02
  1.188275e+01,  2.788033e+02
  8.364903e+00,  2.338111e+02
  9.262318e+00,  2.000949e+02
  7.093477e+00,  2.175871e+02
  7.890828e+00,  2.930431e+02
  1.318803e+01,  3.244091e+02
  1.262253e+01,  3.319635e+02
  7.866033e+00,  3.156514e+02
  7.320172e+00,  2.821167e+02
  9.264070e+00,  2.965105e+02
  1.284267e+01,  3.335948e+02
  1.642102e+01,  3.820344e+00
  1.573238e+01,  3.102556e+01
  1.182016e+01,  6.116386e+01
  7.190779e+00,  8.622265e+01
  1.914282e+00,  4.531417e+01
  7.307172e+00,  3.217242e+02
  1.184489e+01,  3.098242e+02
  1.164145e+01,  2.854277e+02
  1.002887e+01,  2.469439e+02
  7.068272e+00,  1.963356e+02
  9.945988e+00,  1.169262e+02
  1.753913e+01,  9.175917e+01
  1.779663e+01,  8.248992e+01
  9.607904e+00,  7.612735e+01
  1.394860e+00,  2.053305e+02
  9.822387e+00,  2.147360e+02
  1.779934e+01,  1.978246e+02
  2.457319e+01,  1.945475e+02
  2.609706e+01,  2.103139e+02
  2.513037e+01,  2.433662e+02
  2.312534e+01,  2.765765e+02
  1.259203e+01,  3.098016e+02
  1.010116e+01,  8.490781e+01
  2.637461e+01,  1.176338e+02
  3.240592e+01,  1.282914e+02
  2.986218e+01,  1.298517e+02
  2.734881e+01,  1.277157e+02
  2.713551e+01,  1.356327e+02
  2.536854e+01,  1.568888e+02
  1.935084e+01,  1.846970e+02
  9.048704e+00,  2.101091e+02
  2.363070e+00,  8.970221e+01
  8.155583e+00,  1.012552e+02
  8.614602e+00,  1.486232e+02
  1.039310e+01,  2.032130e+02
  1.119540e+01,  2.279967e+02
  7.357966e+00,  2.163976e+02
  7.571744e+00,  1.539547e+02
  1.071848e+01,  1.301806e+02
  9.700149e+00,  1.120656e+02
  1.028151e+01,  9.146862e+01
  1.393471e+01,  1.031217e+02
  1.783291e+01,  1.365773e+02
  2.087471e+01,  1.762597e+02
  2.172802e+01,  2.111298e+02
  1.655184e+01,  2.366146e+02
  7.296946e+00,  2.698414e+02
  4.574033e+00,  3.564226e+02
  4.433639e+00,  2.153706e+01
  2.046508e+00,  3.054107e+02
  5.637204e+00,  2.603253e+02
  5.764435e+00,  2.690234e+02
  4.524310e+00,  3.325125e+02
  9.555183e+00,  1.418668e+01
  1.349116e+01,  2.389794e+01
  1.331223e+01,  3.411056e+01
  1.025220e+01,  5.467129e+01
  8.954602e+00,  9.335633e+01
  1.194194e+01,  1.184987e+02
  1.350911e+01,  1.200418e+02
  9.561503e+00,  1.028985e+02
  6.286353e+00,  2.616860e+01
  1.248151e+01,  3.417016e+02
  1.460049e+01,  3.417929e+02
  1.057895e+01,  1.375430e+01
  1.144325e+01,  8.373486e+01
  1.744293e+01,  1.160855e+02
  1.742062e+01,  1.196350e+02
  1.268650e+01,  8.936406e+01
  1.446173e+01,  4.017019e+01
  1.469688e+01,  1.949031e+01
  6.121151e+00,  3.580733e+02
  6.379396e+00,  2.296721e+02
  9.499057e+00,  2.202111e+02
  2.105773e+00,  2.274095e+02
  9.333243e+00,  4.300297e+01
  1.497323e+01,  4.629506e+01
  1.128466e+01,  4.516737e+01
  3.722561e+00,  3.262961e+01
  4.505483e-01,  3.427683e+02
  4.555276e+00,  5.786472e+01
  1.247500e+01,  5.358155e+01
  1.677591e+01,  4.897680e+01
  1.417367e+01,  3.915270e+01
  9.189520e+00,  9.405254e+00
  7.363211e+00,  3.388810e+02
  3.237935e+00,  2.591345e+01
  1.130562e+01,  1.110472e+02
  1.969954e+01,  1.215399e+02
  1.885794e+01,  1.217944e+02
  1.014586e+01,  1.050190e+02
  8.380067e+00,  1.414604e+01
  1.992540e+01,  2.117564e+00
  2.826735e+01,  2.614107e+01
  3.080669e+01,  6.081260e+01
  2.559987e+01,  9.886878e+01
  1.534130e+01,  1.504416e+02
  1.265730e+01,  2.312464e+02
  1.393383e+01,  2.833858e+02
  7.979890e+00,  3.339746e+02
  6.672476e+00,  9.696144e+01
  1.145633e+01,  1.561910e+02
  1.015805e+01,  2.147989e+02
  1.145917e+01,  2.977624e+02
  1.663436e+01,  3.559786e+02
  2.020575e+01,  3.920240e+01
  2.121753e+01,  6.625226e+01
  1.749338e+01,  6.998715e+01
  1.315486e+01,  4.543789e+01
  1.426691e+01,  1.747482e+01
  1.578277e+01,  1.553201e+01
  1.378175e+01,  3.232324e+01
  1.039431e+01,  6.763972e+01
  1.012273e+01,  1.091351e+02
  1.119593e+01,  1.233499e+02
  1.132852e+01,  1.109326e+02
  1.151573e+01,  8.674805e+01
  1.069401e+01,  6.205910e+01
  8.732461e+00,  2.986642e+01
  8.636693e+00,  3.545292e+02
  8.635292e+00,  3.438063e+02
  6.213957e+00,  2.902070e+00
  4.659301e+00,  6.013796e+01
  4.807020e+00,  1.128425e+02
  3.381558e+00,  1.715407e+02
  4.297184e+00,  2.686113e+02
  8.923244e+00,  3.205378e+02
  1.486237e+01,  3.512211e+02
  2.011812e+01,  1.098095e+01
  2.140820e+01,  2.502631e+01
  1.747451e+01,  3.870097e+01
  1.065706e+01,  6.065256e+01
  6.470489e+00,  1.060378e+02
  6.708901e+00,  1.299728e+02
  7.836013e+00,  1.069065e+02
  9.992059e+00,  7.581687e+01
  1.069631e+01,  3.622215e+01
  1.558547e+01,  3.529542e+02
  2.113264e+01,  3.428582e+02
  1.785407e+01,  6.206689e-01
  1.475561e+01,  6.261875e+01
  2.341607e+01,  1.049701e+02
  2.556501e+01,  1.139818e+02
  1.676858e+01,  1.033173e+02
  9.656175e+00,  4.267421e+01
  1.430504e+01,  4.466856e+00
  1.225402e+01,  1.875207e+01
  1.050053e+01,  9.894455e+01
  2.029176e+01,  1.483618e+02
  1.336004e+01,  1.766745e+02
  8.444545e-01,  2.765181e+02
##END=
