##TITLE= twqubit_encoding2_C_nobufferfix6
##JCAMP-DX= 5.00 Bruker JCAMP library
##DATA TYPE= Shape Data
##ORIGIN= Colm Fixed Pulses 
##OWNER= d29lu
##DATE= 12-May-2015
##TIME= 16:24
##MINX= 8.332251e-02
##MAXX= 6.399341e+01
##MINY= 1.441220e-01
##MAXY= 3.594302e+02
##$SHAPE_EXMODE= None
##$SHAPE_TOTROT= 9.000000e+01
##$SHAPE_BWFAC= 1.000000e+00
##$SHAPE_INTEGFAC= 1.000000e+00
##$SHAPE_MODE= 1
##NPOINTS= 2128
##XYPOINTS= (XY..XY)
  2.448701e+00,  5.513379e+00
  1.898192e+01,  6.885531e+01
  3.650284e+01,  1.427564e+02
  3.740341e+01,  1.759129e+02
  1.682079e+01,  1.643574e+02
  1.918088e+01,  1.439967e+02
  4.828028e+00,  6.336240e+01
  1.519301e+01,  3.273947e+02
  2.541070e+01,  3.014684e+02
  2.730338e+01,  2.766616e+02
  1.733082e+01,  2.584057e+02
  1.625427e+01,  1.773495e+02
  2.575876e+01,  1.483793e+02
  1.716079e+01,  1.242006e+02
  7.407421e+00,  4.374137e+01
  1.113311e+01,  3.151598e+02
  2.073009e+01,  2.738279e+02
  1.906050e+01,  2.843088e+02
  8.256941e+00,  3.582503e+01
  2.386799e+01,  1.114688e+02
  2.151275e+01,  1.406978e+02
  6.812632e+00,  2.487561e+02
  2.261122e+01,  3.284323e+02
  2.132271e+01,  3.427003e+02
  1.052769e+01,  3.045056e+02
  1.248469e+01,  2.983481e+02
  1.932710e+01,  3.425657e+02
  1.880644e+01,  3.573137e+02
  3.569271e+00,  2.903400e+02
  2.160352e+01,  2.193086e+02
  2.516132e+01,  2.084846e+02
  1.650048e+01,  1.638606e+02
  1.981333e+01,  1.298189e+02
  1.666150e+01,  1.586088e+02
  1.771405e+01,  2.307119e+02
  2.277400e+01,  2.726650e+02
  1.663654e+01,  3.012630e+02
  6.958531e+00,  3.363944e+02
  3.062094e+00,  3.126272e+02
  1.676033e+01,  2.724355e+02
  3.349754e+01,  2.816337e+02
  2.976671e+01,  3.026738e+02
  1.055430e+01,  1.274343e+01
  2.389396e+01,  1.149972e+02
  2.563496e+01,  1.421928e+02
  5.288082e+00,  1.884648e+02
  2.051397e+01,  3.414748e+02
  2.536783e+01,  6.519756e+00
  1.028844e+01,  5.386889e+01
  1.861524e+01,  1.767416e+02
  2.745662e+01,  1.978344e+02
  2.125160e+01,  1.860044e+02
  1.780259e+01,  1.526252e+02
  5.718413e+00,  1.696020e+02
  1.294080e+01,  3.022008e+02
  1.693364e+01,  3.054509e+02
  7.538067e+00,  2.678124e+02
  1.192079e+01,  1.900868e+02
  1.764703e+01,  1.823769e+02
  1.313798e+01,  1.621107e+02
  4.595684e+00,  7.794353e+01
  1.271303e+01,  3.417178e+02
  2.267655e+01,  3.247855e+02
  2.648748e+01,  3.144949e+02
  1.581747e+01,  3.229791e+02
  9.862473e+00,  1.001392e+02
  2.839240e+01,  1.339479e+02
  2.909774e+01,  1.495614e+02
  1.578178e+01,  1.891822e+02
  1.743505e+01,  2.822510e+02
  1.864945e+01,  3.248086e+02
  7.661025e+00,  3.287934e+01
  1.459578e+01,  1.266778e+02
  1.591233e+01,  1.395301e+02
  7.335266e+00,  1.176459e+02
  4.361525e+00,  1.902038e+01
  5.164478e+00,  3.519564e+02
  1.669971e+00,  5.180688e+01
  6.301068e+00,  1.303783e+02
  1.183024e+01,  1.382190e+02
  1.465207e+01,  1.531022e+02
  1.959790e+01,  1.705801e+02
  2.700317e+01,  1.730677e+02
  3.298124e+01,  1.632408e+02
  2.935298e+01,  1.610738e+02
  1.782969e+01,  1.427079e+02
  1.254351e+01,  7.163222e+01
  1.210017e+01,  2.198822e+01
  1.215758e+01,  2.994392e+02
  1.650484e+01,  2.579756e+02
  1.321583e+01,  2.280408e+02
  8.679413e+00,  1.193310e+02
  1.907045e+01,  7.434025e+01
  2.562152e+01,  6.224283e+01
  2.518579e+01,  4.468588e+01
  2.776434e+01,  6.099983e+01
  2.813396e+01,  1.037427e+02
  2.868485e+01,  1.708114e+02
  2.486691e+01,  2.755252e+02
  1.651861e+01,  7.219780e+01
  8.136727e+00,  2.481320e+02
  3.045117e+00,  6.360224e+01
  1.479843e+00,  2.637828e+02
  5.173751e-01,  8.970832e+01
  8.213270e-01,  2.883819e+02
  3.788714e-01,  1.017850e+02
  7.773698e-01,  2.880207e+02
  3.143780e-01,  9.364669e+01
  6.795076e-01,  2.865790e+02
  2.460538e-01,  8.567459e+01
  5.772463e-01,  2.893895e+02
  1.583765e-01,  6.954289e+01
  4.650065e-01,  2.904971e+02
  1.215653e-01,  3.657416e+01
  3.806960e-01,  2.939776e+02
  1.680436e-01,  3.550067e+02
  2.790869e-01,  2.998868e+02
  2.350604e-01,  3.253745e+02
  2.109068e-01,  3.085151e+02
  2.760690e-01,  3.179335e+02
  1.557823e-01,  3.171308e+02
  3.323041e-01,  3.138784e+02
  1.056678e-01,  3.302826e+02
  3.738098e-01,  3.083350e+02
  8.617570e-02,  3.562797e+02
  4.001275e-01,  3.052179e+02
  8.332251e-02,  4.691361e+00
  4.068893e-01,  3.023716e+02
  9.656127e-02,  1.639021e+01
  3.674921e-01,  3.019463e+02
  1.197011e-01,  3.486175e+02
  3.462525e-01,  3.042821e+02
  1.367551e-01,  3.445738e+02
  3.382295e-01,  3.036844e+02
  1.578991e-01,  3.339886e+02
  2.785512e-01,  3.051781e+02
  1.939363e-01,  3.297743e+02
  2.487388e-01,  3.056374e+02
  2.396843e-01,  3.216976e+02
  2.338825e-01,  3.102283e+02
  2.598911e-01,  3.203192e+02
  2.026991e-01,  3.132054e+02
  2.681197e-01,  3.164472e+02
  1.707303e-01,  3.192774e+02
  3.018516e-01,  3.107157e+02
  1.483338e-01,  3.319956e+02
  3.180837e-01,  3.093777e+02
  1.545560e-01,  3.305100e+02
  3.051796e-01,  3.089180e+02
  1.730491e-01,  3.273233e+02
  3.058247e-01,  3.062548e+02
  1.512930e-01,  3.291438e+02
  2.985697e-01,  3.066660e+02
  1.694428e-01,  3.313720e+02
  2.899403e-01,  3.077983e+02
  1.874786e-01,  3.262740e+02
  2.663212e-01,  3.110551e+02
  2.049470e-01,  3.210614e+02
  2.449313e-01,  3.117581e+02
  2.250725e-01,  3.205290e+02
  2.245881e-01,  3.163944e+02
  2.452180e-01,  3.167835e+02
  1.991817e-01,  3.173776e+02
  2.573926e-01,  3.147887e+02
  1.917648e-01,  3.209994e+02
  2.702038e-01,  3.137780e+02
  1.942817e-01,  3.225423e+02
  2.765407e-01,  3.121000e+02
  1.844415e-01,  3.189368e+02
  2.761284e-01,  3.118237e+02
  2.023140e-01,  3.226129e+02
  2.613462e-01,  3.131954e+02
  1.970281e-01,  3.192353e+02
  2.746125e-01,  3.097813e+02
  1.927024e-01,  3.200483e+02
  2.654186e-01,  3.127291e+02
  2.105619e-01,  3.183600e+02
  2.485687e-01,  3.122409e+02
  2.143203e-01,  3.182339e+02
  2.531159e-01,  3.147983e+02
  2.255516e-01,  3.193255e+02
  2.396158e-01,  3.122750e+02
  2.448325e-01,  3.166027e+02
  2.274365e-01,  3.169668e+02
  2.330690e-01,  3.170385e+02
  2.182120e-01,  3.184480e+02
  2.441255e-01,  3.155273e+02
  2.099651e-01,  3.163096e+02
  2.437714e-01,  3.148395e+02
  2.044753e-01,  3.182361e+02
  2.660284e-01,  3.145382e+02
  1.992272e-01,  3.175711e+02
  2.672798e-01,  3.131478e+02
  2.087860e-01,  3.173116e+02
  2.669475e-01,  3.145944e+02
  2.019674e-01,  3.170660e+02
  2.448939e-01,  3.143594e+02
  2.199393e-01,  3.179191e+02
  2.533942e-01,  3.136475e+02
  2.179458e-01,  3.202251e+02
  2.508008e-01,  3.097440e+02
  2.217994e-01,  3.171531e+02
  2.358791e-01,  3.157275e+02
  2.350147e-01,  3.177506e+02
  2.137229e-01,  3.150133e+02
  2.419648e-01,  3.162653e+02
  2.205155e-01,  3.170091e+02
  2.372809e-01,  3.149866e+02
  2.200990e-01,  3.149260e+02
  2.349350e-01,  3.173815e+02
  2.147393e-01,  3.160464e+02
  2.449575e-01,  3.162258e+02
  2.147940e-01,  3.187373e+02
  2.420564e-01,  3.153046e+02
  1.989040e-01,  3.188427e+02
  2.562009e-01,  3.135787e+02
  2.179983e-01,  3.167782e+02
  2.342229e-01,  3.149620e+02
  2.201249e-01,  3.190609e+02
  2.602456e-01,  3.133650e+02
  2.032691e-01,  3.192406e+02
  2.378255e-01,  3.161150e+02
  2.241926e-01,  3.181383e+02
  2.245911e-01,  3.152419e+02
  2.425186e-01,  3.161080e+02
  2.268692e-01,  3.152915e+02
  2.438984e-01,  3.180315e+02
  2.251976e-01,  3.150744e+02
  2.363058e-01,  3.160838e+02
  2.324809e-01,  3.175814e+02
  2.312646e-01,  3.159924e+02
  2.249747e-01,  3.176528e+02
  2.452488e-01,  3.178855e+02
  2.117955e-01,  3.150316e+02
  2.549301e-01,  3.143277e+02
  2.155232e-01,  3.175554e+02
  2.532969e-01,  3.132702e+02
  2.153185e-01,  3.166003e+02
  2.442402e-01,  3.137273e+02
  2.479298e-01,  3.153073e+02
  2.353560e-01,  3.184837e+02
  2.217944e-01,  3.165114e+02
  2.284697e-01,  3.145458e+02
  2.244837e-01,  3.185367e+02
  2.316160e-01,  3.154693e+02
  2.340537e-01,  3.182528e+02
  2.151885e-01,  3.145728e+02
  2.290812e-01,  3.154493e+02
  2.298547e-01,  3.158080e+02
  2.359892e-01,  3.166867e+02
  2.197300e-01,  3.150089e+02
  2.228948e-01,  3.152444e+02
  2.365600e-01,  3.158795e+02
  2.383310e-01,  3.172633e+02
  2.126454e-01,  3.161436e+02
  2.372882e-01,  3.152264e+02
  2.289895e-01,  3.138466e+02
  2.335479e-01,  3.165815e+02
  2.338822e-01,  3.166365e+02
  2.397859e-01,  3.123507e+02
  2.258123e-01,  3.144507e+02
  2.372913e-01,  3.175810e+02
  2.220233e-01,  3.144854e+02
  2.294858e-01,  3.174677e+02
  2.338149e-01,  3.185357e+02
  2.301236e-01,  3.123574e+02
  2.279092e-01,  3.194228e+02
  2.469132e-01,  3.117277e+02
  2.248873e-01,  3.199347e+02
  2.401726e-01,  3.167568e+02
  2.354945e-01,  3.159079e+02
  2.303626e-01,  3.166250e+02
  2.403902e-01,  3.160122e+02
  2.300966e-01,  3.175235e+02
  2.353244e-01,  3.190182e+02
  2.171448e-01,  3.155738e+02
  2.403463e-01,  3.156221e+02
  2.218868e-01,  3.161995e+02
  2.397521e-01,  3.163795e+02
  2.305406e-01,  3.161746e+02
  2.350571e-01,  3.157588e+02
  2.231377e-01,  3.194515e+02
  2.367694e-01,  3.160082e+02
  2.356319e-01,  3.152447e+02
  2.274848e-01,  3.134044e+02
  2.334669e-01,  3.162695e+02
  2.185370e-01,  3.152946e+02
  2.152873e-01,  3.187536e+02
  2.381249e-01,  3.156191e+02
  2.185054e-01,  3.194012e+02
  2.294050e-01,  3.145985e+02
  2.364673e-01,  3.181484e+02
  2.319611e-01,  3.155511e+02
  2.305086e-01,  3.150787e+02
  2.198336e-01,  3.185599e+02
  2.416272e-01,  3.174466e+02
  2.282684e-01,  3.146906e+02
  2.350803e-01,  3.185795e+02
  2.205384e-01,  3.139803e+02
  2.412561e-01,  3.176070e+02
  2.307950e-01,  3.190290e+02
  2.259935e-01,  3.131092e+02
  2.366165e-01,  3.195893e+02
  2.261714e-01,  3.122934e+02
  2.231788e-01,  3.172915e+02
  2.316242e-01,  3.128336e+02
  2.325695e-01,  3.170515e+02
  2.312631e-01,  3.171777e+02
  2.238251e-01,  3.156094e+02
  2.407354e-01,  3.153628e+02
  2.162867e-01,  3.185469e+02
  2.274726e-01,  3.154571e+02
  2.440945e-01,  3.143837e+02
  2.274593e-01,  3.164083e+02
  2.364697e-01,  3.169655e+02
  2.257866e-01,  3.137361e+02
  2.402345e-01,  3.172672e+02
  2.239363e-01,  3.175779e+02
  2.226541e-01,  3.156589e+02
  2.325497e-01,  3.191038e+02
  2.305477e-01,  3.154796e+02
  2.270956e-01,  3.169477e+02
  2.464967e-01,  3.150838e+02
  2.180028e-01,  3.172977e+02
  2.358823e-01,  3.150320e+02
  2.372472e-01,  3.164028e+02
  2.340152e-01,  3.138315e+02
  2.415912e-01,  3.156571e+02
  2.169112e-01,  3.166109e+02
  2.393527e-01,  3.148521e+02
  2.331828e-01,  3.169737e+02
  2.380448e-01,  3.164509e+02
  2.251150e-01,  3.141001e+02
  2.276095e-01,  3.193147e+02
  2.359268e-01,  3.147502e+02
  2.322674e-01,  3.160370e+02
  2.317910e-01,  3.172149e+02
  2.245034e-01,  3.157990e+02
  2.290239e-01,  3.165619e+02
  2.346495e-01,  3.145578e+02
  2.278982e-01,  3.170042e+02
  2.306567e-01,  3.164373e+02
  2.327870e-01,  3.158800e+02
  2.399686e-01,  3.142446e+02
  2.261679e-01,  3.177426e+02
  2.261302e-01,  3.152059e+02
  2.390246e-01,  3.176913e+02
  2.284314e-01,  3.176600e+02
  2.378707e-01,  3.153576e+02
  2.300827e-01,  3.139921e+02
  2.293162e-01,  3.158946e+02
  2.263736e-01,  3.178762e+02
  2.341332e-01,  3.166423e+02
  2.276992e-01,  3.163458e+02
  2.315062e-01,  3.181224e+02
  2.290723e-01,  3.172142e+02
  2.340336e-01,  3.141420e+02
  2.294625e-01,  3.186076e+02
  2.303833e-01,  3.153074e+02
  2.401085e-01,  3.134065e+02
  2.135320e-01,  3.191693e+02
  2.334885e-01,  3.144977e+02
  2.143018e-01,  3.164928e+02
  2.338115e-01,  3.161796e+02
  2.362565e-01,  3.169177e+02
  2.249906e-01,  3.156087e+02
  2.299858e-01,  3.156007e+02
  2.367131e-01,  3.164138e+02
  2.312524e-01,  3.156185e+02
  2.285402e-01,  3.152876e+02
  2.343038e-01,  3.157622e+02
  2.278073e-01,  3.191692e+02
  2.382461e-01,  3.166096e+02
  2.140106e-01,  3.201556e+02
  2.357605e-01,  3.131497e+02
  2.333911e-01,  3.195129e+02
  2.297793e-01,  3.177396e+02
  2.252275e-01,  3.162384e+02
  2.360094e-01,  3.143155e+02
  2.299446e-01,  3.173316e+02
  2.381730e-01,  3.184518e+02
  2.400741e-01,  3.145481e+02
  2.266435e-01,  3.170204e+02
  2.265269e-01,  3.186910e+02
  2.273514e-01,  3.160205e+02
  2.433618e-01,  3.137770e+02
  2.234986e-01,  3.169763e+02
  2.350108e-01,  3.145005e+02
  2.242931e-01,  3.178816e+02
  2.434340e-01,  3.150538e+02
  2.251521e-01,  3.157511e+02
  2.190133e-01,  3.189354e+02
  2.268779e-01,  3.187188e+02
  2.280287e-01,  3.139407e+02
  2.336670e-01,  3.175783e+02
  2.287515e-01,  3.116802e+02
  2.260309e-01,  3.184429e+02
  2.364971e-01,  3.146427e+02
  2.299918e-01,  3.161434e+02
  2.228199e-01,  3.162199e+02
  2.488917e-01,  3.160427e+02
  2.301083e-01,  3.168650e+02
  2.417425e-01,  3.157470e+02
  2.265136e-01,  3.191823e+02
  2.352480e-01,  3.120245e+02
  2.324838e-01,  3.177829e+02
  2.380805e-01,  3.106944e+02
  2.358531e-01,  3.179167e+02
  2.232147e-01,  3.164681e+02
  2.222337e-01,  3.183045e+02
  2.237079e-01,  3.153183e+02
  2.324026e-01,  3.171596e+02
  2.247913e-01,  3.161040e+02
  2.413106e-01,  3.150413e+02
  2.154429e-01,  3.150142e+02
  2.320723e-01,  3.137846e+02
  2.499612e-01,  3.163376e+02
  2.191433e-01,  3.170089e+02
  2.309838e-01,  3.161900e+02
  2.261757e-01,  3.145625e+02
  2.227174e-01,  3.203863e+02
  2.305645e-01,  3.142289e+02
  2.267423e-01,  3.173494e+02
  2.406069e-01,  3.173195e+02
  2.114773e-01,  3.162014e+02
  2.372742e-01,  3.147108e+02
  2.295518e-01,  3.168357e+02
  2.297324e-01,  3.157957e+02
  2.371488e-01,  3.153509e+02
  2.318371e-01,  3.155770e+02
  2.330609e-01,  3.187887e+02
  2.182098e-01,  3.170555e+02
  2.436216e-01,  3.157527e+02
  2.151222e-01,  3.151957e+02
  2.369953e-01,  3.162152e+02
  2.296101e-01,  3.169885e+02
  2.347317e-01,  3.132218e+02
  2.384653e-01,  3.155136e+02
  2.237598e-01,  3.184558e+02
  2.425324e-01,  3.135626e+02
  2.250102e-01,  3.182008e+02
  2.277181e-01,  3.157451e+02
  2.305628e-01,  3.147040e+02
  2.325193e-01,  3.174713e+02
  2.351812e-01,  3.115560e+02
  2.251469e-01,  3.181886e+02
  2.263090e-01,  3.145943e+02
  2.308854e-01,  3.182606e+02
  2.271748e-01,  3.150262e+02
  2.358725e-01,  3.187664e+02
  2.386037e-01,  3.159986e+02
  2.357180e-01,  3.153104e+02
  2.272764e-01,  3.176916e+02
  2.301170e-01,  3.160666e+02
  2.228652e-01,  3.166130e+02
  2.271630e-01,  3.151017e+02
  2.299977e-01,  3.157028e+02
  2.198417e-01,  3.193641e+02
  2.418943e-01,  3.155178e+02
  2.244505e-01,  3.161067e+02
  2.407386e-01,  3.175894e+02
  2.291747e-01,  3.149484e+02
  2.261486e-01,  3.193855e+02
  2.313025e-01,  3.147745e+02
  2.340984e-01,  3.153937e+02
  2.282145e-01,  3.145533e+02
  2.295227e-01,  3.174180e+02
  2.475092e-01,  3.150296e+02
  2.186371e-01,  3.186638e+02
  2.282738e-01,  3.155982e+02
  2.315787e-01,  3.189727e+02
  2.412053e-01,  3.148133e+02
  2.252126e-01,  3.150157e+02
  2.341030e-01,  3.132014e+02
  2.318247e-01,  3.153592e+02
  2.316474e-01,  3.169980e+02
  2.251126e-01,  3.152342e+02
  2.335218e-01,  3.180961e+02
  2.158251e-01,  3.148631e+02
  2.390772e-01,  3.183311e+02
  2.184502e-01,  3.161266e+02
  2.256014e-01,  3.154163e+02
  2.330465e-01,  3.146120e+02
  2.178203e-01,  3.176618e+02
  2.361065e-01,  3.135482e+02
  2.173578e-01,  3.199567e+02
  2.465374e-01,  3.130180e+02
  2.043004e-01,  3.205668e+02
  2.357560e-01,  3.168676e+02
  2.360883e-01,  3.147298e+02
  2.299354e-01,  3.183529e+02
  2.240470e-01,  3.141205e+02
  2.462900e-01,  3.185085e+02
  2.397663e-01,  3.134886e+02
  2.278591e-01,  3.153606e+02
  2.283089e-01,  3.170874e+02
  2.282163e-01,  3.177407e+02
  2.291410e-01,  3.153585e+02
  2.273962e-01,  3.149533e+02
  2.263693e-01,  3.183831e+02
  2.607210e-01,  3.140080e+02
  2.199941e-01,  3.176171e+02
  2.280888e-01,  3.175940e+02
  2.420308e-01,  3.169743e+02
  2.275952e-01,  3.170451e+02
  2.295869e-01,  3.147839e+02
  2.150115e-01,  3.170364e+02
  2.512530e-01,  3.155736e+02
  2.108934e-01,  3.182744e+02
  2.367631e-01,  3.147310e+02
  2.329403e-01,  3.205577e+02
  2.240083e-01,  3.153664e+02
  2.225506e-01,  3.170468e+02
  2.496122e-01,  3.144168e+02
  2.005202e-01,  3.189273e+02
  2.406417e-01,  3.153837e+02
  2.161793e-01,  3.179660e+02
  2.459388e-01,  3.144641e+02
  2.190498e-01,  3.194138e+02
  2.433864e-01,  3.144766e+02
  2.183493e-01,  3.177348e+02
  2.365800e-01,  3.133050e+02
  2.322025e-01,  3.146142e+02
  2.257141e-01,  3.188085e+02
  2.284587e-01,  3.165710e+02
  2.303039e-01,  3.122646e+02
  2.298696e-01,  3.193345e+02
  2.275637e-01,  3.155338e+02
  2.420045e-01,  3.162864e+02
  2.167881e-01,  3.150638e+02
  2.437677e-01,  3.186616e+02
  1.963028e-01,  3.159462e+02
  2.544329e-01,  3.138777e+02
  1.983827e-01,  3.203544e+02
  1.921338e-01,  7.044614e+01
  9.305804e+00,  3.545482e+02
  2.993556e+01,  9.567532e+00
  3.492852e+01,  3.521853e+02
  3.037669e+01,  3.300228e+02
  1.356494e+01,  2.992004e+02
  1.905483e+01,  2.015908e+02
  3.257776e+01,  1.729537e+02
  3.983191e+01,  1.675612e+02
  3.398793e+01,  1.612259e+02
  2.544284e+01,  1.257570e+02
  2.866131e+01,  8.192322e+01
  2.882603e+01,  5.819888e+01
  1.755604e+01,  3.873369e+01
  6.407562e+00,  3.061659e+02
  1.541393e+01,  2.638710e+02
  1.763312e+01,  2.696329e+02
  1.707767e+01,  2.839885e+02
  1.713217e+01,  2.797345e+02
  1.993979e+01,  2.483913e+02
  2.177592e+01,  2.135639e+02
  2.289736e+01,  1.559595e+02
  3.309899e+01,  1.211168e+02
  2.853303e+01,  1.063935e+02
  6.376266e+00,  3.861857e+01
  2.696074e+01,  2.980915e+02
  3.509415e+01,  2.857534e+02
  3.050730e+01,  2.513508e+02
  3.470799e+01,  2.064741e+02
  3.105199e+01,  1.830767e+02
  1.823179e+01,  1.639045e+02
  1.992648e+01,  1.221048e+02
  3.425759e+01,  1.143830e+02
  3.563041e+01,  1.059813e+02
  2.321553e+01,  8.621383e+01
  9.886513e+00,  3.017379e+01
  1.207280e+01,  3.381006e+02
  7.295227e+00,  2.735601e+02
  2.108064e+01,  2.066666e+02
  3.086071e+01,  2.216128e+02
  2.859420e+01,  2.690781e+02
  1.578100e+01,  3.298712e+02
  1.014143e+01,  7.057124e+01
  5.559794e+00,  1.773749e+02
  8.181259e+00,  2.679767e+02
  1.233920e+01,  1.711636e+01
  2.514391e+01,  5.992212e+01
  1.626336e+01,  7.173861e+01
  1.058634e+01,  2.969353e+02
  2.516583e+01,  3.034526e+02
  1.634183e+01,  3.288611e+02
  1.126320e+01,  1.320146e+02
  2.791252e+01,  1.720881e+02
  1.851697e+01,  2.133386e+02
  2.092855e+01,  3.400583e+02
  3.606355e+01,  2.788523e+01
  3.003403e+01,  5.281951e+01
  1.017486e+01,  2.100257e+01
  1.352874e+01,  2.507904e+02
  2.813903e+01,  2.311304e+02
  2.790857e+01,  2.351471e+02
  1.623603e+01,  2.173380e+02
  1.146438e+01,  1.408881e+02
  1.357993e+01,  1.025465e+02
  8.263815e+00,  6.759631e+01
  1.313688e+01,  2.461249e+01
  2.560691e+01,  2.935429e+01
  3.351421e+01,  2.454406e+01
  3.678051e+01,  7.209683e+00
  4.094992e+01,  3.555894e+02
  3.118334e+01,  3.439255e+02
  1.100123e+01,  2.822489e+02
  1.752253e+01,  1.825777e+02
  2.201986e+01,  1.282428e+02
  3.711001e+01,  7.449398e+01
  4.953642e+01,  5.039156e+01
  3.983937e+01,  2.789812e+01
  3.525829e+01,  3.482944e+02
  4.198885e+01,  3.277420e+02
  3.388281e+01,  3.268189e+02
  1.281192e+01,  3.358896e+02
  2.670007e+00,  9.302974e+01
  2.485730e+00,  6.738011e+01
  2.788170e+00,  5.200791e+01
  1.338725e+01,  1.318812e+02
  3.028591e+01,  1.463968e+02
  2.815804e+01,  1.448099e+02
  1.820006e+01,  7.761311e+01
  3.622218e+01,  3.011299e+01
  3.564225e+01,  2.625961e+01
  1.570097e+01,  3.493124e+01
  7.181454e+00,  2.375981e+02
  1.764376e+01,  2.286571e+02
  1.806532e+01,  2.018528e+02
  1.880249e+01,  1.835650e+02
  1.358069e+01,  1.862332e+02
  3.987514e+00,  2.293570e+02
  5.238120e+00,  3.486935e+02
  8.237312e+00,  2.332036e+01
  9.640472e+00,  2.077209e+01
  1.288334e+01,  3.447266e+02
  1.653879e+01,  3.196996e+02
  1.219126e+01,  2.794043e+02
  1.326278e+01,  1.956890e+02
  2.784777e+01,  1.588133e+02
  3.866369e+01,  1.238107e+02
  4.843837e+01,  8.574150e+01
  3.864329e+01,  6.848002e+01
  6.955041e+00,  9.470524e+01
  1.808536e+01,  3.102819e+02
  4.195565e+01,  4.165290e+00
  4.921998e+01,  1.971605e+01
  5.392847e+01,  3.311234e+02
  6.399341e+01,  3.051193e+02
  2.320782e+01,  2.920939e+02
  1.286081e+01,  1.811509e+02
  3.434163e+01,  1.702798e+02
  1.328418e+01,  1.511129e+02
  2.994959e+01,  1.797043e+01
  5.958258e+01,  2.372330e+01
  3.900016e+01,  2.520724e+00
  4.476031e+01,  3.207035e+02
  2.688150e+01,  2.863757e+02
  1.907040e+01,  3.147369e+02
  1.022856e+01,  3.510145e+02
  5.539508e+00,  1.175542e+02
  2.317425e+01,  1.591229e+02
  3.039128e+01,  1.630730e+02
  2.033124e+01,  1.484637e+02
  2.202809e+01,  5.109916e+01
  3.599090e+01,  2.300181e+01
  2.661633e+01,  2.542322e+00
  1.331722e+01,  2.948457e+02
  2.349121e+01,  2.616244e+02
  2.030683e+01,  2.610606e+02
  6.425963e+00,  2.238154e+02
  1.132116e+01,  1.581835e+02
  1.416398e+01,  1.898291e+02
  1.151596e+01,  2.397383e+02
  1.025320e+01,  3.470683e+02
  2.780749e+01,  4.057707e+01
  3.359708e+01,  5.793639e+01
  1.281612e+01,  4.871053e+01
  2.300613e+01,  2.771310e+02
  3.330592e+01,  2.812641e+02
  9.193197e+00,  2.871254e+02
  2.616664e+01,  1.224119e+02
  3.435339e+01,  1.403739e+02
  1.686505e+01,  1.813914e+02
  1.334123e+01,  2.930476e+02
  1.860582e+01,  3.246573e+02
  8.500839e+00,  3.247670e+02
  2.288688e+00,  2.595366e+02
  5.784458e+00,  3.136863e+02
  1.389776e+01,  3.370406e+02
  1.737185e+01,  3.263198e+02
  2.049989e+01,  2.953847e+02
  2.522710e+01,  2.641245e+02
  2.586085e+01,  2.317914e+02
  1.250229e+01,  1.609429e+02
  2.964802e+01,  9.535337e+01
  3.469842e+01,  9.209827e+01
  2.510682e+01,  5.757858e+01
  2.393544e+01,  3.538083e+02
  2.166588e+01,  3.056395e+02
  2.298294e+01,  2.560261e+02
  3.119758e+01,  2.122093e+02
  3.181769e+01,  1.808517e+02
  1.702031e+01,  1.624767e+02
  3.518951e+00,  7.459497e+01
  5.101100e+00,  1.389281e+01
  5.798010e+00,  2.714784e+02
  1.440010e+01,  2.645185e+02
  1.685348e+01,  3.130612e+02
  2.818147e+01,  1.599691e+00
  3.586697e+01,  3.570260e+02
  4.593302e+01,  3.176484e+02
  5.768805e+01,  2.890162e+02
  3.989014e+01,  2.698101e+02
  2.193886e+01,  2.524563e+02
  1.336798e+01,  1.455306e+02
  1.310455e+01,  8.065395e+01
  3.474606e+01,  2.328112e+01
  4.554158e+01,  2.931466e+01
  3.548447e+01,  2.819483e+01
  2.018097e+01,  3.366213e+02
  2.198942e+01,  2.771094e+02
  2.514222e+01,  2.630026e+02
  1.888027e+01,  2.856011e+02
  1.684488e+00,  2.240204e+02
  1.860174e+01,  1.298890e+02
  2.326389e+01,  1.350326e+02
  1.366579e+01,  8.863399e+01
  2.818096e+01,  3.508867e+01
  3.257471e+01,  1.708364e+01
  1.868927e+01,  2.898031e+02
  4.570889e+01,  2.565898e+02
  1.562517e+01,  1.702573e+02
  2.179943e+01,  4.229384e+01
  1.504199e+01,  2.332655e+02
  6.574544e+00,  5.474575e+01
  2.719879e+00,  2.448150e+02
  9.524954e-01,  3.946301e+01
  6.136093e-01,  2.333657e+02
  6.198877e-01,  3.582014e+02
  4.770462e-01,  2.290850e+02
  5.695398e-01,  3.581813e+02
  4.288600e-01,  2.367887e+02
  4.835666e-01,  3.586017e+02
  3.827067e-01,  2.470071e+02
  3.967067e-01,  3.562730e+02
  3.199408e-01,  2.612344e+02
  3.091965e-01,  3.537954e+02
  2.979543e-01,  2.767245e+02
  2.351277e-01,  3.510341e+02
  2.870111e-01,  2.883969e+02
  2.032728e-01,  3.435627e+02
  2.904130e-01,  3.051717e+02
  1.579799e-01,  3.218419e+02
  2.986492e-01,  3.170463e+02
  1.598819e-01,  3.026586e+02
  2.911297e-01,  3.241925e+02
  1.649797e-01,  2.945779e+02
  3.110364e-01,  3.297422e+02
  1.929409e-01,  2.848312e+02
  3.102085e-01,  3.338720e+02
  1.907493e-01,  2.834578e+02
  3.194834e-01,  3.319972e+02
  1.931558e-01,  2.835039e+02
  3.044656e-01,  3.331514e+02
  2.116149e-01,  2.884146e+02
  2.683766e-01,  3.359915e+02
  2.251936e-01,  2.917640e+02
  2.481641e-01,  3.350590e+02
  2.486844e-01,  2.981069e+02
  2.331129e-01,  3.316647e+02
  2.394373e-01,  3.022727e+02
  1.994926e-01,  3.288220e+02
  2.660227e-01,  3.082167e+02
  1.850223e-01,  3.238385e+02
  2.776038e-01,  3.127974e+02
  1.860891e-01,  3.169939e+02
  2.704872e-01,  3.193059e+02
  1.819851e-01,  3.105656e+02
  2.736501e-01,  3.234909e+02
  2.097725e-01,  3.008302e+02
  2.684914e-01,  3.269633e+02
  2.067837e-01,  3.036217e+02
  2.505546e-01,  3.290060e+02
  2.186054e-01,  3.004332e+02
  2.469495e-01,  3.270524e+02
  2.133701e-01,  3.042271e+02
  2.398628e-01,  3.309409e+02
  2.200473e-01,  3.006426e+02
  2.427566e-01,  3.274969e+02
  2.364870e-01,  3.037136e+02
  2.298607e-01,  3.252338e+02
  2.262587e-01,  3.097755e+02
  2.121836e-01,  3.209783e+02
  2.399974e-01,  3.141228e+02
  2.053938e-01,  3.173355e+02
  2.518197e-01,  3.126596e+02
  2.032414e-01,  3.212364e+02
  2.491882e-01,  3.185927e+02
  2.120392e-01,  3.119195e+02
  2.470603e-01,  3.240481e+02
  2.171699e-01,  3.090137e+02
  2.386942e-01,  3.246995e+02
  2.199558e-01,  3.084363e+02
  2.466233e-01,  3.218419e+02
  2.187201e-01,  3.092585e+02
  2.473380e-01,  3.244533e+02
  2.176370e-01,  3.075207e+02
  2.435875e-01,  3.230986e+02
  2.225949e-01,  3.085001e+02
  2.296201e-01,  3.223853e+02
  2.298796e-01,  3.087257e+02
  2.341452e-01,  3.194724e+02
  2.194716e-01,  3.146664e+02
  2.340779e-01,  3.174680e+02
  2.394277e-01,  3.159257e+02
  2.163934e-01,  3.147553e+02
  2.273153e-01,  3.149800e+02
  2.227217e-01,  3.190559e+02
  2.418917e-01,  3.172378e+02
  2.073876e-01,  3.177761e+02
  2.424230e-01,  3.178820e+02
  2.113563e-01,  3.130480e+02
  2.350982e-01,  3.216648e+02
  2.200436e-01,  3.138240e+02
  2.395683e-01,  3.180631e+02
  2.060423e-01,  3.111818e+02
  2.452557e-01,  3.198657e+02
  2.290648e-01,  3.113294e+02
  2.441494e-01,  3.185247e+02
  2.160660e-01,  3.125711e+02
  2.245297e-01,  3.154229e+02
  2.327137e-01,  3.131321e+02
  2.214745e-01,  3.202965e+02
  2.300811e-01,  3.127236e+02
  2.220285e-01,  3.202741e+02
  2.207232e-01,  3.128402e+02
  2.282756e-01,  3.182965e+02
  2.356742e-01,  3.103590e+02
  2.276185e-01,  3.187222e+02
  2.240298e-01,  3.158452e+02
  2.213716e-01,  3.173114e+02
  2.557137e-01,  3.181193e+02
  1.993296e-01,  3.136473e+02
  2.362428e-01,  3.191002e+02
  2.192130e-01,  3.139018e+02
  2.305010e-01,  3.188018e+02
  2.225380e-01,  3.128867e+02
  2.338313e-01,  3.211656e+02
  2.235519e-01,  3.117283e+02
  2.288485e-01,  3.195920e+02
  2.250213e-01,  3.153777e+02
  2.235140e-01,  3.196492e+02
  2.409513e-01,  3.130142e+02
  2.217987e-01,  3.176190e+02
  2.250808e-01,  3.149138e+02
  2.315215e-01,  3.168041e+02
  2.269974e-01,  3.128815e+02
  2.333887e-01,  3.166879e+02
  2.255105e-01,  3.181587e+02
  2.348598e-01,  3.162923e+02
  2.260215e-01,  3.158767e+02
  2.167013e-01,  3.167139e+02
  2.403526e-01,  3.147061e+02
  2.219183e-01,  3.126045e+02
  2.404113e-01,  3.178031e+02
  2.155303e-01,  3.155362e+02
  2.372749e-01,  3.175208e+02
  2.181263e-01,  3.164854e+02
  2.298875e-01,  3.172409e+02
  2.361402e-01,  3.120945e+02
  2.182839e-01,  3.203508e+02
  2.279897e-01,  3.162610e+02
  2.421305e-01,  3.142632e+02
  2.298386e-01,  3.172180e+02
  2.301781e-01,  3.151069e+02
  2.262701e-01,  3.148866e+02
  2.122288e-01,  3.205702e+02
  2.283414e-01,  3.139254e+02
  2.267802e-01,  3.150909e+02
  2.252293e-01,  3.168224e+02
  2.259323e-01,  3.195196e+02
  2.297363e-01,  3.128983e+02
  2.299826e-01,  3.167356e+02
  2.335735e-01,  3.151059e+02
  2.239290e-01,  3.146106e+02
  2.291012e-01,  3.171974e+02
  2.274544e-01,  3.156398e+02
  2.385532e-01,  3.183832e+02
  2.194904e-01,  3.145567e+02
  2.307515e-01,  3.160877e+02
  2.247219e-01,  3.174477e+02
  2.233684e-01,  3.174422e+02
  2.311753e-01,  3.176785e+02
  2.154562e-01,  3.158763e+02
  2.301097e-01,  3.164349e+02
  2.234275e-01,  3.161766e+02
  2.129826e-01,  3.153045e+02
  2.342399e-01,  3.194435e+02
  2.269979e-01,  3.122311e+02
  2.263525e-01,  3.194799e+02
  2.351517e-01,  3.124490e+02
  2.145377e-01,  3.192297e+02
  2.382703e-01,  3.154171e+02
  2.320382e-01,  3.160552e+02
  2.301826e-01,  3.142327e+02
  2.281060e-01,  3.151862e+02
  2.238567e-01,  3.188018e+02
  2.319880e-01,  3.160997e+02
  2.194943e-01,  3.187520e+02
  2.234059e-01,  3.136024e+02
  2.215492e-01,  3.198341e+02
  2.324257e-01,  3.147806e+02
  2.238453e-01,  3.173708e+02
  2.276089e-01,  3.141745e+02
  2.349435e-01,  3.172060e+02
  2.172493e-01,  3.182048e+02
  2.322297e-01,  3.176728e+02
  2.205349e-01,  3.151617e+02
  2.264981e-01,  3.149890e+02
  2.215562e-01,  3.168084e+02
  2.290057e-01,  3.160479e+02
  2.394822e-01,  3.149005e+02
  2.215786e-01,  3.161947e+02
  2.233008e-01,  3.141445e+02
  2.265600e-01,  3.183746e+02
  2.320506e-01,  3.173551e+02
  2.276321e-01,  3.128055e+02
  2.288445e-01,  3.155557e+02
  2.246593e-01,  3.152794e+02
  2.365009e-01,  3.182657e+02
  2.133673e-01,  3.149957e+02
  2.332120e-01,  3.179655e+02
  2.348317e-01,  3.137820e+02
  2.174741e-01,  3.155169e+02
  2.359219e-01,  3.191014e+02
  2.117565e-01,  3.159552e+02
  2.300853e-01,  3.171528e+02
  2.250544e-01,  3.181844e+02
  2.287623e-01,  3.203056e+02
  2.143105e-01,  3.147447e+02
  2.191231e-01,  3.182012e+02
  2.279984e-01,  3.145149e+02
  2.267133e-01,  3.144084e+02
  2.405261e-01,  3.210051e+02
  2.255214e-01,  3.105373e+02
  2.317110e-01,  3.173429e+02
  2.225874e-01,  3.165517e+02
  2.247309e-01,  3.139098e+02
  2.198102e-01,  3.191845e+02
  2.167497e-01,  3.199579e+02
  2.335451e-01,  3.154395e+02
  2.337654e-01,  3.147289e+02
  2.216027e-01,  3.167591e+02
  2.347414e-01,  3.177178e+02
  2.275206e-01,  3.156484e+02
  2.214535e-01,  3.145376e+02
  2.273155e-01,  3.157020e+02
  2.329216e-01,  3.144937e+02
  2.261806e-01,  3.171434e+02
  2.292199e-01,  3.130093e+02
  2.280669e-01,  3.148778e+02
  2.162420e-01,  3.209838e+02
  2.322401e-01,  3.186944e+02
  2.228485e-01,  3.131736e+02
  2.205498e-01,  3.198762e+02
  2.338948e-01,  3.131096e+02
  2.372224e-01,  3.156666e+02
  2.299329e-01,  3.181178e+02
  2.249151e-01,  3.169288e+02
  2.354228e-01,  3.154951e+02
  2.275164e-01,  3.165204e+02
  2.201525e-01,  3.192927e+02
  2.331347e-01,  3.157845e+02
  2.237027e-01,  3.176114e+02
  2.351226e-01,  3.132654e+02
  2.299312e-01,  3.177380e+02
  2.151083e-01,  3.172365e+02
  2.305202e-01,  3.161301e+02
  2.241314e-01,  3.160094e+02
  2.146328e-01,  3.182364e+02
  2.484648e-01,  3.140575e+02
  2.263111e-01,  3.160416e+02
  2.326486e-01,  3.150193e+02
  2.282665e-01,  3.183018e+02
  2.092490e-01,  3.161299e+02
  2.293619e-01,  3.159044e+02
  2.304009e-01,  3.191900e+02
  2.341527e-01,  3.155533e+02
  2.232447e-01,  3.179321e+02
  2.438880e-01,  3.131710e+02
  2.148798e-01,  3.179555e+02
  2.353314e-01,  3.142024e+02
  2.259922e-01,  3.188068e+02
  2.139151e-01,  3.173163e+02
  2.348447e-01,  3.167520e+02
  2.121590e-01,  3.179203e+02
  2.277489e-01,  3.134233e+02
  2.379015e-01,  3.150152e+02
  2.229434e-01,  3.165990e+02
  2.312932e-01,  3.167883e+02
  2.258102e-01,  3.137024e+02
  2.284597e-01,  3.175900e+02
  2.278795e-01,  3.169650e+02
  2.258499e-01,  3.177445e+02
  2.295675e-01,  3.135745e+02
  2.237308e-01,  3.188662e+02
  2.286927e-01,  3.165295e+02
  2.207866e-01,  3.130832e+02
  2.330047e-01,  3.193667e+02
  2.201473e-01,  3.142096e+02
  2.292565e-01,  3.154029e+02
  2.330950e-01,  3.135007e+02
  2.337874e-01,  3.165345e+02
  2.225385e-01,  3.149795e+02
  2.306971e-01,  3.162451e+02
  2.335191e-01,  3.184390e+02
  2.287113e-01,  3.152693e+02
  2.335898e-01,  3.168777e+02
  2.321472e-01,  3.160494e+02
  2.280908e-01,  3.156345e+02
  2.151422e-01,  3.174031e+02
  2.253007e-01,  3.200842e+02
  2.210600e-01,  3.155461e+02
  2.202505e-01,  3.164946e+02
  2.303261e-01,  3.172364e+02
  2.209490e-01,  3.181271e+02
  2.254319e-01,  3.167849e+02
  2.204054e-01,  3.152236e+02
  2.343655e-01,  3.170006e+02
  2.379395e-01,  3.166946e+02
  2.089244e-01,  3.169674e+02
  2.370116e-01,  3.187550e+02
  2.376007e-01,  3.146174e+02
  2.160479e-01,  3.165140e+02
  2.259671e-01,  3.151239e+02
  2.311447e-01,  3.196515e+02
  2.219155e-01,  3.140683e+02
  2.381267e-01,  3.131665e+02
  2.234309e-01,  3.190120e+02
  2.449446e-01,  3.146082e+02
  2.218089e-01,  3.165746e+02
  2.307252e-01,  3.107870e+02
  2.239818e-01,  3.219859e+02
  2.159618e-01,  3.164929e+02
  2.318057e-01,  3.170065e+02
  2.199548e-01,  3.154190e+02
  2.151793e-01,  3.184193e+02
  2.338183e-01,  3.145437e+02
  2.242364e-01,  3.156892e+02
  2.171419e-01,  3.183020e+02
  2.390102e-01,  3.149536e+02
  2.161913e-01,  3.175746e+02
  2.353949e-01,  3.132946e+02
  2.267977e-01,  3.167949e+02
  2.296671e-01,  3.170010e+02
  2.294677e-01,  3.142385e+02
  2.298603e-01,  3.188018e+02
  2.353599e-01,  3.162772e+02
  2.256973e-01,  3.131910e+02
  2.255116e-01,  3.184977e+02
  2.313702e-01,  3.139159e+02
  2.295302e-01,  3.188346e+02
  2.312756e-01,  3.133824e+02
  2.186829e-01,  3.213082e+02
  3.768408e-01,  2.332435e+02
  3.994274e+00,  2.895251e+02
  3.685191e+00,  3.164350e+02
  6.888005e+00,  8.839103e+01
  1.423924e+01,  1.048329e+02
  1.522893e+01,  1.091831e+02
  1.007710e+01,  1.153397e+02
  4.974157e+00,  1.511380e+02
  6.510123e+00,  1.905552e+02
  9.097318e+00,  1.839633e+02
  1.081110e+01,  1.648260e+02
  1.293493e+01,  1.485262e+02
  1.591101e+01,  1.509041e+02
  1.896438e+01,  1.708181e+02
  2.076918e+01,  1.991789e+02
  2.148550e+01,  2.286759e+02
  2.017587e+01,  2.490634e+02
  1.199610e+01,  2.519268e+02
  3.833261e+00,  1.381436e+02
  1.458902e+01,  1.048910e+02
  1.654390e+01,  9.792062e+01
  1.015173e+01,  7.062702e+01
  6.852686e+00,  1.646966e+00
  6.579635e+00,  3.130281e+02
  5.058904e+00,  2.272533e+02
  1.289458e+01,  1.762012e+02
  1.715230e+01,  1.602791e+02
  1.171629e+01,  1.452729e+02
  6.171366e-01,  1.294338e+02
  9.310340e+00,  2.967133e+02
  1.463041e+01,  2.868059e+02
  1.085083e+01,  2.735431e+02
  2.828820e+00,  1.739742e+02
  1.120404e+01,  1.155111e+02
  1.230504e+01,  1.084430e+02
  3.321133e+00,  7.516816e+01
  8.975766e+00,  3.056654e+02
  1.415224e+01,  2.926075e+02
  1.122410e+01,  2.668642e+02
  8.879822e+00,  2.152887e+02
  9.289910e+00,  1.974154e+02
  6.060219e+00,  2.348794e+02
  9.882125e+00,  3.078256e+02
  1.458305e+01,  3.301239e+02
  1.146491e+01,  3.317268e+02
  6.300696e+00,  2.943657e+02
  7.339911e+00,  2.692054e+02
  9.349477e+00,  3.000477e+02
  1.401096e+01,  3.414338e+02
  1.735533e+01,  1.146683e+01
  1.499184e+01,  3.859662e+01
  9.743499e+00,  6.811369e+01
  4.517729e+00,  8.754792e+01
  1.964355e+00,  3.440785e+02
  8.241595e+00,  3.180972e+02
  1.155196e+01,  3.049220e+02
  1.043468e+01,  2.704460e+02
  9.644591e+00,  2.269507e+02
  6.680649e+00,  1.707786e+02
  1.191929e+01,  1.058822e+02
  1.826618e+01,  9.088675e+01
  1.537467e+01,  8.225889e+01
  5.101904e+00,  7.335243e+01
  4.161967e+00,  2.213165e+02
  1.147600e+01,  2.041218e+02
  1.942009e+01,  1.936052e+02
  2.451700e+01,  1.979520e+02
  2.563956e+01,  2.234195e+02
  2.712413e+01,  2.589411e+02
  2.350534e+01,  2.866842e+02
  8.078039e+00,  3.276203e+02
  1.702000e+01,  1.022666e+02
  3.048958e+01,  1.221402e+02
  3.064334e+01,  1.296524e+02
  2.631959e+01,  1.253549e+02
  2.517888e+01,  1.233266e+02
  2.516979e+01,  1.382415e+02
  2.306676e+01,  1.678180e+02
  1.663367e+01,  2.016627e+02
  5.033660e+00,  2.342444e+02
  5.096684e+00,  6.572535e+01
  8.345350e+00,  1.063854e+02
  8.695114e+00,  1.658038e+02
  1.149248e+01,  2.163253e+02
  1.035187e+01,  2.332983e+02
  4.835858e+00,  1.972276e+02
  8.102944e+00,  1.327665e+02
  9.998948e+00,  1.202361e+02
  7.879274e+00,  9.654254e+01
  9.742928e+00,  8.181137e+01
  1.461684e+01,  1.086732e+02
  1.900990e+01,  1.487303e+02
  2.182637e+01,  1.916946e+02
  2.117139e+01,  2.256942e+02
  1.334836e+01,  2.479716e+02
  4.147694e+00,  2.914618e+02
  3.973546e+00,  9.978742e+00
  2.111017e+00,  5.925474e+00
  3.203443e+00,  2.601505e+02
  6.124084e+00,  2.560808e+02
  4.737614e+00,  2.790377e+02
  5.832412e+00,  3.509693e+02
  1.121958e+01,  1.208333e+01
  1.328555e+01,  2.115530e+01
  1.075803e+01,  3.391203e+01
  6.937167e+00,  6.327208e+01
  7.651983e+00,  1.072909e+02
  1.179478e+01,  1.200623e+02
  1.235121e+01,  1.147947e+02
  6.966032e+00,  8.051836e+01
  7.792539e+00,  3.523036e+02
  1.387083e+01,  3.318297e+02
  1.373165e+01,  3.412799e+02
  8.953872e+00,  3.007798e+01
  1.301855e+01,  9.926365e+01
  1.792087e+01,  1.244468e+02
  1.475466e+01,  1.211697e+02
  1.051392e+01,  6.693214e+01
  1.529604e+01,  2.544335e+01
  1.300093e+01,  1.062201e+01
  2.786010e+00,  3.122961e+02
  8.831151e+00,  2.176137e+02
  8.403029e+00,  2.188817e+02
  1.227025e+00,  1.431591e+01
  1.153511e+01,  3.937192e+01
  1.393112e+01,  4.313204e+01
  7.164190e+00,  3.348830e+01
  1.157440e+00,  3.140799e+02
  3.532759e-01,  1.069675e+02
  6.659395e+00,  5.404826e+01
  1.479096e+01,  4.947641e+01
  1.678707e+01,  4.377167e+01
  1.157304e+01,  2.542975e+01
  7.542509e+00,  3.394596e+02
  5.471386e+00,  3.201138e+02
  3.493765e+00,  8.519967e+01
  1.486182e+01,  1.154843e+02
  2.036472e+01,  1.232220e+02
  1.518986e+01,  1.180822e+02
  6.252198e+00,  7.334963e+01
  1.121331e+01,  3.554918e+02
  2.208618e+01,  6.953428e+00
  2.995144e+01,  3.841834e+01
  3.028475e+01,  7.487627e+01
  2.145133e+01,  1.163466e+02
  1.257473e+01,  1.848394e+02
  1.520739e+01,  2.555488e+02
  1.389142e+01,  2.956452e+02
  5.620518e+00,  3.378634e+00
  9.222205e+00,  1.198149e+02
  1.233570e+01,  1.710845e+02
  1.050783e+01,  2.376320e+02
  1.386074e+01,  3.177362e+02
  1.879314e+01,  1.159799e+01
  2.137862e+01,  5.174530e+01
  1.988674e+01,  7.105487e+01
  1.456530e+01,  6.040677e+01
  1.197772e+01,  2.467815e+01
  1.373986e+01,  6.993737e+00
  1.435301e+01,  1.667730e+01
  1.234953e+01,  4.351132e+01
  1.032565e+01,  8.282181e+01
  1.043058e+01,  1.150955e+02
  1.005533e+01,  1.210227e+02
  9.390040e+00,  1.004041e+02
  9.658299e+00,  7.166218e+01
  9.141978e+00,  4.654757e+01
  7.777493e+00,  1.427232e+01
  8.085223e+00,  3.460448e+02
  7.799839e+00,  3.420153e+02
  5.158232e+00,  3.315178e+00
  3.002384e+00,  6.019565e+01
  2.607442e+00,  1.341664e+02
  2.913677e+00,  2.140942e+02
  5.016800e+00,  2.837180e+02
  1.010038e+01,  3.303829e+02
  1.697474e+01,  3.594302e+02
  2.123170e+01,  1.709045e+01
  1.979165e+01,  2.978442e+01
  1.337013e+01,  4.570806e+01
  6.440823e+00,  8.093420e+01
  5.158902e+00,  1.321371e+02
  4.844931e+00,  1.204511e+02
  7.715252e+00,  7.651934e+01
  1.131062e+01,  5.064512e+01
  1.287256e+01,  1.540232e+01
  1.837580e+01,  3.436054e+02
  2.004722e+01,  3.449373e+02
  1.435741e+01,  2.163944e+01
  1.899557e+01,  9.004564e+01
  2.644055e+01,  1.132266e+02
  2.313570e+01,  1.117811e+02
  1.286698e+01,  7.844037e+01
  1.240448e+01,  1.563293e+01
  1.518199e+01,  2.544928e+00
  1.044383e+01,  3.765354e+01
  1.451955e+01,  1.198480e+02
  2.242321e+01,  1.552435e+02
  3.840463e+00,  2.497422e+02
  2.761337e+00,  2.219937e+01
  1.881848e+00,  2.041575e+02
  1.090482e+00,  1.626425e-01
  3.467602e-01,  2.425514e+02
  1.942253e-01,  3.474022e+02
  3.371187e-01,  3.057405e+02
  1.097620e-01,  3.452008e+02
  3.178887e-01,  3.055475e+02
  1.507050e-01,  3.441427e+02
  2.936980e-01,  3.031329e+02
  1.769055e-01,  3.312405e+02
  2.741432e-01,  3.067022e+02
  1.864212e-01,  3.314294e+02
  2.510527e-01,  3.089379e+02
  2.159200e-01,  3.232359e+02
  2.376261e-01,  3.101869e+02
  2.336259e-01,  3.190224e+02
  2.145869e-01,  3.120035e+02
  2.540549e-01,  3.204244e+02
  1.896114e-01,  3.158052e+02
  2.509205e-01,  3.144874e+02
  1.826456e-01,  3.170868e+02
  2.643434e-01,  3.152319e+02
  1.913495e-01,  3.227189e+02
  2.559422e-01,  3.127027e+02
  1.890788e-01,  3.183093e+02
  2.653164e-01,  3.157871e+02
  1.938017e-01,  3.173068e+02
  2.545001e-01,  3.132087e+02
  1.991880e-01,  3.172950e+02
  2.476720e-01,  3.136268e+02
  2.012325e-01,  3.176391e+02
  2.421855e-01,  3.130606e+02
  2.120795e-01,  3.188631e+02
  2.421953e-01,  3.128102e+02
  2.152446e-01,  3.198105e+02
  2.309504e-01,  3.116776e+02
  2.324169e-01,  3.201578e+02
  2.202107e-01,  3.123056e+02
  2.303750e-01,  3.198388e+02
  2.213396e-01,  3.164242e+02
  2.415807e-01,  3.154594e+02
  2.012941e-01,  3.174591e+02
  2.274428e-01,  3.173722e+02
  2.241836e-01,  3.154728e+02
  2.289621e-01,  3.184971e+02
  2.169699e-01,  3.189796e+02
  2.460000e-01,  3.153082e+02
  1.902372e-01,  3.166368e+02
  2.641708e-01,  3.154502e+02
  2.014401e-01,  3.198312e+02
  2.356016e-01,  3.154270e+02
  2.200425e-01,  3.161708e+02
  2.406121e-01,  3.123580e+02
  2.261618e-01,  3.171242e+02
  2.277028e-01,  3.141113e+02
  2.093762e-01,  3.204475e+02
  2.314910e-01,  3.117741e+02
  2.122628e-01,  3.192516e+02
  2.330989e-01,  3.177289e+02
  2.238464e-01,  3.155321e+02
  2.184935e-01,  3.168706e+02
  2.403762e-01,  3.164780e+02
  2.128382e-01,  3.137943e+02
  2.308124e-01,  3.201969e+02
  2.208220e-01,  3.147942e+02
  2.322855e-01,  3.209828e+02
  2.090975e-01,  3.141940e+02
  2.414935e-01,  3.140076e+02
  1.997252e-01,  3.217970e+02
  2.390740e-01,  3.138689e+02
  2.172516e-01,  3.176755e+02
  2.415269e-01,  3.137692e+02
  2.109566e-01,  3.183117e+02
  2.331856e-01,  3.155015e+02
  2.124636e-01,  3.172238e+02
  2.343587e-01,  3.155543e+02
  2.271475e-01,  3.165202e+02
  2.257074e-01,  3.128277e+02
  2.340638e-01,  3.200535e+02
  2.132549e-01,  3.162240e+02
  2.322199e-01,  3.174856e+02
  2.286919e-01,  3.126103e+02
  2.221146e-01,  3.193989e+02
  2.196384e-01,  3.143516e+02
  2.357746e-01,  3.152402e+02
  2.086394e-01,  3.214869e+02
  2.318665e-01,  3.156545e+02
  2.224687e-01,  3.156476e+02
  2.471348e-01,  3.158657e+02
  2.178697e-01,  3.151757e+02
  2.374616e-01,  3.133080e+02
  2.209401e-01,  3.205917e+02
  2.292626e-01,  3.164532e+02
  2.269994e-01,  3.172738e+02
  2.111649e-01,  3.164520e+02
  2.265749e-01,  3.162840e+02
  2.307761e-01,  3.142373e+02
  2.259957e-01,  3.191909e+02
  2.201030e-01,  3.146089e+02
  2.194924e-01,  3.165838e+02
  2.303743e-01,  3.151446e+02
  2.294980e-01,  3.168607e+02
  2.180710e-01,  3.166158e+02
  2.273806e-01,  3.163701e+02
  2.248629e-01,  3.157143e+02
  2.231697e-01,  3.151834e+02
  2.317665e-01,  3.151046e+02
  2.244571e-01,  3.183100e+02
  2.129304e-01,  3.156903e+02
  2.279553e-01,  3.165599e+02
  2.248806e-01,  3.154029e+02
  2.382438e-01,  3.138703e+02
  2.135034e-01,  3.201189e+02
  2.311927e-01,  3.128716e+02
  2.188035e-01,  3.171051e+02
  2.252320e-01,  3.161126e+02
  2.181779e-01,  3.203822e+02
  2.193518e-01,  3.131820e+02
  2.416694e-01,  3.145951e+02
  2.210833e-01,  3.202919e+02
  2.242780e-01,  3.183772e+02
  2.375144e-01,  3.134232e+02
  2.211535e-01,  3.206183e+02
  2.156324e-01,  3.147895e+02
  2.426187e-01,  3.140519e+02
  2.106838e-01,  3.195234e+02
  2.163163e-01,  3.151043e+02
  2.383477e-01,  3.173331e+02
  2.267706e-01,  3.144011e+02
  2.290586e-01,  3.175871e+02
  2.201055e-01,  3.153287e+02
  2.209717e-01,  3.185205e+02
  2.281799e-01,  3.154688e+02
  2.215725e-01,  3.141381e+02
  2.292054e-01,  3.185131e+02
  2.166105e-01,  3.215099e+02
  2.157884e-01,  3.132456e+02
  2.450142e-01,  3.150686e+02
  2.273992e-01,  3.161871e+02
  2.084337e-01,  3.159384e+02
  2.311562e-01,  3.178116e+02
  2.294383e-01,  3.115047e+02
  2.289838e-01,  3.203743e+02
  2.227581e-01,  3.177933e+02
  2.247512e-01,  3.160880e+02
  2.237821e-01,  3.182410e+02
  2.324834e-01,  3.126168e+02
  2.204739e-01,  3.167413e+02
  2.295092e-01,  3.168512e+02
  2.228948e-01,  3.188430e+02
  2.147519e-01,  3.169241e+02
  2.341847e-01,  3.145148e+02
  2.122899e-01,  3.154761e+02
  2.233699e-01,  3.182004e+02
  2.186271e-01,  3.176462e+02
  2.278088e-01,  3.124257e+02
  2.300957e-01,  3.190921e+02
  2.233899e-01,  3.187625e+02
  2.290164e-01,  3.135456e+02
  2.370126e-01,  3.158438e+02
  2.020864e-01,  3.190920e+02
  2.257007e-01,  3.146987e+02
  2.302378e-01,  3.158338e+02
  2.226855e-01,  3.175856e+02
  2.427311e-01,  3.134457e+02
  2.182953e-01,  3.177491e+02
  2.345573e-01,  3.169944e+02
  2.158627e-01,  3.176081e+02
  2.200728e-01,  3.183600e+02
  2.277374e-01,  3.147286e+02
  2.371811e-01,  3.169671e+02
  2.157430e-01,  3.152730e+02
  2.291259e-01,  3.164220e+02
  2.323567e-01,  3.163908e+02
  2.176439e-01,  3.145444e+02
  2.376904e-01,  3.172663e+02
  2.061150e-01,  3.207005e+02
  2.330493e-01,  3.152371e+02
  2.266752e-01,  3.153623e+02
  2.127318e-01,  3.192335e+02
  2.190868e-01,  3.182955e+02
  2.354281e-01,  3.158845e+02
  2.195228e-01,  3.175470e+02
  2.263960e-01,  3.153474e+02
  2.337301e-01,  3.169963e+02
  2.041065e-01,  3.193258e+02
  2.296764e-01,  3.152420e+02
  2.193120e-01,  3.188238e+02
  2.306522e-01,  3.158145e+02
  2.178750e-01,  3.152227e+02
  2.261734e-01,  3.167223e+02
  2.330472e-01,  3.172498e+02
  2.232135e-01,  3.169563e+02
  2.297075e-01,  3.177542e+02
  2.238317e-01,  3.162407e+02
  2.281184e-01,  3.185860e+02
  2.188877e-01,  3.142425e+02
  2.311862e-01,  3.182048e+02
  2.243925e-01,  3.150981e+02
  2.296148e-01,  3.153371e+02
  2.235666e-01,  3.178604e+02
  2.175959e-01,  3.182994e+02
  2.360307e-01,  3.163841e+02
  2.212341e-01,  3.116084e+02
  2.339500e-01,  3.188165e+02
  2.140408e-01,  3.151320e+02
  2.235181e-01,  3.160712e+02
  2.381726e-01,  3.149457e+02
  2.240323e-01,  3.172549e+02
  2.388885e-01,  3.146367e+02
  2.205586e-01,  3.187313e+02
  2.161164e-01,  3.160142e+02
  2.187139e-01,  3.168316e+02
  2.325387e-01,  3.140152e+02
  2.271009e-01,  3.163269e+02
  2.356280e-01,  3.180570e+02
  2.190687e-01,  3.148952e+02
  2.188671e-01,  3.197873e+02
  2.268245e-01,  3.171150e+02
  2.366396e-01,  3.142463e+02
  2.264504e-01,  3.172062e+02
  2.128698e-01,  3.212613e+02
  2.165704e-01,  3.152123e+02
  2.318359e-01,  3.130582e+02
  2.340860e-01,  3.149942e+02
  2.097837e-01,  3.206886e+02
  2.366558e-01,  3.161367e+02
  2.232726e-01,  3.161682e+02
  2.232527e-01,  3.134635e+02
  2.278987e-01,  3.191281e+02
  2.259759e-01,  3.121964e+02
  2.197150e-01,  3.171973e+02
  2.275676e-01,  3.164797e+02
  2.224293e-01,  3.156951e+02
  2.371568e-01,  3.142147e+02
  2.218668e-01,  3.168335e+02
  2.270192e-01,  3.194442e+02
  2.170484e-01,  3.129281e+02
  2.268791e-01,  3.201485e+02
  2.256612e-01,  3.125550e+02
  2.204638e-01,  3.208756e+02
  2.380137e-01,  3.126144e+02
  2.132603e-01,  3.163562e+02
  2.386788e-01,  3.164483e+02
  2.070170e-01,  3.167098e+02
  2.322395e-01,  3.140705e+02
  2.322998e-01,  3.151799e+02
  2.331477e-01,  3.169748e+02
  2.232299e-01,  3.157902e+02
  2.331857e-01,  3.201791e+02
  2.142179e-01,  3.151004e+02
  2.145215e-01,  3.194715e+02
  2.312892e-01,  3.134072e+02
  2.347172e-01,  3.151874e+02
  2.293562e-01,  3.167799e+02
  2.134887e-01,  3.157795e+02
  2.295168e-01,  3.190640e+02
  2.222856e-01,  3.182524e+02
  2.343430e-01,  3.119476e+02
  2.189330e-01,  3.181023e+02
  2.291213e-01,  3.181973e+02
  2.123933e-01,  3.173481e+02
  2.282957e-01,  3.161258e+02
  2.196699e-01,  3.176547e+02
  2.266599e-01,  3.171307e+02
  2.256302e-01,  3.147468e+02
  2.244629e-01,  3.152674e+02
  2.219440e-01,  3.172081e+02
  2.322629e-01,  3.170583e+02
  2.337656e-01,  3.153320e+02
  2.152522e-01,  3.196597e+02
  2.416448e-01,  3.122012e+02
  2.229943e-01,  3.214886e+02
  2.076344e-01,  3.165919e+02
  2.321434e-01,  3.179059e+02
  2.164545e-01,  3.184184e+02
  2.236551e-01,  3.149248e+02
  2.314874e-01,  3.203453e+02
  2.100386e-01,  3.118997e+02
  2.341855e-01,  3.180557e+02
  2.148297e-01,  3.143882e+02
  2.300803e-01,  3.167728e+02
  2.139146e-01,  3.181905e+02
  2.279835e-01,  3.151360e+02
  2.333635e-01,  3.162080e+02
  2.116201e-01,  3.180310e+02
  2.196140e-01,  3.202821e+02
  2.260251e-01,  3.127058e+02
  2.332335e-01,  3.160320e+02
  2.267162e-01,  3.173266e+02
  2.160817e-01,  3.168310e+02
  2.259015e-01,  3.157891e+02
  2.346871e-01,  3.130083e+02
  2.260662e-01,  3.189347e+02
  2.236438e-01,  3.137903e+02
  2.125179e-01,  3.178009e+02
  2.244000e-01,  3.196255e+02
  2.152356e-01,  3.128838e+02
  2.226684e-01,  3.182347e+02
  2.372385e-01,  3.148139e+02
  2.213218e-01,  3.170481e+02
  2.240776e-01,  3.168775e+02
  2.471672e-01,  3.129961e+02
  2.238131e-01,  3.172864e+02
  2.228721e-01,  3.169474e+02
  2.289060e-01,  3.153843e+02
  2.297794e-01,  3.172711e+02
  2.261503e-01,  3.152271e+02
  2.306618e-01,  3.140826e+02
  2.309245e-01,  3.164599e+02
  2.228204e-01,  3.178615e+02
  2.190650e-01,  3.160359e+02
  2.284167e-01,  3.180785e+02
  2.289394e-01,  3.160175e+02
  2.150770e-01,  3.144915e+02
  2.422078e-01,  3.169233e+02
  2.308871e-01,  3.163307e+02
  2.220417e-01,  3.148079e+02
  2.310683e-01,  3.194429e+02
  2.306480e-01,  3.158624e+02
  2.350094e-01,  3.139312e+02
  2.171823e-01,  3.194459e+02
  2.306475e-01,  3.124620e+02
  2.329879e-01,  3.195003e+02
  2.128703e-01,  3.123512e+02
  2.410032e-01,  3.159469e+02
  2.198985e-01,  3.182257e+02
  2.225756e-01,  3.159631e+02
  2.255335e-01,  3.171136e+02
  2.155855e-01,  3.170139e+02
  2.320771e-01,  3.159257e+02
  2.326458e-01,  3.135371e+02
  2.347141e-01,  3.168119e+02
  2.333835e-01,  3.129586e+02
  2.178654e-01,  3.208646e+02
  2.145293e-01,  3.147504e+02
  2.349945e-01,  3.185090e+02
  2.270880e-01,  3.178105e+02
  2.116710e-01,  3.175267e+02
  2.313410e-01,  3.142368e+02
  2.318006e-01,  3.176043e+02
  2.067418e-01,  3.172100e+02
  2.315669e-01,  3.144051e+02
  2.299340e-01,  3.193067e+02
  2.228912e-01,  3.117884e+02
  2.343223e-01,  3.193497e+02
  2.249865e-01,  3.125811e+02
  2.273328e-01,  3.176617e+02
  2.239674e-01,  3.172184e+02
  2.331758e-01,  3.150177e+02
  2.252375e-01,  3.188178e+02
  2.288503e-01,  3.129612e+02
  2.313497e-01,  3.184788e+02
  2.132269e-01,  3.158246e+02
  2.421493e-01,  3.161374e+02
  2.106503e-01,  3.160611e+02
  2.345235e-01,  3.181123e+02
  2.200224e-01,  3.179898e+02
  2.266348e-01,  3.163819e+02
  2.364190e-01,  3.174627e+02
  2.089866e-01,  3.143324e+02
  2.371393e-01,  3.164492e+02
  2.263620e-01,  3.139223e+02
  2.350676e-01,  3.175567e+02
  2.211618e-01,  3.141831e+02
  2.385435e-01,  3.162073e+02
  2.241928e-01,  3.131209e+02
  2.259127e-01,  3.159673e+02
  2.270285e-01,  3.183758e+02
  2.341279e-01,  3.110161e+02
  2.188106e-01,  3.200379e+02
  2.272797e-01,  3.136444e+02
  2.312896e-01,  3.180382e+02
  2.117169e-01,  3.190039e+02
  2.275512e-01,  3.155275e+02
  2.270368e-01,  3.171224e+02
  2.261030e-01,  3.179796e+02
  2.159700e-01,  3.180375e+02
  2.337766e-01,  3.153419e+02
  2.154716e-01,  3.194195e+02
  2.418339e-01,  3.140646e+02
  2.181107e-01,  3.169618e+02
  2.158981e-01,  3.181221e+02
  2.416575e-01,  3.179731e+02
  2.127652e-01,  3.172417e+02
  2.230462e-01,  3.176092e+02
  2.200217e-01,  3.176863e+02
  2.345355e-01,  3.170640e+02
  2.202040e-01,  3.159955e+02
  2.285906e-01,  3.127096e+02
  2.225504e-01,  3.211087e+02
  2.166547e-01,  3.147459e+02
  2.368746e-01,  3.176569e+02
  2.036181e-01,  3.164935e+02
  2.208761e-01,  3.185154e+02
  2.201914e-01,  3.156770e+02
  2.228876e-01,  3.132419e+02
  2.252869e-01,  3.192387e+02
  2.244461e-01,  3.151477e+02
  2.361751e-01,  3.180313e+02
  2.215426e-01,  3.158747e+02
  2.193114e-01,  3.171642e+02
  2.312602e-01,  3.151869e+02
  2.247434e-01,  3.197417e+02
  2.247669e-01,  3.124354e+02
  2.283157e-01,  3.160989e+02
  2.267049e-01,  3.188232e+02
  2.266100e-01,  3.176567e+02
  2.184731e-01,  3.166594e+02
  2.266156e-01,  3.154120e+02
  2.152539e-01,  3.206430e+02
  2.263777e-01,  3.130121e+02
  2.342860e-01,  3.173152e+02
  2.232286e-01,  3.180427e+02
  2.167514e-01,  3.168588e+02
  2.343050e-01,  3.151827e+02
  2.167591e-01,  3.197717e+02
  2.283204e-01,  3.169459e+02
  2.234759e-01,  3.152488e+02
  2.274037e-01,  3.173800e+02
  2.286285e-01,  3.141703e+02
  2.168495e-01,  3.174463e+02
  2.333353e-01,  3.186240e+02
  2.101077e-01,  3.141338e+02
  2.349034e-01,  3.156503e+02
  2.084328e-01,  3.172744e+02
  2.347690e-01,  3.120313e+02
  2.273134e-01,  3.176840e+02
  2.126712e-01,  3.178603e+02
  2.321259e-01,  3.171633e+02
  2.184994e-01,  3.152767e+02
  2.337752e-01,  3.178163e+02
  2.131223e-01,  3.174702e+02
  2.242312e-01,  3.144505e+02
  2.274871e-01,  3.183278e+02
  2.226985e-01,  3.143644e+02
  2.277507e-01,  3.182636e+02
  2.228807e-01,  3.153527e+02
  2.398962e-01,  3.161189e+02
  2.196616e-01,  3.173411e+02
  2.155753e-01,  3.169872e+02
  2.252409e-01,  3.150794e+02
  2.156002e-01,  3.147505e+02
  2.405772e-01,  3.167984e+02
  2.268530e-01,  3.140013e+02
  2.162159e-01,  3.167133e+02
  2.290744e-01,  3.177969e+02
  2.200149e-01,  3.171680e+02
  2.331591e-01,  3.147833e+02
  2.268021e-01,  3.171964e+02
  2.289028e-01,  3.140756e+02
  2.304541e-01,  3.153490e+02
  2.154227e-01,  3.167987e+02
  2.289155e-01,  3.160715e+02
  2.197790e-01,  3.164770e+02
  2.222724e-01,  3.158772e+02
  2.351127e-01,  3.151462e+02
  2.257326e-01,  3.176586e+02
  2.141321e-01,  3.167585e+02
  2.314167e-01,  3.157748e+02
  2.154035e-01,  3.187452e+02
  2.291475e-01,  3.147831e+02
  2.370779e-01,  3.176433e+02
  2.038476e-01,  3.197191e+02
  2.103477e-01,  3.174234e+02
  2.279690e-01,  3.141996e+02
  2.305967e-01,  3.183751e+02
  2.179843e-01,  3.169817e+02
  2.354706e-01,  3.137602e+02
  2.108075e-01,  3.181700e+02
  2.273768e-01,  3.171155e+02
  2.273465e-01,  3.175671e+02
  2.181683e-01,  3.169690e+02
  2.268757e-01,  3.159473e+02
  2.206052e-01,  3.141258e+02
  2.286059e-01,  3.160094e+02
  2.276443e-01,  3.182576e+02
  2.256744e-01,  3.175121e+02
  2.194912e-01,  3.168958e+02
  2.472376e-01,  3.142549e+02
  2.133104e-01,  3.185340e+02
  2.275359e-01,  3.160857e+02
  2.351636e-01,  3.148048e+02
  2.126488e-01,  3.164016e+02
  2.264739e-01,  3.148514e+02
  2.180220e-01,  3.186098e+02
  2.272668e-01,  3.150094e+02
  2.211535e-01,  3.128951e+02
  2.287599e-01,  3.187687e+02
  2.187229e-01,  3.167738e+02
  2.249779e-01,  3.169987e+02
  2.192297e-01,  3.170109e+02
  2.306407e-01,  3.132781e+02
  2.296752e-01,  3.168034e+02
  2.200191e-01,  3.169318e+02
  2.422982e-01,  3.146663e+02
  2.218582e-01,  3.176686e+02
  2.143099e-01,  3.178320e+02
  2.265916e-01,  3.149774e+02
  2.442704e-01,  3.175689e+02
  2.249023e-01,  3.130963e+02
  2.255709e-01,  3.169098e+02
  2.139747e-01,  3.155781e+02
  2.286130e-01,  3.135394e+02
  2.320485e-01,  3.176698e+02
  2.190376e-01,  3.183264e+02
  2.392886e-01,  3.161763e+02
  2.277995e-01,  3.146136e+02
  2.249360e-01,  3.157408e+02
  2.268038e-01,  3.171047e+02
  2.222583e-01,  3.192306e+02
  2.201621e-01,  3.154125e+02
  2.402209e-01,  3.169680e+02
  2.133142e-01,  3.172768e+02
  2.201589e-01,  3.182694e+02
  2.303989e-01,  3.151223e+02
  2.226506e-01,  3.136356e+02
  2.333036e-01,  3.166168e+02
  2.113239e-01,  3.179806e+02
  2.313970e-01,  3.170387e+02
  2.268791e-01,  3.191677e+02
  2.106725e-01,  3.159954e+02
  2.269526e-01,  3.158892e+02
  2.215086e-01,  3.178700e+02
  2.252683e-01,  3.152620e+02
  2.235677e-01,  3.146117e+02
  2.278567e-01,  3.148671e+02
  2.347072e-01,  3.170770e+02
  2.358143e-01,  3.157158e+02
  2.277184e-01,  3.186663e+02
  2.183911e-01,  3.164105e+02
  2.252704e-01,  3.141359e+02
  2.178394e-01,  3.212214e+02
  2.243794e-01,  3.170218e+02
  2.308669e-01,  3.143266e+02
  2.343413e-01,  3.175947e+02
  2.302765e-01,  3.153962e+02
  2.254209e-01,  3.165651e+02
  2.246574e-01,  3.151157e+02
  2.192164e-01,  3.197509e+02
  2.356472e-01,  3.163318e+02
  2.168389e-01,  3.139026e+02
  2.209802e-01,  3.196717e+02
  2.372734e-01,  3.153293e+02
  2.269313e-01,  3.161719e+02
  2.356994e-01,  3.188908e+02
  2.163736e-01,  3.153261e+02
  2.302125e-01,  3.155484e+02
  2.325202e-01,  3.159036e+02
  2.231708e-01,  3.158487e+02
  2.203251e-01,  3.135395e+02
  2.256103e-01,  3.166281e+02
  2.262395e-01,  3.181623e+02
  2.094138e-01,  3.176495e+02
  2.347264e-01,  3.151057e+02
  2.125127e-01,  3.160025e+02
  2.198683e-01,  3.176465e+02
  2.271467e-01,  3.144275e+02
  2.235686e-01,  3.207661e+02
  2.316183e-01,  3.146373e+02
  2.212090e-01,  3.151206e+02
  2.299163e-01,  3.174829e+02
  2.097327e-01,  3.181770e+02
  2.330556e-01,  3.135923e+02
  2.198664e-01,  3.151787e+02
  2.149883e-01,  3.149351e+02
  2.296123e-01,  3.178797e+02
  2.218557e-01,  3.182053e+02
  2.292431e-01,  3.146500e+02
  2.168328e-01,  3.185636e+02
  2.358926e-01,  3.137590e+02
  2.129816e-01,  3.174307e+02
  2.295254e-01,  3.179909e+02
  2.148959e-01,  3.183755e+02
  2.185305e-01,  3.132720e+02
  2.302063e-01,  3.154051e+02
  2.131869e-01,  3.155420e+02
  2.368117e-01,  3.165932e+02
  2.186165e-01,  3.169870e+02
  2.302055e-01,  3.169216e+02
  2.186780e-01,  3.147650e+02
  2.289598e-01,  3.163985e+02
  2.237024e-01,  3.192116e+02
  2.071113e-01,  3.146156e+02
  2.272970e-01,  3.173974e+02
  2.199337e-01,  3.162921e+02
  2.148514e-01,  3.187289e+02
  2.390566e-01,  3.157756e+02
  2.256305e-01,  3.163018e+02
  2.185483e-01,  3.172479e+02
  2.329945e-01,  3.170719e+02
  2.185313e-01,  3.177925e+02
  2.254526e-01,  3.144765e+02
  2.276242e-01,  3.171067e+02
  2.175272e-01,  3.173769e+02
  2.166933e-01,  3.146757e+02
  2.380293e-01,  3.152585e+02
  2.310043e-01,  3.156004e+02
  2.127963e-01,  3.184455e+02
  2.284971e-01,  3.178359e+02
  2.128455e-01,  3.168296e+02
  2.072863e-01,  3.164015e+02
  2.272296e-01,  3.156457e+02
  2.239274e-01,  3.175887e+02
  2.339974e-01,  3.143601e+02
  2.146859e-01,  3.174942e+02
  2.247780e-01,  3.164794e+02
  2.271263e-01,  3.134644e+02
  2.222944e-01,  3.169653e+02
  2.270056e-01,  3.177082e+02
  2.106425e-01,  3.139105e+02
  2.245429e-01,  3.192297e+02
  2.310515e-01,  3.182468e+02
  2.259996e-01,  3.128602e+02
  2.277455e-01,  3.148460e+02
  2.363080e-01,  3.148835e+02
  2.140643e-01,  3.196511e+02
  2.273835e-01,  3.155932e+02
  2.359033e-01,  3.181646e+02
  2.245402e-01,  3.150798e+02
  2.180923e-01,  3.180834e+02
  2.157727e-01,  3.189237e+02
  2.313226e-01,  3.147376e+02
  2.183209e-01,  3.172518e+02
  2.267171e-01,  3.166108e+02
  2.268588e-01,  3.135831e+02
  2.196552e-01,  3.145017e+02
  2.299670e-01,  3.173225e+02
  2.210153e-01,  3.160668e+02
  2.243267e-01,  3.156342e+02
  2.265325e-01,  3.164308e+02
  2.342692e-01,  3.207491e+02
  2.158214e-01,  3.154384e+02
  2.255787e-01,  3.204216e+02
  2.185001e-01,  3.158612e+02
  2.279890e-01,  3.168233e+02
  2.313148e-01,  3.186130e+02
  1.979888e-01,  3.174864e+02
  2.329809e-01,  3.156110e+02
  2.207016e-01,  3.162900e+02
  2.310985e-01,  3.170251e+02
  2.228975e-01,  3.157549e+02
  2.201223e-01,  3.185657e+02
  2.177254e-01,  3.185974e+02
  2.292413e-01,  3.178277e+02
  2.249713e-01,  3.146881e+02
  2.274205e-01,  3.166548e+02
  2.299437e-01,  3.129731e+02
  2.160931e-01,  3.157978e+02
  2.291333e-01,  3.167707e+02
  2.172685e-01,  3.143910e+02
  2.326442e-01,  3.167126e+02
  2.184599e-01,  3.184663e+02
  2.196408e-01,  3.166779e+02
  2.139951e-01,  3.171279e+02
  2.219825e-01,  3.167728e+02
  2.268423e-01,  3.167001e+02
  2.368401e-01,  3.157726e+02
  2.060854e-01,  3.176648e+02
  2.358537e-01,  3.124501e+02
  2.252890e-01,  3.167930e+02
  2.172601e-01,  3.176775e+02
  2.264650e-01,  3.171426e+02
  2.193708e-01,  3.157061e+02
  2.299139e-01,  3.171741e+02
  2.212841e-01,  3.162378e+02
  2.336085e-01,  3.160881e+02
  2.184954e-01,  3.162206e+02
  2.293282e-01,  3.146699e+02
  2.166685e-01,  3.174579e+02
  2.375595e-01,  3.119128e+02
  2.160629e-01,  3.198229e+02
  2.309544e-01,  3.130139e+02
  2.256880e-01,  3.168872e+02
  2.284031e-01,  3.145891e+02
  2.134243e-01,  3.174523e+02
  2.310125e-01,  3.175513e+02
  2.177875e-01,  3.144191e+02
  2.255073e-01,  3.171318e+02
  2.343048e-01,  3.142218e+02
  2.159928e-01,  3.179931e+02
  2.331232e-01,  3.176520e+02
  2.088765e-01,  3.141307e+02
  2.300539e-01,  3.186632e+02
  2.256864e-01,  3.184925e+02
  2.266120e-01,  3.149603e+02
  2.191104e-01,  3.167234e+02
  2.170412e-01,  3.162297e+02
  2.185261e-01,  3.162568e+02
  2.301743e-01,  3.162030e+02
  2.196382e-01,  3.179700e+02
  2.313035e-01,  3.177468e+02
  2.162131e-01,  3.146533e+02
  2.355161e-01,  3.177829e+02
  2.221911e-01,  3.175676e+02
  2.365638e-01,  3.147713e+02
  2.186251e-01,  3.175018e+02
  2.259718e-01,  3.165913e+02
  2.274709e-01,  3.164525e+02
  2.288181e-01,  3.129777e+02
  2.204117e-01,  3.182718e+02
  2.264899e-01,  3.151396e+02
  2.308295e-01,  3.157255e+02
  2.201032e-01,  3.129125e+02
  2.335708e-01,  3.197713e+02
  2.201959e-01,  3.135769e+02
  2.251888e-01,  3.186480e+02
  2.105088e-01,  3.172333e+02
  2.388868e-01,  3.163641e+02
  2.115164e-01,  3.159692e+02
  2.366929e-01,  3.153204e+02
  2.093639e-01,  3.171550e+02
  2.271489e-01,  3.163130e+02
  2.048129e-01,  3.163982e+02
  2.331167e-01,  3.152380e+02
  2.095705e-01,  3.172881e+02
  2.325382e-01,  3.126186e+02
  2.259801e-01,  3.191712e+02
  2.162766e-01,  3.131120e+02
  2.266391e-01,  3.200544e+02
  2.278648e-01,  3.132981e+02
  2.250312e-01,  3.195679e+02
  2.263375e-01,  3.150413e+02
  2.420170e-01,  3.185751e+02
  2.128023e-01,  3.152789e+02
  2.367152e-01,  3.174906e+02
  2.127688e-01,  3.117388e+02
  2.217569e-01,  3.200889e+02
  2.273431e-01,  3.125503e+02
  2.427747e-01,  3.162959e+02
  2.013460e-01,  3.190499e+02
  2.397918e-01,  3.176566e+02
  2.106996e-01,  3.133545e+02
  2.274300e-01,  3.184414e+02
  2.130250e-01,  3.133519e+02
  2.437290e-01,  3.146611e+02
  2.053389e-01,  3.196434e+02
  2.462375e-01,  3.119254e+02
  2.178550e-01,  3.244910e+02
  2.301706e-01,  3.090587e+02
  2.292787e-01,  3.242354e+02
  2.349115e-01,  3.069868e+02
  2.274302e-01,  3.236356e+02
  2.198590e-01,  3.091851e+02
  2.500983e-01,  3.215588e+02
  2.075596e-01,  3.061599e+02
  2.339695e-01,  3.248270e+02
  2.050740e-01,  3.048195e+02
  2.493124e-01,  3.249715e+02
  1.962982e-01,  3.103096e+02
  2.674309e-01,  3.203668e+02
  1.872032e-01,  3.105534e+02
  2.652446e-01,  3.220801e+02
  1.894783e-01,  3.096406e+02
  2.607768e-01,  3.197404e+02
  1.842968e-01,  3.204356e+02
  2.598956e-01,  3.140902e+02
  1.927517e-01,  3.194836e+02
  2.502216e-01,  3.119865e+02
  1.981647e-01,  3.257935e+02
  2.543727e-01,  3.080293e+02
  1.998682e-01,  3.290707e+02
  2.562132e-01,  3.020656e+02
  2.298599e-01,  3.356275e+02
  2.191862e+00,  2.011006e+02
  1.821911e+01,  2.494081e+02
  3.510142e+01,  3.218532e+02
  3.566986e+01,  3.540362e+02
  1.636841e+01,  3.401786e+02
  1.886460e+01,  3.228010e+02
  5.007473e+00,  2.448826e+02
  1.387342e+01,  1.471753e+02
  2.363131e+01,  1.204882e+02
  2.553113e+01,  9.499742e+01
  1.594117e+01,  7.605037e+01
  1.587399e+01,  3.543244e+02
  2.503558e+01,  3.268035e+02
  1.695270e+01,  3.027686e+02
  7.262544e+00,  2.266822e+02
  9.947856e+00,  1.348591e+02
  1.930984e+01,  9.220778e+01
  1.748821e+01,  1.031579e+02
  8.039586e+00,  2.194353e+02
  2.347914e+01,  2.911427e+02
  2.099225e+01,  3.194428e+02
  5.906327e+00,  6.498969e+01
  2.112365e+01,  1.488098e+02
  1.996464e+01,  1.631615e+02
  9.519907e+00,  1.233006e+02
  1.123838e+01,  1.183245e+02
  1.814448e+01,  1.633019e+02
  1.775945e+01,  1.782434e+02
  2.857432e+00,  1.067701e+02
  2.052904e+01,  3.704606e+01
  2.421376e+01,  2.600196e+01
  1.624889e+01,  3.410006e+02
  1.967061e+01,  3.090241e+02
  1.629912e+01,  3.368354e+02
  1.672208e+01,  4.793529e+01
  2.135484e+01,  9.154105e+01
  1.517658e+01,  1.203815e+02
  6.274899e+00,  1.584752e+02
  2.340776e+00,  1.361528e+02
  1.565962e+01,  9.123077e+01
  3.168524e+01,  1.007587e+02
  2.821349e+01,  1.222537e+02
  9.904988e+00,  1.959644e+02
  2.351590e+01,  2.946012e+02
  2.524573e+01,  3.207748e+02
  5.089267e+00,  2.164054e+00
  1.935193e+01,  1.625306e+02
  2.417266e+01,  1.871648e+02
  1.017454e+01,  2.359828e+02
  1.827420e+01,  3.547864e+02
  2.644254e+01,  1.587014e+01
  2.084101e+01,  3.567164e+00
  1.762042e+01,  3.305601e+02
  5.876904e+00,  3.454370e+02
  1.197222e+01,  1.221231e+02
  1.551206e+01,  1.246663e+02
  6.733103e+00,  8.565495e+01
  1.174930e+01,  6.098834e+00
  1.706676e+01,  1.441220e-01
  1.325678e+01,  3.390811e+02
  4.812613e+00,  2.586102e+02
  1.168607e+01,  1.630076e+02
  2.158344e+01,  1.447757e+02
  2.489550e+01,  1.343303e+02
  1.485269e+01,  1.430188e+02
  1.034811e+01,  2.808073e+02
  2.792320e+01,  3.132397e+02
  2.867883e+01,  3.279131e+02
  1.543391e+01,  6.752457e+00
  1.610848e+01,  1.015152e+02
  1.737983e+01,  1.447216e+02
  7.576066e+00,  2.167179e+02
  1.471944e+01,  3.063015e+02
  1.577935e+01,  3.173212e+02
  7.792803e+00,  2.975265e+02
  4.338331e+00,  2.043950e+02
  4.466603e+00,  1.779913e+02
  1.969084e+00,  2.380666e+02
  6.868388e+00,  3.088093e+02
  1.176486e+01,  3.162505e+02
  1.490914e+01,  3.308342e+02
  1.916600e+01,  3.490199e+02
  2.668956e+01,  3.509158e+02
  3.226690e+01,  3.421822e+02
  2.906406e+01,  3.391091e+02
  1.763891e+01,  3.217354e+02
  1.295617e+01,  2.532461e+02
  1.143227e+01,  2.026604e+02
  1.092418e+01,  1.201464e+02
  1.587347e+01,  7.531015e+01
  1.200407e+01,  4.403910e+01
  8.898373e+00,  3.008841e+02
  1.940608e+01,  2.543573e+02
  2.467635e+01,  2.430232e+02
  2.527141e+01,  2.255409e+02
  2.675331e+01,  2.418018e+02
  2.836453e+01,  2.826575e+02
  2.830143e+01,  3.506284e+02
  2.293741e+01,  9.557031e+01
  1.597051e+01,  2.543069e+02
##END=