##TITLE= twqubit_encoding3_Hfix9
##JCAMP-DX= 5.00 Bruker JCAMP library
##DATA TYPE= Shape Data
##ORIGIN= Colm Fixed Pulses 
##OWNER= d29lu
##DATE= 21-Apr-2015
##TIME= 18:52
##MINX= 2.063108e-02
##MAXX= 2.967396e+01
##MINY= -1.786498e+02
##MAXY= 1.794196e+02
##$SHAPE_EXMODE= None
##$SHAPE_TOTROT= 9.000000e+01
##$SHAPE_BWFAC= 1.000000e+00
##$SHAPE_INTEGFAC= 1.000000e+00
##$SHAPE_MODE= 1
##NPOINTS= 736
##XYPOINTS= (XY..XY)
  7.874769e-01,  1.555581e+02
  5.069246e+00,  1.112989e+02
  1.925733e+01,  9.347149e+01
  1.483120e+01,  4.659419e+01
  1.295358e+01,  -4.457246e+00
  1.560622e+01,  -3.370464e+01
  1.973459e+01,  -4.911360e+01
  2.394492e+01,  -6.473687e+01
  2.786222e+01,  -8.002781e+01
  2.967396e+01,  -9.015247e+01
  2.889942e+01,  -9.444341e+01
  2.795604e+01,  -9.389721e+01
  2.652541e+01,  -9.127014e+01
  2.269619e+01,  -8.879174e+01
  1.843427e+01,  -8.635799e+01
  1.625995e+01,  -8.395080e+01
  1.518271e+01,  -8.219372e+01
  1.376136e+01,  -7.942280e+01
  1.220550e+01,  -7.401406e+01
  1.081599e+01,  -6.743861e+01
  9.599584e+00,  -5.971504e+01
  8.532802e+00,  -4.995566e+01
  6.798377e+00,  -4.147051e+01
  3.891043e+00,  -3.389696e+01
  6.542523e-01,  2.595349e+01
  4.267179e+00,  1.395492e+02
  1.000177e+01,  1.476453e+02
  1.492533e+01,  1.473738e+02
  1.759041e+01,  1.437950e+02
  1.924112e+01,  1.422301e+02
  1.993581e+01,  1.421217e+02
  1.848687e+01,  1.384856e+02
  1.603748e+01,  1.327996e+02
  1.336320e+01,  1.308779e+02
  9.439160e+00,  1.264560e+02
  5.503169e+00,  9.883916e+01
  4.681949e+00,  5.039902e+01
  5.544623e+00,  1.261067e+01
  8.565273e+00,  -1.062545e+01
  1.217011e+01,  -1.921508e+01
  1.371273e+01,  -2.691822e+01
  1.367667e+01,  -3.997909e+01
  1.385260e+01,  -5.603786e+01
  1.423124e+01,  -7.136065e+01
  1.456823e+01,  -8.637090e+01
  1.514073e+01,  -9.877419e+01
  1.527428e+01,  -1.036365e+02
  1.456074e+01,  -9.875710e+01
  1.442264e+01,  -8.670012e+01
  1.531248e+01,  -7.326581e+01
  1.612425e+01,  -5.715168e+01
  1.766149e+01,  -3.846769e+01
  2.018158e+01,  -2.683044e+01
  2.178141e+01,  -2.500566e+01
  2.205753e+01,  -3.040319e+01
  2.174046e+01,  -4.173094e+01
  2.107991e+01,  -5.745049e+01
  1.978620e+01,  -7.532967e+01
  1.794741e+01,  -9.400818e+01
  1.610815e+01,  -1.121248e+02
  1.412289e+01,  -1.284542e+02
  1.158727e+01,  -1.432510e+02
  8.692344e+00,  -1.541405e+02
  5.411174e+00,  -1.590245e+02
  1.799065e+00,  1.687975e+02
  3.787602e+00,  6.527249e+01
  7.413359e+00,  4.574310e+01
  1.108168e+01,  3.500372e+01
  1.485766e+01,  3.800821e+01
  1.645886e+01,  4.768592e+01
  1.532961e+01,  5.702767e+01
  1.416570e+01,  6.749240e+01
  1.327462e+01,  8.800860e+01
  1.380730e+01,  1.244353e+02
  1.810941e+01,  1.488271e+02
  2.132941e+01,  1.533319e+02
  2.232765e+01,  1.514578e+02
  2.153768e+01,  1.463459e+02
  1.917582e+01,  1.321480e+02
  1.795176e+01,  1.092965e+02
  1.872989e+01,  8.910398e+01
  1.983035e+01,  7.458928e+01
  2.021723e+01,  6.456859e+01
  1.907900e+01,  5.992590e+01
  1.713712e+01,  6.398812e+01
  1.771484e+01,  7.827613e+01
  2.190365e+01,  8.850219e+01
  2.511579e+01,  8.804811e+01
  2.557254e+01,  8.189990e+01
  2.537169e+01,  7.624081e+01
  2.453930e+01,  7.178388e+01
  2.137430e+01,  6.264485e+01
  1.730453e+01,  5.130336e+01
  1.456973e+01,  6.014294e+01
  1.544547e+01,  8.817647e+01
  1.550471e+01,  1.062317e+02
  1.462546e+01,  1.197060e+02
  2.371246e+01,  1.307246e+02
  2.598063e+01,  1.525351e+02
  1.221046e+01,  -5.467534e+01
  3.555692e+00,  8.431623e+01
  4.231199e+00,  1.504829e+02
  1.546432e+00,  -7.744799e+01
  2.294404e+00,  -2.850355e+01
  1.014955e+00,  1.007913e+02
  1.612794e+00,  1.456515e+02
  5.003612e-01,  -8.470627e+01
  1.084309e+00,  -3.232759e+01
  4.136959e-01,  8.478047e+01
  8.517345e-01,  1.363312e+02
  1.122482e-01,  -1.054577e+02
  5.785692e-01,  -3.480604e+01
  1.639039e-01,  5.291339e+01
  4.119827e-01,  1.273241e+02
  4.763114e-02,  -1.032945e+01
  4.006660e-01,  -3.296726e+01
  1.294621e-01,  -4.118248e+00
  2.044765e-01,  1.174912e+02
  9.978816e-02,  4.680329e+01
  2.793716e-01,  -1.532659e+01
  1.732857e-01,  -6.994008e+00
  8.857444e-02,  7.819570e+01
  1.064122e-01,  3.712079e+01
  2.092901e-01,  -4.726283e+00
  1.675185e-01,  -6.734537e+00
  7.416078e-02,  2.367924e+01
  9.830661e-02,  1.972143e+01
  1.691040e-01,  -2.049220e+00
  1.550463e-01,  -7.532758e+00
  9.100505e-02,  3.924024e-01
  9.732955e-02,  8.538205e+00
  1.454763e-01,  2.515879e+00
  1.469184e-01,  -2.218540e-01
  1.110000e-01,  2.596141e+00
  1.079814e-01,  5.114638e+00
  1.349206e-01,  1.928681e+00
  1.385895e-01,  -4.558891e-01
  1.166252e-01,  7.545915e-01
  1.119814e-01,  4.235657e+00
  1.297909e-01,  4.747879e+00
  1.360468e-01,  3.222489e+00
  1.223433e-01,  1.560789e+00
  1.139712e-01,  2.303959e-01
  1.212162e-01,  -1.138103e+00
  1.264487e-01,  -3.260576e+00
  1.198038e-01,  -5.885914e+00
  1.133463e-01,  -6.628411e+00
  1.168037e-01,  -3.482784e+00
  1.238609e-01,  9.287776e-01
  1.255145e-01,  3.191712e+00
  1.230979e-01,  1.978314e+00
  1.216935e-01,  -1.261756e+00
  1.206984e-01,  -3.637565e+00
  1.185383e-01,  -4.172583e+00
  1.176600e-01,  -3.918968e+00
  1.190595e-01,  -3.701928e+00
  1.196587e-01,  -3.099473e+00
  1.180504e-01,  -2.073440e+00
  1.168319e-01,  -1.938782e+00
  1.176519e-01,  -3.133287e+00
  1.190971e-01,  -3.465934e+00
  1.206651e-01,  -1.252942e+00
  1.236844e-01,  1.213635e+00
  1.259541e-01,  3.999358e-01
  1.240918e-01,  -3.164033e+00
  1.194151e-01,  -5.419751e+00
  1.169651e-01,  -3.967820e+00
  1.187945e-01,  -1.806238e+00
  1.200286e-01,  -2.420761e+00
  1.178278e-01,  -4.581735e+00
  1.158863e-01,  -4.911400e+00
  1.175229e-01,  -3.095438e+00
  1.196827e-01,  -2.276557e+00
  1.180989e-01,  -3.985832e+00
  1.148956e-01,  -6.411567e+00
  1.141650e-01,  -6.779602e+00
  1.155433e-01,  -4.912757e+00
  1.161294e-01,  -2.970560e+00
  1.158674e-01,  -2.455127e+00
  1.173045e-01,  -2.902887e+00
  1.203424e-01,  -2.777270e+00
  1.218838e-01,  -1.622212e+00
  1.205095e-01,  -8.200448e-01
  1.180206e-01,  -2.177695e+00
  1.168284e-01,  -5.423766e+00
  1.169648e-01,  -7.836115e+00
  1.169161e-01,  -7.553332e+00
  1.166965e-01,  -5.813539e+00
  1.168680e-01,  -5.098174e+00
  1.168680e-01,  -5.848172e+00
  1.157619e-01,  -6.480347e+00
  1.139658e-01,  -6.177159e+00
  1.134940e-01,  -5.828819e+00
  1.152895e-01,  -6.051667e+00
  1.175839e-01,  -6.024128e+00
  1.181822e-01,  -5.074779e+00
  1.175062e-01,  -3.698056e+00
  1.175913e-01,  -2.618723e+00
  1.189219e-01,  -2.073129e+00
  1.199144e-01,  -2.444477e+00
  1.193415e-01,  -4.049026e+00
  1.178016e-01,  -5.404770e+00
  1.168563e-01,  -3.647262e+00
  1.187919e-01,  1.149287e+00
  1.233674e-01,  4.216228e+00
  1.258104e-01,  2.143142e+00
  1.235639e-01,  -2.804565e+00
  1.184836e-01,  -5.463730e+00
  1.156959e-01,  -3.625346e+00
  1.186082e-01,  -8.559188e-01
  1.225926e-01,  -3.049914e-01
  1.225051e-01,  -1.307728e-01
  1.208280e-01,  1.881537e+00
  1.226456e-01,  3.624861e+00
  1.254081e-01,  1.678665e+00
  1.231832e-01,  -2.908168e+00
  1.170250e-01,  -5.542133e+00
  1.155534e-01,  -2.762166e+00
  1.235691e-01,  2.112885e+00
  1.308590e-01,  3.534411e+00
  1.268068e-01,  8.230677e-01
  1.174999e-01,  -3.187936e+00
  1.153241e-01,  -3.843891e+00
  1.214578e-01,  -8.634707e-01
  1.259976e-01,  1.035075e+00
  1.237811e-01,  -3.570451e-01
  1.212328e-01,  -2.635825e+00
  1.218387e-01,  -2.559245e+00
  1.210241e-01,  -1.383659e+00
  1.182083e-01,  -1.202584e+00
  1.205660e-01,  9.311791e-02
  1.281708e-01,  3.584715e+00
  1.285018e-01,  4.323833e+00
  1.187368e-01,  -1.336180e+00
  1.160899e-01,  -6.069938e+00
  1.250763e-01,  -4.828468e-01
  1.295780e-01,  5.207833e+00
  1.158750e-01,  -1.319392e+00
  1.098870e-01,  -1.328935e+01
  1.209692e-01,  -6.993193e+00
  1.318778e-01,  5.417173e+00
  1.163334e-01,  1.870384e+00
  1.060749e-01,  -1.338931e+01
  1.254435e-01,  -3.265138e+00
  1.501294e-01,  1.307072e+01
  1.160585e-01,  4.063235e+00
  9.559947e-02,  -3.639565e+01
  1.113869e-01,  -1.540605e+01
  1.766636e-01,  2.211629e+01
  1.440485e-01,  2.019787e+01
  9.271548e-02,  -4.911109e+01
  1.037794e-01,  -2.959455e+01
  2.221686e-01,  3.130509e+01
  1.899578e-01,  3.743286e+01
  7.880102e-02,  -9.374589e+01
  5.459534e-02,  -7.060874e+01
  3.334501e-01,  4.608773e+01
  3.044038e-01,  4.780895e+01
  2.290837e-01,  -1.349201e+02
  2.836229e-01,  -1.585814e+02
  5.549471e-01,  7.067623e+01
  6.335928e-01,  5.094051e+01
  5.320935e-01,  -1.109725e+02
  8.443174e-01,  -1.352665e+02
  9.464109e-01,  7.847110e+01
  1.549107e+00,  5.490778e+01
  1.377632e+00,  -1.049432e+02
  2.845031e+00,  -1.231536e+02
  5.651348e+00,  8.152171e+01
  1.067585e+01,  -1.255270e+02
  1.911480e+01,  -1.414852e+02
  1.185926e+01,  1.533649e+02
  9.734740e+00,  1.691844e+02
  1.017275e+01,  -1.786498e+02
  9.610979e+00,  1.589446e+02
  9.893149e+00,  1.343711e+02
  9.670396e+00,  1.288477e+02
  9.969783e+00,  1.252108e+02
  1.199019e+01,  1.110683e+02
  1.436004e+01,  9.798353e+01
  1.513301e+01,  9.082264e+01
  1.517143e+01,  8.689150e+01
  1.560873e+01,  8.236392e+01
  1.555078e+01,  7.616193e+01
  1.407211e+01,  7.006414e+01
  1.189090e+01,  6.683652e+01
  1.017729e+01,  6.803051e+01
  8.957966e+00,  7.152268e+01
  7.551111e+00,  7.649559e+01
  6.186947e+00,  8.705174e+01
  5.935150e+00,  1.025428e+02
  6.702462e+00,  1.129231e+02
  7.366693e+00,  1.191690e+02
  7.626917e+00,  1.260627e+02
  8.012218e+00,  1.325194e+02
  8.703193e+00,  1.359465e+02
  9.379597e+00,  1.374190e+02
  9.855464e+00,  1.382468e+02
  1.022522e+01,  1.381460e+02
  1.054098e+01,  1.370713e+02
  1.064269e+01,  1.356787e+02
  1.034704e+01,  1.344961e+02
  9.805947e+00,  1.337889e+02
  9.435220e+00,  1.334208e+02
  9.342760e+00,  1.327427e+02
  9.317401e+00,  1.318070e+02
  9.490606e+00,  1.322586e+02
  1.027739e+01,  1.349208e+02
  1.143293e+01,  1.376333e+02
  1.215552e+01,  1.393241e+02
  1.233481e+01,  1.417597e+02
  1.232062e+01,  1.463087e+02
  1.190018e+01,  1.522798e+02
  1.081931e+01,  1.598210e+02
  9.552412e+00,  1.707834e+02
  8.656817e+00,  -1.737196e+02
  8.362426e+00,  -1.539940e+02
  8.963884e+00,  -1.336535e+02
  1.032959e+01,  -1.188006e+02
  1.194834e+01,  -1.099408e+02
  1.346678e+01,  -1.043915e+02
  1.426649e+01,  -1.009924e+02
  1.402250e+01,  -9.982330e+01
  1.341923e+01,  -1.007230e+02
  1.277317e+01,  -1.031346e+02
  1.152959e+01,  -1.074157e+02
  9.828184e+00,  -1.144905e+02
  8.283430e+00,  -1.239986e+02
  6.901627e+00,  -1.362662e+02
  5.868064e+00,  -1.539374e+02
  5.624024e+00,  -1.743375e+02
  5.796225e+00,  1.680676e+02
  5.919142e+00,  1.520646e+02
  6.045370e+00,  1.363596e+02
  6.177664e+00,  1.214548e+02
  6.209607e+00,  1.068652e+02
  6.299094e+00,  9.273756e+01
  6.669420e+00,  8.135195e+01
  7.287217e+00,  7.397502e+01
  7.945536e+00,  6.967683e+01
  8.501547e+00,  6.775663e+01
  9.064874e+00,  6.851467e+01
  9.616112e+00,  7.099235e+01
  9.684927e+00,  7.294421e+01
  9.175575e+00,  7.422031e+01
  8.743287e+00,  7.734905e+01
  8.727789e+00,  8.255028e+01
  8.714444e+00,  8.615969e+01
  8.484525e+00,  8.774079e+01
  8.270637e+00,  9.019558e+01
  7.898909e+00,  9.090715e+01
  7.072364e+00,  8.351592e+01
  6.313419e+00,  7.087528e+01
  5.787348e+00,  6.266539e+01
  5.367335e+00,  5.373573e+01
  5.386535e+00,  3.713015e+01
  5.641024e+00,  2.538924e+01
  5.593930e+00,  2.477225e+01
  5.889528e+00,  2.664557e+01
  6.634554e+00,  2.542856e+01
  7.134523e+00,  2.576568e+01
  7.368167e+00,  2.794571e+01
  7.917008e+00,  2.750369e+01
  8.832151e+00,  2.467674e+01
  9.764791e+00,  2.231969e+01
  1.075714e+01,  1.985284e+01
  1.191134e+01,  1.628350e+01
  1.283712e+01,  1.259188e+01
  1.342585e+01,  9.503942e+00
  1.410879e+01,  7.055087e+00
  1.457062e+01,  5.526527e+00
  1.382039e+01,  5.048116e+00
  1.191211e+01,  5.238153e+00
  9.881383e+00,  5.677156e+00
  8.229565e+00,  7.059797e+00
  6.841588e+00,  1.201764e+01
  5.852437e+00,  2.345201e+01
  5.617121e+00,  3.874609e+01
  6.080864e+00,  5.057483e+01
  7.105068e+00,  5.725149e+01
  8.546639e+00,  6.116853e+01
  9.734528e+00,  6.387534e+01
  1.031809e+01,  6.527742e+01
  1.091230e+01,  6.478610e+01
  1.139321e+01,  6.277145e+01
  1.054122e+01,  5.970211e+01
  8.732085e+00,  5.623942e+01
  7.659812e+00,  5.592349e+01
  7.420194e+00,  5.994044e+01
  7.044360e+00,  6.556360e+01
  6.499888e+00,  7.356391e+01
  6.262271e+00,  8.455645e+01
  6.165032e+00,  9.606960e+01
  5.832586e+00,  1.078024e+02
  5.451198e+00,  1.200591e+02
  5.309309e+00,  1.306702e+02
  5.394322e+00,  1.420943e+02
  5.769606e+00,  1.585835e+02
  6.243454e+00,  1.733899e+02
  6.074650e+00,  1.791769e+02
  5.600708e+00,  1.782068e+02
  5.463222e+00,  1.794196e+02
  4.957819e+00,  -1.775710e+02
  3.492340e+00,  1.775782e+02
  1.899624e+00,  1.558344e+02
  9.330711e-01,  9.069802e+01
  2.261794e+00,  2.745732e+01
  4.236734e+00,  2.294038e+01
  5.381946e+00,  2.415527e+01
  5.555589e+00,  2.305042e+01
  5.234518e+00,  2.147026e+01
  4.409552e+00,  2.227732e+01
  2.876447e+00,  2.384016e+01
  9.690619e-01,  2.146960e+01
  7.232122e-01,  -1.478876e+02
  1.989277e+00,  -1.532671e+02
  3.125922e+00,  -1.541668e+02
  4.510327e+00,  -1.540057e+02
  6.301490e+00,  -1.548032e+02
  8.365799e+00,  -1.572426e+02
  1.042933e+01,  -1.599466e+02
  1.228198e+01,  -1.616022e+02
  1.397452e+01,  -1.632921e+02
  1.562493e+01,  -1.668056e+02
  1.699999e+01,  -1.711999e+02
  1.769943e+01,  -1.743232e+02
  1.776330e+01,  -1.766877e+02
  1.721732e+01,  1.790315e+02
  1.566375e+01,  1.722758e+02
  1.333647e+01,  1.658964e+02
  1.136963e+01,  1.632703e+02
  1.013438e+01,  1.627376e+02
  8.545937e+00,  1.594822e+02
  6.236817e+00,  1.532938e+02
  4.224027e+00,  1.492404e+02
  2.980781e+00,  1.506492e+02
  1.783068e+00,  1.467438e+02
  6.301822e-01,  6.733903e+01
  2.247815e+00,  6.045670e+00
  4.165035e+00,  1.633704e+00
  5.808146e+00,  3.747771e+00
  6.913938e+00,  9.713080e+00
  7.753848e+00,  1.971151e+01
  8.931464e+00,  3.141565e+01
  1.051801e+01,  4.209850e+01
  1.232939e+01,  5.165687e+01
  1.444789e+01,  6.019871e+01
  1.679340e+01,  6.726496e+01
  1.878567e+01,  7.279685e+01
  1.993774e+01,  7.706430e+01
  2.039466e+01,  7.990217e+01
  2.061204e+01,  8.069978e+01
  2.057602e+01,  7.966216e+01
  1.958569e+01,  7.781081e+01
  1.753686e+01,  7.463944e+01
  1.555697e+01,  6.832184e+01
  1.401638e+01,  6.053132e+01
  1.147627e+01,  5.449021e+01
  7.847733e+00,  4.700016e+01
  5.584255e+00,  2.967255e+01
  4.860235e+00,  7.141520e+00
  3.473992e+00,  -4.762317e+01
  6.844521e+00,  -1.110676e+02
  8.564242e+00,  -1.228366e+02
  6.048496e+00,  -1.211759e+02
  1.465417e+01,  -1.368618e+02
  2.412807e+01,  -1.432715e+02
  1.683963e+01,  4.276572e+01
  3.676780e+00,  -1.277339e+02
  3.972353e+00,  -1.438319e+02
  1.627301e+00,  5.337197e+01
  2.351850e+00,  3.725707e+01
  8.174966e-01,  -1.288133e+02
  1.530743e+00,  -1.473531e+02
  6.064312e-01,  6.210980e+01
  1.224068e+00,  3.652388e+01
  2.545852e-01,  -1.103823e+02
  8.197847e-01,  -1.493253e+02
  3.032152e-01,  8.168606e+01
  7.608277e-01,  3.796863e+01
  1.279604e-01,  -3.512806e+01
  4.261237e-01,  -1.488677e+02
  2.091610e-01,  9.952077e+01
  5.054773e-01,  4.246021e+01
  1.903291e-01,  -2.694922e+00
  1.969046e-01,  -1.259723e+02
  9.976704e-02,  8.521617e+01
  3.492052e-01,  4.095030e+01
  1.966462e-01,  2.542581e+00
  1.449206e-01,  -9.394185e+01
  2.063108e-02,  -1.131334e+01
  2.254231e-01,  3.325635e+01
  1.879377e-01,  5.926763e+00
  1.137663e-01,  -6.314195e+01
  4.940140e-02,  -5.263638e+01
  1.479219e-01,  2.518645e+01
  1.756075e-01,  9.876243e+00
  1.187877e-01,  -2.543492e+01
  8.102253e-02,  -2.648715e+01
  1.210923e-01,  1.230549e+01
  1.515708e-01,  7.499233e+00
  1.229915e-01,  -1.316997e+01
  9.620493e-02,  -1.524433e+01
  1.162326e-01,  8.220883e+00
  1.422306e-01,  8.594053e+00
  1.277870e-01,  -6.399434e+00
  1.073241e-01,  -1.561945e+01
  1.087400e-01,  -3.686493e+00
  1.282350e-01,  4.769103e+00
  1.297730e-01,  2.029700e+00
  1.188983e-01,  -1.657931e+00
  1.174520e-01,  -4.805677e-01
  1.243715e-01,  -5.516458e-01
  1.244422e-01,  -3.750931e+00
  1.183367e-01,  -3.503908e+00
  1.192167e-01,  2.052815e+00
  1.267645e-01,  3.916968e+00
  1.273906e-01,  -1.135512e+00
  1.204985e-01,  -6.656244e+00
  1.152723e-01,  -5.457958e+00
  1.186973e-01,  -1.615195e-01
  1.249546e-01,  1.566583e+00
  1.262358e-01,  -8.415258e-02
  1.241441e-01,  -5.889942e-01
  1.230815e-01,  1.192708e+00
  1.233785e-01,  1.758686e+00
  1.227754e-01,  -8.397299e-01
  1.210500e-01,  -3.918517e+00
  1.187734e-01,  -3.862651e+00
  1.176097e-01,  -7.736115e-01
  1.191479e-01,  1.736360e+00
  1.219126e-01,  1.283587e+00
  1.232021e-01,  -6.784752e-01
  1.225614e-01,  -1.187677e+00
  1.229591e-01,  8.402016e-01
  1.258119e-01,  3.024770e+00
  1.264860e-01,  2.170114e+00
  1.217148e-01,  -2.088021e+00
  1.162222e-01,  -6.113577e+00
  1.161053e-01,  -4.696987e+00
  1.221975e-01,  1.191652e+00
  1.274127e-01,  4.882789e+00
  1.250990e-01,  2.806140e+00
  1.203896e-01,  -2.402959e+00
  1.200147e-01,  -3.853735e+00
  1.239369e-01,  3.284081e-01
  1.280040e-01,  4.150463e+00
  1.268553e-01,  2.795396e+00
  1.218274e-01,  -2.108170e+00
  1.174969e-01,  -4.704551e+00
  1.169614e-01,  -2.165924e+00
  1.213420e-01,  1.591201e+00
  1.260538e-01,  2.277528e+00
  1.260518e-01,  2.499399e-01
  1.219210e-01,  -2.000154e+00
  1.186455e-01,  -2.548180e+00
  1.201699e-01,  -9.425949e-01
  1.251811e-01,  1.623924e+00
  1.283781e-01,  2.953037e+00
  1.259711e-01,  1.160388e+00
  1.201797e-01,  -3.401358e+00
  1.162574e-01,  -6.747703e+00
  1.166022e-01,  -4.963832e+00
  1.205385e-01,  -1.389868e-01
  1.235474e-01,  2.279672e+00
  1.222164e-01,  2.283937e-01
  1.193595e-01,  -3.640106e+00
  1.178500e-01,  -5.116738e+00
  1.175196e-01,  -3.377988e+00
  1.180654e-01,  -1.167065e+00
  1.198722e-01,  -6.233498e-01
  1.223380e-01,  -1.248988e+00
  1.227572e-01,  -1.847571e+00
  1.201850e-01,  -2.282422e+00
  1.181930e-01,  -2.549965e+00
  1.197941e-01,  -2.012202e+00
  1.222623e-01,  -9.667252e-01
  1.212611e-01,  -1.062104e+00
  1.183720e-01,  -2.607813e+00
  1.189889e-01,  -2.538106e+00
  1.241402e-01,  1.434573e+00
  1.294721e-01,  5.954205e+00
  1.296003e-01,  6.159189e+00
  1.256632e-01,  1.578143e+00
  1.222997e-01,  -2.787256e+00
  1.201997e-01,  -2.494293e+00
  1.203356e-01,  5.448480e-01
  1.228593e-01,  1.708989e+00
  1.246371e-01,  1.635593e-01
  1.231776e-01,  -1.672680e+00
  1.209249e-01,  -1.966720e+00
  1.224794e-01,  -9.223949e-01
  1.259849e-01,  -1.640384e-01
  1.246735e-01,  -9.858899e-01
  1.190787e-01,  -3.061149e+00
  1.175115e-01,  -3.798045e+00
  1.215617e-01,  -1.744521e+00
  1.223639e-01,  -1.646743e-04
  1.165842e-01,  -1.788164e+00
  1.155415e-01,  -4.914802e+00
  1.240176e-01,  -3.727322e+00
  1.286839e-01,  -4.179140e-01
  1.195574e-01,  -1.605716e+00
  1.118764e-01,  -7.825532e+00
  1.191849e-01,  -7.641050e+00
  1.277115e-01,  7.318742e-01
  1.216127e-01,  5.609871e+00
  1.126844e-01,  -1.320795e+00
  1.249766e-01,  -7.359707e+00
  1.361113e-01,  7.541356e-02
  1.233401e-01,  9.934875e+00
  1.042703e-01,  3.266825e+00
  1.235334e-01,  -1.138530e+01
  1.432807e-01,  -4.803176e+00
  1.240697e-01,  1.430763e+01
  9.671100e-02,  1.727923e+01
  1.273560e-01,  -9.205985e+00
  1.705981e-01,  -8.806495e+00
  1.303822e-01,  1.416099e+01
  7.789209e-02,  3.487699e+01
  1.173438e-01,  -1.593680e+01
  2.024432e-01,  -1.801802e+01
  1.276591e-01,  1.824263e+01
  1.132636e-01,  8.766584e+01
  9.909825e-02,  3.039210e-01
  2.910967e-01,  -2.503924e+01
  1.238094e-01,  -1.418216e+00
  2.461052e-01,  1.240355e+02
  1.286680e-01,  7.106345e+01
  4.620467e-01,  -1.927625e+01
  2.003707e-01,  -3.116017e+01
  5.830125e-01,  1.513000e+02
  3.592112e-01,  1.229795e+02
  1.015918e+00,  -1.492723e+01
  5.967721e-01,  -3.841741e+01
  2.910412e+00,  1.579855e+02
  6.511815e+00,  -3.194685e+01
  1.922273e+00,  -1.375069e+02
  7.380284e+00,  -1.716985e+02
  6.974089e+00,  -1.761570e+02
  7.896308e+00,  1.784991e+02
  1.022617e+01,  1.708281e+02
  1.156626e+01,  1.624028e+02
  1.183157e+01,  1.529711e+02
  1.248934e+01,  1.435188e+02
  1.393894e+01,  1.346296e+02
  1.532161e+01,  1.257472e+02
  1.612687e+01,  1.173353e+02
  1.684699e+01,  1.108649e+02
  1.787529e+01,  1.066149e+02
  1.883094e+01,  1.032472e+02
  1.939614e+01,  1.001609e+02
  1.964766e+01,  9.790238e+01
  1.951039e+01,  9.680264e+01
  1.886843e+01,  9.662195e+01
  1.774137e+01,  9.693362e+01
  1.611040e+01,  9.785305e+01
  1.410914e+01,  1.012853e+02
  1.217673e+01,  1.098992e+02
  1.075838e+01,  1.233075e+02
  9.973947e+00,  1.386131e+02
  9.984341e+00,  1.545140e+02
  1.097875e+01,  1.688875e+02
  1.249364e+01,  1.788909e+02
  1.375570e+01,  -1.752594e+02
  1.436051e+01,  -1.718136e+02
  1.424231e+01,  -1.695777e+02
  1.345912e+01,  -1.680553e+02
  1.213379e+01,  -1.668181e+02
  1.045250e+01,  -1.653867e+02
  8.572546e+00,  -1.635610e+02
  6.574486e+00,  -1.616389e+02
  4.537984e+00,  -1.604826e+02
  2.480557e+00,  -1.604163e+02
  3.517210e-01,  -1.457746e+02
  1.791444e+00,  9.845336e+00
  3.599323e+00,  1.213006e+01
  5.027711e+00,  1.295939e+01
  6.095821e+00,  1.213842e+01
  6.632732e+00,  1.103338e+01
  6.640593e+00,  1.165728e+01
  6.542190e+00,  1.463802e+01
  6.596944e+00,  1.908339e+01
  6.700423e+00,  2.430380e+01
  6.895297e+00,  2.933237e+01
  7.224740e+00,  3.231915e+01
  7.382441e+00,  3.296452e+01
  7.156346e+00,  3.176683e+01
  6.740032e+00,  2.777823e+01
  6.361590e+00,  1.980408e+01
  6.091080e+00,  8.020876e+00
  6.106623e+00,  -6.953029e+00
  6.762125e+00,  -2.297804e+01
  8.066616e+00,  -3.607334e+01
  9.549756e+00,  -4.525119e+01
  1.104244e+01,  -5.195031e+01
  1.281089e+01,  -5.700327e+01
  1.466804e+01,  -6.083580e+01
  1.608693e+01,  -6.419924e+01
  1.726851e+01,  -6.738971e+01
  1.862824e+01,  -7.016908e+01
  1.973203e+01,  -7.293609e+01
  2.011442e+01,  -7.642336e+01
  1.992220e+01,  -8.043578e+01
  1.909995e+01,  -8.422514e+01
  1.753258e+01,  -8.737070e+01
  1.564692e+01,  -8.889551e+01
  1.376499e+01,  -8.702615e+01
  1.188418e+01,  -8.062542e+01
  1.033410e+01,  -6.950534e+01
  9.638402e+00,  -5.493251e+01
  9.840095e+00,  -3.960289e+01
  1.061539e+01,  -2.537768e+01
  1.171723e+01,  -1.339722e+01
  1.300687e+01,  -4.558230e+00
  1.432306e+01,  1.293531e+00
  1.529889e+01,  5.440473e+00
  1.547169e+01,  9.143322e+00
  1.476955e+01,  1.256404e+01
  1.345575e+01,  1.514039e+01
  1.157262e+01,  1.701300e+01
  9.008173e+00,  1.926462e+01
  5.995636e+00,  2.290749e+01
  3.007297e+00,  3.018629e+01
  6.325203e-01,  1.038339e+02
  2.975756e+00,  -1.748310e+02
  5.788058e+00,  -1.690306e+02
  7.789236e+00,  -1.662005e+02
  8.653443e+00,  -1.634198e+02
  9.023672e+00,  -1.618219e+02
  9.280046e+00,  -1.621513e+02
  8.581628e+00,  -1.615589e+02
  6.464242e+00,  -1.564805e+02
  4.573096e+00,  -1.500519e+02
  3.299886e+00,  -1.503748e+02
  5.173593e+00,  -2.459944e+01
##END=