##TITLE= twqubit_C6180_C_25000.txt
##JCAMP-DX= 5.00 Bruker JCAMP library
##DATA TYPE= Shape Data
##ORIGIN= Colm's GRAPE Pulses 
##OWNER= caryan
##DATE= 23-Dec-2014
##TIME= 12:24
##MINX= 1.128586e+00
##MAXX= 7.179283e+01
##MINY= 3.279872e-02
##MAXY= 3.589019e+02
##$SHAPE_EXMODE= None
##$SHAPE_TOTROT= 9.000000e+01
##$SHAPE_BWFAC= 1.000000e+00
##$SHAPE_INTEGFAC= 1.000000e+00
##$SHAPE_MODE= 1
##NPOINTS= 200
##XYPOINTS= (XY..XY)
  1.128586e+00,  8.927539e+01
  1.877123e+00,  9.606379e+01
  9.822227e+00,  2.056689e+02
  1.919725e+01,  2.009773e+02
  5.552106e+00,  1.812630e+02
  2.050808e+01,  5.165102e+00
  3.574143e+01,  2.999271e+00
  2.627843e+01,  3.279872e-02
  6.694006e+00,  2.386013e+02
  3.073773e+01,  2.277214e+02
  3.749464e+01,  2.655540e+02
  2.931083e+01,  3.157676e+02
  2.486486e+01,  3.323686e+01
  2.672822e+01,  9.011801e+01
  1.443683e+01,  1.555321e+02
  1.600575e+01,  2.610537e+02
  5.849863e+00,  2.584179e+02
  2.667499e+01,  1.428410e+02
  3.454263e+01,  1.510128e+02
  1.626480e+01,  1.695504e+02
  6.148623e+00,  2.845529e+02
  9.284101e+00,  2.904451e+02
  1.038102e+01,  2.364252e+02
  1.062018e+01,  2.020259e+02
  6.788904e+00,  1.447095e+02
  3.326210e+00,  7.448461e+01
  1.557091e+01,  3.241362e+02
  3.042780e+01,  3.262871e+02
  2.127880e+01,  3.230471e+02
  9.093345e+00,  1.827458e+02
  2.997282e+01,  1.540889e+02
  2.634619e+01,  1.409537e+02
  1.439201e+01,  5.284659e+01
  3.518398e+01,  1.787201e+01
  2.950828e+01,  2.992074e+01
  7.829073e+00,  1.087726e+02
  1.667547e+01,  2.255224e+02
  2.358391e+01,  2.869790e+02
  2.647506e+01,  2.994616e+02
  3.365806e+01,  2.446998e+02
  5.043128e+01,  2.255599e+02
  3.232903e+01,  2.206702e+02
  9.117546e+00,  1.323643e+02
  2.152214e+01,  7.941831e+01
  1.567093e+01,  6.675245e+01
  3.038371e+00,  1.497892e+02
  1.275664e+01,  2.186804e+02
  9.921829e+00,  2.487877e+02
  6.636913e+00,  3.260738e+02
  6.998266e+00,  3.460694e+02
  5.975707e+00,  2.961625e+02
  9.118335e+00,  2.770277e+02
  1.305879e+01,  3.155415e+02
  2.315209e+01,  3.361986e+02
  2.808827e+01,  3.298835e+02
  2.330353e+01,  3.085338e+02
  1.631244e+01,  2.631440e+02
  1.243968e+01,  2.025214e+02
  1.532633e+01,  1.164212e+02
  2.699679e+01,  7.510376e+01
  2.974431e+01,  5.738331e+01
  1.987482e+01,  4.485739e+01
  8.413979e+00,  1.521986e+01
  4.513411e+00,  7.106676e+00
  1.154047e+01,  6.913257e+01
  2.318811e+01,  7.563755e+01
  2.431007e+01,  6.917284e+01
  1.534292e+01,  3.715698e+01
  1.521406e+01,  3.333331e+02
  1.838642e+01,  2.985557e+02
  1.765638e+01,  2.677061e+02
  1.328284e+01,  2.351362e+02
  7.710992e+00,  1.670025e+02
  1.478898e+01,  1.202941e+02
  2.010954e+01,  1.376464e+02
  1.909069e+01,  1.763908e+02
  1.211557e+01,  2.420289e+02
  1.400598e+01,  3.316709e+02
  1.308254e+01,  2.070795e+01
  6.576952e+00,  1.571279e+02
  2.439612e+01,  2.256519e+02
  3.040393e+01,  2.767328e+02
  3.385289e+01,  3.364249e+02
  3.039674e+01,  2.387649e+01
  1.742026e+01,  8.848403e+01
  2.031158e+01,  1.914576e+02
  3.306583e+01,  2.470420e+02
  3.812509e+01,  2.701557e+02
  3.060285e+01,  2.451336e+02
  3.170932e+01,  2.008910e+02
  2.267114e+01,  1.934897e+02
  9.878536e+00,  2.122838e+02
  3.791362e+00,  1.556481e+02
  5.962154e+00,  1.249666e+02
  7.562027e+00,  1.732374e+02
  1.558754e+01,  1.963495e+02
  1.553465e+01,  1.991918e+02
  4.890396e+00,  1.098752e+02
  5.278219e+00,  4.768244e+01
  2.195832e+00,  2.591594e+02
  8.638543e+00,  3.539070e+02
  1.854896e+01,  3.266251e+02
  2.154955e+01,  2.818870e+02
  1.968051e+01,  2.160291e+02
  1.430410e+01,  1.490613e+02
  2.120329e+01,  6.601278e+01
  3.148209e+01,  3.981078e+01
  1.687898e+01,  2.067913e+01
  2.371056e+01,  2.420670e+02
  5.016271e+01,  2.504710e+02
  4.138352e+01,  2.882770e+02
  3.518487e+01,  2.025715e+01
  5.845390e+01,  7.146687e+01
  4.992422e+01,  9.777386e+01
  2.015644e+01,  1.567909e+02
  3.095570e+01,  2.394002e+02
  3.331656e+01,  2.304942e+02
  3.016765e+01,  1.905539e+02
  1.846559e+01,  1.651102e+02
  5.597468e+00,  3.805380e+01
  1.431188e+01,  3.556936e+02
  8.985265e+00,  3.142086e+02
  1.062102e+01,  2.444013e+02
  6.985432e+00,  2.411294e+02
  8.349621e+00,  1.876628e+01
  1.711813e+01,  2.195658e+01
  1.813866e+01,  3.589019e+02
  1.858722e+01,  3.342448e+02
  1.022473e+01,  2.984428e+02
  1.091138e+01,  1.690500e+02
  2.682010e+01,  1.323845e+02
  2.779805e+01,  1.217162e+02
  1.334803e+01,  7.062467e+01
  2.851191e+01,  1.769399e+01
  3.056620e+01,  4.067457e+01
  1.918836e+01,  1.104456e+02
  1.842497e+01,  2.135480e+02
  2.785572e+01,  2.987556e+02
  2.754338e+01,  3.248679e+02
  2.119123e+01,  2.311264e+02
  4.524023e+01,  2.141566e+02
  2.840235e+01,  2.155176e+02
  9.389520e+00,  1.083463e+02
  2.264048e+01,  7.503253e+01
  1.505368e+01,  7.444018e+01
  1.008817e+01,  1.768392e+02
  2.367321e+01,  2.099046e+02
  2.007349e+01,  2.328063e+02
  1.113266e+01,  2.802805e+02
  1.068060e+01,  3.123701e+02
  1.110851e+01,  2.925915e+02
  1.347332e+01,  2.777501e+02
  1.728322e+01,  3.029167e+02
  2.698779e+01,  3.300511e+02
  3.074099e+01,  3.434459e+02
  1.903598e+01,  3.471983e+02
  7.899056e+00,  2.522171e+02
  1.590041e+01,  2.118510e+02
  1.069101e+01,  1.333921e+02
  3.053331e+01,  8.387014e+01
  3.668390e+01,  8.230627e+01
  1.770008e+01,  8.531388e+01
  8.212218e+00,  2.966284e+02
  1.547376e+01,  3.025596e+02
  6.277110e+00,  1.456606e+01
  1.581417e+01,  9.279183e+01
  1.367580e+01,  9.536718e+01
  6.791930e+00,  3.450745e+02
  1.945588e+01,  3.133224e+02
  1.682023e+01,  3.039545e+02
  7.280879e+00,  2.315179e+02
  1.496426e+01,  1.645173e+02
  1.513548e+01,  1.374013e+02
  1.110687e+01,  1.047543e+02
  6.110937e+00,  1.029742e+02
  6.135256e+00,  2.110962e+02
  1.109750e+01,  2.481508e+02
  1.085219e+01,  2.804828e+02
  1.099592e+01,  3.099207e+02
  8.629025e+00,  3.115252e+02
  7.096288e+00,  2.605822e+02
  8.064424e+00,  2.845181e+02
  1.137087e+01,  1.044098e+00
  1.504581e+01,  5.651400e+01
  1.743556e+01,  1.103039e+02
  1.908048e+01,  1.760478e+02
  3.389395e+01,  2.421881e+02
  5.913528e+01,  2.625159e+02
  7.107100e+01,  2.426552e+02
  7.179283e+01,  2.062712e+02
  5.450179e+01,  1.880355e+02
  2.608128e+01,  1.973470e+02
  6.953694e+00,  2.006180e+02
  2.722335e+00,  2.889580e+01
  5.087554e+00,  3.472025e+02
  1.293285e+00,  2.798913e+02
  5.941578e+00,  1.256796e+02
  1.422640e+01,  8.444903e+01
  4.712835e+00,  1.208027e+02
  2.063351e+00,  2.122489e+02
##END=
