##TITLE= twqubit_encoding1_C_nobufferfix8
##JCAMP-DX= 5.00 Bruker JCAMP library
##DATA TYPE= Shape Data
##ORIGIN= Colm Fixed Pulses 
##OWNER= d29lu
##DATE= 12-May-2015
##TIME= 16:17
##MINX= 1.223925e-01
##MAXX= 7.492032e+01
##MINY= 2.150037e-01
##MAXY= 3.595988e+02
##$SHAPE_EXMODE= None
##$SHAPE_TOTROT= 9.000000e+01
##$SHAPE_BWFAC= 1.000000e+00
##$SHAPE_INTEGFAC= 1.000000e+00
##$SHAPE_MODE= 1
##NPOINTS= 3298
##XYPOINTS= (XY..XY)
  2.341788e+00,  3.040916e+02
  8.384844e+00,  6.419026e+01
  1.812462e+01,  1.066171e+02
  2.345519e+01,  1.794315e+02
  2.756215e+01,  2.423941e+02
  2.202444e+01,  2.951443e+02
  1.135674e+01,  1.979645e+01
  2.738811e+01,  1.003130e+02
  3.882959e+01,  1.080435e+02
  4.434022e+01,  7.721651e+01
  4.276451e+01,  6.715791e+01
  1.294689e+01,  1.294893e+02
  2.938612e+01,  2.284294e+02
  2.751366e+01,  2.515184e+02
  6.133948e+00,  4.273861e+00
  3.001683e+01,  8.361009e+01
  3.341620e+01,  9.154461e+01
  1.783514e+01,  5.671742e+01
  1.721520e+01,  3.480403e+02
  2.913600e+01,  3.277921e+02
  2.889436e+01,  3.048974e+02
  1.811712e+01,  2.409607e+02
  1.514909e+01,  1.486088e+02
  2.599950e+01,  8.340751e+01
  3.288017e+01,  4.420577e+01
  2.767886e+01,  1.818816e+01
  3.020085e+00,  3.582488e+02
  1.986704e+01,  1.948163e+02
  2.061963e+01,  1.880064e+02
  3.858637e+00,  9.518746e+01
  1.748274e+01,  1.535280e+01
  1.747246e+01,  3.447414e+02
  2.197457e+01,  2.911519e+02
  2.797829e+01,  2.746387e+02
  1.984322e+01,  2.830694e+02
  1.071785e+01,  3.429344e+02
  1.356498e+01,  3.764383e+01
  9.391520e+00,  7.934909e+01
  7.543711e+00,  1.390336e+02
  2.963966e+00,  7.250632e+01
  1.717583e+01,  2.752383e+01
  1.829378e+01,  3.287628e+01
  7.002502e+00,  2.824967e+02
  3.500825e+01,  2.583583e+02
  3.823521e+01,  2.851915e+02
  2.620381e+01,  1.563044e+01
  3.694213e+01,  1.021706e+02
  3.353300e+01,  1.526874e+02
  3.993394e+00,  2.521860e+02
  2.854926e+01,  3.456236e+02
  2.747040e+01,  3.471882e+02
  7.969573e+00,  2.570815e+02
  2.229934e+01,  1.806462e+02
  2.333352e+01,  1.320956e+02
  2.630351e+01,  8.117154e+01
  2.696699e+01,  4.525977e+01
  1.782839e+01,  3.427180e+02
  2.841734e+01,  2.762016e+02
  3.481257e+01,  2.538915e+02
  2.605746e+01,  2.402897e+02
  9.537324e+00,  2.075767e+02
  5.244704e+00,  8.139359e+01
  1.187715e+01,  3.575602e+02
  1.887763e+01,  3.449004e+02
  9.409607e+00,  3.572501e+02
  1.319841e+01,  1.549260e+02
  2.860415e+01,  1.710522e+02
  1.818486e+01,  1.950397e+02
  1.229649e+01,  3.552256e+02
  3.209848e+01,  2.965940e+01
  2.590247e+01,  4.158343e+01
  5.313343e+00,  3.509443e+02
  1.763480e+01,  2.785554e+02
  1.663874e+01,  2.922056e+02
  3.288502e+00,  8.924736e+01
  2.136395e+01,  1.334242e+02
  1.997853e+01,  1.748829e+02
  1.596121e+01,  2.869377e+02
  3.155445e+01,  1.006776e+01
  3.431207e+01,  4.723765e+01
  1.454050e+01,  8.264269e+00
  2.265366e+01,  2.977385e+02
  2.704639e+01,  2.725579e+02
  2.506352e+01,  2.345946e+02
  2.768400e+01,  1.701538e+02
  2.488094e+01,  1.400801e+02
  4.260928e+00,  1.079527e+02
  1.841029e+01,  3.042088e+02
  2.787858e+01,  2.854277e+02
  1.866808e+01,  2.554270e+02
  7.578254e+00,  1.727290e+02
  1.894477e+01,  8.714973e+01
  3.172277e+01,  6.016381e+01
  3.874662e+01,  3.459287e+01
  4.085219e+01,  1.743628e+01
  3.344895e+01,  1.919300e+01
  1.113353e+01,  1.064526e+01
  1.438764e+01,  2.121145e+02
  8.905722e+00,  2.700213e+02
  5.658435e+00,  2.388943e+01
  3.331345e+00,  2.146361e+02
  1.578115e+00,  1.766455e+01
  6.425959e-01,  2.302216e+02
  3.252935e-01,  3.561356e+02
  3.195004e-01,  2.879191e+02
  1.980811e-01,  3.509046e+02
  3.138476e-01,  2.943202e+02
  1.973238e-01,  3.431122e+02
  2.809993e-01,  2.963764e+02
  2.099845e-01,  3.358440e+02
  2.739523e-01,  2.995504e+02
  2.209298e-01,  3.297464e+02
  2.454304e-01,  3.036735e+02
  2.292356e-01,  3.267332e+02
  2.249600e-01,  3.067993e+02
  2.496442e-01,  3.217241e+02
  2.242827e-01,  3.126579e+02
  2.576199e-01,  3.161328e+02
  2.143306e-01,  3.164359e+02
  2.518227e-01,  3.152068e+02
  2.141663e-01,  3.172874e+02
  2.628135e-01,  3.120620e+02
  2.146758e-01,  3.202652e+02
  2.625164e-01,  3.106305e+02
  2.101142e-01,  3.239636e+02
  2.639323e-01,  3.082331e+02
  1.981166e-01,  3.221308e+02
  2.779346e-01,  3.104680e+02
  1.965425e-01,  3.238177e+02
  2.557987e-01,  3.075768e+02
  2.285484e-01,  3.227168e+02
  2.397281e-01,  3.086922e+02
  2.294870e-01,  3.223661e+02
  2.388050e-01,  3.109617e+02
  2.362810e-01,  3.173362e+02
  2.320979e-01,  3.114110e+02
  2.462834e-01,  3.190513e+02
  2.229282e-01,  3.129632e+02
  2.418257e-01,  3.168068e+02
  2.273880e-01,  3.151373e+02
  2.512952e-01,  3.127104e+02
  2.045153e-01,  3.167837e+02
  2.476438e-01,  3.150795e+02
  2.192342e-01,  3.199589e+02
  2.482787e-01,  3.096711e+02
  2.247202e-01,  3.202259e+02
  2.334639e-01,  3.148033e+02
  2.283308e-01,  3.194965e+02
  2.468382e-01,  3.118218e+02
  2.243611e-01,  3.211503e+02
  2.428619e-01,  3.095778e+02
  2.310952e-01,  3.189015e+02
  2.310738e-01,  3.140372e+02
  2.275267e-01,  3.171479e+02
  2.337080e-01,  3.174594e+02
  2.341249e-01,  3.121299e+02
  2.402156e-01,  3.163762e+02
  2.365889e-01,  3.200896e+02
  2.324095e-01,  3.105482e+02
  2.387147e-01,  3.181318e+02
  2.281675e-01,  3.136509e+02
  2.328217e-01,  3.163876e+02
  2.269980e-01,  3.146653e+02
  2.411684e-01,  3.151421e+02
  2.438857e-01,  3.171965e+02
  2.408434e-01,  3.132717e+02
  2.285487e-01,  3.156688e+02
  2.458402e-01,  3.135944e+02
  2.195096e-01,  3.166665e+02
  2.573961e-01,  3.120620e+02
  2.316919e-01,  3.171258e+02
  2.401288e-01,  3.121195e+02
  2.321823e-01,  3.178830e+02
  2.204980e-01,  3.156657e+02
  2.357003e-01,  3.182321e+02
  2.411319e-01,  3.147896e+02
  2.306455e-01,  3.153254e+02
  2.288962e-01,  3.134946e+02
  2.265711e-01,  3.214459e+02
  2.356831e-01,  3.101398e+02
  2.351777e-01,  3.180518e+02
  2.267602e-01,  3.169715e+02
  2.307524e-01,  3.165294e+02
  2.400881e-01,  3.146285e+02
  2.358590e-01,  3.164968e+02
  2.408701e-01,  3.151133e+02
  2.372719e-01,  3.126056e+02
  2.361430e-01,  3.172432e+02
  2.359888e-01,  3.111453e+02
  2.241962e-01,  3.195477e+02
  2.463041e-01,  3.128012e+02
  2.337820e-01,  3.154816e+02
  2.592824e-01,  3.139760e+02
  2.223499e-01,  3.170600e+02
  2.410615e-01,  3.148461e+02
  2.237122e-01,  3.200165e+02
  2.427942e-01,  3.120306e+02
  2.331566e-01,  3.190926e+02
  2.328090e-01,  3.133129e+02
  2.318613e-01,  3.154285e+02
  2.285003e-01,  3.163411e+02
  2.465686e-01,  3.123670e+02
  2.332151e-01,  3.141223e+02
  2.308259e-01,  3.181705e+02
  2.251075e-01,  3.173578e+02
  2.416404e-01,  3.144355e+02
  2.110277e-01,  3.201680e+02
  2.468145e-01,  3.116761e+02
  2.377923e-01,  3.168672e+02
  2.282339e-01,  3.174945e+02
  2.330371e-01,  3.157015e+02
  2.365607e-01,  3.172161e+02
  2.288881e-01,  3.147063e+02
  2.320367e-01,  3.148310e+02
  2.444577e-01,  3.169100e+02
  2.324020e-01,  3.139419e+02
  2.345079e-01,  3.183239e+02
  2.437631e-01,  3.102628e+02
  2.283932e-01,  3.209693e+02
  2.384628e-01,  3.140507e+02
  2.291349e-01,  3.147984e+02
  2.396725e-01,  3.169664e+02
  2.354961e-01,  3.131992e+02
  2.434791e-01,  3.154403e+02
  2.356945e-01,  3.135392e+02
  2.278323e-01,  3.169677e+02
  2.445434e-01,  3.129119e+02
  2.259805e-01,  3.177696e+02
  2.383300e-01,  3.154842e+02
  2.264308e-01,  3.157449e+02
  2.449238e-01,  3.174173e+02
  2.219035e-01,  3.155749e+02
  2.431977e-01,  3.130445e+02
  2.305079e-01,  3.171658e+02
  2.291746e-01,  3.143912e+02
  2.349920e-01,  3.149951e+02
  2.317312e-01,  3.178304e+02
  2.294312e-01,  3.153364e+02
  2.372210e-01,  3.143927e+02
  2.478956e-01,  3.159927e+02
  2.226027e-01,  3.135690e+02
  2.381650e-01,  3.190623e+02
  2.258822e-01,  3.148773e+02
  2.494893e-01,  3.136293e+02
  2.237731e-01,  3.164726e+02
  2.235368e-01,  3.179140e+02
  2.412609e-01,  3.162915e+02
  2.350388e-01,  3.125236e+02
  2.416765e-01,  3.178595e+02
  2.321598e-01,  3.128037e+02
  2.282411e-01,  3.151625e+02
  2.349497e-01,  3.167721e+02
  2.399079e-01,  3.177806e+02
  2.318200e-01,  3.153419e+02
  2.405184e-01,  3.159555e+02
  2.327617e-01,  3.163355e+02
  2.301975e-01,  3.149125e+02
  2.365741e-01,  3.179753e+02
  2.472076e-01,  3.137589e+02
  2.309974e-01,  3.154165e+02
  2.252284e-01,  3.171450e+02
  2.377765e-01,  3.136353e+02
  2.303357e-01,  3.161680e+02
  2.308102e-01,  3.154323e+02
  2.322860e-01,  3.154980e+02
  2.417136e-01,  3.172630e+02
  2.260446e-01,  3.161661e+02
  2.344960e-01,  3.158342e+02
  2.397053e-01,  3.172991e+02
  2.340836e-01,  3.148260e+02
  2.371949e-01,  3.174303e+02
  2.276826e-01,  3.166740e+02
  2.375936e-01,  3.137386e+02
  2.378575e-01,  3.165599e+02
  2.400089e-01,  3.140942e+02
  2.313170e-01,  3.175705e+02
  2.301168e-01,  3.141995e+02
  2.378651e-01,  3.139736e+02
  2.333885e-01,  3.185830e+02
  2.348041e-01,  3.146735e+02
  2.291632e-01,  3.152177e+02
  2.392129e-01,  3.150629e+02
  2.267867e-01,  3.170580e+02
  2.500854e-01,  3.147236e+02
  2.376446e-01,  3.180182e+02
  2.195076e-01,  3.155474e+02
  2.398670e-01,  3.167397e+02
  2.253699e-01,  3.204406e+02
  2.383259e-01,  3.103283e+02
  2.308563e-01,  3.215023e+02
  2.389363e-01,  3.130471e+02
  2.236091e-01,  3.182474e+02
  2.462354e-01,  3.129049e+02
  2.395735e-01,  3.135825e+02
  2.251423e-01,  3.187685e+02
  2.373543e-01,  3.103502e+02
  2.350095e-01,  3.189379e+02
  2.343539e-01,  3.136283e+02
  2.409856e-01,  3.175851e+02
  2.369759e-01,  3.132466e+02
  2.275358e-01,  3.179043e+02
  2.364507e-01,  3.152718e+02
  2.246136e-01,  3.158162e+02
  2.478262e-01,  3.150112e+02
  2.193935e-01,  3.180022e+02
  2.471246e-01,  3.157346e+02
  2.250517e-01,  3.147606e+02
  2.345897e-01,  3.178465e+02
  2.390461e-01,  3.123394e+02
  2.075196e-01,  3.189136e+02
  2.472703e-01,  3.147992e+02
  2.247543e-01,  3.178636e+02
  2.362574e-01,  3.174296e+02
  2.321628e-01,  3.141738e+02
  2.278312e-01,  3.170316e+02
  2.376044e-01,  3.174332e+02
  2.392742e-01,  3.128746e+02
  2.274261e-01,  3.146578e+02
  2.350352e-01,  3.146106e+02
  2.379359e-01,  3.191853e+02
  2.192368e-01,  3.170960e+02
  2.330189e-01,  3.147951e+02
  2.223501e-01,  3.195190e+02
  2.414837e-01,  3.136291e+02
  2.392861e-01,  3.133364e+02
  2.210887e-01,  3.191567e+02
  2.413806e-01,  3.146891e+02
  2.319023e-01,  3.161864e+02
  2.305441e-01,  3.183573e+02
  2.374737e-01,  3.121707e+02
  2.432794e-01,  3.178412e+02
  2.222218e-01,  3.165706e+02
  2.497247e-01,  3.143973e+02
  2.396060e-01,  3.155781e+02
  2.261518e-01,  3.182047e+02
  2.355855e-01,  3.162705e+02
  2.328209e-01,  3.148116e+02
  2.302267e-01,  3.179838e+02
  2.316468e-01,  3.149620e+02
  2.398232e-01,  3.149495e+02
  2.329877e-01,  3.149486e+02
  2.423021e-01,  3.151649e+02
  2.094365e-01,  3.191527e+02
  2.365186e-01,  3.165589e+02
  2.254265e-01,  3.156996e+02
  2.379347e-01,  3.167638e+02
  2.369589e-01,  3.161650e+02
  2.329369e-01,  3.125821e+02
  2.401309e-01,  3.157866e+02
  2.288119e-01,  3.157618e+02
  2.277093e-01,  3.154996e+02
  2.307826e-01,  3.158719e+02
  2.422130e-01,  3.141622e+02
  2.251473e-01,  3.140947e+02
  2.439367e-01,  3.164073e+02
  2.224391e-01,  3.177097e+02
  2.406677e-01,  3.122415e+02
  2.280041e-01,  3.204737e+02
  2.249724e-01,  3.146987e+02
  2.337330e-01,  3.154514e+02
  2.379926e-01,  3.185387e+02
  2.284315e-01,  3.153891e+02
  2.283170e-01,  3.127613e+02
  2.359210e-01,  3.170385e+02
  2.242281e-01,  3.165864e+02
  2.481770e-01,  3.127845e+02
  2.282030e-01,  3.171194e+02
  2.318384e-01,  3.153133e+02
  2.311500e-01,  3.156241e+02
  2.347302e-01,  3.156753e+02
  2.185470e-01,  3.198968e+02
  2.401369e-01,  3.108127e+02
  2.307862e-01,  3.180485e+02
  2.196426e-01,  3.165193e+02
  2.458671e-01,  3.145242e+02
  2.204038e-01,  3.183612e+02
  2.383137e-01,  3.123368e+02
  2.292142e-01,  3.177436e+02
  2.379967e-01,  3.150048e+02
  2.317906e-01,  3.149661e+02
  2.236422e-01,  3.162604e+02
  2.363091e-01,  3.165460e+02
  2.262689e-01,  3.174873e+02
  2.258155e-01,  3.159376e+02
  2.350261e-01,  3.182824e+02
  2.284488e-01,  3.155175e+02
  2.297842e-01,  3.137783e+02
  2.344478e-01,  3.202802e+02
  2.255766e-01,  3.129451e+02
  2.503562e-01,  3.159476e+02
  2.206639e-01,  3.189966e+02
  2.303915e-01,  3.153514e+02
  2.296269e-01,  3.168550e+02
  2.344457e-01,  3.120157e+02
  2.425831e-01,  3.151454e+02
  2.219080e-01,  3.199200e+02
  2.353360e-01,  3.177356e+02
  2.187474e-01,  3.143746e+02
  2.378795e-01,  3.160576e+02
  2.283528e-01,  3.182246e+02
  2.274307e-01,  3.139028e+02
  2.447330e-01,  3.153989e+02
  2.385280e-01,  3.184787e+02
  2.301810e-01,  3.157561e+02
  2.335323e-01,  3.137012e+02
  2.324327e-01,  3.144215e+02
  2.326058e-01,  3.176687e+02
  2.398287e-01,  3.150098e+02
  2.295782e-01,  3.181669e+02
  2.376499e-01,  3.131677e+02
  2.391040e-01,  3.148192e+02
  2.274849e-01,  3.183129e+02
  2.233275e-01,  3.152382e+02
  2.318624e-01,  3.174332e+02
  2.444710e-01,  3.130684e+02
  2.346313e-01,  3.184290e+02
  2.253108e-01,  3.140486e+02
  2.403875e-01,  3.159214e+02
  2.286077e-01,  3.173992e+02
  2.349756e-01,  3.162057e+02
  2.339870e-01,  3.162313e+02
  2.246194e-01,  3.158928e+02
  2.401422e-01,  3.148848e+02
  2.380379e-01,  3.145289e+02
  2.262127e-01,  3.180088e+02
  2.315512e-01,  3.123187e+02
  2.418571e-01,  3.164290e+02
  2.296132e-01,  3.146491e+02
  2.263271e-01,  3.159011e+02
  2.314975e-01,  3.159503e+02
  2.368867e-01,  3.163343e+02
  2.283000e-01,  3.152966e+02
  2.301101e-01,  3.172050e+02
  2.336860e-01,  3.156931e+02
  2.306914e-01,  3.154673e+02
  2.354185e-01,  3.179980e+02
  2.328437e-01,  3.138461e+02
  2.270210e-01,  3.174736e+02
  2.286796e-01,  3.152015e+02
  2.349266e-01,  3.165230e+02
  2.374840e-01,  3.178045e+02
  2.292477e-01,  3.153459e+02
  2.483265e-01,  3.126587e+02
  2.268353e-01,  3.195028e+02
  2.230921e-01,  3.146846e+02
  2.499874e-01,  3.162791e+02
  2.250813e-01,  3.164962e+02
  2.565187e-01,  3.131639e+02
  2.230601e-01,  3.188442e+02
  2.239804e-01,  3.149589e+02
  2.377060e-01,  3.147876e+02
  2.275108e-01,  3.170396e+02
  2.323359e-01,  3.166380e+02
  2.271313e-01,  3.166707e+02
  2.439120e-01,  3.174821e+02
  2.228985e-01,  3.096657e+02
  2.361078e-01,  3.168206e+02
  2.245359e-01,  3.182651e+02
  2.354766e-01,  3.150384e+02
  2.367405e-01,  3.162640e+02
  2.215428e-01,  3.147162e+02
  2.438095e-01,  3.171367e+02
  2.401610e-01,  3.164806e+02
  2.222136e-01,  3.165929e+02
  2.354232e-01,  3.148747e+02
  2.331757e-01,  3.148347e+02
  2.225058e-01,  3.174627e+02
  2.423013e-01,  3.159993e+02
  2.328977e-01,  3.154224e+02
  2.288902e-01,  3.169217e+02
  2.297344e-01,  3.157177e+02
  2.288585e-01,  3.148123e+02
  2.305574e-01,  3.161718e+02
  2.254912e-01,  3.147944e+02
  2.335855e-01,  3.155865e+02
  2.283757e-01,  3.181117e+02
  2.144959e-01,  3.164639e+02
  2.387770e-01,  3.162230e+02
  2.359667e-01,  3.149304e+02
  2.292458e-01,  3.199255e+02
  2.282358e-01,  3.138104e+02
  2.378204e-01,  3.135731e+02
  2.298682e-01,  3.170460e+02
  2.297068e-01,  3.148486e+02
  2.414638e-01,  3.188239e+02
  2.149639e-01,  3.153008e+02
  2.387509e-01,  3.167890e+02
  2.373370e-01,  3.163914e+02
  2.132593e-01,  3.157412e+02
  2.367383e-01,  3.171128e+02
  2.279489e-01,  3.164704e+02
  2.334438e-01,  3.138155e+02
  2.427804e-01,  3.139836e+02
  2.318717e-01,  3.188573e+02
  2.370857e-01,  3.165793e+02
  2.210559e-01,  3.147956e+02
  2.278765e-01,  3.180791e+02
  2.343429e-01,  3.149089e+02
  2.432266e-01,  3.125633e+02
  2.297036e-01,  3.163772e+02
  2.350415e-01,  3.150147e+02
  2.341725e-01,  3.163157e+02
  2.211504e-01,  3.181407e+02
  2.300815e-01,  3.160020e+02
  2.311887e-01,  3.138054e+02
  2.378277e-01,  3.144646e+02
  2.365578e-01,  3.186064e+02
  2.286400e-01,  3.133232e+02
  2.311998e-01,  3.137444e+02
  2.347862e-01,  3.145598e+02
  2.140853e-01,  3.164473e+02
  2.364961e-01,  3.168131e+02
  2.273655e-01,  3.154283e+02
  2.366613e-01,  3.172545e+02
  2.341871e-01,  3.153747e+02
  2.237538e-01,  3.160723e+02
  2.368600e-01,  3.150680e+02
  2.298704e-01,  3.159807e+02
  2.320367e-01,  3.171342e+02
  2.288481e-01,  3.182985e+02
  2.447039e-01,  3.140323e+02
  2.351182e-01,  3.171482e+02
  2.331049e-01,  3.165060e+02
  2.347897e-01,  3.151425e+02
  2.255249e-01,  3.162342e+02
  2.302641e-01,  3.171161e+02
  2.317820e-01,  3.166105e+02
  2.219681e-01,  3.163786e+02
  2.324980e-01,  3.174509e+02
  2.328457e-01,  3.127206e+02
  2.306305e-01,  3.188114e+02
  2.227323e-01,  3.157690e+02
  2.293235e-01,  3.174072e+02
  2.369876e-01,  3.158937e+02
  2.259619e-01,  3.165347e+02
  2.310336e-01,  3.163308e+02
  2.323075e-01,  3.149229e+02
  2.297682e-01,  3.185829e+02
  2.296721e-01,  3.145631e+02
  2.355167e-01,  3.175178e+02
  2.187427e-01,  3.141491e+02
  2.373621e-01,  3.162397e+02
  2.253870e-01,  3.183278e+02
  2.385736e-01,  3.137760e+02
  2.421573e-01,  3.158537e+02
  2.195552e-01,  3.195200e+02
  2.434332e-01,  3.124214e+02
  2.210915e-01,  3.165631e+02
  2.283118e-01,  3.189916e+02
  2.381478e-01,  3.119942e+02
  2.288982e-01,  3.172936e+02
  2.229619e-01,  3.141441e+02
  2.423232e-01,  3.155337e+02
  2.296663e-01,  3.163725e+02
  2.266943e-01,  3.167111e+02
  2.303581e-01,  3.183729e+02
  2.326907e-01,  3.143166e+02
  2.364544e-01,  3.187633e+02
  2.182953e-01,  3.156028e+02
  2.370621e-01,  3.160104e+02
  2.191583e-01,  3.153609e+02
  2.411062e-01,  3.142525e+02
  2.333002e-01,  3.174670e+02
  2.184600e-01,  3.148457e+02
  2.328977e-01,  3.160969e+02
  2.322058e-01,  3.146366e+02
  2.385915e-01,  3.166589e+02
  2.232676e-01,  3.148081e+02
  2.314180e-01,  3.168001e+02
  2.363635e-01,  3.157023e+02
  2.271197e-01,  3.156621e+02
  2.265650e-01,  3.164195e+02
  2.261528e-01,  3.183830e+02
  2.318338e-01,  3.169036e+02
  2.291601e-01,  3.149748e+02
  2.337868e-01,  3.206952e+02
  2.378916e-01,  3.117457e+02
  2.326502e-01,  3.190910e+02
  2.359834e-01,  3.153487e+02
  2.289454e-01,  3.144191e+02
  2.337705e-01,  3.153423e+02
  2.299027e-01,  3.159365e+02
  2.486717e-01,  3.168937e+02
  2.306940e-01,  3.124348e+02
  2.298426e-01,  3.204535e+02
  2.367272e-01,  3.144081e+02
  2.035970e-01,  3.185305e+02
  2.327690e-01,  3.163266e+02
  2.298002e-01,  3.142726e+02
  2.326033e-01,  3.148288e+02
  2.283759e-01,  3.177800e+02
  2.360928e-01,  3.164622e+02
  2.434759e-01,  3.117742e+02
  2.191984e-01,  3.180224e+02
  2.341451e-01,  3.164932e+02
  2.386835e-01,  3.140556e+02
  2.379777e-01,  3.182566e+02
  2.225624e-01,  3.157646e+02
  2.334635e-01,  3.138401e+02
  2.278766e-01,  3.178378e+02
  2.339909e-01,  3.149084e+02
  2.336703e-01,  3.143754e+02
  2.355872e-01,  3.139241e+02
  2.308084e-01,  3.162999e+02
  2.222119e-01,  3.179805e+02
  2.498795e-01,  3.149959e+02
  2.297974e-01,  3.149061e+02
  2.303575e-01,  3.186910e+02
  2.306479e-01,  3.151973e+02
  2.349676e-01,  3.168811e+02
  2.269009e-01,  3.156028e+02
  2.403828e-01,  3.147157e+02
  2.177636e-01,  3.207567e+02
  2.327521e-01,  3.148378e+02
  2.400398e-01,  3.153568e+02
  2.257786e-01,  3.174411e+02
  2.436693e-01,  3.133878e+02
  2.334202e-01,  3.173962e+02
  2.439571e-01,  3.155040e+02
  2.330592e-01,  3.142271e+02
  2.378857e-01,  3.124313e+02
  2.222945e-01,  3.155491e+02
  2.334998e-01,  3.157987e+02
  2.355160e-01,  3.133335e+02
  2.386643e-01,  3.185655e+02
  2.284247e-01,  3.162996e+02
  2.295723e-01,  3.165347e+02
  2.309153e-01,  3.111737e+02
  2.266822e-01,  3.194464e+02
  2.327029e-01,  3.158855e+02
  2.319823e-01,  3.162581e+02
  2.274155e-01,  3.175629e+02
  2.343465e-01,  3.144874e+02
  2.356935e-01,  3.161116e+02
  2.227193e-01,  3.171875e+02
  2.289794e-01,  3.145445e+02
  2.231908e-01,  3.155275e+02
  2.343888e-01,  3.180454e+02
  2.348579e-01,  3.115150e+02
  2.315105e-01,  3.156957e+02
  2.153205e-01,  3.192734e+02
  2.354080e-01,  3.154400e+02
  2.349558e-01,  3.151148e+02
  2.356631e-01,  3.158314e+02
  2.333628e-01,  3.155898e+02
  2.277402e-01,  3.172192e+02
  2.289642e-01,  3.143335e+02
  2.288298e-01,  3.189469e+02
  2.350996e-01,  3.130465e+02
  2.268206e-01,  3.201639e+02
  2.314599e-01,  3.134417e+02
  2.325230e-01,  3.165248e+02
  2.305803e-01,  3.170307e+02
  2.282923e-01,  3.147574e+02
  2.349354e-01,  3.151989e+02
  2.320673e-01,  3.150705e+02
  2.296673e-01,  3.163663e+02
  2.228954e-01,  3.176665e+02
  2.414565e-01,  3.133781e+02
  2.414169e-01,  3.160649e+02
  2.353889e-01,  3.190894e+02
  2.349673e-01,  3.167407e+02
  2.279217e-01,  3.200494e+02
  2.263545e-01,  3.113048e+02
  2.347042e-01,  3.226502e+02
  2.318868e-01,  3.119648e+02
  2.344206e-01,  3.154803e+02
  2.384092e-01,  3.151664e+02
  2.208438e-01,  3.201773e+02
  2.339035e-01,  3.117356e+02
  2.337795e-01,  3.192355e+02
  2.350981e-01,  3.114906e+02
  2.281355e-01,  3.172529e+02
  2.376466e-01,  3.140470e+02
  2.322213e-01,  3.144226e+02
  2.228819e-01,  3.185189e+02
  2.492386e-01,  3.145201e+02
  2.256989e-01,  3.204799e+02
  2.352612e-01,  3.117060e+02
  2.316385e-01,  3.175150e+02
  2.181543e-01,  3.137110e+02
  2.323077e-01,  3.187899e+02
  2.412109e-01,  3.151956e+02
  2.170318e-01,  3.196295e+02
  2.415720e-01,  3.101616e+02
  2.415272e-01,  3.201001e+02
  2.187559e-01,  3.132619e+02
  2.438148e-01,  3.194373e+02
  2.246148e-01,  3.114020e+02
  2.438276e-01,  3.186641e+02
  2.263973e-01,  3.133401e+02
  2.286948e-01,  3.165636e+02
  2.345598e-01,  3.137216e+02
  2.301415e-01,  3.181025e+02
  2.245718e-01,  3.128273e+02
  2.300214e-01,  3.193751e+02
  2.307510e-01,  3.170454e+02
  2.274923e-01,  3.139621e+02
  2.320558e-01,  3.173121e+02
  2.297628e-01,  3.124864e+02
  2.327471e-01,  3.207464e+02
  2.220156e-01,  3.096312e+02
  2.463978e-01,  3.199730e+02
  2.234083e-01,  3.121652e+02
  2.229855e-01,  3.213352e+02
  2.463489e-01,  3.084922e+02
  2.275110e-01,  3.256189e+02
  2.434245e-01,  3.081829e+02
  2.345714e-01,  3.226751e+02
  2.322851e-01,  3.083222e+02
  2.272458e-01,  3.221236e+02
  2.288694e-01,  3.105756e+02
  2.335252e-01,  3.194193e+02
  2.277180e-01,  3.149310e+02
  2.372250e-01,  3.173528e+02
  2.234867e-01,  3.165035e+02
  2.307190e-01,  3.151962e+02
  2.236097e-01,  3.180069e+02
  2.327191e-01,  3.125157e+02
  2.342938e-01,  3.188186e+02
  2.310442e-01,  3.113748e+02
  2.270179e-01,  3.227673e+02
  2.476588e-01,  3.101355e+02
  2.220058e-01,  3.218705e+02
  2.342307e-01,  3.088781e+02
  2.419170e-01,  3.235506e+02
  2.402889e-01,  3.055267e+02
  2.303088e-01,  3.272506e+02
  2.433094e-01,  3.034626e+02
  2.253258e-01,  3.294900e+02
  2.465689e-01,  3.050957e+02
  2.403047e-01,  3.237254e+02
  2.293137e-01,  3.050903e+02
  2.395612e-01,  3.239096e+02
  2.268839e-01,  3.062019e+02
  2.337173e-01,  3.244235e+02
  2.192678e-01,  3.103686e+02
  2.443253e-01,  3.177465e+02
  2.059245e-01,  3.182111e+02
  2.552233e-01,  3.112497e+02
  2.196438e-01,  3.249592e+02
  2.471409e-01,  3.056624e+02
  2.253157e-01,  3.281320e+02
  2.401249e-01,  3.034677e+02
  2.208679e-01,  3.318860e+02
  2.520586e-01,  3.021327e+02
  2.255975e-01,  3.349404e+02
  2.500978e-01,  2.970275e+02
  2.293229e-01,  3.386705e+02
  2.719629e-01,  2.940313e+02
  2.419886e-01,  3.409030e+02
  2.555255e-01,  2.909636e+02
  2.471350e-01,  3.419964e+02
  2.640581e-01,  2.888631e+02
  2.507836e-01,  3.407802e+02
  2.467316e-01,  2.915634e+02
  2.444638e-01,  3.393513e+02
  2.457328e-01,  2.909875e+02
  2.697673e-01,  3.357640e+02
  2.338192e-01,  2.924391e+02
  2.700019e-01,  3.360755e+02
  2.184928e-01,  2.927678e+02
  2.720757e-01,  3.301752e+02
  1.936437e-01,  3.002233e+02
  2.737541e-01,  3.270559e+02
  2.007471e-01,  3.064473e+02
  2.775754e-01,  3.198288e+02
  1.110845e+00,  1.465474e+02
  1.682816e+01,  1.592960e+02
  4.405110e+01,  2.341701e+02
  3.519193e+01,  2.989970e+02
  2.921634e+01,  3.404436e+02
  1.319903e+01,  2.771559e+02
  1.758964e+01,  6.053258e+01
  2.760880e+01,  4.364849e+01
  2.708972e+01,  1.748233e+01
  1.809363e+01,  3.284788e+02
  1.422014e+01,  2.870742e+02
  2.376776e+01,  2.792169e+02
  2.574235e+01,  2.760960e+02
  1.517419e+01,  2.830455e+02
  3.910088e+00,  3.432486e+02
  5.555373e+00,  5.597516e+01
  6.668943e+00,  3.147443e+00
  9.611478e+00,  4.226598e+01
  1.451512e+01,  1.204806e+02
  2.601487e+01,  1.842365e+02
  2.877633e+01,  2.170993e+02
  1.057328e+01,  2.703256e+02
  2.217534e+01,  4.524502e+01
  2.981142e+01,  5.743422e+01
  2.189202e+01,  3.208595e+01
  1.819550e+01,  1.090415e+01
  1.703315e+01,  2.624848e+01
  1.872813e+01,  2.960407e+01
  1.603620e+01,  3.578318e+02
  2.442964e+01,  3.322419e+02
  2.365809e+01,  3.159137e+02
  1.200015e+01,  2.596390e+02
  1.675153e+01,  1.992191e+02
  1.498070e+01,  2.003062e+02
  1.854584e+00,  2.922393e+02
  1.667226e+01,  1.099578e+01
  2.248231e+01,  1.268603e+01
  1.813599e+01,  1.885940e+01
  1.136900e+01,  4.642330e+01
  1.033876e+01,  3.530992e+02
  4.122633e+01,  3.471370e+02
  5.203382e+01,  2.920717e+01
  3.879298e+01,  1.049685e+02
  4.163241e+01,  2.091394e+02
  4.086336e+01,  2.766377e+02
  2.226805e+01,  8.091524e+00
  3.017632e+01,  7.728804e+01
  1.792032e+01,  8.459396e+01
  8.916101e+00,  3.154585e+02
  2.575424e+01,  2.868676e+02
  3.182580e+01,  2.815761e+02
  2.817793e+01,  2.761359e+02
  1.849905e+01,  2.646031e+02
  5.667229e+00,  3.366600e+02
  2.181412e+01,  2.647539e+01
  3.153120e+01,  1.667558e+01
  2.944572e+01,  7.551251e+00
  1.721118e+01,  3.582040e+02
  8.591120e+00,  2.994764e+02
  9.695544e+00,  2.475192e+02
  1.235378e+00,  3.277147e+02
  1.828230e+01,  2.644804e+01
  3.186554e+01,  2.179305e+01
  3.887688e+01,  1.918551e+01
  2.937499e+01,  4.535236e+01
  1.352090e+01,  1.313179e+02
  2.992317e+01,  2.306112e+02
  3.838266e+01,  2.648565e+02
  2.441246e+01,  3.006579e+02
  1.426081e+01,  2.326728e+01
  9.895015e+00,  9.038306e+01
  1.382042e+01,  2.216881e+02
  2.646261e+01,  2.507875e+02
  1.830016e+01,  2.629587e+02
  2.600384e+00,  2.183331e+01
  1.605975e+01,  4.711011e+01
  2.007631e+01,  2.500662e+01
  1.794441e+01,  3.433206e+02
  1.863094e+01,  2.935895e+02
  1.970336e+01,  2.508693e+02
  1.699390e+01,  2.132645e+02
  1.204565e+01,  1.680129e+02
  6.920580e+00,  1.744300e+02
  1.901149e+01,  2.402537e+02
  3.163737e+01,  2.641859e+02
  2.586323e+01,  2.623880e+02
  2.044467e+01,  2.040928e+02
  2.129893e+01,  1.678127e+02
  7.693656e+00,  4.402165e+01
  2.663705e+01,  2.784135e+00
  2.655980e+01,  3.421854e+02
  9.836905e+00,  2.606509e+02
  1.800035e+01,  2.011522e+02
  6.309606e+00,  1.552455e+02
  3.516319e+01,  4.529835e+01
  4.319065e+01,  7.348410e+01
  2.598475e+01,  1.752542e+02
  5.332154e+01,  2.722526e+02
  4.703472e+01,  5.877054e-01
  4.050364e+01,  1.223600e+02
  7.234525e+00,  1.619548e+02
  1.728503e+01,  1.145630e+02
  1.105449e+01,  2.545452e+02
  2.283648e+01,  2.646209e+02
  2.521971e+01,  2.306001e+02
  2.591010e+01,  2.420093e+02
  8.380884e+00,  3.185851e+02
  2.396314e+01,  2.139844e+01
  3.808950e+01,  8.523295e+00
  3.510043e+01,  3.570697e+02
  2.528997e+01,  2.150037e-01
  1.782842e+01,  3.165111e+02
  2.230216e+01,  2.655373e+02
  1.128981e+01,  1.961536e+02
  2.217868e+01,  9.672575e+01
  3.109319e+01,  6.859132e+01
  2.465158e+01,  2.608746e+01
  1.907836e+01,  3.409585e+02
  9.860717e+00,  2.744265e+02
  1.884932e+01,  1.990767e+02
  2.038579e+01,  1.936524e+02
  7.710316e-01,  3.116149e+01
  1.951705e+01,  3.995316e+01
  1.235026e+01,  4.606999e+01
  3.270203e+00,  2.604225e+02
  7.765354e+00,  1.248953e+02
  3.014640e+01,  1.210453e+02
  2.649928e+01,  1.395747e+02
  1.349866e+01,  2.773956e+02
  4.216841e+01,  3.245943e+02
  3.039054e+01,  3.330017e+02
  1.250574e+01,  1.923992e+02
  3.288716e+01,  1.982663e+02
  2.432718e+01,  2.641124e+02
  4.134865e+01,  3.436085e+02
  4.790916e+01,  1.863309e+01
  2.965710e+01,  4.044331e+01
  1.301891e+01,  3.221166e+01
  1.597555e+01,  3.276335e+01
  2.507344e+01,  2.273992e+01
  3.838425e+01,  1.274058e+01
  3.797138e+01,  3.960186e+01
  2.592498e+01,  1.004388e+02
  2.372445e+01,  1.990299e+02
  2.883814e+01,  2.573372e+02
  1.787340e+01,  3.023073e+02
  1.105132e+01,  5.694961e+01
  2.154517e+01,  1.227112e+02
  2.234304e+01,  1.653223e+02
  1.579209e+01,  2.380894e+02
  2.319682e+01,  3.094763e+02
  2.138682e+01,  3.128784e+02
  1.660315e+01,  2.628764e+02
  9.982785e+00,  2.513710e+02
  8.865211e+00,  3.887750e+01
  2.178734e+01,  4.825111e+01
  2.200178e+01,  4.705280e+01
  1.298950e+01,  3.765934e+01
  7.404399e+00,  3.086931e+02
  1.296917e+01,  2.626630e+02
  6.611715e+00,  2.772588e+02
  1.383167e+01,  2.477156e+01
  2.583277e+01,  3.198599e+01
  2.294556e+01,  2.895715e+01
  5.248337e+00,  1.568027e+02
  3.653620e+01,  2.007355e+02
  4.799787e+01,  2.148787e+02
  3.551685e+01,  2.378186e+02
  2.806089e+01,  3.244766e+02
  4.951205e+01,  1.397486e+01
  3.873990e+01,  2.868254e+01
  6.297608e+00,  7.589294e-01
  2.292582e+01,  2.396768e+02
  2.759826e+01,  2.305524e+02
  1.967602e+01,  2.060224e+02
  5.904898e+00,  1.695532e+02
  5.278331e+00,  1.685922e+01
  5.119672e+00,  3.479578e+02
  6.118898e+00,  2.519455e+02
  1.755100e+01,  2.483273e+02
  2.625140e+01,  2.658338e+02
  3.228056e+01,  2.791425e+02
  3.013335e+01,  2.581323e+02
  3.893492e+01,  2.205563e+02
  3.962735e+01,  2.299193e+02
  2.713353e+01,  2.581448e+02
  7.975616e+00,  1.709686e+02
  1.910178e+01,  1.379127e+02
  9.043559e+00,  1.499916e+02
  1.123663e+01,  2.947851e+02
  1.587389e+01,  3.182382e+02
  3.724549e+00,  1.430294e+01
  1.859417e+01,  1.441388e+02
  3.280351e+01,  1.890014e+02
  4.288909e+01,  2.058190e+02
  4.515870e+01,  2.163683e+02
  3.626691e+01,  2.275527e+02
  1.729238e+01,  2.798961e+02
  2.618061e+01,  8.152887e+01
  1.514104e+01,  2.606255e+02
  6.654860e+00,  7.879184e+01
  3.020573e+00,  2.685061e+02
  1.116187e+00,  8.852854e+01
  1.099375e+00,  2.791802e+02
  5.883888e-01,  8.924230e+01
  9.427128e-01,  2.800107e+02
  4.962286e-01,  8.641361e+01
  8.421690e-01,  2.796340e+02
  3.940537e-01,  8.303389e+01
  7.107447e-01,  2.809917e+02
  2.818213e-01,  7.172250e+01
  5.643450e-01,  2.832039e+02
  1.816958e-01,  5.577434e+01
  4.412476e-01,  2.884633e+02
  1.475567e-01,  1.038066e+01
  3.380846e-01,  2.998000e+02
  1.739298e-01,  3.348625e+02
  2.330574e-01,  3.102996e+02
  2.676371e-01,  3.131576e+02
  1.517043e-01,  3.310969e+02
  3.326446e-01,  3.026380e+02
  1.328420e-01,  3.562074e+02
  3.766543e-01,  2.978676e+02
  1.223925e-01,  1.811105e+01
  3.930081e-01,  2.958810e+02
  1.362450e-01,  1.996245e+01
  4.074501e-01,  2.949931e+02
  1.320615e-01,  2.193829e+01
  3.931386e-01,  2.922138e+02
  1.424469e-01,  1.522076e+01
  3.780225e-01,  2.942803e+02
  1.414248e-01,  5.697787e+00
  3.424048e-01,  2.987421e+02
  1.473845e-01,  3.538647e+02
  3.099282e-01,  3.013967e+02
  1.643238e-01,  3.361484e+02
  2.777355e-01,  3.061282e+02
  2.145337e-01,  3.219849e+02
  2.254096e-01,  3.146994e+02
  2.605655e-01,  3.123488e+02
  1.892468e-01,  3.289638e+02
  2.730491e-01,  3.054833e+02
  1.888834e-01,  3.314565e+02
  3.022143e-01,  3.045368e+02
  1.310886e-01,  3.458257e+02
  3.194140e-01,  3.003250e+02
  1.538606e-01,  3.468548e+02
  3.278304e-01,  2.993243e+02
  1.666360e-01,  3.469022e+02
  3.085151e-01,  2.984705e+02
  1.694034e-01,  3.437711e+02
  3.102966e-01,  3.007508e+02
  1.876634e-01,  3.402102e+02
  2.663903e-01,  2.993916e+02
  2.064984e-01,  3.312088e+02
  2.676250e-01,  3.047876e+02
  2.096139e+00,  7.134074e+01
  1.582421e+00,  8.685321e+01
  1.384541e+01,  2.064542e+02
  2.092737e+01,  1.967724e+02
  2.556716e+00,  6.180293e+01
  2.721451e+01,  3.582008e+02
  3.547947e+01,  2.935831e-01
  2.021308e+01,  3.548339e+02
  1.390831e+01,  2.087609e+02
  3.337771e+01,  2.333052e+02
  3.727460e+01,  2.814389e+02
  2.578613e+01,  3.398028e+02
  2.586757e+01,  5.672554e+01
  2.360520e+01,  1.102725e+02
  1.461565e+01,  2.043502e+02
  1.943956e+01,  2.823200e+02
  5.566662e+00,  1.316993e+02
  3.609113e+01,  1.424778e+02
  2.986865e+01,  1.576679e+02
  8.247315e+00,  1.955902e+02
  9.090614e+00,  3.054276e+02
  9.124535e+00,  2.724968e+02
  1.188291e+01,  2.218691e+02
  8.730607e+00,  1.906925e+02
  5.953659e+00,  1.097899e+02
  2.628035e+00,  3.595988e+02
  2.138734e+01,  3.191559e+02
  3.195670e+01,  3.301834e+02
  1.334422e+01,  3.168324e+02
  1.787627e+01,  1.669367e+02
  3.170353e+01,  1.505625e+02
  1.965101e+01,  1.317069e+02
  2.105834e+01,  2.340117e+01
  3.722873e+01,  1.703827e+01
  2.178859e+01,  4.229261e+01
  1.123054e+01,  1.657714e+02
  1.949366e+01,  2.416358e+02
  2.614775e+01,  3.055757e+02
  2.315727e+01,  2.959578e+02
  4.401792e+01,  2.346466e+02
  4.952099e+01,  2.261207e+02
  1.932610e+01,  2.190221e+02
  1.515870e+01,  9.161728e+01
  2.131279e+01,  7.351996e+01
  9.978234e+00,  4.772483e+01
  6.178866e+00,  2.043050e+02
  1.393190e+01,  2.214590e+02
  7.464414e+00,  2.705312e+02
  6.509601e+00,  3.482256e+02
  4.939173e+00,  3.274739e+02
  7.020142e+00,  2.691304e+02
  9.794461e+00,  2.753642e+02
  1.591151e+01,  3.252484e+02
  2.593878e+01,  3.387744e+02
  2.738478e+01,  3.252258e+02
  2.073532e+01,  2.963700e+02
  1.567915e+01,  2.426804e+02
  1.149629e+01,  1.762464e+02
  1.937898e+01,  9.602946e+01
  2.905277e+01,  6.586355e+01
  2.681947e+01,  5.174896e+01
  1.400515e+01,  3.671607e+01
  5.119783e+00,  3.386267e+02
  2.639551e+00,  2.442608e+01
  1.443114e+01,  7.409939e+01
  2.433046e+01,  7.647691e+01
  2.079388e+01,  6.542256e+01
  1.251034e+01,  9.052451e+00
  1.698764e+01,  3.165935e+02
  1.805981e+01,  2.892714e+02
  1.649594e+01,  2.565355e+02
  1.047686e+01,  2.186490e+02
  8.005453e+00,  1.287257e+02
  1.572260e+01,  1.152827e+02
  2.021997e+01,  1.484088e+02
  1.837967e+01,  1.959638e+02
  1.314184e+01,  2.764581e+02
  1.700262e+01,  3.520857e+02
  1.138298e+01,  4.345534e+01
  1.354528e+01,  1.839466e+02
  3.068374e+01,  2.364241e+02
  3.351594e+01,  2.963704e+02
  3.638086e+01,  3.559592e+02
  2.759660e+01,  4.385848e+01
  1.660716e+01,  1.212925e+02
  2.556662e+01,  2.106992e+02
  3.569477e+01,  2.597999e+02
  3.442203e+01,  2.735198e+02
  3.025553e+01,  2.263349e+02
  3.154735e+01,  1.915864e+02
  1.418126e+01,  2.007610e+02
  5.778114e+00,  2.282618e+02
  5.125280e+00,  1.123275e+02
  4.208155e+00,  1.235044e+02
  8.052195e+00,  1.895457e+02
  1.775332e+01,  1.988821e+02
  1.291879e+01,  1.999932e+02
  9.152175e+00,  6.377982e+01
  2.424935e+00,  3.765944e+00
  4.383407e+00,  2.226737e+02
  1.325860e+01,  3.434491e+00
  2.159066e+01,  3.140624e+02
  2.296242e+01,  2.666315e+02
  2.161117e+01,  1.922206e+02
  1.359749e+01,  1.105463e+02
  2.516294e+01,  5.222704e+01
  3.003248e+01,  3.395293e+01
  8.290048e+00,  3.419881e+02
  3.575656e+01,  2.373451e+02
  5.142268e+01,  2.575474e+02
  3.708935e+01,  3.137099e+02
  4.501764e+01,  4.526280e+01
  5.971563e+01,  8.355986e+01
  3.784358e+01,  1.120670e+02
  1.969866e+01,  2.095191e+02
  3.398871e+01,  2.493841e+02
  2.948405e+01,  2.178534e+02
  2.998153e+01,  1.759695e+02
  1.068210e+01,  1.506364e+02
  1.048962e+01,  3.162084e+00
  1.347321e+01,  3.448274e+02
  7.991489e+00,  2.742671e+02
  1.134076e+01,  2.305331e+02
  3.087331e+00,  2.585278e+02
  1.277124e+01,  2.394823e+01
  1.709631e+01,  1.648058e+01
  1.777054e+01,  3.447255e+02
  1.840826e+01,  3.253592e+02
  7.575047e+00,  2.623413e+02
  1.598794e+01,  1.538799e+02
  2.948902e+01,  1.267348e+02
  2.270590e+01,  1.194321e+02
  1.370154e+01,  2.744372e+01
  3.281307e+01,  1.601048e+01
  2.846360e+01,  5.738589e+01
  2.134680e+01,  1.442288e+02
  2.491919e+01,  2.418022e+02
  3.456934e+01,  3.181149e+02
  2.067196e+01,  3.324912e+02
  3.374203e+01,  2.140059e+02
  4.384706e+01,  2.167676e+02
  1.401120e+01,  2.148634e+02
  1.819030e+01,  8.335115e+01
  2.202328e+01,  7.238331e+01
  8.368664e+00,  7.086774e+01
  1.511373e+01,  1.945774e+02
  2.508387e+01,  2.151052e+02
  1.598393e+01,  2.489348e+02
  9.099543e+00,  3.046543e+02
  9.368252e+00,  3.058641e+02
  1.125981e+01,  2.757152e+02
  1.359184e+01,  2.734445e+02
  1.905731e+01,  3.121784e+02
  2.943222e+01,  3.368651e+02
  2.847061e+01,  3.489293e+02
  1.215431e+01,  3.453842e+02
  1.328457e+01,  2.231602e+02
  1.579369e+01,  2.056426e+02
  1.493478e+01,  9.976634e+01
  3.491790e+01,  8.069204e+01
  3.165854e+01,  8.415522e+01
  6.882050e+00,  8.712273e+01
  1.558637e+01,  2.874102e+02
  1.404307e+01,  3.069412e+02
  7.759534e+00,  6.025382e+01
  1.717658e+01,  9.829120e+01
  8.580729e+00,  8.347617e+01
  1.287298e+01,  3.184533e+02
  2.128789e+01,  3.118453e+02
  1.254853e+01,  2.972004e+02
  9.677225e+00,  1.887137e+02
  1.648616e+01,  1.557807e+02
  1.288551e+01,  1.235907e+02
  8.882826e+00,  8.352250e+01
  3.160072e+00,  1.135870e+02
  8.347666e+00,  2.234533e+02
  1.121774e+01,  2.546143e+02
  1.036086e+01,  2.896377e+02
  1.066694e+01,  3.107955e+02
  7.359994e+00,  3.016229e+02
  7.095671e+00,  2.396122e+02
  7.941837e+00,  3.058825e+02
  1.356073e+01,  2.007197e+01
  1.596430e+01,  7.650869e+01
  1.861334e+01,  1.314567e+02
  2.245424e+01,  2.005839e+02
  4.115735e+01,  2.554254e+02
  6.190983e+01,  2.671513e+02
  7.492032e+01,  2.338105e+02
  7.179834e+01,  1.929169e+02
  3.888116e+01,  1.895668e+02
  1.693441e+01,  2.234003e+02
  2.089547e+00,  1.329166e+02
  5.583186e+00,  7.288836e+00
  4.179906e+00,  3.241179e+02
  2.856296e+00,  1.788144e+02
  7.795528e+00,  1.239053e+02
  1.557281e+01,  7.188762e+01
  5.365614e+00,  2.161880e+02
  1.733840e+00,  3.333585e+01
  7.157569e-01,  2.083131e+02
  6.216710e-01,  3.233438e+02
  1.435809e-01,  2.489334e+02
  3.855158e-01,  3.379548e+02
  2.695387e-01,  2.594844e+02
  3.607845e-01,  3.461722e+02
  2.609590e-01,  2.664563e+02
  3.126386e-01,  3.466429e+02
  2.609036e-01,  2.744405e+02
  2.789255e-01,  3.456876e+02
  2.784874e-01,  2.839494e+02
  2.445296e-01,  3.430318e+02
  2.622703e-01,  2.916250e+02
  2.128862e-01,  3.388976e+02
  2.697929e-01,  2.995171e+02
  2.038691e-01,  3.301444e+02
  2.622638e-01,  3.077691e+02
  1.985373e-01,  3.216250e+02
  2.581682e-01,  3.132496e+02
  2.021273e-01,  3.163934e+02
  2.664420e-01,  3.165932e+02
  1.864653e-01,  3.131417e+02
  2.652301e-01,  3.204029e+02
  1.996939e-01,  3.043500e+02
  2.680287e-01,  3.255023e+02
  1.929068e-01,  3.012811e+02
  2.528340e-01,  3.281249e+02
  2.263390e-01,  3.013858e+02
  2.507223e-01,  3.297152e+02
  2.319301e-01,  2.961249e+02
  2.459215e-01,  3.281159e+02
  2.361454e-01,  3.038554e+02
  2.200609e-01,  3.298727e+02
  2.359593e-01,  3.025207e+02
  2.298435e-01,  3.279108e+02
  2.301242e-01,  3.056592e+02
  2.320333e-01,  3.229238e+02
  2.441424e-01,  3.130759e+02
  2.202076e-01,  3.167504e+02
  2.423301e-01,  3.160260e+02
  1.997466e-01,  3.182093e+02
  2.496881e-01,  3.149474e+02
  2.046682e-01,  3.143510e+02
  2.508343e-01,  3.179331e+02
  2.112589e-01,  3.142046e+02
  2.524709e-01,  3.196298e+02
  2.181782e-01,  3.107882e+02
  2.429372e-01,  3.207175e+02
  2.176034e-01,  3.085832e+02
  2.376681e-01,  3.246163e+02
  2.212879e-01,  3.082359e+02
  2.245440e-01,  3.246544e+02
  2.271286e-01,  3.071410e+02
  2.325583e-01,  3.246385e+02
  2.348466e-01,  3.074017e+02
  2.238985e-01,  3.229739e+02
  2.279022e-01,  3.114112e+02
  2.173092e-01,  3.205280e+02
  2.291783e-01,  3.136070e+02
  2.242024e-01,  3.218133e+02
  2.192621e-01,  3.135857e+02
  2.262791e-01,  3.173818e+02
  2.330303e-01,  3.169141e+02
  2.248537e-01,  3.139865e+02
  2.371844e-01,  3.171356e+02
  2.195931e-01,  3.120804e+02
  2.422000e-01,  3.199527e+02
  2.103684e-01,  3.121103e+02
  2.379447e-01,  3.196216e+02
  2.034442e-01,  3.126751e+02
  2.440922e-01,  3.181024e+02
  2.203760e-01,  3.117958e+02
  2.497735e-01,  3.189798e+02
  2.242885e-01,  3.095061e+02
  2.327767e-01,  3.210239e+02
  2.267187e-01,  3.118116e+02
  2.263588e-01,  3.202893e+02
  2.276305e-01,  3.118273e+02
  2.163578e-01,  3.167324e+02
  2.418191e-01,  3.150835e+02
  2.128483e-01,  3.156771e+02
  2.486679e-01,  3.130239e+02
  2.189110e-01,  3.198953e+02
  2.332999e-01,  3.164626e+02
  2.291965e-01,  3.150330e+02
  2.203065e-01,  3.168367e+02
  2.250892e-01,  3.152621e+02
  2.361550e-01,  3.165398e+02
  2.194445e-01,  3.134664e+02
  2.310930e-01,  3.179227e+02
  2.301004e-01,  3.176640e+02
  2.243385e-01,  3.158705e+02
  2.177753e-01,  3.119710e+02
  2.340032e-01,  3.187925e+02
  2.091251e-01,  3.135202e+02
  2.371726e-01,  3.190397e+02
  2.281471e-01,  3.133542e+02
  2.333980e-01,  3.196878e+02
  2.240025e-01,  3.168849e+02
  2.312569e-01,  3.157907e+02
  2.263777e-01,  3.163089e+02
  2.252876e-01,  3.177996e+02
  2.289587e-01,  3.127640e+02
  2.265685e-01,  3.176574e+02
  2.306861e-01,  3.112392e+02
  2.293169e-01,  3.194808e+02
  2.313323e-01,  3.167338e+02
  2.159594e-01,  3.141855e+02
  2.402052e-01,  3.153650e+02
  2.174858e-01,  3.141220e+02
  2.583369e-01,  3.136536e+02
  1.929857e-01,  3.167001e+02
  2.427240e-01,  3.156143e+02
  2.232047e-01,  3.156051e+02
  2.373575e-01,  3.170004e+02
  2.242000e-01,  3.143891e+02
  2.335764e-01,  3.162554e+02
  2.286806e-01,  3.156359e+02
  2.308582e-01,  3.170440e+02
  2.228606e-01,  3.171153e+02
  2.216053e-01,  3.154133e+02
  2.436584e-01,  3.110789e+02
  2.100940e-01,  3.204978e+02
  2.340536e-01,  3.124769e+02
  2.156590e-01,  3.196427e+02
  2.364193e-01,  3.136697e+02
  2.089621e-01,  3.188847e+02
  2.432478e-01,  3.153030e+02
  2.125982e-01,  3.167425e+02
  2.335151e-01,  3.134881e+02
  2.112920e-01,  3.165301e+02
  2.608211e-01,  3.147505e+02
  1.994964e-01,  3.175365e+02
  2.591452e-01,  3.168238e+02
  1.897798e-01,  3.166490e+02
  2.578558e-01,  3.141598e+02
  1.879809e-01,  3.220132e+02
  2.703332e-01,  3.103966e+02
  1.394465e+00,  1.762670e+02
  8.175262e+00,  1.412178e+02
  1.070216e+01,  5.198466e+01
  3.824209e+01,  3.863412e+01
  4.619470e+01,  7.187834e+01
  3.033882e+01,  1.221160e+02
  1.920191e+01,  2.284675e+02
  2.886174e+01,  3.028303e+02
  2.030948e+01,  3.402264e+02
  6.288690e+00,  9.304493e+01
  2.119503e+01,  1.539308e+02
  2.199301e+01,  1.781586e+02
  1.131145e+01,  2.326032e+02
  1.415358e+01,  3.215880e+02
  1.535780e+01,  3.546876e+02
  7.655112e+00,  2.140021e+01
  3.941039e+00,  8.683124e+01
  1.000796e+01,  9.320200e+01
  1.863091e+01,  9.401538e+01
  1.896618e+01,  1.000389e+02
  7.373448e+00,  1.373509e+02
  1.360950e+01,  2.480180e+02
  1.811089e+01,  2.637519e+02
  5.606726e+00,  2.638680e+02
  1.205891e+01,  9.667639e+01
  1.879633e+01,  1.091544e+02
  1.165248e+01,  1.568969e+02
  2.034278e+01,  2.387817e+02
  2.680438e+01,  2.653938e+02
  1.413564e+01,  2.900200e+02
  7.910265e+00,  9.042001e+01
  1.807756e+01,  1.165957e+02
  7.962079e+00,  1.368906e+02
  1.103346e+01,  3.255224e+02
  2.327941e+01,  3.520144e+02
  2.146477e+01,  1.267834e+00
  8.192858e+00,  3.587896e+02
  5.637260e+00,  1.443134e+02
  1.381996e+01,  1.462247e+02
  1.346065e+01,  1.286231e+02
  1.270383e+01,  9.049498e+01
  1.716248e+01,  8.130020e+01
  2.195351e+01,  1.073821e+02
  2.316330e+01,  1.388993e+02
  1.426560e+01,  1.666878e+02
  3.227942e+00,  1.941424e+01
  1.679398e+01,  4.059099e+01
  1.514762e+01,  6.627194e+01
  3.716032e+00,  1.698328e+02
  1.632925e+01,  2.503932e+02
  1.824591e+01,  2.666545e+02
  7.087761e+00,  2.747568e+02
  5.188901e+00,  1.231121e+02
  1.005828e+01,  1.179793e+02
  5.572443e+00,  9.477714e+01
  6.838461e+00,  4.268070e+00
  1.023249e+01,  3.169150e+00
  5.092146e+00,  2.551734e+01
  6.444829e+00,  1.639331e+02
  1.253024e+01,  1.857848e+02
  8.391878e+00,  2.036513e+02
  4.585511e+00,  3.248475e+02
  1.116759e+01,  3.521584e+02
  6.496883e+00,  3.448453e+02
  1.170215e+01,  2.158064e+02
  2.863500e+01,  2.193822e+02
  3.065363e+01,  2.354850e+02
  1.472116e+01,  2.790311e+02
  1.917902e+01,  4.061568e+01
  3.007823e+01,  7.097146e+01
  1.719185e+01,  8.847677e+01
  1.011272e+01,  2.151669e+02
  2.384815e+01,  2.377466e+02
  1.951476e+01,  2.204568e+02
  1.780457e+01,  1.690943e+02
  1.626110e+01,  1.407341e+02
  7.838484e+00,  9.697604e+01
  9.811258e+00,  2.800044e+00
  1.620607e+01,  3.419303e+02
  1.614857e+01,  3.363210e+02
  1.169645e+01,  3.363967e+02
  7.278323e+00,  3.348045e+02
  4.236505e+00,  3.114921e+02
  3.279452e+00,  2.167359e+02
  1.323322e+01,  1.760183e+02
  2.085428e+01,  1.751497e+02
  1.482027e+01,  1.748579e+02
  3.378007e+00,  5.543195e+01
  1.901753e+01,  2.214999e+01
  2.247681e+01,  2.099533e+01
  1.058795e+01,  1.419943e+00
  1.026339e+01,  2.590000e+02
  1.654067e+01,  2.454924e+02
  1.120565e+01,  2.280966e+02
  5.952185e+00,  1.372537e+02
  1.173095e+01,  1.008112e+02
  9.551241e+00,  1.154343e+02
  3.344680e+00,  2.114226e+02
  7.478746e+00,  2.932917e+02
  6.780761e+00,  3.377908e+02
  2.660574e+00,  4.822318e+01
  5.592632e+00,  2.119955e+02
  1.726949e+01,  2.585409e+02
  2.602966e+01,  2.866835e+02
  2.475822e+01,  3.165706e+02
  2.280210e+01,  1.594179e+01
  3.609165e+01,  7.110965e+01
  3.986552e+01,  1.028062e+02
  2.138348e+01,  1.364144e+02
  1.645075e+01,  2.654168e+02
  3.457345e+01,  3.027728e+02
  2.795126e+01,  3.279822e+02
  9.529000e+00,  4.184434e+01
  1.990263e+01,  1.288483e+02
  2.012183e+01,  1.373696e+02
  8.711159e+00,  1.136424e+02
  3.831957e+00,  1.127572e+01
  7.470257e+00,  2.719592e+02
  1.736625e+01,  2.449756e+02
  2.112578e+01,  2.316137e+02
  1.443520e+01,  2.046507e+02
  9.338585e+00,  1.328621e+02
  1.346447e+01,  8.748948e+01
  1.286684e+01,  6.571917e+01
  1.029596e+01,  2.142402e+01
  1.292366e+01,  3.456003e+02
  1.415551e+01,  3.517420e+02
  1.174912e+01,  2.337619e+01
  7.276283e+00,  7.101090e+01
  5.688812e+00,  1.703372e+02
  1.273885e+01,  2.213597e+02
  1.595074e+01,  2.342077e+02
  9.890227e+00,  2.234692e+02
  6.679116e+00,  1.366402e+02
  1.394895e+01,  1.080858e+02
  1.532067e+01,  9.488624e+01
  1.136569e+01,  5.865071e+01
  1.002405e+01,  3.595534e+02
  1.145439e+01,  3.203900e+02
  1.054236e+01,  2.964601e+02
  9.602188e+00,  2.759102e+02
  9.439082e+00,  2.567841e+02
  6.830116e+00,  2.266002e+02
  3.621839e+00,  1.344609e+02
  1.151651e+01,  7.741090e+01
  2.068525e+01,  6.884795e+01
  2.433585e+01,  5.538818e+01
  2.191592e+01,  3.620681e+01
  1.606820e+01,  2.295965e+01
  1.107680e+01,  3.251850e+01
  1.068363e+01,  6.079169e+01
  1.048054e+01,  8.030301e+01
  6.452714e+00,  1.059038e+02
  6.327249e+00,  1.690662e+02
  1.217791e+01,  1.891756e+02
  1.478863e+01,  1.943354e+02
  1.008070e+01,  1.940154e+02
  1.279423e+00,  1.229992e+02
  7.635402e+00,  1.886149e+01
  9.191717e+00,  3.519938e+02
  6.537164e+00,  2.952178e+02
  1.268399e+01,  2.484052e+02
  1.818626e+01,  2.584704e+02
  9.486564e+00,  2.990810e+02
  1.946202e+01,  6.241499e+01
  3.390469e+01,  8.961136e+01
  2.643095e+01,  9.665114e+01
  8.855219e+00,  2.518784e+01
  2.141961e+01,  3.154153e+02
  2.305580e+01,  3.032910e+02
  1.295412e+01,  2.975565e+02
  3.918465e+00,  3.051264e+02
  8.334018e+00,  3.327014e+02
  1.819197e+01,  3.261392e+02
  2.148161e+01,  3.162182e+02
  1.552965e+01,  3.016298e+02
  4.076256e+00,  2.603571e+02
  7.577922e+00,  1.343718e+02
  9.502210e+00,  1.217722e+02
  2.010982e+00,  1.299160e+02
  9.246212e+00,  2.766446e+02
  1.774128e+01,  2.706962e+02
  1.886309e+01,  2.663089e+02
  1.251140e+01,  2.703368e+02
  4.705313e+00,  2.600267e+02
  6.732784e+00,  2.044341e+02
  1.433759e+01,  2.221680e+02
  2.024652e+01,  2.445415e+02
  2.426570e+01,  2.662711e+02
  2.936075e+01,  2.862657e+02
  3.279672e+01,  3.085884e+02
  2.621890e+01,  3.470064e+02
  1.653327e+01,  6.771743e+01
  2.590692e+01,  1.383487e+02
  2.641689e+01,  1.534273e+02
  1.752667e+01,  1.397652e+02
  7.429874e+00,  1.242765e+02
  3.208528e+00,  2.666876e+02
  4.247885e+00,  2.122427e+02
  2.012630e+00,  5.964646e+01
  1.577707e+00,  2.597502e+02
  5.463373e-01,  7.680728e+01
  4.902289e-01,  2.816945e+02
  2.317850e-01,  3.502699e+02
  2.437430e-01,  2.877144e+02
  2.601150e-01,  3.404000e+02
  2.409163e-01,  2.877933e+02
  2.564144e-01,  3.347775e+02
  2.335035e-01,  2.936676e+02
  2.402567e-01,  3.325398e+02
  2.277134e-01,  3.029616e+02
  2.302146e-01,  3.272853e+02
  2.357362e-01,  3.048321e+02
  2.487493e-01,  3.236984e+02
  2.190053e-01,  3.103341e+02
  2.447575e-01,  3.231264e+02
  2.323402e-01,  3.112157e+02
  2.169337e-01,  3.184564e+02
  2.250070e-01,  3.162895e+02
  2.242319e-01,  3.144709e+02
  2.331972e-01,  3.205719e+02
  2.178166e-01,  3.087342e+02
  2.484773e-01,  3.189149e+02
  2.063050e-01,  3.121251e+02
  2.322032e-01,  3.199868e+02
  2.191101e-01,  3.126999e+02
  2.359631e-01,  3.208389e+02
  2.244236e-01,  3.078691e+02
  2.410679e-01,  3.240682e+02
  2.282210e-01,  3.093243e+02
  2.286256e-01,  3.222251e+02
  2.330309e-01,  3.099765e+02
  2.297922e-01,  3.219226e+02
  2.260305e-01,  3.111300e+02
  2.390828e-01,  3.199306e+02
  2.065461e-01,  3.137727e+02
  2.347261e-01,  3.185185e+02
  2.343204e-01,  3.110343e+02
  2.172706e-01,  3.216996e+02
  2.289885e-01,  3.131034e+02
  2.162650e-01,  3.214068e+02
  2.272623e-01,  3.155441e+02
  2.344741e-01,  3.161190e+02
  2.276665e-01,  3.194656e+02
  2.213882e-01,  3.120735e+02
  2.258022e-01,  3.190534e+02
  2.209723e-01,  3.138377e+02
  2.270310e-01,  3.209303e+02
  2.250742e-01,  3.092324e+02
  2.413682e-01,  3.219464e+02
  2.239759e-01,  3.100333e+02
  2.282104e-01,  3.213673e+02
  2.282031e-01,  3.102859e+02
  2.275843e-01,  3.200630e+02
  2.138240e-01,  3.112175e+02
  2.337939e-01,  3.200845e+02
  2.197031e-01,  3.142205e+02
  2.227834e-01,  3.182454e+02
  2.270079e-01,  3.138448e+02
  2.303076e-01,  3.180314e+02
  2.277762e-01,  3.128498e+02
  2.256045e-01,  3.167379e+02
  2.356234e-01,  3.181928e+02
  2.294652e-01,  3.101839e+02
  2.376546e-01,  3.203218e+02
  2.323634e-01,  3.118433e+02
  2.332657e-01,  3.192949e+02
  2.107783e-01,  3.125078e+02
  2.323525e-01,  3.177412e+02
  2.281744e-01,  3.136188e+02
  2.256823e-01,  3.178810e+02
  2.329041e-01,  3.130217e+02
  2.260359e-01,  3.180975e+02
  2.266334e-01,  3.157799e+02
  2.283926e-01,  3.187125e+02
  2.403339e-01,  3.120952e+02
  2.157950e-01,  3.197244e+02
  2.373946e-01,  3.136114e+02
  2.189761e-01,  3.180024e+02
  2.205083e-01,  3.181153e+02
  2.386556e-01,  3.132312e+02
  2.183624e-01,  3.178656e+02
  2.435834e-01,  3.145021e+02
  2.133205e-01,  3.187490e+02
  2.322718e-01,  3.127023e+02
  2.291387e-01,  3.187524e+02
  2.267821e-01,  3.160587e+02
  2.312906e-01,  3.152506e+02
  2.205872e-01,  3.186891e+02
  2.213929e-01,  3.173872e+02
  2.290961e-01,  3.175231e+02
  2.330941e-01,  3.161778e+02
  2.366863e-01,  3.125209e+02
  2.198957e-01,  3.196763e+02
  2.140981e-01,  3.141113e+02
  2.353236e-01,  3.154779e+02
  2.187309e-01,  3.148195e+02
  2.335945e-01,  3.151959e+02
  2.405027e-01,  3.132901e+02
  2.283032e-01,  3.169065e+02
  2.178848e-01,  3.196462e+02
  2.383903e-01,  3.130599e+02
  2.221685e-01,  3.180565e+02
  2.320554e-01,  3.150344e+02
  2.247634e-01,  3.146604e+02
  2.278012e-01,  3.187755e+02
  2.319261e-01,  3.114791e+02
  2.219786e-01,  3.198817e+02
  2.298266e-01,  3.159188e+02
  2.223800e-01,  3.116351e+02
  2.390115e-01,  3.173900e+02
  2.217818e-01,  3.134977e+02
  2.222582e-01,  3.166586e+02
  2.258126e-01,  3.177035e+02
  2.255709e-01,  3.142327e+02
  2.350162e-01,  3.148570e+02
  2.206420e-01,  3.167160e+02
  2.416770e-01,  3.180207e+02
  2.261455e-01,  3.143306e+02
  2.178918e-01,  3.126696e+02
  2.320254e-01,  3.198356e+02
  2.173748e-01,  3.137529e+02
  2.430822e-01,  3.183996e+02
  2.069211e-01,  3.144073e+02
  2.344989e-01,  3.150100e+02
  2.315120e-01,  3.149465e+02
  2.178389e-01,  3.183937e+02
  2.495493e-01,  3.133371e+02
  2.203503e-01,  3.170153e+02
  2.299466e-01,  3.166563e+02
  2.177373e-01,  3.152443e+02
  2.279443e-01,  3.195986e+02
  2.303356e-01,  3.132998e+02
  2.260809e-01,  3.185257e+02
  2.276526e-01,  3.155606e+02
  2.270198e-01,  3.160969e+02
  2.338380e-01,  3.160414e+02
  2.168903e-01,  3.162979e+02
  2.303295e-01,  3.140841e+02
  2.258719e-01,  3.195331e+02
  2.311320e-01,  3.115158e+02
  2.259341e-01,  3.183647e+02
  2.250047e-01,  3.165821e+02
  2.315597e-01,  3.158478e+02
  2.272205e-01,  3.179321e+02
  2.323549e-01,  3.143960e+02
  2.223047e-01,  3.179921e+02
  2.226212e-01,  3.164479e+02
  2.251396e-01,  3.159022e+02
  2.283572e-01,  3.158813e+02
  2.183940e-01,  3.187175e+02
  2.356019e-01,  3.109177e+02
  2.279199e-01,  3.181603e+02
  2.273713e-01,  3.161935e+02
  2.238274e-01,  3.178697e+02
  2.216749e-01,  3.167289e+02
  2.307037e-01,  3.129873e+02
  2.351748e-01,  3.178835e+02
  2.286483e-01,  3.163118e+02
  2.269235e-01,  3.165464e+02
  2.376879e-01,  3.141644e+02
  2.291011e-01,  3.165205e+02
  2.265972e-01,  3.146082e+02
  2.236724e-01,  3.164127e+02
  2.289244e-01,  3.165893e+02
  2.252361e-01,  3.145763e+02
  2.288231e-01,  3.157227e+02
  2.322668e-01,  3.141990e+02
  2.382093e-01,  3.182629e+02
  2.195937e-01,  3.173889e+02
  2.403802e-01,  3.171197e+02
  2.279460e-01,  3.141163e+02
  2.209685e-01,  3.166710e+02
  2.445636e-01,  3.159707e+02
  2.228805e-01,  3.152072e+02
  2.226348e-01,  3.161557e+02
  2.329714e-01,  3.167245e+02
  2.179478e-01,  3.152394e+02
  2.280062e-01,  3.158309e+02
  2.336071e-01,  3.159465e+02
  2.263992e-01,  3.147949e+02
  2.253446e-01,  3.193440e+02
  2.074943e-01,  3.131368e+02
  2.367145e-01,  3.173944e+02
  2.348157e-01,  3.106753e+02
  2.322469e-01,  3.168860e+02
  2.272957e-01,  3.163862e+02
  2.258874e-01,  3.166980e+02
  2.374850e-01,  3.164446e+02
  2.146926e-01,  3.154067e+02
  2.157631e-01,  3.179549e+02
  2.438641e-01,  3.133445e+02
  2.238530e-01,  3.203786e+02
  2.258734e-01,  3.150201e+02
  2.262739e-01,  3.162935e+02
  2.370752e-01,  3.152620e+02
  2.280883e-01,  3.149524e+02
  2.310586e-01,  3.149026e+02
  2.342747e-01,  3.158855e+02
  2.193927e-01,  3.139807e+02
  2.483885e-01,  3.172377e+02
  2.113063e-01,  3.159331e+02
  2.315648e-01,  3.169788e+02
  2.271689e-01,  3.160739e+02
  2.269063e-01,  3.176955e+02
  2.290724e-01,  3.162150e+02
  2.274375e-01,  3.173957e+02
  2.253345e-01,  3.183765e+02
  2.280435e-01,  3.130585e+02
  2.327920e-01,  3.187759e+02
  2.259366e-01,  3.126013e+02
  2.246570e-01,  3.180766e+02
  2.290899e-01,  3.140550e+02
  2.370237e-01,  3.146334e+02
  2.172485e-01,  3.164156e+02
  2.353595e-01,  3.160719e+02
  2.188976e-01,  3.148059e+02
  2.198474e-01,  3.150547e+02
  2.417475e-01,  3.188864e+02
  2.210516e-01,  3.128036e+02
  2.267663e-01,  3.163560e+02
  2.392075e-01,  3.153905e+02
  2.186120e-01,  3.140761e+02
  2.322731e-01,  3.181922e+02
  2.215448e-01,  3.158563e+02
  2.313021e-01,  3.153495e+02
  2.306375e-01,  3.137102e+02
  2.275135e-01,  3.145481e+02
  2.297942e-01,  3.180885e+02
  2.236419e-01,  3.178096e+02
  2.324859e-01,  3.142262e+02
  2.327879e-01,  3.171725e+02
  2.192454e-01,  3.138412e+02
  2.237220e-01,  3.162100e+02
  2.353106e-01,  3.170833e+02
  2.266845e-01,  3.153858e+02
  2.266101e-01,  3.177036e+02
  2.360031e-01,  3.137055e+02
  2.281326e-01,  3.154534e+02
  2.243193e-01,  3.127704e+02
  2.317996e-01,  3.175741e+02
  2.242590e-01,  3.157058e+02
  2.423568e-01,  3.151100e+02
  2.172637e-01,  3.119936e+02
  2.376418e-01,  3.179829e+02
  2.274127e-01,  3.149511e+02
  2.317654e-01,  3.172986e+02
  2.249515e-01,  3.146219e+02
  2.302867e-01,  3.157909e+02
  2.292441e-01,  3.139144e+02
  2.228948e-01,  3.169974e+02
  2.198455e-01,  3.177177e+02
  2.225784e-01,  3.150446e+02
  2.338598e-01,  3.150162e+02
  2.347932e-01,  3.122990e+02
  2.288598e-01,  3.198338e+02
  2.283100e-01,  3.108407e+02
  2.376658e-01,  3.203238e+02
  2.266678e-01,  3.128738e+02
  2.435151e-01,  3.161700e+02
  2.094250e-01,  3.149277e+02
  2.493333e-01,  3.153063e+02
  2.193824e-01,  3.154212e+02
  2.298936e-01,  3.154582e+02
  2.301972e-01,  3.134484e+02
  2.255557e-01,  3.218730e+02
  2.277006e-01,  3.110411e+02
  2.401239e-01,  3.172806e+02
  2.172486e-01,  3.137708e+02
  2.241804e-01,  3.167575e+02
  2.257257e-01,  3.154025e+02
  2.406679e-01,  3.137130e+02
  2.259717e-01,  3.180690e+02
  2.139511e-01,  3.178980e+02
  2.393170e-01,  3.132558e+02
  2.199560e-01,  3.159255e+02
  2.416314e-01,  3.208075e+02
  2.223530e-01,  3.080935e+02
  2.436627e-01,  3.213444e+02
  2.161211e-01,  3.124642e+02
  2.349378e-01,  3.201245e+02
  2.096955e-01,  3.121591e+02
  2.477326e-01,  3.172262e+02
  2.146086e-01,  3.097613e+02
  2.415683e-01,  3.225103e+02
  2.079882e-01,  3.100596e+02
  2.448260e-01,  3.223293e+02
  2.083963e-01,  3.095879e+02
  6.556781e-01,  3.423980e+02
  9.463765e+00,  5.029441e+01
  8.572483e+00,  7.470615e+01
  9.376503e+00,  2.301222e+02
  1.893401e+01,  2.724852e+02
  2.038088e+01,  2.927813e+02
  1.114192e+01,  3.222005e+02
  6.776612e+00,  8.382500e+01
  1.558923e+01,  1.263977e+02
  1.587886e+01,  1.366013e+02
  9.119313e+00,  1.264072e+02
  5.444947e+00,  7.590112e+01
  5.483803e+00,  5.533942e+01
  5.241377e-01,  4.901742e+01
  7.753876e+00,  2.527366e+02
  1.329768e+01,  2.686378e+02
  1.019765e+01,  2.894506e+02
  3.919447e-01,  1.829404e+02
  1.296805e+01,  1.615538e+02
  2.010164e+01,  1.824049e+02
  1.409297e+01,  2.135828e+02
  1.355430e+01,  3.114086e+02
  2.708444e+01,  3.504007e+02
  2.800275e+01,  3.314910e+00
  1.508407e+01,  1.712863e+00
  3.599903e+00,  2.603033e+02
  9.859314e+00,  2.124069e+02
  6.771277e+00,  1.854355e+02
  8.110415e+00,  1.128574e+02
  1.072462e+01,  1.041762e+02
  5.325173e+00,  1.377796e+02
  7.957591e+00,  2.479998e+02
  1.297433e+01,  2.800422e+02
  9.375958e+00,  3.216855e+02
  1.026740e+01,  4.959644e+01
  1.628612e+01,  8.440678e+01
  1.210748e+01,  9.736014e+01
  3.224048e-01,  5.042935e+01
  8.058487e+00,  2.858381e+02
  7.411717e+00,  2.758056e+02
  5.429670e+00,  1.899839e+02
  1.147154e+01,  1.582926e+02
  9.280860e+00,  1.489789e+02
  2.354334e+00,  9.918893e+00
  1.386807e+01,  3.416010e+02
  1.843393e+01,  3.410028e+02
  1.225255e+01,  3.415018e+02
  3.783075e+00,  5.723500e+01
  1.375945e+01,  1.153712e+02
  1.845848e+01,  1.267503e+02
  1.173431e+01,  1.523985e+02
  8.954733e+00,  2.567952e+02
  1.819247e+01,  3.005250e+02
  1.565801e+01,  3.253637e+02
  7.275578e+00,  6.178679e+01
  2.320651e+01,  1.281930e+02
  3.218002e+01,  1.396500e+02
  2.629139e+01,  1.385704e+02
  9.435978e+00,  1.319093e+02
  8.522359e+00,  3.244199e+02
  1.706322e+01,  3.249600e+02
  1.410445e+01,  3.173518e+02
  8.932493e+00,  2.747719e+02
  1.158341e+01,  2.465520e+02
  1.113608e+01,  2.544836e+02
  5.254160e+00,  2.813169e+02
  3.382201e+00,  5.067154e+01
  9.858118e+00,  9.450145e+01
  1.463589e+01,  1.135651e+02
  1.373750e+01,  1.242791e+02
  6.542118e+00,  1.280223e+02
  2.578639e+00,  3.234568e+02
  9.586967e+00,  3.117670e+02
  1.299284e+01,  2.965038e+02
  1.266152e+01,  2.776743e+02
  9.215803e+00,  2.614140e+02
  3.642055e+00,  2.366590e+02
  2.166839e+00,  1.036543e+02
  5.642992e+00,  7.192793e+01
  6.913052e+00,  6.203970e+01
  5.561169e+00,  4.780131e+01
  3.913170e+00,  2.435835e+01
  2.942346e+00,  3.549738e+02
  2.483307e+00,  3.279703e+02
  1.774621e+00,  3.178580e+02
  3.873121e-01,  1.399246e+02
  4.609888e+00,  1.404221e+02
  9.785022e+00,  1.484623e+02
  1.147327e+01,  1.664603e+02
  8.678115e+00,  2.101723e+02
  9.883387e+00,  2.851515e+02
  1.354653e+01,  3.332067e+02
  1.110447e+01,  1.589126e+01
  9.005867e+00,  9.708316e+01
  1.474503e+01,  1.535143e+02
  1.461477e+01,  1.853131e+02
  8.031465e+00,  2.355752e+02
  1.030092e+01,  3.143818e+02
  1.409934e+01,  3.368411e+02
  1.095980e+01,  3.339014e+02
  5.922972e+00,  3.048567e+02
  1.272270e+00,  2.681174e+02
  5.824825e+00,  9.686790e+01
  1.524956e+01,  9.800896e+01
  1.944207e+01,  1.056652e+02
  1.449988e+01,  1.229947e+02
  6.410765e+00,  1.702933e+02
  5.442051e+00,  2.476336e+02
  2.368411e+00,  2.916428e+02
  4.598143e+00,  9.216505e+01
  9.865093e+00,  1.227869e+02
  9.440163e+00,  1.598415e+02
  9.095517e+00,  2.263663e+02
  1.243758e+01,  2.675023e+02
  1.001084e+01,  2.782816e+02
  3.388627e+00,  2.272983e+02
  7.368342e+00,  1.671314e+02
  6.819652e+00,  1.756708e+02
  2.790337e+00,  2.851031e+02
  1.144835e+01,  3.389723e+02
  1.518677e+01,  3.568435e+02
  1.100538e+01,  1.743485e+01
  6.060203e+00,  6.567523e+01
  6.064201e+00,  1.067423e+02
  3.357454e+00,  9.371113e+01
  4.934067e+00,  3.588948e+02
  9.873698e+00,  3.477161e+02
  9.123714e+00,  3.497567e+02
  2.425050e+00,  2.429030e+01
  6.316666e+00,  1.298280e+02
  1.192864e+01,  1.284191e+02
  1.544940e+01,  1.164451e+02
  1.760211e+01,  1.062527e+02
  1.572766e+01,  1.065779e+02
  8.049097e+00,  1.257884e+02
  6.415114e+00,  2.296758e+02
  1.455918e+01,  2.638390e+02
  1.772712e+01,  2.706696e+02
  1.390741e+01,  2.632132e+02
  7.091938e+00,  2.338803e+02
  6.126208e+00,  1.691013e+02
  7.494049e+00,  1.543700e+02
  3.822281e+00,  1.485145e+02
  2.954290e+00,  1.519259e+00
  1.003217e+01,  2.332245e+00
  1.428897e+01,  1.393078e+01
  1.265987e+01,  2.724697e+01
  6.073287e+00,  5.505498e+01
  6.672158e+00,  1.608715e+02
  1.595526e+01,  1.886952e+02
  2.079644e+01,  1.955218e+02
  1.912029e+01,  1.913424e+02
  1.342053e+01,  1.765681e+02
  7.553158e+00,  1.471210e+02
  3.587626e+00,  1.232954e+02
  2.715931e+00,  2.292364e+02
  1.156283e+01,  2.497409e+02
  1.969239e+01,  2.563089e+02
  2.039080e+01,  2.605089e+02
  1.381158e+01,  2.664084e+02
  5.506925e+00,  2.870785e+02
  2.862418e+00,  3.387037e+02
  2.293421e+00,  2.923906e+02
  7.062292e+00,  2.407460e+02
  1.325763e+01,  2.303876e+02
  1.493288e+01,  2.278272e+02
  1.090184e+01,  2.327448e+02
  5.502392e+00,  2.824786e+02
  1.106584e+01,  3.430493e+02
  1.718027e+01,  1.493966e+00
  1.583941e+01,  2.134303e+01
  8.979154e+00,  4.973976e+01
  3.229519e+00,  1.200458e+02
  3.950335e+00,  1.973772e+02
  4.321716e+00,  2.227545e+02
  3.304879e+00,  2.329565e+02
  2.221459e+00,  2.152690e+02
  2.280282e+00,  1.894900e+02
  1.633469e+00,  1.674440e+02
  1.351299e+00,  7.667797e+01
  4.952361e+00,  3.867916e+01
  8.397380e+00,  3.257342e+01
  8.739321e+00,  2.663107e+01
  4.370529e+00,  6.585221e+00
  3.915211e+00,  2.552220e+02
  1.084552e+01,  2.315476e+02
  1.332274e+01,  2.306724e+02
  8.045186e+00,  2.205611e+02
  3.431206e+00,  1.221359e+02
  8.972366e+00,  9.356323e+01
  8.096791e+00,  8.523407e+01
  2.707856e+00,  3.592659e+02
  1.159292e+01,  3.184430e+02
  1.553013e+01,  3.249365e+02
  1.059516e+01,  3.288956e+02
  2.778762e+00,  2.365717e+02
  1.030130e+01,  2.025531e+02
  1.154633e+01,  2.231386e+02
  5.865874e+00,  3.325307e+02
  2.177179e+00,  1.598130e+02
  1.534676e+00,  3.192295e+02
  4.168978e-01,  1.418324e+02
  4.716545e-01,  3.154911e+02
  1.333520e-01,  2.716053e+02
  3.830309e-01,  3.298510e+02
  1.553248e-01,  2.710867e+02
  3.681029e-01,  3.297404e+02
  1.453019e-01,  2.760839e+02
  3.601666e-01,  3.283453e+02
  1.508352e-01,  2.854112e+02
  3.342496e-01,  3.266334e+02
  1.560302e-01,  2.936402e+02
  2.982666e-01,  3.252622e+02
  1.842374e-01,  3.051693e+02
  2.732805e-01,  3.196825e+02
  1.708642e-01,  3.118951e+02
  2.647972e-01,  3.173568e+02
  2.034500e-01,  3.154940e+02
  2.208285e-01,  3.148617e+02
  2.431761e-01,  3.151903e+02
  2.069726e-01,  3.142673e+02
  2.425123e-01,  3.191835e+02
  1.945440e-01,  3.101525e+02
  2.572210e-01,  3.240255e+02
  1.949052e-01,  3.046978e+02
  2.628525e-01,  3.231423e+02
  1.899705e-01,  3.074303e+02
  2.642415e-01,  3.223682e+02
  1.899801e-01,  3.069496e+02
  2.748738e-01,  3.206073e+02
  1.857417e-01,  3.077323e+02
  2.702106e-01,  3.229729e+02
  2.031795e-01,  3.077058e+02
  2.570849e-01,  3.197058e+02
  2.038697e-01,  3.135368e+02
  2.437206e-01,  3.211114e+02
  2.058552e-01,  3.121025e+02
  2.310947e-01,  3.179643e+02
  2.232018e-01,  3.148202e+02
  2.224216e-01,  3.165701e+02
  2.286071e-01,  3.153432e+02
  2.195054e-01,  3.164776e+02
  2.272227e-01,  3.173778e+02
  2.145460e-01,  3.115047e+02
  2.502708e-01,  3.192394e+02
  1.981357e-01,  3.146828e+02
  2.401791e-01,  3.209788e+02
  2.162112e-01,  3.105768e+02
  2.316380e-01,  3.221131e+02
  2.044503e-01,  3.108696e+02
  2.433191e-01,  3.199111e+02
  2.122431e-01,  3.130528e+02
  2.467468e-01,  3.169221e+02
  2.075293e-01,  3.138322e+02
  2.476306e-01,  3.183738e+02
  2.177872e-01,  3.105204e+02
  2.384310e-01,  3.198685e+02
  2.278013e-01,  3.108074e+02
  2.200953e-01,  3.215404e+02
  2.275099e-01,  3.146219e+02
  2.347265e-01,  3.144441e+02
  2.197901e-01,  3.206901e+02
  2.280990e-01,  3.123051e+02
  2.298001e-01,  3.197993e+02
  2.240586e-01,  3.152318e+02
  2.139135e-01,  3.164126e+02
  2.224438e-01,  3.158500e+02
  2.302078e-01,  3.178168e+02
  2.184760e-01,  3.115258e+02
  2.306735e-01,  3.176739e+02
  2.209014e-01,  3.151910e+02
  2.422942e-01,  3.171928e+02
  2.017378e-01,  3.141102e+02
  2.367998e-01,  3.182636e+02
  2.188672e-01,  3.135457e+02
  2.429718e-01,  3.171004e+02
  2.087638e-01,  3.170452e+02
  2.386869e-01,  3.164012e+02
  2.189428e-01,  3.137554e+02
  2.337211e-01,  3.185054e+02
  2.274727e-01,  3.126132e+02
  2.361812e-01,  3.183820e+02
  2.247677e-01,  3.163722e+02
  2.270087e-01,  3.133307e+02
  2.237017e-01,  3.190053e+02
  2.102623e-01,  3.152058e+02
  2.313879e-01,  3.145194e+02
  2.185147e-01,  3.170670e+02
  2.346131e-01,  3.140715e+02
  2.281720e-01,  3.142509e+02
  2.344240e-01,  3.158914e+02
  2.267522e-01,  3.131941e+02
  2.299270e-01,  3.176934e+02
  2.061459e-01,  3.151840e+02
  2.336489e-01,  3.202331e+02
  2.173065e-01,  3.157622e+02
  2.328990e-01,  3.170968e+02
  2.265583e-01,  3.148685e+02
  2.318730e-01,  3.155935e+02
  2.221069e-01,  3.137929e+02
  2.272675e-01,  3.185520e+02
  2.271597e-01,  3.148539e+02
  2.305391e-01,  3.167408e+02
  2.127837e-01,  3.162403e+02
  2.377148e-01,  3.161469e+02
  2.294154e-01,  3.165280e+02
  2.222684e-01,  3.152977e+02
  2.339868e-01,  3.153257e+02
  2.256754e-01,  3.165435e+02
  2.335580e-01,  3.121683e+02
  2.284476e-01,  3.171829e+02
  2.316234e-01,  3.159364e+02
  2.095729e-01,  3.162204e+02
  2.304463e-01,  3.180241e+02
  2.242899e-01,  3.142033e+02
  2.289140e-01,  3.194215e+02
  2.217680e-01,  3.126834e+02
  2.438058e-01,  3.180548e+02
  2.160731e-01,  3.123023e+02
  2.230980e-01,  3.215162e+02
  2.270634e-01,  3.107367e+02
  2.275450e-01,  3.168349e+02
  2.291085e-01,  3.181090e+02
  2.336210e-01,  3.156380e+02
  2.255693e-01,  3.168151e+02
  2.308437e-01,  3.127103e+02
  2.177313e-01,  3.183333e+02
  2.152720e-01,  3.137098e+02
  2.375313e-01,  3.166989e+02
  2.107564e-01,  3.164868e+02
  2.294366e-01,  3.129615e+02
  2.394076e-01,  3.161729e+02
  2.376357e-01,  3.190782e+02
  2.128837e-01,  3.153256e+02
  2.298244e-01,  3.163714e+02
  2.206511e-01,  3.185317e+02
  2.244521e-01,  3.170669e+02
  2.233825e-01,  3.146663e+02
  2.163609e-01,  3.192991e+02
  2.357385e-01,  3.133677e+02
  2.229721e-01,  3.195747e+02
  2.260567e-01,  3.152687e+02
  2.454961e-01,  3.154943e+02
  2.155332e-01,  3.164916e+02
  2.236200e-01,  3.168927e+02
  2.494943e-01,  3.137939e+02
  2.224982e-01,  3.146642e+02
  2.308566e-01,  3.175832e+02
  2.365455e-01,  3.131598e+02
  2.180610e-01,  3.170658e+02
  2.264322e-01,  3.160135e+02
  2.281074e-01,  3.146767e+02
  2.302082e-01,  3.143022e+02
  2.295473e-01,  3.165155e+02
  2.327290e-01,  3.124769e+02
  2.257397e-01,  3.197248e+02
  2.241536e-01,  3.156553e+02
  2.362817e-01,  3.142907e+02
  2.284636e-01,  3.164721e+02
  2.246656e-01,  3.180260e+02
  2.264077e-01,  3.155553e+02
  2.307431e-01,  3.168436e+02
  2.184526e-01,  3.155966e+02
  2.359042e-01,  3.109733e+02
  2.259650e-01,  3.192676e+02
  2.285576e-01,  3.158558e+02
  2.316943e-01,  3.151758e+02
  2.260319e-01,  3.189289e+02
  2.261782e-01,  3.144425e+02
  2.396688e-01,  3.149152e+02
  2.224402e-01,  3.178926e+02
  2.210391e-01,  3.137721e+02
  2.397589e-01,  3.153259e+02
  2.110209e-01,  3.167824e+02
  2.327956e-01,  3.161021e+02
  2.326025e-01,  3.160799e+02
  2.224639e-01,  3.163803e+02
  2.316649e-01,  3.159982e+02
  2.250558e-01,  3.151230e+02
  2.211438e-01,  3.174055e+02
  2.283586e-01,  3.150291e+02
  2.313707e-01,  3.122447e+02
  2.344934e-01,  3.179245e+02
  2.231263e-01,  3.175409e+02
  2.300094e-01,  3.149119e+02
  2.294029e-01,  3.162907e+02
  2.237086e-01,  3.192645e+02
  2.317860e-01,  3.167715e+02
  2.155302e-01,  3.148958e+02
  2.225032e-01,  3.150608e+02
  2.307520e-01,  3.149697e+02
  2.293135e-01,  3.150803e+02
  2.173941e-01,  3.174195e+02
  2.296652e-01,  3.159812e+02
  2.391639e-01,  3.139502e+02
  2.129815e-01,  3.164485e+02
  2.344842e-01,  3.136393e+02
  2.185318e-01,  3.196316e+02
  2.292011e-01,  3.135354e+02
  2.289128e-01,  3.153494e+02
  2.268182e-01,  3.175657e+02
  2.237332e-01,  3.160902e+02
  2.190513e-01,  3.186586e+02
  2.426853e-01,  3.133380e+02
  2.113075e-01,  3.176291e+02
  2.277049e-01,  3.159831e+02
  2.301352e-01,  3.145681e+02
  2.367078e-01,  3.160592e+02
  2.214030e-01,  3.146908e+02
  2.292053e-01,  3.131785e+02
  2.214307e-01,  3.187946e+02
  2.314236e-01,  3.163560e+02
  2.266519e-01,  3.119513e+02
  2.306027e-01,  3.177587e+02
  2.291520e-01,  3.150943e+02
  2.163417e-01,  3.155439e+02
  2.406562e-01,  3.183740e+02
  2.244241e-01,  3.126937e+02
  2.394521e-01,  3.146091e+02
  2.191493e-01,  3.195880e+02
  2.433785e-01,  3.134499e+02
  2.246335e-01,  3.155348e+02
  2.185353e-01,  3.167025e+02
  2.270568e-01,  3.139986e+02
  2.268076e-01,  3.153568e+02
  2.273951e-01,  3.156624e+02
  2.265797e-01,  3.198838e+02
  2.241781e-01,  3.150458e+02
  2.313951e-01,  3.140870e+02
  2.330837e-01,  3.158355e+02
  2.218151e-01,  3.183514e+02
  2.243979e-01,  3.190027e+02
  2.245751e-01,  3.155886e+02
  2.285642e-01,  3.163840e+02
  2.195355e-01,  3.148267e+02
  2.295494e-01,  3.170257e+02
  2.281001e-01,  3.152562e+02
  2.288664e-01,  3.161971e+02
  2.214199e-01,  3.170053e+02
  2.261120e-01,  3.143853e+02
  2.199224e-01,  3.138921e+02
  2.381807e-01,  3.156043e+02
  2.113563e-01,  3.203999e+02
  2.383035e-01,  3.141952e+02
  2.253035e-01,  3.149118e+02
  2.198150e-01,  3.174667e+02
  2.315815e-01,  3.152634e+02
  2.259009e-01,  3.166962e+02
  2.259125e-01,  3.169817e+02
  2.088204e-01,  3.194812e+02
  2.376036e-01,  3.136116e+02
  2.177283e-01,  3.153937e+02
  2.470942e-01,  3.174392e+02
  2.135826e-01,  3.146150e+02
  2.302649e-01,  3.155185e+02
  2.232763e-01,  3.163520e+02
  2.237612e-01,  3.144467e+02
  2.299166e-01,  3.149012e+02
  2.266127e-01,  3.181675e+02
  2.289113e-01,  3.177431e+02
  2.132841e-01,  3.171091e+02
  2.355328e-01,  3.163909e+02
  2.230234e-01,  3.164364e+02
  2.284362e-01,  3.169994e+02
  2.173831e-01,  3.170186e+02
  2.336737e-01,  3.144714e+02
  2.268954e-01,  3.182552e+02
  2.281788e-01,  3.146125e+02
  2.298342e-01,  3.144953e+02
  2.281792e-01,  3.172267e+02
  2.226136e-01,  3.168004e+02
  2.246029e-01,  3.156534e+02
  2.204028e-01,  3.178130e+02
  2.272494e-01,  3.168974e+02
  2.268082e-01,  3.158774e+02
  2.133183e-01,  3.176277e+02
  2.240705e-01,  3.145948e+02
  2.225871e-01,  3.182363e+02
  2.356430e-01,  3.170194e+02
  2.237575e-01,  3.161014e+02
  2.251339e-01,  3.182759e+02
  2.276683e-01,  3.170881e+02
  2.279066e-01,  3.160464e+02
  2.246222e-01,  3.164349e+02
  2.295602e-01,  3.142242e+02
  2.257328e-01,  3.180679e+02
  2.367837e-01,  3.135116e+02
  2.270512e-01,  3.165811e+02
  2.220896e-01,  3.178881e+02
  2.273439e-01,  3.151460e+02
  2.270315e-01,  3.168363e+02
  2.356644e-01,  3.177609e+02
  2.100457e-01,  3.153851e+02
  2.348984e-01,  3.145243e+02
  2.265859e-01,  3.173040e+02
  2.277855e-01,  3.160127e+02
  2.159243e-01,  3.186621e+02
  2.248501e-01,  3.137093e+02
  2.301921e-01,  3.175371e+02
  2.153366e-01,  3.133712e+02
  2.304763e-01,  3.158913e+02
  2.243028e-01,  3.163933e+02
  2.290309e-01,  3.168395e+02
  2.172414e-01,  3.178788e+02
  2.314692e-01,  3.155345e+02
  2.304199e-01,  3.159064e+02
  2.191368e-01,  3.158381e+02
  2.192463e-01,  3.177594e+02
  2.294030e-01,  3.144803e+02
  2.185943e-01,  3.154756e+02
  2.252770e-01,  3.148490e+02
  2.266183e-01,  3.171124e+02
  2.398040e-01,  3.131715e+02
  2.299420e-01,  3.170460e+02
  2.201378e-01,  3.160195e+02
  2.365028e-01,  3.154095e+02
  2.223757e-01,  3.172184e+02
  2.315283e-01,  3.154379e+02
  2.187980e-01,  3.191273e+02
  2.270657e-01,  3.156657e+02
  2.275744e-01,  3.163817e+02
  2.261101e-01,  3.171259e+02
  2.308169e-01,  3.154070e+02
  2.197897e-01,  3.144894e+02
  2.283158e-01,  3.133515e+02
  2.297902e-01,  3.177834e+02
  2.230592e-01,  3.164027e+02
  2.300136e-01,  3.157902e+02
  2.225900e-01,  3.165704e+02
  2.321233e-01,  3.145969e+02
  2.252767e-01,  3.182631e+02
  2.258580e-01,  3.120998e+02
  2.312126e-01,  3.151715e+02
  2.166296e-01,  3.148821e+02
  2.154578e-01,  3.160860e+02
  2.262421e-01,  3.201499e+02
  2.200013e-01,  3.154882e+02
  2.266714e-01,  3.176442e+02
  2.317142e-01,  3.142262e+02
  2.177895e-01,  3.168956e+02
  2.312916e-01,  3.166371e+02
  2.233003e-01,  3.155827e+02
  2.286057e-01,  3.180074e+02
  2.206060e-01,  3.143151e+02
  2.279297e-01,  3.165046e+02
  2.291810e-01,  3.171897e+02
  2.191549e-01,  3.174180e+02
  2.279805e-01,  3.168271e+02
  2.350163e-01,  3.155559e+02
  2.251589e-01,  3.161422e+02
  2.281695e-01,  3.174715e+02
  2.246906e-01,  3.198711e+02
  2.293053e-01,  3.135379e+02
  2.190088e-01,  3.177967e+02
  2.192384e-01,  3.160937e+02
  2.322736e-01,  3.142117e+02
  2.247772e-01,  3.184297e+02
  2.404968e-01,  3.111816e+02
  2.166940e-01,  3.159049e+02
  2.289470e-01,  3.175951e+02
  2.215597e-01,  3.131682e+02
  2.337231e-01,  3.161863e+02
  2.286264e-01,  3.168912e+02
  2.229259e-01,  3.144100e+02
  2.410012e-01,  3.171139e+02
  2.278338e-01,  3.131179e+02
  2.295228e-01,  3.192086e+02
  2.208519e-01,  3.176461e+02
  2.225877e-01,  3.142463e+02
  2.316571e-01,  3.180686e+02
  2.280167e-01,  3.140165e+02
  2.266545e-01,  3.168973e+02
  2.295224e-01,  3.154621e+02
  2.203588e-01,  3.187556e+02
  2.247978e-01,  3.155751e+02
  2.174787e-01,  3.192033e+02
  2.243599e-01,  3.148774e+02
  2.337624e-01,  3.157153e+02
  2.182236e-01,  3.180047e+02
  2.274619e-01,  3.139713e+02
  2.228953e-01,  3.188452e+02
  2.217215e-01,  3.128892e+02
  2.399534e-01,  3.176867e+02
  2.160135e-01,  3.173553e+02
  2.241081e-01,  3.130819e+02
  2.336348e-01,  3.153694e+02
  2.154936e-01,  3.141762e+02
  2.345824e-01,  3.150663e+02
  2.242070e-01,  3.169107e+02
  2.152826e-01,  3.157489e+02
  2.428108e-01,  3.125935e+02
  2.167075e-01,  3.144039e+02
  2.297883e-01,  3.177349e+02
  2.266798e-01,  3.160016e+02
  2.134794e-01,  3.160699e+02
  2.280333e-01,  3.151462e+02
  2.250211e-01,  3.167711e+02
  2.365439e-01,  3.188234e+02
  2.149538e-01,  3.167039e+02
  2.309187e-01,  3.166279e+02
  2.280105e-01,  3.150400e+02
  2.207890e-01,  3.170710e+02
  2.241003e-01,  3.157850e+02
  2.334711e-01,  3.133804e+02
  2.291261e-01,  3.180630e+02
  2.253291e-01,  3.152279e+02
  2.182000e-01,  3.180236e+02
  2.198344e-01,  3.164903e+02
  2.349615e-01,  3.149669e+02
  2.226712e-01,  3.195164e+02
  2.308235e-01,  3.154099e+02
  2.178825e-01,  3.157951e+02
  2.267040e-01,  3.177024e+02
  2.287988e-01,  3.163038e+02
  2.300001e-01,  3.145104e+02
  2.302317e-01,  3.162609e+02
  2.142822e-01,  3.163205e+02
  2.285882e-01,  3.138856e+02
  2.307340e-01,  3.163701e+02
  2.193931e-01,  3.154165e+02
  2.305636e-01,  3.157980e+02
  2.210570e-01,  3.175642e+02
  2.321316e-01,  3.129393e+02
  2.284152e-01,  3.178513e+02
  2.263233e-01,  3.151875e+02
  2.230323e-01,  3.177849e+02
  2.112667e-01,  3.194123e+02
  2.378276e-01,  3.162332e+02
  2.175650e-01,  3.163328e+02
  2.331220e-01,  3.150012e+02
  2.387300e-01,  3.135576e+02
  2.220579e-01,  3.167874e+02
  2.295063e-01,  3.192132e+02
  2.311573e-01,  3.113747e+02
  2.326515e-01,  3.165878e+02
  2.296524e-01,  3.143381e+02
  2.141397e-01,  3.193432e+02
  2.281693e-01,  3.162719e+02
  2.384445e-01,  3.144606e+02
  2.195732e-01,  3.172650e+02
  2.300707e-01,  3.130272e+02
  2.321855e-01,  3.153284e+02
  2.237838e-01,  3.168332e+02
  2.333050e-01,  3.162367e+02
  2.319616e-01,  3.139721e+02
  2.298996e-01,  3.160746e+02
  2.293680e-01,  3.159953e+02
  2.255415e-01,  3.140166e+02
  2.347020e-01,  3.174042e+02
  2.086941e-01,  3.188485e+02
  2.245384e-01,  3.170992e+02
  2.272946e-01,  3.161585e+02
  2.289471e-01,  3.130621e+02
  2.243546e-01,  3.180077e+02
  2.159441e-01,  3.155321e+02
  2.353761e-01,  3.176020e+02
  2.238727e-01,  3.150865e+02
  2.263503e-01,  3.159454e+02
  2.219973e-01,  3.163547e+02
  2.332622e-01,  3.161431e+02
  2.248673e-01,  3.162649e+02
  2.298618e-01,  3.142722e+02
  2.312022e-01,  3.167288e+02
  2.157508e-01,  3.137273e+02
  2.273972e-01,  3.175771e+02
  2.339672e-01,  3.152716e+02
  2.115089e-01,  3.171655e+02
  2.237314e-01,  3.166841e+02
  2.298380e-01,  3.190977e+02
  2.149612e-01,  3.146249e+02
  2.294547e-01,  3.176283e+02
  2.188225e-01,  3.176393e+02
  2.264788e-01,  3.123820e+02
  2.233742e-01,  3.189961e+02
  2.348367e-01,  3.138392e+02
  2.179703e-01,  3.177255e+02
  2.244570e-01,  3.184223e+02
  2.324194e-01,  3.162528e+02
  2.074045e-01,  3.134791e+02
  2.426690e-01,  3.173343e+02
  2.178858e-01,  3.178472e+02
  2.263753e-01,  3.145168e+02
  2.310938e-01,  3.190383e+02
  2.212713e-01,  3.161386e+02
  2.363869e-01,  3.141176e+02
  2.152567e-01,  3.168656e+02
  2.249000e-01,  3.177781e+02
  2.287160e-01,  3.154223e+02
  2.316972e-01,  3.175378e+02
  2.275513e-01,  3.139023e+02
  2.218844e-01,  3.190428e+02
  2.308660e-01,  3.149016e+02
  2.357151e-01,  3.151698e+02
  2.198403e-01,  3.186484e+02
  2.163071e-01,  3.153773e+02
  2.292875e-01,  3.174773e+02
  2.278890e-01,  3.115985e+02
  2.260993e-01,  3.171781e+02
  2.307786e-01,  3.172650e+02
  2.300416e-01,  3.157230e+02
  2.375220e-01,  3.132230e+02
  2.223873e-01,  3.185574e+02
  2.308723e-01,  3.150637e+02
  2.293485e-01,  3.152942e+02
  2.172180e-01,  3.160054e+02
  2.378535e-01,  3.122378e+02
  2.317148e-01,  3.158895e+02
  2.257673e-01,  3.139994e+02
  2.221707e-01,  3.189502e+02
  2.277938e-01,  3.150527e+02
  2.193034e-01,  3.144042e+02
  2.272682e-01,  3.165727e+02
  2.235311e-01,  3.168677e+02
  2.393612e-01,  3.150160e+02
  2.246070e-01,  3.189044e+02
  2.207639e-01,  3.161397e+02
  2.259507e-01,  3.145309e+02
  2.228666e-01,  3.196124e+02
  2.306710e-01,  3.135739e+02
  2.278231e-01,  3.152472e+02
  2.277093e-01,  3.177704e+02
  2.185235e-01,  3.154788e+02
  2.389766e-01,  3.160988e+02
  2.068907e-01,  3.162828e+02
  2.172623e-01,  3.164997e+02
  2.326128e-01,  3.153670e+02
  2.272323e-01,  3.151601e+02
  2.144275e-01,  3.172033e+02
  2.304084e-01,  3.166353e+02
  2.402547e-01,  3.140150e+02
  2.246192e-01,  3.173183e+02
  2.227180e-01,  3.174025e+02
  2.292384e-01,  3.159320e+02
  2.271584e-01,  3.183004e+02
  2.269594e-01,  3.138290e+02
  2.231670e-01,  3.168519e+02
  2.271169e-01,  3.136008e+02
  2.418030e-01,  3.158732e+02
  2.041750e-01,  3.173312e+02
  2.337937e-01,  3.132924e+02
  2.268587e-01,  3.196787e+02
  2.201701e-01,  3.139965e+02
  2.345790e-01,  3.153298e+02
  2.208436e-01,  3.165195e+02
  2.327018e-01,  3.154061e+02
  2.330770e-01,  3.159998e+02
  2.181240e-01,  3.154056e+02
  2.304813e-01,  3.172306e+02
  2.274349e-01,  3.137942e+02
  2.272819e-01,  3.186637e+02
  2.263606e-01,  3.158396e+02
  2.262920e-01,  3.137384e+02
  2.332517e-01,  3.160101e+02
  2.225215e-01,  3.175598e+02
  2.278537e-01,  3.161384e+02
  2.188074e-01,  3.168089e+02
  2.315949e-01,  3.173554e+02
  2.260599e-01,  3.158415e+02
  2.182662e-01,  3.166688e+02
  2.295040e-01,  3.155880e+02
  2.307505e-01,  3.179964e+02
  2.116155e-01,  3.153827e+02
  2.282057e-01,  3.174464e+02
  2.253608e-01,  3.176427e+02
  2.246746e-01,  3.156457e+02
  2.230338e-01,  3.161197e+02
  2.235653e-01,  3.186979e+02
  2.280075e-01,  3.140034e+02
  2.133570e-01,  3.191165e+02
  2.353391e-01,  3.158433e+02
  2.151401e-01,  3.148446e+02
  2.359329e-01,  3.172155e+02
  2.250964e-01,  3.171216e+02
  2.218847e-01,  3.186932e+02
  2.383610e-01,  3.120838e+02
  2.220916e-01,  3.181274e+02
  2.349748e-01,  3.143235e+02
  2.168232e-01,  3.160410e+02
  2.150751e-01,  3.183584e+02
  2.231409e-01,  3.162930e+02
  2.258947e-01,  3.173559e+02
  2.233426e-01,  3.166847e+02
  2.303943e-01,  3.155468e+02
  2.206601e-01,  3.168575e+02
  2.308506e-01,  3.127745e+02
  2.304614e-01,  3.169905e+02
  2.158812e-01,  3.182569e+02
  2.294431e-01,  3.128955e+02
  2.271972e-01,  3.202499e+02
  2.268679e-01,  3.151751e+02
  2.224713e-01,  3.144096e+02
  2.309867e-01,  3.200618e+02
  2.273915e-01,  3.141103e+02
  2.274950e-01,  3.142701e+02
  2.258392e-01,  3.137555e+02
  2.362545e-01,  3.174470e+02
  2.163413e-01,  3.162036e+02
  2.292313e-01,  3.142676e+02
  2.298978e-01,  3.170389e+02
  2.255142e-01,  3.142387e+02
  2.361542e-01,  3.171836e+02
  2.195970e-01,  3.159717e+02
  2.300180e-01,  3.177290e+02
  2.211915e-01,  3.120330e+02
  2.386567e-01,  3.188295e+02
  2.102713e-01,  3.158821e+02
  2.270816e-01,  3.150458e+02
  2.222144e-01,  3.157281e+02
  2.177080e-01,  3.171406e+02
  2.384011e-01,  3.177493e+02
  2.189339e-01,  3.142049e+02
  2.411447e-01,  3.174224e+02
  2.281641e-01,  3.150907e+02
  2.251233e-01,  3.170763e+02
  2.369982e-01,  3.131281e+02
  2.091321e-01,  3.189439e+02
  2.244495e-01,  3.148215e+02
  2.275437e-01,  3.181546e+02
  2.163006e-01,  3.170224e+02
  2.333333e-01,  3.170996e+02
  2.263901e-01,  3.148209e+02
  2.279227e-01,  3.150962e+02
  2.273816e-01,  3.205628e+02
  2.278800e-01,  3.142441e+02
  2.206987e-01,  3.171138e+02
  2.298976e-01,  3.163074e+02
  2.230435e-01,  3.168711e+02
  2.276453e-01,  3.175332e+02
  2.249902e-01,  3.178997e+02
  2.135116e-01,  3.175247e+02
  2.138484e-01,  3.168643e+02
  2.315906e-01,  3.134607e+02
  2.211379e-01,  3.145290e+02
  2.281725e-01,  3.168592e+02
  2.329939e-01,  3.165102e+02
  2.052726e-01,  3.163671e+02
  2.357287e-01,  3.159972e+02
  2.251327e-01,  3.167985e+02
  2.288426e-01,  3.150011e+02
  2.262761e-01,  3.175985e+02
  2.279789e-01,  3.173137e+02
  2.209190e-01,  3.143360e+02
  2.254971e-01,  3.155351e+02
  2.420050e-01,  3.131257e+02
  2.211949e-01,  3.181474e+02
  2.303968e-01,  3.166301e+02
  2.222889e-01,  3.161448e+02
  2.167134e-01,  3.179481e+02
  2.343847e-01,  3.123120e+02
  2.225358e-01,  3.185415e+02
  2.214133e-01,  3.155694e+02
  2.369542e-01,  3.158120e+02
  2.325888e-01,  3.156670e+02
  2.221567e-01,  3.153635e+02
  2.281536e-01,  3.179273e+02
  2.256017e-01,  3.138057e+02
  2.230293e-01,  3.189756e+02
  2.316970e-01,  3.146995e+02
  2.138358e-01,  3.176864e+02
  2.245697e-01,  3.157565e+02
  2.371846e-01,  3.133262e+02
  2.297706e-01,  3.179808e+02
  2.249229e-01,  3.171277e+02
  2.186849e-01,  3.170656e+02
  2.296202e-01,  3.139426e+02
  2.258520e-01,  3.175637e+02
  2.277303e-01,  3.150041e+02
  2.317634e-01,  3.173830e+02
  2.253925e-01,  3.189614e+02
  2.269836e-01,  3.162807e+02
  2.285415e-01,  3.137598e+02
  2.339286e-01,  3.160469e+02
  2.191506e-01,  3.189072e+02
  2.246116e-01,  3.152645e+02
  2.275083e-01,  3.164099e+02
  2.301754e-01,  3.169619e+02
  2.311007e-01,  3.140739e+02
  2.154655e-01,  3.183951e+02
  2.281833e-01,  3.141860e+02
  2.314763e-01,  3.131760e+02
  2.260752e-01,  3.176490e+02
  2.320433e-01,  3.134034e+02
  2.142978e-01,  3.166035e+02
  2.290575e-01,  3.151843e+02
  2.294812e-01,  3.156888e+02
  2.212409e-01,  3.146951e+02
  2.320613e-01,  3.162476e+02
  2.231849e-01,  3.146979e+02
  2.346558e-01,  3.144269e+02
  2.239504e-01,  3.158963e+02
  2.366328e-01,  3.149005e+02
  2.232231e-01,  3.145500e+02
  2.258361e-01,  3.171481e+02
  2.286548e-01,  3.145213e+02
  2.294103e-01,  3.159907e+02
  2.176837e-01,  3.191887e+02
  2.278273e-01,  3.143083e+02
  2.301518e-01,  3.157148e+02
  2.301962e-01,  3.123448e+02
  2.388338e-01,  3.158462e+02
  2.144511e-01,  3.160256e+02
  2.358488e-01,  3.147129e+02
  2.218241e-01,  3.152907e+02
  2.323672e-01,  3.145273e+02
  2.169982e-01,  3.154266e+02
  2.369024e-01,  3.142294e+02
  2.231640e-01,  3.157637e+02
  2.171751e-01,  3.165593e+02
  2.346540e-01,  3.124523e+02
  2.196228e-01,  3.211351e+02
  2.220849e-01,  3.164678e+02
  2.274521e-01,  3.108497e+02
  2.285533e-01,  3.176973e+02
  2.101582e-01,  3.143540e+02
  2.297263e-01,  3.163761e+02
  2.248464e-01,  3.158266e+02
  2.184084e-01,  3.169838e+02
  2.280517e-01,  3.160216e+02
  2.178116e-01,  3.169665e+02
  2.166165e-01,  3.152231e+02
  2.448976e-01,  3.142856e+02
  2.200113e-01,  3.172420e+02
  2.286461e-01,  3.149916e+02
  2.407873e-01,  3.163512e+02
  2.242966e-01,  3.146835e+02
  2.229533e-01,  3.171281e+02
  2.302705e-01,  3.159201e+02
  2.283986e-01,  3.149087e+02
  2.212103e-01,  3.172352e+02
  2.325360e-01,  3.130767e+02
  2.258647e-01,  3.163118e+02
  2.293013e-01,  3.162733e+02
  2.247552e-01,  3.164445e+02
  2.328667e-01,  3.164695e+02
  2.272835e-01,  3.138475e+02
  2.218512e-01,  3.179274e+02
  2.308036e-01,  3.180054e+02
  2.267201e-01,  3.138571e+02
  2.256848e-01,  3.178622e+02
  2.286749e-01,  3.136759e+02
  2.273119e-01,  3.162589e+02
  2.298477e-01,  3.171580e+02
  2.208307e-01,  3.146732e+02
  2.289525e-01,  3.171648e+02
  2.255752e-01,  3.108952e+02
  2.245957e-01,  3.181477e+02
  2.238751e-01,  3.162696e+02
  2.205079e-01,  3.162342e+02
  2.305100e-01,  3.180944e+02
  2.245950e-01,  3.160213e+02
  2.304419e-01,  3.154418e+02
  2.295614e-01,  3.154427e+02
  2.237447e-01,  3.177131e+02
  2.245006e-01,  3.156105e+02
  2.371264e-01,  3.163291e+02
  2.171713e-01,  3.182393e+02
  2.266354e-01,  3.151315e+02
  2.267668e-01,  3.175015e+02
  2.306703e-01,  3.136116e+02
  2.183684e-01,  3.168126e+02
  2.227591e-01,  3.166749e+02
  2.350933e-01,  3.139349e+02
  2.235570e-01,  3.184194e+02
  2.343835e-01,  3.170056e+02
  2.162474e-01,  3.178796e+02
  2.331394e-01,  3.144015e+02
  2.189643e-01,  3.189657e+02
  2.314498e-01,  3.113015e+02
  2.200822e-01,  3.191835e+02
  2.179076e-01,  3.178435e+02
  2.421488e-01,  3.166640e+02
  2.260803e-01,  3.168013e+02
  2.251320e-01,  3.162755e+02
  2.276119e-01,  3.184492e+02
  2.207210e-01,  3.148594e+02
  2.268739e-01,  3.184699e+02
  2.177623e-01,  3.156725e+02
  2.228756e-01,  3.181404e+02
  2.475832e-01,  3.153050e+02
  2.173631e-01,  3.174598e+02
  2.296729e-01,  3.175100e+02
  2.243886e-01,  3.179935e+02
  2.240271e-01,  3.136536e+02
  2.234214e-01,  3.206653e+02
  2.302268e-01,  3.142660e+02
  2.268576e-01,  3.165774e+02
  2.206207e-01,  3.194189e+02
  2.323044e-01,  3.147434e+02
  2.286500e-01,  3.154810e+02
  2.270391e-01,  3.143342e+02
  2.311198e-01,  3.166783e+02
  2.344381e-01,  3.127141e+02
  2.262180e-01,  3.153157e+02
  2.280755e-01,  3.162710e+02
  2.148455e-01,  3.177147e+02
  2.273861e-01,  3.136910e+02
  2.175238e-01,  3.185360e+02
  2.304770e-01,  3.156621e+02
  2.129138e-01,  3.146578e+02
  2.313142e-01,  3.150806e+02
  2.301734e-01,  3.163806e+02
  2.395760e-01,  3.148049e+02
  2.291846e-01,  3.175304e+02
  2.080664e-01,  3.171138e+02
  2.378468e-01,  3.143998e+02
  2.134528e-01,  3.169446e+02
  2.420130e-01,  3.134169e+02
  2.119024e-01,  3.173994e+02
  2.284003e-01,  3.169025e+02
  2.247161e-01,  3.180108e+02
  2.285296e-01,  3.156799e+02
  2.375035e-01,  3.155608e+02
  2.219349e-01,  3.164379e+02
  2.268713e-01,  3.140443e+02
  2.373909e-01,  3.135700e+02
  2.275432e-01,  3.160042e+02
  2.200540e-01,  3.151987e+02
  2.372185e-01,  3.158650e+02
  2.292314e-01,  3.158074e+02
  2.201398e-01,  3.160294e+02
  2.125779e-01,  3.165129e+02
  2.364285e-01,  3.146461e+02
  2.179948e-01,  3.157627e+02
  2.300610e-01,  3.182899e+02
  2.186715e-01,  3.154620e+02
  2.451685e-01,  3.135957e+02
  2.281977e-01,  3.151423e+02
  2.219440e-01,  3.182091e+02
  2.255957e-01,  3.178035e+02
  2.185827e-01,  3.143604e+02
  2.318102e-01,  3.160281e+02
  2.242866e-01,  3.151453e+02
  2.299595e-01,  3.192051e+02
  2.086278e-01,  3.162833e+02
  2.289645e-01,  3.151662e+02
  2.272369e-01,  3.152770e+02
  2.320303e-01,  3.168870e+02
  2.193158e-01,  3.178288e+02
  2.350249e-01,  3.129284e+02
  2.210726e-01,  3.182722e+02
  2.273374e-01,  3.170362e+02
  2.263828e-01,  3.165737e+02
  2.258571e-01,  3.162452e+02
  2.330758e-01,  3.147212e+02
  2.220885e-01,  3.159913e+02
  2.256269e-01,  3.163698e+02
  2.211756e-01,  3.189199e+02
  2.345297e-01,  3.162465e+02
  2.092739e-01,  3.147527e+02
  2.177197e-01,  3.152326e+02
  2.286750e-01,  3.166147e+02
  2.182503e-01,  3.145970e+02
  2.257388e-01,  3.160856e+02
  2.366086e-01,  3.145227e+02
  2.301714e-01,  3.147498e+02
  2.237023e-01,  3.174415e+02
  2.191510e-01,  3.142505e+02
  2.319217e-01,  3.174656e+02
  2.256641e-01,  3.148354e+02
  2.404431e-01,  3.146259e+02
  2.160748e-01,  3.162189e+02
  2.271413e-01,  3.154990e+02
  2.397565e-01,  3.162907e+02
  2.208741e-01,  3.177241e+02
  2.289490e-01,  3.158264e+02
  2.300928e-01,  3.161652e+02
  2.212152e-01,  3.162791e+02
  2.171849e-01,  3.156998e+02
  2.338119e-01,  3.152053e+02
  2.063754e-01,  3.158080e+02
  2.412893e-01,  3.153168e+02
  2.187112e-01,  3.177368e+02
  2.284291e-01,  3.174430e+02
  2.254992e-01,  3.141880e+02
  2.197637e-01,  3.175854e+02
  2.311138e-01,  3.161123e+02
  2.178222e-01,  3.183202e+02
  2.322627e-01,  3.159173e+02
  2.150255e-01,  3.180969e+02
  2.343202e-01,  3.148916e+02
  2.226941e-01,  3.144770e+02
  2.296993e-01,  3.171138e+02
  2.255432e-01,  3.151305e+02
  2.327866e-01,  3.153487e+02
  2.264818e-01,  3.161816e+02
  2.112915e-01,  3.165694e+02
  2.357163e-01,  3.133992e+02
  2.207990e-01,  3.197822e+02
  2.249087e-01,  3.187473e+02
  2.294637e-01,  3.153979e+02
  2.218914e-01,  3.136129e+02
  2.332485e-01,  3.179835e+02
  2.220003e-01,  3.177712e+02
  2.235244e-01,  3.125527e+02
  2.270390e-01,  3.183574e+02
  2.215685e-01,  3.193459e+02
  2.211595e-01,  3.153692e+02
  2.289702e-01,  3.136870e+02
  2.286498e-01,  3.188770e+02
  2.189485e-01,  3.176015e+02
  2.268769e-01,  3.151779e+02
  2.223933e-01,  3.151943e+02
  2.220537e-01,  3.164484e+02
  2.273734e-01,  3.179796e+02
  2.273334e-01,  3.151402e+02
  2.350899e-01,  3.169923e+02
  2.272691e-01,  3.148620e+02
  2.086208e-01,  3.195493e+02
  2.338044e-01,  3.169135e+02
  2.199895e-01,  3.167216e+02
  2.292530e-01,  3.174389e+02
  2.249959e-01,  3.151060e+02
  2.255629e-01,  3.149646e+02
  2.472303e-01,  3.149695e+02
  2.192947e-01,  3.191192e+02
  2.261096e-01,  3.148096e+02
  2.282730e-01,  3.148088e+02
  2.272764e-01,  3.145756e+02
  2.207437e-01,  3.176399e+02
  2.314757e-01,  3.129467e+02
  2.227600e-01,  3.155932e+02
  2.304040e-01,  3.147335e+02
  2.232839e-01,  3.155308e+02
  2.339257e-01,  3.169962e+02
  2.187273e-01,  3.156589e+02
  2.178304e-01,  3.165070e+02
  2.326856e-01,  3.133912e+02
  2.217903e-01,  3.158117e+02
  2.387859e-01,  3.151486e+02
  2.173275e-01,  3.185896e+02
  2.311442e-01,  3.153564e+02
  2.234016e-01,  3.201413e+02
  2.192596e-01,  3.166588e+02
  2.199734e-01,  3.164935e+02
  2.279098e-01,  3.176009e+02
  2.159808e-01,  3.163821e+02
  2.294839e-01,  3.154107e+02
  2.303187e-01,  3.160069e+02
  2.185726e-01,  3.175059e+02
  2.251901e-01,  3.157435e+02
  2.166909e-01,  3.148605e+02
  2.259342e-01,  3.177175e+02
  2.266142e-01,  3.172821e+02
  2.303490e-01,  3.145149e+02
  2.292030e-01,  3.174030e+02
  2.220910e-01,  3.124106e+02
  2.259979e-01,  3.182825e+02
  2.308732e-01,  3.150432e+02
  2.214852e-01,  3.165493e+02
  2.405273e-01,  3.160794e+02
  2.217213e-01,  3.173664e+02
  2.276784e-01,  3.154248e+02
  2.274251e-01,  3.138849e+02
  2.293288e-01,  3.171123e+02
  2.277026e-01,  3.155626e+02
  2.255464e-01,  3.193599e+02
  2.198239e-01,  3.161392e+02
  2.245242e-01,  3.166589e+02
  2.278532e-01,  3.188425e+02
  2.174133e-01,  3.152055e+02
  2.308991e-01,  3.180150e+02
  2.228895e-01,  3.164588e+02
  2.386726e-01,  3.146571e+02
  2.157868e-01,  3.200529e+02
  2.295545e-01,  3.139801e+02
  2.314740e-01,  3.167946e+02
  2.167745e-01,  3.150767e+02
  2.275372e-01,  3.169724e+02
  2.278394e-01,  3.168485e+02
  2.201870e-01,  3.163329e+02
  2.298245e-01,  3.157507e+02
  2.270485e-01,  3.180111e+02
  2.235106e-01,  3.166143e+02
  2.313884e-01,  3.166360e+02
  2.175310e-01,  3.159071e+02
  2.413412e-01,  3.135848e+02
  2.231423e-01,  3.189211e+02
  2.174218e-01,  3.122275e+02
  2.303312e-01,  3.167571e+02
  2.229006e-01,  3.163452e+02
  2.288043e-01,  3.153905e+02
  2.212199e-01,  3.141389e+02
  2.371879e-01,  3.147205e+02
  2.214074e-01,  3.183955e+02
  2.215966e-01,  3.158192e+02
  2.265900e-01,  3.146411e+02
  2.266771e-01,  3.150610e+02
  2.324717e-01,  3.148960e+02
  2.196171e-01,  3.158747e+02
  2.279974e-01,  3.154699e+02
  2.158310e-01,  3.152778e+02
  2.331234e-01,  3.146029e+02
  2.209632e-01,  3.161059e+02
  2.302368e-01,  3.148943e+02
  2.319748e-01,  3.162078e+02
  2.264346e-01,  3.154749e+02
  2.233707e-01,  3.148534e+02
  2.307801e-01,  3.169512e+02
  2.316927e-01,  3.159761e+02
  2.209751e-01,  3.168503e+02
  2.293642e-01,  3.166800e+02
  2.046442e-01,  3.174508e+02
  2.352819e-01,  3.150250e+02
  2.258927e-01,  3.188384e+02
  2.299188e-01,  3.135456e+02
  2.277926e-01,  3.157651e+02
  2.109807e-01,  3.192063e+02
  2.288071e-01,  3.136122e+02
  2.259486e-01,  3.169492e+02
  2.278072e-01,  3.175692e+02
  2.254706e-01,  3.162780e+02
  2.287958e-01,  3.160905e+02
  2.130560e-01,  3.161189e+02
  2.262018e-01,  3.163623e+02
  2.329552e-01,  3.157420e+02
  2.249137e-01,  3.163258e+02
  2.286761e-01,  3.147149e+02
  2.225617e-01,  3.182497e+02
  2.240965e-01,  3.157316e+02
  2.204493e-01,  3.167907e+02
  2.238478e-01,  3.146226e+02
  2.267057e-01,  3.149552e+02
  2.166063e-01,  3.186411e+02
  2.166715e-01,  3.155340e+02
  2.399446e-01,  3.172097e+02
  2.174165e-01,  3.158474e+02
  2.254974e-01,  3.185889e+02
  2.256669e-01,  3.148584e+02
  2.273944e-01,  3.158962e+02
  2.237283e-01,  3.161463e+02
  2.298209e-01,  3.187836e+02
  2.172076e-01,  3.183508e+02
  2.217732e-01,  3.147006e+02
  2.398420e-01,  3.157091e+02
  2.091825e-01,  3.156473e+02
  2.388578e-01,  3.181032e+02
  2.049522e-01,  3.186159e+02
  2.282018e-01,  3.165706e+02
  2.272365e-01,  3.163900e+02
  2.121609e-01,  3.168842e+02
  2.287973e-01,  3.169963e+02
  2.282073e-01,  3.152426e+02
  2.236161e-01,  3.178862e+02
  2.368769e-01,  3.133072e+02
  2.270022e-01,  3.184555e+02
  2.166590e-01,  3.156813e+02
  2.211607e-01,  3.183476e+02
  2.198545e-01,  3.174592e+02
  2.407606e-01,  3.144474e+02
  2.321073e-01,  3.151556e+02
  2.198970e-01,  3.132566e+02
  2.204385e-01,  3.218325e+02
  2.312612e-01,  3.129052e+02
  2.156026e-01,  3.200951e+02
  2.209807e-01,  3.130436e+02
  2.349939e-01,  3.159727e+02
  2.273914e-01,  3.142033e+02
  2.241000e-01,  3.148511e+02
  2.373842e-01,  3.151449e+02
  2.218666e-01,  3.143008e+02
  2.306727e-01,  3.176030e+02
  2.223721e-01,  3.172038e+02
  2.361290e-01,  3.144277e+02
  2.259031e-01,  3.168228e+02
  2.312049e-01,  3.175181e+02
  2.261854e-01,  3.157862e+02
  2.406969e-01,  3.138647e+02
  2.156872e-01,  3.173258e+02
  2.183075e-01,  3.179359e+02
  2.323611e-01,  3.154123e+02
  2.172996e-01,  3.169237e+02
  2.389461e-01,  3.110532e+02
  2.243654e-01,  3.228351e+02
  2.342713e-01,  3.145313e+02
  2.076255e-01,  3.182100e+02
  2.373149e-01,  3.134123e+02
  2.271469e-01,  3.169370e+02
  2.284079e-01,  3.175448e+02
  2.293502e-01,  3.171810e+02
  2.272750e-01,  3.142099e+02
  2.276369e-01,  3.157798e+02
  2.345524e-01,  3.157298e+02
  2.276871e-01,  3.164675e+02
  2.294861e-01,  3.157261e+02
  2.274035e-01,  3.130520e+02
  2.422311e-01,  3.165344e+02
  2.162533e-01,  3.160729e+02
  2.205403e-01,  3.164804e+02
  2.275258e-01,  3.158990e+02
  2.247995e-01,  3.174696e+02
  2.251750e-01,  3.188565e+02
  2.312629e-01,  3.128452e+02
  2.263152e-01,  3.144737e+02
  2.370504e-01,  3.175467e+02
  2.263122e-01,  3.138721e+02
  2.184864e-01,  3.187439e+02
  2.477697e-01,  3.124748e+02
  2.042054e-01,  3.200187e+02
  2.497249e-01,  3.133048e+02
  2.206359e-01,  3.176664e+02
  2.423079e-01,  3.125397e+02
  2.179116e-01,  3.187483e+02
  2.299591e-01,  3.174897e+02
  2.224935e-01,  3.174302e+02
  2.304097e-01,  3.134094e+02
  2.265516e-01,  3.192056e+02
  2.299658e-01,  3.142424e+02
  2.170368e-01,  3.176594e+02
  2.299476e-01,  3.127219e+02
  2.120886e-01,  3.190052e+02
  2.393440e-01,  3.136151e+02
  2.215689e-01,  3.164619e+02
  2.205633e-01,  3.185081e+02
  2.285780e-01,  3.156472e+02
  2.147214e-01,  3.190683e+02
  2.521883e-01,  3.103783e+02
  2.012050e-01,  3.232755e+02
  2.553551e-01,  3.103548e+02
  2.027891e-01,  3.199363e+02
  2.452424e-01,  3.098730e+02
  2.137683e-01,  3.256911e+02
  2.348242e-01,  3.096254e+02
  2.152542e-01,  3.229889e+02
  2.287141e-01,  3.108209e+02
  2.139856e-01,  3.217773e+02
  2.503387e-01,  3.116406e+02
  2.028515e-01,  3.205760e+02
  2.440723e-01,  3.151460e+02
  2.244813e-01,  3.148496e+02
  2.228778e-01,  3.196905e+02
  2.285036e-01,  3.144523e+02
  2.202664e-01,  3.144462e+02
  2.293915e-01,  3.178005e+02
  2.147567e-01,  3.175931e+02
  2.607170e-01,  3.109373e+02
  2.008606e-01,  3.233562e+02
  2.530433e-01,  3.099054e+02
  1.832200e-01,  3.271111e+02
  2.658205e-01,  3.093944e+02
  1.811290e-01,  3.319904e+02
  2.911345e-01,  3.051935e+02
  1.648331e-01,  3.345724e+02
  2.888592e-01,  3.049151e+02
  1.511422e-01,  3.361674e+02
  3.060469e-01,  3.041039e+02
  1.574198e-01,  3.368141e+02
  2.917748e-01,  3.055190e+02
  1.574685e-01,  3.344038e+02
  2.729155e-01,  3.079161e+02
  1.457083e+00,  1.259098e+02
  8.360242e+00,  2.457196e+02
  1.754589e+01,  2.864032e+02
  2.223340e+01,  3.573509e+02
  2.553284e+01,  6.049906e+01
  1.988948e+01,  1.138146e+02
  1.041553e+01,  2.019243e+02
  2.650510e+01,  2.797697e+02
  3.750734e+01,  2.870251e+02
  4.310935e+01,  2.566679e+02
  4.124604e+01,  2.468982e+02
  1.274997e+01,  3.084292e+02
  2.761666e+01,  4.639059e+01
  2.564965e+01,  6.917617e+01
  5.577149e+00,  1.896704e+02
  2.901240e+01,  2.635433e+02
  3.250013e+01,  2.708471e+02
  1.734939e+01,  2.370281e+02
  1.606711e+01,  1.690293e+02
  2.728126e+01,  1.474125e+02
  2.712407e+01,  1.241798e+02
  1.702356e+01,  5.764666e+01
  1.492362e+01,  3.254415e+02
  2.535011e+01,  2.630819e+02
  3.173363e+01,  2.242022e+02
  2.638072e+01,  1.985336e+02
  2.568226e+00,  1.898378e+02
  1.905659e+01,  1.207750e+01
  1.978470e+01,  5.070088e+00
  4.308623e+00,  2.756113e+02
  1.658838e+01,  1.960809e+02
  1.625866e+01,  1.651715e+02
  2.046445e+01,  1.099879e+02
  2.622148e+01,  9.332531e+01
  1.837226e+01,  1.014529e+02
  9.816337e+00,  1.649120e+02
  1.297424e+01,  2.189425e+02
  9.529232e+00,  2.602349e+02
  7.723120e+00,  3.167185e+02
  3.468382e+00,  2.561644e+02
  1.644808e+01,  2.087004e+02
  1.762017e+01,  2.140899e+02
  6.251940e+00,  9.978678e+01
  3.309699e+01,  7.702880e+01
  3.623363e+01,  1.041753e+02
  2.505038e+01,  1.966776e+02
  3.596730e+01,  2.820297e+02
  3.254400e+01,  3.312164e+02
  3.065208e+00,  6.641533e+01
  2.701238e+01,  1.658785e+02
  2.602721e+01,  1.672632e+02
  7.274051e+00,  7.309936e+01
  2.159178e+01,  3.578836e+02
  2.301165e+01,  3.106929e+02
  2.589344e+01,  2.610296e+02
  2.605097e+01,  2.256070e+02
  1.675441e+01,  1.635065e+02
  2.691670e+01,  9.464956e+01
  3.300345e+01,  7.233995e+01
  2.491514e+01,  5.817575e+01
  8.993330e+00,  2.211193e+01
  5.392026e+00,  2.629858e+02
  1.120578e+01,  1.795296e+02
  1.771145e+01,  1.651735e+02
  8.724691e+00,  1.805684e+02
  1.314694e+01,  3.332184e+02
  2.788373e+01,  3.490548e+02
  1.748521e+01,  1.219963e+01
  1.152447e+01,  1.775365e+02
  3.097724e+01,  2.100930e+02
  2.505414e+01,  2.219319e+02
  4.898603e+00,  1.759808e+02
  1.636662e+01,  9.702390e+01
  1.520501e+01,  1.115988e+02
  3.616933e+00,  2.741932e+02
  2.114807e+01,  3.116776e+02
  1.953973e+01,  3.532376e+02
  1.451284e+01,  1.067167e+02
  3.017762e+01,  1.904917e+02
  3.347100e+01,  2.275683e+02
  1.387245e+01,  1.881546e+02
  2.109088e+01,  1.174234e+02
  2.568190e+01,  9.093648e+01
  2.386948e+01,  5.207987e+01
  2.712846e+01,  3.484440e+02
  2.458642e+01,  3.184977e+02
  4.563189e+00,  2.865612e+02
  1.712618e+01,  1.232028e+02
  2.625161e+01,  1.045341e+02
  1.771695e+01,  7.264382e+01
  7.446004e+00,  3.459380e+02
  1.855228e+01,  2.675541e+02
  3.141738e+01,  2.402838e+02
  3.731488e+01,  2.145396e+02
  3.993032e+01,  1.981390e+02
  3.203815e+01,  1.990021e+02
  1.095205e+01,  1.945980e+02
  1.422182e+01,  3.037128e+01
  7.329414e+00,  8.989991e+01
  5.072893e+00,  2.060963e+02
##END=