##TITLE= twqubit_C234790withPC_H_25000.txt
##JCAMP-DX= 5.00 Bruker JCAMP library
##DATA TYPE= Shape Data
##ORIGIN= Colm's GRAPE Pulses 
##OWNER= Dawei.Lu
##DATE= 11-Mar-2015
##TIME= 14:33
##MINX= 9.193009e-01
##MAXX= 2.019108e+01
##MINY= 7.696086e-01
##MAXY= 3.562007e+02
##$SHAPE_EXMODE= None
##$SHAPE_TOTROT= 9.000000e+01
##$SHAPE_BWFAC= 1.000000e+00
##$SHAPE_INTEGFAC= 1.000000e+00
##$SHAPE_MODE= 1
##PULSE_WIDTH= 1000
##Calibration_Power= 25000
##NPOINTS= 100
##XYPOINTS= (XY..XY)
  3.249653e+00,  3.249137e+02
  1.841551e+00,  2.596520e+02
  4.891746e+00,  2.016447e+02
  7.185312e+00,  1.905960e+02
  8.764525e+00,  1.838271e+02
  9.962923e+00,  1.764678e+02
  1.101797e+01,  1.680572e+02
  1.200588e+01,  1.592512e+02
  1.291444e+01,  1.499962e+02
  1.387643e+01,  1.401158e+02
  1.497679e+01,  1.305557e+02
  1.604745e+01,  1.223720e+02
  1.698296e+01,  1.156883e+02
  1.787004e+01,  1.103026e+02
  1.872186e+01,  1.061429e+02
  1.942278e+01,  1.030708e+02
  1.982122e+01,  1.008561e+02
  1.977749e+01,  9.943643e+01
  1.925361e+01,  9.891345e+01
  1.826879e+01,  9.923584e+01
  1.680613e+01,  1.004715e+02
  1.494478e+01,  1.037322e+02
  1.299364e+01,  1.109898e+02
  1.139389e+01,  1.230865e+02
  1.046116e+01,  1.385258e+02
  1.034163e+01,  1.548602e+02
  1.109537e+01,  1.694345e+02
  1.245376e+01,  1.800911e+02
  1.381051e+01,  1.868340e+02
  1.462007e+01,  1.909577e+02
  1.466803e+01,  1.935427e+02
  1.402680e+01,  1.952476e+02
  1.285319e+01,  1.966755e+02
  1.127573e+01,  1.984060e+02
  9.408771e+00,  2.006835e+02
  7.369613e+00,  2.032664e+02
  5.250957e+00,  2.057177e+02
  3.087014e+00,  2.085297e+02
  9.193009e-01,  2.221242e+02
  1.319176e+00,  8.447611e+00
  3.235401e+00,  1.604965e+01
  4.849366e+00,  1.686961e+01
  6.053085e+00,  1.605125e+01
  6.732872e+00,  1.520439e+01
  6.916309e+00,  1.565160e+01
  6.857954e+00,  1.801673e+01
  6.817711e+00,  2.209661e+01
  6.897945e+00,  2.717882e+01
  7.120246e+00,  3.212870e+01
  7.411467e+00,  3.564315e+01
  7.572795e+00,  3.709796e+01
  7.459795e+00,  3.635143e+01
  7.111511e+00,  3.294977e+01
  6.670726e+00,  2.615008e+01
  6.320005e+00,  1.534453e+01
  6.306859e+00,  7.696086e-01
  6.865518e+00,  3.448116e+02
  7.996418e+00,  3.309569e+02
  9.470352e+00,  3.205913e+02
  1.111249e+01,  3.130815e+02
  1.286163e+01,  3.074683e+02
  1.456981e+01,  3.030312e+02
  1.607903e+01,  2.992897e+02
  1.746113e+01,  2.960186e+02
  1.877201e+01,  2.929957e+02
  1.975775e+01,  2.897381e+02
  2.019108e+01,  2.859170e+02
  2.010467e+01,  2.819036e+02
  1.949278e+01,  2.784248e+02
  1.830115e+01,  2.759030e+02
  1.665676e+01,  2.747401e+02
  1.475489e+01,  2.759266e+02
  1.279779e+01,  2.809437e+02
  1.117077e+01,  2.909176e+02
  1.030093e+01,  3.050351e+02
  1.025720e+01,  3.203937e+02
  1.082176e+01,  3.346900e+02
  1.182822e+01,  3.468658e+02
  1.312968e+01,  3.562007e+02
  1.445259e+01,  2.697784e+00
  1.543233e+01,  7.275881e+00
  1.576714e+01,  1.100830e+01
  1.535435e+01,  1.438195e+01
  1.423006e+01,  1.735462e+01
  1.241864e+01,  1.996306e+01
  9.967027e+00,  2.260199e+01
  7.049803e+00,  2.590266e+01
  3.920685e+00,  3.176756e+01
  9.606907e-01,  6.851366e+01
  2.510652e+00,  1.869594e+02
  5.231254e+00,  1.957180e+02
  7.417279e+00,  1.985552e+02
  8.849535e+00,  2.003477e+02
  9.515598e+00,  2.017596e+02
  9.489698e+00,  2.029343e+02
  8.803574e+00,  2.042979e+02
  7.509509e+00,  2.064968e+02
  5.723057e+00,  2.104999e+02
  3.230959e+00,  2.263433e+02
  3.840967e+00,  3.267016e+02
##END=
