##TITLE= twqubit_encoding2_C_nobufferfix5
##JCAMP-DX= 5.00 Bruker JCAMP library
##DATA TYPE= Shape Data
##ORIGIN= Colm Fixed Pulses 
##OWNER= d29lu
##DATE= 12-May-2015
##TIME= 16:23
##MINX= 8.714400e-02
##MAXX= 6.407674e+01
##MINY= 1.076569e-01
##MAXY= 3.594199e+02
##$SHAPE_EXMODE= None
##$SHAPE_TOTROT= 9.000000e+01
##$SHAPE_BWFAC= 1.000000e+00
##$SHAPE_INTEGFAC= 1.000000e+00
##$SHAPE_MODE= 1
##NPOINTS= 2128
##XYPOINTS= (XY..XY)
  2.447613e+00,  5.545697e+00
  1.896216e+01,  6.882108e+01
  3.649998e+01,  1.426754e+02
  3.747139e+01,  1.759069e+02
  1.680070e+01,  1.645628e+02
  1.914915e+01,  1.438599e+02
  4.841224e+00,  6.388871e+01
  1.521907e+01,  3.274124e+02
  2.541765e+01,  3.014603e+02
  2.730721e+01,  2.766701e+02
  1.733891e+01,  2.583797e+02
  1.624270e+01,  1.773224e+02
  2.577777e+01,  1.483730e+02
  1.717198e+01,  1.242273e+02
  7.416147e+00,  4.365857e+01
  1.115020e+01,  3.152149e+02
  2.073585e+01,  2.738002e+02
  1.906834e+01,  2.842614e+02
  8.258952e+00,  3.578394e+01
  2.388677e+01,  1.114088e+02
  2.154155e+01,  1.407092e+02
  6.832033e+00,  2.487508e+02
  2.263590e+01,  3.283948e+02
  2.134298e+01,  3.427491e+02
  1.051115e+01,  3.045535e+02
  1.247916e+01,  2.982133e+02
  1.933004e+01,  3.425339e+02
  1.883136e+01,  3.573448e+02
  3.568650e+00,  2.903873e+02
  2.161907e+01,  2.192712e+02
  2.517722e+01,  2.085102e+02
  1.649311e+01,  1.638841e+02
  1.982084e+01,  1.297490e+02
  1.666666e+01,  1.585685e+02
  1.772892e+01,  2.306994e+02
  2.279426e+01,  2.726617e+02
  1.664766e+01,  3.013114e+02
  6.959422e+00,  3.365246e+02
  3.050809e+00,  3.126121e+02
  1.676003e+01,  2.724059e+02
  3.351061e+01,  2.816239e+02
  2.978861e+01,  3.026632e+02
  1.057378e+01,  1.282293e+01
  2.391653e+01,  1.149738e+02
  2.565982e+01,  1.422109e+02
  5.307977e+00,  1.886687e+02
  2.053388e+01,  3.414357e+02
  2.539445e+01,  6.513539e+00
  1.031035e+01,  5.395916e+01
  1.863113e+01,  1.767248e+02
  2.747720e+01,  1.978495e+02
  2.124408e+01,  1.860635e+02
  1.779669e+01,  1.525735e+02
  5.729507e+00,  1.694267e+02
  1.295490e+01,  3.021867e+02
  1.694964e+01,  3.054554e+02
  7.544171e+00,  2.678396e+02
  1.193174e+01,  1.900266e+02
  1.765142e+01,  1.823682e+02
  1.314016e+01,  1.621600e+02
  4.605694e+00,  7.789925e+01
  1.272229e+01,  3.417613e+02
  2.268426e+01,  3.247514e+02
  2.648689e+01,  3.145002e+02
  1.582595e+01,  3.229616e+02
  9.870186e+00,  1.001407e+02
  2.840520e+01,  1.339346e+02
  2.911253e+01,  1.495611e+02
  1.578565e+01,  1.892434e+02
  1.744375e+01,  2.822630e+02
  1.867023e+01,  3.247942e+02
  7.678465e+00,  3.295190e+01
  1.460980e+01,  1.266911e+02
  1.592396e+01,  1.395698e+02
  7.333331e+00,  1.176687e+02
  4.379056e+00,  1.894221e+01
  5.169258e+00,  3.518840e+02
  1.665323e+00,  5.204328e+01
  6.311473e+00,  1.303917e+02
  1.182552e+01,  1.382149e+02
  1.465633e+01,  1.530756e+02
  1.959257e+01,  1.706009e+02
  2.700786e+01,  1.730686e+02
  3.298059e+01,  1.632592e+02
  2.936371e+01,  1.610480e+02
  1.781336e+01,  1.427593e+02
  1.255845e+01,  7.164585e+01
  1.211749e+01,  2.196552e+01
  1.214881e+01,  2.994479e+02
  1.653665e+01,  2.579809e+02
  1.321316e+01,  2.279734e+02
  8.671422e+00,  1.193721e+02
  1.910415e+01,  7.435977e+01
  2.561073e+01,  6.220123e+01
  2.519092e+01,  4.473326e+01
  2.774025e+01,  6.094472e+01
  2.816863e+01,  1.037307e+02
  2.869569e+01,  1.708102e+02
  2.487147e+01,  2.754099e+02
  1.645285e+01,  7.183465e+01
  8.008922e+00,  2.476847e+02
  2.947883e+00,  6.303957e+01
  1.419527e+00,  2.640820e+02
  4.851313e-01,  8.989673e+01
  7.993950e-01,  2.888024e+02
  3.629522e-01,  1.016341e+02
  7.599626e-01,  2.882278e+02
  3.012621e-01,  9.269069e+01
  6.634383e-01,  2.868361e+02
  2.360876e-01,  8.432425e+01
  5.643243e-01,  2.898658e+02
  1.517588e-01,  6.651850e+01
  4.555032e-01,  2.910243e+02
  1.198382e-01,  3.327352e+01
  3.761480e-01,  2.944886e+02
  1.687184e-01,  3.533379e+02
  2.762195e-01,  3.004904e+02
  2.366591e-01,  3.249822e+02
  2.115154e-01,  3.090228e+02
  2.753662e-01,  3.178539e+02
  1.588065e-01,  3.166409e+02
  3.302639e-01,  3.139391e+02
  1.085527e-01,  3.287264e+02
  3.708356e-01,  3.083887e+02
  9.007673e-02,  3.532642e+02
  3.981479e-01,  3.054888e+02
  8.714400e-02,  1.076569e-01
  4.041256e-01,  3.026859e+02
  9.905102e-02,  1.265322e+01
  3.642283e-01,  3.023165e+02
  1.228572e-01,  3.456217e+02
  3.427717e-01,  3.046206e+02
  1.400998e-01,  3.430217e+02
  3.361648e-01,  3.040343e+02
  1.600448e-01,  3.328496e+02
  2.759906e-01,  3.054311e+02
  1.952010e-01,  3.291064e+02
  2.466564e-01,  3.056941e+02
  2.399211e-01,  3.214052e+02
  2.348619e-01,  3.104551e+02
  2.591114e-01,  3.201838e+02
  2.049812e-01,  3.129535e+02
  2.676680e-01,  3.165664e+02
  1.717255e-01,  3.187834e+02
  3.005760e-01,  3.107612e+02
  1.503735e-01,  3.315378e+02
  3.162795e-01,  3.094828e+02
  1.573554e-01,  3.298170e+02
  3.035960e-01,  3.090098e+02
  1.767462e-01,  3.264497e+02
  3.045852e-01,  3.065115e+02
  1.526404e-01,  3.283502e+02
  2.962220e-01,  3.068926e+02
  1.715554e-01,  3.308652e+02
  2.899398e-01,  3.080319e+02
  1.896995e-01,  3.259988e+02
  2.648482e-01,  3.112277e+02
  2.048591e-01,  3.205859e+02
  2.438892e-01,  3.118778e+02
  2.264416e-01,  3.204952e+02
  2.237856e-01,  3.164016e+02
  2.471892e-01,  3.169018e+02
  2.003995e-01,  3.172094e+02
  2.573627e-01,  3.148659e+02
  1.930547e-01,  3.210925e+02
  2.698613e-01,  3.137163e+02
  1.966599e-01,  3.227776e+02
  2.750592e-01,  3.121568e+02
  1.857831e-01,  3.187106e+02
  2.734765e-01,  3.120215e+02
  2.053517e-01,  3.222315e+02
  2.604048e-01,  3.135789e+02
  1.984942e-01,  3.186886e+02
  2.741367e-01,  3.100674e+02
  1.945310e-01,  3.196529e+02
  2.653159e-01,  3.129358e+02
  2.115395e-01,  3.181026e+02
  2.478081e-01,  3.119817e+02
  2.145084e-01,  3.179321e+02
  2.521406e-01,  3.148119e+02
  2.263612e-01,  3.195131e+02
  2.410247e-01,  3.120792e+02
  2.451740e-01,  3.166604e+02
  2.274807e-01,  3.169224e+02
  2.326434e-01,  3.169708e+02
  2.197208e-01,  3.183262e+02
  2.434070e-01,  3.155079e+02
  2.111794e-01,  3.163029e+02
  2.437946e-01,  3.149051e+02
  2.067943e-01,  3.182144e+02
  2.659461e-01,  3.146256e+02
  1.992637e-01,  3.171122e+02
  2.675985e-01,  3.130916e+02
  2.108815e-01,  3.170014e+02
  2.667839e-01,  3.145814e+02
  2.033604e-01,  3.168052e+02
  2.452901e-01,  3.143427e+02
  2.203787e-01,  3.178926e+02
  2.542029e-01,  3.137499e+02
  2.185404e-01,  3.203117e+02
  2.507219e-01,  3.098183e+02
  2.220875e-01,  3.171783e+02
  2.359261e-01,  3.158255e+02
  2.361578e-01,  3.177032e+02
  2.136588e-01,  3.148835e+02
  2.424788e-01,  3.161682e+02
  2.212457e-01,  3.169947e+02
  2.360692e-01,  3.150990e+02
  2.208258e-01,  3.147418e+02
  2.345585e-01,  3.175714e+02
  2.134765e-01,  3.159865e+02
  2.442944e-01,  3.163797e+02
  2.158847e-01,  3.188453e+02
  2.425159e-01,  3.152885e+02
  1.993677e-01,  3.187977e+02
  2.561402e-01,  3.136074e+02
  2.189421e-01,  3.165913e+02
  2.340885e-01,  3.149415e+02
  2.207285e-01,  3.189300e+02
  2.610304e-01,  3.133422e+02
  2.044879e-01,  3.192121e+02
  2.389789e-01,  3.161081e+02
  2.258224e-01,  3.182796e+02
  2.225154e-01,  3.153098e+02
  2.418444e-01,  3.163264e+02
  2.282270e-01,  3.150032e+02
  2.447596e-01,  3.181262e+02
  2.259583e-01,  3.151448e+02
  2.367946e-01,  3.159818e+02
  2.343650e-01,  3.177496e+02
  2.322011e-01,  3.159544e+02
  2.253992e-01,  3.175324e+02
  2.460977e-01,  3.178576e+02
  2.121127e-01,  3.149463e+02
  2.544242e-01,  3.141866e+02
  2.156895e-01,  3.177149e+02
  2.521802e-01,  3.134260e+02
  2.156335e-01,  3.166077e+02
  2.445394e-01,  3.135857e+02
  2.489577e-01,  3.150588e+02
  2.362492e-01,  3.183612e+02
  2.217842e-01,  3.164891e+02
  2.289039e-01,  3.145618e+02
  2.241994e-01,  3.185836e+02
  2.310086e-01,  3.154652e+02
  2.352110e-01,  3.183923e+02
  2.152624e-01,  3.143949e+02
  2.280228e-01,  3.153892e+02
  2.292421e-01,  3.156194e+02
  2.376953e-01,  3.165966e+02
  2.191887e-01,  3.150850e+02
  2.218923e-01,  3.149810e+02
  2.375879e-01,  3.157462e+02
  2.397704e-01,  3.173469e+02
  2.129424e-01,  3.162836e+02
  2.362373e-01,  3.151978e+02
  2.281535e-01,  3.136707e+02
  2.338372e-01,  3.164252e+02
  2.352996e-01,  3.169181e+02
  2.398298e-01,  3.120261e+02
  2.263808e-01,  3.145538e+02
  2.361869e-01,  3.176346e+02
  2.221533e-01,  3.143892e+02
  2.290230e-01,  3.174704e+02
  2.340974e-01,  3.187671e+02
  2.307069e-01,  3.123148e+02
  2.295867e-01,  3.194473e+02
  2.478890e-01,  3.119556e+02
  2.245326e-01,  3.198067e+02
  2.403704e-01,  3.171053e+02
  2.360568e-01,  3.157391e+02
  2.308035e-01,  3.169330e+02
  2.410902e-01,  3.158979e+02
  2.311609e-01,  3.177705e+02
  2.356584e-01,  3.191815e+02
  2.174310e-01,  3.155393e+02
  2.396782e-01,  3.155648e+02
  2.231208e-01,  3.162069e+02
  2.406234e-01,  3.164127e+02
  2.319289e-01,  3.159443e+02
  2.361543e-01,  3.157497e+02
  2.232837e-01,  3.192131e+02
  2.367905e-01,  3.161834e+02
  2.371064e-01,  3.151645e+02
  2.279684e-01,  3.133013e+02
  2.354245e-01,  3.161380e+02
  2.181372e-01,  3.153271e+02
  2.138037e-01,  3.190516e+02
  2.395360e-01,  3.160526e+02
  2.182611e-01,  3.196319e+02
  2.301424e-01,  3.144788e+02
  2.378573e-01,  3.184843e+02
  2.333470e-01,  3.158441e+02
  2.310026e-01,  3.147866e+02
  2.206888e-01,  3.184073e+02
  2.414655e-01,  3.173984e+02
  2.294073e-01,  3.146019e+02
  2.346647e-01,  3.184917e+02
  2.207799e-01,  3.138323e+02
  2.425042e-01,  3.173740e+02
  2.309276e-01,  3.193072e+02
  2.264872e-01,  3.131665e+02
  2.367131e-01,  3.196763e+02
  2.260596e-01,  3.124881e+02
  2.224610e-01,  3.170990e+02
  2.327066e-01,  3.128468e+02
  2.329779e-01,  3.168629e+02
  2.317934e-01,  3.171234e+02
  2.238449e-01,  3.154211e+02
  2.407309e-01,  3.155351e+02
  2.162561e-01,  3.184597e+02
  2.280740e-01,  3.154889e+02
  2.449991e-01,  3.143620e+02
  2.288468e-01,  3.162363e+02
  2.380971e-01,  3.169366e+02
  2.268442e-01,  3.136643e+02
  2.408772e-01,  3.172062e+02
  2.238566e-01,  3.174890e+02
  2.223308e-01,  3.154592e+02
  2.336158e-01,  3.189939e+02
  2.317333e-01,  3.153896e+02
  2.258962e-01,  3.167549e+02
  2.484346e-01,  3.151847e+02
  2.177443e-01,  3.170352e+02
  2.359212e-01,  3.151402e+02
  2.383463e-01,  3.164723e+02
  2.346413e-01,  3.138099e+02
  2.432435e-01,  3.156797e+02
  2.165933e-01,  3.165374e+02
  2.400433e-01,  3.147390e+02
  2.342072e-01,  3.168535e+02
  2.389034e-01,  3.164674e+02
  2.246689e-01,  3.138825e+02
  2.269367e-01,  3.193464e+02
  2.358398e-01,  3.150074e+02
  2.315778e-01,  3.160589e+02
  2.323210e-01,  3.174249e+02
  2.245687e-01,  3.157240e+02
  2.300891e-01,  3.164401e+02
  2.366275e-01,  3.144962e+02
  2.287842e-01,  3.171174e+02
  2.307506e-01,  3.165559e+02
  2.323056e-01,  3.155742e+02
  2.412170e-01,  3.142760e+02
  2.262511e-01,  3.178594e+02
  2.264663e-01,  3.150893e+02
  2.386614e-01,  3.176228e+02
  2.282841e-01,  3.179752e+02
  2.376676e-01,  3.152399e+02
  2.308939e-01,  3.138820e+02
  2.307721e-01,  3.156308e+02
  2.264868e-01,  3.180443e+02
  2.346094e-01,  3.168033e+02
  2.274482e-01,  3.163205e+02
  2.325167e-01,  3.182325e+02
  2.283077e-01,  3.173329e+02
  2.342204e-01,  3.141749e+02
  2.300210e-01,  3.184702e+02
  2.311148e-01,  3.152985e+02
  2.417124e-01,  3.131562e+02
  2.140654e-01,  3.192074e+02
  2.342941e-01,  3.145947e+02
  2.148113e-01,  3.163413e+02
  2.350020e-01,  3.161704e+02
  2.373642e-01,  3.170120e+02
  2.250243e-01,  3.154993e+02
  2.293960e-01,  3.157586e+02
  2.374774e-01,  3.163936e+02
  2.318414e-01,  3.158736e+02
  2.281258e-01,  3.151687e+02
  2.343653e-01,  3.157864e+02
  2.272057e-01,  3.193925e+02
  2.393446e-01,  3.169500e+02
  2.134314e-01,  3.205985e+02
  2.346103e-01,  3.131201e+02
  2.351814e-01,  3.198255e+02
  2.298123e-01,  3.176260e+02
  2.259077e-01,  3.162555e+02
  2.353627e-01,  3.142928e+02
  2.294023e-01,  3.171669e+02
  2.399178e-01,  3.186817e+02
  2.413813e-01,  3.148476e+02
  2.272151e-01,  3.167020e+02
  2.259117e-01,  3.187288e+02
  2.270426e-01,  3.160378e+02
  2.424937e-01,  3.139373e+02
  2.239902e-01,  3.170823e+02
  2.360422e-01,  3.144961e+02
  2.240311e-01,  3.178912e+02
  2.452102e-01,  3.152308e+02
  2.256556e-01,  3.158496e+02
  2.190094e-01,  3.185861e+02
  2.270123e-01,  3.188118e+02
  2.285099e-01,  3.138036e+02
  2.348759e-01,  3.173783e+02
  2.288708e-01,  3.116393e+02
  2.266768e-01,  3.184773e+02
  2.372006e-01,  3.147428e+02
  2.296543e-01,  3.163283e+02
  2.222323e-01,  3.161786e+02
  2.490834e-01,  3.161686e+02
  2.291689e-01,  3.167327e+02
  2.436082e-01,  3.160097e+02
  2.267787e-01,  3.192299e+02
  2.350138e-01,  3.118787e+02
  2.333283e-01,  3.176836e+02
  2.380994e-01,  3.103254e+02
  2.373730e-01,  3.182245e+02
  2.232703e-01,  3.166128e+02
  2.224094e-01,  3.184021e+02
  2.233496e-01,  3.153645e+02
  2.324062e-01,  3.173034e+02
  2.249879e-01,  3.160989e+02
  2.413078e-01,  3.150924e+02
  2.152541e-01,  3.149033e+02
  2.317137e-01,  3.136521e+02
  2.505305e-01,  3.164092e+02
  2.194930e-01,  3.165790e+02
  2.307930e-01,  3.162622e+02
  2.269464e-01,  3.144497e+02
  2.230705e-01,  3.202957e+02
  2.307388e-01,  3.143625e+02
  2.278795e-01,  3.172480e+02
  2.419579e-01,  3.175374e+02
  2.114964e-01,  3.162947e+02
  2.374486e-01,  3.146802e+02
  2.301280e-01,  3.166689e+02
  2.297117e-01,  3.158233e+02
  2.383139e-01,  3.152280e+02
  2.320060e-01,  3.155688e+02
  2.339201e-01,  3.191062e+02
  2.189808e-01,  3.173011e+02
  2.451548e-01,  3.156120e+02
  2.154978e-01,  3.150554e+02
  2.368030e-01,  3.161109e+02
  2.303714e-01,  3.169520e+02
  2.355071e-01,  3.130735e+02
  2.398161e-01,  3.154404e+02
  2.241588e-01,  3.186750e+02
  2.427970e-01,  3.133123e+02
  2.254090e-01,  3.185178e+02
  2.281492e-01,  3.157118e+02
  2.310708e-01,  3.147880e+02
  2.335479e-01,  3.175650e+02
  2.353308e-01,  3.114605e+02
  2.252098e-01,  3.181406e+02
  2.266195e-01,  3.145509e+02
  2.309838e-01,  3.183931e+02
  2.271104e-01,  3.148952e+02
  2.361667e-01,  3.189298e+02
  2.393063e-01,  3.159735e+02
  2.370955e-01,  3.155609e+02
  2.280773e-01,  3.181465e+02
  2.308968e-01,  3.159819e+02
  2.232391e-01,  3.166030e+02
  2.265766e-01,  3.152498e+02
  2.296483e-01,  3.156059e+02
  2.207506e-01,  3.193982e+02
  2.427303e-01,  3.154288e+02
  2.239690e-01,  3.160094e+02
  2.414362e-01,  3.176296e+02
  2.303650e-01,  3.149040e+02
  2.259332e-01,  3.193876e+02
  2.313002e-01,  3.149196e+02
  2.341124e-01,  3.154338e+02
  2.282007e-01,  3.143244e+02
  2.307261e-01,  3.175363e+02
  2.486029e-01,  3.148290e+02
  2.198258e-01,  3.185741e+02
  2.270642e-01,  3.154814e+02
  2.318071e-01,  3.188444e+02
  2.422711e-01,  3.150749e+02
  2.249005e-01,  3.147324e+02
  2.338949e-01,  3.130554e+02
  2.329974e-01,  3.150801e+02
  2.322191e-01,  3.170435e+02
  2.252803e-01,  3.152783e+02
  2.333429e-01,  3.178703e+02
  2.157523e-01,  3.146535e+02
  2.386180e-01,  3.182974e+02
  2.190634e-01,  3.163175e+02
  2.277069e-01,  3.150390e+02
  2.324597e-01,  3.142325e+02
  2.186739e-01,  3.177022e+02
  2.367742e-01,  3.133284e+02
  2.184392e-01,  3.198246e+02
  2.480265e-01,  3.131347e+02
  2.041010e-01,  3.203880e+02
  2.347261e-01,  3.168527e+02
  2.377275e-01,  3.145206e+02
  2.311377e-01,  3.183294e+02
  2.240087e-01,  3.140256e+02
  2.461084e-01,  3.183808e+02
  2.411019e-01,  3.132654e+02
  2.277064e-01,  3.151351e+02
  2.275163e-01,  3.171704e+02
  2.292173e-01,  3.177050e+02
  2.290655e-01,  3.154295e+02
  2.278803e-01,  3.148844e+02
  2.266122e-01,  3.183541e+02
  2.620273e-01,  3.140371e+02
  2.207260e-01,  3.175377e+02
  2.277533e-01,  3.174720e+02
  2.424659e-01,  3.166894e+02
  2.294628e-01,  3.170395e+02
  2.292104e-01,  3.144984e+02
  2.154423e-01,  3.169215e+02
  2.532390e-01,  3.153764e+02
  2.116160e-01,  3.182824e+02
  2.375205e-01,  3.148215e+02
  2.337609e-01,  3.206248e+02
  2.239489e-01,  3.157785e+02
  2.214880e-01,  3.170168e+02
  2.493066e-01,  3.146799e+02
  2.004057e-01,  3.188018e+02
  2.403523e-01,  3.155024e+02
  2.170109e-01,  3.178615e+02
  2.462529e-01,  3.144720e+02
  2.199919e-01,  3.192292e+02
  2.437448e-01,  3.148622e+02
  2.192378e-01,  3.176379e+02
  2.363113e-01,  3.132523e+02
  2.324219e-01,  3.145672e+02
  2.251750e-01,  3.187721e+02
  2.275797e-01,  3.164739e+02
  2.303543e-01,  3.120328e+02
  2.304962e-01,  3.190859e+02
  2.275261e-01,  3.159130e+02
  2.417856e-01,  3.163428e+02
  2.176534e-01,  3.150439e+02
  2.447862e-01,  3.188570e+02
  1.954035e-01,  3.162294e+02
  2.547508e-01,  3.136346e+02
  1.991301e-01,  3.204669e+02
  1.927885e-01,  7.029599e+01
  9.298042e+00,  3.545680e+02
  2.993621e+01,  9.544345e+00
  3.494793e+01,  3.522240e+02
  3.037229e+01,  3.299911e+02
  1.357418e+01,  2.991747e+02
  1.905407e+01,  2.015449e+02
  3.258941e+01,  1.729682e+02
  3.982912e+01,  1.675509e+02
  3.398311e+01,  1.612423e+02
  2.543186e+01,  1.257567e+02
  2.867567e+01,  8.191146e+01
  2.883536e+01,  5.820028e+01
  1.755141e+01,  3.872606e+01
  6.414582e+00,  3.060846e+02
  1.542308e+01,  2.638328e+02
  1.762951e+01,  2.696295e+02
  1.707549e+01,  2.840129e+02
  1.712988e+01,  2.797568e+02
  1.994108e+01,  2.483878e+02
  2.178786e+01,  2.135724e+02
  2.290141e+01,  1.559740e+02
  3.311443e+01,  1.210919e+02
  2.854095e+01,  1.063861e+02
  6.379227e+00,  3.857772e+01
  2.698140e+01,  2.980864e+02
  3.511116e+01,  2.857507e+02
  3.049076e+01,  2.513458e+02
  3.471656e+01,  2.064469e+02
  3.106605e+01,  1.830715e+02
  1.821735e+01,  1.638907e+02
  1.990990e+01,  1.220842e+02
  3.426538e+01,  1.143811e+02
  3.564578e+01,  1.060043e+02
  2.320735e+01,  8.620693e+01
  9.895424e+00,  3.010623e+01
  1.207706e+01,  3.380570e+02
  7.297826e+00,  2.736007e+02
  2.108607e+01,  2.066366e+02
  3.087047e+01,  2.215820e+02
  2.861220e+01,  2.690822e+02
  1.582090e+01,  3.298956e+02
  1.017636e+01,  7.062966e+01
  5.584864e+00,  1.772674e+02
  8.213646e+00,  2.679745e+02
  1.234160e+01,  1.705376e+01
  2.516370e+01,  5.991922e+01
  1.628731e+01,  7.179169e+01
  1.059145e+01,  2.968332e+02
  2.519226e+01,  3.034131e+02
  1.635764e+01,  3.289046e+02
  1.127203e+01,  1.319259e+02
  2.793746e+01,  1.720585e+02
  1.854314e+01,  2.133600e+02
  2.094908e+01,  3.400011e+02
  3.610241e+01,  2.786448e+01
  3.005495e+01,  5.288197e+01
  1.014636e+01,  2.108567e+01
  1.355685e+01,  2.509086e+02
  2.814427e+01,  2.311189e+02
  2.791168e+01,  2.351313e+02
  1.622657e+01,  2.173952e+02
  1.147434e+01,  1.408442e+02
  1.359687e+01,  1.025500e+02
  8.266375e+00,  6.755700e+01
  1.312812e+01,  2.455207e+01
  2.560841e+01,  2.933933e+01
  3.352128e+01,  2.456908e+01
  3.677854e+01,  7.216208e+00
  4.094800e+01,  3.555678e+02
  3.119008e+01,  3.439380e+02
  1.100257e+01,  2.822395e+02
  1.754479e+01,  1.826017e+02
  2.203257e+01,  1.282545e+02
  3.712118e+01,  7.448152e+01
  4.958238e+01,  5.040307e+01
  3.985262e+01,  2.791622e+01
  3.524337e+01,  3.482555e+02
  4.199671e+01,  3.277224e+02
  3.388999e+01,  3.268333e+02
  1.280257e+01,  3.359579e+02
  2.682964e+00,  9.324914e+01
  2.488582e+00,  6.728348e+01
  2.794785e+00,  5.153962e+01
  1.337997e+01,  1.318896e+02
  3.029890e+01,  1.463829e+02
  2.817599e+01,  1.448315e+02
  1.818719e+01,  7.759146e+01
  3.624589e+01,  3.009773e+01
  3.565618e+01,  2.624847e+01
  1.568106e+01,  3.499333e+01
  7.193901e+00,  2.375071e+02
  1.765509e+01,  2.286863e+02
  1.805580e+01,  2.018741e+02
  1.880514e+01,  1.835109e+02
  1.358107e+01,  1.862412e+02
  3.989633e+00,  2.294018e+02
  5.249273e+00,  3.486967e+02
  8.237377e+00,  2.335154e+01
  9.638685e+00,  2.079009e+01
  1.288217e+01,  3.447307e+02
  1.654766e+01,  3.196861e+02
  1.219696e+01,  2.794425e+02
  1.327601e+01,  1.956975e+02
  2.785444e+01,  1.587884e+02
  3.866616e+01,  1.238307e+02
  4.839575e+01,  8.568630e+01
  3.866729e+01,  6.846064e+01
  6.945310e+00,  9.475379e+01
  1.806953e+01,  3.101010e+02
  4.198896e+01,  4.136617e+00
  4.926248e+01,  1.976103e+01
  5.387539e+01,  3.311448e+02
  6.407674e+01,  3.050856e+02
  2.322846e+01,  2.921441e+02
  1.290393e+01,  1.808025e+02
  3.432383e+01,  1.702876e+02
  1.331142e+01,  1.512920e+02
  2.999025e+01,  1.793547e+01
  5.961060e+01,  2.371554e+01
  3.901584e+01,  2.593659e+00
  4.473317e+01,  3.205971e+02
  2.692839e+01,  2.864584e+02
  1.900368e+01,  3.147034e+02
  1.027839e+01,  3.510989e+02
  5.544014e+00,  1.177292e+02
  2.316908e+01,  1.591303e+02
  3.041171e+01,  1.630819e+02
  2.032104e+01,  1.484702e+02
  2.202583e+01,  5.109784e+01
  3.602653e+01,  2.300194e+01
  2.660773e+01,  2.536363e+00
  1.332461e+01,  2.947818e+02
  2.349562e+01,  2.615683e+02
  2.031235e+01,  2.611017e+02
  6.421403e+00,  2.238322e+02
  1.132899e+01,  1.580940e+02
  1.416526e+01,  1.898004e+02
  1.153337e+01,  2.397660e+02
  1.025924e+01,  3.470332e+02
  2.781601e+01,  4.057482e+01
  3.361760e+01,  5.794420e+01
  1.281651e+01,  4.881868e+01
  2.302674e+01,  2.771091e+02
  3.333656e+01,  2.812514e+02
  9.199560e+00,  2.872768e+02
  2.619377e+01,  1.223776e+02
  3.438287e+01,  1.403564e+02
  1.687819e+01,  1.814861e+02
  1.337647e+01,  2.930835e+02
  1.861445e+01,  3.247113e+02
  8.504913e+00,  3.248250e+02
  2.292114e+00,  2.589946e+02
  5.780676e+00,  3.137180e+02
  1.390533e+01,  3.370489e+02
  1.737816e+01,  3.263452e+02
  2.049972e+01,  2.953817e+02
  2.523602e+01,  2.641164e+02
  2.586576e+01,  2.317965e+02
  1.251949e+01,  1.609942e+02
  2.966838e+01,  9.531263e+01
  3.471238e+01,  9.208681e+01
  2.508360e+01,  5.759801e+01
  2.395223e+01,  3.537905e+02
  2.168717e+01,  3.056553e+02
  2.298248e+01,  2.559733e+02
  3.119566e+01,  2.122118e+02
  3.183077e+01,  1.808514e+02
  1.701787e+01,  1.624222e+02
  3.522336e+00,  7.431438e+01
  5.114519e+00,  1.373168e+01
  5.800976e+00,  2.713295e+02
  1.440420e+01,  2.644842e+02
  1.685286e+01,  3.130305e+02
  2.819705e+01,  1.596833e+00
  3.587380e+01,  3.570670e+02
  4.592627e+01,  3.176392e+02
  5.771708e+01,  2.890096e+02
  3.991459e+01,  2.698168e+02
  2.188943e+01,  2.523875e+02
  1.336427e+01,  1.455637e+02
  1.313183e+01,  8.071376e+01
  3.474047e+01,  2.324771e+01
  4.557445e+01,  2.928496e+01
  3.546489e+01,  2.825154e+01
  2.017775e+01,  3.366208e+02
  2.202312e+01,  2.770829e+02
  2.513300e+01,  2.630112e+02
  1.887273e+01,  2.855663e+02
  1.666379e+00,  2.246293e+02
  1.862882e+01,  1.299458e+02
  2.326495e+01,  1.349926e+02
  1.365564e+01,  8.874681e+01
  2.820880e+01,  3.502954e+01
  3.257395e+01,  1.710548e+01
  1.868866e+01,  2.898839e+02
  4.575463e+01,  2.565297e+02
  1.559706e+01,  1.704468e+02
  2.185553e+01,  4.255437e+01
  1.499074e+01,  2.335614e+02
  6.450531e+00,  5.521303e+01
  2.629763e+00,  2.454564e+02
  9.076326e-01,  3.862647e+01
  5.841077e-01,  2.336633e+02
  6.063334e-01,  3.573687e+02
  4.616462e-01,  2.303299e+02
  5.584161e-01,  3.577973e+02
  4.162584e-01,  2.379587e+02
  4.743360e-01,  3.581430e+02
  3.731446e-01,  2.481239e+02
  3.902582e-01,  3.555699e+02
  3.146785e-01,  2.627458e+02
  3.042170e-01,  3.530546e+02
  2.935587e-01,  2.778732e+02
  2.339677e-01,  3.499694e+02
  2.858978e-01,  2.890120e+02
  2.036579e-01,  3.428247e+02
  2.903182e-01,  3.055089e+02
  1.603033e-01,  3.212621e+02
  2.973862e-01,  3.169773e+02
  1.616291e-01,  3.028424e+02
  2.875130e-01,  3.239769e+02
  1.659655e-01,  2.953155e+02
  3.085676e-01,  3.296718e+02
  1.938311e-01,  2.858232e+02
  3.065111e-01,  3.335064e+02
  1.906922e-01,  2.849341e+02
  3.174059e-01,  3.315394e+02
  1.921183e-01,  2.847698e+02
  3.018584e-01,  3.325367e+02
  2.120666e-01,  2.896445e+02
  2.664971e-01,  3.355408e+02
  2.249750e-01,  2.926280e+02
  2.468720e-01,  3.348124e+02
  2.490680e-01,  2.987279e+02
  2.338070e-01,  3.313649e+02
  2.394315e-01,  3.029838e+02
  1.995726e-01,  3.285234e+02
  2.657898e-01,  3.084254e+02
  1.859289e-01,  3.236061e+02
  2.778383e-01,  3.128142e+02
  1.876136e-01,  3.171179e+02
  2.694520e-01,  3.189619e+02
  1.827533e-01,  3.109523e+02
  2.722323e-01,  3.233667e+02
  2.113581e-01,  3.010388e+02
  2.679727e-01,  3.266052e+02
  2.078431e-01,  3.041771e+02
  2.493684e-01,  3.288043e+02
  2.190696e-01,  3.007919e+02
  2.452073e-01,  3.266639e+02
  2.145957e-01,  3.047150e+02
  2.394046e-01,  3.307047e+02
  2.202540e-01,  3.009568e+02
  2.415752e-01,  3.273327e+02
  2.378284e-01,  3.041851e+02
  2.308290e-01,  3.248453e+02
  2.260398e-01,  3.100000e+02
  2.121149e-01,  3.208177e+02
  2.410939e-01,  3.144224e+02
  2.054101e-01,  3.172395e+02
  2.518349e-01,  3.125358e+02
  2.044157e-01,  3.213901e+02
  2.487462e-01,  3.187286e+02
  2.139147e-01,  3.120262e+02
  2.479517e-01,  3.240269e+02
  2.180557e-01,  3.093897e+02
  2.380453e-01,  3.247269e+02
  2.205505e-01,  3.089422e+02
  2.460188e-01,  3.217940e+02
  2.208207e-01,  3.095607e+02
  2.487003e-01,  3.242199e+02
  2.176961e-01,  3.075855e+02
  2.429108e-01,  3.228417e+02
  2.235102e-01,  3.090147e+02
  2.282246e-01,  3.223561e+02
  2.311860e-01,  3.089512e+02
  2.351400e-01,  3.193036e+02
  2.207381e-01,  3.148447e+02
  2.344595e-01,  3.173408e+02
  2.407867e-01,  3.159128e+02
  2.166966e-01,  3.146142e+02
  2.267165e-01,  3.148281e+02
  2.234548e-01,  3.191460e+02
  2.414693e-01,  3.171952e+02
  2.088305e-01,  3.178076e+02
  2.430531e-01,  3.180224e+02
  2.123079e-01,  3.130333e+02
  2.343492e-01,  3.217228e+02
  2.211572e-01,  3.141171e+02
  2.403159e-01,  3.178616e+02
  2.055620e-01,  3.113128e+02
  2.449270e-01,  3.196511e+02
  2.303494e-01,  3.115009e+02
  2.445908e-01,  3.184212e+02
  2.173896e-01,  3.126984e+02
  2.240490e-01,  3.151277e+02
  2.338881e-01,  3.129514e+02
  2.208304e-01,  3.203306e+02
  2.298713e-01,  3.126857e+02
  2.216121e-01,  3.203391e+02
  2.204895e-01,  3.128092e+02
  2.284059e-01,  3.182010e+02
  2.359946e-01,  3.103886e+02
  2.277741e-01,  3.188159e+02
  2.224965e-01,  3.160687e+02
  2.226057e-01,  3.173968e+02
  2.558114e-01,  3.183152e+02
  1.994863e-01,  3.138010e+02
  2.360288e-01,  3.190505e+02
  2.194320e-01,  3.138762e+02
  2.301066e-01,  3.188687e+02
  2.231290e-01,  3.128891e+02
  2.336261e-01,  3.215906e+02
  2.233312e-01,  3.117304e+02
  2.292293e-01,  3.193405e+02
  2.262361e-01,  3.155757e+02
  2.242800e-01,  3.197326e+02
  2.418392e-01,  3.131520e+02
  2.220609e-01,  3.173878e+02
  2.243367e-01,  3.150297e+02
  2.302047e-01,  3.163776e+02
  2.273006e-01,  3.126869e+02
  2.333636e-01,  3.164750e+02
  2.254238e-01,  3.179777e+02
  2.349668e-01,  3.161105e+02
  2.264162e-01,  3.156157e+02
  2.180602e-01,  3.166427e+02
  2.397073e-01,  3.146574e+02
  2.228309e-01,  3.124353e+02
  2.412024e-01,  3.177254e+02
  2.160829e-01,  3.154744e+02
  2.378397e-01,  3.174718e+02
  2.188851e-01,  3.162889e+02
  2.291250e-01,  3.173305e+02
  2.372846e-01,  3.121257e+02
  2.180735e-01,  3.202872e+02
  2.277869e-01,  3.163272e+02
  2.427722e-01,  3.139369e+02
  2.303437e-01,  3.171804e+02
  2.314161e-01,  3.149115e+02
  2.255807e-01,  3.148405e+02
  2.118318e-01,  3.206338e+02
  2.281430e-01,  3.140101e+02
  2.275797e-01,  3.149660e+02
  2.244011e-01,  3.168500e+02
  2.262355e-01,  3.195483e+02
  2.298145e-01,  3.127625e+02
  2.305174e-01,  3.165461e+02
  2.345121e-01,  3.152835e+02
  2.230180e-01,  3.145269e+02
  2.286547e-01,  3.171291e+02
  2.279141e-01,  3.157172e+02
  2.405593e-01,  3.184171e+02
  2.201891e-01,  3.143029e+02
  2.308128e-01,  3.157630e+02
  2.244683e-01,  3.174459e+02
  2.232249e-01,  3.173485e+02
  2.307916e-01,  3.180105e+02
  2.153301e-01,  3.160821e+02
  2.304385e-01,  3.165713e+02
  2.242566e-01,  3.162291e+02
  2.131008e-01,  3.152954e+02
  2.345654e-01,  3.196355e+02
  2.284218e-01,  3.122849e+02
  2.263652e-01,  3.191599e+02
  2.360217e-01,  3.123476e+02
  2.146696e-01,  3.193040e+02
  2.385290e-01,  3.154371e+02
  2.338717e-01,  3.158002e+02
  2.306203e-01,  3.142041e+02
  2.271092e-01,  3.150737e+02
  2.239374e-01,  3.189613e+02
  2.315650e-01,  3.160398e+02
  2.193450e-01,  3.187695e+02
  2.233427e-01,  3.138295e+02
  2.217496e-01,  3.197504e+02
  2.333325e-01,  3.150432e+02
  2.240833e-01,  3.174911e+02
  2.271717e-01,  3.144790e+02
  2.347995e-01,  3.173323e+02
  2.170785e-01,  3.184680e+02
  2.319552e-01,  3.181419e+02
  2.201303e-01,  3.151588e+02
  2.269065e-01,  3.148061e+02
  2.218986e-01,  3.164971e+02
  2.297711e-01,  3.159715e+02
  2.398754e-01,  3.146949e+02
  2.206069e-01,  3.159836e+02
  2.239052e-01,  3.140616e+02
  2.259121e-01,  3.181838e+02
  2.325204e-01,  3.175872e+02
  2.277832e-01,  3.126181e+02
  2.289407e-01,  3.155026e+02
  2.237811e-01,  3.152378e+02
  2.374094e-01,  3.182919e+02
  2.141519e-01,  3.150089e+02
  2.336075e-01,  3.180442e+02
  2.370741e-01,  3.139005e+02
  2.177175e-01,  3.153571e+02
  2.371868e-01,  3.191355e+02
  2.118703e-01,  3.162581e+02
  2.297639e-01,  3.171098e+02
  2.252030e-01,  3.181839e+02
  2.293440e-01,  3.208132e+02
  2.133564e-01,  3.147508e+02
  2.189934e-01,  3.185876e+02
  2.272597e-01,  3.145772e+02
  2.276548e-01,  3.141037e+02
  2.427354e-01,  3.211604e+02
  2.258807e-01,  3.104659e+02
  2.325170e-01,  3.173237e+02
  2.223650e-01,  3.167094e+02
  2.242401e-01,  3.135599e+02
  2.184928e-01,  3.193594e+02
  2.165301e-01,  3.198109e+02
  2.337382e-01,  3.154840e+02
  2.345032e-01,  3.147354e+02
  2.223861e-01,  3.164550e+02
  2.354639e-01,  3.179027e+02
  2.279973e-01,  3.157366e+02
  2.213367e-01,  3.144461e+02
  2.270872e-01,  3.156950e+02
  2.325526e-01,  3.144517e+02
  2.269468e-01,  3.169879e+02
  2.279875e-01,  3.132399e+02
  2.281503e-01,  3.148263e+02
  2.169838e-01,  3.212204e+02
  2.332126e-01,  3.190072e+02
  2.228767e-01,  3.131745e+02
  2.201372e-01,  3.197855e+02
  2.346721e-01,  3.129305e+02
  2.363068e-01,  3.153460e+02
  2.308581e-01,  3.182472e+02
  2.253421e-01,  3.167347e+02
  2.359196e-01,  3.154475e+02
  2.279715e-01,  3.164235e+02
  2.212316e-01,  3.193737e+02
  2.343737e-01,  3.161528e+02
  2.239604e-01,  3.173215e+02
  2.348089e-01,  3.133483e+02
  2.306349e-01,  3.178360e+02
  2.159811e-01,  3.176189e+02
  2.299002e-01,  3.161967e+02
  2.247390e-01,  3.159373e+02
  2.144327e-01,  3.183181e+02
  2.492182e-01,  3.142081e+02
  2.270785e-01,  3.159806e+02
  2.324247e-01,  3.153060e+02
  2.285007e-01,  3.182983e+02
  2.084324e-01,  3.162840e+02
  2.294471e-01,  3.160567e+02
  2.316525e-01,  3.192495e+02
  2.348551e-01,  3.162223e+02
  2.236964e-01,  3.179995e+02
  2.453436e-01,  3.133009e+02
  2.156353e-01,  3.177098e+02
  2.353091e-01,  3.142375e+02
  2.265718e-01,  3.188070e+02
  2.131614e-01,  3.173671e+02
  2.360087e-01,  3.170737e+02
  2.125314e-01,  3.177582e+02
  2.265941e-01,  3.133679e+02
  2.384938e-01,  3.151041e+02
  2.244345e-01,  3.165486e+02
  2.313168e-01,  3.167340e+02
  2.257867e-01,  3.136640e+02
  2.288456e-01,  3.174301e+02
  2.276657e-01,  3.169841e+02
  2.264393e-01,  3.177159e+02
  2.303531e-01,  3.132777e+02
  2.250895e-01,  3.189081e+02
  2.281075e-01,  3.164776e+02
  2.200328e-01,  3.130743e+02
  2.328819e-01,  3.196111e+02
  2.205246e-01,  3.141954e+02
  2.294564e-01,  3.155693e+02
  2.336470e-01,  3.135207e+02
  2.347479e-01,  3.163376e+02
  2.221315e-01,  3.149285e+02
  2.301731e-01,  3.164451e+02
  2.342431e-01,  3.184602e+02
  2.300897e-01,  3.154844e+02
  2.341093e-01,  3.169373e+02
  2.329765e-01,  3.161313e+02
  2.285893e-01,  3.157814e+02
  2.148110e-01,  3.171025e+02
  2.245414e-01,  3.203863e+02
  2.202134e-01,  3.156049e+02
  2.199471e-01,  3.165334e+02
  2.304559e-01,  3.172487e+02
  2.215321e-01,  3.179087e+02
  2.254031e-01,  3.168477e+02
  2.200485e-01,  3.150611e+02
  2.349242e-01,  3.169149e+02
  2.381235e-01,  3.167777e+02
  2.083955e-01,  3.170800e+02
  2.373317e-01,  3.187054e+02
  2.389895e-01,  3.147991e+02
  2.148173e-01,  3.164822e+02
  2.253151e-01,  3.150548e+02
  2.321783e-01,  3.197064e+02
  2.218746e-01,  3.140326e+02
  2.391188e-01,  3.130801e+02
  2.235909e-01,  3.189088e+02
  2.447362e-01,  3.147070e+02
  2.216535e-01,  3.166536e+02
  2.295182e-01,  3.108372e+02
  2.235454e-01,  3.221586e+02
  2.157009e-01,  3.165391e+02
  2.326422e-01,  3.169060e+02
  2.210010e-01,  3.157231e+02
  2.147014e-01,  3.183613e+02
  2.340809e-01,  3.146546e+02
  2.235894e-01,  3.155712e+02
  2.162699e-01,  3.183374e+02
  2.398885e-01,  3.149327e+02
  2.156870e-01,  3.175040e+02
  2.356628e-01,  3.135060e+02
  2.270539e-01,  3.165266e+02
  2.303454e-01,  3.171211e+02
  2.299761e-01,  3.140174e+02
  2.289700e-01,  3.187593e+02
  2.360682e-01,  3.163682e+02
  2.265144e-01,  3.131099e+02
  2.256630e-01,  3.184320e+02
  2.321360e-01,  3.139453e+02
  2.302923e-01,  3.187895e+02
  2.321969e-01,  3.133882e+02
  2.186567e-01,  3.216010e+02
  3.755058e-01,  2.332669e+02
  3.990903e+00,  2.895542e+02
  3.690138e+00,  3.163743e+02
  6.886172e+00,  8.842081e+01
  1.424924e+01,  1.048273e+02
  1.523216e+01,  1.091879e+02
  1.007954e+01,  1.153562e+02
  4.968866e+00,  1.511628e+02
  6.508543e+00,  1.906024e+02
  9.100444e+00,  1.839545e+02
  1.081512e+01,  1.648143e+02
  1.293475e+01,  1.485224e+02
  1.590873e+01,  1.508905e+02
  1.896595e+01,  1.708139e+02
  2.077461e+01,  1.991815e+02
  2.149051e+01,  2.286871e+02
  2.017700e+01,  2.490889e+02
  1.199743e+01,  2.519736e+02
  3.843979e+00,  1.380912e+02
  1.459934e+01,  1.048854e+02
  1.654634e+01,  9.792438e+01
  1.015351e+01,  7.064695e+01
  6.864819e+00,  1.576962e+00
  6.590538e+00,  3.129906e+02
  5.065828e+00,  2.271878e+02
  1.290120e+01,  1.761701e+02
  1.715680e+01,  1.602733e+02
  1.171999e+01,  1.452840e+02
  6.127862e-01,  1.286893e+02
  9.320081e+00,  2.967257e+02
  1.463606e+01,  2.867771e+02
  1.085636e+01,  2.735430e+02
  2.837164e+00,  1.738552e+02
  1.121558e+01,  1.154918e+02
  1.230780e+01,  1.084397e+02
  3.323838e+00,  7.512624e+01
  8.988607e+00,  3.056582e+02
  1.415832e+01,  2.925945e+02
  1.122693e+01,  2.668755e+02
  8.886017e+00,  2.152497e+02
  9.293344e+00,  1.973641e+02
  6.057959e+00,  2.349010e+02
  9.887153e+00,  3.078420e+02
  1.458840e+01,  3.301201e+02
  1.146929e+01,  3.317587e+02
  6.299133e+00,  2.943320e+02
  7.341826e+00,  2.691401e+02
  9.347516e+00,  3.000583e+02
  1.401516e+01,  3.414286e+02
  1.736092e+01,  1.146523e+01
  1.499880e+01,  3.861475e+01
  9.746261e+00,  6.816008e+01
  4.516560e+00,  8.760026e+01
  1.973141e+00,  3.439685e+02
  8.241921e+00,  3.181100e+02
  1.155217e+01,  3.049394e+02
  1.043975e+01,  2.704512e+02
  9.651910e+00,  2.269223e+02
  6.689517e+00,  1.707532e+02
  1.192434e+01,  1.058523e+02
  1.826919e+01,  9.087145e+01
  1.537884e+01,  8.227153e+01
  5.100672e+00,  7.331554e+01
  4.170512e+00,  2.214803e+02
  1.148126e+01,  2.041157e+02
  1.942074e+01,  1.935758e+02
  2.452082e+01,  1.979442e+02
  2.564184e+01,  2.234165e+02
  2.713360e+01,  2.589555e+02
  2.351521e+01,  2.867081e+02
  8.085192e+00,  3.276983e+02
  1.702938e+01,  1.022721e+02
  3.050378e+01,  1.221461e+02
  3.064051e+01,  1.296750e+02
  2.630171e+01,  1.253656e+02
  2.517509e+01,  1.233067e+02
  2.517505e+01,  1.382302e+02
  2.307280e+01,  1.678216e+02
  1.664225e+01,  2.016960e+02
  5.039478e+00,  2.343455e+02
  5.109764e+00,  6.571931e+01
  8.354222e+00,  1.063838e+02
  8.699764e+00,  1.658401e+02
  1.149810e+01,  2.163411e+02
  1.035776e+01,  2.333368e+02
  4.836018e+00,  1.971825e+02
  8.112590e+00,  1.327149e+02
  1.000326e+01,  1.202254e+02
  7.878312e+00,  9.654261e+01
  9.739428e+00,  8.177133e+01
  1.461315e+01,  1.086603e+02
  1.901767e+01,  1.487115e+02
  2.183763e+01,  1.916919e+02
  2.118388e+01,  2.257241e+02
  1.335233e+01,  2.480343e+02
  4.141103e+00,  2.915487e+02
  3.973910e+00,  1.011263e+01
  2.112738e+00,  5.663762e+00
  3.211266e+00,  2.600975e+02
  6.124760e+00,  2.560666e+02
  4.736619e+00,  2.790472e+02
  5.832303e+00,  3.510130e+02
  1.122107e+01,  1.209656e+01
  1.328824e+01,  2.113919e+01
  1.076034e+01,  3.392384e+01
  6.937518e+00,  6.329770e+01
  7.650824e+00,  1.073130e+02
  1.179438e+01,  1.200734e+02
  1.235588e+01,  1.147965e+02
  6.972928e+00,  8.051776e+01
  7.804025e+00,  3.522784e+02
  1.387449e+01,  3.317972e+02
  1.373140e+01,  3.412705e+02
  8.957088e+00,  3.009409e+01
  1.302363e+01,  9.926949e+01
  1.792595e+01,  1.244508e+02
  1.475780e+01,  1.211957e+02
  1.051541e+01,  6.692166e+01
  1.530729e+01,  2.541885e+01
  1.300714e+01,  1.061883e+01
  2.788870e+00,  3.121522e+02
  8.844472e+00,  2.175758e+02
  8.406096e+00,  2.188429e+02
  1.235676e+00,  1.439960e+01
  1.154121e+01,  3.937296e+01
  1.393488e+01,  4.313159e+01
  7.167367e+00,  3.350122e+01
  1.163436e+00,  3.135224e+02
  3.576506e-01,  1.071557e+02
  6.671654e+00,  5.408553e+01
  1.479347e+01,  4.946425e+01
  1.679375e+01,  4.377092e+01
  1.157567e+01,  2.545887e+01
  7.544451e+00,  3.394042e+02
  5.475901e+00,  3.200360e+02
  3.497384e+00,  8.525478e+01
  1.486518e+01,  1.154698e+02
  2.037139e+01,  1.232111e+02
  1.519310e+01,  1.181153e+02
  6.252657e+00,  7.328645e+01
  1.122073e+01,  3.554636e+02
  2.208262e+01,  6.924322e+00
  2.996204e+01,  3.841282e+01
  3.030114e+01,  7.488226e+01
  2.146510e+01,  1.163899e+02
  1.258730e+01,  1.849255e+02
  1.521838e+01,  2.555937e+02
  1.389922e+01,  2.956849e+02
  5.628457e+00,  3.466353e+00
  9.235441e+00,  1.198198e+02
  1.234499e+01,  1.710868e+02
  1.051922e+01,  2.376386e+02
  1.386975e+01,  3.177205e+02
  1.880494e+01,  1.159087e+01
  2.138980e+01,  5.176261e+01
  1.989093e+01,  7.109973e+01
  1.455752e+01,  6.042050e+01
  1.198378e+01,  2.464179e+01
  1.374310e+01,  6.967217e+00
  1.435264e+01,  1.668171e+01
  1.235359e+01,  4.352777e+01
  1.032954e+01,  8.284150e+01
  1.043112e+01,  1.151164e+02
  1.005570e+01,  1.210298e+02
  9.390612e+00,  1.003896e+02
  9.662739e+00,  7.165697e+01
  9.144331e+00,  4.652374e+01
  7.779180e+00,  1.426347e+01
  8.086512e+00,  3.460121e+02
  7.799303e+00,  3.420017e+02
  5.159576e+00,  3.347619e+00
  3.005482e+00,  6.026656e+01
  2.609395e+00,  1.341715e+02
  2.914153e+00,  2.141635e+02
  5.017509e+00,  2.837398e+02
  1.009914e+01,  3.303806e+02
  1.697506e+01,  3.594199e+02
  2.123860e+01,  1.709199e+01
  1.979304e+01,  2.979832e+01
  1.336927e+01,  4.571956e+01
  6.440396e+00,  8.097735e+01
  5.156746e+00,  1.321802e+02
  4.847256e+00,  1.204352e+02
  7.718345e+00,  7.649123e+01
  1.131550e+01,  5.066105e+01
  1.287714e+01,  1.540721e+01
  1.837565e+01,  3.435934e+02
  2.005434e+01,  3.449048e+02
  1.435996e+01,  2.165730e+01
  1.900096e+01,  9.004413e+01
  2.645561e+01,  1.132388e+02
  2.312954e+01,  1.118019e+02
  1.286964e+01,  7.843002e+01
  1.241773e+01,  1.558763e+01
  1.518116e+01,  2.538627e+00
  1.044201e+01,  3.764192e+01
  1.452998e+01,  1.198431e+02
  2.243048e+01,  1.552415e+02
  3.846559e+00,  2.495091e+02
  2.795547e+00,  2.142964e+01
  1.891721e+00,  2.032712e+02
  1.085475e+00,  3.594160e+02
  3.313695e-01,  2.439776e+02
  1.881789e-01,  3.460128e+02
  3.372745e-01,  3.061035e+02
  1.115985e-01,  3.440554e+02
  3.154816e-01,  3.058881e+02
  1.532417e-01,  3.432829e+02
  2.914884e-01,  3.033648e+02
  1.792483e-01,  3.306029e+02
  2.721963e-01,  3.069198e+02
  1.871910e-01,  3.307540e+02
  2.495711e-01,  3.093011e+02
  2.168907e-01,  3.225816e+02
  2.375576e-01,  3.104753e+02
  2.337899e-01,  3.189097e+02
  2.147319e-01,  3.118758e+02
  2.537726e-01,  3.201908e+02
  1.900457e-01,  3.160735e+02
  2.499249e-01,  3.144014e+02
  1.824447e-01,  3.167371e+02
  2.640207e-01,  3.152554e+02
  1.922389e-01,  3.229593e+02
  2.547269e-01,  3.127648e+02
  1.898187e-01,  3.177098e+02
  2.652805e-01,  3.158136e+02
  1.962519e-01,  3.172866e+02
  2.528642e-01,  3.133748e+02
  2.010637e-01,  3.172591e+02
  2.472312e-01,  3.137750e+02
  2.018670e-01,  3.174464e+02
  2.412753e-01,  3.132041e+02
  2.127657e-01,  3.186854e+02
  2.421409e-01,  3.131731e+02
  2.167616e-01,  3.197384e+02
  2.305110e-01,  3.117440e+02
  2.338008e-01,  3.200722e+02
  2.209284e-01,  3.119654e+02
  2.306811e-01,  3.196178e+02
  2.220405e-01,  3.164791e+02
  2.413540e-01,  3.156488e+02
  2.027401e-01,  3.174150e+02
  2.259486e-01,  3.175252e+02
  2.249836e-01,  3.152185e+02
  2.284982e-01,  3.183869e+02
  2.171938e-01,  3.188330e+02
  2.459534e-01,  3.150465e+02
  1.906332e-01,  3.165027e+02
  2.647648e-01,  3.157580e+02
  2.029261e-01,  3.199825e+02
  2.348019e-01,  3.155979e+02
  2.207720e-01,  3.163793e+02
  2.401640e-01,  3.123855e+02
  2.272668e-01,  3.170829e+02
  2.274667e-01,  3.139481e+02
  2.081189e-01,  3.201874e+02
  2.312703e-01,  3.116467e+02
  2.124130e-01,  3.191866e+02
  2.345916e-01,  3.180416e+02
  2.248056e-01,  3.156375e+02
  2.193234e-01,  3.169952e+02
  2.417791e-01,  3.163649e+02
  2.132539e-01,  3.132436e+02
  2.310100e-01,  3.201956e+02
  2.206469e-01,  3.146815e+02
  2.319961e-01,  3.212478e+02
  2.104336e-01,  3.141686e+02
  2.413407e-01,  3.138629e+02
  2.005959e-01,  3.217172e+02
  2.391857e-01,  3.137820e+02
  2.186007e-01,  3.175542e+02
  2.421507e-01,  3.136038e+02
  2.124006e-01,  3.184337e+02
  2.331738e-01,  3.155135e+02
  2.121685e-01,  3.168548e+02
  2.348912e-01,  3.153766e+02
  2.280684e-01,  3.167033e+02
  2.256802e-01,  3.126328e+02
  2.333243e-01,  3.201690e+02
  2.144881e-01,  3.163058e+02
  2.317144e-01,  3.177008e+02
  2.296948e-01,  3.124963e+02
  2.218566e-01,  3.194460e+02
  2.189749e-01,  3.147428e+02
  2.375182e-01,  3.153468e+02
  2.082575e-01,  3.219985e+02
  2.305337e-01,  3.156881e+02
  2.230447e-01,  3.157989e+02
  2.479012e-01,  3.158687e+02
  2.178480e-01,  3.150619e+02
  2.384697e-01,  3.132919e+02
  2.218710e-01,  3.207875e+02
  2.295901e-01,  3.164392e+02
  2.277711e-01,  3.173707e+02
  2.116197e-01,  3.166535e+02
  2.264545e-01,  3.163793e+02
  2.317220e-01,  3.143407e+02
  2.266435e-01,  3.190299e+02
  2.189120e-01,  3.147105e+02
  2.185097e-01,  3.165317e+02
  2.304727e-01,  3.151504e+02
  2.297302e-01,  3.170453e+02
  2.179150e-01,  3.165180e+02
  2.280431e-01,  3.164173e+02
  2.242587e-01,  3.157576e+02
  2.229688e-01,  3.150467e+02
  2.325876e-01,  3.149980e+02
  2.249298e-01,  3.182757e+02
  2.124800e-01,  3.157151e+02
  2.274301e-01,  3.164970e+02
  2.237036e-01,  3.153168e+02
  2.392555e-01,  3.136435e+02
  2.137075e-01,  3.202688e+02
  2.312683e-01,  3.126883e+02
  2.191508e-01,  3.172913e+02
  2.251226e-01,  3.162731e+02
  2.183796e-01,  3.207078e+02
  2.175584e-01,  3.132881e+02
  2.432593e-01,  3.141715e+02
  2.228019e-01,  3.202881e+02
  2.244043e-01,  3.182420e+02
  2.378182e-01,  3.131882e+02
  2.201127e-01,  3.206981e+02
  2.155903e-01,  3.148368e+02
  2.443772e-01,  3.137060e+02
  2.105252e-01,  3.195285e+02
  2.162584e-01,  3.149488e+02
  2.382511e-01,  3.173395e+02
  2.268672e-01,  3.141055e+02
  2.286197e-01,  3.175051e+02
  2.207033e-01,  3.152685e+02
  2.201484e-01,  3.182474e+02
  2.291261e-01,  3.155978e+02
  2.219761e-01,  3.140583e+02
  2.287990e-01,  3.185016e+02
  2.163077e-01,  3.216390e+02
  2.140748e-01,  3.130536e+02
  2.465688e-01,  3.150025e+02
  2.283222e-01,  3.162099e+02
  2.094080e-01,  3.158061e+02
  2.309323e-01,  3.177419e+02
  2.309023e-01,  3.111303e+02
  2.300663e-01,  3.202291e+02
  2.219832e-01,  3.176340e+02
  2.243670e-01,  3.161561e+02
  2.243186e-01,  3.180224e+02
  2.319469e-01,  3.124381e+02
  2.202712e-01,  3.165281e+02
  2.298653e-01,  3.166273e+02
  2.228282e-01,  3.193186e+02
  2.145486e-01,  3.169411e+02
  2.353392e-01,  3.146444e+02
  2.134004e-01,  3.156456e+02
  2.221550e-01,  3.185921e+02
  2.180510e-01,  3.179686e+02
  2.275318e-01,  3.122612e+02
  2.298773e-01,  3.193031e+02
  2.246328e-01,  3.187741e+02
  2.291181e-01,  3.133760e+02
  2.382799e-01,  3.156845e+02
  2.029209e-01,  3.192107e+02
  2.243247e-01,  3.150088e+02
  2.313934e-01,  3.157638e+02
  2.224696e-01,  3.174121e+02
  2.438575e-01,  3.134829e+02
  2.181136e-01,  3.176684e+02
  2.341514e-01,  3.170288e+02
  2.163022e-01,  3.177693e+02
  2.202389e-01,  3.184445e+02
  2.272046e-01,  3.148334e+02
  2.378925e-01,  3.169079e+02
  2.157826e-01,  3.155344e+02
  2.283365e-01,  3.165608e+02
  2.333524e-01,  3.165806e+02
  2.176569e-01,  3.140872e+02
  2.388636e-01,  3.174004e+02
  2.061626e-01,  3.208520e+02
  2.332340e-01,  3.150563e+02
  2.278401e-01,  3.155959e+02
  2.126120e-01,  3.188835e+02
  2.189886e-01,  3.184881e+02
  2.363055e-01,  3.157991e+02
  2.194475e-01,  3.177366e+02
  2.274347e-01,  3.152152e+02
  2.334745e-01,  3.170329e+02
  2.036594e-01,  3.196173e+02
  2.290674e-01,  3.152741e+02
  2.189815e-01,  3.189455e+02
  2.321661e-01,  3.158890e+02
  2.182515e-01,  3.152434e+02
  2.271144e-01,  3.163606e+02
  2.341427e-01,  3.170771e+02
  2.234237e-01,  3.167847e+02
  2.292584e-01,  3.175928e+02
  2.237054e-01,  3.164586e+02
  2.273487e-01,  3.188150e+02
  2.182121e-01,  3.140103e+02
  2.321196e-01,  3.184562e+02
  2.250377e-01,  3.150226e+02
  2.299288e-01,  3.149859e+02
  2.236251e-01,  3.177339e+02
  2.173798e-01,  3.185818e+02
  2.374578e-01,  3.165828e+02
  2.219291e-01,  3.115489e+02
  2.342517e-01,  3.189279e+02
  2.139527e-01,  3.152587e+02
  2.226543e-01,  3.160997e+02
  2.396065e-01,  3.149686e+02
  2.252579e-01,  3.172266e+02
  2.397479e-01,  3.147013e+02
  2.215616e-01,  3.185537e+02
  2.162211e-01,  3.160779e+02
  2.186336e-01,  3.170701e+02
  2.318967e-01,  3.138786e+02
  2.277785e-01,  3.166527e+02
  2.368065e-01,  3.176345e+02
  2.183890e-01,  3.148902e+02
  2.177103e-01,  3.200120e+02
  2.278538e-01,  3.171561e+02
  2.369518e-01,  3.142461e+02
  2.266771e-01,  3.169673e+02
  2.132692e-01,  3.214513e+02
  2.160472e-01,  3.151667e+02
  2.320157e-01,  3.129131e+02
  2.341154e-01,  3.149077e+02
  2.104231e-01,  3.209252e+02
  2.374217e-01,  3.162336e+02
  2.240468e-01,  3.161584e+02
  2.226593e-01,  3.134167e+02
  2.279420e-01,  3.191200e+02
  2.251310e-01,  3.122882e+02
  2.192289e-01,  3.172434e+02
  2.278452e-01,  3.163898e+02
  2.229260e-01,  3.157855e+02
  2.374126e-01,  3.141309e+02
  2.226005e-01,  3.169689e+02
  2.268544e-01,  3.194544e+02
  2.170343e-01,  3.129699e+02
  2.278842e-01,  3.203287e+02
  2.247761e-01,  3.123392e+02
  2.216611e-01,  3.211051e+02
  2.380504e-01,  3.126483e+02
  2.137699e-01,  3.161663e+02
  2.404471e-01,  3.164249e+02
  2.080942e-01,  3.166736e+02
  2.317442e-01,  3.139501e+02
  2.324283e-01,  3.152068e+02
  2.339667e-01,  3.169860e+02
  2.237486e-01,  3.156309e+02
  2.341609e-01,  3.201206e+02
  2.140049e-01,  3.149440e+02
  2.140048e-01,  3.196321e+02
  2.314757e-01,  3.134630e+02
  2.348955e-01,  3.148510e+02
  2.297842e-01,  3.167950e+02
  2.136077e-01,  3.157041e+02
  2.290380e-01,  3.190514e+02
  2.233146e-01,  3.183042e+02
  2.345582e-01,  3.117078e+02
  2.193067e-01,  3.180050e+02
  2.288176e-01,  3.184845e+02
  2.117659e-01,  3.173010e+02
  2.287540e-01,  3.160330e+02
  2.203321e-01,  3.177411e+02
  2.271529e-01,  3.168469e+02
  2.260341e-01,  3.146914e+02
  2.242817e-01,  3.151789e+02
  2.220791e-01,  3.170023e+02
  2.332620e-01,  3.169650e+02
  2.336881e-01,  3.151873e+02
  2.155430e-01,  3.196564e+02
  2.424750e-01,  3.122138e+02
  2.237335e-01,  3.215612e+02
  2.073122e-01,  3.168151e+02
  2.334812e-01,  3.181106e+02
  2.167009e-01,  3.185889e+02
  2.232592e-01,  3.148952e+02
  2.335063e-01,  3.206186e+02
  2.096813e-01,  3.117438e+02
  2.336308e-01,  3.180629e+02
  2.151875e-01,  3.144315e+02
  2.295033e-01,  3.163171e+02
  2.138842e-01,  3.182167e+02
  2.288015e-01,  3.148348e+02
  2.340710e-01,  3.163086e+02
  2.117270e-01,  3.182325e+02
  2.193191e-01,  3.202352e+02
  2.260762e-01,  3.130053e+02
  2.334808e-01,  3.156438e+02
  2.281871e-01,  3.172866e+02
  2.157393e-01,  3.169597e+02
  2.245647e-01,  3.158182e+02
  2.354460e-01,  3.129411e+02
  2.266138e-01,  3.186697e+02
  2.229883e-01,  3.140443e+02
  2.123815e-01,  3.176336e+02
  2.250649e-01,  3.196273e+02
  2.146142e-01,  3.127592e+02
  2.234579e-01,  3.180947e+02
  2.372074e-01,  3.147510e+02
  2.204120e-01,  3.172728e+02
  2.233389e-01,  3.171027e+02
  2.475706e-01,  3.128040e+02
  2.243985e-01,  3.171545e+02
  2.216966e-01,  3.170386e+02
  2.297210e-01,  3.154898e+02
  2.308539e-01,  3.172570e+02
  2.266052e-01,  3.152296e+02
  2.321557e-01,  3.136244e+02
  2.310069e-01,  3.163592e+02
  2.229265e-01,  3.179194e+02
  2.193532e-01,  3.160711e+02
  2.277597e-01,  3.181503e+02
  2.290378e-01,  3.159982e+02
  2.140302e-01,  3.144584e+02
  2.442023e-01,  3.168901e+02
  2.326935e-01,  3.162550e+02
  2.217442e-01,  3.148790e+02
  2.319317e-01,  3.194066e+02
  2.311048e-01,  3.160253e+02
  2.353352e-01,  3.138646e+02
  2.176336e-01,  3.195138e+02
  2.311824e-01,  3.124429e+02
  2.331369e-01,  3.192450e+02
  2.132752e-01,  3.121697e+02
  2.404268e-01,  3.154372e+02
  2.201718e-01,  3.185788e+02
  2.232995e-01,  3.155659e+02
  2.259606e-01,  3.171117e+02
  2.151633e-01,  3.172230e+02
  2.313943e-01,  3.158249e+02
  2.344472e-01,  3.135646e+02
  2.365347e-01,  3.167394e+02
  2.344047e-01,  3.128979e+02
  2.190409e-01,  3.210583e+02
  2.141583e-01,  3.151379e+02
  2.361096e-01,  3.184151e+02
  2.280851e-01,  3.181261e+02
  2.117087e-01,  3.176353e+02
  2.318543e-01,  3.144725e+02
  2.322187e-01,  3.175060e+02
  2.059175e-01,  3.172202e+02
  2.297346e-01,  3.144858e+02
  2.303068e-01,  3.195920e+02
  2.231670e-01,  3.118336e+02
  2.348020e-01,  3.193971e+02
  2.254804e-01,  3.125781e+02
  2.272158e-01,  3.176721e+02
  2.235625e-01,  3.175538e+02
  2.343814e-01,  3.149816e+02
  2.250079e-01,  3.189112e+02
  2.287015e-01,  3.130603e+02
  2.328605e-01,  3.186904e+02
  2.132834e-01,  3.155708e+02
  2.420864e-01,  3.160930e+02
  2.105163e-01,  3.157478e+02
  2.352619e-01,  3.183411e+02
  2.205155e-01,  3.182236e+02
  2.282597e-01,  3.161951e+02
  2.382240e-01,  3.175274e+02
  2.104059e-01,  3.145122e+02
  2.370659e-01,  3.167086e+02
  2.262714e-01,  3.137968e+02
  2.344111e-01,  3.174950e+02
  2.208660e-01,  3.140079e+02
  2.394291e-01,  3.160446e+02
  2.237083e-01,  3.128985e+02
  2.266305e-01,  3.157463e+02
  2.271883e-01,  3.180658e+02
  2.351146e-01,  3.108679e+02
  2.189984e-01,  3.200142e+02
  2.280395e-01,  3.137174e+02
  2.324311e-01,  3.181479e+02
  2.119686e-01,  3.191238e+02
  2.278852e-01,  3.153640e+02
  2.270852e-01,  3.169989e+02
  2.265624e-01,  3.177604e+02
  2.158587e-01,  3.179615e+02
  2.342389e-01,  3.155056e+02
  2.159426e-01,  3.192851e+02
  2.432127e-01,  3.140939e+02
  2.176740e-01,  3.166917e+02
  2.164700e-01,  3.180364e+02
  2.424418e-01,  3.180812e+02
  2.127297e-01,  3.171094e+02
  2.238506e-01,  3.176306e+02
  2.191845e-01,  3.175655e+02
  2.348014e-01,  3.170432e+02
  2.195409e-01,  3.161172e+02
  2.275995e-01,  3.125324e+02
  2.224822e-01,  3.212809e+02
  2.166126e-01,  3.148214e+02
  2.380694e-01,  3.178539e+02
  2.045727e-01,  3.166179e+02
  2.214312e-01,  3.184898e+02
  2.200283e-01,  3.157914e+02
  2.227094e-01,  3.129344e+02
  2.259337e-01,  3.193328e+02
  2.240039e-01,  3.151913e+02
  2.366001e-01,  3.178886e+02
  2.210907e-01,  3.160276e+02
  2.184200e-01,  3.169621e+02
  2.311756e-01,  3.152473e+02
  2.256813e-01,  3.200444e+02
  2.249560e-01,  3.120738e+02
  2.274391e-01,  3.159763e+02
  2.278128e-01,  3.189852e+02
  2.267061e-01,  3.178565e+02
  2.180535e-01,  3.168586e+02
  2.260885e-01,  3.154573e+02
  2.154676e-01,  3.207988e+02
  2.264302e-01,  3.128065e+02
  2.338760e-01,  3.170568e+02
  2.239658e-01,  3.180102e+02
  2.167747e-01,  3.166879e+02
  2.333026e-01,  3.150082e+02
  2.164395e-01,  3.197176e+02
  2.274785e-01,  3.170998e+02
  2.232117e-01,  3.152967e+02
  2.274824e-01,  3.175676e+02
  2.285850e-01,  3.142726e+02
  2.168768e-01,  3.175353e+02
  2.334045e-01,  3.189173e+02
  2.108524e-01,  3.141205e+02
  2.351262e-01,  3.157154e+02
  2.087659e-01,  3.172479e+02
  2.350435e-01,  3.119190e+02
  2.283724e-01,  3.175533e+02
  2.125637e-01,  3.179412e+02
  2.322551e-01,  3.172764e+02
  2.187664e-01,  3.152561e+02
  2.334830e-01,  3.176518e+02
  2.139595e-01,  3.174920e+02
  2.241582e-01,  3.145200e+02
  2.267931e-01,  3.183624e+02
  2.224298e-01,  3.147790e+02
  2.270354e-01,  3.182949e+02
  2.217124e-01,  3.153308e+02
  2.416196e-01,  3.160864e+02
  2.202514e-01,  3.174692e+02
  2.155670e-01,  3.171009e+02
  2.264228e-01,  3.149771e+02
  2.153519e-01,  3.148051e+02
  2.429326e-01,  3.167854e+02
  2.275217e-01,  3.140023e+02
  2.148139e-01,  3.168308e+02
  2.291579e-01,  3.179266e+02
  2.201507e-01,  3.170854e+02
  2.335597e-01,  3.149969e+02
  2.277293e-01,  3.171200e+02
  2.287183e-01,  3.140438e+02
  2.310331e-01,  3.153842e+02
  2.157773e-01,  3.167043e+02
  2.283725e-01,  3.161165e+02
  2.214505e-01,  3.163222e+02
  2.204053e-01,  3.158840e+02
  2.343123e-01,  3.153239e+02
  2.252527e-01,  3.180126e+02
  2.133308e-01,  3.166468e+02
  2.327812e-01,  3.160228e+02
  2.154469e-01,  3.190297e+02
  2.299174e-01,  3.148049e+02
  2.375162e-01,  3.179867e+02
  2.041322e-01,  3.201123e+02
  2.098356e-01,  3.176637e+02
  2.277212e-01,  3.143641e+02
  2.314123e-01,  3.183432e+02
  2.173242e-01,  3.168583e+02
  2.355947e-01,  3.135560e+02
  2.116197e-01,  3.180264e+02
  2.281085e-01,  3.173311e+02
  2.284921e-01,  3.173350e+02
  2.175913e-01,  3.170572e+02
  2.274418e-01,  3.159597e+02
  2.200804e-01,  3.139123e+02
  2.272287e-01,  3.159264e+02
  2.284733e-01,  3.182871e+02
  2.259572e-01,  3.173717e+02
  2.186272e-01,  3.167957e+02
  2.476960e-01,  3.142614e+02
  2.141857e-01,  3.184668e+02
  2.279866e-01,  3.164703e+02
  2.358865e-01,  3.148040e+02
  2.117221e-01,  3.163576e+02
  2.255138e-01,  3.146994e+02
  2.182112e-01,  3.185625e+02
  2.272628e-01,  3.150987e+02
  2.209657e-01,  3.128522e+02
  2.297495e-01,  3.188867e+02
  2.187025e-01,  3.166880e+02
  2.246220e-01,  3.170818e+02
  2.182688e-01,  3.170874e+02
  2.308753e-01,  3.131164e+02
  2.300496e-01,  3.169219e+02
  2.204423e-01,  3.171951e+02
  2.430495e-01,  3.146106e+02
  2.222292e-01,  3.175288e+02
  2.144778e-01,  3.177209e+02
  2.260264e-01,  3.148834e+02
  2.456044e-01,  3.175573e+02
  2.251170e-01,  3.129024e+02
  2.246272e-01,  3.168235e+02
  2.122411e-01,  3.155710e+02
  2.293820e-01,  3.136972e+02
  2.339334e-01,  3.177829e+02
  2.198336e-01,  3.182773e+02
  2.411512e-01,  3.163876e+02
  2.282211e-01,  3.149591e+02
  2.244893e-01,  3.157813e+02
  2.270806e-01,  3.172053e+02
  2.216046e-01,  3.192375e+02
  2.200665e-01,  3.152153e+02
  2.410457e-01,  3.166943e+02
  2.124497e-01,  3.170713e+02
  2.192750e-01,  3.182426e+02
  2.312909e-01,  3.149663e+02
  2.234518e-01,  3.137621e+02
  2.326876e-01,  3.166398e+02
  2.112035e-01,  3.181725e+02
  2.313632e-01,  3.170008e+02
  2.284545e-01,  3.192826e+02
  2.104731e-01,  3.160970e+02
  2.256283e-01,  3.159957e+02
  2.213880e-01,  3.182522e+02
  2.252545e-01,  3.153281e+02
  2.237940e-01,  3.143956e+02
  2.280263e-01,  3.147020e+02
  2.362672e-01,  3.170852e+02
  2.369098e-01,  3.156070e+02
  2.287999e-01,  3.190002e+02
  2.185308e-01,  3.165451e+02
  2.247893e-01,  3.139043e+02
  2.172134e-01,  3.212732e+02
  2.233284e-01,  3.171425e+02
  2.302036e-01,  3.144474e+02
  2.344460e-01,  3.177072e+02
  2.309493e-01,  3.151834e+02
  2.255178e-01,  3.165943e+02
  2.253336e-01,  3.147918e+02
  2.195309e-01,  3.198367e+02
  2.353691e-01,  3.165190e+02
  2.169550e-01,  3.137588e+02
  2.201327e-01,  3.197238e+02
  2.379472e-01,  3.150748e+02
  2.281713e-01,  3.162356e+02
  2.361895e-01,  3.189650e+02
  2.162875e-01,  3.153300e+02
  2.304832e-01,  3.155051e+02
  2.330152e-01,  3.158446e+02
  2.228538e-01,  3.155752e+02
  2.203131e-01,  3.132155e+02
  2.250754e-01,  3.164217e+02
  2.265896e-01,  3.182155e+02
  2.086906e-01,  3.177052e+02
  2.348923e-01,  3.152903e+02
  2.128953e-01,  3.156493e+02
  2.200325e-01,  3.174373e+02
  2.278895e-01,  3.144907e+02
  2.238125e-01,  3.208441e+02
  2.325268e-01,  3.147492e+02
  2.208850e-01,  3.148574e+02
  2.300510e-01,  3.174967e+02
  2.088140e-01,  3.179644e+02
  2.323941e-01,  3.136926e+02
  2.199539e-01,  3.151192e+02
  2.156569e-01,  3.148935e+02
  2.295722e-01,  3.181622e+02
  2.206000e-01,  3.181699e+02
  2.295392e-01,  3.147519e+02
  2.167675e-01,  3.188048e+02
  2.377436e-01,  3.136049e+02
  2.138231e-01,  3.175019e+02
  2.305988e-01,  3.180067e+02
  2.163206e-01,  3.184728e+02
  2.178858e-01,  3.132564e+02
  2.299080e-01,  3.152655e+02
  2.125306e-01,  3.155451e+02
  2.367208e-01,  3.166777e+02
  2.183373e-01,  3.171027e+02
  2.310787e-01,  3.169455e+02
  2.189305e-01,  3.149387e+02
  2.285249e-01,  3.164691e+02
  2.242674e-01,  3.197198e+02
  2.070794e-01,  3.145793e+02
  2.284891e-01,  3.176136e+02
  2.206910e-01,  3.163502e+02
  2.146105e-01,  3.185186e+02
  2.404125e-01,  3.158737e+02
  2.257741e-01,  3.160987e+02
  2.176291e-01,  3.170655e+02
  2.335187e-01,  3.172440e+02
  2.200098e-01,  3.181877e+02
  2.259295e-01,  3.144629e+02
  2.266104e-01,  3.172767e+02
  2.177555e-01,  3.171019e+02
  2.156866e-01,  3.146480e+02
  2.384563e-01,  3.152310e+02
  2.328701e-01,  3.155389e+02
  2.117155e-01,  3.186259e+02
  2.292611e-01,  3.179652e+02
  2.130879e-01,  3.172388e+02
  2.065067e-01,  3.161442e+02
  2.276131e-01,  3.156862e+02
  2.235288e-01,  3.174574e+02
  2.340017e-01,  3.142992e+02
  2.144988e-01,  3.175150e+02
  2.247648e-01,  3.162159e+02
  2.263644e-01,  3.134326e+02
  2.217418e-01,  3.170416e+02
  2.283528e-01,  3.179123e+02
  2.103209e-01,  3.136201e+02
  2.245512e-01,  3.194022e+02
  2.328415e-01,  3.183884e+02
  2.251825e-01,  3.128263e+02
  2.278257e-01,  3.147768e+02
  2.369929e-01,  3.145814e+02
  2.143880e-01,  3.197307e+02
  2.278236e-01,  3.155083e+02
  2.368214e-01,  3.181945e+02
  2.253190e-01,  3.150823e+02
  2.175360e-01,  3.181450e+02
  2.165484e-01,  3.191019e+02
  2.313782e-01,  3.146602e+02
  2.193953e-01,  3.173186e+02
  2.277656e-01,  3.165876e+02
  2.265855e-01,  3.133039e+02
  2.194412e-01,  3.142464e+02
  2.303928e-01,  3.175083e+02
  2.215857e-01,  3.160220e+02
  2.246846e-01,  3.155264e+02
  2.260141e-01,  3.165925e+02
  2.353753e-01,  3.207995e+02
  2.158951e-01,  3.154609e+02
  2.250736e-01,  3.203118e+02
  2.180280e-01,  3.159372e+02
  2.271227e-01,  3.168039e+02
  2.312476e-01,  3.186841e+02
  1.971310e-01,  3.175809e+02
  2.332774e-01,  3.153018e+02
  2.207907e-01,  3.162256e+02
  2.317522e-01,  3.169830e+02
  2.230136e-01,  3.154093e+02
  2.203762e-01,  3.186083e+02
  2.165557e-01,  3.186254e+02
  2.302189e-01,  3.179413e+02
  2.251791e-01,  3.147651e+02
  2.269994e-01,  3.168123e+02
  2.294625e-01,  3.129657e+02
  2.161575e-01,  3.157900e+02
  2.296929e-01,  3.169265e+02
  2.170693e-01,  3.143128e+02
  2.347992e-01,  3.167815e+02
  2.179931e-01,  3.185282e+02
  2.192179e-01,  3.167818e+02
  2.143957e-01,  3.172172e+02
  2.225957e-01,  3.169312e+02
  2.269555e-01,  3.165361e+02
  2.377075e-01,  3.160686e+02
  2.057708e-01,  3.176932e+02
  2.362226e-01,  3.123417e+02
  2.264560e-01,  3.169046e+02
  2.172301e-01,  3.174527e+02
  2.264370e-01,  3.169762e+02
  2.191953e-01,  3.157251e+02
  2.310463e-01,  3.172001e+02
  2.209014e-01,  3.160986e+02
  2.339954e-01,  3.159468e+02
  2.192207e-01,  3.161616e+02
  2.278639e-01,  3.147269e+02
  2.177313e-01,  3.175747e+02
  2.376969e-01,  3.118990e+02
  2.158598e-01,  3.197345e+02
  2.319408e-01,  3.130242e+02
  2.259586e-01,  3.166374e+02
  2.289517e-01,  3.142716e+02
  2.134108e-01,  3.174319e+02
  2.305359e-01,  3.177207e+02
  2.184227e-01,  3.143944e+02
  2.260866e-01,  3.172527e+02
  2.342815e-01,  3.139615e+02
  2.176279e-01,  3.180525e+02
  2.334022e-01,  3.179541e+02
  2.083126e-01,  3.140939e+02
  2.304116e-01,  3.187427e+02
  2.260210e-01,  3.188277e+02
  2.261401e-01,  3.148718e+02
  2.203684e-01,  3.167937e+02
  2.159672e-01,  3.161182e+02
  2.174955e-01,  3.161086e+02
  2.298734e-01,  3.161256e+02
  2.197297e-01,  3.179846e+02
  2.329743e-01,  3.178727e+02
  2.177699e-01,  3.145407e+02
  2.359304e-01,  3.179043e+02
  2.232632e-01,  3.175072e+02
  2.368595e-01,  3.149718e+02
  2.186383e-01,  3.174711e+02
  2.271847e-01,  3.169144e+02
  2.265995e-01,  3.164054e+02
  2.289795e-01,  3.130369e+02
  2.203292e-01,  3.180596e+02
  2.264135e-01,  3.149158e+02
  2.308564e-01,  3.157566e+02
  2.205337e-01,  3.127824e+02
  2.344729e-01,  3.198419e+02
  2.203019e-01,  3.136243e+02
  2.245010e-01,  3.187701e+02
  2.120637e-01,  3.177029e+02
  2.385186e-01,  3.163190e+02
  2.124501e-01,  3.158447e+02
  2.363359e-01,  3.154046e+02
  2.098719e-01,  3.169792e+02
  2.278016e-01,  3.163970e+02
  2.045154e-01,  3.165961e+02
  2.332848e-01,  3.154166e+02
  2.095225e-01,  3.172200e+02
  2.330885e-01,  3.123348e+02
  2.261526e-01,  3.190605e+02
  2.169096e-01,  3.131509e+02
  2.257039e-01,  3.199775e+02
  2.278531e-01,  3.136452e+02
  2.254518e-01,  3.194412e+02
  2.272821e-01,  3.154067e+02
  2.432407e-01,  3.183977e+02
  2.142635e-01,  3.155628e+02
  2.361627e-01,  3.175696e+02
  2.135221e-01,  3.119123e+02
  2.207847e-01,  3.202194e+02
  2.275898e-01,  3.126167e+02
  2.425180e-01,  3.162620e+02
  2.029201e-01,  3.190840e+02
  2.396337e-01,  3.178657e+02
  2.119688e-01,  3.134018e+02
  2.271747e-01,  3.184041e+02
  2.130433e-01,  3.129929e+02
  2.442566e-01,  3.146583e+02
  2.045988e-01,  3.192963e+02
  2.480806e-01,  3.122889e+02
  2.179776e-01,  3.243600e+02
  2.304834e-01,  3.091280e+02
  2.291528e-01,  3.242410e+02
  2.357249e-01,  3.070915e+02
  2.267765e-01,  3.236535e+02
  2.204990e-01,  3.091787e+02
  2.494627e-01,  3.210586e+02
  2.084711e-01,  3.065628e+02
  2.323547e-01,  3.246192e+02
  2.047030e-01,  3.048804e+02
  2.472511e-01,  3.250044e+02
  1.976395e-01,  3.110871e+02
  2.668901e-01,  3.201886e+02
  1.881579e-01,  3.109612e+02
  2.639563e-01,  3.220128e+02
  1.893142e-01,  3.097530e+02
  2.603550e-01,  3.195999e+02
  1.852172e-01,  3.206972e+02
  2.589876e-01,  3.141673e+02
  1.930818e-01,  3.193721e+02
  2.494348e-01,  3.121869e+02
  1.990831e-01,  3.258081e+02
  2.540981e-01,  3.083650e+02
  1.996569e-01,  3.288031e+02
  2.553918e-01,  3.025511e+02
  2.312696e-01,  3.351953e+02
  2.187950e+00,  2.010917e+02
  1.820626e+01,  2.493850e+02
  3.510223e+01,  3.217888e+02
  3.572560e+01,  3.540464e+02
  1.633808e+01,  3.403325e+02
  1.884213e+01,  3.226502e+02
  5.015364e+00,  2.453522e+02
  1.390407e+01,  1.471856e+02
  2.363793e+01,  1.204736e+02
  2.553242e+01,  9.499522e+01
  1.594716e+01,  7.601245e+01
  1.586492e+01,  3.542802e+02
  2.505174e+01,  3.268029e+02
  1.695582e+01,  3.027859e+02
  7.271695e+00,  2.265660e+02
  9.966174e+00,  1.348776e+02
  1.931661e+01,  9.216855e+01
  1.749376e+01,  1.031228e+02
  8.046904e+00,  2.194239e+02
  2.349716e+01,  2.910938e+02
  2.101490e+01,  3.194712e+02
  5.927316e+00,  6.506009e+01
  2.114719e+01,  1.487931e+02
  1.997840e+01,  1.632131e+02
  9.503822e+00,  1.233169e+02
  1.123562e+01,  1.181721e+02
  1.815052e+01,  1.632909e+02
  1.777912e+01,  1.782765e+02
  2.860328e+00,  1.067082e+02
  2.054867e+01,  3.701194e+01
  2.422321e+01,  2.602888e+01
  1.624391e+01,  3.410025e+02
  1.967897e+01,  3.089486e+02
  1.630433e+01,  3.368165e+02
  1.673658e+01,  4.794274e+01
  2.137218e+01,  9.155063e+01
  1.518342e+01,  1.204358e+02
  6.271814e+00,  1.586152e+02
  2.331394e+00,  1.360303e+02
  1.566033e+01,  9.120251e+01
  3.169709e+01,  1.007552e+02
  2.822893e+01,  1.222490e+02
  9.922417e+00,  1.960552e+02
  2.353940e+01,  2.945884e+02
  2.526326e+01,  3.208068e+02
  5.098865e+00,  2.389625e+00
  1.937301e+01,  1.624964e+02
  2.419354e+01,  1.871720e+02
  1.019043e+01,  2.360914e+02
  1.828912e+01,  3.547783e+02
  2.645943e+01,  1.589391e+01
  2.082934e+01,  3.612237e+00
  1.762116e+01,  3.305045e+02
  5.884458e+00,  3.452887e+02
  1.198883e+01,  1.221002e+02
  1.552783e+01,  1.246780e+02
  6.735539e+00,  8.563096e+01
  1.176138e+01,  6.043197e+00
  1.706920e+01,  1.289848e-01
  1.325535e+01,  3.391245e+02
  4.826340e+00,  2.585756e+02
  1.169950e+01,  1.630325e+02
  2.158847e+01,  1.447385e+02
  2.489465e+01,  1.343295e+02
  1.485472e+01,  1.430063e+02
  1.035514e+01,  2.808275e+02
  2.793754e+01,  3.132289e+02
  2.868734e+01,  3.279182e+02
  1.543011e+01,  6.806416e+00
  1.611853e+01,  1.015301e+02
  1.739682e+01,  1.447280e+02
  7.587547e+00,  2.167979e+02
  1.473599e+01,  3.063166e+02
  1.578680e+01,  3.173728e+02
  7.789908e+00,  2.974918e+02
  4.353692e+00,  2.042882e+02
  4.471099e+00,  1.778886e+02
  1.962548e+00,  2.384056e+02
  6.874514e+00,  3.088105e+02
  1.176547e+01,  3.162390e+02
  1.491066e+01,  3.308144e+02
  1.916410e+01,  3.490270e+02
  2.669205e+01,  3.509236e+02
  3.226711e+01,  3.421861e+02
  2.907057e+01,  3.390950e+02
  1.762769e+01,  3.217529e+02
  1.296416e+01,  2.532507e+02
  1.145399e+01,  2.026682e+02
  1.092814e+01,  1.200997e+02
  1.589217e+01,  7.531214e+01
  1.201240e+01,  4.400594e+01
  8.902956e+00,  3.008365e+02
  1.942037e+01,  2.543646e+02
  2.467713e+01,  2.429953e+02
  2.526132e+01,  2.255615e+02
  2.674693e+01,  2.417642e+02
  2.838045e+01,  2.826631e+02
  2.831076e+01,  3.505954e+02
  2.296040e+01,  9.546901e+01
  1.593109e+01,  2.539960e+02
##END=