##TITLE= twqubit_encoding3_Cfix8
##JCAMP-DX= 5.00 Bruker JCAMP library
##DATA TYPE= Shape Data
##ORIGIN= Colm Fixed Pulses 
##OWNER= d29lu
##DATE= 21-Apr-2015
##TIME= 18:58
##MINX= 2.933011e-02
##MAXX= 4.191095e+01
##MINY= -1.794464e+02
##MAXY= 1.788368e+02
##$SHAPE_EXMODE= None
##$SHAPE_TOTROT= 9.000000e+01
##$SHAPE_BWFAC= 1.000000e+00
##$SHAPE_INTEGFAC= 1.000000e+00
##$SHAPE_MODE= 1
##NPOINTS= 736
##XYPOINTS= (XY..XY)
  5.653332e-01,  -2.243543e+01
  5.544731e+00,  9.823759e+01
  2.534418e+01,  1.598488e+02
  2.227903e+01,  -1.277940e+02
  1.941723e+01,  -2.991925e+01
  2.357332e+01,  3.381971e+01
  1.729692e+01,  7.905978e+01
  4.507134e+00,  1.505527e+02
  1.126665e+01,  -8.925312e+01
  1.374477e+01,  -5.735958e+01
  8.900846e+00,  3.617045e+00
  1.136459e+01,  7.448498e+01
  9.397447e+00,  9.676157e+01
  2.086305e+00,  4.789185e+01
  6.216207e+00,  -3.247881e+01
  7.029143e+00,  -2.280242e+01
  9.414831e+00,  2.798008e+01
  1.789609e+01,  6.771294e+01
  1.900166e+01,  1.060766e+02
  1.104632e+01,  -1.682378e+02
  2.119175e+01,  -6.989259e+01
  2.680097e+01,  -2.617863e+01
  1.732958e+01,  2.315246e+01
  1.648750e+01,  1.047272e+02
  1.886860e+01,  1.291503e+02
  1.465147e+01,  8.737046e+01
  1.999028e+01,  4.177932e+01
  1.687490e+01,  2.411714e+01
  6.635827e+00,  1.073282e+01
  5.027828e+00,  -1.413677e+02
  1.081580e+01,  -1.764602e+02
  1.246567e+01,  1.448513e+02
  1.330394e+01,  1.012677e+02
  1.644970e+01,  6.618078e+01
  1.584401e+01,  3.292253e+01
  1.392112e+01,  -9.197771e+00
  1.123097e+01,  -5.043489e+01
  1.063401e+01,  -9.942421e+01
  1.252021e+01,  -1.353904e+02
  1.201913e+01,  -1.615229e+02
  9.535786e+00,  1.644528e+02
  1.061296e+01,  1.397214e+02
  1.250132e+01,  1.594577e+02
  1.423840e+01,  -1.595073e+02
  1.287549e+01,  -1.085323e+02
  1.365101e+01,  -3.580893e+01
  1.752627e+01,  1.051279e+01
  1.323831e+01,  2.132167e+01
  9.068924e+00,  -4.980810e+01
  1.988606e+01,  -7.860961e+01
  2.180017e+01,  -7.241000e+01
  9.480702e+00,  -6.759508e+01
  7.148893e+00,  1.173704e+02
  1.618834e+01,  1.089731e+02
  1.454524e+01,  1.129083e+02
  6.042248e+00,  1.219200e+02
  2.099962e+00,  3.324625e+01
  4.586681e+00,  3.655062e+01
  4.562340e+00,  7.009266e+01
  2.056711e+00,  1.685165e+02
  9.095744e+00,  -1.121689e+02
  1.528168e+01,  -1.016126e+02
  1.305718e+01,  -1.027070e+02
  3.785511e+00,  -1.527820e+02
  1.177681e+01,  1.177891e+02
  1.465819e+01,  1.107506e+02
  4.358948e+00,  4.935658e+01
  1.952716e+01,  -3.373475e+01
  2.704755e+01,  -2.867831e+01
  1.464476e+01,  -2.058410e+01
  9.666806e+00,  1.381145e+02
  2.658476e+01,  1.484553e+02
  2.531620e+01,  1.429766e+02
  1.382824e+01,  8.521089e+01
  2.257522e+01,  1.793435e+01
  1.931859e+01,  2.037212e+01
  1.018651e+01,  1.171134e+02
  1.993579e+01,  -1.794464e+02
  1.614180e+01,  -1.378491e+02
  1.169160e+01,  -3.456507e+01
  2.359773e+01,  3.214679e+01
  2.921685e+01,  6.893390e+01
  3.038982e+01,  9.165793e+01
  3.374188e+01,  1.036156e+02
  3.628499e+01,  1.098857e+02
  3.387956e+01,  1.058269e+02
  2.888864e+01,  1.103251e+02
  1.595150e+01,  1.437438e+02
  9.037620e+00,  -9.336160e+01
  1.694579e+01,  -2.265421e+01
  1.730637e+01,  5.017701e+01
  2.851603e+01,  1.148239e+02
  3.302047e+01,  1.423985e+02
  2.080421e+01,  1.649125e+02
  9.634197e+00,  -1.097924e+02
  2.274147e+01,  -4.325368e+01
  3.301260e+01,  -1.738326e+01
  3.283217e+01,  1.577117e+01
  2.459675e+01,  1.035741e+02
  1.555600e+01,  -1.286132e+02
  9.727676e+00,  2.300433e+00
  5.138836e+00,  9.565213e+01
  3.945998e+00,  -1.725302e+02
  2.727841e+00,  -7.483214e+01
  2.687226e+00,  1.373676e+01
  2.043271e+00,  9.852091e+01
  1.650815e+00,  -1.735695e+02
  1.285893e+00,  -7.291444e+01
  1.466373e+00,  1.394238e+01
  1.208779e+00,  9.197963e+01
  9.197119e-01,  1.767985e+02
  6.840557e-01,  -7.784739e+01
  8.986380e-01,  1.174136e+01
  8.062783e-01,  8.302728e+01
  5.653023e-01,  1.613653e+02
  3.463707e-01,  -8.488581e+01
  5.860477e-01,  1.026145e+01
  5.812147e-01,  7.288945e+01
  3.940639e-01,  1.422742e+02
  1.476133e-01,  -1.117881e+02
  3.508662e-01,  1.374278e+01
  4.444056e-01,  6.694353e+01
  3.200413e-01,  1.211243e+02
  9.290874e-02,  1.732342e+02
  1.852496e-01,  2.941498e+01
  3.238615e-01,  6.735477e+01
  2.622623e-01,  1.069404e+02
  1.108080e-01,  1.316053e+02
  1.295785e-01,  5.535712e+01
  2.547970e-01,  7.170959e+01
  2.390506e-01,  9.889754e+01
  1.424437e-01,  1.140836e+02
  1.304282e-01,  7.841001e+01
  2.240243e-01,  7.627713e+01
  2.360059e-01,  9.012064e+01
  1.731436e-01,  9.584973e+01
  1.536311e-01,  8.042848e+01
  2.005046e-01,  7.803594e+01
  2.140880e-01,  8.827634e+01
  1.807584e-01,  9.441929e+01
  1.633566e-01,  8.817870e+01
  1.876843e-01,  8.466612e+01
  1.992189e-01,  8.951735e+01
  1.787694e-01,  9.298277e+01
  1.654003e-01,  8.940593e+01
  1.818471e-01,  8.620018e+01
  1.970096e-01,  8.738873e+01
  1.912663e-01,  8.783938e+01
  1.839940e-01,  8.612310e+01
  1.880739e-01,  8.635828e+01
  1.882906e-01,  8.851617e+01
  1.778036e-01,  8.822650e+01
  1.740088e-01,  8.541349e+01
  1.828814e-01,  8.558501e+01
  1.854674e-01,  8.892836e+01
  1.737863e-01,  9.049224e+01
  1.679943e-01,  8.748250e+01
  1.835897e-01,  8.405739e+01
  2.012560e-01,  8.362485e+01
  1.979378e-01,  8.453554e+01
  1.819187e-01,  8.597477e+01
  1.774175e-01,  8.850353e+01
  1.875894e-01,  9.060384e+01
  1.928936e-01,  9.010856e+01
  1.835402e-01,  8.754332e+01
  1.719128e-01,  8.602865e+01
  1.719665e-01,  8.759984e+01
  1.814533e-01,  8.906666e+01
  1.873185e-01,  8.762134e+01
  1.845115e-01,  8.530494e+01
  1.783475e-01,  8.600138e+01
  1.750505e-01,  8.940834e+01
  1.735982e-01,  9.030267e+01
  1.707002e-01,  8.665380e+01
  1.686679e-01,  8.358370e+01
  1.699800e-01,  8.630063e+01
  1.766485e-01,  9.137401e+01
  1.839824e-01,  9.201071e+01
  1.863891e-01,  8.855387e+01
  1.827758e-01,  8.661303e+01
  1.765884e-01,  8.824591e+01
  1.761298e-01,  8.896646e+01
  1.839928e-01,  8.598613e+01
  1.915921e-01,  8.359838e+01
  1.869862e-01,  8.537634e+01
  1.734705e-01,  8.956933e+01
  1.650467e-01,  9.174131e+01
  1.694090e-01,  9.107038e+01
  1.810963e-01,  9.051765e+01
  1.894318e-01,  9.017652e+01
  1.915448e-01,  8.804888e+01
  1.922358e-01,  8.465182e+01
  1.926732e-01,  8.334405e+01
  1.885340e-01,  8.593780e+01
  1.796091e-01,  9.058157e+01
  1.710098e-01,  9.335517e+01
  1.680667e-01,  9.196908e+01
  1.717470e-01,  8.874856e+01
  1.762544e-01,  8.754850e+01
  1.771517e-01,  8.912082e+01
  1.773586e-01,  9.117451e+01
  1.802814e-01,  9.124383e+01
  1.835027e-01,  8.939486e+01
  1.821567e-01,  8.735814e+01
  1.775240e-01,  8.629343e+01
  1.772860e-01,  8.616003e+01
  1.843365e-01,  8.624696e+01
  1.915779e-01,  8.640244e+01
  1.915466e-01,  8.731897e+01
  1.853858e-01,  8.932715e+01
  1.784051e-01,  9.106165e+01
  1.733595e-01,  9.039627e+01
  1.731246e-01,  8.750661e+01
  1.796545e-01,  8.535432e+01
  1.869784e-01,  8.557778e+01
  1.864112e-01,  8.667940e+01
  1.801189e-01,  8.705736e+01
  1.801348e-01,  8.729501e+01
  1.886444e-01,  8.857724e+01
  1.924377e-01,  8.997023e+01
  1.841557e-01,  9.013268e+01
  1.743184e-01,  8.980508e+01
  1.720614e-01,  9.087714e+01
  1.717933e-01,  9.215028e+01
  1.700469e-01,  9.048707e+01
  1.760782e-01,  8.668390e+01
  1.875537e-01,  8.549955e+01
  1.842205e-01,  8.788160e+01
  1.643204e-01,  9.131669e+01
  1.553885e-01,  9.260115e+01
  1.717007e-01,  9.054894e+01
  1.889764e-01,  8.743600e+01
  1.863911e-01,  8.621313e+01
  1.811665e-01,  9.041385e+01
  1.894881e-01,  9.538454e+01
  1.884940e-01,  9.069460e+01
  1.802705e-01,  7.747291e+01
  1.899459e-01,  7.612309e+01
  2.115187e-01,  9.044249e+01
  2.025409e-01,  9.771949e+01
  1.544904e-01,  8.484974e+01
  1.613671e-01,  7.645779e+01
  2.156101e-01,  9.532771e+01
  2.155716e-01,  1.045059e+02
  1.317480e-01,  7.658376e+01
  1.676776e-01,  5.525502e+01
  2.555208e-01,  9.135520e+01
  2.677723e-01,  1.129311e+02
  7.996452e-02,  7.724644e+01
  1.792744e-01,  2.923210e+01
  3.453438e-01,  8.828449e+01
  4.043625e-01,  1.136300e+02
  6.938567e-02,  1.926827e+01
  3.548299e-01,  -5.363000e+00
  4.531965e-01,  8.018658e+01
  6.323105e-01,  1.211432e+02
  1.668582e-01,  -6.869623e+01
  7.811116e-01,  -2.697340e+01
  6.621460e-01,  7.064236e+01
  1.211819e+00,  1.260854e+02
  4.374104e-01,  -1.031382e+02
  1.673839e+00,  -3.974704e+01
  1.054248e+00,  6.347447e+01
  2.615840e+00,  1.281861e+02
  1.041505e+00,  -1.130600e+02
  4.129320e+00,  -4.505036e+01
  2.151503e+00,  7.042933e+01
  7.523800e+00,  1.319798e+02
  5.777911e+00,  -7.941869e+01
  1.888560e+01,  1.351669e+02
  4.191095e+01,  1.466352e+02
  1.614915e+01,  -1.392229e+02
  2.672262e+01,  -5.438788e+01
  2.944096e+01,  -2.724123e+01
  1.707324e+01,  -1.450858e+01
  7.799595e+00,  -1.086356e+02
  1.769701e+01,  -1.537368e+02
  1.988192e+01,  -1.791136e+02
  1.394415e+01,  1.716662e+02
  1.938604e+00,  1.003507e+02
  1.141569e+01,  2.425409e+01
  1.345803e+01,  3.168292e+01
  6.351398e+00,  3.886014e+01
  5.790947e+00,  -1.160104e+02
  1.493410e+01,  -1.115294e+02
  1.553990e+01,  -1.021189e+02
  9.482512e+00,  -9.403129e+01
  8.955537e-01,  -7.264294e+01
  6.875461e+00,  8.067131e+01
  9.395002e+00,  7.821281e+01
  6.820198e+00,  5.175743e+01
  9.121224e+00,  -1.320592e+01
  1.566379e+01,  -3.349501e+01
  1.589876e+01,  -3.552810e+01
  9.656433e+00,  -4.420675e+01
  6.902806e+00,  -9.452035e+01
  8.381431e+00,  -1.198991e+02
  5.382736e+00,  -1.272414e+02
  1.660397e+00,  9.042721e+01
  1.018139e+01,  7.612043e+01
  1.903899e+01,  7.998255e+01
  2.332899e+01,  8.144587e+01
  1.933910e+01,  8.311454e+01
  1.057523e+01,  9.231258e+01
  3.845055e+00,  1.435770e+02
  6.004293e+00,  -1.408754e+02
  9.894482e+00,  -1.319597e+02
  1.293600e+01,  -1.383339e+02
  1.358384e+01,  -1.425149e+02
  9.589099e+00,  -1.345668e+02
  3.234749e+00,  -7.550173e+01
  7.638255e+00,  2.505913e+01
  1.295503e+01,  5.247219e+01
  1.378936e+01,  8.473282e+01
  1.307267e+01,  1.363710e+02
  1.413438e+01,  -1.747738e+02
  1.163928e+01,  -1.334711e+02
  8.594328e+00,  -7.341754e+01
  8.080615e+00,  -2.538687e+01
  2.320860e+00,  3.038921e+01
  9.213300e+00,  1.557419e+02
  1.611859e+01,  1.636289e+02
  1.349205e+01,  1.586842e+02
  7.949815e+00,  8.490408e+01
  1.796094e+01,  4.048504e+01
  1.882251e+01,  3.771344e+01
  9.810499e+00,  6.851180e+01
  1.517381e+01,  1.507346e+02
  2.598800e+01,  1.676434e+02
  2.727581e+01,  1.622437e+02
  2.272762e+01,  1.406174e+02
  1.359310e+01,  1.246400e+02
  2.591843e+00,  1.368474e+02
  3.296434e+00,  -1.277198e+02
  7.158672e+00,  -1.564324e+02
  1.165394e+01,  -1.639161e+02
  1.294150e+01,  -1.528795e+02
  1.105264e+01,  -1.161955e+02
  1.056116e+01,  -6.134140e+01
  1.032368e+01,  -2.589066e+00
  1.450138e+01,  5.995703e+01
  2.019803e+01,  9.745813e+01
  1.820423e+01,  1.283890e+02
  9.562043e+00,  1.686558e+02
  5.147074e+00,  -7.727901e+01
  1.008013e+01,  -1.870043e+01
  7.640241e+00,  8.357703e+00
  2.816832e+00,  -1.753340e+02
  1.469792e+01,  -1.386783e+02
  2.199300e+01,  -1.218084e+02
  1.682384e+01,  -1.275894e+02
  6.705828e+00,  1.595810e+02
  1.341202e+01,  7.643044e+01
  1.754047e+01,  5.741309e+01
  1.478384e+01,  3.670839e+01
  1.285396e+01,  -1.291843e+01
  1.473213e+01,  -5.685904e+01
  1.244846e+01,  -8.273072e+01
  6.470900e+00,  -1.080431e+02
  2.414257e+00,  -1.516808e+02
  9.081943e-01,  4.429672e+01
  4.391408e+00,  1.988015e+01
  5.710824e+00,  3.090041e+01
  4.881647e+00,  6.752156e+01
  6.566145e+00,  1.147549e+02
  9.217311e+00,  1.284684e+02
  8.575046e+00,  1.273233e+02
  4.321665e+00,  1.163699e+02
  4.598816e-01,  -9.717151e+00
  4.023057e+00,  -1.132755e+02
  9.431589e+00,  -1.332206e+02
  1.233103e+01,  -1.371593e+02
  9.753028e+00,  -1.333910e+02
  4.788069e+00,  -9.161352e+01
  8.274268e+00,  -2.533874e+01
  1.146312e+01,  -1.601451e+01
  8.369936e+00,  -1.898275e+01
  2.102318e+00,  -2.377173e+01
  3.324186e+00,  9.271705e+01
  9.106476e+00,  6.391113e+01
  1.345664e+01,  4.793111e+01
  1.031143e+01,  3.860197e+01
  1.094624e+00,  -7.712138e-01
  9.121334e+00,  -1.470388e+02
  1.641081e+01,  -1.663355e+02
  1.970373e+01,  1.627881e+02
  1.984780e+01,  1.278826e+02
  1.448606e+01,  1.136474e+02
  6.243846e+00,  -1.765853e+02
  1.453894e+01,  -1.100600e+02
  1.674350e+01,  -8.769563e+01
  1.031968e+01,  -6.371918e+01
  3.493752e+00,  8.353629e+00
  4.722215e+00,  1.145678e+02
  8.827075e+00,  -1.786774e+02
  1.462412e+01,  -1.475176e+02
  1.377528e+01,  -1.407589e+02
  5.857313e+00,  1.765380e+02
  1.076480e+01,  8.388382e+01
  1.501610e+01,  6.629794e+01
  9.181420e+00,  5.155101e+01
  7.068770e+00,  -4.995576e+01
  1.584475e+01,  -7.320654e+01
  1.638151e+01,  -6.288962e+01
  1.169442e+01,  -1.452244e+01
  1.419094e+01,  5.323326e+01
  1.835685e+01,  9.363207e+01
  1.992128e+01,  1.312748e+02
  2.004538e+01,  1.672787e+02
  1.423655e+01,  -1.625822e+02
  5.059587e+00,  -1.123045e+02
  4.488696e+00,  -2.436863e+01
  3.458801e+00,  -5.459786e+01
  8.106052e+00,  -1.060832e+02
  1.226576e+01,  -1.014233e+02
  8.917018e+00,  -8.402301e+01
  3.169589e+00,  6.189782e+01
  1.419669e+01,  1.041889e+02
  1.721529e+01,  1.155467e+02
  1.077627e+01,  1.107505e+02
  5.373731e+00,  3.921626e+01
  9.695564e+00,  -3.955941e+00
  9.044258e+00,  -1.054833e+01
  3.423045e+00,  -8.200864e+01
  1.445766e+01,  -1.514424e+02
  2.336148e+01,  -1.527956e+02
  1.965266e+01,  -1.460479e+02
  5.226638e+00,  -1.734123e+02
  1.620373e+01,  6.941921e+01
  2.591477e+01,  5.739939e+01
  2.200558e+01,  4.489120e+01
  1.247179e+01,  1.635628e+01
  8.219599e+00,  -3.709856e+01
  6.150221e+00,  -1.107696e+02
  1.428658e+01,  -1.760962e+02
  2.321495e+01,  1.730557e+02
  2.132397e+01,  1.759738e+02
  1.081021e+01,  -1.783970e+02
  2.658405e+00,  1.300628e+02
  6.121110e+00,  1.041313e+02
  1.049343e+01,  1.439570e+02
  1.387881e+01,  1.788368e+02
  1.348808e+01,  -1.337795e+02
  1.874806e+01,  -7.099398e+01
  2.714275e+01,  -3.215315e+01
  2.369025e+01,  -8.366042e+00
  4.162174e+00,  -2.478962e+01
  1.652814e+01,  -1.479479e+02
  1.429083e+01,  -1.383765e+02
  7.668987e+00,  2.299422e+01
  2.826808e+01,  5.482998e+01
  3.153730e+01,  7.173969e+01
  1.329403e+01,  7.037271e+01
  9.162541e+00,  -7.826917e+01
  1.740244e+01,  -1.054189e+02
  1.668248e+01,  -1.337222e+02
  1.641312e+01,  1.761463e+02
  2.103621e+01,  1.336675e+02
  2.083564e+01,  1.198791e+02
  1.014776e+01,  1.226471e+02
  5.790813e+00,  -1.536361e+01
  1.512603e+01,  -2.714281e+01
  1.053673e+01,  -4.453542e+01
  9.198275e+00,  -1.439003e+02
  2.034080e+01,  -1.368726e+02
  2.955225e+01,  -1.061083e+02
  3.417683e+00,  6.747684e+00
  8.644527e+00,  1.088260e+02
  6.000891e+00,  -1.035491e+02
  2.297520e+00,  -4.469674e+01
  3.663328e+00,  7.274116e+01
  1.525240e+00,  1.306063e+02
  2.142256e+00,  -1.046842e+02
  1.115301e+00,  -3.179877e+01
  1.843051e+00,  7.067056e+01
  9.318662e-01,  1.251983e+02
  1.062936e+00,  -1.072884e+02
  6.964340e-01,  -3.255705e+01
  1.118996e+00,  6.585104e+01
  6.768138e-01,  1.130269e+02
  5.229764e-01,  -1.138554e+02
  4.353236e-01,  -3.378517e+01
  7.282208e-01,  6.089593e+01
  5.295255e-01,  1.021812e+02
  2.334264e-01,  -1.289478e+02
  2.657544e-01,  -3.233855e+01
  5.049691e-01,  5.609995e+01
  4.453723e-01,  9.366852e+01
  1.303796e-01,  1.767215e+02
  1.025539e-01,  -3.090010e+01
  3.373588e-01,  5.748267e+01
  3.560720e-01,  8.884811e+01
  1.270324e-01,  1.415135e+02
  2.933011e-02,  -5.071859e+01
  2.197488e-01,  5.785937e+01
  3.123965e-01,  8.356621e+01
  1.941976e-01,  1.087720e+02
  8.395350e-02,  1.080156e+02
  1.683401e-01,  7.412712e+01
  2.533563e-01,  8.298906e+01
  2.070013e-01,  9.412493e+01
  1.383652e-01,  8.958448e+01
  1.652980e-01,  7.575248e+01
  2.066355e-01,  8.182626e+01
  1.890672e-01,  9.222212e+01
  1.596747e-01,  9.167069e+01
  1.802259e-01,  8.218677e+01
  2.116872e-01,  8.319824e+01
  2.005138e-01,  9.016463e+01
  1.704592e-01,  9.277424e+01
  1.638575e-01,  8.816720e+01
  1.743942e-01,  8.821281e+01
  1.741085e-01,  9.333282e+01
  1.673592e-01,  9.308679e+01
  1.720436e-01,  8.594536e+01
  1.789842e-01,  8.440420e+01
  1.701252e-01,  9.182055e+01
  1.591160e-01,  9.737587e+01
  1.625733e-01,  9.061747e+01
  1.818178e-01,  8.249929e+01
  1.900311e-01,  8.383207e+01
  1.833761e-01,  9.011102e+01
  1.790956e-01,  9.107188e+01
  1.843369e-01,  8.603965e+01
  1.878153e-01,  8.407010e+01
  1.792875e-01,  8.679673e+01
  1.705053e-01,  8.754996e+01
  1.752781e-01,  8.365911e+01
  1.875776e-01,  8.210424e+01
  1.895447e-01,  8.550608e+01
  1.803961e-01,  8.922587e+01
  1.726934e-01,  8.946494e+01
  1.730490e-01,  8.915093e+01
  1.737601e-01,  9.113706e+01
  1.692296e-01,  9.196441e+01
  1.672449e-01,  8.879714e+01
  1.756659e-01,  8.610332e+01
  1.863798e-01,  8.752971e+01
  1.898065e-01,  8.938386e+01
  1.876914e-01,  8.792288e+01
  1.866132e-01,  8.549131e+01
  1.848769e-01,  8.614160e+01
  1.807729e-01,  8.823828e+01
  1.801952e-01,  8.761523e+01
  1.869250e-01,  8.531303e+01
  1.926375e-01,  8.540708e+01
  1.893290e-01,  8.765866e+01
  1.814991e-01,  8.874615e+01
  1.761181e-01,  8.767929e+01
  1.729095e-01,  8.665512e+01
  1.720720e-01,  8.584737e+01
  1.801812e-01,  8.360107e+01
  1.945938e-01,  8.181510e+01
  1.966156e-01,  8.358920e+01
  1.792591e-01,  8.826668e+01
  1.622064e-01,  9.048654e+01
  1.666732e-01,  8.644093e+01
  1.868936e-01,  8.274554e+01
  1.954433e-01,  8.371033e+01
  1.858398e-01,  8.656706e+01
  1.773758e-01,  8.681772e+01
  1.829616e-01,  8.448649e+01
  1.898840e-01,  8.394196e+01
  1.817943e-01,  8.616414e+01
  1.676177e-01,  8.826819e+01
  1.689571e-01,  8.673663e+01
  1.874217e-01,  8.330628e+01
  1.986423e-01,  8.196795e+01
  1.874947e-01,  8.396033e+01
  1.709752e-01,  8.829568e+01
  1.699855e-01,  9.103858e+01
  1.795308e-01,  9.050909e+01
  1.833866e-01,  8.962869e+01
  1.797693e-01,  9.012150e+01
  1.776771e-01,  9.022381e+01
  1.777217e-01,  8.773824e+01
  1.757313e-01,  8.420690e+01
  1.743012e-01,  8.362021e+01
  1.774653e-01,  8.701449e+01
  1.799077e-01,  9.021166e+01
  1.757824e-01,  8.945840e+01
  1.748458e-01,  8.600638e+01
  1.835074e-01,  8.516067e+01
  1.875781e-01,  8.814483e+01
  1.759307e-01,  9.102460e+01
  1.636680e-01,  8.977616e+01
  1.728968e-01,  8.640177e+01
  1.924887e-01,  8.648570e+01
  1.934759e-01,  8.893113e+01
  1.765951e-01,  8.938217e+01
  1.716370e-01,  8.601000e+01
  1.876960e-01,  8.422902e+01
  1.960645e-01,  8.696554e+01
  1.803618e-01,  9.123406e+01
  1.635388e-01,  9.215539e+01
  1.724772e-01,  8.866067e+01
  1.943213e-01,  8.693250e+01
  1.963315e-01,  8.880522e+01
  1.799726e-01,  9.128142e+01
  1.728190e-01,  8.993704e+01
  1.807252e-01,  8.604060e+01
  1.811417e-01,  8.518734e+01
  1.696549e-01,  8.861923e+01
  1.684885e-01,  9.130259e+01
  1.774676e-01,  8.926555e+01
  1.730743e-01,  8.743314e+01
  1.593054e-01,  9.039980e+01
  1.684832e-01,  9.308156e+01
  1.889307e-01,  9.001842e+01
  1.737216e-01,  8.802162e+01
  1.377491e-01,  9.434162e+01
  1.555604e-01,  9.652014e+01
  2.140766e-01,  8.575810e+01
  2.085524e-01,  7.810909e+01
  1.230037e-01,  8.688812e+01
  1.253417e-01,  1.067038e+02
  2.248040e-01,  8.889124e+01
  2.487532e-01,  7.530860e+01
  1.030772e-01,  8.385597e+01
  9.793814e-02,  1.408181e+02
  2.347483e-01,  9.275543e+01
  3.259870e-01,  6.856482e+01
  1.023760e-01,  6.120086e+01
  1.273372e-01,  -1.790344e+02
  2.923675e-01,  9.660731e+01
  4.933349e-01,  6.170915e+01
  1.451220e-01,  1.563071e+01
  2.919133e-01,  -1.406162e+02
  3.579377e-01,  1.054965e+02
  8.147813e-01,  5.499036e+01
  3.591263e-01,  -1.529718e+01
  7.551050e-01,  -1.285981e+02
  6.149581e-01,  1.189462e+02
  1.648155e+00,  4.993928e+01
  1.005785e+00,  -4.153880e+01
  2.894739e+00,  -1.476903e+02
  4.480629e+00,  1.872338e+01
  4.066504e+00,  -9.989534e+01
  7.205854e+00,  -1.482343e+02
  1.492344e+01,  9.177825e+01
  2.297432e+01,  6.761340e+01
  1.635854e+01,  4.580176e+01
  7.924929e+00,  -1.786678e+01
  1.159594e+01,  -8.179748e+01
  1.245249e+01,  -1.141662e+02
  1.106623e+01,  -1.623094e+02
  1.387182e+01,  1.507656e+02
  1.530161e+01,  1.286270e+02
  1.066982e+01,  1.240734e+02
  4.733973e+00,  1.684905e+02
  6.581019e+00,  -1.321268e+02
  5.718765e+00,  -1.148824e+02
  2.676976e+00,  -3.982818e+01
  6.672872e+00,  1.474012e+01
  7.389969e+00,  1.163020e+01
  5.296392e+00,  -5.072348e+01
  1.282674e+01,  -1.038529e+02
  1.854501e+01,  -1.149166e+02
  1.383951e+01,  -1.239031e+02
  6.314424e+00,  1.618014e+02
  1.538570e+01,  1.157133e+02
  1.705634e+01,  1.189392e+02
  8.625537e+00,  1.434058e+02
  7.541003e+00,  -9.265289e+01
  1.651590e+01,  -5.757209e+01
  1.766416e+01,  -3.583532e+01
  1.217103e+01,  -1.233479e+01
  4.635609e+00,  9.188342e+00
  1.213699e+00,  -1.217580e+02
  2.105937e+00,  -1.121853e+02
  2.976019e+00,  9.024196e+01
  1.318522e+01,  1.107531e+02
  2.345105e+01,  1.258239e+02
  2.454580e+01,  1.411351e+02
  1.535584e+01,  -1.786603e+02
  1.714631e+01,  -9.540811e+01
  2.411605e+01,  -5.601136e+01
  1.870259e+01,  -2.935078e+01
  7.639892e+00,  3.695559e+01
  1.285101e+01,  1.197986e+02
  1.369381e+01,  1.420743e+02
  6.246944e+00,  1.587715e+02
  2.542169e+00,  -6.215886e+01
  5.183392e+00,  -4.046144e+01
  2.431226e+00,  -4.245445e+01
  1.661687e+00,  1.559050e+02
  2.978643e+00,  1.358301e+02
  2.971904e+00,  9.070469e+01
  4.239408e+00,  7.184891e+01
  4.469993e+00,  1.021203e+02
  5.898150e+00,  1.526948e+02
  6.565483e+00,  1.783759e+02
  1.977648e+00,  -1.736635e+02
  5.946918e+00,  1.965510e+01
  1.074944e+01,  2.293998e+01
  7.611184e+00,  2.341992e+01
  2.657293e+00,  -1.328020e+02
  1.232500e+01,  -1.513601e+02
  1.484821e+01,  -1.652967e+02
  1.192959e+01,  1.599697e+02
  1.283034e+01,  1.079891e+02
  1.458465e+01,  7.222584e+01
  1.320561e+01,  3.245287e+01
  1.345579e+01,  -1.456981e+01
  1.431714e+01,  -5.042656e+01
  1.320142e+01,  -7.989711e+01
  1.003461e+01,  -1.036133e+02
  3.713697e+00,  -1.273573e+02
  5.146945e+00,  8.341398e+01
  1.162995e+01,  7.886631e+01
  1.344251e+01,  8.597041e+01
  1.133579e+01,  9.506306e+01
  8.377952e+00,  8.803851e+01
  9.278985e+00,  5.593799e+01
  1.320625e+01,  4.083359e+01
  1.300143e+01,  3.596393e+01
  6.610013e+00,  1.628170e+01
  6.764341e+00,  -8.028167e+01
  1.186394e+01,  -9.939433e+01
  9.250639e+00,  -1.080295e+02
  2.822156e+00,  1.715801e+02
  9.842148e+00,  1.030146e+02
  1.323430e+01,  9.268431e+01
  1.122765e+01,  7.667022e+01
  9.423668e+00,  4.662517e+01
  9.126715e+00,  2.932363e+01
  4.920845e+00,  3.232132e+01
  4.417415e+00,  -1.554363e+02
  1.403923e+01,  -1.354686e+02
  1.818160e+01,  -1.140964e+02
  1.496763e+01,  -8.894981e+01
  8.854863e+00,  -4.753819e+01
  8.762596e+00,  1.002405e+01
  1.394586e+01,  2.515268e+01
  1.955958e+01,  1.412231e+01
  4.811388e+00,  -5.107218e+01
##END=