##TITLE= twqubit_C6180_H_25000.txt
##JCAMP-DX= 5.00 Bruker JCAMP library
##DATA TYPE= Shape Data
##ORIGIN= Colm's GRAPE Pulses 
##OWNER= caryan
##DATE= 23-Dec-2014
##TIME= 12:24
##MINX= 3.485455e-01
##MAXX= 3.358422e+01
##MINY= 6.025168e+00
##MAXY= 3.599701e+02
##$SHAPE_EXMODE= None
##$SHAPE_TOTROT= 9.000000e+01
##$SHAPE_BWFAC= 1.000000e+00
##$SHAPE_INTEGFAC= 1.000000e+00
##$SHAPE_MODE= 1
##NPOINTS= 200
##XYPOINTS= (XY..XY)
  4.022357e-01,  1.487399e+02
  1.564602e+00,  1.533202e+01
  1.079846e+01,  3.295354e+02
  2.311192e+01,  3.129842e+02
  2.698236e+01,  2.985519e+02
  2.510145e+01,  2.859120e+02
  2.106244e+01,  2.781751e+02
  1.608622e+01,  2.761500e+02
  1.117198e+01,  2.808888e+02
  6.674546e+00,  2.938037e+02
  2.821002e+00,  3.261170e+02
  2.205036e+00,  6.521839e+01
  4.354078e+00,  1.030731e+02
  6.326039e+00,  1.201029e+02
  8.467000e+00,  1.320240e+02
  1.058761e+01,  1.378997e+02
  1.212726e+01,  1.371978e+02
  1.327815e+01,  1.305602e+02
  1.456379e+01,  1.194689e+02
  1.627462e+01,  1.062356e+02
  1.844186e+01,  9.477215e+01
  2.047380e+01,  8.811080e+01
  2.153808e+01,  8.692534e+01
  2.102964e+01,  9.152812e+01
  1.919368e+01,  1.025448e+02
  1.752809e+01,  1.188878e+02
  1.718566e+01,  1.344742e+02
  1.744089e+01,  1.432898e+02
  1.705842e+01,  1.451260e+02
  1.545711e+01,  1.412263e+02
  1.292339e+01,  1.305678e+02
  1.082993e+01,  1.109394e+02
  1.062509e+01,  8.699614e+01
  1.195291e+01,  6.851657e+01
  1.378692e+01,  5.676592e+01
  1.552250e+01,  5.061937e+01
  1.642805e+01,  4.934754e+01
  1.607980e+01,  5.189750e+01
  1.516228e+01,  5.762289e+01
  1.491199e+01,  6.399388e+01
  1.523836e+01,  6.594526e+01
  1.508149e+01,  6.168949e+01
  1.428375e+01,  5.245636e+01
  1.346543e+01,  3.989225e+01
  1.304775e+01,  2.580283e+01
  1.286723e+01,  1.077074e+01
  1.259986e+01,  3.539535e+02
  1.210976e+01,  3.361024e+02
  1.119173e+01,  3.190433e+02
  9.879972e+00,  3.016103e+02
  8.805171e+00,  2.803700e+02
  8.680868e+00,  2.547410e+02
  9.887884e+00,  2.305812e+02
  1.207082e+01,  2.147088e+02
  1.452896e+01,  2.071176e+02
  1.687382e+01,  2.044432e+02
  1.858689e+01,  2.042814e+02
  1.920213e+01,  2.060960e+02
  1.898680e+01,  2.102833e+02
  1.841678e+01,  2.171870e+02
  1.781177e+01,  2.264550e+02
  1.773041e+01,  2.358360e+02
  1.832122e+01,  2.419138e+02
  1.894617e+01,  2.435969e+02
  1.905893e+01,  2.416302e+02
  1.855489e+01,  2.365525e+02
  1.742125e+01,  2.287483e+02
  1.574074e+01,  2.185759e+02
  1.377259e+01,  2.054301e+02
  1.196277e+01,  1.871734e+02
  1.097475e+01,  1.636681e+02
  1.081977e+01,  1.396377e+02
  1.083495e+01,  1.167015e+02
  1.110507e+01,  9.284042e+01
  1.212828e+01,  6.939764e+01
  1.386556e+01,  4.915052e+01
  1.595645e+01,  3.310087e+01
  1.800610e+01,  2.115251e+01
  1.971476e+01,  1.280142e+01
  2.085478e+01,  7.750644e+00
  2.122485e+01,  6.025168e+00
  2.076652e+01,  7.878700e+00
  1.968018e+01,  1.363231e+01
  1.842562e+01,  2.288684e+01
  1.732391e+01,  3.362200e+01
  1.607624e+01,  4.312009e+01
  1.392507e+01,  4.978440e+01
  1.017220e+01,  5.263017e+01
  4.563473e+00,  4.260158e+01
  4.220539e+00,  2.843937e+02
  1.203627e+01,  2.706235e+02
  1.896272e+01,  2.736956e+02
  2.420658e+01,  2.800771e+02
  2.795681e+01,  2.877535e+02
  3.076376e+01,  2.955098e+02
  3.329559e+01,  3.009888e+02
  3.358422e+01,  3.028140e+02
  1.996729e+01,  3.070684e+02
  1.485991e+01,  1.340551e+02
  2.529893e+00,  1.687337e+01
  5.130382e+00,  7.060074e+01
  7.604629e+00,  3.914298e+01
  1.406810e+01,  3.495326e+02
  2.254485e+01,  3.198616e+02
  2.394655e+01,  2.997154e+02
  2.129532e+01,  2.829427e+02
  1.742626e+01,  2.708044e+02
  1.260917e+01,  2.601961e+02
  7.881510e+00,  2.474238e+02
  4.019576e+00,  2.253162e+02
  2.593070e+00,  1.654067e+02
  4.140274e+00,  1.319869e+02
  5.513998e+00,  1.278392e+02
  6.643634e+00,  1.302737e+02
  8.260785e+00,  1.335445e+02
  1.001454e+01,  1.331997e+02
  1.142471e+01,  1.269615e+02
  1.321934e+01,  1.159811e+02
  1.577359e+01,  1.039890e+02
  1.853863e+01,  9.289145e+01
  2.111080e+01,  8.450004e+01
  2.284536e+01,  8.064777e+01
  2.296939e+01,  8.217821e+01
  2.142071e+01,  9.012300e+01
  1.923733e+01,  1.055997e+02
  1.834405e+01,  1.265053e+02
  1.958858e+01,  1.438364e+02
  2.121384e+01,  1.516711e+02
  2.121478e+01,  1.521122e+02
  1.911350e+01,  1.476568e+02
  1.596913e+01,  1.376347e+02
  1.345467e+01,  1.198864e+02
  1.275255e+01,  9.652968e+01
  1.383850e+01,  7.622658e+01
  1.555701e+01,  6.494048e+01
  1.672930e+01,  6.180169e+01
  1.682500e+01,  6.314816e+01
  1.593142e+01,  6.462742e+01
  1.481133e+01,  6.137746e+01
  1.467373e+01,  5.196353e+01
  1.553476e+01,  4.242273e+01
  1.595975e+01,  3.602658e+01
  1.558767e+01,  3.010705e+01
  1.516394e+01,  2.313634e+01
  1.497756e+01,  1.632677e+01
  1.467952e+01,  9.345083e+00
  1.396760e+01,  3.599701e+02
  1.280333e+01,  3.478079e+02
  1.113693e+01,  3.343844e+02
  9.054974e+00,  3.187195e+02
  7.150740e+00,  2.957299e+02
  6.376614e+00,  2.619704e+02
  7.494217e+00,  2.289406e+02
  9.835413e+00,  2.104658e+02
  1.235190e+01,  2.035398e+02
  1.483044e+01,  2.018419e+02
  1.698719e+01,  2.020735e+02
  1.827978e+01,  2.041319e+02
  1.884274e+01,  2.086889e+02
  1.923376e+01,  2.150786e+02
  1.960210e+01,  2.218079e+02
  2.005580e+01,  2.277348e+02
  2.071260e+01,  2.316161e+02
  2.111615e+01,  2.326388e+02
  2.077098e+01,  2.309728e+02
  1.968171e+01,  2.271592e+02
  1.797835e+01,  2.217663e+02
  1.578210e+01,  2.147447e+02
  1.335995e+01,  2.043631e+02
  1.123617e+01,  1.879748e+02
  1.001532e+01,  1.662915e+02
  9.582670e+00,  1.438414e+02
  9.482431e+00,  1.212484e+02
  9.945931e+00,  9.743927e+01
  1.128297e+01,  7.545547e+01
  1.323744e+01,  5.770791e+01
  1.543832e+01,  4.396546e+01
  1.756664e+01,  3.361196e+01
  1.933886e+01,  2.609501e+01
  2.053842e+01,  2.112151e+01
  2.099324e+01,  1.883300e+01
  2.059959e+01,  1.957926e+01
  1.945550e+01,  2.356050e+01
  1.789481e+01,  3.036943e+01
  1.613951e+01,  3.868896e+01
  1.401413e+01,  4.702033e+01
  1.108010e+01,  5.476920e+01
  6.964621e+00,  6.317889e+01
  1.677456e+00,  9.479302e+01
  5.438837e+00,  2.350869e+02
  1.246670e+01,  2.473675e+02
  1.872612e+01,  2.570193e+02
  2.363932e+01,  2.672188e+02
  2.732513e+01,  2.781297e+02
  3.043765e+01,  2.890290e+02
  3.331183e+01,  2.977323e+02
  3.074792e+01,  3.050520e+02
  1.413546e+01,  3.143953e+02
  3.358565e+00,  1.433867e+02
  3.485455e-01,  3.267292e+02
##END=
