##TITLE= twqubit_encoding1_Hfix2
##JCAMP-DX= 5.00 Bruker JCAMP library
##DATA TYPE= Shape Data
##ORIGIN= Colm Fixed Pulses 
##OWNER= d29lu
##DATE= 21-Apr-2015
##TIME= 19:13
##MINX= 3.825700e-02
##MAXX= 4.263403e+01
##MINY= -1.797575e+02
##MAXY= 1.798633e+02
##$SHAPE_EXMODE= None
##$SHAPE_TOTROT= 9.000000e+01
##$SHAPE_BWFAC= 1.000000e+00
##$SHAPE_INTEGFAC= 1.000000e+00
##$SHAPE_MODE= 1
##NPOINTS= 3298
##XYPOINTS= (XY..XY)
  3.212649e-01,  -1.485620e+01
  5.498625e+00,  -3.514610e+01
  2.107506e+01,  -3.716775e+01
  2.384871e+01,  -3.582511e+01
  2.106338e+01,  -3.093458e+01
  1.972858e+01,  -3.040801e+01
  1.836503e+01,  -3.147541e+01
  1.452914e+01,  -2.849502e+01
  1.025200e+01,  -2.524568e+01
  7.339195e+00,  -3.780656e+01
  4.690025e+00,  -7.182487e+01
  4.088175e+00,  -1.624110e+02
  9.694621e+00,  1.636727e+02
  1.500721e+01,  1.612283e+02
  1.965100e+01,  1.600403e+02
  2.378595e+01,  1.560521e+02
  2.593035e+01,  1.545610e+02
  2.543169e+01,  1.565683e+02
  2.380366e+01,  1.549684e+02
  2.142584e+01,  1.455766e+02
  1.756410e+01,  1.350483e+02
  1.284375e+01,  1.306537e+02
  9.450134e+00,  1.298749e+02
  6.826462e+00,  1.281357e+02
  3.807798e+00,  1.524036e+02
  4.993246e+00,  -1.509102e+02
  7.764350e+00,  -1.432910e+02
  1.019237e+01,  -1.442087e+02
  1.318460e+01,  -1.435330e+02
  1.590442e+01,  -1.453782e+02
  1.794236e+01,  -1.493533e+02
  1.961541e+01,  -1.507388e+02
  2.058872e+01,  -1.488887e+02
  2.047499e+01,  -1.473250e+02
  1.932607e+01,  -1.479453e+02
  1.751752e+01,  -1.492097e+02
  1.535578e+01,  -1.498623e+02
  1.299472e+01,  -1.514716e+02
  1.038730e+01,  -1.556125e+02
  7.741218e+00,  -1.647518e+02
  6.081550e+00,  1.745682e+02
  5.702538e+00,  1.467741e+02
  5.621334e+00,  1.152263e+02
  7.065324e+00,  9.330187e+01
  9.418365e+00,  9.797659e+01
  1.098078e+01,  1.077807e+02
  1.092638e+01,  1.131476e+02
  1.173321e+01,  1.224366e+02
  1.448859e+01,  1.343566e+02
  1.613426e+01,  1.425747e+02
  1.638825e+01,  1.472483e+02
  1.772559e+01,  1.476237e+02
  1.871166e+01,  1.465762e+02
  1.698735e+01,  1.457773e+02
  1.506410e+01,  1.424479e+02
  1.473096e+01,  1.368932e+02
  1.316029e+01,  1.314981e+02
  1.021779e+01,  1.241084e+02
  9.116221e+00,  1.173152e+02
  8.937896e+00,  1.126874e+02
  6.979431e+00,  9.642065e+01
  5.763861e+00,  5.727506e+01
  7.104264e+00,  2.699908e+01
  9.748778e+00,  8.945657e+00
  1.325872e+01,  -1.228730e+00
  1.585905e+01,  -5.536276e+00
  1.704149e+01,  -9.016898e+00
  1.719519e+01,  -1.336906e+01
  1.667536e+01,  -1.763704e+01
  1.589116e+01,  -2.236621e+01
  1.505928e+01,  -2.864821e+01
  1.462955e+01,  -3.448858e+01
  1.479241e+01,  -3.680954e+01
  1.474127e+01,  -3.676475e+01
  1.349554e+01,  -3.669130e+01
  1.118103e+01,  -3.525686e+01
  8.764271e+00,  -2.878574e+01
  6.498314e+00,  -1.601988e+01
  3.929681e+00,  1.390614e+01
  4.502622e+00,  6.797238e+01
  7.708155e+00,  6.735575e+01
  1.113889e+01,  5.433964e+01
  1.345438e+01,  5.255593e+01
  1.555528e+01,  5.597178e+01
  1.841904e+01,  5.397280e+01
  1.991639e+01,  5.050441e+01
  1.892926e+01,  5.214441e+01
  1.755748e+01,  5.662830e+01
  1.595505e+01,  5.562380e+01
  1.307483e+01,  4.929854e+01
  1.036003e+01,  4.558690e+01
  9.297636e+00,  4.371490e+01
  1.024362e+01,  3.023319e+01
  1.366488e+01,  1.714443e+01
  1.678332e+01,  1.752526e+01
  1.819107e+01,  2.325036e+01
  2.092810e+01,  1.993620e+01
  1.916678e+01,  1.011843e+01
  7.653485e+00,  -1.613386e+02
  1.733117e+00,  -1.106720e+01
  2.034106e+00,  3.216726e+01
  4.875395e-01,  -1.599099e+02
  1.088263e+00,  -1.668894e+02
  4.288439e-01,  4.856599e+01
  8.823773e-01,  2.232801e+01
  3.825700e-02,  -1.171553e+02
  4.778783e-01,  -1.758256e+02
  2.492807e-01,  7.612244e+01
  5.257855e-01,  2.904140e+01
  1.354548e-01,  2.054238e+01
  2.079859e-01,  1.714069e+02
  1.967979e-01,  9.124890e+01
  3.521333e-01,  3.925269e+01
  1.982097e-01,  2.885420e+01
  7.667400e-02,  1.136806e+02
  1.783054e-01,  8.220918e+01
  2.847184e-01,  4.828038e+01
  2.244521e-01,  3.706293e+01
  1.207395e-01,  5.754481e+01
  1.716269e-01,  6.755897e+01
  2.411731e-01,  4.984664e+01
  2.155563e-01,  3.903237e+01
  1.492368e-01,  4.909297e+01
  1.767576e-01,  6.553922e+01
  2.300282e-01,  5.911948e+01
  2.215134e-01,  4.983043e+01
  1.778374e-01,  4.943346e+01
  1.763482e-01,  5.676440e+01
  2.062793e-01,  5.542008e+01
  2.082920e-01,  4.973567e+01
  1.844294e-01,  5.003009e+01
  1.831392e-01,  5.787643e+01
  2.075974e-01,  6.029810e+01
  2.153209e-01,  5.594599e+01
  1.994144e-01,  5.186982e+01
  1.879876e-01,  5.273782e+01
  1.959813e-01,  5.519637e+01
  2.056295e-01,  5.517812e+01
  2.032519e-01,  5.499257e+01
  1.986626e-01,  5.664221e+01
  2.014444e-01,  5.727232e+01
  2.046191e-01,  5.467976e+01
  2.013260e-01,  5.213158e+01
  1.966151e-01,  5.353162e+01
  1.989035e-01,  5.663267e+01
  2.035071e-01,  5.580761e+01
  2.018585e-01,  5.121912e+01
  1.950491e-01,  4.836671e+01
  1.906263e-01,  5.081511e+01
  1.947344e-01,  5.499579e+01
  2.017048e-01,  5.608436e+01
  2.040420e-01,  5.487501e+01
  2.017734e-01,  5.414330e+01
  1.987020e-01,  5.382902e+01
  1.970758e-01,  5.228015e+01
  1.970220e-01,  5.048656e+01
  1.981398e-01,  5.103487e+01
  2.003078e-01,  5.334992e+01
  2.014560e-01,  5.409422e+01
  1.994403e-01,  5.244807e+01
  1.964420e-01,  5.158069e+01
  1.967140e-01,  5.405838e+01
  2.018998e-01,  5.759493e+01
  2.066633e-01,  5.820851e+01
  2.061580e-01,  5.533943e+01
  2.022214e-01,  5.175121e+01
  1.983202e-01,  5.042194e+01
  1.963455e-01,  5.149737e+01
  1.960281e-01,  5.258308e+01
  1.957143e-01,  5.221782e+01
  1.952066e-01,  5.192980e+01
  1.962462e-01,  5.401744e+01
  2.008402e-01,  5.749682e+01
  2.062945e-01,  5.839309e+01
  2.071701e-01,  5.494583e+01
  2.029300e-01,  5.020504e+01
  1.965121e-01,  4.929161e+01
  1.942245e-01,  5.349990e+01
  1.993473e-01,  5.770869e+01
  2.037648e-01,  5.714191e+01
  2.019087e-01,  5.310742e+01
  1.975495e-01,  5.076870e+01
  1.973318e-01,  5.356570e+01
  2.038116e-01,  5.858928e+01
  2.082353e-01,  6.042751e+01
  2.037359e-01,  5.764001e+01
  1.974702e-01,  5.334972e+01
  1.972938e-01,  5.214228e+01
  2.016419e-01,  5.418020e+01
  2.033061e-01,  5.532843e+01
  1.993658e-01,  5.300079e+01
  1.957977e-01,  4.915545e+01
  1.961263e-01,  4.805974e+01
  1.977594e-01,  5.068904e+01
  1.984570e-01,  5.401375e+01
  1.982041e-01,  5.524347e+01
  1.988215e-01,  5.463912e+01
  2.006769e-01,  5.411758e+01
  2.015641e-01,  5.415975e+01
  1.997413e-01,  5.358413e+01
  1.962549e-01,  5.189753e+01
  1.940341e-01,  5.042972e+01
  1.945726e-01,  5.054947e+01
  1.964859e-01,  5.178883e+01
  1.973045e-01,  5.306428e+01
  1.972496e-01,  5.443968e+01
  1.989696e-01,  5.617075e+01
  2.020596e-01,  5.709162e+01
  2.023305e-01,  5.595748e+01
  1.991741e-01,  5.378776e+01
  1.974300e-01,  5.326587e+01
  2.004771e-01,  5.491637e+01
  2.045110e-01,  5.567926e+01
  2.036324e-01,  5.314864e+01
  1.998656e-01,  4.882887e+01
  1.977419e-01,  4.674423e+01
  1.967434e-01,  4.844960e+01
  1.944487e-01,  5.125304e+01
  1.910173e-01,  5.206011e+01
  1.907393e-01,  5.097033e+01
  1.953605e-01,  5.067443e+01
  2.006111e-01,  5.244119e+01
  2.028954e-01,  5.455177e+01
  2.029831e-01,  5.458549e+01
  2.029184e-01,  5.236624e+01
  2.014582e-01,  5.038808e+01
  1.964484e-01,  5.089066e+01
  1.917828e-01,  5.333301e+01
  1.934177e-01,  5.490994e+01
  2.005228e-01,  5.419651e+01
  2.062215e-01,  5.270036e+01
  2.051152e-01,  5.202013e+01
  1.990077e-01,  5.195601e+01
  1.937575e-01,  5.154309e+01
  1.925541e-01,  5.106356e+01
  1.939963e-01,  5.163518e+01
  1.951217e-01,  5.281279e+01
  1.943250e-01,  5.261291e+01
  1.928325e-01,  5.033043e+01
  1.931476e-01,  4.817100e+01
  1.949656e-01,  4.869234e+01
  1.962935e-01,  5.129038e+01
  1.960686e-01,  5.303813e+01
  1.956903e-01,  5.245226e+01
  1.977088e-01,  5.140196e+01
  2.011982e-01,  5.269649e+01
  2.037021e-01,  5.645825e+01
  2.045569e-01,  5.998132e+01
  2.036279e-01,  6.046188e+01
  2.015369e-01,  5.756084e+01
  1.996614e-01,  5.359031e+01
  1.986249e-01,  5.146900e+01
  1.986548e-01,  5.234835e+01
  1.992807e-01,  5.488357e+01
  1.984774e-01,  5.675307e+01
  1.955923e-01,  5.681514e+01
  1.933034e-01,  5.580498e+01
  1.940560e-01,  5.509389e+01
  1.972290e-01,  5.472326e+01
  2.003603e-01,  5.356548e+01
  2.013535e-01,  5.152943e+01
  1.994694e-01,  5.040717e+01
  1.965167e-01,  5.179737e+01
  1.968772e-01,  5.440701e+01
  2.013857e-01,  5.503220e+01
  2.052828e-01,  5.298509e+01
  2.040132e-01,  5.083632e+01
  1.984596e-01,  5.088410e+01
  1.948374e-01,  5.247248e+01
  1.962726e-01,  5.335855e+01
  1.993363e-01,  5.340797e+01
  2.004514e-01,  5.416055e+01
  2.005014e-01,  5.559374e+01
  2.011878e-01,  5.592848e+01
  2.011281e-01,  5.450992e+01
  1.985728e-01,  5.258359e+01
  1.950460e-01,  5.110253e+01
  1.942023e-01,  4.983672e+01
  1.967530e-01,  4.892892e+01
  1.993202e-01,  4.935145e+01
  1.993125e-01,  5.111962e+01
  1.977894e-01,  5.274058e+01
  1.970988e-01,  5.315224e+01
  1.982361e-01,  5.308871e+01
  1.996467e-01,  5.345639e+01
  1.985163e-01,  5.373793e+01
  1.941359e-01,  5.311346e+01
  1.898759e-01,  5.198765e+01
  1.896420e-01,  5.152510e+01
  1.928200e-01,  5.215641e+01
  1.952955e-01,  5.342898e+01
  1.952849e-01,  5.440645e+01
  1.950465e-01,  5.350930e+01
  1.968351e-01,  4.996380e+01
  1.995495e-01,  4.615929e+01
  1.994223e-01,  4.608363e+01
  1.970523e-01,  5.059350e+01
  1.960392e-01,  5.535446e+01
  1.946528e-01,  5.584601e+01
  1.927279e-01,  5.328662e+01
  1.931001e-01,  5.230609e+01
  1.967153e-01,  5.388451e+01
  2.012869e-01,  5.445631e+01
  2.032639e-01,  5.227287e+01
  2.022902e-01,  5.003360e+01
  2.000638e-01,  5.076994e+01
  1.998153e-01,  5.360457e+01
  2.023445e-01,  5.530628e+01
  2.043935e-01,  5.477639e+01
  2.027969e-01,  5.327696e+01
  1.979985e-01,  5.179117e+01
  1.943222e-01,  5.045881e+01
  1.949838e-01,  4.967249e+01
  1.978454e-01,  4.989562e+01
  1.984382e-01,  5.075899e+01
  1.958634e-01,  5.157129e+01
  1.935950e-01,  5.217267e+01
  1.946289e-01,  5.260725e+01
  1.977863e-01,  5.258512e+01
  1.998849e-01,  5.220731e+01
  2.000589e-01,  5.246135e+01
  2.002453e-01,  5.386305e+01
  2.015389e-01,  5.512482e+01
  2.020887e-01,  5.469939e+01
  2.007158e-01,  5.316642e+01
  1.992069e-01,  5.263412e+01
  1.998154e-01,  5.385600e+01
  2.018398e-01,  5.517414e+01
  2.021890e-01,  5.488977e+01
  2.004397e-01,  5.319016e+01
  1.991820e-01,  5.163151e+01
  1.995151e-01,  5.153136e+01
  1.998201e-01,  5.265105e+01
  1.984391e-01,  5.320354e+01
  1.960658e-01,  5.159939e+01
  1.952811e-01,  4.905809e+01
  1.966599e-01,  4.912462e+01
  1.991829e-01,  5.252364e+01
  2.010726e-01,  5.487589e+01
  1.994263e-01,  5.234114e+01
  1.962257e-01,  4.772235e+01
  1.931626e-01,  4.780415e+01
  1.927724e-01,  5.351595e+01
  1.961257e-01,  5.747757e+01
  1.981146e-01,  5.481981e+01
  1.995063e-01,  4.996173e+01
  2.002197e-01,  5.003241e+01
  2.007690e-01,  5.507033e+01
  2.016092e-01,  5.859632e+01
  1.998165e-01,  5.664864e+01
  1.974056e-01,  5.189744e+01
  1.963708e-01,  4.946143e+01
  1.972021e-01,  5.117826e+01
  2.010988e-01,  5.485685e+01
  2.054609e-01,  5.725521e+01
  2.053237e-01,  5.660356e+01
  2.006885e-01,  5.336887e+01
  1.965722e-01,  5.033206e+01
  1.959595e-01,  5.027087e+01
  1.979049e-01,  5.233965e+01
  1.992214e-01,  5.350307e+01
  1.981894e-01,  5.313766e+01
  1.963008e-01,  5.338605e+01
  1.954399e-01,  5.504670e+01
  1.957600e-01,  5.587264e+01
  1.959409e-01,  5.448650e+01
  1.950764e-01,  5.292691e+01
  1.930646e-01,  5.328719e+01
  1.920530e-01,  5.428279e+01
  1.941570e-01,  5.366883e+01
  1.983846e-01,  5.241147e+01
  2.012095e-01,  5.288752e+01
  2.016961e-01,  5.457660e+01
  2.021400e-01,  5.478185e+01
  2.035201e-01,  5.314099e+01
  2.032330e-01,  5.232053e+01
  1.990902e-01,  5.351730e+01
  1.941891e-01,  5.437367e+01
  1.930314e-01,  5.269189e+01
  1.962113e-01,  5.053185e+01
  1.996364e-01,  5.112664e+01
  2.015100e-01,  5.379064e+01
  2.030733e-01,  5.500928e+01
  2.042931e-01,  5.357987e+01
  2.036550e-01,  5.212189e+01
  2.004294e-01,  5.289621e+01
  1.976650e-01,  5.449153e+01
  1.977239e-01,  5.395071e+01
  1.989286e-01,  5.130320e+01
  1.979823e-01,  4.942346e+01
  1.950232e-01,  5.022718e+01
  1.947702e-01,  5.289008e+01
  1.990082e-01,  5.535304e+01
  2.035591e-01,  5.658533e+01
  2.040939e-01,  5.631786e+01
  2.007568e-01,  5.428934e+01
  1.970464e-01,  5.135727e+01
  1.960167e-01,  4.998748e+01
  1.989557e-01,  5.158523e+01
  2.043853e-01,  5.424274e+01
  2.059936e-01,  5.523387e+01
  1.999340e-01,  5.435077e+01
  1.922684e-01,  5.356133e+01
  1.921848e-01,  5.425004e+01
  1.994419e-01,  5.527780e+01
  2.039969e-01,  5.518187e+01
  2.004484e-01,  5.418927e+01
  1.951873e-01,  5.337690e+01
  1.959107e-01,  5.324878e+01
  2.007323e-01,  5.329102e+01
  2.024713e-01,  5.302778e+01
  1.995796e-01,  5.266818e+01
  1.968994e-01,  5.271136e+01
  1.975584e-01,  5.319344e+01
  1.993108e-01,  5.344117e+01
  1.989350e-01,  5.281617e+01
  1.967158e-01,  5.157666e+01
  1.953108e-01,  5.082242e+01
  1.963200e-01,  5.119744e+01
  1.987874e-01,  5.190623e+01
  2.000154e-01,  5.170196e+01
  1.985881e-01,  5.043165e+01
  1.962073e-01,  4.920718e+01
  1.955345e-01,  4.935453e+01
  1.972119e-01,  5.125421e+01
  1.998240e-01,  5.403166e+01
  2.019563e-01,  5.598376e+01
  2.030643e-01,  5.555653e+01
  2.029603e-01,  5.285978e+01
  2.010587e-01,  5.003863e+01
  1.972016e-01,  4.927164e+01
  1.936514e-01,  5.053728e+01
  1.926073e-01,  5.209909e+01
  1.936863e-01,  5.327850e+01
  1.963469e-01,  5.492429e+01
  2.006896e-01,  5.672929e+01
  2.043127e-01,  5.666677e+01
  2.034747e-01,  5.405538e+01
  1.985341e-01,  5.122538e+01
  1.942889e-01,  5.114427e+01
  1.959146e-01,  5.335157e+01
  2.015524e-01,  5.438741e+01
  2.035989e-01,  5.294172e+01
  1.994578e-01,  5.097340e+01
  1.944130e-01,  5.062033e+01
  1.947730e-01,  5.149228e+01
  1.991819e-01,  5.167059e+01
  2.007605e-01,  5.092928e+01
  1.975052e-01,  5.077335e+01
  1.951226e-01,  5.211056e+01
  1.981043e-01,  5.367730e+01
  2.021838e-01,  5.350704e+01
  2.012782e-01,  5.138602e+01
  1.970067e-01,  4.916291e+01
  1.952529e-01,  4.941764e+01
  1.978260e-01,  5.254244e+01
  2.008353e-01,  5.570212e+01
  2.002841e-01,  5.573428e+01
  1.981923e-01,  5.225826e+01
  1.975714e-01,  4.845154e+01
  1.962706e-01,  4.772463e+01
  1.942983e-01,  5.003780e+01
  1.959465e-01,  5.254395e+01
  2.013939e-01,  5.335498e+01
  2.051737e-01,  5.341252e+01
  2.033064e-01,  5.383459e+01
  1.985332e-01,  5.382959e+01
  1.959686e-01,  5.236871e+01
  1.965868e-01,  5.096944e+01
  1.978881e-01,  5.221634e+01
  1.999401e-01,  5.568267e+01
  2.034144e-01,  5.776196e+01
  2.057992e-01,  5.646201e+01
  2.054526e-01,  5.402758e+01
  2.026736e-01,  5.360546e+01
  1.993202e-01,  5.494690e+01
  1.968273e-01,  5.517435e+01
  1.961843e-01,  5.357977e+01
  1.985424e-01,  5.272498e+01
  2.024302e-01,  5.392160e+01
  2.038484e-01,  5.501364e+01
  2.004701e-01,  5.399178e+01
  1.960283e-01,  5.211611e+01
  1.953193e-01,  5.213826e+01
  1.984719e-01,  5.410431e+01
  2.017613e-01,  5.574803e+01
  2.025673e-01,  5.620393e+01
  2.019211e-01,  5.642059e+01
  2.012921e-01,  5.683624e+01
  2.006418e-01,  5.667905e+01
  1.996871e-01,  5.564623e+01
  1.984152e-01,  5.450126e+01
  1.966870e-01,  5.361796e+01
  1.953419e-01,  5.247498e+01
  1.960586e-01,  5.110378e+01
  1.984766e-01,  5.047669e+01
  1.996393e-01,  5.074528e+01
  1.977801e-01,  5.072318e+01
  1.948092e-01,  4.980038e+01
  1.938482e-01,  4.920538e+01
  1.955697e-01,  5.010303e+01
  1.984233e-01,  5.139351e+01
  2.001164e-01,  5.123962e+01
  1.993023e-01,  4.988357e+01
  1.964940e-01,  4.942961e+01
  1.943926e-01,  5.094591e+01
  1.958515e-01,  5.275570e+01
  1.991969e-01,  5.256142e+01
  1.997403e-01,  5.038690e+01
  1.955016e-01,  4.828249e+01
  1.898724e-01,  4.822513e+01
  1.887508e-01,  5.012971e+01
  1.932471e-01,  5.176157e+01
  1.980133e-01,  5.174387e+01
  1.989988e-01,  5.132563e+01
  1.982911e-01,  5.246840e+01
  1.998852e-01,  5.467887e+01
  2.021633e-01,  5.508436e+01
  2.007403e-01,  5.264252e+01
  1.970264e-01,  5.009805e+01
  1.961084e-01,  5.076054e+01
  2.001038e-01,  5.350617e+01
  2.038860e-01,  5.430756e+01
  2.029480e-01,  5.229517e+01
  2.004679e-01,  5.057071e+01
  2.001434e-01,  5.163258e+01
  2.010335e-01,  5.379972e+01
  2.001157e-01,  5.439921e+01
  1.988999e-01,  5.392523e+01
  2.006456e-01,  5.462393e+01
  2.032076e-01,  5.623258e+01
  2.013363e-01,  5.620135e+01
  1.959211e-01,  5.374749e+01
  1.935211e-01,  5.161376e+01
  1.954754e-01,  5.250612e+01
  1.971915e-01,  5.484053e+01
  1.952301e-01,  5.495150e+01
  1.929153e-01,  5.170585e+01
  1.946852e-01,  4.809398e+01
  1.971424e-01,  4.754689e+01
  1.962437e-01,  4.998489e+01
  1.944405e-01,  5.264302e+01
  1.953964e-01,  5.306389e+01
  1.986805e-01,  5.162104e+01
  2.011540e-01,  5.063331e+01
  2.018485e-01,  5.147699e+01
  2.020916e-01,  5.328142e+01
  2.009598e-01,  5.425111e+01
  1.973932e-01,  5.395035e+01
  1.948652e-01,  5.356129e+01
  1.969493e-01,  5.400705e+01
  2.004875e-01,  5.460386e+01
  1.996068e-01,  5.438111e+01
  1.958279e-01,  5.360414e+01
  1.961031e-01,  5.338584e+01
  2.008704e-01,  5.400293e+01
  2.026460e-01,  5.455033e+01
  1.982645e-01,  5.430309e+01
  1.942883e-01,  5.338544e+01
  1.960677e-01,  5.250944e+01
  1.994447e-01,  5.224448e+01
  1.988443e-01,  5.275876e+01
  1.965456e-01,  5.384699e+01
  1.972472e-01,  5.470354e+01
  1.991292e-01,  5.454791e+01
  1.979989e-01,  5.362901e+01
  1.958572e-01,  5.300694e+01
  1.976792e-01,  5.336240e+01
  2.022216e-01,  5.410488e+01
  2.032365e-01,  5.423807e+01
  1.993776e-01,  5.353435e+01
  1.956923e-01,  5.260026e+01
  1.950577e-01,  5.214706e+01
  1.952703e-01,  5.224922e+01
  1.952339e-01,  5.252956e+01
  1.970609e-01,  5.255310e+01
  2.000265e-01,  5.183090e+01
  1.991241e-01,  5.004709e+01
  1.932522e-01,  4.781452e+01
  1.888287e-01,  4.711181e+01
  1.915400e-01,  4.926545e+01
  1.983218e-01,  5.235395e+01
  2.007249e-01,  5.360849e+01
  1.972968e-01,  5.299619e+01
  1.948590e-01,  5.328127e+01
  1.975682e-01,  5.616814e+01
  2.019200e-01,  5.906914e+01
  2.017100e-01,  5.842888e+01
  1.980457e-01,  5.436288e+01
  1.962561e-01,  5.118129e+01
  1.976041e-01,  5.235061e+01
  2.019245e-01,  5.578531e+01
  2.060085e-01,  5.691135e+01
  2.057080e-01,  5.469769e+01
  2.015874e-01,  5.235299e+01
  1.974465e-01,  5.308308e+01
  1.967347e-01,  5.582988e+01
  1.969871e-01,  5.683484e+01
  1.946346e-01,  5.506657e+01
  1.929299e-01,  5.311257e+01
  1.959268e-01,  5.315695e+01
  2.003107e-01,  5.377559e+01
  1.985628e-01,  5.269259e+01
  1.915388e-01,  5.032875e+01
  1.887199e-01,  4.926082e+01
  1.945667e-01,  5.020119e+01
  2.017535e-01,  5.076577e+01
  2.010748e-01,  4.976483e+01
  1.944973e-01,  4.906737e+01
  1.915353e-01,  5.093369e+01
  1.962925e-01,  5.378623e+01
  2.014839e-01,  5.393156e+01
  2.000223e-01,  5.105837e+01
  1.949241e-01,  4.895424e+01
  1.936256e-01,  5.141990e+01
  2.000009e-01,  5.662824e+01
  2.067393e-01,  5.922154e+01
  2.050747e-01,  5.724528e+01
  1.989679e-01,  5.303395e+01
  1.963629e-01,  5.049669e+01
  1.979180e-01,  5.101728e+01
  1.990010e-01,  5.278187e+01
  1.970971e-01,  5.382906e+01
  1.949073e-01,  5.330119e+01
  1.949115e-01,  5.138754e+01
  1.954649e-01,  4.967255e+01
  1.951047e-01,  5.035897e+01
  1.970209e-01,  5.353021e+01
  2.027699e-01,  5.577005e+01
  2.066044e-01,  5.447972e+01
  2.045206e-01,  5.178927e+01
  1.997396e-01,  5.199302e+01
  1.993715e-01,  5.531811e+01
  2.033966e-01,  5.652545e+01
  2.037659e-01,  5.287074e+01
  1.984995e-01,  4.815511e+01
  1.920653e-01,  4.806503e+01
  1.925151e-01,  5.276196e+01
  2.003789e-01,  5.639793e+01
  2.052571e-01,  5.609986e+01
  2.023272e-01,  5.421545e+01
  1.963404e-01,  5.353694e+01
  1.940262e-01,  5.427806e+01
  1.965228e-01,  5.510325e+01
  1.998300e-01,  5.551527e+01
  2.008111e-01,  5.549457e+01
  1.997820e-01,  5.464845e+01
  1.988807e-01,  5.332365e+01
  1.997153e-01,  5.315734e+01
  2.023733e-01,  5.483887e+01
  2.048986e-01,  5.638284e+01
  2.041135e-01,  5.536654e+01
  2.007627e-01,  5.225596e+01
  1.990133e-01,  5.057394e+01
  2.010626e-01,  5.273945e+01
  2.054449e-01,  5.647281e+01
  2.067205e-01,  5.775668e+01
  2.031597e-01,  5.577201e+01
  1.999775e-01,  5.362267e+01
  2.009134e-01,  5.438098e+01
  2.044217e-01,  5.671449e+01
  2.050673e-01,  5.708034e+01
  2.009297e-01,  5.459545e+01
  1.970394e-01,  5.174862e+01
  1.978164e-01,  5.093828e+01
  2.016050e-01,  5.124774e+01
  2.023429e-01,  5.057213e+01
  1.977790e-01,  4.901680e+01
  1.930272e-01,  4.863259e+01
  1.936009e-01,  5.048795e+01
  1.979575e-01,  5.299315e+01
  1.999364e-01,  5.422200e+01
  1.985335e-01,  5.393680e+01
  1.983501e-01,  5.317202e+01
  2.007123e-01,  5.290529e+01
  2.019931e-01,  5.310496e+01
  2.008668e-01,  5.322409e+01
  2.004881e-01,  5.318805e+01
  2.019521e-01,  5.348685e+01
  2.017936e-01,  5.419539e+01
  1.985672e-01,  5.451516e+01
  1.964125e-01,  5.377400e+01
  1.986692e-01,  5.269242e+01
  2.021526e-01,  5.259555e+01
  2.023763e-01,  5.355454e+01
  2.003941e-01,  5.444737e+01
  2.000701e-01,  5.443492e+01
  2.015862e-01,  5.382579e+01
  2.014523e-01,  5.319244e+01
  1.983568e-01,  5.246338e+01
  1.953887e-01,  5.139031e+01
  1.955454e-01,  5.027896e+01
  1.975958e-01,  4.972238e+01
  1.982817e-01,  4.994305e+01
  1.972543e-01,  5.084556e+01
  1.973441e-01,  5.229230e+01
  1.998599e-01,  5.404088e+01
  2.021932e-01,  5.562094e+01
  2.015234e-01,  5.633786e+01
  1.987118e-01,  5.544121e+01
  1.965576e-01,  5.281443e+01
  1.958684e-01,  4.963897e+01
  1.955981e-01,  4.778247e+01
  1.959523e-01,  4.835617e+01
  1.978920e-01,  5.070058e+01
  1.998593e-01,  5.282431e+01
  1.995393e-01,  5.313243e+01
  1.980699e-01,  5.169579e+01
  1.974502e-01,  5.023105e+01
  1.965587e-01,  5.029396e+01
  1.947503e-01,  5.136183e+01
  1.946896e-01,  5.160368e+01
  1.977593e-01,  5.085431e+01
  2.001143e-01,  5.133097e+01
  1.986549e-01,  5.417280e+01
  1.974394e-01,  5.690824e+01
  2.008806e-01,  5.625042e+01
  2.070445e-01,  5.350113e+01
  2.087657e-01,  5.282869e+01
  2.044369e-01,  5.528597e+01
  2.011141e-01,  5.755590e+01
  2.025360e-01,  5.676151e+01
  2.053218e-01,  5.467969e+01
  2.043250e-01,  5.379341e+01
  2.003227e-01,  5.310607e+01
  1.982105e-01,  5.069385e+01
  1.989660e-01,  4.823137e+01
  1.982868e-01,  4.892203e+01
  1.959158e-01,  5.224549e+01
  1.962314e-01,  5.445082e+01
  2.003029e-01,  5.432994e+01
  2.041205e-01,  5.461143e+01
  2.033809e-01,  5.634145e+01
  1.994431e-01,  5.675707e+01
  1.972041e-01,  5.414855e+01
  1.981080e-01,  5.174275e+01
  1.980633e-01,  5.265856e+01
  1.970773e-01,  5.473896e+01
  1.980978e-01,  5.451252e+01
  1.996250e-01,  5.359467e+01
  1.973901e-01,  5.575793e+01
  1.956706e-01,  5.946129e+01
  2.007210e-01,  5.900105e+01
  2.068767e-01,  5.443643e+01
  2.005553e-01,  5.121960e+01
  1.859337e-01,  5.151708e+01
  1.884740e-01,  5.211247e+01
  2.082692e-01,  5.151598e+01
  2.108758e-01,  5.351641e+01
  1.904311e-01,  5.907866e+01
  1.877600e-01,  6.016452e+01
  2.142865e-01,  5.365779e+01
  2.165097e-01,  5.151521e+01
  1.746753e-01,  6.156311e+01
  1.726095e-01,  7.051101e+01
  2.297253e-01,  5.667606e+01
  2.538696e-01,  4.355505e+01
  1.576190e-01,  4.814468e+01
  1.356831e-01,  9.023026e+01
  2.464183e-01,  7.427261e+01
  3.092019e-01,  4.719172e+01
  1.473136e-01,  2.056516e+01
  8.327863e-02,  1.667857e+02
  2.815472e-01,  9.607921e+01
  4.440891e-01,  5.240639e+01
  2.308729e-01,  -3.843830e+01
  5.734874e-01,  -1.369593e+02
  1.910155e-01,  8.640110e+01
  1.728464e+00,  -1.188644e+02
  3.290230e+00,  -1.510357e+02
  4.526337e+00,  1.007290e+02
  1.021241e+01,  6.646477e+01
  1.490542e+01,  5.857581e+01
  2.025427e+01,  5.628227e+01
  2.508898e+01,  5.594245e+01
  2.774861e+01,  5.687384e+01
  2.841090e+01,  5.979347e+01
  2.798651e+01,  6.633570e+01
  2.735563e+01,  7.592530e+01
  2.650260e+01,  8.449784e+01
  2.486601e+01,  8.956626e+01
  2.278351e+01,  9.222743e+01
  2.003210e+01,  9.289812e+01
  1.585465e+01,  8.921398e+01
  1.151978e+01,  7.984019e+01
  8.590068e+00,  6.862190e+01
  6.616980e+00,  5.153038e+01
  6.673342e+00,  1.692212e+01
  9.719286e+00,  -6.195859e+00
  1.313745e+01,  -1.718892e+01
  1.564353e+01,  -2.861156e+01
  1.712629e+01,  -4.109166e+01
  1.796123e+01,  -5.144062e+01
  1.818906e+01,  -5.958670e+01
  1.781449e+01,  -6.616226e+01
  1.747353e+01,  -6.920364e+01
  1.738537e+01,  -7.144652e+01
  1.670868e+01,  -7.999429e+01
  1.564278e+01,  -9.359577e+01
  1.467740e+01,  -1.021455e+02
  1.373577e+01,  -1.028956e+02
  1.283836e+01,  -1.004315e+02
  1.194198e+01,  -9.287178e+01
  1.224662e+01,  -7.887742e+01
  1.409642e+01,  -6.875230e+01
  1.596761e+01,  -6.492875e+01
  1.720462e+01,  -6.369631e+01
  1.743778e+01,  -6.296014e+01
  1.629224e+01,  -5.931604e+01
  1.434966e+01,  -5.037141e+01
  1.214195e+01,  -3.817819e+01
  9.404109e+00,  -2.539616e+01
  6.320501e+00,  -1.039100e+01
  4.134831e+00,  2.160629e+01
  4.303639e+00,  5.957892e+01
  4.316502e+00,  7.208110e+01
  3.677073e+00,  7.391116e+01
  3.676958e+00,  8.072445e+01
  2.614269e+00,  9.709922e+01
  2.187363e+00,  -1.157401e+02
  8.555663e+00,  -9.604175e+01
  1.488589e+01,  -9.403595e+01
  2.181277e+01,  -9.451325e+01
  2.911955e+01,  -9.583183e+01
  3.370057e+01,  -9.881639e+01
  3.384406e+01,  -1.028698e+02
  3.081747e+01,  -1.062002e+02
  2.594405e+01,  -1.076462e+02
  1.933439e+01,  -1.067312e+02
  1.214166e+01,  -9.971168e+01
  7.259925e+00,  -7.388656e+01
  6.505984e+00,  -2.819340e+01
  9.131962e+00,  9.201086e+00
  1.357310e+01,  2.477693e+01
  1.591128e+01,  2.652219e+01
  1.421730e+01,  2.464409e+01
  1.075123e+01,  2.461467e+01
  7.626125e+00,  2.569756e+01
  4.596424e+00,  2.373244e+01
  1.897871e+00,  2.223473e+01
  1.118293e+00,  4.494246e+01
  2.307835e+00,  3.864084e+01
  3.686778e+00,  2.376709e+01
  4.798532e+00,  1.731924e+01
  6.418464e+00,  2.072736e+01
  8.749308e+00,  2.357334e+01
  1.127976e+01,  2.616905e+01
  1.418188e+01,  3.475830e+01
  1.822496e+01,  4.721317e+01
  2.292937e+01,  5.860963e+01
  2.573306e+01,  6.779256e+01
  2.459065e+01,  7.261940e+01
  2.157663e+01,  6.877834e+01
  2.014296e+01,  6.039445e+01
  1.818027e+01,  5.793117e+01
  1.385543e+01,  5.649729e+01
  1.023407e+01,  4.309309e+01
  8.277874e+00,  2.514836e+01
  5.505309e+00,  3.005099e+00
  6.013671e+00,  -3.623861e+01
  1.037582e+01,  -4.288772e+01
  1.364748e+01,  -4.152256e+01
  1.406517e+01,  -4.195587e+01
  1.411777e+01,  -4.238544e+01
  1.566673e+01,  -4.656844e+01
  1.147342e+01,  -8.105641e+01
  5.146085e+00,  1.474863e+02
  9.264753e+00,  -1.187569e+02
  9.455563e+00,  -1.329258e+02
  7.370008e+00,  -1.653462e+02
  7.402052e+00,  1.505023e+02
  8.291865e+00,  1.223254e+02
  1.096128e+01,  9.691244e+01
  1.512687e+01,  8.382146e+01
  1.811968e+01,  7.793563e+01
  1.997276e+01,  7.244044e+01
  2.184318e+01,  7.039144e+01
  2.310110e+01,  7.608166e+01
  2.354991e+01,  8.410355e+01
  2.303650e+01,  8.630903e+01
  2.197510e+01,  8.414918e+01
  2.126474e+01,  8.404717e+01
  1.964859e+01,  8.259381e+01
  1.592064e+01,  7.301421e+01
  1.219347e+01,  6.153395e+01
  9.024110e+00,  6.234859e+01
  5.693229e+00,  6.948672e+01
  2.328065e+00,  6.915135e+01
  4.679701e-01,  1.493884e+02
  2.559467e+00,  -1.535230e+02
  5.035994e+00,  -1.317181e+02
  7.298452e+00,  -1.129710e+02
  8.959575e+00,  -1.040504e+02
  1.003014e+01,  -1.025658e+02
  1.038188e+01,  -1.041181e+02
  1.042658e+01,  -1.081638e+02
  1.095330e+01,  -1.125981e+02
  1.133079e+01,  -1.147305e+02
  1.086430e+01,  -1.151417e+02
  1.029945e+01,  -1.115530e+02
  1.054806e+01,  -1.018105e+02
  1.142428e+01,  -9.064143e+01
  1.217176e+01,  -8.083499e+01
  1.285144e+01,  -7.308281e+01
  1.352668e+01,  -6.897089e+01
  1.372232e+01,  -6.774021e+01
  1.320445e+01,  -6.863428e+01
  1.183469e+01,  -7.241246e+01
  9.780073e+00,  -7.614323e+01
  7.901064e+00,  -7.250573e+01
  6.734708e+00,  -6.335094e+01
  5.216247e+00,  -6.331568e+01
  2.870145e+00,  -9.086238e+01
  2.835920e+00,  -1.689049e+02
  5.406696e+00,  1.629027e+02
  7.856334e+00,  1.589282e+02
  9.664329e+00,  1.587938e+02
  1.023416e+01,  1.616553e+02
  9.301563e+00,  -1.793579e+02
  1.027248e+01,  -1.427118e+02
  1.365229e+01,  -1.192779e+02
  1.693480e+01,  -1.056179e+02
  2.090479e+01,  -9.513718e+01
  2.475853e+01,  -8.933911e+01
  2.648406e+01,  -8.800381e+01
  2.632125e+01,  -8.934230e+01
  2.572533e+01,  -9.186182e+01
  2.511215e+01,  -9.514835e+01
  2.378321e+01,  -9.884781e+01
  2.116683e+01,  -1.017777e+02
  1.773447e+01,  -1.038602e+02
  1.434534e+01,  -1.075849e+02
  1.097407e+01,  -1.142941e+02
  7.358907e+00,  -1.219085e+02
  4.753424e+00,  -1.316076e+02
  4.629163e+00,  -1.468740e+02
  5.824862e+00,  -1.589049e+02
  6.415505e+00,  -1.684925e+02
  6.745724e+00,  -1.765155e+02
  7.226713e+00,  1.782246e+02
  6.709659e+00,  1.659688e+02
  5.833017e+00,  1.339857e+02
  6.468161e+00,  1.013128e+02
  7.350781e+00,  8.256125e+01
  8.718538e+00,  6.926858e+01
  1.078011e+01,  5.997537e+01
  1.287945e+01,  5.429740e+01
  1.515438e+01,  5.357101e+01
  1.824499e+01,  5.873457e+01
  2.232187e+01,  6.802579e+01
  2.571066e+01,  7.892201e+01
  2.573281e+01,  8.932268e+01
  2.287884e+01,  9.656100e+01
  2.015141e+01,  9.880397e+01
  1.788552e+01,  1.006124e+02
  1.440846e+01,  1.059010e+02
  1.042519e+01,  1.105351e+02
  7.358709e+00,  1.100528e+02
  4.398305e+00,  1.106782e+02
  3.543587e-01,  1.112170e+02
  3.353208e+00,  -5.620657e+01
  4.414606e+00,  -5.150307e+01
  3.911486e+00,  -5.008711e+01
  5.822767e+00,  -6.034120e+01
  5.791123e+00,  -9.006854e+01
  7.356491e+00,  1.413761e+02
  1.560855e+00,  -3.645949e+01
  9.868414e-01,  -4.577193e+01
  7.644039e-01,  1.565185e+02
  5.857546e-01,  1.126543e+02
  4.509706e-01,  -6.128373e+00
  3.426335e-01,  -5.348308e+01
  2.706612e-01,  1.534769e+02
  3.676320e-01,  1.038287e+02
  2.927926e-01,  2.149272e+01
  2.385336e-01,  -2.567996e+01
  7.933481e-02,  1.296626e+02
  2.662984e-01,  9.625657e+01
  2.749495e-01,  4.549739e+01
  2.318964e-01,  1.327209e+01
  1.239909e-01,  5.382441e+01
  2.284410e-01,  8.323433e+01
  2.529967e-01,  5.833023e+01
  2.186163e-01,  3.203117e+01
  1.598442e-01,  4.124681e+01
  1.906545e-01,  6.620657e+01
  2.222233e-01,  5.689551e+01
  2.049381e-01,  3.781275e+01
  1.703999e-01,  3.573214e+01
  1.781475e-01,  5.350628e+01
  2.146046e-01,  5.825075e+01
  2.132215e-01,  5.236876e+01
  1.893339e-01,  4.726575e+01
  1.844078e-01,  4.746847e+01
  1.984359e-01,  4.941417e+01
  2.010681e-01,  5.149146e+01
  1.908644e-01,  5.249482e+01
  1.909866e-01,  4.938625e+01
  2.030004e-01,  4.770157e+01
  2.063666e-01,  5.364956e+01
  1.994873e-01,  5.879382e+01
  1.914764e-01,  4.965121e+01
  1.966434e-01,  3.899703e+01
  1.949950e-01,  5.070344e+01
  2.090265e-01,  6.909990e+01
  2.010387e-01,  5.827590e+01
  2.022573e-01,  2.944837e+01
  1.820655e-01,  4.025072e+01
  2.327004e-01,  8.357993e+01
  2.320965e-01,  7.924397e+01
  1.817197e-01,  8.116398e+00
  1.804063e-01,  -2.991268e+01
  1.142509e-01,  1.145688e+02
  2.967858e-01,  9.996645e+01
  2.296172e-01,  2.156764e+01
  2.954872e-01,  -4.310460e+01
  2.058972e-01,  1.718560e+02
  5.457769e-01,  1.212844e+02
  3.889323e-01,  3.402374e+01
  6.804156e-01,  -4.095141e+01
  4.527425e-01,  -1.581330e+02
  1.212463e+00,  1.333473e+02
  9.244327e-01,  2.936553e+01
  1.268663e+00,  -5.854121e+01
  7.559552e-01,  5.129897e+01
  1.237354e+01,  -2.958339e+01
  2.890085e+01,  -4.802260e+01
  2.892067e+01,  -6.554629e+01
  2.393486e+01,  -7.936882e+01
  1.979957e+01,  -8.288967e+01
  1.492493e+01,  -8.426370e+01
  9.453133e+00,  -8.419729e+01
  4.739793e+00,  -6.859701e+01
  2.348533e+00,  -1.150683e+01
  2.635035e+00,  6.778614e+01
  4.740544e+00,  1.054671e+02
  6.843121e+00,  1.191940e+02
  8.715780e+00,  1.291877e+02
  1.058820e+01,  1.353041e+02
  1.209972e+01,  1.335559e+02
  1.342444e+01,  1.252876e+02
  1.478877e+01,  1.136278e+02
  1.647396e+01,  1.001672e+02
  1.890316e+01,  9.004363e+01
  2.116561e+01,  8.635016e+01
  2.210177e+01,  8.730131e+01
  2.106072e+01,  9.251314e+01
  1.856671e+01,  1.039557e+02
  1.676570e+01,  1.210289e+02
  1.676149e+01,  1.355829e+02
  1.715255e+01,  1.420041e+02
  1.659927e+01,  1.419589e+02
  1.472642e+01,  1.364649e+02
  1.205904e+01,  1.232860e+02
  1.029271e+01,  1.008878e+02
  1.066229e+01,  7.793109e+01
  1.217194e+01,  6.224851e+01
  1.390644e+01,  5.172935e+01
  1.553403e+01,  4.665521e+01
  1.625703e+01,  4.704951e+01
  1.560320e+01,  5.055416e+01
  1.446405e+01,  5.629894e+01
  1.444483e+01,  6.254172e+01
  1.508370e+01,  6.351402e+01
  1.477874e+01,  5.751033e+01
  1.375162e+01,  4.651871e+01
  1.296381e+01,  3.296400e+01
  1.266593e+01,  1.901382e+01
  1.251966e+01,  4.322411e+00
  1.225537e+01,  -1.323432e+01
  1.177375e+01,  -3.211001e+01
  1.065194e+01,  -4.936533e+01
  9.123228e+00,  -6.742183e+01
  8.299679e+00,  -8.992738e+01
  8.635006e+00,  -1.153911e+02
  1.012038e+01,  -1.384427e+02
  1.231043e+01,  -1.522622e+02
  1.460710e+01,  -1.572738e+02
  1.699793e+01,  -1.583383e+02
  1.868107e+01,  -1.580997e+02
  1.882109e+01,  -1.559500e+02
  1.829463e+01,  -1.509638e+02
  1.787704e+01,  -1.434635e+02
  1.730220e+01,  -1.339236e+02
  1.718554e+01,  -1.244673e+02
  1.797954e+01,  -1.192885e+02
  1.868972e+01,  -1.188237e+02
  1.860747e+01,  -1.215350e+02
  1.793782e+01,  -1.273984e+02
  1.672215e+01,  -1.364831e+02
  1.496030e+01,  -1.479991e+02
  1.299028e+01,  -1.621908e+02
  1.135787e+01,  1.779305e+02
  1.077490e+01,  1.529797e+02
  1.080500e+01,  1.296878e+02
  1.066495e+01,  1.074797e+02
  1.107156e+01,  8.383071e+01
  1.241596e+01,  6.189869e+01
  1.419658e+01,  4.263359e+01
  1.621044e+01,  2.685606e+01
  1.813652e+01,  1.626122e+01
  1.976448e+01,  1.005274e+01
  2.105811e+01,  6.543707e+00
  2.155609e+01,  5.462507e+00
  2.073294e+01,  7.964732e+00
  1.901834e+01,  1.487060e+01
  1.757339e+01,  2.421094e+01
  1.659690e+01,  3.288238e+01
  1.532208e+01,  4.147443e+01
  1.304870e+01,  5.016846e+01
  8.930616e+00,  5.255207e+01
  3.209734e+00,  1.469706e+01
  6.801084e+00,  -8.382776e+01
  1.307190e+01,  -9.492894e+01
  1.876329e+01,  -8.960308e+01
  2.637159e+01,  -7.775719e+01
  3.237889e+01,  -6.857413e+01
  3.130558e+01,  -6.138343e+01
  3.005988e+01,  -5.636631e+01
  3.778100e+01,  -5.686436e+01
  2.575847e+01,  -4.834818e+01
  4.263403e+01,  1.330381e+02
  1.596364e+01,  -3.582974e+01
  4.531517e+00,  2.515890e+01
  8.262898e+00,  6.916645e+01
  1.503318e+01,  -1.051196e+01
  2.979116e+01,  -4.506937e+01
  2.604328e+01,  -6.583062e+01
  1.830614e+01,  -8.720504e+01
  1.513723e+01,  -9.560880e+01
  1.184111e+01,  -1.014967e+02
  6.960091e+00,  -1.219028e+02
  3.498454e+00,  -1.708818e+02
  3.153477e+00,  1.343644e+02
  3.998963e+00,  1.227743e+02
  5.347021e+00,  1.254385e+02
  6.940949e+00,  1.263362e+02
  8.670400e+00,  1.288732e+02
  1.005743e+01,  1.294163e+02
  1.119341e+01,  1.219917e+02
  1.351206e+01,  1.100069e+02
  1.649569e+01,  9.919411e+01
  1.908665e+01,  8.881405e+01
  2.181329e+01,  8.185242e+01
  2.383660e+01,  8.064600e+01
  2.353901e+01,  8.387505e+01
  2.110280e+01,  9.224952e+01
  1.847331e+01,  1.081411e+02
  1.786678e+01,  1.293857e+02
  1.970058e+01,  1.458238e+02
  2.164012e+01,  1.520867e+02
  2.127298e+01,  1.508842e+02
  1.833828e+01,  1.442350e+02
  1.485505e+01,  1.308653e+02
  1.288569e+01,  1.104934e+02
  1.276485e+01,  8.752085e+01
  1.400472e+01,  6.906962e+01
  1.559229e+01,  6.034557e+01
  1.653865e+01,  5.937590e+01
  1.643460e+01,  6.124037e+01
  1.530432e+01,  6.213901e+01
  1.409904e+01,  5.762952e+01
  1.438056e+01,  4.660894e+01
  1.559783e+01,  3.748553e+01
  1.564755e+01,  3.244115e+01
  1.492956e+01,  2.634793e+01
  1.471651e+01,  1.824126e+01
  1.465046e+01,  1.164972e+01
  1.411146e+01,  5.231546e+00
  1.329238e+01,  -5.214185e+00
  1.225749e+01,  -1.904459e+01
  1.043864e+01,  -3.310325e+01
  8.077634e+00,  -5.031642e+01
  6.514558e+00,  -7.682417e+01
  6.373037e+00,  -1.105182e+02
  7.786673e+00,  -1.413739e+02
  1.017868e+01,  -1.573485e+02
  1.247433e+01,  -1.610066e+02
  1.490585e+01,  -1.606652e+02
  1.713416e+01,  -1.602735e+02
  1.812604e+01,  -1.580593e+02
  1.837637e+01,  -1.523411e+02
  1.888848e+01,  -1.452729e+02
  1.928833e+01,  -1.390349e+02
  1.965575e+01,  -1.331653e+02
  2.063582e+01,  -1.287490e+02
  2.131827e+01,  -1.277565e+02
  2.065619e+01,  -1.303624e+02
  1.904469e+01,  -1.358845e+02
  1.703874e+01,  -1.429733e+02
  1.476582e+01,  -1.508753e+02
  1.241187e+01,  -1.621558e+02
  1.052671e+01,  1.789840e+02
  9.713498e+00,  1.553846e+02
  9.427296e+00,  1.337128e+02
  9.284073e+00,  1.117696e+02
  1.000223e+01,  8.838682e+01
  1.161756e+01,  6.825344e+01
  1.354220e+01,  5.172111e+01
  1.565331e+01,  3.843541e+01
  1.770982e+01,  2.927016e+01
  1.940125e+01,  2.343511e+01
  2.064295e+01,  1.963798e+01
  2.117201e+01,  1.801433e+01
  2.051458e+01,  1.949527e+01
  1.879114e+01,  2.418820e+01
  1.687644e+01,  3.059936e+01
  1.515942e+01,  3.724756e+01
  1.313280e+01,  4.527648e+01
  1.010570e+01,  5.557561e+01
  5.644387e+00,  6.586763e+01
  5.196229e-01,  -1.763460e+02
  6.878304e+00,  -1.205628e+02
  1.331945e+01,  -1.164260e+02
  1.942582e+01,  -1.051637e+02
  2.584860e+01,  -8.965624e+01
  3.023329e+01,  -7.676356e+01
  3.053559e+01,  -6.704474e+01
  3.289128e+01,  -6.064565e+01
  3.410397e+01,  -5.289692e+01
  1.137273e+01,  -3.199921e+01
  1.426033e+01,  1.419625e+02
  5.912716e+00,  -4.638350e+01
  1.919959e+00,  -3.226440e+01
  2.287019e+00,  1.268416e+02
  1.210910e+00,  1.430402e+02
  1.243038e+00,  -5.346878e+01
  7.952394e-01,  -3.465211e+01
  8.868756e-01,  1.208881e+02
  7.134238e-01,  1.345597e+02
  4.719482e-01,  -5.759028e+01
  4.880882e-01,  -4.345026e+01
  3.818016e-01,  1.126830e+02
  4.905432e-01,  1.167481e+02
  1.760460e-01,  -7.696233e+00
  3.133918e-01,  -2.711120e+01
  1.752364e-01,  8.991414e+01
  3.187214e-01,  1.072865e+02
  1.452587e-01,  3.525153e+01
  2.276635e-01,  -1.344407e+01
  1.145396e-01,  4.800619e+01
  2.213013e-01,  9.198662e+01
  2.025006e-01,  5.726814e+01
  2.247237e-01,  2.366214e+01
  1.900409e-01,  4.225814e+01
  2.027280e-01,  7.171910e+01
  2.000756e-01,  5.835281e+01
  2.074169e-01,  3.341077e+01
  1.959996e-01,  3.716172e+01
  1.925714e-01,  5.766377e+01
  2.035595e-01,  5.985626e+01
  2.056523e-01,  4.966962e+01
  1.997663e-01,  4.885817e+01
  1.956254e-01,  5.760793e+01
  2.006111e-01,  6.032393e+01
  2.056669e-01,  5.639303e+01
  2.075028e-01,  5.618576e+01
  2.070552e-01,  5.998190e+01
  2.048554e-01,  5.965729e+01
  2.008189e-01,  5.416362e+01
  1.975816e-01,  5.071619e+01
  1.966451e-01,  5.242072e+01
  2.000205e-01,  5.459147e+01
  2.037137e-01,  5.405128e+01
  2.038797e-01,  5.296722e+01
  2.014008e-01,  5.319593e+01
  1.992276e-01,  5.354508e+01
  1.977109e-01,  5.302746e+01
  1.958310e-01,  5.275394e+01
  1.947630e-01,  5.339419e+01
  1.967953e-01,  5.391730e+01
  2.010572e-01,  5.375945e+01
  2.035761e-01,  5.359940e+01
  2.018657e-01,  5.351591e+01
  1.979169e-01,  5.275891e+01
  1.956339e-01,  5.158970e+01
  1.961318e-01,  5.131996e+01
  1.974741e-01,  5.187411e+01
  1.980647e-01,  5.157183e+01
  1.981563e-01,  4.982450e+01
  1.977759e-01,  4.831120e+01
  1.955420e-01,  4.883639e+01
  1.924290e-01,  5.125305e+01
  1.923086e-01,  5.374950e+01
  1.966228e-01,  5.459957e+01
  2.017265e-01,  5.374473e+01
  2.028426e-01,  5.258974e+01
  1.995474e-01,  5.253002e+01
  1.958913e-01,  5.345141e+01
  1.950119e-01,  5.380471e+01
  1.965120e-01,  5.303336e+01
  1.988090e-01,  5.249440e+01
  2.006516e-01,  5.290058e+01
  2.009547e-01,  5.284933e+01
  1.994231e-01,  5.129523e+01
  1.976823e-01,  4.987449e+01
  1.974159e-01,  5.078112e+01
  1.989111e-01,  5.322532e+01
  2.003039e-01,  5.460131e+01
  1.998874e-01,  5.425656e+01
  1.982197e-01,  5.362648e+01
  1.965980e-01,  5.348140e+01
  1.963399e-01,  5.310868e+01
  1.983096e-01,  5.223000e+01
  2.012107e-01,  5.172022e+01
  2.016391e-01,  5.198756e+01
  1.981499e-01,  5.229091e+01
  1.940569e-01,  5.198964e+01
  1.938984e-01,  5.163498e+01
  1.974174e-01,  5.221799e+01
  1.999607e-01,  5.363960e+01
  1.985640e-01,  5.461858e+01
  1.952265e-01,  5.383957e+01
  1.939975e-01,  5.155720e+01
  1.956594e-01,  4.993589e+01
  1.975290e-01,  5.063268e+01
  1.983801e-01,  5.267909e+01
  1.991118e-01,  5.363337e+01
  2.004681e-01,  5.271767e+01
  2.017477e-01,  5.166533e+01
  2.010744e-01,  5.182891e+01
  1.981684e-01,  5.214168e+01
  1.950609e-01,  5.114250e+01
  1.941913e-01,  4.993191e+01
  1.957556e-01,  5.083264e+01
  1.982383e-01,  5.335124e+01
  1.993453e-01,  5.451148e+01
  1.982130e-01,  5.316826e+01
  1.970158e-01,  5.142636e+01
  1.969625e-01,  5.113450e+01
  1.966530e-01,  5.129867e+01
  1.947145e-01,  5.098203e+01
  1.929809e-01,  5.175215e+01
  1.941878e-01,  5.412725e+01
  1.964701e-01,  5.459281e+01
  1.968362e-01,  5.095490e+01
  1.982491e-01,  4.754788e+01
  2.013986e-01,  4.953668e+01
  2.025402e-01,  5.370797e+01
  1.967851e-01,  5.335614e+01
  1.929313e-01,  4.950671e+01
  2.011080e-01,  4.966487e+01
  2.110239e-01,  5.250000e+01
  2.050148e-01,  5.050660e+01
  1.934711e-01,  4.559461e+01
  1.988325e-01,  4.960268e+01
  2.167210e-01,  5.858800e+01
  2.079862e-01,  5.812026e+01
  1.825805e-01,  4.891519e+01
  1.932014e-01,  5.340593e+01
  2.393024e-01,  6.649629e+01
  2.249693e-01,  6.295451e+01
  1.679309e-01,  3.390649e+01
  1.723784e-01,  3.256937e+01
  2.598192e-01,  6.680523e+01
  2.640551e-01,  7.097886e+01
  1.152893e-01,  1.374569e+00
  1.262280e-01,  -5.474754e+01
  2.200277e-01,  1.054261e+02
  3.854230e-01,  9.483997e+01
  3.153238e-01,  -3.732359e+01
  1.774970e-01,  -4.004382e+01
  9.247114e-01,  -5.424869e+01
  6.013263e+00,  -6.560026e+01
  1.108940e+01,  -6.709509e+01
  1.312361e+01,  -6.734534e+01
  1.510956e+01,  -6.700420e+01
  1.665652e+01,  -6.705435e+01
  1.660088e+01,  -6.735242e+01
  1.474964e+01,  -6.647412e+01
  1.219545e+01,  -6.278304e+01
  1.012238e+01,  -5.626277e+01
  8.494414e+00,  -4.790675e+01
  6.995809e+00,  -3.608220e+01
  5.976788e+00,  -2.271761e+01
  5.166413e+00,  -1.930184e+01
  4.072023e+00,  -3.164507e+01
  3.166822e+00,  -5.734182e+01
  3.127347e+00,  -8.969875e+01
  4.012158e+00,  -1.109347e+02
  4.694316e+00,  -1.191477e+02
  4.599662e+00,  -1.225843e+02
  4.294342e+00,  -1.243848e+02
  4.294214e+00,  -1.229168e+02
  4.634113e+00,  -1.183487e+02
  5.188494e+00,  -1.162776e+02
  5.725441e+00,  -1.191910e+02
  6.192007e+00,  -1.236768e+02
  6.537052e+00,  -1.277551e+02
  6.385447e+00,  -1.341597e+02
  5.785931e+00,  -1.454695e+02
  5.378896e+00,  -1.595084e+02
  5.076177e+00,  -1.747358e+02
  4.704342e+00,  1.612655e+02
  5.394546e+00,  1.317731e+02
  7.092221e+00,  1.166334e+02
  8.467455e+00,  1.121978e+02
  9.358555e+00,  1.097928e+02
  1.033084e+01,  1.070422e+02
  1.117598e+01,  1.058837e+02
  1.131687e+01,  1.071567e+02
  1.121891e+01,  1.094652e+02
  1.164663e+01,  1.109088e+02
  1.246707e+01,  1.112209e+02
  1.342009e+01,  1.106600e+02
  1.488653e+01,  1.090376e+02
  1.678838e+01,  1.069418e+02
  1.797216e+01,  1.052596e+02
  1.784532e+01,  1.043011e+02
  1.729270e+01,  1.034863e+02
  1.681563e+01,  1.019520e+02
  1.548514e+01,  1.011229e+02
  1.296830e+01,  1.040410e+02
  1.051921e+01,  1.105981e+02
  8.746850e+00,  1.166986e+02
  7.200931e+00,  1.251899e+02
  6.175254e+00,  1.436042e+02
  6.123495e+00,  1.647059e+02
  6.226614e+00,  -1.797575e+02
  6.329980e+00,  -1.657795e+02
  6.803520e+00,  -1.533155e+02
  7.328771e+00,  -1.434832e+02
  7.693260e+00,  -1.345357e+02
  8.126098e+00,  -1.273214e+02
  8.565708e+00,  -1.226173e+02
  8.766891e+00,  -1.183340e+02
  8.601126e+00,  -1.151988e+02
  7.842374e+00,  -1.165482e+02
  6.424009e+00,  -1.215275e+02
  4.385184e+00,  -1.269005e+02
  1.766462e+00,  -1.472229e+02
  2.222680e+00,  9.730663e+01
  5.520275e+00,  7.876793e+01
  8.689745e+00,  7.323778e+01
  1.126599e+01,  7.103120e+01
  1.280882e+01,  6.809888e+01
  1.355863e+01,  6.272587e+01
  1.398339e+01,  5.734941e+01
  1.386652e+01,  5.339551e+01
  1.296222e+01,  4.805190e+01
  1.172008e+01,  3.871698e+01
  1.067814e+01,  2.703555e+01
  9.767815e+00,  1.562461e+01
  8.836844e+00,  5.062691e+00
  7.757151e+00,  -3.799597e+00
  6.346209e+00,  -1.064043e+01
  4.707699e+00,  -1.398997e+01
  3.017135e+00,  -3.361087e+00
  2.128491e+00,  4.831970e+01
  3.552425e+00,  9.417756e+01
  5.463873e+00,  1.044861e+02
  7.058592e+00,  1.024245e+02
  8.434626e+00,  9.835285e+01
  9.292062e+00,  9.496584e+01
  9.328287e+00,  8.975294e+01
  8.959953e+00,  8.210071e+01
  8.717504e+00,  7.520907e+01
  8.588728e+00,  7.089074e+01
  8.420580e+00,  6.808128e+01
  8.142018e+00,  6.665320e+01
  7.660886e+00,  6.774102e+01
  6.949908e+00,  7.177070e+01
  6.131717e+00,  7.886477e+01
  5.373917e+00,  9.156501e+01
  5.110405e+00,  1.137023e+02
  5.920368e+00,  1.362064e+02
  7.263194e+00,  1.476396e+02
  8.670786e+00,  1.511394e+02
  1.010512e+01,  1.504491e+02
  1.079501e+01,  1.457461e+02
  1.052345e+01,  1.367644e+02
  1.040657e+01,  1.270339e+02
  1.065270e+01,  1.200216e+02
  1.061055e+01,  1.127302e+02
  1.056712e+01,  1.045276e+02
  1.103412e+01,  9.934341e+01
  1.156076e+01,  9.667329e+01
  1.153582e+01,  9.379875e+01
  1.118733e+01,  9.103847e+01
  1.080411e+01,  8.909827e+01
  9.801569e+00,  8.639183e+01
  7.891296e+00,  8.113050e+01
  5.972872e+00,  7.310490e+01
  4.678201e+00,  6.227546e+01
  3.725621e+00,  4.314602e+01
  3.284909e+00,  1.126074e+01
  3.579157e+00,  -1.584924e+01
  4.011017e+00,  -2.863544e+01
  4.437960e+00,  -3.422197e+01
  4.785774e+00,  -3.792233e+01
  4.893245e+00,  -4.085091e+01
  4.878704e+00,  -4.335318e+01
  4.882024e+00,  -4.631265e+01
  4.774267e+00,  -4.946290e+01
  4.459575e+00,  -5.189606e+01
  4.141388e+00,  -5.542428e+01
  4.115711e+00,  -6.429748e+01
  4.504977e+00,  -7.634862e+01
  5.071028e+00,  -8.368295e+01
  5.610115e+00,  -8.449314e+01
  6.363252e+00,  -8.383036e+01
  7.580079e+00,  -8.502255e+01
  9.279395e+00,  -8.477421e+01
  1.127020e+01,  -8.090307e+01
  1.327814e+01,  -7.615357e+01
  1.516427e+01,  -7.320611e+01
  1.709600e+01,  -7.128988e+01
  1.900460e+01,  -6.854907e+01
  2.025879e+01,  -6.545060e+01
  2.025631e+01,  -6.401527e+01
  1.895841e+01,  -6.526088e+01
  1.675537e+01,  -6.843890e+01
  1.410787e+01,  -7.241458e+01
  1.135340e+01,  -7.707527e+01
  8.589957e+00,  -8.300587e+01
  5.806945e+00,  -9.017931e+01
  3.175964e+00,  -9.799392e+01
  1.001028e+00,  -1.095169e+02
  8.166653e-01,  8.933891e+01
  2.534712e+00,  8.085564e+01
  4.152668e+00,  7.860324e+01
  5.381381e+00,  7.444925e+01
  6.411736e+00,  6.746288e+01
  7.385696e+00,  6.100615e+01
  7.825207e+00,  5.676479e+01
  7.602644e+00,  5.291107e+01
  7.178891e+00,  4.929674e+01
  6.549033e+00,  4.873412e+01
  5.368199e+00,  5.133107e+01
  3.814386e+00,  5.505648e+01
  2.344096e+00,  6.493656e+01
  1.343265e+00,  1.042342e+02
  1.624740e+00,  1.707334e+02
  2.815124e+00,  -1.557023e+02
  4.182811e+00,  -1.390744e+02
  5.636563e+00,  -1.271002e+02
  7.304239e+00,  -1.182120e+02
  8.820079e+00,  -1.141926e+02
  9.835345e+00,  -1.135284e+02
  1.061557e+01,  -1.134461e+02
  1.121090e+01,  -1.139484e+02
  1.136099e+01,  -1.161640e+02
  1.140081e+01,  -1.183094e+02
  1.181387e+01,  -1.184821e+02
  1.247369e+01,  -1.188128e+02
  1.310125e+01,  -1.206521e+02
  1.366270e+01,  -1.223137e+02
  1.409660e+01,  -1.232426e+02
  1.420258e+01,  -1.244497e+02
  1.339624e+01,  -1.262284e+02
  1.087432e+01,  -1.291642e+02
  7.011816e+00,  -1.355976e+02
  3.399900e+00,  -1.485114e+02
  6.146929e-01,  1.715141e+02
  2.080593e+00,  3.086306e+01
  3.590710e+00,  2.295232e+01
  3.557991e+00,  1.685438e+01
  3.504366e+00,  6.118501e+00
  4.619718e+00,  6.076387e+00
  1.577123e+00,  9.786179e+01
  1.317677e+00,  1.559915e+02
  9.330261e-01,  -2.248441e+01
  2.538505e-01,  5.598142e+01
  4.004242e-01,  1.402018e+02
  7.362840e-02,  1.044120e+02
  2.712125e-01,  3.685461e+00
  1.784301e-01,  4.135480e+01
  1.892478e-01,  1.041458e+02
  1.512595e-01,  6.871466e+01
  2.290895e-01,  2.174370e+01
  1.942916e-01,  2.971746e+01
  1.544270e-01,  7.005824e+01
  1.810991e-01,  6.651210e+01
  2.203731e-01,  4.294380e+01
  2.090563e-01,  4.048449e+01
  1.715498e-01,  5.729709e+01
  1.797329e-01,  6.119947e+01
  2.069816e-01,  4.819714e+01
  2.105415e-01,  4.357102e+01
  1.909683e-01,  5.221212e+01
  1.930808e-01,  5.880023e+01
  2.043109e-01,  5.276838e+01
  1.997938e-01,  4.535090e+01
  1.810315e-01,  4.658999e+01
  1.798219e-01,  5.434943e+01
  1.980212e-01,  5.721670e+01
  2.066422e-01,  5.493187e+01
  1.999283e-01,  5.263157e+01
  1.961413e-01,  5.227427e+01
  2.034884e-01,  5.238006e+01
  2.094991e-01,  5.194312e+01
  2.062098e-01,  5.153343e+01
  2.017872e-01,  5.129222e+01
  2.025336e-01,  5.087968e+01
  2.022014e-01,  5.073134e+01
  1.956673e-01,  5.141445e+01
  1.890952e-01,  5.210111e+01
  1.892459e-01,  5.128778e+01
  1.932678e-01,  4.939193e+01
  1.946554e-01,  4.815032e+01
  1.928963e-01,  4.819005e+01
  1.918199e-01,  4.898804e+01
  1.928981e-01,  5.044104e+01
  1.958655e-01,  5.275220e+01
  2.010071e-01,  5.470463e+01
  2.063155e-01,  5.465704e+01
  2.077739e-01,  5.345009e+01
  2.044720e-01,  5.368708e+01
  2.011013e-01,  5.569917e+01
  2.014021e-01,  5.614027e+01
  2.028150e-01,  5.308253e+01
  2.016019e-01,  4.955306e+01
  1.966997e-01,  4.935130e+01
  1.922409e-01,  5.175228e+01
  1.914280e-01,  5.271314e+01
  1.928486e-01,  5.150940e+01
  1.943225e-01,  5.147396e+01
  1.952329e-01,  5.386169e+01
  1.964610e-01,  5.578136e+01
  1.985123e-01,  5.517853e+01
  2.018776e-01,  5.397853e+01
  2.044849e-01,  5.404619e+01
  2.028333e-01,  5.366156e+01
  1.969753e-01,  5.087556e+01
  1.920546e-01,  4.808655e+01
  1.918246e-01,  4.956350e+01
  1.967090e-01,  5.402197e+01
  2.013255e-01,  5.576957e+01
  2.002951e-01,  5.299635e+01
  1.966149e-01,  4.978796e+01
  1.948694e-01,  5.068278e+01
  1.975530e-01,  5.448803e+01
  2.010209e-01,  5.656696e+01
  1.998689e-01,  5.544981e+01
  1.958526e-01,  5.318806e+01
  1.945501e-01,  5.174852e+01
  1.981728e-01,  5.100098e+01
  2.027851e-01,  5.024412e+01
  2.027405e-01,  4.982854e+01
  1.975844e-01,  5.041440e+01
  1.930444e-01,  5.179999e+01
  1.944020e-01,  5.279013e+01
  2.002276e-01,  5.221903e+01
  2.042818e-01,  5.000322e+01
  2.027529e-01,  4.755558e+01
  1.979586e-01,  4.756123e+01
  1.961937e-01,  5.151150e+01
  2.004268e-01,  5.635598e+01
  2.035158e-01,  5.724455e+01
  1.997680e-01,  5.331219e+01
  1.943583e-01,  4.861751e+01
  1.933374e-01,  4.815683e+01
  1.979258e-01,  5.150367e+01
  2.025727e-01,  5.408208e+01
  2.009841e-01,  5.400299e+01
  1.964681e-01,  5.301883e+01
  1.961818e-01,  5.262697e+01
  2.002610e-01,  5.161043e+01
  2.022382e-01,  4.888270e+01
  1.988826e-01,  4.629575e+01
  1.940096e-01,  4.696078e+01
  1.939883e-01,  5.115432e+01
  1.990070e-01,  5.531131e+01
  2.025148e-01,  5.646491e+01
  2.021644e-01,  5.456444e+01
  2.013449e-01,  5.138921e+01
  2.012459e-01,  4.927849e+01
  1.996011e-01,  4.968749e+01
  1.967417e-01,  5.226403e+01
  1.962787e-01,  5.512159e+01
  1.996001e-01,  5.677061e+01
  2.042152e-01,  5.764839e+01
  2.068200e-01,  5.850488e+01
  2.061263e-01,  5.851271e+01
  2.032843e-01,  5.646588e+01
  2.007047e-01,  5.339670e+01
  1.990631e-01,  5.214002e+01
  1.976205e-01,  5.354605e+01
  1.963394e-01,  5.510222e+01
  1.955533e-01,  5.438594e+01
  1.965441e-01,  5.244681e+01
  1.990375e-01,  5.209234e+01
  2.005021e-01,  5.369619e+01
  1.987093e-01,  5.502147e+01
  1.942802e-01,  5.461009e+01
  1.914366e-01,  5.356666e+01
  1.933108e-01,  5.347266e+01
  1.980643e-01,  5.366471e+01
  2.006085e-01,  5.261393e+01
  1.984000e-01,  5.075748e+01
  1.939137e-01,  5.022093e+01
  1.917543e-01,  5.173989e+01
  1.937350e-01,  5.300930e+01
  1.971201e-01,  5.198906e+01
  1.993280e-01,  5.020408e+01
  1.998437e-01,  5.071520e+01
  1.996837e-01,  5.357188e+01
  1.988720e-01,  5.509645e+01
  1.967226e-01,  5.283926e+01
  1.955616e-01,  4.961547e+01
  1.962274e-01,  5.040070e+01
  1.988000e-01,  5.524052e+01
  2.016984e-01,  5.867562e+01
  2.008165e-01,  5.683655e+01
  1.978327e-01,  5.189605e+01
  1.955458e-01,  4.925153e+01
  1.952435e-01,  5.097025e+01
  1.985424e-01,  5.388888e+01
  2.025457e-01,  5.461764e+01
  2.033136e-01,  5.345904e+01
  2.011625e-01,  5.245191e+01
  1.994374e-01,  5.233400e+01
  1.996489e-01,  5.236023e+01
  1.997000e-01,  5.216759e+01
  1.982782e-01,  5.216916e+01
  1.976137e-01,  5.226159e+01
  1.995523e-01,  5.179852e+01
  2.019255e-01,  5.126428e+01
  2.019522e-01,  5.236048e+01
  2.015400e-01,  5.549823e+01
  2.037125e-01,  5.801512e+01
  2.054608e-01,  5.694850e+01
  2.027412e-01,  5.294103e+01
  1.965882e-01,  4.962124e+01
  1.920841e-01,  4.974020e+01
  1.939101e-01,  5.202233e+01
  1.996235e-01,  5.339541e+01
  2.031279e-01,  5.333184e+01
  2.027963e-01,  5.309897e+01
  2.010252e-01,  5.309549e+01
  1.997906e-01,  5.286725e+01
  1.998823e-01,  5.267324e+01
  2.018668e-01,  5.298185e+01
  2.042376e-01,  5.302369e+01
  2.031262e-01,  5.205872e+01
  1.978591e-01,  5.135573e+01
  1.939985e-01,  5.269299e+01
  1.966133e-01,  5.462014e+01
  2.012163e-01,  5.373591e+01
  2.004676e-01,  5.012903e+01
  1.950242e-01,  4.770607e+01
  1.919991e-01,  4.951368e+01
  1.963008e-01,  5.330148e+01
  2.021585e-01,  5.498328e+01
  2.027412e-01,  5.444047e+01
  2.004711e-01,  5.412033e+01
  2.009981e-01,  5.513126e+01
  2.043674e-01,  5.611786e+01
  2.057251e-01,  5.565541e+01
  2.029076e-01,  5.376619e+01
  1.985134e-01,  5.153373e+01
  1.958027e-01,  5.056995e+01
  1.961575e-01,  5.189489e+01
  1.991090e-01,  5.440913e+01
  2.015962e-01,  5.547684e+01
  2.006868e-01,  5.378648e+01
  1.979812e-01,  5.090956e+01
  1.966559e-01,  4.960156e+01
  1.972237e-01,  5.035317e+01
  1.975819e-01,  5.098553e+01
  1.962263e-01,  4.997286e+01
  1.947018e-01,  4.856370e+01
  1.945576e-01,  4.912242e+01
  1.958516e-01,  5.176762e+01
  1.978143e-01,  5.385551e+01
  1.989191e-01,  5.309588e+01
  1.983499e-01,  5.023138e+01
  1.958329e-01,  4.813933e+01
  1.927493e-01,  4.875449e+01
  1.929067e-01,  5.139429e+01
  1.973824e-01,  5.403875e+01
  2.023298e-01,  5.563780e+01
  2.039038e-01,  5.616846e+01
  2.022404e-01,  5.570730e+01
  2.001301e-01,  5.467957e+01
  1.992332e-01,  5.393193e+01
  1.988493e-01,  5.349723e+01
  1.980501e-01,  5.234104e+01
  1.976796e-01,  5.032198e+01
  1.988637e-01,  4.924385e+01
  2.003519e-01,  5.046115e+01
  1.995739e-01,  5.258564e+01
  1.956251e-01,  5.316145e+01
  1.920671e-01,  5.172398e+01
  1.928600e-01,  5.014296e+01
  1.955397e-01,  4.980101e+01
  1.946182e-01,  5.030696e+01
  1.905728e-01,  5.131873e+01
  1.904974e-01,  5.313533e+01
  1.975435e-01,  5.505150e+01
  2.040850e-01,  5.538133e+01
  2.013575e-01,  5.356684e+01
  1.924258e-01,  5.099280e+01
  1.884860e-01,  5.012157e+01
  1.948541e-01,  5.139265e+01
  2.043372e-01,  5.234630e+01
  2.059070e-01,  5.145450e+01
  1.986425e-01,  4.993275e+01
  1.913953e-01,  5.024571e+01
  1.915575e-01,  5.256973e+01
  1.968536e-01,  5.398111e+01
  1.997396e-01,  5.297136e+01
  1.980142e-01,  5.129106e+01
  1.951702e-01,  5.111785e+01
  1.948190e-01,  5.202347e+01
  1.969057e-01,  5.215984e+01
  1.990691e-01,  5.158964e+01
  1.996657e-01,  5.161638e+01
  1.989432e-01,  5.184975e+01
  1.984449e-01,  5.073925e+01
  1.990747e-01,  4.891269e+01
  1.993126e-01,  4.899429e+01
  1.986654e-01,  5.153319e+01
  2.002605e-01,  5.390649e+01
  2.053554e-01,  5.422049e+01
  2.094658e-01,  5.370911e+01
  2.070292e-01,  5.357653e+01
  2.013484e-01,  5.315961e+01
  2.015324e-01,  5.280837e+01
  2.070491e-01,  5.476950e+01
  2.075099e-01,  5.816154e+01
  1.995528e-01,  5.783411e+01
  1.957284e-01,  5.162162e+01
  2.016187e-01,  4.750211e+01
  2.001934e-01,  5.127784e+01
  1.904050e-01,  5.622678e+01
  1.891534e-01,  5.192957e+01
  2.046306e-01,  4.458618e+01
  2.053445e-01,  4.723445e+01
  1.863811e-01,  5.805002e+01
  1.831682e-01,  6.003166e+01
  2.085406e-01,  5.028701e+01
  2.178083e-01,  4.801473e+01
  1.811987e-01,  5.600197e+01
  1.640672e-01,  5.453943e+01
  2.153635e-01,  3.917334e+01
  2.385730e-01,  3.943225e+01
  1.696895e-01,  6.498818e+01
  1.509252e-01,  8.735722e+01
  2.108095e-01,  5.077848e+01
  2.844116e-01,  3.451071e+01
  1.384015e-01,  5.927490e+01
  1.498704e-01,  1.336625e+02
  2.025751e-01,  6.332077e+01
  4.142153e-01,  2.969953e+01
  1.225052e-01,  3.479375e+01
  3.480674e-01,  1.793437e+02
  2.602868e-01,  8.203395e+01
  8.836913e-01,  2.443229e+01
  2.298109e-01,  -9.038854e+01
  4.676175e+00,  2.419378e+01
  1.234591e+01,  1.717468e+01
  1.267492e+01,  1.352451e+01
  1.270378e+01,  1.093787e+01
  1.333242e+01,  1.092340e+01
  1.283193e+01,  9.128984e+00
  1.132667e+01,  4.059519e+00
  9.860410e+00,  -1.396299e-01
  8.180937e+00,  2.239141e+00
  5.696769e+00,  1.334023e+01
  2.985151e+00,  4.428978e+01
  2.731351e+00,  1.162441e+02
  4.979377e+00,  1.470102e+02
  7.826662e+00,  1.567933e+02
  1.094867e+01,  1.612391e+02
  1.356389e+01,  1.637638e+02
  1.533514e+01,  1.653584e+02
  1.711386e+01,  1.654279e+02
  1.961749e+01,  1.630348e+02
  2.212987e+01,  1.585958e+02
  2.362631e+01,  1.524293e+02
  2.436103e+01,  1.444616e+02
  2.494692e+01,  1.362833e+02
  2.510615e+01,  1.298011e+02
  2.448369e+01,  1.247010e+02
  2.299315e+01,  1.200426e+02
  2.052859e+01,  1.162625e+02
  1.738390e+01,  1.142408e+02
  1.405573e+01,  1.134619e+02
  1.057355e+01,  1.124119e+02
  6.789881e+00,  1.111453e+02
  2.824999e+00,  1.124674e+02
  1.130160e+00,  -7.780296e+01
  4.949806e+00,  -7.050265e+01
  8.544243e+00,  -7.108208e+01
  1.165382e+01,  -7.340146e+01
  1.421115e+01,  -7.513434e+01
  1.642346e+01,  -7.707696e+01
  1.822871e+01,  -8.142151e+01
  1.919818e+01,  -8.770029e+01
  1.933660e+01,  -9.382322e+01
  1.929676e+01,  -9.933061e+01
  1.922816e+01,  -1.051173e+02
  1.848963e+01,  -1.103812e+02
  1.719369e+01,  -1.126388e+02
  1.633419e+01,  -1.115430e+02
  1.595309e+01,  -1.097569e+02
  1.546992e+01,  -1.072178e+02
  1.510844e+01,  -1.025198e+02
  1.468244e+01,  -9.806637e+01
  1.328230e+01,  -9.541275e+01
  1.127965e+01,  -9.190190e+01
  9.667664e+00,  -8.624991e+01
  8.043607e+00,  -8.158185e+01
  6.007560e+00,  -7.695823e+01
  4.744010e+00,  -6.841755e+01
  4.288866e+00,  -6.639295e+01
  2.923845e+00,  -8.578267e+01
  2.362191e+00,  -1.596224e+02
  4.653547e+00,  1.628833e+02
  7.488882e+00,  1.527347e+02
  1.116994e+01,  1.477759e+02
  1.512732e+01,  1.443019e+02
  1.809946e+01,  1.410123e+02
  1.983490e+01,  1.370996e+02
  2.076437e+01,  1.321837e+02
  2.088529e+01,  1.259511e+02
  2.015167e+01,  1.181086e+02
  1.926445e+01,  1.093354e+02
  1.889955e+01,  1.018919e+02
  1.860833e+01,  9.752162e+01
  1.746987e+01,  9.630278e+01
  1.534212e+01,  9.850166e+01
  1.298479e+01,  1.047326e+02
  1.108695e+01,  1.142211e+02
  9.579733e+00,  1.263376e+02
  8.365019e+00,  1.439929e+02
  8.037860e+00,  1.676209e+02
  8.672395e+00,  -1.720109e+02
  9.278534e+00,  -1.591775e+02
  9.481818e+00,  -1.504177e+02
  9.632865e+00,  -1.435035e+02
  9.838279e+00,  -1.395786e+02
  9.701901e+00,  -1.397732e+02
  8.891302e+00,  -1.434045e+02
  7.555709e+00,  -1.505503e+02
  6.215734e+00,  -1.643905e+02
  5.389177e+00,  1.723187e+02
  5.266060e+00,  1.434851e+02
  5.828232e+00,  1.164704e+02
  6.945352e+00,  9.694533e+01
  8.160640e+00,  8.413316e+01
  9.123786e+00,  7.406891e+01
  9.720171e+00,  6.549342e+01
  9.717398e+00,  5.864779e+01
  9.053122e+00,  5.249629e+01
  8.054205e+00,  4.569075e+01
  6.849197e+00,  3.744319e+01
  5.489099e+00,  2.646181e+01
  4.426993e+00,  1.346581e+01
  3.830303e+00,  2.969508e+00
  3.421101e+00,  -5.129152e+00
  3.155494e+00,  -9.067423e+00
  3.278457e+00,  2.358222e+00
  4.344205e+00,  2.322513e+01
  6.227315e+00,  3.623842e+01
  8.374474e+00,  4.197602e+01
  1.068997e+01,  4.376269e+01
  1.301136e+01,  4.298782e+01
  1.497020e+01,  4.038386e+01
  1.642125e+01,  3.636897e+01
  1.744751e+01,  3.156234e+01
  1.809308e+01,  2.683483e+01
  1.844764e+01,  2.260142e+01
  1.852075e+01,  1.899024e+01
  1.796085e+01,  1.654289e+01
  1.655527e+01,  1.602095e+01
  1.459418e+01,  1.778780e+01
  1.232618e+01,  2.193536e+01
  9.837269e+00,  2.971445e+01
  7.582498e+00,  4.448261e+01
  6.307639e+00,  6.824753e+01
  6.295162e+00,  9.512599e+01
  7.240937e+00,  1.171754e+02
  8.726796e+00,  1.319808e+02
  1.022242e+01,  1.414848e+02
  1.125195e+01,  1.487452e+02
  1.164870e+01,  1.551340e+02
  1.136563e+01,  1.607286e+02
  1.024963e+01,  1.665458e+02
  8.474500e+00,  1.743326e+02
  6.759648e+00,  -1.771464e+02
  5.547076e+00,  -1.726707e+02
  4.654637e+00,  -1.712936e+02
  3.759212e+00,  -1.677112e+02
  2.807955e+00,  -1.672817e+02
  2.002894e+00,  1.764575e+02
  1.401546e+00,  1.534522e+02
  2.700709e-01,  1.227564e+02
  1.351624e+00,  -1.543046e+01
  2.878804e+00,  -4.558217e+00
  4.509697e+00,  4.104190e+00
  6.274203e+00,  5.472149e+00
  8.200213e+00,  5.856797e+00
  1.039595e+01,  9.909770e+00
  1.283343e+01,  1.569253e+01
  1.515343e+01,  2.000903e+01
  1.716350e+01,  2.249601e+01
  1.912563e+01,  2.394351e+01
  2.082127e+01,  2.383601e+01
  2.125044e+01,  2.094155e+01
  2.020419e+01,  1.540354e+01
  1.871938e+01,  9.613791e+00
  1.738714e+01,  5.932992e+00
  1.602287e+01,  4.056349e+00
  1.468226e+01,  3.698487e+00
  1.353746e+01,  5.878156e+00
  1.212692e+01,  9.589901e+00
  9.879443e+00,  1.258544e+01
  7.092290e+00,  1.532827e+01
  4.363222e+00,  2.265406e+01
  2.007593e+00,  5.238131e+01
  2.117325e+00,  1.366985e+02
  4.235133e+00,  1.599303e+02
  6.036125e+00,  1.631728e+02
  7.179321e+00,  1.636278e+02
  7.840410e+00,  1.656158e+02
  8.276495e+00,  1.680190e+02
  8.228706e+00,  1.685070e+02
  7.347537e+00,  1.685660e+02
  6.004501e+00,  1.726321e+02
  4.947402e+00,  -1.778600e+02
  4.234651e+00,  -1.685387e+02
  3.400990e+00,  -1.613477e+02
  2.473231e+00,  -1.508322e+02
  1.815583e+00,  -1.350211e+02
  1.401634e+00,  -1.249067e+02
  1.033024e+00,  -1.340897e+02
  1.023900e+00,  -1.685246e+02
  1.631108e+00,  1.695142e+02
  2.664366e+00,  1.656147e+02
  4.460886e+00,  1.680892e+02
  7.429214e+00,  1.703663e+02
  1.111928e+01,  1.712061e+02
  1.465380e+01,  1.721691e+02
  1.785573e+01,  1.746084e+02
  2.089801e+01,  1.781986e+02
  2.324930e+01,  -1.784447e+02
  2.415836e+01,  -1.759321e+02
  2.365733e+01,  -1.739365e+02
  2.219419e+01,  -1.722565e+02
  1.988203e+01,  -1.714807e+02
  1.665876e+01,  -1.723571e+02
  1.287763e+01,  -1.749687e+02
  9.370624e+00,  -1.785112e+02
  6.592239e+00,  1.782323e+02
  3.355796e+00,  1.662648e+02
  4.215324e+00,  4.655838e+01
  1.045690e+00,  -8.491089e+01
  8.667915e-01,  -1.670256e+02
  5.433724e-01,  5.186940e+01
  4.477686e-01,  2.719235e+01
  1.567946e-01,  -1.651781e+02
  2.478407e-01,  1.569754e+02
  2.973194e-01,  6.129894e+01
  3.298881e-01,  3.234982e+01
  9.621894e-02,  4.145967e+01
  1.356907e-01,  1.054826e+02
  2.469086e-01,  6.626331e+01
  2.670810e-01,  4.215341e+01
  1.545828e-01,  3.907549e+01
  1.349878e-01,  6.960297e+01
  2.214308e-01,  6.238106e+01
  2.489595e-01,  4.725809e+01
  1.886408e-01,  4.310485e+01
  1.594186e-01,  5.941676e+01
  2.065363e-01,  6.350269e+01
  2.290581e-01,  5.409831e+01
  1.987452e-01,  4.720935e+01
  1.736191e-01,  5.095761e+01
  1.926854e-01,  5.492845e+01
  2.108267e-01,  5.063635e+01
  1.977458e-01,  4.596067e+01
  1.810697e-01,  4.840107e+01
  1.910405e-01,  5.394074e+01
  2.067583e-01,  5.431813e+01
  2.033387e-01,  5.221756e+01
  1.938704e-01,  5.213807e+01
  1.977786e-01,  5.296527e+01
  2.063410e-01,  5.111911e+01
  2.030139e-01,  4.803826e+01
  1.922946e-01,  4.765326e+01
  1.901312e-01,  5.049454e+01
  1.971954e-01,  5.224616e+01
  2.004343e-01,  5.109114e+01
  1.972218e-01,  4.934177e+01
  1.962694e-01,  4.932859e+01
  2.012859e-01,  5.059266e+01
  2.053301e-01,  5.136511e+01
  2.025266e-01,  5.114425e+01
  1.967339e-01,  5.041601e+01
  1.948064e-01,  4.967497e+01
  1.972452e-01,  4.900107e+01
  1.991765e-01,  4.824584e+01
  1.977679e-01,  4.769001e+01
  1.951094e-01,  4.831022e+01
  1.944969e-01,  5.051001e+01
  1.960980e-01,  5.256040e+01
  1.971098e-01,  5.214895e+01
  1.965256e-01,  4.961392e+01
  1.951510e-01,  4.801133e+01
  1.931972e-01,  4.918835e+01
  1.918838e-01,  5.134240e+01
  1.927111e-01,  5.197494e+01
  1.959471e-01,  5.146861e+01
  1.990468e-01,  5.141888e+01
  1.988368e-01,  5.146048e+01
  1.962116e-01,  5.047222e+01
  1.953117e-01,  4.936657e+01
  1.971493e-01,  4.984205e+01
  1.982145e-01,  5.098927e+01
  1.957619e-01,  5.055155e+01
  1.923626e-01,  4.877559e+01
  1.917495e-01,  4.832417e+01
  1.932066e-01,  4.983730e+01
  1.934077e-01,  5.104011e+01
  1.917764e-01,  5.106168e+01
  1.920628e-01,  5.194946e+01
  1.963942e-01,  5.448846e+01
  2.004054e-01,  5.565368e+01
  1.982356e-01,  5.284183e+01
  1.926133e-01,  4.789904e+01
  1.896044e-01,  4.588769e+01
  1.913690e-01,  4.872793e+01
  1.954648e-01,  5.253502e+01
  1.956485e-01,  5.327853e+01
  1.919254e-01,  5.097368e+01
  1.905990e-01,  4.852286e+01
  1.938148e-01,  4.816406e+01
  1.975367e-01,  4.931275e+01
  1.978792e-01,  5.042347e+01
  1.963975e-01,  5.110093e+01
  1.970316e-01,  5.210147e+01
  1.995367e-01,  5.390051e+01
  1.999643e-01,  5.558535e+01
  1.970307e-01,  5.542472e+01
  1.949147e-01,  5.277116e+01
  1.971878e-01,  4.979067e+01
  2.003115e-01,  4.961602e+01
  1.997880e-01,  5.256556e+01
  1.968839e-01,  5.545775e+01
  1.949068e-01,  5.465468e+01
  1.959478e-01,  5.073007e+01
  1.978875e-01,  4.830071e+01
  1.976662e-01,  5.017801e+01
  1.980787e-01,  5.401735e+01
  2.006165e-01,  5.531001e+01
  2.025885e-01,  5.327248e+01
  2.019987e-01,  5.104538e+01
  1.995072e-01,  5.086904e+01
  1.982222e-01,  5.158263e+01
  1.990380e-01,  5.124891e+01
  1.998939e-01,  5.034303e+01
  1.995808e-01,  5.042278e+01
  1.995027e-01,  5.142951e+01
  2.004683e-01,  5.219595e+01
  2.003171e-01,  5.269903e+01
  1.972523e-01,  5.383021e+01
  1.937266e-01,  5.538980e+01
  1.941108e-01,  5.593198e+01
  1.988180e-01,  5.482147e+01
  2.029046e-01,  5.285151e+01
  2.014802e-01,  5.073710e+01
  1.958887e-01,  4.880801e+01
  1.920336e-01,  4.777238e+01
  1.933981e-01,  4.821969e+01
  1.980414e-01,  4.962876e+01
  2.016329e-01,  5.124006e+01
  2.020485e-01,  5.301561e+01
  2.004380e-01,  5.470479e+01
  1.984775e-01,  5.503090e+01
  1.967605e-01,  5.332197e+01
  1.956955e-01,  5.134873e+01
  1.958549e-01,  5.159354e+01
  1.983928e-01,  5.369426e+01
  2.023558e-01,  5.470911e+01
  2.041816e-01,  5.336749e+01
  2.024947e-01,  5.174271e+01
  1.996320e-01,  5.235728e+01
  1.995039e-01,  5.466927e+01
  2.020851e-01,  5.566858e+01
  2.035306e-01,  5.412030e+01
  2.021696e-01,  5.198491e+01
  1.994483e-01,  5.175847e+01
  1.978610e-01,  5.338307e+01
  1.977461e-01,  5.433554e+01
  1.972374e-01,  5.291720e+01
  1.958768e-01,  5.015600e+01
  1.942723e-01,  4.821776e+01
  1.928844e-01,  4.787508e+01
  1.926445e-01,  4.836567e+01
  1.948489e-01,  4.927675e+01
  1.996660e-01,  5.102667e+01
  2.042011e-01,  5.328001e+01
  2.036275e-01,  5.452803e+01
  1.973489e-01,  5.374970e+01
  1.924582e-01,  5.197013e+01
  1.957114e-01,  5.161913e+01
  2.043578e-01,  5.335232e+01
  2.087675e-01,  5.547074e+01
  2.041671e-01,  5.635762e+01
  1.973892e-01,  5.564852e+01
  1.976764e-01,  5.433697e+01
  2.038997e-01,  5.371494e+01
  2.070481e-01,  5.381707e+01
  2.030433e-01,  5.363273e+01
  1.970010e-01,  5.238089e+01
  1.949587e-01,  5.081465e+01
  1.965083e-01,  5.068404e+01
  1.982870e-01,  5.230519e+01
  1.993500e-01,  5.387116e+01
  1.999209e-01,  5.355005e+01
  1.996280e-01,  5.179605e+01
  1.978557e-01,  5.069381e+01
  1.951930e-01,  5.121804e+01
  1.934751e-01,  5.213739e+01
  1.936246e-01,  5.197638e+01
  1.952974e-01,  5.112411e+01
  1.971033e-01,  5.082764e+01
  1.971316e-01,  5.092804e+01
  1.947933e-01,  5.009216e+01
  1.924253e-01,  4.820882e+01
  1.929846e-01,  4.731400e+01
  1.959437e-01,  4.891325e+01
  1.976826e-01,  5.154088e+01
  1.952371e-01,  5.254500e+01
  1.913680e-01,  5.125371e+01
  1.921634e-01,  4.986204e+01
  1.979910e-01,  5.058371e+01
  2.029032e-01,  5.267525e+01
  2.021821e-01,  5.393235e+01
  1.983244e-01,  5.339367e+01
  1.972988e-01,  5.224949e+01
  1.997591e-01,  5.224813e+01
  2.013745e-01,  5.334803e+01
  1.998553e-01,  5.398296e+01
  1.972929e-01,  5.298177e+01
  1.963196e-01,  5.086139e+01
  1.966809e-01,  4.914186e+01
  1.971685e-01,  4.859154e+01
  1.978915e-01,  4.878450e+01
  1.985641e-01,  4.902193e+01
  1.978247e-01,  4.912058e+01
  1.957581e-01,  4.927576e+01
  1.944560e-01,  4.960048e+01
  1.948505e-01,  5.000933e+01
  1.954780e-01,  5.041466e+01
  1.957618e-01,  5.096869e+01
  1.977526e-01,  5.204177e+01
  2.022193e-01,  5.350783e+01
  2.050439e-01,  5.405998e+01
  2.015297e-01,  5.212968e+01
  1.943184e-01,  4.815195e+01
  1.904786e-01,  4.589110e+01
  1.926927e-01,  4.855306e+01
  1.986775e-01,  5.367650e+01
  2.016835e-01,  5.650802e+01
  1.990398e-01,  5.608421e+01
  1.964563e-01,  5.519774e+01
  1.979185e-01,  5.551957e+01
  2.002989e-01,  5.484308e+01
  1.992833e-01,  5.139506e+01
  1.963511e-01,  4.763191e+01
  1.948003e-01,  4.741962e+01
  1.962682e-01,  5.028447e+01
  1.980208e-01,  5.217451e+01
  1.960607e-01,  5.163957e+01
  1.926246e-01,  5.113130e+01
  1.933859e-01,  5.258493e+01
  1.997471e-01,  5.403030e+01
  2.056385e-01,  5.285673e+01
  2.053898e-01,  4.986252e+01
  1.997376e-01,  4.829612e+01
  1.946329e-01,  5.029894e+01
  1.960237e-01,  5.400608e+01
  2.018056e-01,  5.561740e+01
  2.047529e-01,  5.420920e+01
  2.017678e-01,  5.184000e+01
  1.962127e-01,  5.075451e+01
  1.944379e-01,  5.141765e+01
  1.985442e-01,  5.273744e+01
  2.033716e-01,  5.383989e+01
  2.033620e-01,  5.437247e+01
  1.997652e-01,  5.371833e+01
  1.980227e-01,  5.176035e+01
  1.992939e-01,  5.003287e+01
  1.991418e-01,  5.014085e+01
  1.958484e-01,  5.170607e+01
  1.935373e-01,  5.305380e+01
  1.958625e-01,  5.361878e+01
  2.010103e-01,  5.450939e+01
  2.042231e-01,  5.607781e+01
  2.030984e-01,  5.677561e+01
  1.991831e-01,  5.502872e+01
  1.963001e-01,  5.171581e+01
  1.962988e-01,  4.991401e+01
  1.981961e-01,  5.137990e+01
  2.006948e-01,  5.431933e+01
  2.015409e-01,  5.535436e+01
  1.997110e-01,  5.315586e+01
  1.974083e-01,  4.988089e+01
  1.961399e-01,  4.903960e+01
  1.968071e-01,  5.161394e+01
  2.004367e-01,  5.500514e+01
  2.044239e-01,  5.611972e+01
  2.044675e-01,  5.446705e+01
  1.997193e-01,  5.186850e+01
  1.939584e-01,  5.062058e+01
  1.925452e-01,  5.168198e+01
  1.967450e-01,  5.376124e+01
  2.017889e-01,  5.490636e+01
  2.031554e-01,  5.456185e+01
  2.017003e-01,  5.349284e+01
  2.003821e-01,  5.248850e+01
  1.996069e-01,  5.151896e+01
  1.980116e-01,  5.060419e+01
  1.958002e-01,  5.094539e+01
  1.953356e-01,  5.365294e+01
  1.980511e-01,  5.711461e+01
  2.007002e-01,  5.791556e+01
  1.998552e-01,  5.506087e+01
  1.970673e-01,  5.154199e+01
  1.951934e-01,  5.117128e+01
  1.968425e-01,  5.379835e+01
  2.013664e-01,  5.564425e+01
  2.039656e-01,  5.455670e+01
  2.021541e-01,  5.181644e+01
  1.978422e-01,  4.951090e+01
  1.951210e-01,  4.843207e+01
  1.961913e-01,  4.841117e+01
  1.989195e-01,  4.927560e+01
  1.998136e-01,  5.064726e+01
  1.983436e-01,  5.173410e+01
  1.969682e-01,  5.204889e+01
  1.974725e-01,  5.175695e+01
  1.986666e-01,  5.092975e+01
  1.983735e-01,  4.950922e+01
  1.962600e-01,  4.848687e+01
  1.939550e-01,  4.971069e+01
  1.942741e-01,  5.339773e+01
  1.985147e-01,  5.696214e+01
  2.036218e-01,  5.787014e+01
  2.053077e-01,  5.609600e+01
  2.017211e-01,  5.294138e+01
  1.950119e-01,  4.965969e+01
  1.902891e-01,  4.802413e+01
  1.915364e-01,  4.993182e+01
  1.989407e-01,  5.437709e+01
  2.067353e-01,  5.735130e+01
  2.073451e-01,  5.624821e+01
  2.015307e-01,  5.234745e+01
  1.959214e-01,  4.953185e+01
  1.949254e-01,  4.992930e+01
  1.983940e-01,  5.142950e+01
  2.019607e-01,  5.147258e+01
  2.027258e-01,  5.048229e+01
  2.015842e-01,  5.019780e+01
  1.999826e-01,  5.079427e+01
  1.980719e-01,  5.108692e+01
  1.967365e-01,  5.095634e+01
  1.981358e-01,  5.154451e+01
  2.016117e-01,  5.274738e+01
  2.022885e-01,  5.270839e+01
  1.981107e-01,  5.060093e+01
  1.947708e-01,  4.851052e+01
  1.977117e-01,  4.913501e+01
  2.041693e-01,  5.141350e+01
  2.056140e-01,  5.211385e+01
  2.000928e-01,  5.056100e+01
  1.957049e-01,  4.946659e+01
  1.981957e-01,  5.097800e+01
  2.035732e-01,  5.311604e+01
  2.038217e-01,  5.337331e+01
  1.985313e-01,  5.242460e+01
  1.940315e-01,  5.244940e+01
  1.938483e-01,  5.322742e+01
  1.955621e-01,  5.264095e+01
  1.963210e-01,  5.093765e+01
  1.965458e-01,  5.056435e+01
  1.980453e-01,  5.185519e+01
  2.007682e-01,  5.228928e+01
  2.023896e-01,  5.102319e+01
  2.013295e-01,  5.043751e+01
  1.983102e-01,  5.196346e+01
  1.957338e-01,  5.333273e+01
  1.945580e-01,  5.219680e+01
  1.946842e-01,  5.025255e+01
  1.953080e-01,  5.048260e+01
  1.965090e-01,  5.247159e+01
  1.982176e-01,  5.373999e+01
  1.993228e-01,  5.403862e+01
  1.995401e-01,  5.490150e+01
  1.995379e-01,  5.603856e+01
  1.993367e-01,  5.552093e+01
  1.985156e-01,  5.330859e+01
  1.969964e-01,  5.153908e+01
  1.950839e-01,  5.117440e+01
  1.937008e-01,  5.108705e+01
  1.935801e-01,  5.092424e+01
  1.953593e-01,  5.203340e+01
  1.993697e-01,  5.447159e+01
  2.033107e-01,  5.597723e+01
  2.028923e-01,  5.514773e+01
  1.976264e-01,  5.305794e+01
  1.922039e-01,  5.125954e+01
  1.919865e-01,  4.995156e+01
  1.969754e-01,  4.920062e+01
  2.012944e-01,  5.010986e+01
  2.007923e-01,  5.282747e+01
  1.980530e-01,  5.500665e+01
  1.979448e-01,  5.435273e+01
  2.016742e-01,  5.244010e+01
  2.041722e-01,  5.246442e+01
  2.012649e-01,  5.433452e+01
  1.957635e-01,  5.518915e+01
  1.936522e-01,  5.377554e+01
  1.965483e-01,  5.209924e+01
  1.991696e-01,  5.137523e+01
  1.971231e-01,  5.023625e+01
  1.926174e-01,  4.820636e+01
  1.904003e-01,  4.762854e+01
  1.920964e-01,  4.999746e+01
  1.962830e-01,  5.291384e+01
  1.997177e-01,  5.371925e+01
  2.007416e-01,  5.322237e+01
  1.993730e-01,  5.362735e+01
  1.963585e-01,  5.464861e+01
  1.933371e-01,  5.392850e+01
  1.925657e-01,  5.108342e+01
  1.944220e-01,  4.900783e+01
  1.966561e-01,  5.021598e+01
  1.990483e-01,  5.393455e+01
  2.022820e-01,  5.711892e+01
  2.042366e-01,  5.735191e+01
  2.026798e-01,  5.459404e+01
  1.985531e-01,  5.088967e+01
  1.947025e-01,  4.886501e+01
  1.934421e-01,  4.944151e+01
  1.946769e-01,  5.106785e+01
  1.960332e-01,  5.203241e+01
  1.967239e-01,  5.233279e+01
  1.984209e-01,  5.258713e+01
  2.014300e-01,  5.259294e+01
  2.031159e-01,  5.212323e+01
  2.015433e-01,  5.207949e+01
  1.987383e-01,  5.336763e+01
  1.982626e-01,  5.498048e+01
  2.001047e-01,  5.499541e+01
  2.016358e-01,  5.362125e+01
  2.017708e-01,  5.305117e+01
  2.018916e-01,  5.420092e+01
  2.030558e-01,  5.516381e+01
  2.034705e-01,  5.392443e+01
  2.015654e-01,  5.128604e+01
  1.980311e-01,  4.993837e+01
  1.954697e-01,  5.137003e+01
  1.964616e-01,  5.426402e+01
  1.994790e-01,  5.606117e+01
  2.001507e-01,  5.545321e+01
  1.971160e-01,  5.299793e+01
  1.936648e-01,  5.068445e+01
  1.936112e-01,  5.063747e+01
  1.973255e-01,  5.282633e+01
  2.010767e-01,  5.502028e+01
  2.012070e-01,  5.551584e+01
  1.993995e-01,  5.468912e+01
  1.999057e-01,  5.410509e+01
  2.032882e-01,  5.448165e+01
  2.061157e-01,  5.494405e+01
  2.055176e-01,  5.418412e+01
  2.022786e-01,  5.181818e+01
  1.990752e-01,  4.924913e+01
  1.974245e-01,  4.904693e+01
  1.986508e-01,  5.223871e+01
  2.034472e-01,  5.630173e+01
  2.074798e-01,  5.754198e+01
  2.061109e-01,  5.512607e+01
  2.007743e-01,  5.152408e+01
  1.953518e-01,  4.986395e+01
  1.924676e-01,  5.065054e+01
  1.924078e-01,  5.170818e+01
  1.936684e-01,  5.154715e+01
  1.952947e-01,  5.119521e+01
  1.970121e-01,  5.245671e+01
  1.990887e-01,  5.533849e+01
  2.013177e-01,  5.769941e+01
  2.016353e-01,  5.746634e+01
  1.983928e-01,  5.476062e+01
  1.926581e-01,  5.173281e+01
  1.881188e-01,  5.062703e+01
  1.891046e-01,  5.179136e+01
  1.955398e-01,  5.370244e+01
  2.013434e-01,  5.499238e+01
  2.012422e-01,  5.513902e+01
  1.971263e-01,  5.379421e+01
  1.953918e-01,  5.142052e+01
  1.984299e-01,  5.017357e+01
  2.023150e-01,  5.180468e+01
  2.036626e-01,  5.507905e+01
  2.022822e-01,  5.665750e+01
  1.994620e-01,  5.476124e+01
  1.969573e-01,  5.129220e+01
  1.949208e-01,  4.910790e+01
  1.938830e-01,  4.841409e+01
  1.949345e-01,  4.783250e+01
  1.968370e-01,  4.761073e+01
  1.972249e-01,  4.905161e+01
  1.960434e-01,  5.144885e+01
  1.944710e-01,  5.227936e+01
  1.934185e-01,  5.090259e+01
  1.938776e-01,  4.971496e+01
  1.958843e-01,  5.049542e+01
  1.982010e-01,  5.193187e+01
  1.986591e-01,  5.218626e+01
  1.974102e-01,  5.166879e+01
  1.971821e-01,  5.185680e+01
  1.989611e-01,  5.274280e+01
  2.000813e-01,  5.327719e+01
  1.986193e-01,  5.359938e+01
  1.973353e-01,  5.474839e+01
  1.996799e-01,  5.627438e+01
  2.031279e-01,  5.610643e+01
  2.018079e-01,  5.342866e+01
  1.952343e-01,  4.994106e+01
  1.892840e-01,  4.832941e+01
  1.900526e-01,  4.934741e+01
  1.967774e-01,  5.099791e+01
  2.016770e-01,  5.159434e+01
  1.994603e-01,  5.123938e+01
  1.933006e-01,  5.055219e+01
  1.899745e-01,  4.994861e+01
  1.915817e-01,  4.986136e+01
  1.943792e-01,  5.048402e+01
  1.949737e-01,  5.123549e+01
  1.945329e-01,  5.126807e+01
  1.960073e-01,  5.063325e+01
  1.990796e-01,  5.019939e+01
  2.002897e-01,  5.027832e+01
  1.980750e-01,  5.043419e+01
  1.952868e-01,  5.042967e+01
  1.955594e-01,  5.033100e+01
  1.983569e-01,  4.996421e+01
  1.998383e-01,  4.953383e+01
  1.986365e-01,  5.039393e+01
  1.983663e-01,  5.343525e+01
  2.016821e-01,  5.655058e+01
  2.038360e-01,  5.650416e+01
  2.003825e-01,  5.320442e+01
  1.947136e-01,  4.997459e+01
  1.927276e-01,  4.980349e+01
  1.962661e-01,  5.155571e+01
  2.006319e-01,  5.233437e+01
  2.011977e-01,  5.182196e+01
  1.990526e-01,  5.154025e+01
  1.973058e-01,  5.205548e+01
  1.968038e-01,  5.265127e+01
  1.968711e-01,  5.295122e+01
  1.969327e-01,  5.288127e+01
  1.958469e-01,  5.177302e+01
  1.932910e-01,  4.955867e+01
  1.919498e-01,  4.819332e+01
  1.947543e-01,  4.941344e+01
  1.999925e-01,  5.149479e+01
  2.013121e-01,  5.174136e+01
  1.973463e-01,  5.073116e+01
  1.944734e-01,  5.132401e+01
  1.970937e-01,  5.358713e+01
  2.003956e-01,  5.415466e+01
  1.985752e-01,  5.198136e+01
  1.951799e-01,  5.016302e+01
  1.965555e-01,  5.133389e+01
  2.021026e-01,  5.333412e+01
  2.041108e-01,  5.320654e+01
  2.001626e-01,  5.182520e+01
  1.964262e-01,  5.174236e+01
  1.976572e-01,  5.259830e+01
  2.002920e-01,  5.181144e+01
  1.988935e-01,  4.960199e+01
  1.943416e-01,  4.925828e+01
  1.928075e-01,  5.243897e+01
  1.980086e-01,  5.602986e+01
  2.047705e-01,  5.642942e+01
  2.067472e-01,  5.405024e+01
  2.027885e-01,  5.147078e+01
  1.962220e-01,  5.026093e+01
  1.925749e-01,  5.012599e+01
  1.943742e-01,  5.024480e+01
  1.981077e-01,  5.049380e+01
  1.987020e-01,  5.105668e+01
  1.963546e-01,  5.177444e+01
  1.958318e-01,  5.218485e+01
  1.990373e-01,  5.192591e+01
  2.023194e-01,  5.108151e+01
  2.023134e-01,  5.023912e+01
  2.005966e-01,  5.025982e+01
  2.006632e-01,  5.151336e+01
  2.031039e-01,  5.331250e+01
  2.056733e-01,  5.478739e+01
  2.063955e-01,  5.589012e+01
  2.046631e-01,  5.683522e+01
  2.010451e-01,  5.697341e+01
  1.978256e-01,  5.522250e+01
  1.977868e-01,  5.201529e+01
  2.000441e-01,  4.955049e+01
  2.007594e-01,  4.919987e+01
  1.994597e-01,  5.025483e+01
  1.990984e-01,  5.142659e+01
  2.005521e-01,  5.242413e+01
  2.013668e-01,  5.339703e+01
  2.002182e-01,  5.369575e+01
  1.991555e-01,  5.256811e+01
  1.997575e-01,  5.073021e+01
  1.998916e-01,  4.975925e+01
  1.978989e-01,  5.014187e+01
  1.964740e-01,  5.110161e+01
  1.980502e-01,  5.177802e+01
  1.997917e-01,  5.185516e+01
  1.976298e-01,  5.138720e+01
  1.935817e-01,  5.104632e+01
  1.938854e-01,  5.203579e+01
  1.997442e-01,  5.405460e+01
  2.040876e-01,  5.467398e+01
  2.010671e-01,  5.238238e+01
  1.949362e-01,  4.928139e+01
  1.925144e-01,  4.977214e+01
  1.954257e-01,  5.426924e+01
  1.985976e-01,  5.767942e+01
  1.960791e-01,  5.618176e+01
  1.922821e-01,  5.156015e+01
  1.927484e-01,  4.917675e+01
  1.955173e-01,  5.094695e+01
  1.965873e-01,  5.334231e+01
  1.941319e-01,  5.279038e+01
  1.918364e-01,  4.979646e+01
  1.932568e-01,  4.790352e+01
  1.968149e-01,  4.906142e+01
  1.997021e-01,  5.184470e+01
  2.006695e-01,  5.408719e+01
  2.007514e-01,  5.510588e+01
  2.015860e-01,  5.529702e+01
  2.025125e-01,  5.472059e+01
  2.014130e-01,  5.307237e+01
  1.983987e-01,  5.089376e+01
  1.960528e-01,  4.966972e+01
  1.957527e-01,  4.988229e+01
  1.955847e-01,  5.000904e+01
  1.932900e-01,  4.893792e+01
  1.904812e-01,  4.826645e+01
  1.905888e-01,  5.030029e+01
  1.941243e-01,  5.370942e+01
  1.964983e-01,  5.458483e+01
  1.954224e-01,  5.210537e+01
  1.948528e-01,  5.027078e+01
  1.974217e-01,  5.271226e+01
  2.020902e-01,  5.692539e+01
  2.034679e-01,  5.767691e+01
  2.001251e-01,  5.386672e+01
  1.970550e-01,  4.958199e+01
  1.964399e-01,  4.915510e+01
  1.991619e-01,  5.219002e+01
  2.044709e-01,  5.512253e+01
  2.072811e-01,  5.567167e+01
  2.036312e-01,  5.396801e+01
  1.963235e-01,  5.149392e+01
  1.925842e-01,  5.047459e+01
  1.959080e-01,  5.200417e+01
  2.019917e-01,  5.432240e+01
  2.038697e-01,  5.501917e+01
  2.012038e-01,  5.361222e+01
  1.991390e-01,  5.151972e+01
  1.991268e-01,  5.029822e+01
  1.983427e-01,  5.050771e+01
  1.965776e-01,  5.218642e+01
  1.971603e-01,  5.435238e+01
  1.999708e-01,  5.464277e+01
  2.007173e-01,  5.207058e+01
  1.983371e-01,  4.924581e+01
  1.961563e-01,  4.999782e+01
  1.981844e-01,  5.403289e+01
  2.021186e-01,  5.677774e+01
  2.022083e-01,  5.604189e+01
  2.001896e-01,  5.427768e+01
  2.006539e-01,  5.425095e+01
  2.029168e-01,  5.483165e+01
  2.023354e-01,  5.356292e+01
  1.989076e-01,  5.114189e+01
  1.972317e-01,  5.046351e+01
  1.989508e-01,  5.186434e+01
  2.001005e-01,  5.259385e+01
  1.974884e-01,  5.154012e+01
  1.946870e-01,  5.090266e+01
  1.962702e-01,  5.262090e+01
  2.008034e-01,  5.510858e+01
  2.022461e-01,  5.589024e+01
  1.993747e-01,  5.487124e+01
  1.973245e-01,  5.360266e+01
  1.990604e-01,  5.294327e+01
  2.014956e-01,  5.249112e+01
  2.007743e-01,  5.195265e+01
  1.980320e-01,  5.141976e+01
  1.973028e-01,  5.071919e+01
  1.992504e-01,  4.994150e+01
  2.002267e-01,  5.027770e+01
  1.984535e-01,  5.285014e+01
  1.977535e-01,  5.655561e+01
  2.010441e-01,  5.833084e+01
  2.054230e-01,  5.683457e+01
  2.064752e-01,  5.383297e+01
  2.030951e-01,  5.164467e+01
  1.988249e-01,  5.107323e+01
  1.974336e-01,  5.160568e+01
  1.983710e-01,  5.270766e+01
  1.991911e-01,  5.407803e+01
  1.995732e-01,  5.486124e+01
  2.003561e-01,  5.414627e+01
  2.011323e-01,  5.271484e+01
  2.008311e-01,  5.283138e+01
  2.004819e-01,  5.525376e+01
  2.015632e-01,  5.727693e+01
  2.019583e-01,  5.578192e+01
  2.004860e-01,  5.180959e+01
  1.985487e-01,  4.980759e+01
  1.983610e-01,  5.165111e+01
  2.007582e-01,  5.344190e+01
  2.019114e-01,  5.122151e+01
  2.004119e-01,  4.704110e+01
  1.972483e-01,  4.623627e+01
  1.948642e-01,  4.971626e+01
  1.943668e-01,  5.212355e+01
  1.931174e-01,  4.962845e+01
  1.927601e-01,  4.552206e+01
  1.946399e-01,  4.562789e+01
  1.984741e-01,  5.014523e+01
  2.015960e-01,  5.398595e+01
  2.000225e-01,  5.401827e+01
  1.969079e-01,  5.192451e+01
  1.969368e-01,  5.085383e+01
  1.989199e-01,  5.089748e+01
  1.986075e-01,  4.987936e+01
  1.954714e-01,  4.749463e+01
  1.929930e-01,  4.618032e+01
  1.932266e-01,  4.773883e+01
  1.952510e-01,  5.073379e+01
  1.964958e-01,  5.270019e+01
  1.963674e-01,  5.302086e+01
  1.969544e-01,  5.260362e+01
  1.995301e-01,  5.216712e+01
  2.025085e-01,  5.188726e+01
  2.026273e-01,  5.214744e+01
  1.985496e-01,  5.342254e+01
  1.937932e-01,  5.538599e+01
  1.937554e-01,  5.675484e+01
  1.984877e-01,  5.653113e+01
  2.012624e-01,  5.481402e+01
  1.972288e-01,  5.217501e+01
  1.912856e-01,  4.970496e+01
  1.919332e-01,  4.919330e+01
  1.992898e-01,  5.098369e+01
  2.047779e-01,  5.301696e+01
  2.026060e-01,  5.335776e+01
  1.970281e-01,  5.213291e+01
  1.941640e-01,  5.118826e+01
  1.935622e-01,  5.134204e+01
  1.928701e-01,  5.120202e+01
  1.936513e-01,  4.972119e+01
  1.972924e-01,  4.820182e+01
  1.994464e-01,  4.840289e+01
  1.961921e-01,  5.007935e+01
  1.915430e-01,  5.158379e+01
  1.927816e-01,  5.199727e+01
  2.000819e-01,  5.221495e+01
  2.055731e-01,  5.324851e+01
  2.041215e-01,  5.473299e+01
  1.998330e-01,  5.550388e+01
  1.994692e-01,  5.501357e+01
  2.030877e-01,  5.397627e+01
  2.049846e-01,  5.304453e+01
  2.026626e-01,  5.195772e+01
  1.995846e-01,  5.067803e+01
  1.986014e-01,  5.035197e+01
  1.982628e-01,  5.180197e+01
  1.971573e-01,  5.363324e+01
  1.964684e-01,  5.352295e+01
  1.977217e-01,  5.166245e+01
  1.995368e-01,  5.094134e+01
  1.997239e-01,  5.256366e+01
  1.989040e-01,  5.384993e+01
  1.981789e-01,  5.193343e+01
  1.985011e-01,  4.840785e+01
  1.990552e-01,  4.752780e+01
  1.991326e-01,  5.022090e+01
  1.985873e-01,  5.292656e+01
  1.958783e-01,  5.268136e+01
  1.930669e-01,  5.071599e+01
  1.940038e-01,  5.002412e+01
  1.987596e-01,  5.099909e+01
  2.032008e-01,  5.184907e+01
  2.037055e-01,  5.195493e+01
  2.011073e-01,  5.205694e+01
  1.984205e-01,  5.230610e+01
  1.973985e-01,  5.214159e+01
  1.983124e-01,  5.194682e+01
  2.006433e-01,  5.273359e+01
  2.027378e-01,  5.399211e+01
  2.021707e-01,  5.392008e+01
  1.988838e-01,  5.212736e+01
  1.961649e-01,  5.068403e+01
  1.966251e-01,  5.151657e+01
  1.994607e-01,  5.358741e+01
  2.008235e-01,  5.452442e+01
  1.989737e-01,  5.381186e+01
  1.971557e-01,  5.297049e+01
  1.987486e-01,  5.332672e+01
  2.024632e-01,  5.439975e+01
  2.039793e-01,  5.496523e+01
  2.022011e-01,  5.463774e+01
  2.008444e-01,  5.409305e+01
  2.025358e-01,  5.433473e+01
  2.049080e-01,  5.547489e+01
  2.044089e-01,  5.618033e+01
  2.015614e-01,  5.467771e+01
  2.002388e-01,  5.114439e+01
  2.008806e-01,  4.866418e+01
  1.998339e-01,  4.971184e+01
  1.977690e-01,  5.273498e+01
  1.983567e-01,  5.379153e+01
  2.021285e-01,  5.204941e+01
  2.051382e-01,  5.089608e+01
  2.032488e-01,  5.239844e+01
  1.985526e-01,  5.420977e+01
  1.955135e-01,  5.306589e+01
  1.961789e-01,  5.017562e+01
  1.979462e-01,  4.961530e+01
  1.985528e-01,  5.214223e+01
  1.990247e-01,  5.451896e+01
  1.991798e-01,  5.425690e+01
  1.981059e-01,  5.234436e+01
  1.958585e-01,  5.081390e+01
  1.943092e-01,  5.028973e+01
  1.953268e-01,  5.069010e+01
  1.980559e-01,  5.207811e+01
  1.999883e-01,  5.357703e+01
  1.997341e-01,  5.327247e+01
  1.984601e-01,  5.068966e+01
  1.977908e-01,  4.833203e+01
  1.973452e-01,  4.887842e+01
  1.974967e-01,  5.159008e+01
  1.985468e-01,  5.334219e+01
  1.989678e-01,  5.270462e+01
  1.976286e-01,  5.099827e+01
  1.948558e-01,  4.962110e+01
  1.924859e-01,  4.850056e+01
  1.922845e-01,  4.773584e+01
  1.943555e-01,  4.871988e+01
  1.979935e-01,  5.173187e+01
  2.016985e-01,  5.408063e+01
  2.029913e-01,  5.311849e+01
  2.025276e-01,  5.017324e+01
  2.021289e-01,  4.931145e+01
  2.019555e-01,  5.160155e+01
  2.008949e-01,  5.334186e+01
  1.979106e-01,  5.159494e+01
  1.958768e-01,  4.874997e+01
  1.962262e-01,  4.923726e+01
  1.977569e-01,  5.283552e+01
  1.982354e-01,  5.535027e+01
  1.968416e-01,  5.496732e+01
  1.967109e-01,  5.426026e+01
  1.996673e-01,  5.558847e+01
  2.038534e-01,  5.718130e+01
  2.056651e-01,  5.633222e+01
  2.047543e-01,  5.390932e+01
  2.034552e-01,  5.329793e+01
  2.036098e-01,  5.533561e+01
  2.043739e-01,  5.685337e+01
  2.026862e-01,  5.550460e+01
  1.993807e-01,  5.305500e+01
  1.979128e-01,  5.249763e+01
  1.994493e-01,  5.345062e+01
  2.007300e-01,  5.325987e+01
  1.990453e-01,  5.172040e+01
  1.969852e-01,  5.124108e+01
  1.982650e-01,  5.261531e+01
  2.014488e-01,  5.340248e+01
  2.018313e-01,  5.203280e+01
  1.996370e-01,  5.041687e+01
  1.988245e-01,  5.127538e+01
  2.005307e-01,  5.404785e+01
  2.005834e-01,  5.569891e+01
  1.965534e-01,  5.484756e+01
  1.931806e-01,  5.283115e+01
  1.948389e-01,  5.151144e+01
  1.993821e-01,  5.098353e+01
  2.023772e-01,  5.054000e+01
  2.032578e-01,  5.047351e+01
  2.041632e-01,  5.148884e+01
  2.049460e-01,  5.315289e+01
  2.032189e-01,  5.414273e+01
  1.993077e-01,  5.370222e+01
  1.969065e-01,  5.227668e+01
  1.974118e-01,  5.102889e+01
  1.979704e-01,  5.079902e+01
  1.965249e-01,  5.152271e+01
  1.947576e-01,  5.233862e+01
  1.947708e-01,  5.245484e+01
  1.965281e-01,  5.223758e+01
  1.994748e-01,  5.260339e+01
  2.031438e-01,  5.325335e+01
  2.048052e-01,  5.282338e+01
  2.012508e-01,  5.110136e+01
  1.944344e-01,  4.993178e+01
  1.910131e-01,  5.116035e+01
  1.946241e-01,  5.360861e+01
  2.003090e-01,  5.443315e+01
  2.021870e-01,  5.312730e+01
  2.015822e-01,  5.170884e+01
  2.020908e-01,  5.191167e+01
  2.031109e-01,  5.275147e+01
  2.015891e-01,  5.181202e+01
  1.985601e-01,  4.858247e+01
  1.977499e-01,  4.591819e+01
  1.990536e-01,  4.726032e+01
  2.016174e-01,  5.232468e+01
  2.048844e-01,  5.697383e+01
  2.052762e-01,  5.747222e+01
  2.015769e-01,  5.395954e+01
  1.970211e-01,  4.998794e+01
  1.947188e-01,  4.924942e+01
  1.963970e-01,  5.197219e+01
  2.003016e-01,  5.499273e+01
  2.016960e-01,  5.550002e+01
  1.999601e-01,  5.351623e+01
  1.988822e-01,  5.154611e+01
  2.003623e-01,  5.202895e+01
  2.030934e-01,  5.455328e+01
  2.041157e-01,  5.651585e+01
  2.016976e-01,  5.610870e+01
  1.985039e-01,  5.388706e+01
  1.983560e-01,  5.184095e+01
  2.009411e-01,  5.111419e+01
  2.023948e-01,  5.130461e+01
  2.006169e-01,  5.190975e+01
  1.982551e-01,  5.296197e+01
  1.982520e-01,  5.400416e+01
  1.986157e-01,  5.373383e+01
  1.961677e-01,  5.160594e+01
  1.927949e-01,  4.919639e+01
  1.921566e-01,  4.896319e+01
  1.939598e-01,  5.089960e+01
  1.949493e-01,  5.242298e+01
  1.949123e-01,  5.213883e+01
  1.974373e-01,  5.160934e+01
  2.019732e-01,  5.251156e+01
  2.030247e-01,  5.371305e+01
  1.988621e-01,  5.328712e+01
  1.957730e-01,  5.187226e+01
  1.986441e-01,  5.201750e+01
  2.034947e-01,  5.364749e+01
  2.035357e-01,  5.404242e+01
  1.991821e-01,  5.239292e+01
  1.966913e-01,  5.144858e+01
  1.976853e-01,  5.311616e+01
  1.977605e-01,  5.457346e+01
  1.936676e-01,  5.244456e+01
  1.902542e-01,  4.852463e+01
  1.918392e-01,  4.848672e+01
  1.974967e-01,  5.338016e+01
  2.030347e-01,  5.778678e+01
  2.029305e-01,  5.755003e+01
  2.000572e-01,  5.428152e+01
  1.995512e-01,  5.258735e+01
  2.011917e-01,  5.378056e+01
  2.022512e-01,  5.490745e+01
  2.009073e-01,  5.388743e+01
  1.985952e-01,  5.222112e+01
  1.973971e-01,  5.247906e+01
  1.988621e-01,  5.473966e+01
  2.030099e-01,  5.672220e+01
  2.066858e-01,  5.667779e+01
  2.060823e-01,  5.478426e+01
  2.010937e-01,  5.247121e+01
  1.965859e-01,  5.143946e+01
  1.977101e-01,  5.214674e+01
  2.030253e-01,  5.288230e+01
  2.052294e-01,  5.200952e+01
  2.009391e-01,  5.030655e+01
  1.947009e-01,  5.014664e+01
  1.928350e-01,  5.211172e+01
  1.957409e-01,  5.348737e+01
  1.984129e-01,  5.226564e+01
  1.982416e-01,  4.995545e+01
  1.959757e-01,  4.915993e+01
  1.935653e-01,  5.009275e+01
  1.931224e-01,  5.084361e+01
  1.957669e-01,  5.065961e+01
  2.002684e-01,  5.087128e+01
  2.030965e-01,  5.251476e+01
  2.025140e-01,  5.500312e+01
  2.007996e-01,  5.681026e+01
  2.005513e-01,  5.637050e+01
  2.009620e-01,  5.318030e+01
  1.999170e-01,  4.897341e+01
  1.971638e-01,  4.739370e+01
  1.957030e-01,  5.059526e+01
  1.985708e-01,  5.533667e+01
  2.009888e-01,  5.610914e+01
  1.993499e-01,  5.234497e+01
  1.976075e-01,  4.922491e+01
  1.987211e-01,  5.112195e+01
  2.028743e-01,  5.530683e+01
  2.044940e-01,  5.628728e+01
  2.007227e-01,  5.350738e+01
  1.966162e-01,  5.119542e+01
  1.966695e-01,  5.211958e+01
  2.003887e-01,  5.377943e+01
  2.023136e-01,  5.326638e+01
  1.999587e-01,  5.162937e+01
  1.967823e-01,  5.132288e+01
  1.969173e-01,  5.210293e+01
  1.993792e-01,  5.196148e+01
  2.002458e-01,  5.120777e+01
  1.990959e-01,  5.190524e+01
  1.989395e-01,  5.372364e+01
  1.993369e-01,  5.340270e+01
  1.966541e-01,  4.958852e+01
  1.913264e-01,  4.559073e+01
  1.874339e-01,  4.621953e+01
  1.907595e-01,  5.148986e+01
  1.999733e-01,  5.577111e+01
  2.047789e-01,  5.539007e+01
  2.017179e-01,  5.184006e+01
  1.959880e-01,  4.909137e+01
  1.930495e-01,  4.951970e+01
  1.950384e-01,  5.153281e+01
  1.992933e-01,  5.258337e+01
  2.020615e-01,  5.275326e+01
  2.023375e-01,  5.334089e+01
  2.010836e-01,  5.388315e+01
  1.991270e-01,  5.274584e+01
  1.973720e-01,  5.044995e+01
  1.965428e-01,  4.982053e+01
  1.966988e-01,  5.165338e+01
  1.967340e-01,  5.285871e+01
  1.949383e-01,  5.093847e+01
  1.930655e-01,  4.816974e+01
  1.933728e-01,  4.899420e+01
  1.967553e-01,  5.352639e+01
  2.005625e-01,  5.712866e+01
  2.002264e-01,  5.666366e+01
  1.978422e-01,  5.352744e+01
  1.975597e-01,  5.117754e+01
  1.990880e-01,  5.090579e+01
  2.002549e-01,  5.143377e+01
  2.003884e-01,  5.194654e+01
  2.005673e-01,  5.301956e+01
  2.014999e-01,  5.470775e+01
  2.024297e-01,  5.566914e+01
  2.022912e-01,  5.502202e+01
  2.011057e-01,  5.388119e+01
  1.998716e-01,  5.404456e+01
  2.006164e-01,  5.542308e+01
  2.036132e-01,  5.574235e+01
  2.047084e-01,  5.323745e+01
  2.001573e-01,  4.867270e+01
  1.922784e-01,  4.499414e+01
  1.880324e-01,  4.535139e+01
  1.921766e-01,  4.936636e+01
  1.997811e-01,  5.296795e+01
  2.017906e-01,  5.356695e+01
  1.986216e-01,  5.208045e+01
  1.961356e-01,  5.126388e+01
  1.946098e-01,  5.240120e+01
  1.912591e-01,  5.389181e+01
  1.882713e-01,  5.366597e+01
  1.910784e-01,  5.183127e+01
  1.980166e-01,  5.023817e+01
  2.007309e-01,  4.969264e+01
  1.969256e-01,  4.985245e+01
  1.938945e-01,  5.092294e+01
  1.977248e-01,  5.339218e+01
  2.050187e-01,  5.601864e+01
  2.075541e-01,  5.623026e+01
  2.033891e-01,  5.288982e+01
  1.983383e-01,  4.853587e+01
  1.957888e-01,  4.770717e+01
  1.961758e-01,  5.118086e+01
  1.991579e-01,  5.469026e+01
  2.011428e-01,  5.466056e+01
  2.006753e-01,  5.222897e+01
  1.992827e-01,  5.072014e+01
  1.988350e-01,  5.119600e+01
  2.001386e-01,  5.199127e+01
  2.020404e-01,  5.209367e+01
  2.032812e-01,  5.238409e+01
  2.032319e-01,  5.323598e+01
  2.010110e-01,  5.320775e+01
  1.963602e-01,  5.118576e+01
  1.914366e-01,  4.868317e+01
  1.887337e-01,  4.857046e+01
  1.897168e-01,  5.126502e+01
  1.940206e-01,  5.400943e+01
  1.990505e-01,  5.466635e+01
  2.027753e-01,  5.405967e+01
  2.039515e-01,  5.391760e+01
  2.022167e-01,  5.409374e+01
  1.994655e-01,  5.305009e+01
  1.989472e-01,  5.085517e+01
  2.010035e-01,  4.984195e+01
  2.023077e-01,  5.110341e+01
  2.009687e-01,  5.264429e+01
  1.987481e-01,  5.220754e+01
  1.987266e-01,  5.056253e+01
  1.998623e-01,  5.002396e+01
  1.981615e-01,  5.034309e+01
  1.935623e-01,  4.928994e+01
  1.915019e-01,  4.710645e+01
  1.951409e-01,  4.740246e+01
  2.010379e-01,  5.136752e+01
  2.035144e-01,  5.529348e+01
  1.995520e-01,  5.554563e+01
  1.944206e-01,  5.310168e+01
  1.939966e-01,  5.222895e+01
  1.971889e-01,  5.385918e+01
  1.996243e-01,  5.439350e+01
  1.995754e-01,  5.210826e+01
  1.996495e-01,  5.033778e+01
  2.013033e-01,  5.266430e+01
  2.042573e-01,  5.697139e+01
  2.038894e-01,  5.795594e+01
  1.974416e-01,  5.381996e+01
  1.903149e-01,  4.805345e+01
  1.872922e-01,  4.570294e+01
  1.895070e-01,  4.762444e+01
  1.942158e-01,  5.046302e+01
  1.959580e-01,  5.162885e+01
  1.946492e-01,  5.124607e+01
  1.950763e-01,  5.078365e+01
  1.980778e-01,  5.143262e+01
  1.992431e-01,  5.319724e+01
  1.967760e-01,  5.500629e+01
  1.946923e-01,  5.533753e+01
  1.964634e-01,  5.366602e+01
  1.999826e-01,  5.137531e+01
  2.014848e-01,  5.034605e+01
  2.014042e-01,  5.131125e+01
  2.017571e-01,  5.331814e+01
  2.010166e-01,  5.442598e+01
  1.977504e-01,  5.325487e+01
  1.955131e-01,  5.023129e+01
  1.968391e-01,  4.762874e+01
  1.973622e-01,  4.710418e+01
  1.931925e-01,  4.794426e+01
  1.881514e-01,  4.853900e+01
  1.882005e-01,  4.864075e+01
  1.920143e-01,  4.935377e+01
  1.935122e-01,  5.088029e+01
  1.923035e-01,  5.226377e+01
  1.940807e-01,  5.302361e+01
  2.000485e-01,  5.327853e+01
  2.032847e-01,  5.209047e+01
  2.001395e-01,  4.832189e+01
  1.970907e-01,  4.440118e+01
  1.983428e-01,  4.566881e+01
  2.015320e-01,  5.194160e+01
  2.010397e-01,  5.624455e+01
  1.952113e-01,  5.442433e+01
  1.932219e-01,  5.123770e+01
  1.958817e-01,  5.276683e+01
  1.966285e-01,  5.517457e+01
  1.946277e-01,  5.243591e+01
  1.984690e-01,  4.926071e+01
  2.052608e-01,  5.340069e+01
  2.043646e-01,  5.872308e+01
  1.919483e-01,  5.391431e+01
  1.916478e-01,  4.477096e+01
  2.028783e-01,  5.031657e+01
  2.113987e-01,  6.302273e+01
  1.940928e-01,  5.956326e+01
  1.874942e-01,  3.933784e+01
  2.024057e-01,  4.185530e+01
  2.197519e-01,  6.625758e+01
  2.025579e-01,  6.994840e+01
  1.795686e-01,  3.213217e+01
  2.153939e-01,  2.350560e+01
  2.283199e-01,  6.377246e+01
  2.306586e-01,  8.376685e+01
  1.403741e-01,  2.099862e+01
  2.300425e-01,  -1.254442e+01
  1.634776e-01,  6.569734e+01
  3.377757e-01,  1.072186e+02
  1.298768e-01,  4.876251e+01
  3.789124e-01,  -2.842979e+01
  1.088114e-01,  3.551718e+01
  5.670292e-01,  1.222491e+02
  2.028290e-01,  8.375809e+01
  7.757903e-01,  -3.472017e+01
  1.055894e-01,  -4.400936e+01
  1.469631e+00,  1.354471e+02
  4.498153e-01,  -1.363801e+01
  7.059521e+00,  1.426621e+02
  2.108119e+01,  1.423246e+02
  2.331113e+01,  1.436338e+02
  2.145000e+01,  1.482664e+02
  2.050194e+01,  1.487771e+02
  1.854410e+01,  1.480796e+02
  1.436466e+01,  1.511790e+02
  1.042281e+01,  1.539232e+02
  7.760036e+00,  1.414880e+02
  4.853784e+00,  1.081835e+02
  4.249958e+00,  1.737901e+01
  9.708498e+00,  -1.546331e+01
  1.482539e+01,  -1.819688e+01
  1.952083e+01,  -1.984252e+01
  2.379285e+01,  -2.393844e+01
  2.593165e+01,  -2.518399e+01
  2.538264e+01,  -2.292221e+01
  2.377761e+01,  -2.451857e+01
  2.142355e+01,  -3.404288e+01
  1.750901e+01,  -4.461724e+01
  1.271595e+01,  -4.895858e+01
  9.327745e+00,  -4.961864e+01
  6.748959e+00,  -5.122638e+01
  3.761552e+00,  -2.602004e+01
  5.057299e+00,  3.085282e+01
  7.861347e+00,  3.800253e+01
  1.029232e+01,  3.671569e+01
  1.328819e+01,  3.714003e+01
  1.601260e+01,  3.526686e+01
  1.805259e+01,  3.132436e+01
  1.972339e+01,  2.989689e+01
  2.068047e+01,  3.165507e+01
  2.053784e+01,  3.315588e+01
  1.937504e+01,  3.253586e+01
  1.758173e+01,  3.134185e+01
  1.544273e+01,  3.081455e+01
  1.308196e+01,  2.935206e+01
  1.045097e+01,  2.537826e+01
  7.770551e+00,  1.648743e+01
  6.056722e+00,  -3.981759e+00
  5.618472e+00,  -3.202977e+01
  5.496900e+00,  -6.422910e+01
  6.936044e+00,  -8.671525e+01
  9.287562e+00,  -8.201494e+01
  1.084381e+01,  -7.210002e+01
  1.078290e+01,  -6.659144e+01
  1.159524e+01,  -5.708570e+01
  1.437347e+01,  -4.507902e+01
  1.603558e+01,  -3.685243e+01
  1.629359e+01,  -3.215654e+01
  1.762683e+01,  -3.179156e+01
  1.861309e+01,  -3.284655e+01
  1.689475e+01,  -3.361608e+01
  1.496765e+01,  -3.696417e+01
  1.461988e+01,  -4.259402e+01
  1.303272e+01,  -4.797746e+01
  1.007576e+01,  -5.532732e+01
  8.972310e+00,  -6.225397e+01
  8.799366e+00,  -6.706999e+01
  6.843133e+00,  -8.368330e+01
  5.671191e+00,  -1.236846e+02
  7.076179e+00,  -1.540154e+02
  9.764328e+00,  -1.718246e+02
  1.330009e+01,  1.781554e+02
  1.591453e+01,  1.739095e+02
  1.711223e+01,  1.705089e+02
  1.727797e+01,  1.662603e+02
  1.675709e+01,  1.620279e+02
  1.597336e+01,  1.572432e+02
  1.516247e+01,  1.509219e+02
  1.475654e+01,  1.451243e+02
  1.491799e+01,  1.428109e+02
  1.485076e+01,  1.428002e+02
  1.360537e+01,  1.428903e+02
  1.130320e+01,  1.444271e+02
  8.870311e+00,  1.507633e+02
  6.541797e+00,  1.629107e+02
  3.895372e+00,  -1.680852e+02
  4.406092e+00,  -1.132822e+02
  7.614916e+00,  -1.134181e+02
  1.099043e+01,  -1.260465e+02
  1.327996e+01,  -1.277825e+02
  1.547662e+01,  -1.245899e+02
  1.839509e+01,  -1.265853e+02
  1.975514e+01,  -1.297454e+02
  1.866778e+01,  -1.279653e+02
  1.746373e+01,  -1.238918e+02
  1.601759e+01,  -1.252639e+02
  1.292967e+01,  -1.310025e+02
  9.966727e+00,  -1.340868e+02
  9.236024e+00,  -1.370090e+02
  1.066965e+01,  -1.508788e+02
  1.366358e+01,  -1.633087e+02
  1.605093e+01,  -1.629965e+02
  1.806067e+01,  -1.571803e+02
  2.203453e+01,  -1.604308e+02
  1.938524e+01,  -1.701434e+02
  9.754642e+00,  1.952232e+01
  2.104478e+00,  1.798633e+02
##END=