##TITLE= twqubit_encoding1_C_nobufferfix2
##JCAMP-DX= 5.00 Bruker JCAMP library
##DATA TYPE= Shape Data
##ORIGIN= Colm Fixed Pulses 
##OWNER= d29lu
##DATE= 12-May-2015
##TIME= 16:15
##MINX= 1.273506e-01
##MAXX= 7.381165e+01
##MINY= 9.274241e-01
##MAXY= 3.596384e+02
##$SHAPE_EXMODE= None
##$SHAPE_TOTROT= 9.000000e+01
##$SHAPE_BWFAC= 1.000000e+00
##$SHAPE_INTEGFAC= 1.000000e+00
##$SHAPE_MODE= 1
##NPOINTS= 3298
##XYPOINTS= (XY..XY)
  2.266378e+00,  3.048207e+02
  8.003685e+00,  6.326114e+01
  1.815280e+01,  1.052987e+02
  2.343466e+01,  1.769664e+02
  2.840077e+01,  2.404179e+02
  2.326903e+01,  2.941066e+02
  1.233896e+01,  1.814254e+01
  2.809467e+01,  9.955342e+01
  3.959657e+01,  1.086652e+02
  4.392289e+01,  7.795692e+01
  4.316516e+01,  6.594273e+01
  1.298254e+01,  1.267922e+02
  3.055251e+01,  2.273213e+02
  2.853280e+01,  2.515052e+02
  6.702820e+00,  2.870233e+00
  3.102259e+01,  8.249768e+01
  3.431634e+01,  9.210848e+01
  1.743738e+01,  5.861574e+01
  1.775018e+01,  3.461514e+02
  2.937345e+01,  3.272539e+02
  2.905836e+01,  3.056574e+02
  1.827676e+01,  2.418171e+02
  1.597237e+01,  1.506410e+02
  2.659696e+01,  8.385160e+01
  3.354819e+01,  4.428461e+01
  2.807015e+01,  1.746405e+01
  3.402293e+00,  3.482099e+02
  2.047281e+01,  1.943831e+02
  2.132630e+01,  1.879581e+02
  4.020222e+00,  9.561596e+01
  1.825878e+01,  1.570013e+01
  1.795321e+01,  3.455933e+02
  2.193588e+01,  2.907053e+02
  2.841174e+01,  2.737870e+02
  2.007478e+01,  2.826244e+02
  1.079221e+01,  3.444790e+02
  1.393016e+01,  3.844787e+01
  9.643777e+00,  7.885148e+01
  7.701557e+00,  1.407257e+02
  2.780655e+00,  7.545222e+01
  1.723402e+01,  2.668697e+01
  1.886979e+01,  3.239451e+01
  6.663281e+00,  2.843443e+02
  3.547823e+01,  2.573850e+02
  3.915226e+01,  2.840082e+02
  2.690513e+01,  1.389824e+01
  3.853587e+01,  9.978598e+01
  3.541696e+01,  1.520426e+02
  5.895344e+00,  2.457910e+02
  3.004792e+01,  3.446993e+02
  2.833957e+01,  3.484452e+02
  7.805491e+00,  2.563116e+02
  2.332881e+01,  1.813330e+02
  2.374330e+01,  1.333809e+02
  2.678783e+01,  8.060061e+01
  2.748721e+01,  4.481951e+01
  1.814222e+01,  3.433022e+02
  2.894614e+01,  2.757716e+02
  3.547012e+01,  2.536511e+02
  2.601561e+01,  2.399371e+02
  9.414109e+00,  2.066936e+02
  5.839994e+00,  8.181251e+01
  1.207359e+01,  3.593058e+02
  1.920083e+01,  3.436668e+02
  9.793520e+00,  3.557175e+02
  1.322730e+01,  1.539876e+02
  2.911867e+01,  1.705423e+02
  1.881167e+01,  1.943945e+02
  1.241541e+01,  3.526497e+02
  3.286268e+01,  2.866355e+01
  2.665194e+01,  4.222413e+01
  4.889306e+00,  3.530478e+02
  1.823673e+01,  2.766287e+02
  1.721294e+01,  2.914859e+02
  3.427894e+00,  8.432685e+01
  2.188499e+01,  1.321423e+02
  2.046767e+01,  1.733939e+02
  1.623452e+01,  2.843046e+02
  3.207595e+01,  7.619364e+00
  3.573684e+01,  4.692415e+01
  1.406304e+01,  1.500542e+01
  2.342479e+01,  2.954995e+02
  2.780850e+01,  2.730860e+02
  2.492281e+01,  2.348643e+02
  2.793432e+01,  1.701942e+02
  2.572992e+01,  1.394678e+02
  4.722805e+00,  1.033471e+02
  1.900937e+01,  3.045723e+02
  2.847021e+01,  2.856374e+02
  1.908767e+01,  2.558093e+02
  8.237678e+00,  1.710268e+02
  1.933473e+01,  8.760297e+01
  3.216401e+01,  6.010274e+01
  3.891429e+01,  3.453617e+01
  4.094110e+01,  1.695402e+01
  3.333264e+01,  1.845327e+01
  1.118638e+01,  1.343642e+01
  1.463321e+01,  2.121545e+02
  9.215340e+00,  2.645443e+02
  6.360584e+00,  2.046309e+01
  2.758734e+00,  2.075367e+02
  1.124800e+00,  3.547327e+02
  2.287304e-01,  2.795719e+02
  2.274380e-01,  3.331959e+02
  3.022493e-01,  3.025377e+02
  2.275459e-01,  3.289050e+02
  2.788570e-01,  3.060864e+02
  2.361555e-01,  3.257107e+02
  2.824422e-01,  3.082871e+02
  2.424245e-01,  3.232371e+02
  2.578021e-01,  3.040564e+02
  2.445033e-01,  3.175862e+02
  2.514830e-01,  3.104953e+02
  2.367109e-01,  3.198968e+02
  2.219092e-01,  3.103756e+02
  2.534120e-01,  3.143252e+02
  2.505257e-01,  3.139340e+02
  2.616670e-01,  3.151448e+02
  2.391321e-01,  3.173071e+02
  2.485550e-01,  3.158223e+02
  2.353361e-01,  3.176030e+02
  2.510537e-01,  3.135751e+02
  2.381488e-01,  3.166941e+02
  2.562588e-01,  3.098754e+02
  2.375304e-01,  3.232632e+02
  2.744371e-01,  3.128176e+02
  2.129776e-01,  3.137702e+02
  2.743313e-01,  3.101100e+02
  2.381219e-01,  3.202333e+02
  2.556136e-01,  3.086318e+02
  2.462183e-01,  3.171612e+02
  2.559103e-01,  3.125513e+02
  2.572924e-01,  3.193379e+02
  2.564833e-01,  3.159771e+02
  2.454728e-01,  3.120208e+02
  2.359894e-01,  3.159416e+02
  2.570139e-01,  3.169374e+02
  2.399292e-01,  3.125802e+02
  2.416181e-01,  3.140900e+02
  2.284095e-01,  3.144539e+02
  2.750174e-01,  3.131782e+02
  2.369005e-01,  3.152287e+02
  2.490810e-01,  3.148530e+02
  2.385073e-01,  3.175112e+02
  2.472374e-01,  3.092195e+02
  2.566424e-01,  3.169846e+02
  2.430365e-01,  3.210804e+02
  2.299022e-01,  3.199073e+02
  2.550307e-01,  3.113650e+02
  2.576120e-01,  3.197976e+02
  2.508247e-01,  3.118814e+02
  2.511631e-01,  3.141714e+02
  2.552198e-01,  3.157415e+02
  2.371291e-01,  3.144255e+02
  2.501543e-01,  3.177396e+02
  2.452657e-01,  3.115250e+02
  2.562228e-01,  3.163582e+02
  2.610779e-01,  3.208576e+02
  2.334727e-01,  3.134082e+02
  2.635432e-01,  3.146861e+02
  2.567942e-01,  3.168974e+02
  2.529897e-01,  3.197258e+02
  2.498448e-01,  3.131367e+02
  2.423381e-01,  3.159177e+02
  2.528995e-01,  3.167334e+02
  2.689517e-01,  3.147247e+02
  2.504861e-01,  3.128006e+02
  2.399054e-01,  3.157159e+02
  2.463971e-01,  3.164493e+02
  2.796003e-01,  3.115435e+02
  2.607420e-01,  3.128363e+02
  2.508256e-01,  3.111605e+02
  2.541449e-01,  3.168117e+02
  2.487217e-01,  3.158812e+02
  2.384817e-01,  3.194835e+02
  2.527398e-01,  3.131069e+02
  2.526755e-01,  3.140040e+02
  2.332839e-01,  3.136895e+02
  2.480520e-01,  3.216055e+02
  2.478376e-01,  3.127206e+02
  2.530775e-01,  3.168116e+02
  2.469407e-01,  3.187034e+02
  2.368011e-01,  3.190641e+02
  2.524976e-01,  3.148199e+02
  2.550508e-01,  3.139960e+02
  2.676818e-01,  3.157767e+02
  2.575397e-01,  3.136156e+02
  2.554254e-01,  3.173467e+02
  2.569419e-01,  3.129681e+02
  2.514513e-01,  3.162367e+02
  2.621208e-01,  3.141517e+02
  2.514996e-01,  3.158921e+02
  2.768381e-01,  3.128159e+02
  2.404717e-01,  3.123735e+02
  2.424451e-01,  3.112463e+02
  2.434426e-01,  3.200937e+02
  2.530992e-01,  3.108319e+02
  2.614524e-01,  3.166361e+02
  2.482799e-01,  3.131596e+02
  2.433707e-01,  3.148105e+02
  2.442148e-01,  3.187996e+02
  2.503452e-01,  3.100047e+02
  2.497540e-01,  3.101287e+02
  2.390104e-01,  3.156245e+02
  2.519010e-01,  3.155899e+02
  2.699014e-01,  3.128720e+02
  2.307072e-01,  3.208698e+02
  2.620084e-01,  3.108768e+02
  2.573584e-01,  3.141801e+02
  2.387521e-01,  3.192862e+02
  2.532980e-01,  3.160368e+02
  2.662939e-01,  3.176303e+02
  2.468831e-01,  3.145280e+02
  2.199193e-01,  3.124181e+02
  2.543318e-01,  3.178730e+02
  2.501997e-01,  3.134848e+02
  2.299410e-01,  3.131392e+02
  2.559302e-01,  3.094139e+02
  2.275736e-01,  3.163667e+02
  2.507789e-01,  3.133764e+02
  2.368342e-01,  3.140568e+02
  2.514573e-01,  3.164000e+02
  2.601694e-01,  3.121154e+02
  2.463725e-01,  3.103711e+02
  2.646390e-01,  3.121507e+02
  2.450318e-01,  3.180858e+02
  2.794655e-01,  3.142208e+02
  2.488598e-01,  3.139593e+02
  2.587675e-01,  3.129619e+02
  2.427469e-01,  3.156814e+02
  2.599682e-01,  3.154110e+02
  2.558638e-01,  3.161015e+02
  2.516142e-01,  3.139393e+02
  2.412362e-01,  3.143696e+02
  2.489638e-01,  3.186617e+02
  2.648194e-01,  3.148193e+02
  2.474667e-01,  3.174301e+02
  2.468143e-01,  3.165451e+02
  2.230040e-01,  3.113495e+02
  2.908616e-01,  3.168090e+02
  2.438262e-01,  3.108417e+02
  2.403236e-01,  3.177688e+02
  2.554143e-01,  3.166276e+02
  2.630605e-01,  3.148334e+02
  2.541815e-01,  3.135820e+02
  2.281930e-01,  3.160087e+02
  2.382939e-01,  3.148229e+02
  2.397014e-01,  3.120517e+02
  2.649369e-01,  3.166157e+02
  2.575855e-01,  3.122246e+02
  2.447430e-01,  3.162353e+02
  2.446390e-01,  3.123513e+02
  2.716906e-01,  3.178311e+02
  2.552178e-01,  3.143314e+02
  2.644373e-01,  3.146064e+02
  2.514912e-01,  3.149792e+02
  2.381301e-01,  3.147239e+02
  2.556321e-01,  3.170348e+02
  2.629268e-01,  3.119572e+02
  2.488502e-01,  3.112356e+02
  2.390919e-01,  3.169380e+02
  2.348447e-01,  3.168163e+02
  2.492695e-01,  3.149070e+02
  2.423475e-01,  3.168158e+02
  2.293896e-01,  3.151860e+02
  2.614735e-01,  3.159352e+02
  2.517412e-01,  3.135659e+02
  2.485486e-01,  3.155119e+02
  2.491439e-01,  3.168079e+02
  2.549967e-01,  3.159595e+02
  2.581206e-01,  3.176732e+02
  2.508057e-01,  3.153906e+02
  2.360631e-01,  3.136332e+02
  2.582516e-01,  3.157021e+02
  2.630744e-01,  3.143488e+02
  2.375273e-01,  3.177406e+02
  2.410093e-01,  3.137113e+02
  2.476139e-01,  3.121265e+02
  2.573117e-01,  3.174222e+02
  2.554964e-01,  3.158438e+02
  2.297751e-01,  3.138302e+02
  2.468520e-01,  3.149571e+02
  2.345290e-01,  3.153775e+02
  2.660418e-01,  3.128271e+02
  2.694626e-01,  3.162299e+02
  2.346296e-01,  3.150637e+02
  2.514910e-01,  3.159772e+02
  2.428108e-01,  3.208280e+02
  2.477611e-01,  3.085778e+02
  2.329166e-01,  3.185010e+02
  2.644532e-01,  3.162807e+02
  2.294118e-01,  3.155394e+02
  2.559288e-01,  3.117948e+02
  2.635116e-01,  3.096963e+02
  2.423707e-01,  3.212227e+02
  2.597014e-01,  3.087423e+02
  2.585807e-01,  3.164630e+02
  2.541284e-01,  3.114978e+02
  2.576207e-01,  3.158537e+02
  2.582570e-01,  3.147154e+02
  2.355604e-01,  3.126372e+02
  2.508125e-01,  3.179069e+02
  2.302315e-01,  3.123351e+02
  2.623539e-01,  3.129615e+02
  2.261551e-01,  3.171246e+02
  2.667825e-01,  3.169732e+02
  2.607213e-01,  3.140326e+02
  2.498087e-01,  3.160166e+02
  2.661241e-01,  3.107527e+02
  2.093483e-01,  3.180083e+02
  2.526080e-01,  3.117254e+02
  2.342690e-01,  3.121005e+02
  2.568009e-01,  3.182984e+02
  2.457649e-01,  3.135249e+02
  2.180658e-01,  3.183734e+02
  2.503577e-01,  3.213349e+02
  2.506001e-01,  3.177822e+02
  2.427322e-01,  3.137641e+02
  2.488438e-01,  3.117182e+02
  2.648430e-01,  3.169710e+02
  2.468500e-01,  3.153435e+02
  2.447807e-01,  3.159404e+02
  2.329617e-01,  3.201265e+02
  2.502776e-01,  3.157095e+02
  2.482512e-01,  3.106426e+02
  2.285925e-01,  3.186007e+02
  2.488498e-01,  3.180952e+02
  2.417095e-01,  3.146116e+02
  2.468883e-01,  3.180995e+02
  2.456629e-01,  3.098060e+02
  2.699562e-01,  3.163748e+02
  2.421051e-01,  3.134118e+02
  2.589749e-01,  3.122840e+02
  2.579953e-01,  3.142761e+02
  2.378863e-01,  3.198986e+02
  2.463565e-01,  3.164286e+02
  2.311511e-01,  3.144285e+02
  2.539355e-01,  3.199389e+02
  2.420296e-01,  3.138579e+02
  2.392717e-01,  3.156819e+02
  2.642894e-01,  3.152618e+02
  2.645319e-01,  3.150603e+02
  2.298882e-01,  3.166907e+02
  2.562989e-01,  3.185429e+02
  2.354353e-01,  3.143569e+02
  2.472725e-01,  3.158603e+02
  2.641086e-01,  3.164314e+02
  2.451657e-01,  3.096161e+02
  2.391048e-01,  3.161214e+02
  2.457623e-01,  3.154060e+02
  2.266692e-01,  3.134062e+02
  2.329283e-01,  3.148599e+02
  2.670952e-01,  3.151870e+02
  2.445047e-01,  3.154408e+02
  2.634412e-01,  3.133396e+02
  2.447230e-01,  3.183189e+02
  2.508548e-01,  3.097206e+02
  2.526817e-01,  3.218875e+02
  2.410469e-01,  3.186455e+02
  2.243871e-01,  3.114717e+02
  2.598032e-01,  3.221847e+02
  2.463703e-01,  3.153713e+02
  2.324825e-01,  3.154240e+02
  2.380600e-01,  3.153232e+02
  2.170322e-01,  3.156762e+02
  2.498969e-01,  3.128143e+02
  2.401953e-01,  3.173612e+02
  2.466199e-01,  3.139729e+02
  2.449649e-01,  3.128902e+02
  2.696401e-01,  3.171487e+02
  2.448165e-01,  3.201461e+02
  2.522777e-01,  3.119685e+02
  2.476309e-01,  3.117919e+02
  2.276507e-01,  3.190696e+02
  2.686989e-01,  3.168858e+02
  2.434276e-01,  3.166099e+02
  2.473304e-01,  3.126088e+02
  2.414559e-01,  3.180294e+02
  2.437810e-01,  3.164035e+02
  2.576091e-01,  3.154397e+02
  2.419976e-01,  3.137159e+02
  2.419296e-01,  3.143177e+02
  2.444813e-01,  3.157359e+02
  2.319847e-01,  3.125434e+02
  2.505859e-01,  3.194291e+02
  2.570086e-01,  3.164251e+02
  2.430622e-01,  3.150161e+02
  2.473662e-01,  3.207514e+02
  2.373739e-01,  3.112739e+02
  2.465647e-01,  3.154309e+02
  2.357845e-01,  3.173772e+02
  2.409167e-01,  3.136397e+02
  2.333758e-01,  3.190525e+02
  2.420954e-01,  3.142407e+02
  2.544381e-01,  3.117853e+02
  2.333666e-01,  3.201012e+02
  2.506481e-01,  3.209930e+02
  2.194944e-01,  3.136334e+02
  2.419696e-01,  3.151217e+02
  2.619742e-01,  3.190286e+02
  2.430113e-01,  3.172400e+02
  2.430210e-01,  3.133815e+02
  2.641761e-01,  3.183839e+02
  2.580695e-01,  3.140627e+02
  2.353129e-01,  3.121429e+02
  2.401378e-01,  3.136331e+02
  2.422064e-01,  3.147457e+02
  2.672826e-01,  3.163207e+02
  2.546344e-01,  3.189051e+02
  2.544705e-01,  3.144822e+02
  2.419646e-01,  3.128798e+02
  2.569915e-01,  3.174153e+02
  2.417575e-01,  3.139632e+02
  2.341565e-01,  3.187360e+02
  2.740569e-01,  3.110878e+02
  2.520785e-01,  3.160533e+02
  2.404461e-01,  3.161619e+02
  2.434284e-01,  3.140737e+02
  2.392221e-01,  3.161788e+02
  2.399443e-01,  3.147726e+02
  2.549681e-01,  3.151137e+02
  2.411571e-01,  3.173170e+02
  2.538876e-01,  3.151248e+02
  2.694609e-01,  3.120480e+02
  2.425691e-01,  3.191114e+02
  2.449193e-01,  3.102558e+02
  2.717828e-01,  3.161301e+02
  2.534439e-01,  3.144338e+02
  2.592071e-01,  3.163259e+02
  2.438111e-01,  3.169304e+02
  2.381982e-01,  3.137982e+02
  2.633166e-01,  3.158381e+02
  2.408397e-01,  3.139750e+02
  2.540864e-01,  3.183043e+02
  2.471771e-01,  3.157630e+02
  2.406047e-01,  3.172167e+02
  2.429346e-01,  3.131936e+02
  2.419522e-01,  3.143353e+02
  2.359037e-01,  3.155107e+02
  2.337166e-01,  3.126399e+02
  2.605308e-01,  3.168240e+02
  2.335336e-01,  3.145601e+02
  2.563922e-01,  3.094231e+02
  2.578626e-01,  3.185992e+02
  2.348942e-01,  3.137309e+02
  2.716968e-01,  3.135914e+02
  2.414929e-01,  3.168711e+02
  2.850582e-01,  3.108939e+02
  2.596946e-01,  3.203497e+02
  2.316072e-01,  3.204658e+02
  2.427464e-01,  3.118306e+02
  2.318940e-01,  3.149028e+02
  2.364865e-01,  3.157017e+02
  2.315517e-01,  3.165429e+02
  2.666108e-01,  3.192162e+02
  2.432897e-01,  3.093374e+02
  2.533738e-01,  3.109857e+02
  2.363582e-01,  3.179996e+02
  2.514616e-01,  3.157908e+02
  2.657027e-01,  3.146300e+02
  2.296507e-01,  3.144180e+02
  2.422144e-01,  3.164195e+02
  2.638934e-01,  3.148401e+02
  2.560516e-01,  3.191726e+02
  2.545942e-01,  3.177022e+02
  2.463218e-01,  3.095383e+02
  2.196346e-01,  3.159769e+02
  2.413713e-01,  3.146093e+02
  2.671806e-01,  3.139976e+02
  2.585093e-01,  3.173136e+02
  2.577788e-01,  3.160575e+02
  2.515593e-01,  3.160874e+02
  2.331699e-01,  3.165351e+02
  2.508115e-01,  3.158946e+02
  2.485411e-01,  3.143460e+02
  2.445299e-01,  3.197062e+02
  2.329444e-01,  3.193362e+02
  2.499304e-01,  3.157912e+02
  2.606342e-01,  3.120978e+02
  2.469588e-01,  3.180254e+02
  2.328589e-01,  3.176309e+02
  2.489011e-01,  3.140604e+02
  2.490843e-01,  3.164702e+02
  2.370771e-01,  3.107995e+02
  2.585885e-01,  3.166207e+02
  2.337446e-01,  3.167535e+02
  2.552838e-01,  3.128451e+02
  2.794562e-01,  3.148122e+02
  2.354724e-01,  3.169230e+02
  2.530047e-01,  3.166549e+02
  2.382538e-01,  3.176516e+02
  2.517957e-01,  3.155986e+02
  2.564401e-01,  3.127128e+02
  2.275995e-01,  3.159596e+02
  2.726779e-01,  3.161522e+02
  2.372188e-01,  3.147569e+02
  2.308024e-01,  3.163664e+02
  2.337905e-01,  3.159515e+02
  2.576543e-01,  3.121248e+02
  2.507146e-01,  3.184048e+02
  2.552333e-01,  3.167478e+02
  2.586927e-01,  3.140398e+02
  2.355017e-01,  3.172757e+02
  2.546259e-01,  3.155053e+02
  2.503410e-01,  3.128643e+02
  2.636398e-01,  3.115540e+02
  2.651681e-01,  3.189493e+02
  2.387848e-01,  3.183618e+02
  2.493520e-01,  3.136902e+02
  2.573243e-01,  3.128402e+02
  2.268242e-01,  3.143141e+02
  2.488260e-01,  3.159015e+02
  2.366403e-01,  3.173817e+02
  2.524442e-01,  3.181175e+02
  2.461851e-01,  3.155684e+02
  2.441148e-01,  3.167164e+02
  2.422649e-01,  3.181587e+02
  2.536479e-01,  3.147247e+02
  2.563365e-01,  3.170078e+02
  2.337106e-01,  3.191652e+02
  2.545024e-01,  3.137352e+02
  2.527679e-01,  3.164604e+02
  2.572482e-01,  3.142371e+02
  2.391366e-01,  3.156487e+02
  2.379661e-01,  3.133219e+02
  2.485573e-01,  3.141412e+02
  2.658455e-01,  3.189064e+02
  2.339508e-01,  3.164613e+02
  2.396419e-01,  3.185638e+02
  2.586386e-01,  3.129682e+02
  2.526833e-01,  3.175065e+02
  2.351239e-01,  3.161373e+02
  2.382327e-01,  3.155271e+02
  2.547342e-01,  3.147874e+02
  2.432704e-01,  3.150602e+02
  2.499589e-01,  3.184131e+02
  2.391245e-01,  3.110484e+02
  2.362030e-01,  3.178003e+02
  2.482256e-01,  3.153197e+02
  2.590535e-01,  3.194483e+02
  2.405651e-01,  3.175249e+02
  2.633473e-01,  3.133535e+02
  2.372749e-01,  3.168206e+02
  2.588325e-01,  3.136478e+02
  2.816855e-01,  3.169311e+02
  2.360525e-01,  3.224233e+02
  2.614044e-01,  3.147039e+02
  2.431850e-01,  3.136727e+02
  2.436922e-01,  3.184720e+02
  2.530075e-01,  3.126624e+02
  2.490393e-01,  3.163293e+02
  2.298523e-01,  3.121315e+02
  2.452878e-01,  3.153248e+02
  2.632358e-01,  3.150035e+02
  2.437049e-01,  3.159397e+02
  2.398199e-01,  3.181792e+02
  2.443872e-01,  3.135038e+02
  2.636136e-01,  3.196889e+02
  2.423769e-01,  3.166732e+02
  2.558885e-01,  3.178234e+02
  2.327752e-01,  3.177797e+02
  2.472671e-01,  3.129899e+02
  2.503955e-01,  3.154418e+02
  2.292742e-01,  3.159364e+02
  2.662899e-01,  3.188588e+02
  2.654506e-01,  3.172566e+02
  2.612640e-01,  3.160034e+02
  2.386806e-01,  3.127178e+02
  2.505872e-01,  3.143933e+02
  2.514022e-01,  3.157077e+02
  2.537546e-01,  3.166179e+02
  2.397676e-01,  3.161272e+02
  2.307033e-01,  3.197514e+02
  2.535453e-01,  3.176811e+02
  2.476722e-01,  3.098312e+02
  2.493228e-01,  3.203811e+02
  2.517362e-01,  3.129037e+02
  2.602563e-01,  3.162678e+02
  2.528003e-01,  3.160743e+02
  2.473894e-01,  3.143120e+02
  2.509144e-01,  3.117449e+02
  2.490105e-01,  3.170781e+02
  2.606837e-01,  3.182171e+02
  2.523874e-01,  3.097967e+02
  2.407339e-01,  3.178351e+02
  2.541272e-01,  3.142152e+02
  2.153693e-01,  3.152211e+02
  2.342836e-01,  3.188181e+02
  2.504871e-01,  3.184244e+02
  2.518088e-01,  3.119243e+02
  2.468830e-01,  3.184944e+02
  2.420027e-01,  3.137462e+02
  2.703417e-01,  3.097956e+02
  2.288562e-01,  3.178277e+02
  2.558058e-01,  3.189943e+02
  2.581682e-01,  3.122286e+02
  2.609402e-01,  3.176148e+02
  2.577411e-01,  3.154352e+02
  2.479833e-01,  3.101118e+02
  2.380535e-01,  3.178236e+02
  2.684637e-01,  3.133103e+02
  2.619406e-01,  3.139354e+02
  2.595131e-01,  3.113228e+02
  2.668231e-01,  3.138647e+02
  2.253681e-01,  3.197721e+02
  2.578671e-01,  3.144424e+02
  2.399263e-01,  3.132919e+02
  2.413644e-01,  3.169358e+02
  2.355785e-01,  3.145142e+02
  2.524097e-01,  3.159003e+02
  2.413572e-01,  3.147907e+02
  2.550536e-01,  3.148244e+02
  2.254460e-01,  3.194372e+02
  2.384155e-01,  3.160954e+02
  2.477632e-01,  3.145857e+02
  2.262893e-01,  3.160178e+02
  2.645446e-01,  3.147158e+02
  2.440743e-01,  3.202518e+02
  2.607571e-01,  3.142390e+02
  2.539446e-01,  3.165653e+02
  2.715808e-01,  3.112255e+02
  2.437228e-01,  3.146067e+02
  2.335379e-01,  3.167745e+02
  2.482299e-01,  3.085562e+02
  2.615462e-01,  3.159908e+02
  2.577722e-01,  3.181793e+02
  2.522960e-01,  3.206106e+02
  2.530452e-01,  3.111886e+02
  2.530431e-01,  3.187808e+02
  2.555925e-01,  3.150653e+02
  2.463411e-01,  3.163563e+02
  2.343121e-01,  3.168811e+02
  2.406303e-01,  3.113154e+02
  2.490689e-01,  3.144000e+02
  2.387432e-01,  3.191794e+02
  2.515947e-01,  3.161526e+02
  2.341321e-01,  3.147924e+02
  2.434990e-01,  3.164402e+02
  2.543589e-01,  3.113441e+02
  2.533807e-01,  3.129252e+02
  2.419568e-01,  3.182758e+02
  2.444799e-01,  3.156299e+02
  2.576739e-01,  3.118961e+02
  2.460332e-01,  3.138658e+02
  2.441790e-01,  3.165710e+02
  2.467751e-01,  3.165169e+02
  2.402696e-01,  3.142591e+02
  2.488403e-01,  3.189204e+02
  2.528275e-01,  3.119560e+02
  2.494180e-01,  3.168877e+02
  2.475557e-01,  3.148096e+02
  2.596042e-01,  3.142172e+02
  2.619245e-01,  3.150739e+02
  2.521507e-01,  3.169294e+02
  2.476677e-01,  3.116913e+02
  2.392231e-01,  3.164669e+02
  2.354584e-01,  3.157478e+02
  2.358194e-01,  3.186278e+02
  2.516315e-01,  3.136744e+02
  2.558531e-01,  3.123640e+02
  2.591892e-01,  3.155371e+02
  2.623535e-01,  3.159091e+02
  2.541978e-01,  3.207402e+02
  2.399574e-01,  3.108710e+02
  2.400001e-01,  3.214791e+02
  2.374700e-01,  3.150957e+02
  2.558188e-01,  3.163903e+02
  2.572869e-01,  3.167817e+02
  2.474298e-01,  3.215937e+02
  2.493998e-01,  3.140453e+02
  2.600559e-01,  3.157846e+02
  2.612305e-01,  3.117009e+02
  2.262617e-01,  3.197473e+02
  2.598689e-01,  3.140555e+02
  2.418263e-01,  3.150872e+02
  2.298371e-01,  3.158027e+02
  2.641464e-01,  3.137775e+02
  2.267405e-01,  3.196859e+02
  2.502595e-01,  3.128363e+02
  2.548971e-01,  3.167320e+02
  2.404412e-01,  3.163285e+02
  2.356732e-01,  3.187070e+02
  2.730953e-01,  3.174111e+02
  2.466343e-01,  3.200373e+02
  2.590238e-01,  3.097257e+02
  2.638667e-01,  3.187879e+02
  2.397681e-01,  3.120609e+02
  2.706196e-01,  3.221809e+02
  2.463304e-01,  3.166627e+02
  2.628309e-01,  3.178850e+02
  2.486580e-01,  3.145722e+02
  2.564612e-01,  3.169616e+02
  2.303202e-01,  3.152952e+02
  2.455087e-01,  3.169295e+02
  2.263166e-01,  3.123494e+02
  2.497742e-01,  3.170568e+02
  2.607497e-01,  3.190657e+02
  2.530518e-01,  3.138318e+02
  2.447993e-01,  3.154196e+02
  2.414259e-01,  3.107668e+02
  2.604449e-01,  3.171422e+02
  2.105141e-01,  3.100949e+02
  2.664308e-01,  3.181833e+02
  2.497976e-01,  3.144613e+02
  2.389980e-01,  3.232136e+02
  2.725934e-01,  3.098747e+02
  2.546085e-01,  3.218979e+02
  2.453609e-01,  3.125932e+02
  2.464076e-01,  3.173874e+02
  2.373443e-01,  3.132757e+02
  2.419811e-01,  3.172326e+02
  2.306312e-01,  3.114681e+02
  2.346171e-01,  3.182845e+02
  2.353821e-01,  3.146297e+02
  2.489329e-01,  3.154408e+02
  2.566267e-01,  3.187824e+02
  2.387420e-01,  3.146419e+02
  2.386853e-01,  3.193530e+02
  2.345723e-01,  3.129317e+02
  2.588205e-01,  3.153382e+02
  2.544415e-01,  3.129275e+02
  2.453856e-01,  3.169466e+02
  2.628059e-01,  3.113847e+02
  2.418023e-01,  3.188244e+02
  2.420825e-01,  3.145775e+02
  2.622699e-01,  3.213768e+02
  2.681024e-01,  3.086158e+02
  2.550417e-01,  3.211368e+02
  2.517609e-01,  3.063263e+02
  2.214206e-01,  3.234224e+02
  2.576282e-01,  3.110616e+02
  2.471876e-01,  3.201267e+02
  2.305370e-01,  3.107801e+02
  2.434027e-01,  3.197038e+02
  2.359822e-01,  3.101746e+02
  2.560827e-01,  3.204289e+02
  2.434307e-01,  3.152039e+02
  2.554378e-01,  3.188766e+02
  2.262145e-01,  3.206543e+02
  2.507748e-01,  3.075154e+02
  2.275076e-01,  3.221007e+02
  2.550136e-01,  3.093844e+02
  2.591036e-01,  3.249249e+02
  2.482312e-01,  3.077628e+02
  2.398607e-01,  3.237974e+02
  2.542901e-01,  3.101723e+02
  2.539295e-01,  3.227001e+02
  2.672133e-01,  3.072336e+02
  2.274569e-01,  3.264738e+02
  2.762924e-01,  3.009501e+02
  2.534869e-01,  3.272010e+02
  2.440283e-01,  3.040683e+02
  2.465521e-01,  3.316820e+02
  2.617173e-01,  3.049655e+02
  2.664716e-01,  3.292555e+02
  2.572889e-01,  3.112128e+02
  2.513898e-01,  3.233954e+02
  2.392379e-01,  3.034035e+02
  2.629735e-01,  3.208748e+02
  2.409287e-01,  3.025271e+02
  2.783041e-01,  3.278382e+02
  2.239724e-01,  3.057859e+02
  2.655727e-01,  3.206297e+02
  2.097972e-01,  3.098965e+02
  2.672566e-01,  3.213878e+02
  2.268905e-01,  3.123769e+02
  2.797810e-01,  3.139399e+02
  1.081987e+00,  1.444729e+02
  1.649933e+01,  1.590192e+02
  4.359980e+01,  2.326296e+02
  3.682962e+01,  2.958808e+02
  3.102314e+01,  3.427886e+02
  1.180007e+01,  2.799309e+02
  1.543629e+01,  6.400713e+01
  2.870268e+01,  4.458479e+01
  2.756403e+01,  1.734452e+01
  1.837609e+01,  3.280052e+02
  1.473776e+01,  2.851666e+02
  2.331343e+01,  2.784897e+02
  2.605554e+01,  2.766407e+02
  1.533849e+01,  2.831948e+02
  3.909281e+00,  3.474756e+02
  5.889093e+00,  5.880652e+01
  6.682368e+00,  3.034479e+00
  9.377794e+00,  3.910605e+01
  1.445024e+01,  1.192198e+02
  2.627473e+01,  1.827333e+02
  2.964561e+01,  2.170558e+02
  1.138056e+01,  2.714286e+02
  2.277640e+01,  4.349044e+01
  3.085947e+01,  5.815657e+01
  2.156161e+01,  3.357680e+01
  1.804781e+01,  8.506211e+00
  1.694311e+01,  2.513059e+01
  1.880484e+01,  3.076213e+01
  1.614536e+01,  3.589403e+02
  2.448096e+01,  3.313298e+02
  2.406936e+01,  3.160330e+02
  1.213181e+01,  2.609316e+02
  1.720921e+01,  1.979574e+02
  1.525932e+01,  1.990544e+02
  2.129991e+00,  2.963292e+02
  1.709680e+01,  1.078057e+01
  2.276635e+01,  1.290587e+01
  1.816510e+01,  1.888435e+01
  1.123137e+01,  4.740437e+01
  1.000825e+01,  3.544939e+02
  4.112963e+01,  3.463544e+02
  5.288759e+01,  2.765040e+01
  4.052948e+01,  1.036404e+02
  4.345147e+01,  2.063181e+02
  4.393298e+01,  2.750911e+02
  2.483115e+01,  5.282211e+00
  3.282085e+01,  7.754893e+01
  1.859652e+01,  8.930395e+01
  9.550936e+00,  3.106393e+02
  2.657992e+01,  2.873168e+02
  3.189146e+01,  2.814065e+02
  2.792237e+01,  2.762537e+02
  1.828078e+01,  2.645933e+02
  5.367220e+00,  3.366743e+02
  2.199574e+01,  2.708385e+01
  3.189581e+01,  1.690966e+01
  2.955355e+01,  7.118128e+00
  1.704717e+01,  3.577776e+02
  8.538493e+00,  2.981945e+02
  1.005711e+01,  2.467244e+02
  1.137652e+00,  3.286724e+02
  1.859316e+01,  2.732670e+01
  3.236128e+01,  2.166274e+01
  3.896489e+01,  1.912307e+01
  2.935604e+01,  4.466956e+01
  1.425634e+01,  1.312367e+02
  3.042810e+01,  2.293063e+02
  3.957720e+01,  2.647771e+02
  2.517645e+01,  3.022106e+02
  1.501152e+01,  2.603490e+01
  1.083657e+01,  9.122209e+01
  1.405945e+01,  2.201370e+02
  2.722054e+01,  2.508989e+02
  1.885667e+01,  2.637888e+02
  3.016343e+00,  2.838647e+01
  1.645299e+01,  4.923783e+01
  2.022851e+01,  2.524631e+01
  1.822761e+01,  3.432233e+02
  1.896833e+01,  2.930563e+02
  2.003061e+01,  2.509219e+02
  1.730890e+01,  2.126344e+02
  1.220947e+01,  1.672984e+02
  6.959577e+00,  1.703532e+02
  1.869659e+01,  2.411797e+02
  3.223757e+01,  2.633152e+02
  2.636703e+01,  2.636499e+02
  2.020138e+01,  2.032098e+02
  2.189789e+01,  1.667323e+02
  7.709001e+00,  4.930881e+01
  2.792503e+01,  2.006650e+00
  2.677617e+01,  3.421745e+02
  1.032919e+01,  2.623847e+02
  1.921286e+01,  1.995150e+02
  6.654591e+00,  1.556154e+02
  3.529883e+01,  4.515470e+01
  4.434523e+01,  7.136793e+01
  2.708799e+01,  1.728689e+02
  5.436088e+01,  2.695792e+02
  4.851101e+01,  3.564685e+02
  4.190821e+01,  1.156522e+02
  1.261945e+01,  1.613246e+02
  1.364177e+01,  1.142344e+02
  9.329251e+00,  2.533618e+02
  2.366477e+01,  2.654921e+02
  2.554747e+01,  2.309675e+02
  2.564269e+01,  2.405419e+02
  8.529198e+00,  3.158814e+02
  2.484308e+01,  2.187646e+01
  3.801618e+01,  9.310511e+00
  3.552498e+01,  3.565228e+02
  2.472292e+01,  3.594533e+02
  1.741551e+01,  3.175969e+02
  2.269592e+01,  2.652313e+02
  1.184858e+01,  2.004434e+02
  2.287060e+01,  9.739468e+01
  3.200246e+01,  6.845318e+01
  2.486850e+01,  2.620800e+01
  1.957511e+01,  3.389848e+02
  1.044398e+01,  2.742490e+02
  1.919935e+01,  1.983167e+02
  2.075851e+01,  1.923604e+02
  8.725761e-01,  2.082460e+01
  2.022277e+01,  3.780283e+01
  1.301767e+01,  4.676915e+01
  3.637125e+00,  2.542002e+02
  7.377337e+00,  1.313362e+02
  3.042143e+01,  1.198482e+02
  2.745846e+01,  1.383727e+02
  1.358590e+01,  2.758963e+02
  4.329109e+01,  3.235918e+02
  3.145392e+01,  3.340079e+02
  1.286899e+01,  1.881931e+02
  3.407147e+01,  1.965163e+02
  2.478114e+01,  2.628766e+02
  4.291329e+01,  3.428005e+02
  4.936072e+01,  1.874777e+01
  2.998815e+01,  4.298141e+01
  1.188346e+01,  3.547637e+01
  1.543605e+01,  2.960671e+01
  2.546693e+01,  2.270941e+01
  3.860076e+01,  1.281677e+01
  3.815011e+01,  3.864623e+01
  2.665268e+01,  1.005173e+02
  2.461498e+01,  1.970618e+02
  3.029767e+01,  2.571196e+02
  1.894843e+01,  3.040110e+02
  1.192558e+01,  5.706158e+01
  2.235942e+01,  1.219663e+02
  2.291974e+01,  1.654769e+02
  1.632004e+01,  2.380607e+02
  2.391926e+01,  3.091989e+02
  2.185594e+01,  3.150089e+02
  1.629665e+01,  2.623463e+02
  1.056681e+01,  2.475189e+02
  8.849083e+00,  3.993371e+01
  2.236586e+01,  4.803589e+01
  2.225369e+01,  4.703391e+01
  1.291286e+01,  3.768013e+01
  7.538768e+00,  3.074483e+02
  1.348542e+01,  2.626582e+02
  6.746772e+00,  2.747853e+02
  1.382445e+01,  2.551701e+01
  2.631588e+01,  3.221999e+01
  2.320906e+01,  2.892683e+01
  5.058298e+00,  1.589078e+02
  3.725531e+01,  2.007982e+02
  4.869824e+01,  2.145549e+02
  3.570365e+01,  2.386360e+02
  2.845854e+01,  3.251641e+02
  5.050763e+01,  1.393786e+01
  3.954250e+01,  2.991572e+01
  5.476360e+00,  1.406753e+00
  2.391703e+01,  2.392821e+02
  2.819342e+01,  2.312862e+02
  1.928804e+01,  2.059957e+02
  6.247475e+00,  1.643677e+02
  5.820057e+00,  1.834013e+01
  5.662120e+00,  3.459203e+02
  6.495096e+00,  2.514755e+02
  1.756242e+01,  2.467964e+02
  2.643902e+01,  2.654595e+02
  3.240306e+01,  2.794030e+02
  3.014977e+01,  2.592223e+02
  3.890215e+01,  2.197923e+02
  4.019793e+01,  2.287963e+02
  2.723327e+01,  2.590042e+02
  7.030138e+00,  1.745708e+02
  2.034026e+01,  1.359240e+02
  9.503689e+00,  1.513136e+02
  1.144779e+01,  2.955301e+02
  1.671064e+01,  3.169694e+02
  3.967847e+00,  1.828437e+01
  1.876425e+01,  1.441446e+02
  3.309855e+01,  1.872065e+02
  4.364825e+01,  2.069771e+02
  4.498620e+01,  2.164604e+02
  3.628457e+01,  2.281466e+02
  1.686325e+01,  2.803549e+02
  2.555783e+01,  7.887121e+01
  1.209530e+01,  2.570228e+02
  3.386292e+00,  8.149312e+01
  1.106561e+00,  2.773385e+02
  3.020883e-01,  6.981073e+01
  6.111261e-01,  2.907281e+02
  2.505448e-01,  6.403429e+01
  5.760918e-01,  2.900475e+02
  2.611327e-01,  5.710356e+01
  5.208022e-01,  2.888046e+02
  2.055683e-01,  4.608786e+01
  4.468030e-01,  2.941977e+02
  1.721637e-01,  1.456212e+01
  3.816444e-01,  2.972348e+02
  1.718432e-01,  3.530017e+02
  3.218411e-01,  3.014135e+02
  1.817034e-01,  3.308173e+02
  3.051829e-01,  3.114604e+02
  2.242433e-01,  3.203715e+02
  2.293990e-01,  3.147082e+02
  2.943338e-01,  3.135916e+02
  1.927928e-01,  3.262293e+02
  2.868507e-01,  3.072453e+02
  1.838752e-01,  3.291330e+02
  3.337224e-01,  3.062210e+02
  1.745173e-01,  3.357265e+02
  3.326947e-01,  3.063403e+02
  1.893754e-01,  3.367528e+02
  3.392080e-01,  3.048077e+02
  1.825195e-01,  3.400734e+02
  3.272583e-01,  2.989738e+02
  1.945632e-01,  3.325609e+02
  3.153995e-01,  3.047765e+02
  1.788490e-01,  3.278340e+02
  2.898868e-01,  3.097923e+02
  1.956713e-01,  3.293852e+02
  2.860678e-01,  3.096852e+02
  2.029531e-01,  3.232556e+02
  2.547968e-01,  3.099481e+02
  2.423631e-01,  3.173791e+02
  2.289324e-01,  3.167338e+02
  2.522021e-01,  3.118421e+02
  2.157410e-01,  3.272381e+02
  2.590085e-01,  3.088978e+02
  2.169907e-01,  3.235993e+02
  3.011144e-01,  3.115366e+02
  1.997578e-01,  3.298864e+02
  2.825931e-01,  3.104628e+02
  2.058331e-01,  3.267360e+02
  2.908899e-01,  3.106029e+02
  2.143663e-01,  3.274392e+02
  2.764500e-01,  3.122381e+02
  2.088572e-01,  3.245353e+02
  2.766353e-01,  3.103279e+02
  2.544130e-01,  3.222503e+02
  2.432002e-01,  3.118349e+02
  2.322454e-01,  3.197782e+02
  2.551901e-01,  3.130879e+02
  2.044034e+00,  7.159936e+01
  1.753895e+00,  8.538007e+01
  1.356878e+01,  2.065185e+02
  2.139256e+01,  1.972558e+02
  2.554189e+00,  7.255156e+01
  2.801869e+01,  3.593206e+02
  3.618551e+01,  3.596384e+02
  2.014165e+01,  3.554901e+02
  1.420604e+01,  2.076630e+02
  3.388177e+01,  2.315978e+02
  3.800483e+01,  2.809765e+02
  2.723700e+01,  3.396342e+02
  2.702025e+01,  5.717593e+01
  2.471727e+01,  1.107980e+02
  1.542798e+01,  2.036310e+02
  2.064471e+01,  2.812211e+02
  4.623280e+00,  1.272040e+02
  3.707571e+01,  1.411524e+02
  3.102850e+01,  1.573657e+02
  8.362674e+00,  2.029050e+02
  9.899743e+00,  3.079850e+02
  9.049240e+00,  2.746927e+02
  1.227502e+01,  2.206520e+02
  9.267228e+00,  1.904058e+02
  6.202854e+00,  1.083061e+02
  3.169141e+00,  5.302289e+00
  2.147472e+01,  3.182053e+02
  3.244454e+01,  3.293145e+02
  1.385020e+01,  3.195155e+02
  1.835566e+01,  1.663579e+02
  3.252120e+01,  1.508409e+02
  1.992823e+01,  1.319339e+02
  2.129051e+01,  2.214369e+01
  3.808322e+01,  1.605896e+01
  2.218875e+01,  4.219714e+01
  1.214464e+01,  1.652950e+02
  2.016785e+01,  2.396464e+02
  2.677097e+01,  3.050047e+02
  2.357578e+01,  2.992047e+02
  4.289068e+01,  2.333608e+02
  5.039964e+01,  2.248540e+02
  1.915358e+01,  2.196859e+02
  1.577618e+01,  8.760981e+01
  2.212421e+01,  7.379247e+01
  9.878285e+00,  4.861234e+01
  6.404789e+00,  2.116334e+02
  1.443104e+01,  2.207405e+02
  7.417598e+00,  2.686312e+02
  6.932943e+00,  3.505969e+02
  5.022179e+00,  3.308155e+02
  7.335635e+00,  2.675098e+02
  9.925706e+00,  2.739320e+02
  1.575268e+01,  3.249578e+02
  2.619785e+01,  3.391096e+02
  2.758299e+01,  3.258022e+02
  2.084860e+01,  2.960853e+02
  1.598088e+01,  2.419940e+02
  1.204089e+01,  1.769560e+02
  1.964546e+01,  9.613215e+01
  2.961575e+01,  6.563427e+01
  2.702028e+01,  5.117145e+01
  1.381402e+01,  3.625668e+01
  5.127762e+00,  3.341830e+02
  2.347202e+00,  2.166015e+01
  1.460268e+01,  7.467063e+01
  2.473810e+01,  7.642447e+01
  2.110363e+01,  6.589393e+01
  1.254937e+01,  8.921831e+00
  1.745910e+01,  3.156843e+02
  1.833108e+01,  2.891408e+02
  1.645160e+01,  2.563452e+02
  1.078097e+01,  2.179769e+02
  8.333889e+00,  1.284383e+02
  1.593075e+01,  1.136272e+02
  2.015692e+01,  1.476387e+02
  1.883755e+01,  1.956446e+02
  1.359607e+01,  2.753342e+02
  1.761878e+01,  3.512334e+02
  1.214390e+01,  4.383676e+01
  1.366135e+01,  1.815387e+02
  3.128890e+01,  2.352531e+02
  3.436140e+01,  2.950802e+02
  3.771109e+01,  3.557611e+02
  2.885362e+01,  4.478730e+01
  1.764795e+01,  1.229154e+02
  2.643003e+01,  2.102471e+02
  3.661832e+01,  2.596518e+02
  3.494016e+01,  2.752094e+02
  2.940159e+01,  2.264759e+02
  3.256671e+01,  1.904682e+02
  1.452265e+01,  1.988345e+02
  5.508523e+00,  2.394378e+02
  4.961868e+00,  1.134761e+02
  4.677232e+00,  1.224344e+02
  7.995324e+00,  1.913982e+02
  1.775887e+01,  1.994917e+02
  1.345427e+01,  1.997794e+02
  9.155471e+00,  6.336255e+01
  3.448358e+00,  1.308549e+01
  5.093834e+00,  2.281512e+02
  1.229946e+01,  2.817381e+00
  2.168372e+01,  3.168012e+02
  2.372567e+01,  2.672032e+02
  2.216990e+01,  1.932898e+02
  1.479924e+01,  1.133972e+02
  2.603863e+01,  5.141590e+01
  3.042192e+01,  3.327351e+01
  8.724512e+00,  3.431966e+02
  3.645673e+01,  2.368180e+02
  5.239895e+01,  2.564780e+02
  3.797952e+01,  3.135753e+02
  4.677194e+01,  4.445188e+01
  6.233556e+01,  8.420241e+01
  3.850388e+01,  1.136422e+02
  2.081211e+01,  2.125231e+02
  3.505105e+01,  2.509492e+02
  2.901836e+01,  2.190933e+02
  3.054619e+01,  1.739217e+02
  1.163639e+01,  1.495038e+02
  1.125626e+01,  1.855267e+00
  1.423955e+01,  3.441093e+02
  8.154773e+00,  2.732858e+02
  1.191134e+01,  2.290096e+02
  3.118298e+00,  2.529300e+02
  1.308502e+01,  2.414931e+01
  1.754965e+01,  1.699857e+01
  1.780019e+01,  3.446449e+02
  1.855671e+01,  3.242982e+02
  7.932155e+00,  2.641854e+02
  1.643279e+01,  1.545791e+02
  2.998580e+01,  1.266377e+02
  2.316886e+01,  1.188454e+02
  1.356864e+01,  2.623219e+01
  3.322552e+01,  1.437765e+01
  2.894315e+01,  5.623551e+01
  2.242736e+01,  1.430331e+02
  2.571237e+01,  2.390881e+02
  3.591153e+01,  3.163833e+02
  2.223854e+01,  3.359035e+02
  3.333099e+01,  2.116826e+02
  4.606234e+01,  2.158739e+02
  1.423626e+01,  2.185548e+02
  1.889298e+01,  7.928339e+01
  2.295478e+01,  7.311723e+01
  8.246432e+00,  7.225811e+01
  1.511976e+01,  1.968256e+02
  2.557254e+01,  2.145378e+02
  1.629112e+01,  2.484230e+02
  9.466426e+00,  3.084468e+02
  9.259312e+00,  3.086736e+02
  1.139166e+01,  2.745457e+02
  1.376826e+01,  2.720541e+02
  1.890095e+01,  3.117558e+02
  2.971819e+01,  3.369470e+02
  2.888024e+01,  3.491708e+02
  1.217212e+01,  3.470411e+02
  1.347009e+01,  2.217478e+02
  1.657714e+01,  2.061293e+02
  1.470212e+01,  9.979900e+01
  3.570074e+01,  7.981675e+01
  3.218939e+01,  8.393472e+01
  6.723352e+00,  9.053000e+01
  1.620662e+01,  2.859957e+02
  1.473559e+01,  3.061272e+02
  8.070311e+00,  6.090491e+01
  1.783572e+01,  9.880572e+01
  8.979134e+00,  8.521662e+01
  1.313856e+01,  3.179482e+02
  2.195367e+01,  3.111577e+02
  1.278546e+01,  2.981016e+02
  9.895510e+00,  1.875145e+02
  1.711298e+01,  1.554405e+02
  1.307021e+01,  1.237840e+02
  9.099437e+00,  8.145366e+01
  2.925431e+00,  1.086852e+02
  8.622857e+00,  2.237757e+02
  1.149041e+01,  2.534756e+02
  1.036570e+01,  2.899724e+02
  1.072347e+01,  3.120461e+02
  7.421710e+00,  3.020345e+02
  7.274251e+00,  2.391195e+02
  7.526912e+00,  3.034619e+02
  1.378485e+01,  1.868340e+01
  1.629444e+01,  7.524325e+01
  1.896452e+01,  1.311972e+02
  2.282200e+01,  1.995841e+02
  4.175118e+01,  2.551220e+02
  6.303018e+01,  2.678925e+02
  7.367927e+01,  2.343842e+02
  7.381165e+01,  1.932187e+02
  3.926289e+01,  1.861758e+02
  1.591369e+01,  2.285747e+02
  1.452774e+00,  1.511386e+02
  5.058410e+00,  1.818630e+01
  4.600245e+00,  3.213574e+02
  3.175987e+00,  1.863723e+02
  8.148745e+00,  1.246562e+02
  1.574454e+01,  7.243309e+01
  4.406972e+00,  2.193413e+02
  8.624328e-01,  3.531031e+02
  6.161310e-01,  1.216498e+02
  3.804309e-01,  3.029722e+02
  1.909667e-01,  2.840213e+02
  3.238058e-01,  3.357961e+02
  2.282604e-01,  2.750246e+02
  3.300989e-01,  3.350866e+02
  2.346946e-01,  2.895122e+02
  2.837941e-01,  3.387020e+02
  2.359646e-01,  2.932636e+02
  2.508133e-01,  3.333769e+02
  2.470518e-01,  3.000591e+02
  2.357519e-01,  3.272915e+02
  2.660335e-01,  3.052501e+02
  2.234543e-01,  3.257152e+02
  2.595628e-01,  3.070372e+02
  2.224031e-01,  3.220961e+02
  2.729305e-01,  3.170698e+02
  2.208703e-01,  3.174741e+02
  2.487880e-01,  3.143969e+02
  2.229904e-01,  3.138010e+02
  2.633339e-01,  3.141012e+02
  1.996030e-01,  3.120254e+02
  2.702381e-01,  3.231817e+02
  2.333062e-01,  3.095633e+02
  2.717917e-01,  3.244392e+02
  2.022577e-01,  3.032759e+02
  2.430256e-01,  3.245713e+02
  2.419176e-01,  3.053758e+02
  2.728143e-01,  3.282458e+02
  2.257014e-01,  3.015235e+02
  2.247571e-01,  3.173346e+02
  2.606482e-01,  3.120176e+02
  2.568617e-01,  3.230414e+02
  2.556938e-01,  3.092340e+02
  2.514440e-01,  3.202453e+02
  2.276598e-01,  3.102243e+02
  2.313030e-01,  3.151254e+02
  2.696428e-01,  3.198338e+02
  2.296127e-01,  3.081434e+02
  2.423468e-01,  3.140737e+02
  2.288761e-01,  3.214731e+02
  2.654629e-01,  3.133120e+02
  2.343000e-01,  3.122131e+02
  2.551404e-01,  3.165390e+02
  2.233546e-01,  3.144466e+02
  2.623441e-01,  3.207908e+02
  2.485196e-01,  3.108142e+02
  2.689220e-01,  3.179848e+02
  2.390946e-01,  3.142526e+02
  2.658894e-01,  3.235143e+02
  2.479316e-01,  3.125378e+02
  2.481604e-01,  3.238826e+02
  2.411511e-01,  3.097307e+02
  2.358785e-01,  3.177724e+02
  2.661009e-01,  3.098705e+02
  2.403490e-01,  3.151478e+02
  2.436231e-01,  3.154060e+02
  2.382578e-01,  3.142853e+02
  2.434027e-01,  3.097374e+02
  2.523642e-01,  3.215820e+02
  2.416608e-01,  3.212586e+02
  2.364506e-01,  3.173215e+02
  2.449675e-01,  3.189404e+02
  2.404403e-01,  3.149076e+02
  2.645342e-01,  3.150861e+02
  2.380997e-01,  3.123704e+02
  2.594606e-01,  3.182933e+02
  2.397863e-01,  3.132786e+02
  2.440839e-01,  3.203494e+02
  2.229279e-01,  3.129908e+02
  2.485686e-01,  3.136781e+02
  2.371278e-01,  3.121880e+02
  2.623844e-01,  3.182085e+02
  2.353682e-01,  3.088213e+02
  2.429165e-01,  3.201041e+02
  2.411664e-01,  3.112309e+02
  2.373695e-01,  3.178537e+02
  2.567285e-01,  3.159572e+02
  2.121560e-01,  3.135049e+02
  2.524069e-01,  3.167525e+02
  2.259587e-01,  3.154503e+02
  2.498935e-01,  3.101848e+02
  2.436434e-01,  3.156945e+02
  2.359537e-01,  3.193169e+02
  2.683032e-01,  3.133054e+02
  2.222426e-01,  3.203995e+02
  2.208627e-01,  3.088329e+02
  2.500519e-01,  3.169908e+02
  2.225983e-01,  3.171069e+02
  2.182813e-01,  3.154345e+02
  2.400982e-01,  3.188448e+02
  2.732741e-01,  3.156957e+02
  2.440016e-01,  3.133312e+02
  2.450230e-01,  3.121182e+02
  2.320371e-01,  3.123348e+02
  2.402904e-01,  3.183537e+02
  2.502018e-01,  3.128920e+02
  2.490814e-01,  3.180572e+02
  2.548727e-01,  3.176577e+02
  2.558942e-01,  3.148045e+02
  2.373715e-01,  3.155334e+02
  2.459168e-01,  3.169556e+02
  2.356878e-01,  3.138456e+02
  2.402874e-01,  3.142289e+02
  2.484263e-01,  3.114768e+02
  2.483085e-01,  3.142230e+02
  2.395626e-01,  3.161705e+02
  2.330600e-01,  3.172753e+02
  2.669637e-01,  3.163409e+02
  2.258339e-01,  3.135280e+02
  2.620781e-01,  3.125893e+02
  2.203363e-01,  3.171515e+02
  2.288233e-01,  3.171072e+02
  2.412848e-01,  3.126808e+02
  2.573736e-01,  3.179091e+02
  2.448652e-01,  3.167177e+02
  2.343025e-01,  3.137892e+02
  2.277032e-01,  3.154943e+02
  2.377920e-01,  3.132240e+02
  2.457159e-01,  3.167826e+02
  2.413624e-01,  3.163162e+02
  2.565045e-01,  3.088682e+02
  2.370153e-01,  3.201705e+02
  2.417256e-01,  3.120195e+02
  2.300312e-01,  3.169439e+02
  2.660584e-01,  3.129555e+02
  2.378799e-01,  3.157986e+02
  2.508821e-01,  3.168645e+02
  2.353658e-01,  3.146054e+02
  2.363480e-01,  3.148419e+02
  2.207908e-01,  3.139513e+02
  2.510202e-01,  3.137093e+02
  2.200005e-01,  3.156083e+02
  2.620077e-01,  3.186684e+02
  2.346356e-01,  3.162637e+02
  2.543083e-01,  3.125087e+02
  2.204760e-01,  3.218621e+02
  2.486511e-01,  3.095425e+02
  1.367622e+00,  1.760499e+02
  8.124153e+00,  1.416649e+02
  1.063846e+01,  5.435510e+01
  3.839399e+01,  3.798809e+01
  4.688994e+01,  7.067503e+01
  3.153273e+01,  1.224663e+02
  2.051506e+01,  2.269309e+02
  3.031372e+01,  3.017305e+02
  2.155166e+01,  3.416340e+02
  7.358015e+00,  9.399549e+01
  2.196011e+01,  1.543060e+02
  2.235764e+01,  1.783242e+02
  1.157054e+01,  2.342466e+02
  1.465470e+01,  3.216553e+02
  1.579469e+01,  3.552250e+02
  7.815656e+00,  2.343089e+01
  3.941419e+00,  9.192352e+01
  9.792865e+00,  9.419160e+01
  1.865960e+01,  9.323918e+01
  1.928214e+01,  9.964958e+01
  7.557240e+00,  1.372279e+02
  1.385186e+01,  2.484607e+02
  1.858095e+01,  2.639975e+02
  5.914123e+00,  2.646820e+02
  1.238251e+01,  9.655472e+01
  1.927634e+01,  1.084519e+02
  1.180549e+01,  1.564301e+02
  2.069811e+01,  2.388163e+02
  2.742226e+01,  2.653496e+02
  1.452968e+01,  2.909450e+02
  8.389166e+00,  8.952372e+01
  1.872625e+01,  1.165515e+02
  8.358719e+00,  1.377328e+02
  1.123906e+01,  3.236720e+02
  2.371060e+01,  3.509274e+02
  2.181386e+01,  2.117400e+00
  8.185320e+00,  9.274241e-01
  5.830602e+00,  1.497310e+02
  1.401551e+01,  1.467296e+02
  1.369130e+01,  1.283983e+02
  1.279597e+01,  8.996210e+01
  1.713248e+01,  8.023289e+01
  2.192728e+01,  1.067542e+02
  2.350094e+01,  1.388608e+02
  1.467271e+01,  1.677646e+02
  3.315031e+00,  1.332681e+01
  1.720864e+01,  3.921727e+01
  1.563424e+01,  6.656394e+01
  4.096894e+00,  1.685267e+02
  1.680789e+01,  2.499529e+02
  1.865457e+01,  2.669757e+02
  7.272464e+00,  2.766151e+02
  5.534274e+00,  1.209069e+02
  1.043126e+01,  1.182481e+02
  5.706418e+00,  9.487748e+01
  7.058956e+00,  2.587247e+00
  1.044101e+01,  1.582657e+00
  5.167838e+00,  2.569502e+01
  6.602085e+00,  1.642730e+02
  1.279109e+01,  1.856518e+02
  8.568852e+00,  2.035341e+02
  4.726596e+00,  3.267558e+02
  1.147904e+01,  3.530704e+02
  6.731052e+00,  3.445609e+02
  1.172854e+01,  2.158224e+02
  2.897767e+01,  2.186309e+02
  3.108271e+01,  2.352556e+02
  1.512689e+01,  2.798349e+02
  1.967618e+01,  3.944048e+01
  3.089318e+01,  7.106380e+01
  1.766538e+01,  8.997478e+01
  1.058839e+01,  2.173057e+02
  2.440242e+01,  2.385114e+02
  1.972779e+01,  2.212904e+02
  1.780333e+01,  1.678789e+02
  1.679193e+01,  1.396161e+02
  8.034737e+00,  9.643304e+01
  1.018366e+01,  1.974680e+00
  1.649245e+01,  3.410245e+02
  1.619090e+01,  3.360627e+02
  1.164184e+01,  3.367407e+02
  7.182626e+00,  3.350032e+02
  4.249090e+00,  3.102547e+02
  3.399591e+00,  2.163711e+02
  1.317011e+01,  1.755660e+02
  2.100347e+01,  1.747392e+02
  1.510077e+01,  1.752776e+02
  3.535547e+00,  5.295934e+01
  1.940779e+01,  2.154765e+01
  2.274102e+01,  2.097529e+01
  1.067769e+01,  2.725734e+00
  1.056218e+01,  2.576499e+02
  1.697271e+01,  2.448122e+02
  1.133636e+01,  2.291150e+02
  6.139686e+00,  1.355599e+02
  1.217302e+01,  9.992150e+01
  9.629591e+00,  1.145147e+02
  3.549774e+00,  2.135811e+02
  7.854282e+00,  2.926828e+02
  6.931308e+00,  3.378271e+02
  2.873275e+00,  5.112862e+01
  5.623553e+00,  2.103126e+02
  1.730043e+01,  2.578864e+02
  2.639130e+01,  2.862811e+02
  2.520192e+01,  3.165303e+02
  2.306895e+01,  1.613394e+01
  3.661936e+01,  7.116453e+01
  4.065564e+01,  1.029675e+02
  2.174339e+01,  1.381169e+02
  1.718373e+01,  2.653622e+02
  3.543146e+01,  3.028138e+02
  2.843249e+01,  3.282938e+02
  1.007068e+01,  4.552801e+01
  2.066042e+01,  1.289424e+02
  2.042180e+01,  1.386681e+02
  8.564978e+00,  1.139513e+02
  4.479331e+00,  8.835669e+00
  7.738146e+00,  2.738093e+02
  1.762436e+01,  2.439642e+02
  2.140908e+01,  2.313503e+02
  1.459101e+01,  2.050776e+02
  9.660274e+00,  1.317949e+02
  1.389032e+01,  8.675900e+01
  1.302121e+01,  6.520100e+01
  1.031113e+01,  2.106749e+01
  1.307029e+01,  3.445437e+02
  1.416852e+01,  3.507097e+02
  1.181546e+01,  2.382849e+01
  7.551792e+00,  7.194148e+01
  5.809012e+00,  1.709775e+02
  1.288370e+01,  2.217470e+02
  1.609556e+01,  2.345311e+02
  1.008948e+01,  2.243940e+02
  6.902462e+00,  1.355664e+02
  1.427126e+01,  1.073212e+02
  1.543943e+01,  9.505230e+01
  1.141987e+01,  5.910453e+01
  1.034303e+01,  3.589970e+02
  1.179896e+01,  3.197213e+02
  1.066253e+01,  2.956659e+02
  9.555552e+00,  2.752774e+02
  9.407048e+00,  2.564033e+02
  6.959344e+00,  2.265081e+02
  3.874965e+00,  1.338271e+02
  1.175558e+01,  7.711603e+01
  2.074147e+01,  6.835091e+01
  2.446498e+01,  5.571372e+01
  2.194692e+01,  3.622062e+01
  1.608832e+01,  2.201539e+01
  1.088170e+01,  3.210936e+01
  1.065392e+01,  6.161151e+01
  1.060707e+01,  8.046136e+01
  6.550607e+00,  1.053190e+02
  6.264408e+00,  1.706650e+02
  1.215972e+01,  1.896542e+02
  1.491402e+01,  1.939759e+02
  1.025504e+01,  1.940277e+02
  1.351328e+00,  1.151430e+02
  8.009052e+00,  1.939800e+01
  9.426412e+00,  3.517512e+02
  6.840831e+00,  2.945623e+02
  1.285677e+01,  2.474683e+02
  1.819735e+01,  2.574844e+02
  9.877267e+00,  2.985370e+02
  1.956176e+01,  6.147420e+01
  3.466149e+01,  8.924125e+01
  2.685940e+01,  9.754102e+01
  8.580504e+00,  2.366886e+01
  2.222161e+01,  3.150323e+02
  2.349008e+01,  3.032174e+02
  1.277881e+01,  2.975479e+02
  3.548135e+00,  3.054789e+02
  8.008044e+00,  3.342229e+02
  1.832906e+01,  3.260953e+02
  2.185783e+01,  3.161696e+02
  1.568650e+01,  3.017418e+02
  4.223372e+00,  2.568100e+02
  8.009012e+00,  1.345912e+02
  9.850637e+00,  1.205949e+02
  2.020176e+00,  1.245063e+02
  9.482685e+00,  2.779468e+02
  1.799605e+01,  2.705240e+02
  1.904026e+01,  2.660123e+02
  1.255816e+01,  2.701604e+02
  4.571110e+00,  2.608391e+02
  6.700450e+00,  2.024852e+02
  1.426473e+01,  2.214976e+02
  2.046655e+01,  2.444550e+02
  2.446643e+01,  2.664838e+02
  2.943197e+01,  2.864614e+02
  3.289082e+01,  3.086558e+02
  2.638341e+01,  3.467640e+02
  1.710799e+01,  6.744376e+01
  2.668473e+01,  1.381894e+02
  2.688372e+01,  1.546952e+02
  1.710490e+01,  1.409738e+02
  7.413579e+00,  1.198754e+02
  3.306269e+00,  2.711147e+02
  4.582936e+00,  2.171522e+02
  2.096472e+00,  7.644079e+01
  1.393102e+00,  2.728915e+02
  1.273506e-01,  8.090584e+01
  2.867905e-01,  3.021423e+02
  2.555431e-01,  3.268183e+02
  2.274318e-01,  3.009930e+02
  2.584567e-01,  3.310166e+02
  2.470514e-01,  3.002037e+02
  2.543802e-01,  3.255548e+02
  2.443558e-01,  3.040806e+02
  2.505290e-01,  3.233381e+02
  2.451345e-01,  3.152543e+02
  2.416199e-01,  3.200191e+02
  2.297930e-01,  3.068926e+02
  2.688524e-01,  3.173794e+02
  2.262308e-01,  3.108363e+02
  2.519910e-01,  3.197459e+02
  2.573838e-01,  3.150668e+02
  2.306607e-01,  3.124007e+02
  2.497030e-01,  3.155002e+02
  2.390295e-01,  3.153746e+02
  2.365692e-01,  3.190920e+02
  2.372525e-01,  3.081026e+02
  2.652993e-01,  3.188440e+02
  2.341867e-01,  3.188080e+02
  2.499762e-01,  3.173645e+02
  2.437873e-01,  3.157387e+02
  2.541697e-01,  3.170129e+02
  2.316574e-01,  3.102156e+02
  2.456880e-01,  3.185257e+02
  2.551022e-01,  3.149715e+02
  2.423763e-01,  3.179333e+02
  2.586454e-01,  3.107427e+02
  2.410374e-01,  3.180064e+02
  2.278890e-01,  3.105078e+02
  2.435816e-01,  3.195377e+02
  2.026929e-01,  3.152338e+02
  2.423296e-01,  3.188937e+02
  2.514698e-01,  3.108349e+02
  2.313534e-01,  3.193423e+02
  2.495036e-01,  3.136759e+02
  2.401768e-01,  3.184664e+02
  2.335339e-01,  3.178211e+02
  2.516413e-01,  3.130396e+02
  2.540597e-01,  3.175959e+02
  2.395052e-01,  3.146951e+02
  2.418543e-01,  3.145788e+02
  2.376157e-01,  3.118441e+02
  2.440877e-01,  3.203385e+02
  2.374709e-01,  3.089756e+02
  2.521953e-01,  3.182527e+02
  2.522283e-01,  3.131073e+02
  2.443010e-01,  3.205492e+02
  2.457247e-01,  3.123426e+02
  2.424144e-01,  3.179798e+02
  2.161392e-01,  3.128373e+02
  2.425385e-01,  3.205841e+02
  2.253686e-01,  3.185637e+02
  2.341708e-01,  3.208076e+02
  2.350994e-01,  3.168925e+02
  2.456004e-01,  3.175620e+02
  2.450246e-01,  3.149625e+02
  2.465328e-01,  3.126573e+02
  2.523898e-01,  3.213062e+02
  2.146501e-01,  3.091462e+02
  2.577905e-01,  3.151639e+02
  2.598070e-01,  3.140596e+02
  2.622801e-01,  3.205974e+02
  2.366389e-01,  3.180014e+02
  2.424844e-01,  3.182554e+02
  2.587148e-01,  3.139395e+02
  2.383597e-01,  3.165304e+02
  2.411867e-01,  3.170720e+02
  2.306849e-01,  3.182971e+02
  2.437160e-01,  3.156199e+02
  2.454610e-01,  3.202578e+02
  2.457135e-01,  3.151174e+02
  2.320370e-01,  3.180208e+02
  2.574148e-01,  3.122627e+02
  2.454439e-01,  3.122891e+02
  2.188207e-01,  3.189620e+02
  2.544878e-01,  3.148231e+02
  2.282015e-01,  3.159032e+02
  2.600859e-01,  3.153866e+02
  2.368052e-01,  3.189746e+02
  2.391811e-01,  3.101394e+02
  2.384783e-01,  3.130888e+02
  2.278597e-01,  3.154684e+02
  2.648558e-01,  3.179647e+02
  2.325911e-01,  3.181697e+02
  2.386253e-01,  3.170513e+02
  2.601204e-01,  3.169672e+02
  2.653419e-01,  3.142862e+02
  2.621355e-01,  3.102036e+02
  2.468397e-01,  3.183125e+02
  2.223423e-01,  3.171856e+02
  2.309270e-01,  3.129702e+02
  2.281732e-01,  3.148409e+02
  2.425651e-01,  3.176142e+02
  2.554993e-01,  3.116428e+02
  2.502333e-01,  3.140284e+02
  2.409947e-01,  3.233005e+02
  2.466089e-01,  3.127803e+02
  2.456524e-01,  3.153838e+02
  2.480812e-01,  3.132115e+02
  2.521914e-01,  3.121631e+02
  2.552557e-01,  3.209719e+02
  2.432369e-01,  3.157123e+02
  2.265872e-01,  3.163852e+02
  2.440359e-01,  3.178781e+02
  2.155174e-01,  3.127796e+02
  2.481646e-01,  3.165528e+02
  2.533294e-01,  3.146356e+02
  2.338662e-01,  3.144609e+02
  2.257417e-01,  3.210835e+02
  2.241344e-01,  3.133104e+02
  2.553723e-01,  3.146852e+02
  2.246926e-01,  3.157179e+02
  2.552415e-01,  3.191305e+02
  2.540409e-01,  3.186752e+02
  2.238340e-01,  3.081718e+02
  2.465807e-01,  3.181009e+02
  2.341411e-01,  3.137225e+02
  2.650902e-01,  3.173079e+02
  2.304486e-01,  3.187784e+02
  2.412070e-01,  3.159310e+02
  2.648640e-01,  3.131059e+02
  2.292528e-01,  3.212691e+02
  2.594055e-01,  3.164964e+02
  2.367110e-01,  3.124902e+02
  2.599522e-01,  3.187102e+02
  2.523990e-01,  3.140754e+02
  2.344120e-01,  3.160347e+02
  2.453099e-01,  3.137131e+02
  2.561260e-01,  3.157651e+02
  2.412179e-01,  3.141166e+02
  2.133447e-01,  3.167621e+02
  2.648060e-01,  3.156524e+02
  2.404134e-01,  3.172467e+02
  2.315069e-01,  3.114173e+02
  2.349557e-01,  3.156686e+02
  2.273236e-01,  3.083588e+02
  2.357131e-01,  3.140475e+02
  2.420898e-01,  3.180248e+02
  2.566353e-01,  3.119884e+02
  2.561287e-01,  3.174825e+02
  2.488839e-01,  3.160137e+02
  2.436881e-01,  3.184171e+02
  2.481686e-01,  3.194652e+02
  2.278587e-01,  3.156301e+02
  2.469208e-01,  3.142288e+02
  2.299942e-01,  3.195397e+02
  2.264072e-01,  3.079974e+02
  2.565132e-01,  3.162532e+02
  2.273814e-01,  3.138079e+02
  2.273812e-01,  3.192968e+02
  2.507858e-01,  3.202624e+02
  2.420196e-01,  3.141695e+02
  2.464987e-01,  3.178337e+02
  2.448682e-01,  3.154419e+02
  2.293130e-01,  3.195576e+02
  2.458918e-01,  3.125617e+02
  2.580515e-01,  3.138333e+02
  2.403386e-01,  3.135669e+02
  2.318665e-01,  3.169070e+02
  2.451148e-01,  3.180603e+02
  2.479332e-01,  3.168504e+02
  2.403254e-01,  3.153254e+02
  2.415921e-01,  3.110916e+02
  2.580571e-01,  3.149580e+02
  2.239813e-01,  3.164914e+02
  2.513410e-01,  3.177104e+02
  2.585310e-01,  3.150275e+02
  2.280709e-01,  3.150072e+02
  2.517959e-01,  3.171433e+02
  2.287255e-01,  3.161323e+02
  2.293607e-01,  3.194481e+02
  2.503184e-01,  3.183390e+02
  2.529824e-01,  3.138768e+02
  2.575749e-01,  3.177256e+02
  2.578597e-01,  3.151206e+02
  2.431418e-01,  3.151242e+02
  2.479088e-01,  3.184993e+02
  2.343577e-01,  3.132120e+02
  2.481461e-01,  3.162101e+02
  2.559285e-01,  3.107966e+02
  2.380325e-01,  3.149740e+02
  2.559853e-01,  3.167913e+02
  2.351414e-01,  3.180000e+02
  2.612969e-01,  3.155472e+02
  2.534255e-01,  3.143897e+02
  2.013287e-01,  3.159387e+02
  2.480893e-01,  3.153147e+02
  2.508933e-01,  3.228160e+02
  2.474725e-01,  3.162815e+02
  2.473077e-01,  3.174768e+02
  2.554860e-01,  3.177274e+02
  2.445721e-01,  3.112715e+02
  2.541104e-01,  3.133446e+02
  2.672084e-01,  3.187692e+02
  2.282530e-01,  3.128545e+02
  2.584960e-01,  3.185822e+02
  2.343982e-01,  3.164496e+02
  2.479369e-01,  3.148435e+02
  2.433760e-01,  3.185510e+02
  2.291628e-01,  3.198247e+02
  2.363942e-01,  3.141362e+02
  2.275193e-01,  3.152495e+02
  2.334716e-01,  3.201127e+02
  2.241475e-01,  3.109750e+02
  2.446336e-01,  3.176806e+02
  2.516670e-01,  3.160844e+02
  2.313020e-01,  3.190565e+02
  2.455530e-01,  3.181659e+02
  2.542561e-01,  3.136058e+02
  2.366156e-01,  3.150488e+02
  2.461421e-01,  3.180512e+02
  2.433011e-01,  3.155853e+02
  2.200216e-01,  3.163546e+02
  2.603011e-01,  3.183029e+02
  2.510964e-01,  3.134047e+02
  2.416189e-01,  3.127456e+02
  2.626621e-01,  3.159440e+02
  2.322810e-01,  3.123460e+02
  2.476008e-01,  3.172982e+02
  2.320083e-01,  3.181490e+02
  2.553937e-01,  3.167881e+02
  2.515985e-01,  3.145569e+02
  2.358742e-01,  3.122928e+02
  2.433790e-01,  3.188041e+02
  2.470011e-01,  3.194593e+02
  2.422420e-01,  3.132861e+02
  2.642980e-01,  3.139537e+02
  2.312565e-01,  3.140164e+02
  2.362487e-01,  3.124178e+02
  2.518575e-01,  3.167809e+02
  2.176328e-01,  3.145866e+02
  2.520952e-01,  3.188467e+02
  2.615833e-01,  3.142887e+02
  2.469116e-01,  3.152590e+02
  2.466306e-01,  3.125537e+02
  2.475299e-01,  3.152841e+02
  2.234460e-01,  3.163935e+02
  2.735565e-01,  3.167212e+02
  2.276621e-01,  3.100512e+02
  2.341991e-01,  3.145922e+02
  2.361081e-01,  3.172498e+02
  2.432905e-01,  3.146979e+02
  2.268781e-01,  3.156980e+02
  2.364345e-01,  3.134413e+02
  2.540308e-01,  3.130029e+02
  2.339947e-01,  3.155834e+02
  2.379148e-01,  3.184564e+02
  2.141602e-01,  3.157564e+02
  2.474860e-01,  3.137148e+02
  2.583896e-01,  3.089256e+02
  2.416928e-01,  3.203157e+02
  2.348008e-01,  3.091851e+02
  2.511536e-01,  3.176329e+02
  2.488327e-01,  3.172690e+02
  2.701014e-01,  3.160082e+02
  2.275391e-01,  3.136578e+02
  2.570762e-01,  3.122840e+02
  2.371498e-01,  3.162068e+02
  2.545424e-01,  3.147154e+02
  2.432996e-01,  3.075115e+02
  2.331608e-01,  3.181266e+02
  2.452059e-01,  3.178157e+02
  2.574172e-01,  3.130485e+02
  2.426903e-01,  3.186567e+02
  2.406503e-01,  3.165911e+02
  2.443508e-01,  3.159055e+02
  2.514637e-01,  3.114759e+02
  2.502214e-01,  3.155331e+02
  2.228125e-01,  3.204785e+02
  2.529306e-01,  3.151356e+02
  2.248422e-01,  3.136757e+02
  2.569058e-01,  3.242861e+02
  2.352968e-01,  3.113592e+02
  2.608410e-01,  3.177647e+02
  2.342894e-01,  3.155142e+02
  2.509711e-01,  3.175412e+02
  2.244077e-01,  3.152082e+02
  2.573434e-01,  3.159290e+02
  2.399229e-01,  3.102391e+02
  2.496491e-01,  3.179514e+02
  2.205388e-01,  3.182452e+02
  2.559348e-01,  3.190697e+02
  2.161436e-01,  3.150254e+02
  6.551247e-01,  3.445249e+02
  9.296332e+00,  5.032107e+01
  8.961936e+00,  7.355163e+01
  9.139883e+00,  2.297106e+02
  1.939665e+01,  2.708886e+02
  2.075191e+01,  2.931501e+02
  1.138908e+01,  3.235035e+02
  7.090458e+00,  8.445167e+01
  1.594089e+01,  1.266502e+02
  1.605024e+01,  1.371106e+02
  9.132042e+00,  1.274711e+02
  5.532920e+00,  7.322649e+01
  5.628952e+00,  5.334869e+01
  4.275256e-01,  4.696485e+01
  7.931494e+00,  2.513835e+02
  1.337479e+01,  2.679956e+02
  1.040842e+01,  2.894914e+02
  2.967788e-01,  1.438777e+02
  1.309103e+01,  1.599448e+02
  2.034391e+01,  1.820929e+02
  1.447918e+01,  2.138105e+02
  1.373967e+01,  3.111988e+02
  2.754397e+01,  3.503539e+02
  2.836293e+01,  3.672942e+00
  1.497314e+01,  3.046466e+00
  3.929590e+00,  2.551707e+02
  1.031548e+01,  2.126620e+02
  6.908447e+00,  1.849820e+02
  8.271809e+00,  1.112590e+02
  1.095282e+01,  1.028332e+02
  5.367170e+00,  1.373481e+02
  8.169334e+00,  2.485971e+02
  1.323106e+01,  2.797867e+02
  9.524618e+00,  3.211575e+02
  1.043232e+01,  4.980349e+01
  1.658523e+01,  8.475903e+01
  1.237908e+01,  9.808779e+01
  2.136695e-01,  3.577169e+02
  8.580433e+00,  2.863648e+02
  7.618702e+00,  2.754332e+02
  5.570180e+00,  1.889250e+02
  1.176876e+01,  1.574008e+02
  9.497109e+00,  1.486357e+02
  2.567421e+00,  8.949805e+00
  1.422821e+01,  3.410559e+02
  1.856552e+01,  3.406352e+02
  1.240430e+01,  3.419870e+02
  3.689906e+00,  6.049717e+01
  1.387812e+01,  1.160572e+02
  1.867388e+01,  1.263658e+02
  1.190569e+01,  1.523375e+02
  9.167636e+00,  2.573766e+02
  1.854962e+01,  3.005494e+02
  1.594516e+01,  3.253380e+02
  7.440104e+00,  6.214340e+01
  2.361156e+01,  1.279621e+02
  3.258562e+01,  1.398108e+02
  2.625504e+01,  1.391376e+02
  9.257448e+00,  1.315516e+02
  8.859205e+00,  3.253427e+02
  1.740153e+01,  3.247379e+02
  1.418413e+01,  3.177406e+02
  8.888774e+00,  2.742981e+02
  1.169079e+01,  2.448847e+02
  1.121075e+01,  2.539971e+02
  5.365848e+00,  2.826492e+02
  3.595806e+00,  5.179498e+01
  9.970941e+00,  9.452348e+01
  1.464687e+01,  1.134837e+02
  1.387410e+01,  1.246019e+02
  6.630625e+00,  1.284251e+02
  2.907669e+00,  3.235161e+02
  9.823762e+00,  3.120623e+02
  1.299467e+01,  2.963412e+02
  1.276842e+01,  2.774384e+02
  9.323182e+00,  2.607401e+02
  3.682049e+00,  2.340593e+02
  2.470750e+00,  1.012789e+02
  5.837795e+00,  7.075798e+01
  6.932382e+00,  6.112246e+01
  5.580524e+00,  4.725548e+01
  3.906072e+00,  2.278572e+01
  2.949346e+00,  3.523512e+02
  2.447993e+00,  3.260628e+02
  1.722260e+00,  3.176345e+02
  4.749402e-01,  1.253266e+02
  4.615059e+00,  1.397218e+02
  9.772699e+00,  1.483259e+02
  1.155467e+01,  1.659516e+02
  8.746745e+00,  2.099670e+02
  1.000903e+01,  2.852654e+02
  1.376104e+01,  3.329487e+02
  1.135220e+01,  1.595382e+01
  9.210957e+00,  9.725585e+01
  1.502140e+01,  1.536853e+02
  1.490276e+01,  1.856041e+02
  8.258646e+00,  2.365886e+02
  1.051856e+01,  3.154949e+02
  1.424300e+01,  3.374249e+02
  1.107845e+01,  3.344461e+02
  5.970382e+00,  3.032925e+02
  1.474646e+00,  2.553316e+02
  6.005144e+00,  9.724944e+01
  1.531962e+01,  9.712753e+01
  1.961401e+01,  1.053719e+02
  1.466610e+01,  1.231065e+02
  6.514750e+00,  1.725412e+02
  5.706243e+00,  2.503383e+02
  2.503406e+00,  2.926562e+02
  4.778055e+00,  9.353135e+01
  1.004032e+01,  1.226203e+02
  9.552826e+00,  1.596421e+02
  9.203368e+00,  2.265622e+02
  1.262700e+01,  2.680561e+02
  1.020545e+01,  2.790333e+02
  3.456308e+00,  2.255942e+02
  7.651476e+00,  1.653819e+02
  6.953968e+00,  1.747847e+02
  2.929144e+00,  2.875113e+02
  1.163421e+01,  3.389818e+02
  1.531284e+01,  3.564878e+02
  1.113781e+01,  1.781479e+01
  6.109135e+00,  6.753228e+01
  6.112154e+00,  1.088488e+02
  3.435185e+00,  9.257981e+01
  5.160803e+00,  3.586099e+02
  1.001718e+01,  3.471028e+02
  9.229536e+00,  3.496317e+02
  2.418086e+00,  2.410613e+01
  6.513487e+00,  1.316394e+02
  1.203395e+01,  1.286375e+02
  1.552534e+01,  1.162420e+02
  1.766345e+01,  1.059628e+02
  1.581737e+01,  1.063686e+02
  8.105119e+00,  1.258698e+02
  6.510797e+00,  2.313170e+02
  1.471221e+01,  2.639685e+02
  1.784109e+01,  2.706697e+02
  1.400377e+01,  2.636083e+02
  7.160223e+00,  2.329831e+02
  6.366696e+00,  1.673880e+02
  7.604140e+00,  1.529405e+02
  3.811703e+00,  1.487336e+02
  3.171558e+00,  3.588782e+02
  1.011935e+01,  1.531453e+00
  1.431663e+01,  1.384146e+01
  1.279312e+01,  2.759426e+01
  6.168107e+00,  5.586887e+01
  6.751088e+00,  1.623794e+02
  1.601127e+01,  1.888021e+02
  2.092238e+01,  1.954613e+02
  1.917777e+01,  1.916949e+02
  1.340553e+01,  1.766060e+02
  7.645019e+00,  1.460338e+02
  3.652423e+00,  1.194957e+02
  2.755091e+00,  2.340076e+02
  1.165761e+01,  2.496630e+02
  1.980961e+01,  2.556881e+02
  2.059661e+01,  2.604431e+02
  1.385632e+01,  2.668066e+02
  5.401971e+00,  2.881720e+02
  2.786235e+00,  3.423645e+02
  2.344997e+00,  2.916395e+02
  7.223216e+00,  2.408256e+02
  1.331296e+01,  2.302818e+02
  1.507943e+01,  2.276474e+02
  1.098315e+01,  2.329292e+02
  5.415821e+00,  2.832093e+02
  1.111452e+01,  3.439905e+02
  1.725071e+01,  1.167579e+00
  1.600971e+01,  2.095597e+01
  9.129753e+00,  5.096273e+01
  3.353852e+00,  1.228784e+02
  4.113267e+00,  1.999657e+02
  4.304392e+00,  2.237711e+02
  3.222666e+00,  2.316045e+02
  2.182339e+00,  2.134852e+02
  2.279038e+00,  1.883244e+02
  1.646312e+00,  1.682006e+02
  1.360693e+00,  7.093286e+01
  4.935252e+00,  3.781573e+01
  8.434113e+00,  3.241512e+01
  8.802361e+00,  2.675558e+01
  4.504800e+00,  5.749153e+00
  4.169647e+00,  2.534078e+02
  1.092866e+01,  2.312210e+02
  1.345785e+01,  2.302198e+02
  8.150622e+00,  2.214130e+02
  3.661046e+00,  1.206343e+02
  9.267103e+00,  9.193318e+01
  8.209718e+00,  8.576651e+01
  2.931903e+00,  3.573734e+02
  1.173766e+01,  3.169060e+02
  1.572337e+01,  3.246897e+02
  1.067147e+01,  3.294851e+02
  2.780353e+00,  2.344995e+02
  1.065862e+01,  2.011728e+02
  1.155432e+01,  2.231508e+02
  5.854901e+00,  3.311475e+02
  1.761940e+00,  1.468865e+02
  1.260701e+00,  2.926237e+02
  1.849081e-01,  3.542030e+02
  2.952537e-01,  3.218161e+02
  1.821739e-01,  2.978851e+02
  3.090737e-01,  3.239458e+02
  1.784330e-01,  2.981437e+02
  3.195839e-01,  3.213653e+02
  1.777226e-01,  2.992308e+02
  2.948808e-01,  3.231882e+02
  1.900196e-01,  3.028491e+02
  2.979405e-01,  3.229740e+02
  1.971173e-01,  3.067034e+02
  2.721696e-01,  3.230749e+02
  2.268079e-01,  3.124152e+02
  2.723791e-01,  3.177502e+02
  2.052858e-01,  3.142425e+02
  2.441080e-01,  3.143927e+02
  2.276673e-01,  3.190047e+02
  2.208139e-01,  3.179092e+02
  2.494397e-01,  3.118952e+02
  2.309372e-01,  3.181680e+02
  2.563635e-01,  3.175982e+02
  2.180683e-01,  3.122356e+02
  2.456429e-01,  3.199686e+02
  2.202239e-01,  3.108179e+02
  2.550132e-01,  3.201186e+02
  2.333140e-01,  3.121248e+02
  2.665938e-01,  3.201172e+02
  2.141236e-01,  3.136656e+02
  2.756254e-01,  3.188455e+02
  2.139241e-01,  3.107596e+02
  2.533172e-01,  3.211153e+02
  2.324591e-01,  3.170691e+02
  2.508377e-01,  3.169880e+02
  2.252187e-01,  3.128431e+02
  2.441912e-01,  3.223991e+02
  2.197713e-01,  3.144472e+02
  2.401694e-01,  3.184256e+02
  2.284505e-01,  3.156420e+02
  2.376418e-01,  3.181508e+02
  2.361243e-01,  3.145557e+02
  2.323408e-01,  3.158126e+02
  2.423634e-01,  3.167671e+02
  2.127812e-01,  3.085092e+02
  2.477445e-01,  3.133034e+02
  2.127620e-01,  3.135048e+02
  2.276960e-01,  3.195300e+02
  2.241601e-01,  3.117482e+02
  2.406327e-01,  3.194461e+02
  2.201466e-01,  3.122699e+02
  2.465556e-01,  3.172820e+02
  2.278018e-01,  3.154986e+02
  2.403873e-01,  3.133640e+02
  2.181135e-01,  3.114762e+02
  2.670906e-01,  3.202673e+02
  2.379901e-01,  3.111973e+02
  2.450696e-01,  3.191008e+02
  2.555618e-01,  3.128665e+02
  2.323897e-01,  3.194920e+02
  2.443728e-01,  3.163353e+02
  2.445615e-01,  3.101423e+02
  2.533590e-01,  3.198847e+02
  2.182463e-01,  3.112533e+02
  2.403566e-01,  3.212298e+02
  2.497377e-01,  3.153726e+02
  2.314242e-01,  3.159816e+02
  2.462850e-01,  3.202211e+02
  2.399762e-01,  3.199076e+02
  2.517881e-01,  3.143315e+02
  2.296717e-01,  3.137140e+02
  2.288726e-01,  3.174319e+02
  2.569024e-01,  3.168003e+02
  2.179573e-01,  3.164004e+02
  2.451720e-01,  3.172765e+02
  2.281489e-01,  3.119105e+02
  2.511277e-01,  3.154535e+02
  2.241653e-01,  3.201626e+02
  2.422269e-01,  3.170108e+02
  2.457611e-01,  3.137443e+02
  2.462550e-01,  3.210155e+02
  2.321763e-01,  3.135421e+02
  2.617055e-01,  3.154004e+02
  2.622826e-01,  3.196897e+02
  2.360618e-01,  3.106983e+02
  2.567781e-01,  3.180590e+02
  2.104031e-01,  3.158142e+02
  2.329723e-01,  3.171091e+02
  2.428853e-01,  3.182411e+02
  2.447218e-01,  3.121993e+02
  2.490860e-01,  3.171237e+02
  2.469967e-01,  3.109301e+02
  2.357643e-01,  3.161836e+02
  2.501254e-01,  3.140459e+02
  2.261382e-01,  3.132533e+02
  2.250698e-01,  3.158586e+02
  2.281132e-01,  3.148189e+02
  2.358083e-01,  3.152670e+02
  2.491783e-01,  3.134805e+02
  2.492787e-01,  3.154354e+02
  2.405637e-01,  3.128742e+02
  2.397637e-01,  3.185524e+02
  2.480377e-01,  3.143603e+02
  2.555269e-01,  3.168436e+02
  2.236163e-01,  3.145678e+02
  2.230043e-01,  3.167431e+02
  2.469293e-01,  3.159630e+02
  2.426702e-01,  3.167928e+02
  2.388096e-01,  3.148682e+02
  2.470279e-01,  3.173440e+02
  2.373539e-01,  3.093988e+02
  2.381896e-01,  3.153068e+02
  2.562032e-01,  3.157354e+02
  2.212478e-01,  3.172715e+02
  2.509042e-01,  3.155499e+02
  2.439858e-01,  3.115482e+02
  2.455468e-01,  3.171067e+02
  2.316726e-01,  3.121784e+02
  2.484530e-01,  3.177133e+02
  2.386245e-01,  3.140296e+02
  2.207966e-01,  3.234964e+02
  2.395966e-01,  3.095260e+02
  2.150521e-01,  3.137630e+02
  2.352155e-01,  3.141822e+02
  2.497309e-01,  3.178183e+02
  2.508296e-01,  3.179932e+02
  2.549089e-01,  3.173996e+02
  2.457240e-01,  3.184095e+02
  2.330579e-01,  3.143871e+02
  2.541426e-01,  3.158472e+02
  2.324646e-01,  3.193787e+02
  2.296726e-01,  3.115719e+02
  2.449517e-01,  3.124618e+02
  2.535318e-01,  3.177130e+02
  2.404257e-01,  3.088921e+02
  2.360766e-01,  3.150828e+02
  2.450605e-01,  3.119184e+02
  2.364765e-01,  3.161672e+02
  2.503715e-01,  3.148524e+02
  2.376745e-01,  3.170329e+02
  2.550538e-01,  3.121617e+02
  2.410192e-01,  3.165770e+02
  2.336749e-01,  3.140054e+02
  2.643008e-01,  3.147500e+02
  2.450769e-01,  3.132431e+02
  2.208339e-01,  3.175269e+02
  2.639409e-01,  3.149561e+02
  2.639496e-01,  3.138126e+02
  2.271819e-01,  3.129746e+02
  2.505982e-01,  3.096480e+02
  2.401279e-01,  3.173424e+02
  2.346995e-01,  3.150727e+02
  2.254667e-01,  3.149172e+02
  2.446049e-01,  3.149287e+02
  2.556998e-01,  3.175363e+02
  2.477742e-01,  3.085650e+02
  2.440056e-01,  3.193905e+02
  2.305237e-01,  3.134733e+02
  2.312415e-01,  3.113463e+02
  2.332890e-01,  3.135716e+02
  2.434933e-01,  3.179904e+02
  2.459105e-01,  3.142829e+02
  2.536527e-01,  3.148651e+02
  2.463956e-01,  3.177549e+02
  2.464255e-01,  3.090463e+02
  2.250276e-01,  3.166752e+02
  2.461550e-01,  3.152491e+02
  2.453716e-01,  3.132215e+02
  2.314057e-01,  3.167082e+02
  2.492076e-01,  3.157639e+02
  2.544899e-01,  3.103405e+02
  2.543600e-01,  3.187134e+02
  2.336439e-01,  3.127139e+02
  2.419210e-01,  3.104902e+02
  2.217549e-01,  3.153742e+02
  2.441630e-01,  3.153695e+02
  2.549260e-01,  3.178560e+02
  2.398055e-01,  3.176869e+02
  2.554024e-01,  3.155135e+02
  2.381659e-01,  3.155759e+02
  2.342126e-01,  3.188195e+02
  2.459474e-01,  3.149239e+02
  2.528520e-01,  3.112012e+02
  2.437502e-01,  3.155098e+02
  2.446850e-01,  3.185770e+02
  2.378413e-01,  3.140668e+02
  2.245409e-01,  3.121537e+02
  2.314728e-01,  3.188124e+02
  2.567662e-01,  3.194074e+02
  2.530506e-01,  3.175079e+02
  2.420441e-01,  3.167065e+02
  2.502156e-01,  3.154492e+02
  2.421010e-01,  3.115779e+02
  2.345902e-01,  3.156780e+02
  2.464173e-01,  3.167796e+02
  2.544205e-01,  3.152005e+02
  2.346396e-01,  3.192121e+02
  2.567223e-01,  3.149399e+02
  2.619405e-01,  3.204153e+02
  2.447690e-01,  3.130488e+02
  2.271699e-01,  3.130790e+02
  2.478963e-01,  3.151802e+02
  2.350797e-01,  3.152320e+02
  2.325584e-01,  3.187665e+02
  2.770657e-01,  3.131787e+02
  2.296935e-01,  3.165587e+02
  2.286699e-01,  3.168526e+02
  2.473938e-01,  3.133678e+02
  2.701237e-01,  3.157271e+02
  2.591668e-01,  3.186826e+02
  2.454838e-01,  3.109385e+02
  2.428025e-01,  3.168881e+02
  2.678329e-01,  3.203650e+02
  2.338297e-01,  3.103623e+02
  2.290495e-01,  3.155859e+02
  2.677135e-01,  3.141709e+02
  2.357178e-01,  3.110544e+02
  2.524306e-01,  3.198935e+02
  2.626298e-01,  3.138147e+02
  2.517950e-01,  3.110242e+02
  2.270128e-01,  3.199143e+02
  2.572188e-01,  3.152579e+02
  2.548101e-01,  3.164721e+02
  2.357722e-01,  3.174828e+02
  2.496940e-01,  3.135084e+02
  2.446416e-01,  3.162970e+02
  2.355797e-01,  3.125138e+02
  2.528198e-01,  3.203758e+02
  2.296268e-01,  3.148538e+02
  2.406080e-01,  3.142594e+02
  2.365778e-01,  3.135563e+02
  2.367007e-01,  3.151504e+02
  2.560283e-01,  3.206325e+02
  2.450405e-01,  3.138241e+02
  2.433352e-01,  3.184745e+02
  2.171219e-01,  3.099996e+02
  2.304288e-01,  3.148080e+02
  2.417232e-01,  3.147388e+02
  2.372094e-01,  3.165347e+02
  2.387453e-01,  3.161463e+02
  2.533096e-01,  3.167124e+02
  2.234865e-01,  3.172789e+02
  2.427749e-01,  3.085059e+02
  2.209486e-01,  3.199814e+02
  2.556203e-01,  3.156839e+02
  2.548017e-01,  3.149681e+02
  2.427830e-01,  3.177780e+02
  2.471722e-01,  3.141663e+02
  2.304827e-01,  3.179610e+02
  2.459685e-01,  3.184210e+02
  2.338864e-01,  3.198193e+02
  2.489058e-01,  3.159300e+02
  2.216484e-01,  3.130449e+02
  2.538773e-01,  3.167007e+02
  2.310500e-01,  3.154861e+02
  2.458872e-01,  3.142215e+02
  2.299966e-01,  3.181364e+02
  2.311909e-01,  3.136436e+02
  2.385206e-01,  3.129446e+02
  2.311523e-01,  3.138029e+02
  2.466961e-01,  3.158741e+02
  2.187242e-01,  3.198005e+02
  2.481269e-01,  3.141960e+02
  2.477049e-01,  3.178027e+02
  2.277032e-01,  3.197350e+02
  2.155562e-01,  3.144519e+02
  2.330953e-01,  3.132135e+02
  2.547650e-01,  3.191154e+02
  2.571817e-01,  3.147764e+02
  2.469028e-01,  3.153289e+02
  2.535017e-01,  3.190910e+02
  2.350785e-01,  3.175785e+02
  2.368296e-01,  3.128424e+02
  2.305838e-01,  3.149211e+02
  2.552522e-01,  3.189451e+02
  2.577185e-01,  3.167838e+02
  2.369558e-01,  3.200739e+02
  2.371110e-01,  3.139588e+02
  2.207604e-01,  3.158315e+02
  2.424545e-01,  3.161172e+02
  2.415719e-01,  3.140784e+02
  2.285767e-01,  3.158089e+02
  2.324917e-01,  3.174435e+02
  2.384573e-01,  3.155512e+02
  2.340179e-01,  3.156580e+02
  2.452623e-01,  3.145047e+02
  2.373244e-01,  3.139961e+02
  2.528089e-01,  3.167502e+02
  2.483756e-01,  3.178666e+02
  2.372336e-01,  3.157872e+02
  2.301430e-01,  3.126592e+02
  2.410067e-01,  3.167116e+02
  2.653890e-01,  3.170158e+02
  2.440642e-01,  3.137978e+02
  2.486122e-01,  3.132426e+02
  2.287514e-01,  3.175134e+02
  2.523387e-01,  3.173020e+02
  2.356181e-01,  3.153947e+02
  2.374876e-01,  3.161070e+02
  2.562266e-01,  3.188683e+02
  2.323660e-01,  3.117035e+02
  2.445900e-01,  3.142525e+02
  2.407632e-01,  3.157429e+02
  2.565520e-01,  3.135935e+02
  2.211817e-01,  3.161586e+02
  2.339784e-01,  3.177835e+02
  2.489482e-01,  3.193653e+02
  2.357872e-01,  3.154623e+02
  2.474050e-01,  3.181650e+02
  2.439537e-01,  3.151154e+02
  2.520508e-01,  3.147506e+02
  2.387507e-01,  3.118686e+02
  2.346724e-01,  3.157091e+02
  2.426350e-01,  3.140586e+02
  2.411988e-01,  3.164579e+02
  2.354268e-01,  3.175594e+02
  2.309618e-01,  3.134471e+02
  2.492942e-01,  3.195774e+02
  2.545276e-01,  3.132743e+02
  2.274240e-01,  3.163056e+02
  2.452895e-01,  3.122859e+02
  2.414105e-01,  3.149779e+02
  2.487311e-01,  3.203183e+02
  2.608991e-01,  3.176795e+02
  2.425281e-01,  3.136006e+02
  2.487772e-01,  3.125707e+02
  2.441803e-01,  3.128247e+02
  2.346482e-01,  3.146868e+02
  2.375346e-01,  3.192320e+02
  2.540483e-01,  3.180159e+02
  2.463439e-01,  3.141480e+02
  2.453175e-01,  3.156873e+02
  2.417911e-01,  3.138754e+02
  2.462581e-01,  3.132210e+02
  2.495005e-01,  3.172645e+02
  2.170973e-01,  3.100621e+02
  2.463252e-01,  3.201783e+02
  2.277185e-01,  3.153024e+02
  2.369601e-01,  3.159549e+02
  2.570476e-01,  3.161233e+02
  2.173647e-01,  3.195107e+02
  2.545358e-01,  3.186701e+02
  2.392855e-01,  3.121978e+02
  2.481610e-01,  3.197814e+02
  2.548923e-01,  3.172563e+02
  2.246989e-01,  3.149354e+02
  2.418156e-01,  3.122331e+02
  2.382006e-01,  3.176019e+02
  2.259398e-01,  3.132875e+02
  2.275683e-01,  3.153014e+02
  2.477987e-01,  3.147647e+02
  2.479336e-01,  3.135329e+02
  2.497599e-01,  3.216294e+02
  2.562552e-01,  3.115884e+02
  2.325445e-01,  3.094749e+02
  2.397026e-01,  3.142000e+02
  2.404579e-01,  3.108080e+02
  2.405160e-01,  3.171264e+02
  2.692021e-01,  3.127670e+02
  2.390768e-01,  3.125680e+02
  2.305848e-01,  3.199008e+02
  2.334604e-01,  3.125607e+02
  2.532419e-01,  3.150926e+02
  2.532401e-01,  3.189402e+02
  2.352140e-01,  3.159308e+02
  2.623139e-01,  3.158526e+02
  2.487293e-01,  3.110781e+02
  2.494191e-01,  3.197894e+02
  2.411235e-01,  3.180496e+02
  2.389094e-01,  3.153608e+02
  2.479792e-01,  3.185440e+02
  2.499875e-01,  3.105480e+02
  2.543634e-01,  3.152630e+02
  2.431376e-01,  3.146410e+02
  2.396346e-01,  3.170539e+02
  2.296856e-01,  3.174688e+02
  2.332626e-01,  3.176920e+02
  2.264934e-01,  3.119938e+02
  2.564719e-01,  3.158529e+02
  2.465688e-01,  3.148523e+02
  2.293707e-01,  3.121927e+02
  2.300579e-01,  3.192479e+02
  2.239283e-01,  3.124832e+02
  2.435366e-01,  3.141682e+02
  2.373879e-01,  3.172850e+02
  2.401887e-01,  3.126852e+02
  2.438250e-01,  3.157888e+02
  2.303763e-01,  3.160168e+02
  2.386506e-01,  3.109755e+02
  2.517376e-01,  3.200300e+02
  2.283670e-01,  3.186255e+02
  2.521727e-01,  3.118822e+02
  2.295501e-01,  3.158219e+02
  2.488895e-01,  3.179694e+02
  2.540599e-01,  3.159918e+02
  2.264744e-01,  3.158809e+02
  2.286112e-01,  3.152491e+02
  2.273204e-01,  3.151674e+02
  2.470023e-01,  3.160702e+02
  2.250965e-01,  3.168552e+02
  2.631522e-01,  3.152308e+02
  2.626208e-01,  3.164817e+02
  2.296519e-01,  3.174802e+02
  2.255325e-01,  3.203978e+02
  2.279029e-01,  3.122231e+02
  2.442745e-01,  3.146767e+02
  2.531396e-01,  3.190830e+02
  2.290925e-01,  3.168282e+02
  2.466099e-01,  3.174818e+02
  2.590072e-01,  3.108039e+02
  2.390300e-01,  3.169050e+02
  2.455790e-01,  3.151124e+02
  2.378035e-01,  3.151763e+02
  2.513458e-01,  3.171005e+02
  2.530327e-01,  3.168966e+02
  2.613671e-01,  3.158782e+02
  2.646719e-01,  3.179992e+02
  2.383429e-01,  3.201462e+02
  2.392154e-01,  3.105802e+02
  2.459301e-01,  3.150961e+02
  2.326237e-01,  3.124365e+02
  2.428846e-01,  3.135228e+02
  2.469589e-01,  3.198869e+02
  2.604058e-01,  3.140083e+02
  2.479912e-01,  3.175617e+02
  2.388356e-01,  3.166159e+02
  2.351477e-01,  3.188421e+02
  2.090543e-01,  3.175553e+02
  2.623859e-01,  3.173811e+02
  2.376053e-01,  3.164839e+02
  2.266289e-01,  3.144720e+02
  2.646925e-01,  3.096361e+02
  2.452124e-01,  3.112270e+02
  2.469478e-01,  3.198327e+02
  2.349441e-01,  3.100072e+02
  2.293446e-01,  3.150815e+02
  2.277333e-01,  3.137926e+02
  2.294348e-01,  3.219249e+02
  2.393210e-01,  3.189050e+02
  2.606116e-01,  3.146762e+02
  2.461744e-01,  3.159871e+02
  2.306165e-01,  3.126319e+02
  2.467168e-01,  3.126123e+02
  2.293753e-01,  3.149140e+02
  2.352945e-01,  3.180817e+02
  2.440848e-01,  3.127980e+02
  2.375002e-01,  3.161793e+02
  2.375910e-01,  3.144245e+02
  2.391535e-01,  3.159529e+02
  2.466959e-01,  3.168234e+02
  2.331659e-01,  3.157311e+02
  2.411309e-01,  3.168988e+02
  2.475310e-01,  3.183427e+02
  2.423284e-01,  3.149333e+02
  2.414601e-01,  3.167386e+02
  2.219875e-01,  3.147156e+02
  2.272766e-01,  3.144725e+02
  2.454027e-01,  3.137218e+02
  2.372616e-01,  3.128454e+02
  2.295355e-01,  3.179980e+02
  2.576792e-01,  3.163238e+02
  2.380483e-01,  3.180540e+02
  2.399911e-01,  3.155208e+02
  2.531158e-01,  3.154040e+02
  2.308855e-01,  3.148408e+02
  2.368498e-01,  3.154938e+02
  2.564964e-01,  3.137978e+02
  2.467755e-01,  3.173468e+02
  2.261583e-01,  3.183723e+02
  2.510717e-01,  3.164908e+02
  2.337928e-01,  3.161555e+02
  2.347590e-01,  3.169819e+02
  2.395934e-01,  3.206967e+02
  2.183508e-01,  3.151240e+02
  2.165052e-01,  3.155071e+02
  2.423763e-01,  3.122959e+02
  2.358796e-01,  3.165751e+02
  2.406762e-01,  3.183647e+02
  2.615930e-01,  3.184315e+02
  2.335112e-01,  3.139997e+02
  2.637224e-01,  3.133276e+02
  2.432707e-01,  3.193968e+02
  2.330542e-01,  3.099115e+02
  2.505074e-01,  3.153471e+02
  2.502579e-01,  3.200368e+02
  2.591604e-01,  3.147979e+02
  2.293667e-01,  3.170304e+02
  2.295197e-01,  3.171779e+02
  2.376265e-01,  3.134697e+02
  2.392505e-01,  3.185794e+02
  2.625633e-01,  3.158331e+02
  2.457491e-01,  3.188723e+02
  2.316458e-01,  3.139551e+02
  2.472556e-01,  3.135398e+02
  2.484428e-01,  3.179201e+02
  2.342992e-01,  3.147910e+02
  2.312310e-01,  3.172924e+02
  2.458695e-01,  3.112870e+02
  2.379680e-01,  3.170052e+02
  2.430230e-01,  3.158197e+02
  2.257070e-01,  3.131331e+02
  2.269562e-01,  3.145396e+02
  2.317387e-01,  3.169425e+02
  2.445927e-01,  3.144738e+02
  2.547963e-01,  3.160765e+02
  2.340398e-01,  3.186107e+02
  2.421716e-01,  3.126141e+02
  2.581245e-01,  3.146005e+02
  2.380619e-01,  3.114184e+02
  2.276095e-01,  3.191598e+02
  2.552737e-01,  3.196017e+02
  2.433904e-01,  3.122538e+02
  2.534650e-01,  3.171723e+02
  2.304303e-01,  3.155377e+02
  2.436081e-01,  3.110706e+02
  2.455570e-01,  3.166317e+02
  2.332073e-01,  3.163284e+02
  2.361267e-01,  3.105433e+02
  2.373778e-01,  3.203760e+02
  2.419374e-01,  3.148738e+02
  2.363149e-01,  3.123594e+02
  2.429674e-01,  3.190674e+02
  2.362420e-01,  3.138268e+02
  2.685204e-01,  3.167776e+02
  2.324638e-01,  3.202189e+02
  2.209792e-01,  3.182778e+02
  2.341869e-01,  3.173374e+02
  2.460017e-01,  3.149711e+02
  2.358419e-01,  3.131979e+02
  2.268702e-01,  3.135891e+02
  2.568600e-01,  3.099347e+02
  2.382457e-01,  3.157253e+02
  2.264365e-01,  3.109324e+02
  2.336100e-01,  3.153618e+02
  2.381853e-01,  3.174387e+02
  2.477226e-01,  3.125268e+02
  2.286140e-01,  3.192566e+02
  2.350367e-01,  3.149868e+02
  2.620166e-01,  3.157546e+02
  2.198561e-01,  3.185483e+02
  2.389156e-01,  3.115517e+02
  2.477804e-01,  3.151704e+02
  2.285913e-01,  3.158186e+02
  2.444555e-01,  3.151543e+02
  2.398642e-01,  3.180165e+02
  2.441332e-01,  3.151444e+02
  2.572512e-01,  3.185368e+02
  2.385674e-01,  3.131023e+02
  2.547869e-01,  3.192589e+02
  2.402229e-01,  3.151389e+02
  2.556087e-01,  3.173417e+02
  2.701968e-01,  3.210625e+02
  2.422118e-01,  3.166971e+02
  2.448382e-01,  3.128483e+02
  2.403811e-01,  3.153918e+02
  2.502024e-01,  3.150535e+02
  2.271093e-01,  3.145650e+02
  2.392348e-01,  3.183958e+02
  2.429760e-01,  3.145724e+02
  2.267916e-01,  3.197821e+02
  2.326632e-01,  3.148511e+02
  2.641532e-01,  3.162236e+02
  2.330602e-01,  3.147935e+02
  2.324136e-01,  3.135406e+02
  2.379735e-01,  3.158673e+02
  2.430739e-01,  3.183775e+02
  2.389936e-01,  3.145410e+02
  2.283702e-01,  3.187842e+02
  2.445487e-01,  3.140087e+02
  2.135185e-01,  3.179830e+02
  2.700316e-01,  3.175831e+02
  2.402251e-01,  3.160250e+02
  2.533183e-01,  3.188103e+02
  2.568062e-01,  3.185014e+02
  2.274937e-01,  3.171460e+02
  2.498063e-01,  3.107301e+02
  2.360493e-01,  3.188868e+02
  2.538395e-01,  3.144957e+02
  2.362581e-01,  3.173616e+02
  2.425935e-01,  3.162784e+02
  2.465805e-01,  3.156758e+02
  2.267621e-01,  3.159338e+02
  2.326875e-01,  3.181695e+02
  2.597414e-01,  3.122895e+02
  2.275310e-01,  3.145894e+02
  2.449810e-01,  3.111625e+02
  2.529506e-01,  3.122730e+02
  2.360169e-01,  3.218016e+02
  2.450623e-01,  3.120110e+02
  2.478396e-01,  3.198835e+02
  2.598036e-01,  3.164421e+02
  2.239052e-01,  3.095489e+02
  2.310740e-01,  3.197635e+02
  2.443597e-01,  3.146167e+02
  2.409228e-01,  3.114600e+02
  2.362303e-01,  3.100320e+02
  2.526092e-01,  3.151791e+02
  2.398094e-01,  3.167081e+02
  2.353425e-01,  3.123427e+02
  2.466018e-01,  3.161731e+02
  2.220516e-01,  3.150618e+02
  2.393780e-01,  3.195966e+02
  2.452678e-01,  3.149893e+02
  2.462994e-01,  3.201529e+02
  2.323547e-01,  3.110052e+02
  2.483203e-01,  3.156731e+02
  2.342521e-01,  3.166722e+02
  2.335193e-01,  3.142011e+02
  2.352432e-01,  3.155117e+02
  2.309305e-01,  3.142266e+02
  2.739372e-01,  3.153103e+02
  2.216739e-01,  3.098412e+02
  2.535095e-01,  3.163040e+02
  2.589751e-01,  3.179960e+02
  2.251869e-01,  3.197146e+02
  2.718711e-01,  3.102649e+02
  2.360219e-01,  3.189698e+02
  2.307844e-01,  3.129379e+02
  2.458975e-01,  3.138630e+02
  2.275016e-01,  3.180530e+02
  2.399840e-01,  3.174000e+02
  2.440199e-01,  3.146990e+02
  2.247629e-01,  3.135642e+02
  2.386963e-01,  3.178403e+02
  2.435574e-01,  3.122634e+02
  2.338672e-01,  3.167398e+02
  2.378573e-01,  3.161125e+02
  2.445560e-01,  3.159101e+02
  2.516927e-01,  3.164948e+02
  2.488640e-01,  3.188303e+02
  2.290260e-01,  3.215090e+02
  2.424281e-01,  3.200929e+02
  2.598673e-01,  3.154618e+02
  2.280406e-01,  3.144754e+02
  2.414989e-01,  3.126496e+02
  2.684368e-01,  3.178138e+02
  2.339935e-01,  3.158571e+02
  2.522353e-01,  3.115946e+02
  2.436308e-01,  3.164604e+02
  2.275006e-01,  3.149763e+02
  2.594042e-01,  3.172963e+02
  2.414628e-01,  3.211768e+02
  2.429261e-01,  3.183450e+02
  2.248725e-01,  3.131684e+02
  2.470296e-01,  3.070269e+02
  2.392537e-01,  3.173872e+02
  2.445972e-01,  3.171828e+02
  2.399211e-01,  3.134092e+02
  2.230923e-01,  3.154872e+02
  2.522943e-01,  3.101011e+02
  2.444896e-01,  3.193492e+02
  2.418657e-01,  3.152652e+02
  2.417475e-01,  3.159950e+02
  2.486889e-01,  3.164527e+02
  2.281165e-01,  3.141559e+02
  2.323940e-01,  3.143799e+02
  2.308381e-01,  3.100287e+02
  2.421920e-01,  3.170894e+02
  2.440225e-01,  3.172513e+02
  2.320074e-01,  3.180310e+02
  2.145574e-01,  3.128714e+02
  2.386738e-01,  3.097382e+02
  2.417890e-01,  3.141849e+02
  2.354540e-01,  3.170201e+02
  2.472676e-01,  3.182652e+02
  2.318601e-01,  3.127071e+02
  2.472732e-01,  3.182523e+02
  2.415051e-01,  3.159144e+02
  2.371767e-01,  3.144906e+02
  2.402549e-01,  3.191834e+02
  2.491029e-01,  3.175876e+02
  2.364799e-01,  3.135947e+02
  2.314786e-01,  3.113552e+02
  2.373190e-01,  3.196409e+02
  2.329897e-01,  3.137473e+02
  2.178955e-01,  3.134339e+02
  2.261239e-01,  3.188696e+02
  2.289783e-01,  3.128409e+02
  2.366239e-01,  3.210712e+02
  2.308440e-01,  3.186590e+02
  2.468595e-01,  3.107700e+02
  2.437943e-01,  3.158566e+02
  2.403997e-01,  3.147773e+02
  2.303581e-01,  3.171184e+02
  2.255156e-01,  3.140414e+02
  2.483663e-01,  3.165715e+02
  2.304405e-01,  3.141400e+02
  2.451013e-01,  3.172524e+02
  2.431499e-01,  3.182332e+02
  2.454465e-01,  3.114818e+02
  2.214402e-01,  3.161316e+02
  2.494679e-01,  3.157842e+02
  2.375995e-01,  3.136640e+02
  2.298943e-01,  3.127761e+02
  2.366502e-01,  3.134275e+02
  2.251077e-01,  3.114071e+02
  2.323215e-01,  3.201442e+02
  2.341675e-01,  3.161611e+02
  2.434442e-01,  3.165818e+02
  2.416442e-01,  3.138728e+02
  2.516873e-01,  3.124169e+02
  2.375649e-01,  3.169295e+02
  2.530657e-01,  3.156206e+02
  2.417607e-01,  3.195859e+02
  2.496460e-01,  3.179619e+02
  2.331843e-01,  3.198793e+02
  2.382383e-01,  3.135059e+02
  2.430514e-01,  3.163935e+02
  2.260842e-01,  3.161738e+02
  2.302968e-01,  3.112305e+02
  2.323099e-01,  3.215241e+02
  2.422363e-01,  3.197493e+02
  2.467943e-01,  3.110502e+02
  2.428739e-01,  3.182167e+02
  2.143641e-01,  3.158106e+02
  2.308775e-01,  3.119744e+02
  2.375444e-01,  3.179152e+02
  2.366819e-01,  3.169735e+02
  2.679656e-01,  3.193910e+02
  2.442953e-01,  3.173374e+02
  2.037776e-01,  3.147434e+02
  2.502375e-01,  3.134466e+02
  2.395406e-01,  3.133723e+02
  2.382811e-01,  3.142647e+02
  2.620721e-01,  3.144101e+02
  2.364290e-01,  3.134773e+02
  2.294426e-01,  3.160337e+02
  2.436534e-01,  3.174509e+02
  2.483413e-01,  3.157096e+02
  2.378141e-01,  3.175948e+02
  2.473045e-01,  3.147417e+02
  2.483683e-01,  3.120759e+02
  2.493078e-01,  3.162813e+02
  2.313881e-01,  3.164417e+02
  2.404945e-01,  3.149929e+02
  2.463309e-01,  3.151600e+02
  2.250166e-01,  3.184594e+02
  2.345241e-01,  3.202313e+02
  2.451302e-01,  3.133556e+02
  2.428851e-01,  3.177141e+02
  2.233969e-01,  3.115649e+02
  2.280368e-01,  3.140045e+02
  2.477018e-01,  3.174532e+02
  2.248512e-01,  3.161482e+02
  2.376790e-01,  3.171500e+02
  2.377647e-01,  3.077818e+02
  2.377441e-01,  3.180444e+02
  2.419164e-01,  3.165280e+02
  2.129661e-01,  3.131157e+02
  2.259353e-01,  3.162821e+02
  2.197043e-01,  3.082753e+02
  2.217893e-01,  3.126281e+02
  2.347839e-01,  3.174530e+02
  2.345105e-01,  3.191101e+02
  2.506071e-01,  3.168381e+02
  2.612068e-01,  3.165272e+02
  2.408451e-01,  3.192748e+02
  2.337394e-01,  3.151584e+02
  2.234854e-01,  3.183533e+02
  2.494513e-01,  3.134588e+02
  2.384045e-01,  3.147869e+02
  2.310322e-01,  3.149010e+02
  2.393038e-01,  3.126770e+02
  2.300377e-01,  3.119382e+02
  2.559454e-01,  3.172305e+02
  2.266166e-01,  3.162807e+02
  2.366457e-01,  3.140908e+02
  2.317787e-01,  3.194292e+02
  2.497963e-01,  3.105182e+02
  2.418173e-01,  3.195646e+02
  2.259113e-01,  3.168947e+02
  2.620678e-01,  3.174947e+02
  2.536008e-01,  3.142203e+02
  2.373647e-01,  3.170461e+02
  2.428861e-01,  3.166346e+02
  2.272842e-01,  3.165893e+02
  2.306350e-01,  3.202923e+02
  2.380079e-01,  3.143342e+02
  2.185252e-01,  3.179429e+02
  2.533354e-01,  3.147245e+02
  2.345389e-01,  3.138841e+02
  2.259671e-01,  3.126077e+02
  2.460743e-01,  3.174494e+02
  2.404908e-01,  3.104646e+02
  2.151975e-01,  3.205486e+02
  2.344381e-01,  3.175049e+02
  2.411259e-01,  3.156061e+02
  2.266480e-01,  3.199036e+02
  2.471439e-01,  3.161549e+02
  2.617644e-01,  3.127214e+02
  2.275648e-01,  3.114136e+02
  2.170767e-01,  3.155552e+02
  2.539625e-01,  3.129199e+02
  2.349867e-01,  3.140069e+02
  2.504803e-01,  3.152066e+02
  2.284641e-01,  3.210688e+02
  2.235737e-01,  3.136207e+02
  2.351921e-01,  3.201502e+02
  2.563668e-01,  3.198617e+02
  2.361046e-01,  3.140057e+02
  2.398632e-01,  3.120314e+02
  2.462628e-01,  3.130679e+02
  2.504225e-01,  3.103160e+02
  2.576959e-01,  3.173963e+02
  2.160945e-01,  3.215583e+02
  2.460843e-01,  3.137363e+02
  2.134626e-01,  3.166327e+02
  2.440005e-01,  3.098097e+02
  2.244344e-01,  3.176500e+02
  2.403989e-01,  3.155352e+02
  2.405084e-01,  3.157040e+02
  2.341616e-01,  3.157212e+02
  2.606679e-01,  3.138097e+02
  2.233132e-01,  3.201203e+02
  2.468126e-01,  3.166869e+02
  2.535801e-01,  3.128672e+02
  2.429447e-01,  3.169764e+02
  2.338854e-01,  3.189665e+02
  2.525507e-01,  3.114083e+02
  2.400630e-01,  3.129382e+02
  2.470065e-01,  3.156634e+02
  2.325259e-01,  3.150541e+02
  2.519460e-01,  3.148608e+02
  2.414993e-01,  3.155294e+02
  2.403723e-01,  3.215340e+02
  2.254113e-01,  3.173627e+02
  2.497237e-01,  3.092521e+02
  2.645447e-01,  3.159458e+02
  2.358566e-01,  3.144898e+02
  2.409717e-01,  3.143309e+02
  2.371354e-01,  3.163936e+02
  2.520360e-01,  3.167615e+02
  2.322621e-01,  3.138572e+02
  2.396464e-01,  3.187283e+02
  2.217703e-01,  3.220918e+02
  2.266111e-01,  3.105667e+02
  2.291940e-01,  3.151581e+02
  2.514613e-01,  3.166216e+02
  2.320328e-01,  3.154142e+02
  2.524557e-01,  3.137507e+02
  2.397002e-01,  3.168005e+02
  2.371234e-01,  3.133375e+02
  2.385146e-01,  3.126902e+02
  2.167678e-01,  3.144050e+02
  2.449821e-01,  3.130870e+02
  2.339895e-01,  3.135760e+02
  2.339360e-01,  3.153904e+02
  2.245756e-01,  3.160760e+02
  2.518968e-01,  3.143175e+02
  2.372496e-01,  3.164532e+02
  2.332129e-01,  3.153103e+02
  2.368256e-01,  3.185562e+02
  2.387145e-01,  3.150630e+02
  2.331444e-01,  3.156652e+02
  2.521253e-01,  3.111505e+02
  2.518184e-01,  3.159316e+02
  2.324332e-01,  3.186107e+02
  2.433778e-01,  3.153671e+02
  2.546142e-01,  3.204361e+02
  2.229149e-01,  3.119957e+02
  2.401274e-01,  3.137484e+02
  2.415816e-01,  3.139383e+02
  2.214087e-01,  3.121561e+02
  2.482235e-01,  3.163471e+02
  2.534922e-01,  3.159758e+02
  2.496197e-01,  3.146678e+02
  2.497394e-01,  3.146498e+02
  2.343238e-01,  3.169858e+02
  2.288685e-01,  3.157918e+02
  2.544866e-01,  3.166423e+02
  2.116559e-01,  3.164969e+02
  2.441581e-01,  3.153844e+02
  2.209995e-01,  3.202917e+02
  2.334172e-01,  3.160880e+02
  2.525090e-01,  3.176398e+02
  2.391318e-01,  3.165747e+02
  2.441876e-01,  3.156050e+02
  2.259947e-01,  3.173515e+02
  2.518774e-01,  3.154933e+02
  2.392767e-01,  3.206696e+02
  2.393268e-01,  3.157673e+02
  2.225576e-01,  3.150118e+02
  2.321691e-01,  3.181671e+02
  2.454519e-01,  3.163693e+02
  2.517754e-01,  3.116153e+02
  2.431317e-01,  3.146024e+02
  2.208123e-01,  3.188278e+02
  2.419566e-01,  3.126058e+02
  2.303414e-01,  3.144866e+02
  2.278211e-01,  3.197578e+02
  2.465107e-01,  3.177926e+02
  2.192250e-01,  3.096300e+02
  2.427393e-01,  3.186043e+02
  2.490663e-01,  3.205366e+02
  2.432493e-01,  3.172188e+02
  2.374010e-01,  3.171750e+02
  2.386653e-01,  3.145755e+02
  2.436431e-01,  3.186629e+02
  2.397820e-01,  3.135827e+02
  2.477255e-01,  3.176132e+02
  2.331870e-01,  3.166701e+02
  2.455577e-01,  3.148233e+02
  2.383757e-01,  3.140024e+02
  2.280181e-01,  3.156002e+02
  2.255771e-01,  3.189412e+02
  2.151359e-01,  3.132044e+02
  2.415109e-01,  3.175727e+02
  2.409956e-01,  3.162325e+02
  2.009813e-01,  3.179425e+02
  2.507613e-01,  3.155440e+02
  2.448732e-01,  3.167361e+02
  2.506071e-01,  3.171710e+02
  2.352733e-01,  3.133676e+02
  2.120277e-01,  3.127654e+02
  2.585961e-01,  3.136735e+02
  2.497568e-01,  3.195851e+02
  2.405853e-01,  3.180429e+02
  2.419188e-01,  3.146968e+02
  2.491980e-01,  3.171661e+02
  2.434896e-01,  3.209468e+02
  2.347946e-01,  3.164164e+02
  2.214015e-01,  3.160371e+02
  2.357709e-01,  3.159165e+02
  2.144142e-01,  3.133275e+02
  2.452134e-01,  3.145045e+02
  2.532744e-01,  3.148453e+02
  2.331610e-01,  3.137187e+02
  2.387820e-01,  3.127708e+02
  2.188705e-01,  3.125932e+02
  2.392441e-01,  3.170233e+02
  2.356133e-01,  3.157614e+02
  2.261277e-01,  3.134535e+02
  2.355719e-01,  3.217044e+02
  2.381899e-01,  3.162001e+02
  2.329016e-01,  3.175396e+02
  2.357751e-01,  3.160946e+02
  2.091229e-01,  3.170514e+02
  2.302805e-01,  3.152421e+02
  2.515153e-01,  3.137261e+02
  2.526840e-01,  3.205826e+02
  2.593875e-01,  3.177656e+02
  2.408376e-01,  3.150725e+02
  2.266595e-01,  3.189694e+02
  2.369277e-01,  3.160867e+02
  2.317158e-01,  3.144321e+02
  2.561945e-01,  3.202467e+02
  2.514131e-01,  3.118124e+02
  2.346083e-01,  3.145606e+02
  2.470212e-01,  3.150742e+02
  2.208902e-01,  3.141645e+02
  2.477693e-01,  3.137869e+02
  2.377653e-01,  3.196676e+02
  2.447779e-01,  3.187740e+02
  2.299419e-01,  3.129370e+02
  2.235275e-01,  3.129662e+02
  2.324813e-01,  3.139190e+02
  2.451584e-01,  3.200141e+02
  2.359558e-01,  3.158040e+02
  2.324191e-01,  3.170452e+02
  2.505253e-01,  3.175350e+02
  2.309906e-01,  3.142040e+02
  2.321050e-01,  3.182629e+02
  2.280145e-01,  3.170831e+02
  2.506150e-01,  3.099758e+02
  2.287678e-01,  3.203382e+02
  2.402731e-01,  3.165510e+02
  2.417897e-01,  3.151181e+02
  2.355985e-01,  3.156920e+02
  2.475812e-01,  3.186164e+02
  2.516822e-01,  3.164605e+02
  2.303454e-01,  3.110927e+02
  2.291842e-01,  3.155357e+02
  2.560533e-01,  3.160416e+02
  2.337160e-01,  3.181536e+02
  2.260396e-01,  3.184520e+02
  2.189633e-01,  3.197674e+02
  2.582184e-01,  3.124171e+02
  2.470994e-01,  3.182633e+02
  2.223765e-01,  3.114482e+02
  2.482022e-01,  3.142536e+02
  2.381163e-01,  3.195727e+02
  2.393884e-01,  3.135762e+02
  2.252488e-01,  3.181266e+02
  2.364517e-01,  3.132897e+02
  2.305278e-01,  3.135642e+02
  2.287638e-01,  3.183233e+02
  2.291441e-01,  3.169180e+02
  2.205402e-01,  3.145174e+02
  2.402157e-01,  3.145968e+02
  2.300935e-01,  3.147849e+02
  2.530359e-01,  3.170673e+02
  2.315503e-01,  3.189544e+02
  2.442236e-01,  3.157305e+02
  2.283900e-01,  3.140968e+02
  2.201640e-01,  3.142856e+02
  2.464397e-01,  3.136921e+02
  2.535528e-01,  3.161847e+02
  2.298869e-01,  3.161983e+02
  2.247884e-01,  3.130321e+02
  2.550722e-01,  3.153270e+02
  2.262315e-01,  3.169057e+02
  2.429157e-01,  3.167682e+02
  2.222002e-01,  3.139936e+02
  2.340248e-01,  3.141247e+02
  2.208386e-01,  3.200565e+02
  2.369482e-01,  3.138534e+02
  2.478670e-01,  3.145160e+02
  2.386412e-01,  3.176111e+02
  2.431235e-01,  3.137230e+02
  2.188627e-01,  3.146398e+02
  2.471702e-01,  3.154815e+02
  2.378685e-01,  3.143980e+02
  2.529126e-01,  3.129750e+02
  2.303399e-01,  3.180877e+02
  2.459104e-01,  3.204990e+02
  2.518368e-01,  3.174682e+02
  2.342842e-01,  3.177594e+02
  2.395859e-01,  3.142692e+02
  2.247552e-01,  3.146828e+02
  2.404524e-01,  3.159894e+02
  2.225094e-01,  3.179299e+02
  2.205718e-01,  3.149816e+02
  2.385508e-01,  3.133576e+02
  2.380890e-01,  3.216920e+02
  2.340067e-01,  3.176095e+02
  2.511697e-01,  3.147515e+02
  2.248591e-01,  3.146797e+02
  2.447505e-01,  3.164393e+02
  2.403612e-01,  3.193941e+02
  2.335147e-01,  3.156531e+02
  2.488677e-01,  3.170310e+02
  2.459854e-01,  3.161041e+02
  2.452851e-01,  3.189356e+02
  2.183562e-01,  3.158705e+02
  2.534290e-01,  3.137249e+02
  2.329060e-01,  3.145671e+02
  2.366385e-01,  3.173034e+02
  2.309661e-01,  3.231458e+02
  2.367166e-01,  3.166009e+02
  2.480067e-01,  3.141859e+02
  2.345988e-01,  3.169071e+02
  2.269159e-01,  3.197424e+02
  2.170142e-01,  3.145730e+02
  2.401091e-01,  3.171074e+02
  2.481361e-01,  3.124184e+02
  2.424761e-01,  3.177564e+02
  2.424064e-01,  3.149679e+02
  2.504446e-01,  3.188280e+02
  2.217478e-01,  3.207887e+02
  2.524568e-01,  3.152211e+02
  2.636451e-01,  3.151781e+02
  2.258996e-01,  3.135533e+02
  2.426957e-01,  3.201051e+02
  2.399109e-01,  3.107021e+02
  2.376631e-01,  3.196333e+02
  2.439457e-01,  3.153508e+02
  2.414267e-01,  3.163640e+02
  2.365530e-01,  3.142020e+02
  2.336240e-01,  3.137262e+02
  2.550994e-01,  3.150684e+02
  2.359891e-01,  3.126577e+02
  2.398188e-01,  3.163556e+02
  2.358674e-01,  3.176047e+02
  2.389773e-01,  3.146658e+02
  2.374091e-01,  3.146046e+02
  2.389173e-01,  3.176829e+02
  2.561271e-01,  3.162820e+02
  2.416123e-01,  3.134311e+02
  2.299161e-01,  3.183008e+02
  2.363885e-01,  3.161831e+02
  2.409591e-01,  3.165186e+02
  2.389330e-01,  3.167285e+02
  2.388093e-01,  3.082354e+02
  2.388422e-01,  3.194431e+02
  2.575580e-01,  3.169034e+02
  2.246859e-01,  3.167809e+02
  2.174272e-01,  3.103230e+02
  2.241782e-01,  3.142974e+02
  2.418595e-01,  3.183401e+02
  2.557077e-01,  3.188015e+02
  2.495075e-01,  3.161802e+02
  2.375234e-01,  3.142628e+02
  2.420870e-01,  3.128316e+02
  2.621883e-01,  3.163780e+02
  2.432526e-01,  3.173118e+02
  2.372452e-01,  3.106670e+02
  2.649127e-01,  3.159667e+02
  2.394356e-01,  3.170948e+02
  2.282232e-01,  3.132933e+02
  2.424924e-01,  3.156061e+02
  2.463840e-01,  3.142336e+02
  2.354595e-01,  3.188762e+02
  2.438966e-01,  3.134283e+02
  2.296375e-01,  3.119487e+02
  2.511573e-01,  3.163659e+02
  2.455922e-01,  3.155565e+02
  2.342451e-01,  3.207170e+02
  2.526224e-01,  3.162013e+02
  2.187019e-01,  3.153843e+02
  2.487719e-01,  3.132057e+02
  2.313605e-01,  3.156191e+02
  2.495814e-01,  3.108550e+02
  2.375694e-01,  3.145829e+02
  2.392773e-01,  3.159100e+02
  2.512894e-01,  3.134888e+02
  2.284049e-01,  3.110155e+02
  2.379368e-01,  3.184670e+02
  2.540435e-01,  3.150092e+02
  2.316610e-01,  3.175392e+02
  2.400516e-01,  3.087511e+02
  2.207531e-01,  3.210803e+02
  2.572547e-01,  3.126975e+02
  2.289352e-01,  3.157216e+02
  2.262725e-01,  3.175819e+02
  2.341009e-01,  3.188833e+02
  2.197810e-01,  3.200693e+02
  2.642307e-01,  3.118570e+02
  2.219009e-01,  3.191062e+02
  2.657416e-01,  3.150698e+02
  2.290888e-01,  3.207111e+02
  2.261962e-01,  3.117016e+02
  2.305241e-01,  3.212117e+02
  2.452456e-01,  3.119074e+02
  2.511913e-01,  3.226914e+02
  2.269782e-01,  3.126731e+02
  2.200610e-01,  3.219051e+02
  2.338715e-01,  3.100374e+02
  2.075490e-01,  3.194843e+02
  2.614940e-01,  3.152906e+02
  2.458551e-01,  3.145177e+02
  2.304349e-01,  3.197806e+02
  2.351695e-01,  3.169350e+02
  2.483107e-01,  3.093347e+02
  2.408237e-01,  3.202445e+02
  2.431164e-01,  3.161525e+02
  2.718567e-01,  3.140885e+02
  2.241260e-01,  3.161417e+02
  2.698581e-01,  3.122233e+02
  2.309283e-01,  3.198906e+02
  2.717566e-01,  3.142217e+02
  2.351523e-01,  3.236805e+02
  2.732377e-01,  3.072802e+02
  2.081579e-01,  3.293042e+02
  2.814269e-01,  3.068999e+02
  1.927380e-01,  3.282059e+02
  2.840766e-01,  3.027383e+02
  2.139781e-01,  3.275811e+02
  2.824035e-01,  3.062778e+02
  2.029685e-01,  3.294214e+02
  2.485936e-01,  3.088997e+02
  1.440552e+00,  1.251143e+02
  8.078711e+00,  2.454309e+02
  1.764602e+01,  2.853050e+02
  2.230862e+01,  3.556014e+02
  2.637100e+01,  5.927684e+01
  2.096537e+01,  1.137097e+02
  1.131418e+01,  2.019689e+02
  2.725296e+01,  2.795568e+02
  3.807787e+01,  2.878320e+02
  4.267560e+01,  2.571167e+02
  4.162583e+01,  2.455667e+02
  1.263752e+01,  3.070568e+02
  2.888100e+01,  4.562588e+01
  2.632314e+01,  6.950850e+01
  6.205755e+00,  1.913690e+02
  3.003422e+01,  2.627529e+02
  3.311105e+01,  2.715390e+02
  1.684248e+01,  2.381009e+02
  1.672763e+01,  1.668018e+02
  2.744979e+01,  1.469057e+02
  2.715389e+01,  1.247538e+02
  1.723510e+01,  5.795055e+01
  1.586769e+01,  3.272066e+02
  2.606373e+01,  2.632451e+02
  3.236889e+01,  2.239599e+02
  2.666664e+01,  1.973275e+02
  2.611063e+00,  1.752742e+02
  1.979920e+01,  1.152936e+01
  2.035534e+01,  4.905360e+00
  4.615857e+00,  2.733553e+02
  1.744182e+01,  1.964862e+02
  1.670555e+01,  1.654427e+02
  2.051828e+01,  1.090982e+02
  2.661346e+01,  9.244314e+01
  1.843015e+01,  1.013131e+02
  9.890031e+00,  1.671971e+02
  1.334941e+01,  2.199088e+02
  9.652875e+00,  2.600217e+02
  7.847831e+00,  3.188261e+02
  3.326398e+00,  2.578926e+02
  1.660716e+01,  2.080994e+02
  1.814101e+01,  2.136702e+02
  6.055299e+00,  9.976866e+01
  3.367076e+01,  7.609359e+01
  3.692878e+01,  1.032722e+02
  2.575813e+01,  1.956709e+02
  3.756946e+01,  2.800751e+02
  3.422028e+01,  3.312273e+02
  4.953552e+00,  6.552677e+01
  2.857031e+01,  1.654339e+02
  2.665807e+01,  1.687137e+02
  7.298593e+00,  7.018044e+01
  2.268373e+01,  3.587362e+02
  2.342504e+01,  3.113986e+02
  2.643468e+01,  2.600518e+02
  2.653322e+01,  2.249995e+02
  1.707946e+01,  1.633671e+02
  2.747505e+01,  9.402252e+01
  3.358598e+01,  7.186107e+01
  2.469674e+01,  5.762794e+01
  8.835874e+00,  2.057624e+01
  6.055197e+00,  2.626296e+02
  1.153494e+01,  1.804082e+02
  1.802804e+01,  1.636215e+02
  8.978035e+00,  1.789119e+02
  1.334003e+01,  3.326182e+02
  2.838302e+01,  3.486705e+02
  1.795179e+01,  1.185138e+01
  1.183625e+01,  1.756501e+02
  3.170930e+01,  2.093216e+02
  2.562518e+01,  2.227456e+02
  4.451635e+00,  1.754501e+02
  1.701158e+01,  9.524070e+01
  1.568166e+01,  1.111156e+02
  3.916439e+00,  2.708995e+02
  2.168840e+01,  3.106408e+02
  1.991942e+01,  3.520932e+02
  1.494268e+01,  1.045965e+02
  3.076153e+01,  1.884030e+02
  3.474960e+01,  2.275025e+02
  1.329250e+01,  1.941797e+02
  2.210565e+01,  1.151887e+02
  2.631549e+01,  9.146248e+01
  2.366162e+01,  5.206351e+01
  2.748984e+01,  3.482588e+02
  2.536488e+01,  3.176732e+02
  4.863614e+00,  2.814107e+02
  1.787841e+01,  1.237070e+02
  2.684916e+01,  1.044978e+02
  1.798897e+01,  7.267317e+01
  8.256468e+00,  3.443313e+02
  1.911064e+01,  2.676011e+02
  3.172388e+01,  2.399559e+02
  3.753346e+01,  2.144270e+02
  3.989720e+01,  1.975208e+02
  3.191385e+01,  1.985668e+02
  1.083747e+01,  1.966486e+02
  1.444892e+01,  3.005101e+01
  7.738302e+00,  8.418426e+01
  5.957548e+00,  2.043715e+02
##END=