##TITLE= twqubit_C3180_C_25000.txt
##JCAMP-DX= 5.00 Bruker JCAMP library
##DATA TYPE= Shape Data
##ORIGIN= Colm's GRAPE Pulses 
##OWNER= caryan
##DATE= 05-Feb-2015
##TIME= 16:8
##MINX= 1.400724e+00
##MAXX= 3.739877e+01
##MINY= 1.708600e+00
##MAXY= 3.586299e+02
##$SHAPE_EXMODE= None
##$SHAPE_TOTROT= 9.000000e+01
##$SHAPE_BWFAC= 1.000000e+00
##$SHAPE_INTEGFAC= 1.000000e+00
##$SHAPE_MODE= 1
##NPOINTS= 200
##XYPOINTS= (XY..XY)
  1.400724e+00,  2.079943e+02
  8.714808e+00,  2.242224e+02
  1.748528e+01,  2.510122e+02
  1.692928e+01,  2.966024e+02
  1.487661e+01,  3.450061e+02
  6.231753e+00,  3.423182e+02
  1.335282e+01,  2.250663e+02
  2.692948e+01,  2.210347e+02
  2.722943e+01,  2.296847e+02
  1.540151e+01,  2.480090e+02
  1.725059e+00,  2.766762e+02
  4.893476e+00,  1.205859e+02
  3.350733e+00,  1.917511e+02
  8.967196e+00,  2.991723e+02
  1.600803e+01,  3.371737e+02
  1.611723e+01,  1.623097e+01
  1.137275e+01,  7.578814e+01
  1.258917e+01,  1.655041e+02
  1.971878e+01,  2.194797e+02
  2.074309e+01,  2.480104e+02
  1.176851e+01,  2.400651e+02
  1.386505e+01,  1.623775e+02
  2.135578e+01,  1.498675e+02
  1.506249e+01,  1.487889e+02
  3.630907e+00,  6.065884e+01
  1.459410e+01,  4.862287e+00
  1.755367e+01,  4.636370e+00
  1.093735e+01,  1.223802e+01
  4.331664e+00,  1.004199e+02
  1.208836e+01,  1.561425e+02
  1.455046e+01,  1.873184e+02
  1.298323e+01,  2.397736e+02
  1.098585e+01,  2.919682e+02
  4.167393e+00,  6.575325e+00
  9.113174e+00,  1.137259e+02
  9.350378e+00,  1.213415e+02
  6.284864e+00,  3.610264e+01
  1.437661e+01,  3.571231e+02
  1.190991e+01,  3.375972e+02
  8.186666e+00,  2.353320e+02
  2.068025e+01,  1.899206e+02
  2.477019e+01,  1.620966e+02
  2.342388e+01,  1.218352e+02
  2.432512e+01,  7.999377e+01
  2.310306e+01,  5.119460e+01
  1.491259e+01,  2.395701e+01
  6.172614e+00,  3.066113e+02
  1.372348e+01,  2.283409e+02
  1.967101e+01,  2.118623e+02
  1.616205e+01,  2.020311e+02
  6.326838e+00,  1.752884e+02
  5.747531e+00,  6.813830e+01
  8.297546e+00,  7.417257e+01
  1.259278e+01,  1.286563e+02
  2.355565e+01,  1.502152e+02
  2.808279e+01,  1.481619e+02
  2.345936e+01,  1.277421e+02
  1.969435e+01,  9.306458e+01
  1.765018e+01,  7.159894e+01
  1.100431e+01,  6.347637e+01
  2.123665e+00,  3.586299e+02
  8.181922e+00,  2.799230e+02
  9.735793e+00,  2.937538e+02
  7.475333e+00,  3.410923e+02
  9.462646e+00,  4.110002e+01
  1.285481e+01,  7.157813e+01
  1.544646e+01,  9.008853e+01
  1.696518e+01,  1.018537e+02
  1.524367e+01,  1.044148e+02
  1.031772e+01,  9.037078e+01
  7.089845e+00,  3.949073e+01
  8.645425e+00,  3.499841e+02
  9.472115e+00,  3.133159e+02
  1.040668e+01,  2.960546e+02
  8.282497e+00,  3.279250e+02
  1.149334e+01,  4.215381e+01
  1.646094e+01,  8.497635e+01
  1.322133e+01,  1.289635e+02
  6.966477e+00,  2.065554e+02
  6.609987e+00,  3.055462e+02
  6.524773e+00,  3.618233e+01
  9.040088e+00,  9.894832e+01
  4.500198e+00,  1.028473e+02
  5.761909e+00,  3.512136e+02
  5.130825e+00,  3.493789e+02
  4.803284e+00,  1.750336e+02
  1.557148e+01,  1.835834e+02
  1.743020e+01,  1.878319e+02
  6.236758e+00,  1.901147e+02
  1.070803e+01,  1.262667e+01
  2.252989e+01,  1.138123e+01
  2.273200e+01,  3.575774e+02
  1.864710e+01,  3.159948e+02
  2.397273e+01,  2.713291e+02
  2.911400e+01,  2.450605e+02
  2.811911e+01,  2.158291e+02
  2.506079e+01,  1.843855e+02
  1.763952e+01,  1.651533e+02
  3.701307e+00,  1.711734e+02
  3.492518e+00,  2.509428e+02
  2.977576e+00,  7.814746e+01
  6.601037e+00,  1.688736e+02
  1.133304e+01,  2.089999e+02
  7.747137e+00,  2.733194e+02
  8.442723e+00,  3.355616e+02
  3.819918e+00,  2.812248e+00
  9.680985e+00,  1.868195e+02
  2.152128e+01,  2.100836e+02
  2.263579e+01,  2.497670e+02
  2.088353e+01,  3.113023e+02
  2.073076e+01,  1.001247e+01
  1.644291e+01,  6.745691e+01
  1.561742e+01,  1.441531e+02
  2.312145e+01,  1.955390e+02
  2.683753e+01,  2.164575e+02
  2.320164e+01,  2.184386e+02
  1.986397e+01,  2.148623e+02
  2.214016e+01,  2.232190e+02
  2.703852e+01,  2.327245e+02
  2.582925e+01,  2.348892e+02
  1.856175e+01,  2.165925e+02
  2.098067e+01,  1.745378e+02
  2.807366e+01,  1.631212e+02
  2.281982e+01,  1.705947e+02
  9.504086e+00,  2.134100e+02
  1.136752e+01,  2.971494e+02
  1.157872e+01,  3.087635e+02
  6.172475e+00,  2.701719e+02
  8.279681e+00,  2.158630e+02
  9.583577e+00,  2.285442e+02
  1.452617e+01,  2.698177e+02
  2.142377e+01,  2.904525e+02
  1.694079e+01,  3.024947e+02
  4.045236e+00,  1.220305e+01
  1.503864e+01,  8.787316e+01
  2.079974e+01,  7.562936e+01
  1.999381e+01,  4.616785e+01
  1.590323e+01,  6.415178e+00
  1.160623e+01,  3.032248e+02
  1.474953e+01,  2.347590e+02
  1.832748e+01,  1.873500e+02
  2.246743e+01,  1.416278e+02
  2.704706e+01,  1.166137e+02
  2.149232e+01,  1.072109e+02
  7.929103e+00,  9.006080e+01
  6.165714e+00,  3.245836e+02
  9.462339e+00,  3.057468e+02
  5.520453e+00,  2.867321e+02
  3.197710e+00,  2.003952e+02
  6.383423e+00,  1.414320e+02
  1.157258e+01,  1.184894e+02
  1.609828e+01,  1.211256e+02
  1.779453e+01,  1.430362e+02
  1.892122e+01,  1.724016e+02
  1.812072e+01,  1.858240e+02
  1.269820e+01,  1.622322e+02
  1.367857e+01,  1.018261e+02
  1.831494e+01,  7.275301e+01
  1.643202e+01,  5.861099e+01
  7.828097e+00,  2.973879e+01
  9.544236e+00,  2.879574e+02
  1.608356e+01,  2.741610e+02
  1.013516e+01,  2.812684e+02
  5.806269e+00,  9.197276e+01
  1.912668e+01,  1.176562e+02
  2.063175e+01,  1.404124e+02
  1.124470e+01,  1.664735e+02
  3.179959e+00,  1.908990e+00
  1.749682e+01,  3.118748e+01
  2.554947e+01,  5.459676e+01
  2.229647e+01,  7.604357e+01
  8.522672e+00,  1.076216e+02
  1.072486e+01,  2.405721e+02
  1.870615e+01,  2.572909e+02
  1.376723e+01,  2.579854e+02
  4.866805e+00,  1.984917e+02
  1.070707e+01,  1.535933e+02
  1.238139e+01,  1.903258e+02
  1.538167e+01,  2.540942e+02
  1.872691e+01,  3.042342e+02
  1.792072e+01,  1.708600e+00
  2.369862e+01,  5.112062e+01
  2.782686e+01,  5.734745e+01
  2.576347e+01,  3.288553e+01
  2.166141e+01,  3.576985e+02
  1.590896e+01,  3.089089e+02
  1.857720e+01,  2.470955e+02
  2.256484e+01,  2.061451e+02
  1.887563e+01,  1.626185e+02
  1.696781e+01,  9.763003e+01
  2.255336e+01,  5.321345e+01
  1.775475e+01,  2.225573e+01
  1.418504e+01,  2.749857e+02
  3.563729e+01,  2.461918e+02
  3.739877e+01,  2.534507e+02
  1.873373e+01,  2.748474e+02
  1.123366e+01,  3.881016e+01
  2.288363e+01,  6.716906e+01
  9.398908e+00,  8.675948e+01
  1.580326e+00,  1.763216e+02
##END=
