##TITLE= twqubit_encoding3_C_nobufferfix4
##JCAMP-DX= 5.00 Bruker JCAMP library
##DATA TYPE= Shape Data
##ORIGIN= Colm Fixed Pulses 
##OWNER= d29lu
##DATE= 12-May-2015
##TIME= 16:31
##MINX= 8.161306e-02
##MAXX= 3.661798e+01
##MINY= 1.706914e+00
##MAXY= 3.576816e+02
##$SHAPE_EXMODE= None
##$SHAPE_TOTROT= 9.000000e+01
##$SHAPE_BWFAC= 1.000000e+00
##$SHAPE_INTEGFAC= 1.000000e+00
##$SHAPE_MODE= 1
##NPOINTS= 736
##XYPOINTS= (XY..XY)
  1.879418e+00,  2.563823e+00
  1.538375e+01,  1.251420e+02
  2.109618e+01,  1.707780e+02
  1.930199e+01,  2.417120e+02
  1.341008e+01,  3.291458e+02
  1.926977e+01,  3.293780e+01
  1.696303e+01,  6.442634e+01
  2.984375e+00,  1.084441e+02
  1.051859e+01,  2.641072e+02
  1.360222e+01,  2.981870e+02
  9.407674e+00,  3.569286e+02
  1.100578e+01,  6.794512e+01
  1.002996e+01,  9.543011e+01
  1.433762e+00,  8.868343e+01
  7.106035e+00,  3.158005e+02
  1.092437e+01,  3.409244e+02
  1.369256e+01,  3.176474e+01
  1.926090e+01,  7.974086e+01
  1.818972e+01,  1.208406e+02
  9.988356e+00,  2.029987e+02
  2.002592e+01,  2.983294e+02
  2.631360e+01,  3.363800e+02
  1.858799e+01,  1.712907e+01
  1.507307e+01,  9.437434e+01
  1.941288e+01,  1.278457e+02
  1.412587e+01,  1.029816e+02
  1.715170e+01,  4.669747e+01
  1.915409e+01,  3.171489e+01
  9.815383e+00,  2.580325e+01
  3.940857e+00,  2.164778e+02
  1.045288e+01,  1.906296e+02
  1.075298e+01,  1.513520e+02
  1.347963e+01,  1.049220e+02
  1.604952e+01,  7.481188e+01
  1.438167e+01,  3.598324e+01
  1.434963e+01,  3.524552e+02
  1.228735e+01,  3.153817e+02
  1.151362e+01,  2.630652e+02
  1.429377e+01,  2.267914e+02
  1.281338e+01,  2.038729e+02
  9.289177e+00,  1.622222e+02
  1.142870e+01,  1.384899e+02
  1.336960e+01,  1.638572e+02
  1.516699e+01,  2.085892e+02
  1.464767e+01,  2.551018e+02
  1.335278e+01,  3.182478e+02
  1.643023e+01,  1.013105e+01
  1.375814e+01,  2.228821e+01
  8.600456e+00,  3.169021e+02
  2.005487e+01,  2.843444e+02
  2.318727e+01,  2.882676e+02
  1.113593e+01,  2.909805e+02
  5.562496e+00,  1.049680e+02
  1.537970e+01,  1.103446e+02
  1.391461e+01,  1.186677e+02
  5.374963e+00,  1.174058e+02
  2.218614e+00,  4.361701e+01
  4.005644e+00,  5.411564e+01
  4.519556e+00,  7.865677e+01
  1.501311e+00,  1.667085e+02
  8.939094e+00,  2.520747e+02
  1.605518e+01,  2.625324e+02
  1.373558e+01,  2.610208e+02
  4.179649e+00,  1.936291e+02
  1.263104e+01,  1.234087e+02
  1.380084e+01,  1.169257e+02
  3.020315e+00,  1.942100e+01
  2.032790e+01,  3.250109e+02
  2.739897e+01,  3.302425e+02
  1.459520e+01,  3.379533e+02
  1.130332e+01,  1.323697e+02
  2.968505e+01,  1.456623e+02
  2.569017e+01,  1.436626e+02
  9.893245e+00,  7.028334e+01
  2.326803e+01,  1.034872e+01
  1.984303e+01,  2.226001e+01
  9.794199e+00,  1.159528e+02
  2.056621e+01,  1.802711e+02
  1.617833e+01,  2.144814e+02
  1.020322e+01,  3.247048e+02
  2.273468e+01,  2.864250e+01
  2.827985e+01,  6.528041e+01
  3.134479e+01,  9.370072e+01
  3.453189e+01,  1.066321e+02
  3.661798e+01,  1.080600e+02
  3.579861e+01,  1.061325e+02
  2.953451e+01,  1.173418e+02
  1.401778e+01,  1.571482e+02
  1.101625e+01,  2.712400e+02
  1.605608e+01,  3.310768e+02
  1.675012e+01,  5.194681e+01
  2.934646e+01,  1.101354e+02
  3.476909e+01,  1.387089e+02
  2.326309e+01,  1.710796e+02
  1.392592e+01,  2.607458e+02
  2.921179e+01,  3.252978e+02
  3.368043e+01,  3.558715e+02
  2.442429e+01,  3.099989e+01
  1.534788e+01,  1.111435e+02
  8.599516e+00,  2.454185e+02
  4.377857e+00,  5.875473e+01
  2.072785e+00,  2.370120e+02
  7.311952e-01,  4.455689e+01
  3.947438e-01,  2.725555e+02
  1.614637e-01,  6.926499e+01
  3.572387e-01,  2.875690e+02
  1.619112e-01,  6.481100e+01
  3.086261e-01,  2.876822e+02
  1.485201e-01,  4.808857e+01
  2.765361e-01,  2.891408e+02
  1.295032e-01,  3.198697e+01
  2.308645e-01,  2.950701e+02
  1.212872e-01,  1.052931e+01
  1.935228e-01,  2.989599e+02
  1.319625e-01,  3.527377e+02
  1.611057e-01,  3.123868e+02
  1.328761e-01,  3.389169e+02
  1.421226e-01,  3.183185e+02
  1.566080e-01,  3.267915e+02
  1.147086e-01,  3.323578e+02
  1.635367e-01,  3.189172e+02
  1.102557e-01,  3.389440e+02
  1.934790e-01,  3.163225e+02
  1.002890e-01,  3.523659e+02
  1.825456e-01,  3.117605e+02
  1.104616e-01,  3.486311e+02
  1.909702e-01,  3.135339e+02
  1.056700e-01,  3.576816e+02
  1.812515e-01,  3.079043e+02
  1.141180e-01,  3.491416e+02
  1.859079e-01,  3.096554e+02
  1.147784e-01,  3.549448e+02
  1.676948e-01,  3.119206e+02
  1.304027e-01,  3.431178e+02
  1.589224e-01,  3.146930e+02
  1.221936e-01,  3.432918e+02
  1.524410e-01,  3.175072e+02
  1.484480e-01,  3.331199e+02
  1.429121e-01,  3.217045e+02
  1.506309e-01,  3.257851e+02
  1.200581e-01,  3.305505e+02
  1.620256e-01,  3.208293e+02
  1.300935e-01,  3.349343e+02
  1.565331e-01,  3.204382e+02
  1.233299e-01,  3.335767e+02
  1.516903e-01,  3.202965e+02
  1.258600e-01,  3.367322e+02
  1.610154e-01,  3.183025e+02
  1.113829e-01,  3.388808e+02
  1.822566e-01,  3.183472e+02
  1.196138e-01,  3.387906e+02
  1.573352e-01,  3.217562e+02
  1.284866e-01,  3.353038e+02
  1.573754e-01,  3.203291e+02
  1.295095e-01,  3.370865e+02
  1.585357e-01,  3.205342e+02
  1.369980e-01,  3.357213e+02
  1.282480e-01,  3.189580e+02
  1.517121e-01,  3.350949e+02
  1.381762e-01,  3.227964e+02
  1.484396e-01,  3.276508e+02
  1.429145e-01,  3.248982e+02
  1.525878e-01,  3.232917e+02
  1.347848e-01,  3.271210e+02
  1.521084e-01,  3.250765e+02
  1.307930e-01,  3.340967e+02
  1.503280e-01,  3.217622e+02
  1.285993e-01,  3.339466e+02
  1.565952e-01,  3.217891e+02
  1.308899e-01,  3.348496e+02
  1.548064e-01,  3.205710e+02
  1.246129e-01,  3.324771e+02
  1.648924e-01,  3.212699e+02
  1.285233e-01,  3.327439e+02
  1.492976e-01,  3.246743e+02
  1.332866e-01,  3.309590e+02
  1.429691e-01,  3.235532e+02
  1.458747e-01,  3.299670e+02
  1.287310e-01,  3.275884e+02
  1.356796e-01,  3.286660e+02
  1.467325e-01,  3.241113e+02
  1.510546e-01,  3.303926e+02
  1.291821e-01,  3.248523e+02
  1.542546e-01,  3.276457e+02
  1.336970e-01,  3.258195e+02
  1.498165e-01,  3.292423e+02
  1.364323e-01,  3.266116e+02
  1.515916e-01,  3.258817e+02
  1.342644e-01,  3.301205e+02
  1.566248e-01,  3.240728e+02
  1.307213e-01,  3.324988e+02
  1.528686e-01,  3.202511e+02
  1.393199e-01,  3.322465e+02
  1.394958e-01,  3.235277e+02
  1.393607e-01,  3.280581e+02
  1.395084e-01,  3.248109e+02
  1.444004e-01,  3.285093e+02
  1.418536e-01,  3.220252e+02
  1.409805e-01,  3.285236e+02
  1.432570e-01,  3.237168e+02
  1.444990e-01,  3.302010e+02
  1.428522e-01,  3.267082e+02
  1.487803e-01,  3.271970e+02
  1.360057e-01,  3.263674e+02
  1.405937e-01,  3.299570e+02
  1.303401e-01,  3.285989e+02
  1.443824e-01,  3.274909e+02
  1.409103e-01,  3.267676e+02
  1.494361e-01,  3.242943e+02
  1.398406e-01,  3.305939e+02
  1.463622e-01,  3.263614e+02
  1.407753e-01,  3.279301e+02
  1.500699e-01,  3.249975e+02
  1.415030e-01,  3.263682e+02
  1.505732e-01,  3.251488e+02
  1.246642e-01,  3.314778e+02
  1.504594e-01,  3.230140e+02
  1.486972e-01,  3.294450e+02
  1.400186e-01,  3.263903e+02
  1.464396e-01,  3.258597e+02
  1.537932e-01,  3.281591e+02
  1.434448e-01,  3.282044e+02
  1.337514e-01,  3.270994e+02
  1.471022e-01,  3.257804e+02
  1.283438e-01,  3.290816e+02
  1.518185e-01,  3.283956e+02
  1.361447e-01,  3.276886e+02
  1.441562e-01,  3.289924e+02
  1.334730e-01,  3.264461e+02
  1.547389e-01,  3.272688e+02
  1.202287e-01,  3.268189e+02
  1.445318e-01,  3.263583e+02
  1.357675e-01,  3.276094e+02
  1.474674e-01,  3.285394e+02
  1.289318e-01,  3.257386e+02
  1.409990e-01,  3.281077e+02
  1.379927e-01,  3.287329e+02
  1.434684e-01,  3.296041e+02
  1.487287e-01,  3.251117e+02
  1.454328e-01,  3.245488e+02
  1.575260e-01,  3.239527e+02
  1.302159e-01,  3.250894e+02
  1.500601e-01,  3.283430e+02
  1.287996e-01,  3.276840e+02
  1.467398e-01,  3.258996e+02
  1.225066e-01,  3.311931e+02
  1.614042e-01,  3.222698e+02
  1.253110e-01,  3.299848e+02
  1.511931e-01,  3.286480e+02
  1.270775e-01,  3.301572e+02
  1.467601e-01,  3.314452e+02
  1.304661e-01,  3.213419e+02
  1.462134e-01,  3.340687e+02
  1.294955e-01,  3.228768e+02
  1.567689e-01,  3.304460e+02
  1.362923e-01,  3.193952e+02
  1.446881e-01,  3.388715e+02
  1.270508e-01,  3.156644e+02
  1.521219e-01,  3.378252e+02
  1.365805e-01,  3.128876e+02
  1.469878e-01,  3.396460e+02
  1.506211e-01,  3.173815e+02
  1.446788e-01,  3.353418e+02
  1.623708e-01,  3.159756e+02
  1.164940e-01,  3.446603e+02
  1.671111e-01,  3.093960e+02
  1.178991e-01,  3.482409e+02
  1.846861e-01,  3.095406e+02
  1.022501e+00,  9.468763e+01
  1.391652e+01,  1.310777e+02
  2.124414e+01,  1.427170e+02
  1.541867e+01,  2.036683e+02
  2.240829e+01,  2.830512e+02
  3.454426e+01,  3.202510e+02
  2.483626e+01,  3.289657e+02
  7.697553e+00,  2.837847e+02
  1.642632e+01,  1.905709e+02
  2.214795e+01,  1.823286e+02
  1.534569e+01,  1.822125e+02
  1.721726e+00,  1.212181e+02
  1.112691e+01,  2.490640e+01
  1.409253e+01,  2.861816e+01
  6.783190e+00,  3.055814e+01
  5.719277e+00,  2.366621e+02
  1.596016e+01,  2.447331e+02
  1.851323e+01,  2.591740e+02
  1.166243e+01,  2.727260e+02
  1.817437e+00,  3.476882e+02
  8.781252e+00,  7.856618e+01
  1.080555e+01,  8.267376e+01
  6.470986e+00,  5.324733e+01
  9.593539e+00,  3.411111e+02
  1.609323e+01,  3.288345e+02
  1.579628e+01,  3.263262e+02
  9.748373e+00,  3.092537e+02
  7.983386e+00,  2.610907e+02
  9.827005e+00,  2.414383e+02
  7.326427e+00,  2.380435e+02
  6.526512e-01,  1.409377e+02
  1.050479e+01,  7.797888e+01
  2.031067e+01,  8.178666e+01
  2.366989e+01,  8.175729e+01
  1.989406e+01,  8.036543e+01
  1.235234e+01,  8.335006e+01
  4.166331e+00,  1.172025e+02
  6.086231e+00,  2.077690e+02
  1.166163e+01,  2.214841e+02
  1.504445e+01,  2.229639e+02
  1.497392e+01,  2.228625e+02
  1.050344e+01,  2.294438e+02
  3.315859e+00,  2.792955e+02
  7.720913e+00,  2.338033e+01
  1.324493e+01,  5.242709e+01
  1.349555e+01,  8.758173e+01
  1.258399e+01,  1.431457e+02
  1.417830e+01,  1.913390e+02
  1.195052e+01,  2.311146e+02
  8.639849e+00,  2.889274e+02
  7.907236e+00,  3.383008e+02
  2.406370e+00,  4.177724e+01
  9.580249e+00,  1.574588e+02
  1.707088e+01,  1.702520e+02
  1.382997e+01,  1.653973e+02
  7.338396e+00,  8.428404e+01
  1.747805e+01,  4.298324e+01
  1.905836e+01,  4.354567e+01
  1.012814e+01,  7.330678e+01
  1.515692e+01,  1.575991e+02
  2.613766e+01,  1.724684e+02
  2.740305e+01,  1.640884e+02
  2.335650e+01,  1.435880e+02
  1.455821e+01,  1.304260e+02
  3.877583e+00,  1.480078e+02
  4.913210e+00,  2.294887e+02
  8.210141e+00,  2.141425e+02
  1.108269e+01,  1.986846e+02
  1.218453e+01,  2.037603e+02
  1.063485e+01,  2.390811e+02
  1.037890e+01,  2.930939e+02
  1.060297e+01,  3.540542e+02
  1.550550e+01,  5.838286e+01
  2.095167e+01,  9.929459e+01
  1.871144e+01,  1.333257e+02
  1.036754e+01,  1.771109e+02
  6.574680e+00,  2.696861e+02
  9.191253e+00,  3.303378e+02
  6.545360e+00,  5.975585e+00
  2.291468e+00,  1.928033e+02
  1.486540e+01,  2.270054e+02
  2.313210e+01,  2.403791e+02
  1.782254e+01,  2.381172e+02
  4.453043e+00,  1.779878e+02
  1.269376e+01,  7.766132e+01
  1.800373e+01,  6.513699e+01
  1.525297e+01,  3.900518e+01
  1.318018e+01,  3.456244e+02
  1.481789e+01,  3.053799e+02
  1.283859e+01,  2.819601e+02
  7.240723e+00,  2.563763e+02
  2.415010e+00,  2.134911e+02
  1.130540e+00,  6.585092e+01
  3.743094e+00,  2.952206e+01
  4.824084e+00,  2.954631e+01
  3.482068e+00,  6.089685e+01
  5.297884e+00,  1.137489e+02
  8.364351e+00,  1.261609e+02
  8.277134e+00,  1.242468e+02
  4.404847e+00,  1.156753e+02
  3.982148e-01,  1.914174e+02
  4.463110e+00,  2.405046e+02
  9.125016e+00,  2.304433e+02
  1.105101e+01,  2.258139e+02
  7.842086e+00,  2.265088e+02
  3.548010e+00,  2.795229e+02
  7.853923e+00,  3.337802e+02
  1.075007e+01,  3.380456e+02
  7.668910e+00,  3.326506e+02
  1.453400e+00,  3.333627e+02
  4.137675e+00,  9.200670e+01
  9.623934e+00,  7.218881e+01
  1.325420e+01,  5.535518e+01
  1.069145e+01,  3.443262e+01
  3.233145e+00,  3.310241e+02
  9.220637e+00,  2.197795e+02
  1.710790e+01,  1.916300e+02
  2.103732e+01,  1.606879e+02
  2.113595e+01,  1.334243e+02
  1.434920e+01,  1.267123e+02
  6.014064e+00,  1.978481e+02
  1.491247e+01,  2.585758e+02
  1.687016e+01,  2.743839e+02
  8.773057e+00,  2.909887e+02
  1.585892e+00,  3.153188e+01
  3.645628e+00,  1.348041e+02
  8.608272e+00,  1.971275e+02
  1.488644e+01,  2.197481e+02
  1.372966e+01,  2.193394e+02
  7.065574e+00,  1.701756e+02
  1.051368e+01,  9.567369e+01
  1.343595e+01,  7.216282e+01
  8.559561e+00,  3.917986e+01
  9.429826e+00,  3.134542e+02
  1.641850e+01,  2.924223e+02
  1.602415e+01,  3.012178e+02
  1.117852e+01,  3.501210e+02
  1.484811e+01,  5.593183e+01
  1.874649e+01,  9.851630e+01
  2.045774e+01,  1.433784e+02
  2.146412e+01,  1.810753e+02
  1.548442e+01,  2.099151e+02
  5.563938e+00,  2.583510e+02
  5.436337e+00,  3.373899e+02
  4.350636e+00,  3.110197e+02
  9.378903e+00,  2.601233e+02
  1.464677e+01,  2.622322e+02
  1.021347e+01,  2.738792e+02
  2.722338e+00,  7.019501e+01
  1.429465e+01,  1.044164e+02
  1.815134e+01,  1.145424e+02
  1.170266e+01,  1.079494e+02
  5.763034e+00,  3.667255e+01
  1.073868e+01,  3.541363e+02
  1.029596e+01,  3.477676e+02
  3.444852e+00,  2.742965e+02
  1.496915e+01,  2.076347e+02
  2.440134e+01,  2.103414e+02
  2.103353e+01,  2.154840e+02
  5.307537e+00,  1.850481e+02
  1.623301e+01,  6.499103e+01
  2.601505e+01,  6.009302e+01
  2.133483e+01,  5.337963e+01
  1.027639e+01,  1.680922e+01
  8.944089e+00,  3.037780e+02
  7.913016e+00,  2.507038e+02
  1.313982e+01,  1.878224e+02
  2.159910e+01,  1.739685e+02
  2.129537e+01,  1.759616e+02
  1.295664e+01,  1.789414e+02
  4.250856e+00,  1.570760e+02
  5.615495e+00,  1.117995e+02
  1.083134e+01,  1.421521e+02
  1.487665e+01,  1.796491e+02
  1.581350e+01,  2.313743e+02
  2.073920e+01,  2.931278e+02
  2.731857e+01,  3.330802e+02
  2.168488e+01,  3.529542e+02
  4.031424e+00,  2.979378e+02
  1.577824e+01,  2.191616e+02
  1.211968e+01,  2.281774e+02
  8.137858e+00,  3.764562e+01
  2.830177e+01,  6.122398e+01
  2.976487e+01,  7.170073e+01
  1.213821e+01,  6.310309e+01
  9.877892e+00,  2.758688e+02
  1.958977e+01,  2.569476e+02
  1.734939e+01,  2.314980e+02
  1.753629e+01,  1.692953e+02
  2.472448e+01,  1.374351e+02
  2.319571e+01,  1.290232e+02
  1.006713e+01,  1.227800e+02
  6.524548e+00,  3.556291e+02
  1.260983e+01,  3.379044e+02
  7.434237e+00,  3.052843e+02
  1.462182e+01,  2.335608e+02
  2.558049e+01,  2.391609e+02
  1.978679e+01,  2.491480e+02
  5.419861e+00,  6.380575e+01
  2.145011e+00,  2.812392e+02
  4.622133e-01,  1.523289e+02
  4.350862e-01,  5.242795e+00
  1.010555e-01,  2.370571e+02
  2.674929e-01,  3.022266e+02
  1.259208e-01,  4.043138e+01
  2.481845e-01,  2.929551e+02
  1.192275e-01,  3.251834e+01
  2.058322e-01,  2.976296e+02
  1.097968e-01,  1.257700e+01
  1.971749e-01,  3.047177e+02
  1.062801e-01,  4.874314e+00
  1.893790e-01,  3.086257e+02
  9.838106e-02,  3.554691e+02
  1.598898e-01,  3.154299e+02
  1.211075e-01,  3.368666e+02
  1.485610e-01,  3.224342e+02
  1.369112e-01,  3.284461e+02
  1.342322e-01,  3.297459e+02
  1.578258e-01,  3.235252e+02
  1.139064e-01,  3.367457e+02
  1.526737e-01,  3.168460e+02
  1.165189e-01,  3.431136e+02
  1.627529e-01,  3.160173e+02
  1.233152e-01,  3.433641e+02
  1.673611e-01,  3.113013e+02
  1.183049e-01,  3.488315e+02
  1.637836e-01,  3.111571e+02
  1.217420e-01,  3.425964e+02
  1.446889e-01,  3.207950e+02
  1.284105e-01,  3.389033e+02
  1.528880e-01,  3.193952e+02
  1.294154e-01,  3.353734e+02
  1.573564e-01,  3.195414e+02
  1.269081e-01,  3.328019e+02
  1.488453e-01,  3.219906e+02
  1.189233e-01,  3.360419e+02
  1.584241e-01,  3.185671e+02
  1.317940e-01,  3.348560e+02
  1.410855e-01,  3.229370e+02
  1.479515e-01,  3.277044e+02
  1.293695e-01,  3.329374e+02
  1.389469e-01,  3.232605e+02
  1.323386e-01,  3.297046e+02
  1.484948e-01,  3.237479e+02
  1.185930e-01,  3.376571e+02
  1.582344e-01,  3.217875e+02
  1.260630e-01,  3.372274e+02
  1.539684e-01,  3.180612e+02
  1.271489e-01,  3.359180e+02
  1.509735e-01,  3.206042e+02
  1.388080e-01,  3.332596e+02
  1.493613e-01,  3.203148e+02
  1.296214e-01,  3.357696e+02
  1.509123e-01,  3.201875e+02
  1.276022e-01,  3.352729e+02
  1.426122e-01,  3.230188e+02
  1.426730e-01,  3.296284e+02
  1.474162e-01,  3.282140e+02
  1.245248e-01,  3.297900e+02
  1.364439e-01,  3.266585e+02
  1.352539e-01,  3.273812e+02
  1.373286e-01,  3.295339e+02
  1.390850e-01,  3.242177e+02
  1.303413e-01,  3.301066e+02
  1.496294e-01,  3.238825e+02
  1.278891e-01,  3.295446e+02
  1.553231e-01,  3.232274e+02
  1.304899e-01,  3.322431e+02
  1.402495e-01,  3.242318e+02
  1.466426e-01,  3.293331e+02
  1.474398e-01,  3.260398e+02
  1.304577e-01,  3.321680e+02
  1.533518e-01,  3.243290e+02
  1.307239e-01,  3.294013e+02
  1.455667e-01,  3.266745e+02
  1.320252e-01,  3.287591e+02
  1.475399e-01,  3.247934e+02
  1.407742e-01,  3.316112e+02
  1.418514e-01,  3.211705e+02
  1.455697e-01,  3.279973e+02
  1.495375e-01,  3.259167e+02
  1.231114e-01,  3.314942e+02
  1.432150e-01,  3.278594e+02
  1.423589e-01,  3.267809e+02
  1.474824e-01,  3.312224e+02
  1.267518e-01,  3.258936e+02
  1.307015e-01,  3.278775e+02
  1.470169e-01,  3.271249e+02
  1.266598e-01,  3.304105e+02
  1.408597e-01,  3.279552e+02
  1.287932e-01,  3.269925e+02
  1.470869e-01,  3.250454e+02
  1.148840e-01,  3.332721e+02
  1.512847e-01,  3.225094e+02
  1.226322e-01,  3.330785e+02
  1.502290e-01,  3.241393e+02
  1.333449e-01,  3.307976e+02
  1.385960e-01,  3.282313e+02
  1.389673e-01,  3.273719e+02
  1.450018e-01,  3.272815e+02
  1.331403e-01,  3.244354e+02
  1.581989e-01,  3.269176e+02
  1.284667e-01,  3.272557e+02
  1.327112e-01,  3.294390e+02
  1.449029e-01,  3.242959e+02
  1.378703e-01,  3.322603e+02
  1.473829e-01,  3.242473e+02
  1.313834e-01,  3.338064e+02
  1.428690e-01,  3.286158e+02
  1.327243e-01,  3.260586e+02
  1.504020e-01,  3.285049e+02
  1.430350e-01,  3.215489e+02
  1.450312e-01,  3.305834e+02
  1.305620e-01,  3.213463e+02
  1.495454e-01,  3.258806e+02
  1.300579e-01,  3.265996e+02
  1.462583e-01,  3.309274e+02
  1.274860e-01,  3.256800e+02
  1.410255e-01,  3.295868e+02
  1.447050e-01,  3.246883e+02
  1.520889e-01,  3.304299e+02
  1.217020e-01,  3.224779e+02
  1.550303e-01,  3.260086e+02
  1.257363e-01,  3.295440e+02
  1.483678e-01,  3.231472e+02
  1.390359e-01,  3.297057e+02
  1.430655e-01,  3.253030e+02
  1.347297e-01,  3.252172e+02
  1.304830e-01,  3.255075e+02
  1.382761e-01,  3.297166e+02
  1.417703e-01,  3.213602e+02
  1.506401e-01,  3.297896e+02
  1.332675e-01,  3.236723e+02
  1.382615e-01,  3.317857e+02
  1.251527e-01,  3.227604e+02
  1.597482e-01,  3.329290e+02
  1.175486e-01,  3.253149e+02
  1.505099e-01,  3.310903e+02
  1.249233e-01,  3.209109e+02
  1.554261e-01,  3.315224e+02
  1.187326e-01,  3.250749e+02
  1.611357e-01,  3.274268e+02
  1.151859e-01,  3.228550e+02
  1.614516e-01,  3.258005e+02
  1.144262e-01,  3.274416e+02
  1.506949e-01,  3.284118e+02
  1.294490e-01,  3.281686e+02
  1.467187e-01,  3.243133e+02
  1.285513e-01,  3.351185e+02
  1.381897e-01,  3.194118e+02
  1.574410e-01,  3.327576e+02
  1.124455e-01,  3.194388e+02
  1.519747e-01,  3.342394e+02
  1.230485e-01,  3.159387e+02
  1.687689e-01,  3.368301e+02
  1.053896e-01,  3.107316e+02
  1.826846e-01,  3.369314e+02
  1.086394e-01,  3.060070e+02
  1.798676e-01,  3.386428e+02
  1.098047e-01,  3.059189e+02
  1.960256e-01,  3.399596e+02
  1.112600e-01,  2.954654e+02
  2.134120e-01,  3.383459e+02
  8.161306e-02,  2.994397e+02
  2.004680e-01,  3.398703e+02
  9.362011e-02,  3.026155e+02
  1.985134e-01,  3.389337e+02
  9.551400e-02,  3.002969e+02
  2.645220e+00,  3.499408e+02
  5.725177e+00,  2.425523e+02
  5.320154e+00,  1.884816e+02
  1.323121e+01,  9.748820e+01
  2.019279e+01,  7.327022e+01
  1.816327e+01,  5.244350e+01
  1.018399e+01,  1.706914e+00
  1.155936e+01,  2.860506e+02
  1.358754e+01,  2.477446e+02
  1.211653e+01,  2.022650e+02
  1.376591e+01,  1.564957e+02
  1.473421e+01,  1.344819e+02
  1.049195e+01,  1.293641e+02
  4.686292e+00,  1.647739e+02
  6.335773e+00,  2.234309e+02
  6.640377e+00,  2.376183e+02
  2.491100e+00,  2.752361e+02
  5.100647e+00,  1.063450e+01
  7.446998e+00,  9.216244e+00
  5.906742e+00,  3.200129e+02
  1.236511e+01,  2.625899e+02
  1.878314e+01,  2.510243e+02
  1.537972e+01,  2.401298e+02
  6.828270e+00,  1.807270e+02
  1.419974e+01,  1.226862e+02
  1.712339e+01,  1.232152e+02
  9.420382e+00,  1.401719e+02
  6.199373e+00,  2.658718e+02
  1.610412e+01,  3.038922e+02
  1.852698e+01,  3.242243e+02
  1.307075e+01,  3.415634e+02
  4.762299e+00,  3.469601e+02
  1.482787e+00,  2.531492e+02
  1.668642e+00,  2.406546e+02
  3.014038e+00,  9.784732e+01
  1.388765e+01,  1.094095e+02
  2.376253e+01,  1.246703e+02
  2.376112e+01,  1.445263e+02
  1.557594e+01,  1.884991e+02
  1.778749e+01,  2.642996e+02
  2.334513e+01,  3.033732e+02
  1.738742e+01,  3.312158e+02
  7.293499e+00,  3.845360e+01
  1.215883e+01,  1.196223e+02
  1.260669e+01,  1.452239e+02
  5.400753e+00,  1.736049e+02
  3.446672e+00,  2.938022e+02
  4.721735e+00,  3.166312e+02
  1.601476e+00,  3.245476e+02
  1.578200e+00,  1.495043e+02
  2.210820e+00,  1.304056e+02
  2.661925e+00,  8.091552e+01
  3.596958e+00,  7.226500e+01
  3.722763e+00,  1.176153e+02
  6.655439e+00,  1.649916e+02
  7.396900e+00,  1.798607e+02
  1.769006e+00,  1.696104e+02
  6.733311e+00,  2.352913e+01
  1.156249e+01,  2.437649e+01
  7.501569e+00,  1.716484e+01
  4.316963e+00,  2.342004e+02
  1.372930e+01,  2.139934e+02
  1.609489e+01,  1.987001e+02
  1.277252e+01,  1.586427e+02
  1.402842e+01,  1.087525e+02
  1.467610e+01,  7.183679e+01
  1.294205e+01,  2.669670e+01
  1.459952e+01,  3.391175e+02
  1.579785e+01,  3.073856e+02
  1.399865e+01,  2.803301e+02
  9.558598e+00,  2.532185e+02
  2.734083e+00,  2.121785e+02
  5.620706e+00,  7.966438e+01
  1.140915e+01,  7.690560e+01
  1.316012e+01,  8.545782e+01
  1.095619e+01,  9.652032e+01
  8.326571e+00,  9.063440e+01
  8.774004e+00,  6.115981e+01
  1.279214e+01,  4.282883e+01
  1.268219e+01,  3.406703e+01
  6.962185e+00,  3.329953e+00
  7.757890e+00,  2.768704e+02
  1.248851e+01,  2.590643e+02
  9.579957e+00,  2.453776e+02
  3.070481e+00,  1.530900e+02
  1.064184e+01,  9.969911e+01
  1.417449e+01,  9.102423e+01
  1.169887e+01,  7.388548e+01
  9.486101e+00,  4.295003e+01
  7.456527e+00,  2.707682e+01
  1.372832e+00,  2.894234e+01
  6.982315e+00,  2.182983e+02
  1.533232e+01,  2.362733e+02
  1.853379e+01,  2.557125e+02
  1.438670e+01,  2.756139e+02
  8.068999e+00,  3.175092e+02
  1.000740e+01,  1.464216e+01
  1.505198e+01,  2.416494e+01
  1.406503e+01,  1.160581e+01
  3.436377e+00,  2.730374e+02
##END=