##TITLE= twqubit_C2180_C_25000.txt
##JCAMP-DX= 5.00 Bruker JCAMP library
##DATA TYPE= Shape Data
##ORIGIN= Colm's GRAPE Pulses 
##OWNER= caryan
##DATE= 05-Feb-2015
##TIME= 16:5
##MINX= 1.216008e+00
##MAXX= 5.113395e+01
##MINY= 7.636441e-01
##MAXY= 3.583717e+02
##$SHAPE_EXMODE= None
##$SHAPE_TOTROT= 9.000000e+01
##$SHAPE_BWFAC= 1.000000e+00
##$SHAPE_INTEGFAC= 1.000000e+00
##$SHAPE_MODE= 1
##NPOINTS= 200
##XYPOINTS= (XY..XY)
  1.216008e+00,  8.699472e+01
  1.315559e+01,  1.559440e+02
  3.577814e+01,  2.214097e+02
  3.690122e+01,  2.747579e+02
  3.397690e+01,  3.275430e+02
  1.536361e+01,  3.201170e+02
  8.886008e+00,  6.150630e+01
  2.349666e+01,  5.115302e+01
  2.814592e+01,  2.425949e+01
  2.137133e+01,  3.476609e+02
  1.556717e+01,  3.026133e+02
  2.095294e+01,  2.775531e+02
  2.571443e+01,  2.731796e+02
  1.942712e+01,  2.783103e+02
  7.664988e+00,  3.105512e+02
  6.416207e+00,  3.566724e+01
  8.104249e+00,  2.145026e+01
  9.977369e+00,  3.343627e+01
  1.155767e+01,  1.054672e+02
  2.250899e+01,  1.716456e+02
  3.017070e+01,  2.054596e+02
  1.694411e+01,  2.385297e+02
  1.356726e+01,  2.974555e+01
  3.015619e+01,  5.262937e+01
  2.714735e+01,  4.259886e+01
  2.110187e+01,  2.014792e+01
  1.927598e+01,  2.095022e+01
  2.034308e+01,  2.955557e+01
  1.792155e+01,  1.333940e+01
  2.192190e+01,  3.396615e+02
  2.446492e+01,  3.193702e+02
  1.499962e+01,  2.833606e+02
  1.518183e+01,  2.116359e+02
  1.698010e+01,  1.969049e+02
  4.811401e+00,  2.121171e+02
  1.312669e+01,  8.621889e+00
  2.284218e+01,  1.214368e+01
  2.081788e+01,  1.600647e+01
  1.303797e+01,  3.682710e+01
  9.057571e+00,  1.409060e+01
  3.292108e+01,  3.473691e+02
  5.113395e+01,  1.639153e+01
  3.908696e+01,  7.321908e+01
  3.057846e+01,  1.770804e+02
  3.889591e+01,  2.511138e+02
  2.240321e+01,  3.175538e+02
  2.594356e+01,  5.828060e+01
  2.551533e+01,  8.243982e+01
  5.638787e+00,  3.371398e+01
  2.165631e+01,  2.923785e+02
  3.257243e+01,  2.836395e+02
  3.139271e+01,  2.769034e+02
  2.256876e+01,  2.658432e+02
  7.822879e+00,  2.856707e+02
  1.689922e+01,  2.249920e+01
  3.158691e+01,  1.892415e+01
  3.429606e+01,  1.063297e+01
  2.361374e+01,  3.677501e+00
  1.051368e+01,  3.300963e+02
  9.702025e+00,  2.611528e+02
  4.674314e+00,  2.604581e+02
  1.318978e+01,  2.545719e+01
  2.991349e+01,  2.365145e+01
  4.019588e+01,  2.018134e+01
  3.467282e+01,  3.398369e+01
  1.460548e+01,  8.570683e+01
  2.096998e+01,  2.152456e+02
  3.692111e+01,  2.535892e+02
  3.059313e+01,  2.836460e+02
  1.461946e+01,  3.441592e+02
  1.038415e+01,  6.364117e+01
  8.280156e+00,  1.997660e+02
  2.360355e+01,  2.436351e+02
  2.269630e+01,  2.563392e+02
  5.755444e+00,  2.780885e+02
  1.272166e+01,  4.900174e+01
  2.005284e+01,  3.443476e+01
  1.914414e+01,  1.371544e+00
  1.789879e+01,  3.130638e+02
  1.916828e+01,  2.663018e+02
  1.849609e+01,  2.273480e+02
  1.452349e+01,  1.889217e+02
  1.103936e+01,  1.749198e+02
  1.530562e+01,  2.280632e+02
  2.901363e+01,  2.568583e+02
  3.046587e+01,  2.626192e+02
  2.151441e+01,  2.267403e+02
  2.148704e+01,  1.797499e+02
  7.762946e+00,  1.269715e+02
  2.134403e+01,  8.337660e+00
  2.863868e+01,  3.487966e+02
  1.377621e+01,  3.118621e+02
  1.501849e+01,  2.128753e+02
  1.045460e+01,  1.827838e+02
  2.451467e+01,  5.048776e+01
  4.452967e+01,  6.323765e+01
  2.309434e+01,  1.253081e+02
  3.639150e+01,  2.546409e+02
  3.900586e+01,  3.291472e+02
  2.443855e+01,  8.169407e+01
  2.057116e+01,  1.252957e+02
  1.589630e+01,  1.261182e+02
  5.710223e+00,  2.071398e+02
  1.968189e+01,  2.630040e+02
  2.542823e+01,  2.401084e+02
  2.707710e+01,  2.381953e+02
  1.121000e+01,  2.693317e+02
  1.916601e+01,  1.538756e+01
  3.612149e+01,  1.342660e+01
  3.993006e+01,  1.573790e+00
  3.198720e+01,  3.576933e+02
  2.191349e+01,  3.344729e+02
  2.092273e+01,  2.812773e+02
  1.400878e+01,  2.331063e+02
  1.574241e+01,  1.150567e+02
  3.061088e+01,  7.642474e+01
  2.859832e+01,  4.354345e+01
  2.182892e+01,  7.636441e-01
  1.242876e+01,  3.108027e+02
  1.480424e+01,  2.147281e+02
  2.219019e+01,  1.946187e+02
  8.303143e+00,  1.878575e+02
  1.364956e+01,  4.390139e+01
  1.627632e+01,  4.655495e+01
  3.717963e+00,  3.301157e+01
  5.177196e+00,  1.349417e+02
  2.428357e+01,  1.213285e+02
  2.963862e+01,  1.319135e+02
  6.795039e+00,  2.103952e+02
  3.510479e+01,  3.166927e+02
  3.866737e+01,  3.283730e+02
  6.789189e+00,  2.834446e+02
  2.869713e+01,  1.936911e+02
  2.481220e+01,  2.342206e+02
  3.370184e+01,  3.276188e+02
  5.045518e+01,  6.884258e+00
  4.060983e+01,  3.022452e+01
  2.134681e+01,  4.114146e+01
  1.620725e+01,  3.703581e+01
  2.393927e+01,  2.489160e+01
  3.769346e+01,  1.415310e+01
  4.144992e+01,  2.909026e+01
  2.832854e+01,  7.393351e+01
  1.925854e+01,  1.646795e+02
  2.609133e+01,  2.368801e+02
  2.113555e+01,  2.809883e+02
  8.638984e+00,  1.229452e+01
  1.824596e+01,  1.071334e+02
  2.245032e+01,  1.501418e+02
  1.587091e+01,  2.092700e+02
  1.975497e+01,  2.916808e+02
  2.376251e+01,  3.113613e+02
  1.738248e+01,  2.830509e+02
  1.295215e+01,  2.556925e+02
  3.051912e+00,  1.477720e+01
  1.866859e+01,  4.952619e+01
  2.392587e+01,  4.942620e+01
  1.794726e+01,  4.449118e+01
  8.164661e+00,  3.583717e+02
  1.129910e+01,  2.817796e+02
  9.774878e+00,  2.783480e+02
  9.648379e+00,  9.982950e+00
  2.289126e+01,  3.142678e+01
  2.493117e+01,  3.033686e+01
  6.193879e+00,  5.991063e+01
  2.804933e+01,  1.973378e+02
  4.843746e+01,  2.094785e+02
  4.362540e+01,  2.271779e+02
  2.509206e+01,  2.911331e+02
  4.394034e+01,  2.958999e+00
  4.758740e+01,  2.343735e+01
  1.987761e+01,  2.638765e+01
  1.437759e+01,  2.466811e+02
  2.848403e+01,  2.338009e+02
  2.383700e+01,  2.176315e+02
  1.118037e+01,  1.918018e+02
  2.998031e+00,  7.287160e+01
  5.313509e+00,  1.472497e+01
  4.566883e+00,  2.710842e+02
  1.532642e+01,  2.463545e+02
  2.486106e+01,  2.593572e+02
  3.176759e+01,  2.742454e+02
  3.204616e+01,  2.654999e+02
  3.639004e+01,  2.297406e+02
  4.301511e+01,  2.265190e+02
  3.363606e+01,  2.461739e+02
  1.281089e+01,  2.337461e+02
  1.677611e+01,  1.443352e+02
  1.580829e+01,  1.453774e+02
  5.187456e+00,  2.455236e+02
  1.504383e+01,  3.037181e+02
  8.029802e+00,  3.265639e+02
  1.028621e+01,  1.374073e+02
  2.594958e+01,  1.742718e+02
  3.951253e+01,  1.964664e+02
  4.739190e+01,  2.068806e+02
  4.568812e+01,  2.183965e+02
  2.722870e+01,  2.491489e+02
  1.068954e+01,  6.823813e+01
  2.073847e+00,  3.664243e+01
##END=
