##TITLE= twqubit_encoding3_C_nobufferfix3
##JCAMP-DX= 5.00 Bruker JCAMP library
##DATA TYPE= Shape Data
##ORIGIN= Colm Fixed Pulses 
##OWNER= d29lu
##DATE= 12-May-2015
##TIME= 16:31
##MINX= 7.127512e-02
##MAXX= 3.656882e+01
##MINY= 1.651886e+00
##MAXY= 3.569064e+02
##$SHAPE_EXMODE= None
##$SHAPE_TOTROT= 9.000000e+01
##$SHAPE_BWFAC= 1.000000e+00
##$SHAPE_INTEGFAC= 1.000000e+00
##$SHAPE_MODE= 1
##NPOINTS= 736
##XYPOINTS= (XY..XY)
  1.874257e+00,  2.595263e+00
  1.527253e+01,  1.250202e+02
  2.115536e+01,  1.703095e+02
  1.938109e+01,  2.413338e+02
  1.355312e+01,  3.284019e+02
  1.942056e+01,  3.289464e+01
  1.706653e+01,  6.456380e+01
  3.055287e+00,  1.091577e+02
  1.059270e+01,  2.640257e+02
  1.365119e+01,  2.980520e+02
  9.454687e+00,  3.568620e+02
  1.106068e+01,  6.797546e+01
  1.008364e+01,  9.559368e+01
  1.443295e+00,  8.873800e+01
  7.165332e+00,  3.155988e+02
  1.093481e+01,  3.407819e+02
  1.368339e+01,  3.167584e+01
  1.929649e+01,  7.962985e+01
  1.826886e+01,  1.207277e+02
  1.005504e+01,  2.027663e+02
  2.009437e+01,  2.980580e+02
  2.643561e+01,  3.362725e+02
  1.868729e+01,  1.719876e+01
  1.515641e+01,  9.446778e+01
  1.947727e+01,  1.280382e+02
  1.411565e+01,  1.032768e+02
  1.718090e+01,  4.653285e+01
  1.922554e+01,  3.160487e+01
  9.845367e+00,  2.591704e+01
  3.997460e+00,  2.164141e+02
  1.051585e+01,  1.908485e+02
  1.078001e+01,  1.512930e+02
  1.351198e+01,  1.048440e+02
  1.607930e+01,  7.476815e+01
  1.440464e+01,  3.605850e+01
  1.437741e+01,  3.523709e+02
  1.233711e+01,  3.153221e+02
  1.152725e+01,  2.630398e+02
  1.431922e+01,  2.266805e+02
  1.283924e+01,  2.038520e+02
  9.295451e+00,  1.622303e+02
  1.143387e+01,  1.382388e+02
  1.335243e+01,  1.636989e+02
  1.518898e+01,  2.085173e+02
  1.470536e+01,  2.550317e+02
  1.339037e+01,  3.181729e+02
  1.648527e+01,  1.015820e+01
  1.380577e+01,  2.254969e+01
  8.585560e+00,  3.169305e+02
  2.009242e+01,  2.841490e+02
  2.324608e+01,  2.881859e+02
  1.118059e+01,  2.912986e+02
  5.623978e+00,  1.051336e+02
  1.543822e+01,  1.103574e+02
  1.392538e+01,  1.186122e+02
  5.377267e+00,  1.176357e+02
  2.224428e+00,  4.223962e+01
  4.002902e+00,  5.390084e+01
  4.541740e+00,  7.910708e+01
  1.501481e+00,  1.667008e+02
  8.939676e+00,  2.521229e+02
  1.607546e+01,  2.625214e+02
  1.377614e+01,  2.610735e+02
  4.200409e+00,  1.938081e+02
  1.269751e+01,  1.232633e+02
  1.383902e+01,  1.168747e+02
  3.032525e+00,  1.975122e+01
  2.038977e+01,  3.248343e+02
  2.745982e+01,  3.301596e+02
  1.464654e+01,  3.381303e+02
  1.133631e+01,  1.324183e+02
  2.975698e+01,  1.456462e+02
  2.575875e+01,  1.436987e+02
  9.864979e+00,  7.026333e+01
  2.337752e+01,  1.022938e+01
  1.990704e+01,  2.206057e+01
  9.851785e+00,  1.160600e+02
  2.066720e+01,  1.801610e+02
  1.625957e+01,  2.144841e+02
  1.025812e+01,  3.246293e+02
  2.281518e+01,  2.847028e+01
  2.835800e+01,  6.523592e+01
  3.137425e+01,  9.380008e+01
  3.451659e+01,  1.067449e+02
  3.656882e+01,  1.080506e+02
  3.581174e+01,  1.060928e+02
  2.951104e+01,  1.172502e+02
  1.407397e+01,  1.571324e+02
  1.109511e+01,  2.711454e+02
  1.611410e+01,  3.310008e+02
  1.676826e+01,  5.167369e+01
  2.947957e+01,  1.100172e+02
  3.485282e+01,  1.387595e+02
  2.331268e+01,  1.711845e+02
  1.403309e+01,  2.609330e+02
  2.926302e+01,  3.253033e+02
  3.377719e+01,  3.558227e+02
  2.447946e+01,  3.128000e+01
  1.540153e+01,  1.112857e+02
  8.595670e+00,  2.444209e+02
  4.218757e+00,  5.609601e+01
  1.878497e+00,  2.337098e+02
  6.053821e-01,  3.815770e+01
  3.254977e-01,  2.803798e+02
  1.402677e-01,  6.202438e+01
  3.291798e-01,  2.908623e+02
  1.506496e-01,  5.378942e+01
  2.832456e-01,  2.909948e+02
  1.404744e-01,  3.707216e+01
  2.552929e-01,  2.932042e+02
  1.300029e-01,  2.097944e+01
  2.198931e-01,  2.987539e+02
  1.275049e-01,  3.067753e+00
  1.837585e-01,  3.017143e+02
  1.361636e-01,  3.455856e+02
  1.629376e-01,  3.148455e+02
  1.370011e-01,  3.358446e+02
  1.446316e-01,  3.190866e+02
  1.595422e-01,  3.254364e+02
  1.247898e-01,  3.315562e+02
  1.626055e-01,  3.182525e+02
  1.174259e-01,  3.351524e+02
  1.956741e-01,  3.169659e+02
  1.114436e-01,  3.464484e+02
  1.808198e-01,  3.134137e+02
  1.194806e-01,  3.422515e+02
  1.899763e-01,  3.140407e+02
  1.149102e-01,  3.525862e+02
  1.769345e-01,  3.097154e+02
  1.186813e-01,  3.429324e+02
  1.830783e-01,  3.105114e+02
  1.213831e-01,  3.481759e+02
  1.693840e-01,  3.146581e+02
  1.364628e-01,  3.391988e+02
  1.630122e-01,  3.158945e+02
  1.318849e-01,  3.400608e+02
  1.584025e-01,  3.189298e+02
  1.542833e-01,  3.318113e+02
  1.468486e-01,  3.222495e+02
  1.549257e-01,  3.253774e+02
  1.263777e-01,  3.302439e+02
  1.659772e-01,  3.208001e+02
  1.386553e-01,  3.333914e+02
  1.617103e-01,  3.211520e+02
  1.338327e-01,  3.320448e+02
  1.534705e-01,  3.200717e+02
  1.320550e-01,  3.351458e+02
  1.613827e-01,  3.182728e+02
  1.195020e-01,  3.344751e+02
  1.855709e-01,  3.197772e+02
  1.282274e-01,  3.342423e+02
  1.607252e-01,  3.233655e+02
  1.365110e-01,  3.332037e+02
  1.624916e-01,  3.217435e+02
  1.366496e-01,  3.343609e+02
  1.640142e-01,  3.203938e+02
  1.460170e-01,  3.345855e+02
  1.295291e-01,  3.181762e+02
  1.569171e-01,  3.340851e+02
  1.460137e-01,  3.234284e+02
  1.546540e-01,  3.273126e+02
  1.477794e-01,  3.244302e+02
  1.574352e-01,  3.230416e+02
  1.434564e-01,  3.253825e+02
  1.541742e-01,  3.237177e+02
  1.390943e-01,  3.336103e+02
  1.525666e-01,  3.228364e+02
  1.318009e-01,  3.332398e+02
  1.616384e-01,  3.219387e+02
  1.401923e-01,  3.332839e+02
  1.577517e-01,  3.208378e+02
  1.321216e-01,  3.303539e+02
  1.705288e-01,  3.220163e+02
  1.355878e-01,  3.319872e+02
  1.508949e-01,  3.253947e+02
  1.376912e-01,  3.297521e+02
  1.438084e-01,  3.225794e+02
  1.550536e-01,  3.278804e+02
  1.352540e-01,  3.274865e+02
  1.365893e-01,  3.280997e+02
  1.512519e-01,  3.236440e+02
  1.558648e-01,  3.295394e+02
  1.328237e-01,  3.233592e+02
  1.585347e-01,  3.267803e+02
  1.418002e-01,  3.254700e+02
  1.517712e-01,  3.283808e+02
  1.404682e-01,  3.263150e+02
  1.577146e-01,  3.241381e+02
  1.411646e-01,  3.277677e+02
  1.632044e-01,  3.228711e+02
  1.407922e-01,  3.311928e+02
  1.528389e-01,  3.203526e+02
  1.439655e-01,  3.303863e+02
  1.422773e-01,  3.236124e+02
  1.436166e-01,  3.260130e+02
  1.421260e-01,  3.237226e+02
  1.495243e-01,  3.271866e+02
  1.435112e-01,  3.204804e+02
  1.462234e-01,  3.268259e+02
  1.469818e-01,  3.224884e+02
  1.476743e-01,  3.286136e+02
  1.518543e-01,  3.255072e+02
  1.526686e-01,  3.257572e+02
  1.421663e-01,  3.266978e+02
  1.443522e-01,  3.300247e+02
  1.387954e-01,  3.282247e+02
  1.484324e-01,  3.263646e+02
  1.454127e-01,  3.255351e+02
  1.532540e-01,  3.226930e+02
  1.475643e-01,  3.292755e+02
  1.491101e-01,  3.259533e+02
  1.453380e-01,  3.278379e+02
  1.550979e-01,  3.253641e+02
  1.465943e-01,  3.262165e+02
  1.509116e-01,  3.243730e+02
  1.289692e-01,  3.314122e+02
  1.543111e-01,  3.223575e+02
  1.516701e-01,  3.273766e+02
  1.474839e-01,  3.259697e+02
  1.486466e-01,  3.252375e+02
  1.623457e-01,  3.272196e+02
  1.493314e-01,  3.267376e+02
  1.376469e-01,  3.270188e+02
  1.466322e-01,  3.239646e+02
  1.331419e-01,  3.289893e+02
  1.590655e-01,  3.277863e+02
  1.439417e-01,  3.260850e+02
  1.483228e-01,  3.283614e+02
  1.384941e-01,  3.263399e+02
  1.602258e-01,  3.264612e+02
  1.260826e-01,  3.258600e+02
  1.457188e-01,  3.245138e+02
  1.407130e-01,  3.265723e+02
  1.522994e-01,  3.280059e+02
  1.306215e-01,  3.262933e+02
  1.449080e-01,  3.269699e+02
  1.422631e-01,  3.268319e+02
  1.490643e-01,  3.286772e+02
  1.500242e-01,  3.245771e+02
  1.493864e-01,  3.229639e+02
  1.624031e-01,  3.224204e+02
  1.375449e-01,  3.240844e+02
  1.552519e-01,  3.262632e+02
  1.346673e-01,  3.280497e+02
  1.470272e-01,  3.247918e+02
  1.275777e-01,  3.305662e+02
  1.659610e-01,  3.214017e+02
  1.297586e-01,  3.289946e+02
  1.550529e-01,  3.271140e+02
  1.362878e-01,  3.296681e+02
  1.495444e-01,  3.322789e+02
  1.336777e-01,  3.202376e+02
  1.480437e-01,  3.325562e+02
  1.327173e-01,  3.230798e+02
  1.597172e-01,  3.281687e+02
  1.414981e-01,  3.196419e+02
  1.473988e-01,  3.376463e+02
  1.308464e-01,  3.141734e+02
  1.557949e-01,  3.364334e+02
  1.366236e-01,  3.128532e+02
  1.490632e-01,  3.375838e+02
  1.501053e-01,  3.167043e+02
  1.485879e-01,  3.328473e+02
  1.643750e-01,  3.156254e+02
  1.235657e-01,  3.403791e+02
  1.701853e-01,  3.102536e+02
  1.267775e-01,  3.451359e+02
  1.856133e-01,  3.103031e+02
  1.021868e+00,  9.469151e+01
  1.386193e+01,  1.310191e+02
  2.131238e+01,  1.426161e+02
  1.542860e+01,  2.033268e+02
  2.251893e+01,  2.828993e+02
  3.464033e+01,  3.202362e+02
  2.491095e+01,  3.292130e+02
  7.617418e+00,  2.834930e+02
  1.650644e+01,  1.905882e+02
  2.219433e+01,  1.822715e+02
  1.534001e+01,  1.822756e+02
  1.722588e+00,  1.203375e+02
  1.118740e+01,  2.480517e+01
  1.411129e+01,  2.857485e+01
  6.809013e+00,  3.066491e+01
  5.747972e+00,  2.365497e+02
  1.598829e+01,  2.446196e+02
  1.853597e+01,  2.591434e+02
  1.170387e+01,  2.729434e+02
  1.829700e+00,  3.487533e+02
  8.819197e+00,  7.876982e+01
  1.082628e+01,  8.271195e+01
  6.488278e+00,  5.325400e+01
  9.615490e+00,  3.409913e+02
  1.611498e+01,  3.286966e+02
  1.581299e+01,  3.263414e+02
  9.752909e+00,  3.094011e+02
  7.989437e+00,  2.608679e+02
  9.849915e+00,  2.412818e+02
  7.339929e+00,  2.380846e+02
  6.556762e-01,  1.389042e+02
  1.051931e+01,  7.787732e+01
  2.030801e+01,  8.174570e+01
  2.370132e+01,  8.178193e+01
  1.989698e+01,  8.040427e+01
  1.233435e+01,  8.334072e+01
  4.163342e+00,  1.172359e+02
  6.096908e+00,  2.081159e+02
  1.166148e+01,  2.214695e+02
  1.504970e+01,  2.228835e+02
  1.498444e+01,  2.228369e+02
  1.051257e+01,  2.294737e+02
  3.313140e+00,  2.793712e+02
  7.742911e+00,  2.348668e+01
  1.325187e+01,  5.235634e+01
  1.351036e+01,  8.751551e+01
  1.260952e+01,  1.431158e+02
  1.422295e+01,  1.913786e+02
  1.198940e+01,  2.312326e+02
  8.669397e+00,  2.890607e+02
  7.937351e+00,  3.385869e+02
  2.425838e+00,  4.190504e+01
  9.594489e+00,  1.575716e+02
  1.709344e+01,  1.702344e+02
  1.386688e+01,  1.655094e+02
  7.350374e+00,  8.430200e+01
  1.754009e+01,  4.283723e+01
  1.908990e+01,  4.348379e+01
  1.014326e+01,  7.339078e+01
  1.516062e+01,  1.576950e+02
  2.617715e+01,  1.724765e+02
  2.742254e+01,  1.641453e+02
  2.333523e+01,  1.435561e+02
  1.458261e+01,  1.302216e+02
  3.859692e+00,  1.480150e+02
  4.950301e+00,  2.301755e+02
  8.239195e+00,  2.141114e+02
  1.110448e+01,  1.985148e+02
  1.218639e+01,  2.036652e+02
  1.063800e+01,  2.390527e+02
  1.040208e+01,  2.931041e+02
  1.062477e+01,  3.539696e+02
  1.551464e+01,  5.833252e+01
  2.100684e+01,  9.924151e+01
  1.877139e+01,  1.333755e+02
  1.041998e+01,  1.774501e+02
  6.631526e+00,  2.699506e+02
  9.234408e+00,  3.305090e+02
  6.567997e+00,  6.170445e+00
  2.317696e+00,  1.923797e+02
  1.487439e+01,  2.268889e+02
  2.316892e+01,  2.403826e+02
  1.787210e+01,  2.382783e+02
  4.468744e+00,  1.776794e+02
  1.277786e+01,  7.774636e+01
  1.804169e+01,  6.508361e+01
  1.525252e+01,  3.908600e+01
  1.320152e+01,  3.455822e+02
  1.487292e+01,  3.052755e+02
  1.286388e+01,  2.818856e+02
  7.247738e+00,  2.562093e+02
  2.418157e+00,  2.124233e+02
  1.172509e+00,  6.470058e+01
  3.765145e+00,  2.879361e+01
  4.815796e+00,  2.926313e+01
  3.476903e+00,  6.100415e+01
  5.298871e+00,  1.140191e+02
  8.373929e+00,  1.261710e+02
  8.298144e+00,  1.242109e+02
  4.416059e+00,  1.154280e+02
  3.735655e-01,  1.943576e+02
  4.476425e+00,  2.406215e+02
  9.135947e+00,  2.303314e+02
  1.106628e+01,  2.257204e+02
  7.861601e+00,  2.264771e+02
  3.530873e+00,  2.797260e+02
  7.861243e+00,  3.340219e+02
  1.077233e+01,  3.379930e+02
  7.696050e+00,  3.325532e+02
  1.444657e+00,  3.324612e+02
  4.158732e+00,  9.254949e+01
  9.648471e+00,  7.218055e+01
  1.327681e+01,  5.528645e+01
  1.072849e+01,  3.443471e+01
  3.279570e+00,  3.306223e+02
  9.277714e+00,  2.199006e+02
  1.714171e+01,  1.915798e+02
  2.105972e+01,  1.607252e+02
  2.116834e+01,  1.333710e+02
  1.436846e+01,  1.265203e+02
  5.997145e+00,  1.981639e+02
  1.494974e+01,  2.585813e+02
  1.690911e+01,  2.743338e+02
  8.800193e+00,  2.911273e+02
  1.622435e+00,  3.305588e+01
  3.674276e+00,  1.346769e+02
  8.598409e+00,  1.973129e+02
  1.489858e+01,  2.197730e+02
  1.376792e+01,  2.194249e+02
  7.082060e+00,  1.702224e+02
  1.057966e+01,  9.561233e+01
  1.347661e+01,  7.211059e+01
  8.587896e+00,  3.920466e+01
  9.466149e+00,  3.133503e+02
  1.645962e+01,  2.922733e+02
  1.603212e+01,  3.011450e+02
  1.118670e+01,  3.501548e+02
  1.488624e+01,  5.592891e+01
  1.878339e+01,  9.844616e+01
  2.049264e+01,  1.433408e+02
  2.151337e+01,  1.811638e+02
  1.552688e+01,  2.100824e+02
  5.585684e+00,  2.588337e+02
  5.460385e+00,  3.381088e+02
  4.352964e+00,  3.109685e+02
  9.406985e+00,  2.599188e+02
  1.466448e+01,  2.621211e+02
  1.025461e+01,  2.739481e+02
  2.751670e+00,  7.021316e+01
  1.433879e+01,  1.043274e+02
  1.817013e+01,  1.145746e+02
  1.172937e+01,  1.081722e+02
  5.780852e+00,  3.634757e+01
  1.078567e+01,  3.539763e+02
  1.031300e+01,  3.476951e+02
  3.455727e+00,  2.741596e+02
  1.499427e+01,  2.075013e+02
  2.442756e+01,  2.102566e+02
  2.106995e+01,  2.155489e+02
  5.315204e+00,  1.853842e+02
  1.629238e+01,  6.494581e+01
  2.608142e+01,  6.005251e+01
  2.134634e+01,  5.345032e+01
  1.025955e+01,  1.675000e+01
  9.011211e+00,  3.035537e+02
  7.981512e+00,  2.507382e+02
  1.315565e+01,  1.876385e+02
  2.161985e+01,  1.738471e+02
  2.131784e+01,  1.759447e+02
  1.295586e+01,  1.791472e+02
  4.236170e+00,  1.568916e+02
  5.612531e+00,  1.113698e+02
  1.082102e+01,  1.420857e+02
  1.490055e+01,  1.795780e+02
  1.583991e+01,  2.312339e+02
  2.078419e+01,  2.930285e+02
  2.739268e+01,  3.330606e+02
  2.175297e+01,  3.531341e+02
  3.996184e+00,  2.979892e+02
  1.588756e+01,  2.189888e+02
  1.220164e+01,  2.282121e+02
  8.156891e+00,  3.750099e+01
  2.836781e+01,  6.109192e+01
  2.985761e+01,  7.171830e+01
  1.211446e+01,  6.352742e+01
  9.963336e+00,  2.759109e+02
  1.966780e+01,  2.570007e+02
  1.734800e+01,  2.314849e+02
  1.754231e+01,  1.692748e+02
  2.480042e+01,  1.373054e+02
  2.320452e+01,  1.290090e+02
  1.007504e+01,  1.228403e+02
  6.563192e+00,  3.551026e+02
  1.266155e+01,  3.379687e+02
  7.468192e+00,  3.052738e+02
  1.460252e+01,  2.333106e+02
  2.562571e+01,  2.390121e+02
  1.984315e+01,  2.492477e+02
  5.428436e+00,  6.356747e+01
  1.981686e+00,  2.837925e+02
  4.705132e-01,  1.817252e+02
  4.748103e-01,  1.731387e+01
  7.127512e-02,  2.370619e+02
  2.386926e-01,  3.009270e+02
  1.292228e-01,  2.869601e+01
  2.335523e-01,  2.969451e+02
  1.243917e-01,  2.167897e+01
  1.980725e-01,  3.028228e+02
  1.149142e-01,  1.715921e+00
  1.950221e-01,  3.088438e+02
  1.136333e-01,  3.569064e+02
  1.875085e-01,  3.107811e+02
  1.051408e-01,  3.496880e+02
  1.619934e-01,  3.165666e+02
  1.260841e-01,  3.329929e+02
  1.515267e-01,  3.227002e+02
  1.429366e-01,  3.271144e+02
  1.408609e-01,  3.304561e+02
  1.636983e-01,  3.232650e+02
  1.203793e-01,  3.346630e+02
  1.588362e-01,  3.171482e+02
  1.234050e-01,  3.414221e+02
  1.641938e-01,  3.184213e+02
  1.322461e-01,  3.404861e+02
  1.693031e-01,  3.123046e+02
  1.269360e-01,  3.446289e+02
  1.672291e-01,  3.139789e+02
  1.286795e-01,  3.386854e+02
  1.450853e-01,  3.230091e+02
  1.330567e-01,  3.371115e+02
  1.551478e-01,  3.221252e+02
  1.341622e-01,  3.324391e+02
  1.591552e-01,  3.203051e+02
  1.333785e-01,  3.300021e+02
  1.512193e-01,  3.215363e+02
  1.253441e-01,  3.350931e+02
  1.629099e-01,  3.179792e+02
  1.373322e-01,  3.328768e+02
  1.410178e-01,  3.233705e+02
  1.500949e-01,  3.263356e+02
  1.325092e-01,  3.317133e+02
  1.383432e-01,  3.233257e+02
  1.378873e-01,  3.279122e+02
  1.545776e-01,  3.240384e+02
  1.268102e-01,  3.364490e+02
  1.629214e-01,  3.228950e+02
  1.361559e-01,  3.347347e+02
  1.586492e-01,  3.176505e+02
  1.326642e-01,  3.339502e+02
  1.558418e-01,  3.212791e+02
  1.445600e-01,  3.308498e+02
  1.532876e-01,  3.202353e+02
  1.341088e-01,  3.341159e+02
  1.546948e-01,  3.206350e+02
  1.353745e-01,  3.324331e+02
  1.467734e-01,  3.227695e+02
  1.461919e-01,  3.264929e+02
  1.546201e-01,  3.288521e+02
  1.291739e-01,  3.289755e+02
  1.365064e-01,  3.243712e+02
  1.425514e-01,  3.258890e+02
  1.407875e-01,  3.279610e+02
  1.434080e-01,  3.243747e+02
  1.353360e-01,  3.290578e+02
  1.501784e-01,  3.234362e+02
  1.299826e-01,  3.278997e+02
  1.625487e-01,  3.225495e+02
  1.376381e-01,  3.305534e+02
  1.424917e-01,  3.250860e+02
  1.546496e-01,  3.280581e+02
  1.557654e-01,  3.258024e+02
  1.377274e-01,  3.311394e+02
  1.556590e-01,  3.250076e+02
  1.385572e-01,  3.287696e+02
  1.484044e-01,  3.275597e+02
  1.381689e-01,  3.283298e+02
  1.514892e-01,  3.239862e+02
  1.462582e-01,  3.309384e+02
  1.420453e-01,  3.213168e+02
  1.499926e-01,  3.266417e+02
  1.579477e-01,  3.252714e+02
  1.291269e-01,  3.314289e+02
  1.457231e-01,  3.270521e+02
  1.457379e-01,  3.259969e+02
  1.540540e-01,  3.300926e+02
  1.315127e-01,  3.256175e+02
  1.339120e-01,  3.267125e+02
  1.508318e-01,  3.273758e+02
  1.338606e-01,  3.295687e+02
  1.441770e-01,  3.278950e+02
  1.318504e-01,  3.262194e+02
  1.475526e-01,  3.238390e+02
  1.208741e-01,  3.328686e+02
  1.558945e-01,  3.208729e+02
  1.298523e-01,  3.329668e+02
  1.534088e-01,  3.241260e+02
  1.401188e-01,  3.292936e+02
  1.410107e-01,  3.281860e+02
  1.454283e-01,  3.263673e+02
  1.476949e-01,  3.266270e+02
  1.359508e-01,  3.233071e+02
  1.639802e-01,  3.254998e+02
  1.315859e-01,  3.249291e+02
  1.353604e-01,  3.290825e+02
  1.470460e-01,  3.233147e+02
  1.430696e-01,  3.304828e+02
  1.478587e-01,  3.226593e+02
  1.379630e-01,  3.335669e+02
  1.485378e-01,  3.281882e+02
  1.370049e-01,  3.258955e+02
  1.584415e-01,  3.283224e+02
  1.506036e-01,  3.198858e+02
  1.498825e-01,  3.302975e+02
  1.372711e-01,  3.216201e+02
  1.488626e-01,  3.248164e+02
  1.339664e-01,  3.259407e+02
  1.515385e-01,  3.290474e+02
  1.329347e-01,  3.244379e+02
  1.438547e-01,  3.286207e+02
  1.490934e-01,  3.236754e+02
  1.581023e-01,  3.295405e+02
  1.240493e-01,  3.225456e+02
  1.573087e-01,  3.261285e+02
  1.341664e-01,  3.282460e+02
  1.536206e-01,  3.228424e+02
  1.466344e-01,  3.292275e+02
  1.489603e-01,  3.259435e+02
  1.392432e-01,  3.245120e+02
  1.340602e-01,  3.239937e+02
  1.408908e-01,  3.291252e+02
  1.482502e-01,  3.208119e+02
  1.551591e-01,  3.273891e+02
  1.386681e-01,  3.230495e+02
  1.409814e-01,  3.299791e+02
  1.309121e-01,  3.211981e+02
  1.612212e-01,  3.314098e+02
  1.264996e-01,  3.258762e+02
  1.551684e-01,  3.316637e+02
  1.302347e-01,  3.213846e+02
  1.609856e-01,  3.304069e+02
  1.233479e-01,  3.244481e+02
  1.682328e-01,  3.265086e+02
  1.218805e-01,  3.225079e+02
  1.610360e-01,  3.250334e+02
  1.196955e-01,  3.256950e+02
  1.508507e-01,  3.286367e+02
  1.372695e-01,  3.280598e+02
  1.502392e-01,  3.230327e+02
  1.351498e-01,  3.355493e+02
  1.423506e-01,  3.200384e+02
  1.600293e-01,  3.307364e+02
  1.180329e-01,  3.208003e+02
  1.529151e-01,  3.328812e+02
  1.296418e-01,  3.171042e+02
  1.686593e-01,  3.351840e+02
  1.157990e-01,  3.130276e+02
  1.809329e-01,  3.351744e+02
  1.156077e-01,  3.080706e+02
  1.758886e-01,  3.366132e+02
  1.176923e-01,  3.080369e+02
  1.943486e-01,  3.385454e+02
  1.125684e-01,  2.986893e+02
  2.118225e-01,  3.358974e+02
  8.416871e-02,  3.043427e+02
  1.932435e-01,  3.388203e+02
  9.943441e-02,  3.063352e+02
  1.958267e-01,  3.384940e+02
  1.037115e-01,  3.034459e+02
  2.630257e+00,  3.501332e+02
  5.699564e+00,  2.428841e+02
  5.399423e+00,  1.889367e+02
  1.324226e+01,  9.750495e+01
  2.027574e+01,  7.326800e+01
  1.819520e+01,  5.243063e+01
  1.020708e+01,  1.651886e+00
  1.163244e+01,  2.860124e+02
  1.364497e+01,  2.476991e+02
  1.214002e+01,  2.022649e+02
  1.379250e+01,  1.563687e+02
  1.475853e+01,  1.343655e+02
  1.049869e+01,  1.293232e+02
  4.668905e+00,  1.649377e+02
  6.348118e+00,  2.237466e+02
  6.662861e+00,  2.374911e+02
  2.480572e+00,  2.749243e+02
  5.118633e+00,  1.102172e+01
  7.475284e+00,  9.234111e+00
  5.937652e+00,  3.199960e+02
  1.238193e+01,  2.625057e+02
  1.880828e+01,  2.509386e+02
  1.541024e+01,  2.402053e+02
  6.852951e+00,  1.806663e+02
  1.424459e+01,  1.224788e+02
  1.715282e+01,  1.231041e+02
  9.445135e+00,  1.403403e+02
  6.233289e+00,  2.660658e+02
  1.613529e+01,  3.038534e+02
  1.854577e+01,  3.241710e+02
  1.309702e+01,  3.417291e+02
  4.753145e+00,  3.473397e+02
  1.525007e+00,  2.517494e+02
  1.681826e+00,  2.407393e+02
  3.019709e+00,  9.713267e+01
  1.386592e+01,  1.092951e+02
  2.379536e+01,  1.246261e+02
  2.381209e+01,  1.445095e+02
  1.560840e+01,  1.885787e+02
  1.783524e+01,  2.643270e+02
  2.340846e+01,  3.033599e+02
  1.743571e+01,  3.313507e+02
  7.331715e+00,  3.892968e+01
  1.220400e+01,  1.197951e+02
  1.263972e+01,  1.453347e+02
  5.411295e+00,  1.738590e+02
  3.489821e+00,  2.944363e+02
  4.748185e+00,  3.167411e+02
  1.584278e+00,  3.235218e+02
  1.615870e+00,  1.494571e+02
  2.222911e+00,  1.299746e+02
  2.671533e+00,  8.025639e+01
  3.597684e+00,  7.200958e+01
  3.718348e+00,  1.177650e+02
  6.662976e+00,  1.650991e+02
  7.423869e+00,  1.798422e+02
  1.786428e+00,  1.690704e+02
  6.765511e+00,  2.351099e+01
  1.158835e+01,  2.432013e+01
  7.526192e+00,  1.723296e+01
  4.346511e+00,  2.342240e+02
  1.377416e+01,  2.139540e+02
  1.610759e+01,  1.987132e+02
  1.278666e+01,  1.587174e+02
  1.407126e+01,  1.086529e+02
  1.472215e+01,  7.183751e+01
  1.297006e+01,  2.666797e+01
  1.462634e+01,  3.390210e+02
  1.583298e+01,  3.073028e+02
  1.400611e+01,  2.802763e+02
  9.573137e+00,  2.530790e+02
  2.756541e+00,  2.113711e+02
  5.674447e+00,  7.956680e+01
  1.142097e+01,  7.671334e+01
  1.315688e+01,  8.544374e+01
  1.096743e+01,  9.658473e+01
  8.319995e+00,  9.077529e+01
  8.778656e+00,  6.104523e+01
  1.279390e+01,  4.274822e+01
  1.271243e+01,  3.407604e+01
  6.976894e+00,  3.424901e+00
  7.801055e+00,  2.767710e+02
  1.252289e+01,  2.588864e+02
  9.600029e+00,  2.454700e+02
  3.106243e+00,  1.526907e+02
  1.069220e+01,  9.952564e+01
  1.418391e+01,  9.097758e+01
  1.171020e+01,  7.396527e+01
  9.484619e+00,  4.282588e+01
  7.476522e+00,  2.679722e+01
  1.364670e+00,  2.881663e+01
  7.005054e+00,  2.180636e+02
  1.532873e+01,  2.361396e+02
  1.855650e+01,  2.556873e+02
  1.442749e+01,  2.757163e+02
  8.071776e+00,  3.177025e+02
  1.000642e+01,  1.484061e+01
  1.504609e+01,  2.420727e+01
  1.410042e+01,  1.160093e+01
  3.491655e+00,  2.733295e+02
##END=