##TITLE= twqubit_encoding3_C_nobufferfix6
##JCAMP-DX= 5.00 Bruker JCAMP library
##DATA TYPE= Shape Data
##ORIGIN= Colm Fixed Pulses 
##OWNER= d29lu
##DATE= 12-May-2015
##TIME= 16:32
##MINX= 7.806844e-02
##MAXX= 3.664791e+01
##MINY= 1.348672e-01
##MAXY= 3.596140e+02
##$SHAPE_EXMODE= None
##$SHAPE_TOTROT= 9.000000e+01
##$SHAPE_BWFAC= 1.000000e+00
##$SHAPE_INTEGFAC= 1.000000e+00
##$SHAPE_MODE= 1
##NPOINTS= 736
##XYPOINTS= (XY..XY)
  1.881688e+00,  2.565657e+00
  1.545484e+01,  1.252263e+02
  2.105600e+01,  1.710806e+02
  1.924181e+01,  2.419349e+02
  1.331177e+01,  3.296212e+02
  1.916846e+01,  3.291362e+01
  1.690719e+01,  6.432041e+01
  2.943682e+00,  1.078962e+02
  1.046859e+01,  2.641190e+02
  1.357568e+01,  2.982632e+02
  9.378416e+00,  3.569460e+02
  1.096904e+01,  6.789788e+01
  9.997825e+00,  9.531366e+01
  1.431304e+00,  8.875906e+01
  7.068809e+00,  3.159387e+02
  1.092174e+01,  3.409961e+02
  1.369588e+01,  3.180480e+01
  1.923777e+01,  7.981317e+01
  1.814084e+01,  1.208891e+02
  9.944015e+00,  2.031188e+02
  1.997758e+01,  2.984914e+02
  2.623570e+01,  3.364267e+02
  1.852867e+01,  1.704448e+01
  1.502212e+01,  9.428982e+01
  1.937655e+01,  1.277216e+02
  1.413674e+01,  1.028114e+02
  1.712894e+01,  4.680467e+01
  1.911080e+01,  3.178100e+01
  9.801879e+00,  2.571776e+01
  3.902775e+00,  2.164869e+02
  1.041594e+01,  1.905106e+02
  1.073490e+01,  1.513977e+02
  1.346218e+01,  1.049687e+02
  1.602826e+01,  7.483745e+01
  1.437000e+01,  3.594292e+01
  1.433143e+01,  3.525138e+02
  1.225781e+01,  3.154094e+02
  1.150797e+01,  2.630939e+02
  1.427771e+01,  2.268560e+02
  1.279800e+01,  2.038791e+02
  9.285225e+00,  1.622250e+02
  1.142736e+01,  1.386522e+02
  1.338021e+01,  1.639278e+02
  1.514938e+01,  2.086315e+02
  1.461109e+01,  2.551493e+02
  1.333198e+01,  3.182856e+02
  1.639904e+01,  1.010747e+01
  1.372897e+01,  2.211231e+01
  8.606267e+00,  3.169030e+02
  2.002889e+01,  2.844793e+02
  2.315023e+01,  2.882993e+02
  1.111202e+01,  2.907863e+02
  5.519925e+00,  1.048159e+02
  1.534638e+01,  1.103446e+02
  1.390890e+01,  1.186894e+02
  5.374305e+00,  1.172653e+02
  2.215871e+00,  4.444712e+01
  4.007640e+00,  5.417461e+01
  4.503897e+00,  7.837386e+01
  1.503279e+00,  1.667044e+02
  8.938720e+00,  2.520519e+02
  1.604225e+01,  2.625423e+02
  1.371104e+01,  2.609935e+02
  4.166271e+00,  1.935352e+02
  1.258564e+01,  1.235082e+02
  1.378081e+01,  1.169566e+02
  3.010407e+00,  1.924130e+01
  2.028829e+01,  3.251189e+02
  2.736733e+01,  3.302759e+02
  1.456475e+01,  3.378319e+02
  1.128222e+01,  1.323094e+02
  2.964180e+01,  1.456714e+02
  2.565019e+01,  1.436381e+02
  9.912442e+00,  7.032809e+01
  2.319760e+01,  1.043206e+01
  1.980885e+01,  2.237445e+01
  9.753808e+00,  1.158854e+02
  2.050648e+01,  1.803312e+02
  1.612811e+01,  2.144445e+02
  1.016918e+01,  3.247486e+02
  2.268357e+01,  2.873412e+01
  2.823185e+01,  6.528556e+01
  3.133096e+01,  9.362566e+01
  3.454373e+01,  1.065622e+02
  3.664791e+01,  1.080646e+02
  3.578528e+01,  1.061473e+02
  2.954948e+01,  1.173945e+02
  1.397791e+01,  1.571679e+02
  1.095860e+01,  2.712917e+02
  1.602318e+01,  3.310799e+02
  1.674147e+01,  5.211261e+01
  2.925789e+01,  1.102022e+02
  3.472311e+01,  1.386703e+02
  2.323524e+01,  1.710105e+02
  1.385792e+01,  2.605833e+02
  2.918594e+01,  3.252752e+02
  3.362592e+01,  3.559099e+02
  2.439240e+01,  3.081540e+01
  1.532850e+01,  1.110470e+02
  8.605678e+00,  2.460291e+02
  4.486992e+00,  6.045417e+01
  2.210305e+00,  2.391388e+02
  8.224015e-01,  4.844026e+01
  4.593513e-01,  2.684832e+02
  1.828937e-01,  7.297248e+01
  3.813395e-01,  2.855394e+02
  1.731904e-01,  7.100838e+01
  3.327083e-01,  2.855344e+02
  1.559295e-01,  5.592920e+01
  2.939063e-01,  2.869525e+02
  1.298575e-01,  4.063790e+01
  2.419458e-01,  2.921106e+02
  1.180140e-01,  1.743682e+01
  2.005713e-01,  2.965721e+02
  1.286506e-01,  3.574467e+02
  1.596214e-01,  3.093639e+02
  1.317011e-01,  3.415192e+02
  1.391626e-01,  3.179189e+02
  1.552514e-01,  3.281654e+02
  1.102511e-01,  3.330381e+02
  1.662043e-01,  3.193626e+02
  1.058884e-01,  3.413387e+02
  1.919982e-01,  3.159633e+02
  9.213053e-02,  3.567102e+02
  1.851924e-01,  3.107892e+02
  1.068087e-01,  3.528308e+02
  1.909293e-01,  3.123306e+02
  9.877272e-02,  1.781181e+00
  1.866385e-01,  3.068938e+02
  1.108794e-01,  3.542182e+02
  1.889591e-01,  3.085409e+02
  1.105628e-01,  3.596140e+02
  1.693788e-01,  3.102592e+02
  1.266668e-01,  3.462530e+02
  1.572254e-01,  3.134733e+02
  1.184899e-01,  3.458737e+02
  1.515433e-01,  3.164094e+02
  1.448871e-01,  3.348749e+02
  1.393197e-01,  3.215197e+02
  1.499413e-01,  3.268855e+02
  1.184239e-01,  3.309104e+02
  1.598364e-01,  3.215516e+02
  1.238997e-01,  3.356496e+02
  1.541113e-01,  3.199476e+02
  1.188379e-01,  3.356508e+02
  1.525824e-01,  3.200574e+02
  1.199761e-01,  3.388738e+02
  1.613644e-01,  3.178977e+02
  1.085111e-01,  3.419090e+02
  1.810362e-01,  3.179510e+02
  1.137787e-01,  3.413625e+02
  1.570585e-01,  3.206755e+02
  1.245667e-01,  3.368340e+02
  1.559629e-01,  3.196550e+02
  1.238894e-01,  3.389936e+02
  1.561445e-01,  3.189553e+02
  1.325955e-01,  3.367556e+02
  1.284213e-01,  3.190600e+02
  1.484231e-01,  3.357241e+02
  1.333819e-01,  3.225713e+02
  1.462376e-01,  3.290694e+02
  1.409920e-01,  3.257878e+02
  1.506446e-01,  3.245073e+02
  1.308811e-01,  3.281577e+02
  1.513149e-01,  3.256772e+02
  1.262667e-01,  3.347604e+02
  1.496006e-01,  3.218069e+02
  1.239924e-01,  3.351710e+02
  1.548867e-01,  3.215748e+02
  1.249439e-01,  3.363754e+02
  1.534754e-01,  3.197810e+02
  1.205681e-01,  3.348457e+02
  1.624008e-01,  3.209505e+02
  1.236285e-01,  3.342833e+02
  1.472611e-01,  3.241249e+02
  1.297461e-01,  3.320497e+02
  1.410951e-01,  3.234740e+02
  1.420955e-01,  3.308026e+02
  1.278515e-01,  3.265855e+02
  1.377088e-01,  3.290549e+02
  1.431312e-01,  3.243477e+02
  1.479538e-01,  3.305113e+02
  1.264519e-01,  3.253476e+02
  1.510841e-01,  3.278688e+02
  1.314239e-01,  3.266132e+02
  1.488019e-01,  3.293448e+02
  1.322573e-01,  3.272476e+02
  1.493074e-01,  3.261814e+02
  1.296225e-01,  3.309053e+02
  1.533876e-01,  3.241735e+02
  1.275614e-01,  3.325128e+02
  1.513425e-01,  3.203953e+02
  1.347940e-01,  3.335257e+02
  1.387887e-01,  3.233988e+02
  1.362243e-01,  3.293091e+02
  1.388814e-01,  3.255162e+02
  1.424018e-01,  3.296117e+02
  1.403962e-01,  3.224063e+02
  1.379705e-01,  3.300635e+02
  1.403025e-01,  3.239729e+02
  1.412014e-01,  3.309172e+02
  1.385039e-01,  3.270315e+02
  1.463444e-01,  3.278613e+02
  1.321650e-01,  3.273159e+02
  1.376211e-01,  3.304380e+02
  1.272426e-01,  3.296175e+02
  1.437778e-01,  3.276978e+02
  1.375090e-01,  3.269405e+02
  1.465463e-01,  3.246935e+02
  1.357063e-01,  3.309327e+02
  1.449961e-01,  3.266420e+02
  1.366587e-01,  3.283772e+02
  1.484501e-01,  3.252015e+02
  1.376355e-01,  3.268136e+02
  1.507698e-01,  3.250599e+02
  1.226540e-01,  3.314340e+02
  1.498748e-01,  3.231699e+02
  1.474967e-01,  3.296100e+02
  1.374355e-01,  3.269732e+02
  1.440148e-01,  3.265486e+02
  1.490143e-01,  3.282184e+02
  1.397824e-01,  3.284401e+02
  1.298153e-01,  3.270034e+02
  1.462832e-01,  3.268843e+02
  1.247399e-01,  3.297848e+02
  1.517082e-01,  3.292590e+02
  1.315526e-01,  3.278144e+02
  1.439313e-01,  3.291194e+02
  1.306487e-01,  3.269709e+02
  1.508268e-01,  3.277816e+02
  1.169720e-01,  3.276342e+02
  1.446372e-01,  3.272014e+02
  1.325119e-01,  3.287681e+02
  1.445093e-01,  3.295435e+02
  1.269399e-01,  3.269027e+02
  1.375974e-01,  3.285324e+02
  1.350454e-01,  3.285221e+02
  1.393161e-01,  3.303004e+02
  1.459180e-01,  3.260489e+02
  1.419440e-01,  3.261381e+02
  1.535419e-01,  3.241959e+02
  1.267391e-01,  3.258457e+02
  1.505452e-01,  3.292995e+02
  1.252663e-01,  3.278536e+02
  1.452955e-01,  3.270637e+02
  1.192918e-01,  3.320573e+02
  1.593759e-01,  3.228748e+02
  1.210943e-01,  3.308693e+02
  1.499683e-01,  3.284368e+02
  1.223821e-01,  3.302039e+02
  1.455675e-01,  3.319685e+02
  1.266602e-01,  3.211113e+02
  1.464005e-01,  3.350716e+02
  1.249703e-01,  3.217410e+02
  1.543804e-01,  3.312847e+02
  1.320992e-01,  3.189886e+02
  1.421303e-01,  3.397235e+02
  1.271591e-01,  3.153146e+02
  1.497750e-01,  3.390205e+02
  1.369962e-01,  3.130619e+02
  1.441243e-01,  3.407089e+02
  1.502014e-01,  3.167000e+02
  1.396752e-01,  3.374170e+02
  1.590205e-01,  3.156056e+02
  1.116802e-01,  3.466138e+02
  1.681857e-01,  3.095748e+02
  1.141264e-01,  3.502203e+02
  1.843046e-01,  3.095209e+02
  1.024466e+00,  9.468340e+01
  1.395158e+01,  1.311280e+02
  2.119885e+01,  1.427766e+02
  1.540908e+01,  2.038698e+02
  2.233087e+01,  2.831388e+02
  3.448669e+01,  3.202485e+02
  2.480088e+01,  3.288031e+02
  7.748555e+00,  2.840382e+02
  1.638095e+01,  1.905358e+02
  2.212195e+01,  1.823675e+02
  1.535157e+01,  1.821603e+02
  1.719215e+00,  1.217405e+02
  1.109088e+01,  2.495930e+01
  1.408556e+01,  2.863263e+01
  6.767317e+00,  3.047571e+01
  5.701734e+00,  2.367394e+02
  1.594445e+01,  2.447955e+02
  1.850105e+01,  2.591785e+02
  1.163899e+01,  2.725834e+02
  1.814267e+00,  3.470511e+02
  8.763278e+00,  7.841296e+01
  1.079419e+01,  8.266823e+01
  6.460172e+00,  5.325632e+01
  9.579836e+00,  3.411943e+02
  1.608346e+01,  3.289088e+02
  1.578593e+01,  3.262940e+02
  9.746141e+00,  3.091776e+02
  7.979504e+00,  2.612258e+02
  9.815234e+00,  2.415208e+02
  7.318594e+00,  2.380098e+02
  6.506750e-01,  1.424196e+02
  1.049994e+01,  7.801166e+01
  2.031155e+01,  8.181091e+01
  2.365082e+01,  8.174691e+01
  1.989367e+01,  8.034514e+01
  1.236330e+01,  8.334938e+01
  4.169790e+00,  1.171706e+02
  6.079860e+00,  2.075929e+02
  1.166281e+01,  2.215069e+02
  1.504011e+01,  2.230013e+02
  1.496737e+01,  2.228626e+02
  1.049684e+01,  2.294330e+02
  3.318234e+00,  2.792510e+02
  7.707949e+00,  2.330969e+01
  1.324301e+01,  5.248265e+01
  1.348445e+01,  8.762315e+01
  1.256628e+01,  1.431645e+02
  1.415102e+01,  1.913007e+02
  1.192684e+01,  2.310308e+02
  8.621290e+00,  2.888204e+02
  7.889646e+00,  3.381328e+02
  2.397264e+00,  4.175309e+01
  9.570056e+00,  1.573704e+02
  1.705998e+01,  1.702556e+02
  1.380572e+01,  1.653397e+02
  7.328159e+00,  8.429741e+01
  1.743903e+01,  4.307079e+01
  1.904169e+01,  4.356240e+01
  1.011944e+01,  7.323120e+01
  1.515303e+01,  1.575352e+02
  2.611340e+01,  1.724567e+02
  2.739153e+01,  1.640445e+02
  2.336802e+01,  1.436182e+02
  1.454135e+01,  1.305484e+02
  3.890675e+00,  1.479721e+02
  4.892146e+00,  2.290686e+02
  8.193757e+00,  2.142030e+02
  1.107121e+01,  1.988068e+02
  1.218403e+01,  2.038082e+02
  1.063269e+01,  2.390940e+02
  1.036282e+01,  2.930894e+02
  1.059092e+01,  3.541012e+02
  1.549867e+01,  5.840878e+01
  2.091660e+01,  9.932528e+01
  1.867475e+01,  1.332845e+02
  1.033729e+01,  1.768934e+02
  6.541862e+00,  2.694954e+02
  9.167524e+00,  3.302158e+02
  6.532029e+00,  5.866743e+00
  2.272322e+00,  1.930313e+02
  1.486160e+01,  2.270759e+02
  2.310882e+01,  2.403585e+02
  1.779386e+01,  2.380050e+02
  4.438139e+00,  1.782696e+02
  1.264171e+01,  7.760887e+01
  1.798456e+01,  6.518326e+01
  1.525355e+01,  3.895354e+01
  1.316299e+01,  3.456606e+02
  1.478595e+01,  3.054486e+02
  1.282721e+01,  2.820009e+02
  7.236319e+00,  2.564788e+02
  2.414135e+00,  2.141203e+02
  1.109068e+00,  6.676126e+01
  3.734468e+00,  2.998232e+01
  4.830556e+00,  2.966937e+01
  3.482723e+00,  6.085911e+01
  5.295562e+00,  1.136072e+02
  8.358110e+00,  1.261698e+02
  8.264615e+00,  1.242854e+02
  4.397207e+00,  1.158216e+02
  4.119803e-01,  1.897266e+02
  4.455211e+00,  2.404678e+02
  9.117131e+00,  2.305384e+02
  1.104179e+01,  2.258560e+02
  7.830408e+00,  2.265176e+02
  3.560242e+00,  2.793877e+02
  7.848934e+00,  3.336630e+02
  1.073998e+01,  3.380840e+02
  7.652859e+00,  3.327162e+02
  1.461912e+00,  3.339070e+02
  4.119563e+00,  9.168666e+01
  9.608537e+00,  7.221691e+01
  1.324003e+01,  5.540456e+01
  1.066998e+01,  3.441672e+01
  3.205184e+00,  3.313534e+02
  9.183504e+00,  2.197244e+02
  1.708905e+01,  1.916708e+02
  2.102428e+01,  1.606695e+02
  2.111508e+01,  1.334686e+02
  1.433962e+01,  1.268268e+02
  6.019843e+00,  1.976351e+02
  1.488837e+01,  2.585738e+02
  1.684816e+01,  2.744055e+02
  8.756136e+00,  2.908843e+02
  1.563745e+00,  3.050573e+01
  3.628536e+00,  1.348318e+02
  8.617290e+00,  1.969932e+02
  1.487838e+01,  2.197476e+02
  1.370422e+01,  2.192916e+02
  7.054568e+00,  1.701592e+02
  1.047073e+01,  9.571246e+01
  1.341364e+01,  7.221823e+01
  8.544526e+00,  3.917171e+01
  9.407445e+00,  3.135213e+02
  1.639354e+01,  2.925262e+02
  1.601973e+01,  3.012523e+02
  1.117245e+01,  3.500885e+02
  1.482541e+01,  5.592781e+01
  1.872270e+01,  9.853927e+01
  2.043627e+01,  1.433871e+02
  2.143245e+01,  1.810107e+02
  1.546009e+01,  2.098128e+02
  5.552396e+00,  2.580439e+02
  5.425055e+00,  3.369193e+02
  4.348328e+00,  3.111017e+02
  9.363210e+00,  2.602430e+02
  1.463600e+01,  2.622866e+02
  1.018692e+01,  2.738408e+02
  2.701653e+00,  7.016683e+01
  1.426617e+01,  1.044606e+02
  1.814277e+01,  1.145267e+02
  1.168649e+01,  1.077951e+02
  5.749560e+00,  3.688495e+01
  1.071156e+01,  3.542237e+02
  1.029010e+01,  3.477938e+02
  3.441201e+00,  2.743651e+02
  1.495506e+01,  2.077067e+02
  2.438768e+01,  2.103856e+02
  2.101197e+01,  2.154371e+02
  5.305455e+00,  1.848531e+02
  1.619356e+01,  6.500950e+01
  2.597648e+01,  6.012064e+01
  2.133197e+01,  5.332978e+01
  1.028637e+01,  1.687181e+01
  8.902736e+00,  3.039031e+02
  7.875735e+00,  2.507066e+02
  1.313253e+01,  1.879507e+02
  2.158830e+01,  1.740245e+02
  2.128232e+01,  1.759693e+02
  1.295913e+01,  1.788149e+02
  4.259673e+00,  1.572011e+02
  5.617745e+00,  1.120477e+02
  1.083556e+01,  1.421790e+02
  1.485973e+01,  1.796925e+02
  1.579909e+01,  2.314662e+02
  2.070947e+01,  2.931792e+02
  2.726909e+01,  3.330813e+02
  2.164712e+01,  3.528227e+02
  4.050322e+00,  2.980201e+02
  1.570970e+01,  2.192537e+02
  1.207139e+01,  2.281164e+02
  8.120462e+00,  3.775195e+01
  2.826159e+01,  6.130324e+01
  2.971013e+01,  7.167690e+01
  1.215892e+01,  6.285040e+01
  9.822957e+00,  2.758086e+02
  1.954189e+01,  2.569207e+02
  1.735441e+01,  2.315137e+02
  1.753154e+01,  1.692934e+02
  2.467553e+01,  1.375016e+02
  2.319736e+01,  1.290181e+02
  1.006080e+01,  1.227460e+02
  6.500624e+00,  3.560053e+02
  1.258051e+01,  3.378475e+02
  7.413307e+00,  3.053149e+02
  1.463577e+01,  2.337284e+02
  2.554719e+01,  2.392468e+02
  1.975236e+01,  2.490716e+02
  5.414004e+00,  6.389256e+01
  2.250922e+00,  2.798294e+02
  5.234352e-01,  1.354689e+02
  4.174019e-01,  3.539405e+02
  1.020698e-01,  2.348096e+02
  2.846613e-01,  3.025667e+02
  1.239340e-01,  4.939261e+01
  2.614343e-01,  2.900862e+02
  1.200237e-01,  4.045637e+01
  2.187551e-01,  2.943597e+02
  1.101331e-01,  1.983900e+01
  2.032882e-01,  3.022318e+02
  1.018928e-01,  1.081325e+01
  1.925463e-01,  3.066511e+02
  9.490388e-02,  1.348672e-01
  1.595807e-01,  3.136067e+02
  1.180023e-01,  3.389309e+02
  1.475458e-01,  3.215837e+02
  1.326508e-01,  3.296978e+02
  1.303400e-01,  3.300487e+02
  1.538202e-01,  3.233378e+02
  1.132110e-01,  3.382539e+02
  1.540223e-01,  3.165099e+02
  1.137104e-01,  3.457122e+02
  1.618946e-01,  3.152124e+02
  1.176705e-01,  3.461482e+02
  1.670958e-01,  3.105537e+02
  1.150238e-01,  3.518119e+02
  1.638897e-01,  3.098308e+02
  1.174974e-01,  3.458288e+02
  1.439862e-01,  3.191581e+02
  1.236684e-01,  3.413340e+02
  1.531893e-01,  3.179078e+02
  1.245258e-01,  3.378698e+02
  1.554621e-01,  3.189671e+02
  1.221206e-01,  3.345484e+02
  1.474992e-01,  3.220138e+02
  1.172824e-01,  3.372227e+02
  1.558921e-01,  3.184665e+02
  1.272458e-01,  3.354394e+02
  1.385849e-01,  3.233082e+02
  1.440564e-01,  3.280451e+02
  1.251188e-01,  3.330043e+02
  1.389481e-01,  3.232810e+02
  1.299941e-01,  3.306882e+02
  1.465734e-01,  3.240704e+02
  1.152258e-01,  3.387019e+02
  1.564467e-01,  3.210722e+02
  1.223203e-01,  3.385684e+02
  1.530381e-01,  3.177080e+02
  1.221807e-01,  3.382047e+02
  1.510232e-01,  3.203339e+02
  1.341421e-01,  3.344900e+02
  1.474723e-01,  3.199667e+02
  1.248955e-01,  3.367894e+02
  1.492833e-01,  3.196838e+02
  1.253526e-01,  3.372065e+02
  1.402243e-01,  3.225657e+02
  1.390051e-01,  3.303850e+02
  1.424402e-01,  3.283315e+02
  1.224944e-01,  3.299668e+02
  1.349160e-01,  3.266765e+02
  1.336376e-01,  3.280752e+02
  1.328581e-01,  3.297492e+02
  1.366055e-01,  3.244494e+02
  1.252993e-01,  3.307508e+02
  1.471160e-01,  3.240980e+02
  1.254254e-01,  3.303544e+02
  1.511525e-01,  3.233355e+02
  1.277840e-01,  3.340948e+02
  1.391348e-01,  3.237209e+02
  1.435542e-01,  3.301870e+02
  1.444854e-01,  3.256967e+02
  1.250085e-01,  3.326767e+02
  1.499304e-01,  3.244466e+02
  1.279690e-01,  3.304260e+02
  1.435658e-01,  3.266961e+02
  1.278044e-01,  3.288590e+02
  1.449962e-01,  3.249143e+02
  1.356297e-01,  3.318075e+02
  1.397563e-01,  3.210824e+02
  1.431622e-01,  3.289493e+02
  1.452284e-01,  3.259812e+02
  1.204415e-01,  3.319527e+02
  1.406695e-01,  3.277922e+02
  1.393696e-01,  3.266917e+02
  1.429325e-01,  3.310827e+02
  1.252899e-01,  3.263504e+02
  1.295518e-01,  3.282804e+02
  1.439674e-01,  3.278304e+02
  1.229914e-01,  3.311541e+02
  1.386370e-01,  3.276635e+02
  1.263085e-01,  3.278008e+02
  1.458805e-01,  3.254648e+02
  1.140491e-01,  3.336907e+02
  1.523314e-01,  3.233316e+02
  1.193687e-01,  3.339681e+02
  1.489678e-01,  3.246258e+02
  1.291394e-01,  3.321015e+02
  1.356367e-01,  3.273244e+02
  1.349451e-01,  3.280089e+02
  1.429159e-01,  3.277497e+02
  1.306556e-01,  3.253810e+02
  1.532309e-01,  3.273650e+02
  1.229364e-01,  3.278250e+02
  1.308113e-01,  3.297844e+02
  1.437748e-01,  3.247079e+02
  1.339971e-01,  3.326069e+02
  1.446867e-01,  3.250918e+02
  1.269004e-01,  3.338834e+02
  1.409597e-01,  3.284794e+02
  1.283197e-01,  3.261325e+02
  1.492352e-01,  3.287457e+02
  1.392103e-01,  3.226713e+02
  1.412224e-01,  3.311221e+02
  1.277368e-01,  3.221949e+02
  1.483325e-01,  3.273503e+02
  1.274382e-01,  3.274116e+02
  1.448103e-01,  3.306445e+02
  1.254767e-01,  3.261262e+02
  1.406527e-01,  3.303281e+02
  1.411202e-01,  3.256066e+02
  1.485885e-01,  3.306574e+02
  1.195320e-01,  3.238272e+02
  1.521791e-01,  3.266631e+02
  1.228950e-01,  3.301001e+02
  1.472697e-01,  3.241066e+02
  1.357189e-01,  3.298402e+02
  1.403767e-01,  3.255818e+02
  1.337267e-01,  3.262673e+02
  1.275308e-01,  3.259713e+02
  1.372373e-01,  3.303730e+02
  1.381234e-01,  3.218206e+02
  1.487686e-01,  3.307600e+02
  1.296732e-01,  3.235952e+02
  1.364035e-01,  3.324311e+02
  1.224984e-01,  3.231786e+02
  1.560487e-01,  3.335696e+02
  1.140461e-01,  3.257243e+02
  1.518455e-01,  3.317767e+02
  1.209788e-01,  3.212059e+02
  1.533596e-01,  3.324544e+02
  1.147047e-01,  3.251785e+02
  1.593961e-01,  3.280428e+02
  1.133591e-01,  3.242644e+02
  1.605878e-01,  3.266614e+02
  1.131979e-01,  3.285361e+02
  1.498219e-01,  3.289141e+02
  1.271590e-01,  3.293805e+02
  1.434837e-01,  3.247410e+02
  1.247639e-01,  3.356542e+02
  1.336406e-01,  3.192149e+02
  1.551687e-01,  3.338099e+02
  1.110642e-01,  3.189635e+02
  1.533114e-01,  3.354107e+02
  1.186906e-01,  3.155456e+02
  1.671380e-01,  3.380759e+02
  1.034870e-01,  3.103105e+02
  1.843737e-01,  3.379804e+02
  1.061382e-01,  3.046679e+02
  1.854428e-01,  3.395373e+02
  1.084043e-01,  3.035345e+02
  1.992595e-01,  3.404419e+02
  1.101742e-01,  2.931569e+02
  2.167159e-01,  3.391574e+02
  7.806844e-02,  2.952290e+02
  2.053244e-01,  3.408244e+02
  8.998104e-02,  2.987524e+02
  2.014667e-01,  3.397723e+02
  9.238497e-02,  2.967000e+02
  2.655890e+00,  3.498813e+02
  5.741493e+00,  2.423148e+02
  5.264948e+00,  1.882130e+02
  1.321935e+01,  9.750425e+01
  2.014002e+01,  7.327097e+01
  1.815031e+01,  5.245504e+01
  1.016888e+01,  1.732504e+00
  1.151410e+01,  2.860877e+02
  1.355352e+01,  2.477883e+02
  1.210363e+01,  2.022670e+02
  1.374839e+01,  1.565777e+02
  1.471933e+01,  1.345599e+02
  1.048964e+01,  1.293820e+02
  4.699544e+00,  1.646443e+02
  6.328128e+00,  2.232441e+02
  6.627096e+00,  2.377166e+02
  2.498253e+00,  2.754110e+02
  5.087853e+00,  1.038789e+01
  7.430741e+00,  9.226069e+00
  5.887901e+00,  3.200201e+02
  1.235349e+01,  2.626485e+02
  1.876742e+01,  2.510716e+02
  1.536069e+01,  2.400617e+02
  6.814647e+00,  1.807722e+02
  1.417348e+01,  1.228300e+02
  1.710846e+01,  1.232647e+02
  9.406501e+00,  1.400807e+02
  6.178041e+00,  2.657345e+02
  1.608511e+01,  3.039187e+02
  1.851699e+01,  3.242436e+02
  1.305672e+01,  3.414601e+02
  4.768716e+00,  3.467835e+02
  1.457555e+00,  2.540410e+02
  1.664697e+00,  2.404575e+02
  3.011087e+00,  9.826342e+01
  1.390237e+01,  1.094649e+02
  2.374048e+01,  1.247019e+02
  2.372836e+01,  1.445321e+02
  1.555700e+01,  1.884341e+02
  1.775820e+01,  2.642772e+02
  2.330871e+01,  3.033752e+02
  1.736200e+01,  3.311151e+02
  7.273911e+00,  3.816433e+01
  1.213442e+01,  1.195081e+02
  1.258574e+01,  1.451453e+02
  5.395865e+00,  1.734598e+02
  3.421132e+00,  2.933829e+02
  4.709166e+00,  3.165967e+02
  1.614304e+00,  3.251479e+02
  1.556033e+00,  1.496727e+02
  2.203995e+00,  1.307151e+02
  2.659642e+00,  8.131155e+01
  3.599642e+00,  7.236423e+01
  3.726999e+00,  1.175384e+02
  6.650677e+00,  1.649418e+02
  7.379698e+00,  1.798455e+02
  1.762042e+00,  1.699562e+02
  6.712063e+00,  2.356651e+01
  1.154799e+01,  2.442451e+01
  7.486224e+00,  1.711158e+01
  4.297298e+00,  2.341880e+02
  1.370160e+01,  2.140416e+02
  1.608928e+01,  1.986795e+02
  1.276130e+01,  1.586021e+02
  1.400086e+01,  1.088271e+02
  1.465105e+01,  7.183154e+01
  1.292923e+01,  2.670805e+01
  1.458116e+01,  3.391785e+02
  1.577992e+01,  3.074411e+02
  1.399217e+01,  2.803723e+02
  9.548789e+00,  2.533006e+02
  2.723269e+00,  2.126943e+02
  5.590718e+00,  7.974863e+01
  1.140754e+01,  7.702844e+01
  1.315915e+01,  8.545328e+01
  1.094860e+01,  9.646137e+01
  8.331246e+00,  9.057131e+01
  8.768205e+00,  6.124471e+01
  1.278922e+01,  4.287580e+01
  1.266358e+01,  3.404798e+01
  6.957196e+00,  3.277405e+00
  7.729814e+00,  2.769506e+02
  1.246856e+01,  2.591774e+02
  9.571916e+00,  2.452959e+02
  3.046760e+00,  1.533171e+02
  1.061368e+01,  9.980833e+01
  1.417221e+01,  9.103136e+01
  1.169072e+01,  7.383607e+01
  9.487289e+00,  4.303548e+01
  7.443251e+00,  2.723558e+01
  1.379078e+00,  2.889457e+01
  6.968505e+00,  2.184305e+02
  1.533758e+01,  2.363449e+02
  1.851685e+01,  2.557238e+02
  1.436280e+01,  2.755337e+02
  8.069451e+00,  3.173793e+02
  1.000910e+01,  1.452542e+01
  1.505685e+01,  2.414699e+01
  1.404276e+01,  1.160884e+01
  3.401064e+00,  2.728914e+02
##END=