##TITLE= twqubit_C57180_C_25000.txt
##JCAMP-DX= 5.00 Bruker JCAMP library
##DATA TYPE= Shape Data
##ORIGIN= Colm's GRAPE Pulses 
##OWNER= Dawei.Lu
##DATE= 22-Dec-2014
##TIME= 11:25
##MINX= 5.506349e-01
##MAXX= 3.228989e+01
##MINY= 1.194399e-01
##MAXY= 3.591794e+02
##$SHAPE_EXMODE= None
##$SHAPE_TOTROT= 9.000000e+01
##$SHAPE_BWFAC= 1.000000e+00
##$SHAPE_INTEGFAC= 1.000000e+00
##$SHAPE_MODE= 1
##PULSE_WIDTH= 2000
##Calibration_Power= 25000
##NPOINTS= 200
##XYPOINTS= (XY..XY)
  5.957846e-01,  1.779263e+01
  7.189716e+00,  5.677440e+01
  8.928477e+00,  7.689079e+01
  5.924216e+00,  2.208938e+02
  1.773419e+01,  2.669269e+02
  2.122700e+01,  2.907058e+02
  1.384741e+01,  3.208895e+02
  7.221346e+00,  6.204371e+01
  1.611527e+01,  1.215513e+02
  1.789625e+01,  1.389099e+02
  1.117961e+01,  1.421733e+02
  4.665884e+00,  9.518113e+01
  6.617034e+00,  5.196825e+01
  3.910902e+00,  5.404439e+01
  4.430785e+00,  2.486332e+02
  1.166080e+01,  2.610211e+02
  1.147622e+01,  2.787132e+02
  3.476779e+00,  2.816115e+02
  9.661829e+00,  1.611899e+02
  1.855673e+01,  1.755135e+02
  1.564045e+01,  2.003611e+02
  1.046584e+01,  2.910989e+02
  2.470506e+01,  3.444674e+02
  3.009905e+01,  1.194399e-01
  1.980112e+01,  7.155067e+00
  2.885159e+00,  3.409836e+02
  9.488162e+00,  2.109273e+02
  9.455402e+00,  1.990755e+02
  6.496087e+00,  1.400598e+02
  9.743705e+00,  1.082240e+02
  7.131129e+00,  1.271207e+02
  6.098924e+00,  2.254619e+02
  1.125065e+01,  2.716097e+02
  9.700701e+00,  3.120550e+02
  9.792504e+00,  3.313759e+01
  1.596234e+01,  7.511921e+01
  1.430822e+01,  9.260801e+01
  3.981896e+00,  1.093956e+02
  6.581184e+00,  2.782853e+02
  8.704391e+00,  2.768609e+02
  4.943281e+00,  2.198566e+02
  1.021216e+01,  1.604118e+02
  1.089625e+01,  1.491824e+02
  2.427621e+00,  1.088513e+02
  1.125859e+01,  3.445548e+02
  1.834592e+01,  3.411008e+02
  1.520736e+01,  3.439927e+02
  6.010144e+00,  2.486822e+01
  1.200505e+01,  1.109254e+02
  1.866709e+01,  1.249363e+02
  1.467267e+01,  1.424654e+02
  6.754808e+00,  2.243570e+02
  1.566512e+01,  2.944385e+02
  1.716360e+01,  3.182462e+02
  7.322422e+00,  1.747446e+01
  1.852044e+01,  1.202910e+02
  3.228989e+01,  1.361709e+02
  3.178101e+01,  1.387152e+02
  1.732973e+01,  1.374864e+02
  2.442418e+00,  3.469884e+02
  1.519634e+01,  3.272975e+02
  1.609304e+01,  3.228769e+02
  1.053148e+01,  2.981903e+02
  1.100791e+01,  2.571907e+02
  1.232199e+01,  2.542074e+02
  8.371626e+00,  2.728187e+02
  2.747966e+00,  3.571508e+02
  8.798061e+00,  8.823023e+01
  1.505254e+01,  1.091809e+02
  1.638360e+01,  1.211055e+02
  1.100339e+01,  1.288664e+02
  1.055343e+00,  1.048333e+02
  8.505971e+00,  3.180787e+02
  1.298874e+01,  3.048388e+02
  1.313993e+01,  2.860412e+02
  1.067749e+01,  2.664540e+02
  6.233238e+00,  2.433686e+02
  2.219056e+00,  1.652757e+02
  5.269913e+00,  8.402031e+01
  7.687014e+00,  6.604482e+01
  7.465739e+00,  5.544273e+01
  5.713581e+00,  4.251050e+01
  3.749467e+00,  2.110749e+01
  2.722368e+00,  3.454446e+02
  2.455308e+00,  3.242938e+02
  5.997669e-01,  3.414820e+02
  3.978640e+00,  1.394567e+02
  9.655372e+00,  1.495606e+02
  1.282330e+01,  1.638904e+02
  1.072495e+01,  1.941732e+02
  8.708672e+00,  2.655431e+02
  1.303832e+01,  3.249468e+02
  1.320287e+01,  3.092063e+00
  8.868866e+00,  6.675958e+01
  1.302310e+01,  1.418134e+02
  1.609199e+01,  1.755186e+02
  1.086572e+01,  2.096873e+02
  7.820673e+00,  2.950691e+02
  1.322484e+01,  3.371772e+02
  1.290498e+01,  3.426926e+02
  8.131168e+00,  3.265844e+02
  3.623621e+00,  2.910798e+02
  3.167407e+00,  1.187421e+02
  1.264723e+01,  1.028133e+02
  1.942977e+01,  1.048096e+02
  1.790898e+01,  1.157619e+02
  9.705525e+00,  1.429955e+02
  4.969366e+00,  2.223602e+02
  4.155245e+00,  2.777027e+02
  2.370899e+00,  8.222453e+01
  9.142831e+00,  1.197217e+02
  1.071288e+01,  1.477345e+02
  8.712945e+00,  2.012492e+02
  1.115293e+01,  2.573304e+02
  1.140063e+01,  2.781621e+02
  5.565664e+00,  2.637852e+02
  6.512445e+00,  1.787902e+02
  8.838009e+00,  1.732271e+02
  3.413716e+00,  2.113659e+02
  8.564429e+00,  3.351769e+02
  1.508982e+01,  3.537343e+02
  1.385443e+01,  1.025692e+01
  8.451448e+00,  4.339080e+01
  6.847340e+00,  9.640197e+01
  5.700196e+00,  1.105350e+02
  3.469590e+00,  4.552211e+01
  8.024799e+00,  4.055476e-01
  9.581361e+00,  3.577950e+02
  5.394050e+00,  1.375126e+01
  4.567336e+00,  1.155501e+02
  1.050754e+01,  1.323232e+02
  1.457635e+01,  1.230133e+02
  1.752072e+01,  1.118765e+02
  1.760523e+01,  1.086143e+02
  1.215825e+01,  1.182427e+02
  5.072204e+00,  1.852111e+02
  1.184507e+01,  2.581887e+02
  1.763912e+01,  2.685475e+02
  1.676335e+01,  2.656764e+02
  1.067073e+01,  2.505683e+02
  6.176068e+00,  1.966300e+02
  7.808742e+00,  1.540866e+02
  6.138586e+00,  1.396438e+02
  2.458570e+00,  5.702295e+01
  8.412716e+00,  5.460097e+00
  1.293823e+01,  8.858168e+00
  1.292987e+01,  2.143884e+01
  8.654638e+00,  4.737895e+01
  6.388965e+00,  1.277131e+02
  1.373156e+01,  1.760307e+02
  1.998415e+01,  1.897284e+02
  2.070485e+01,  1.932565e+02
  1.604101e+01,  1.886718e+02
  9.594984e+00,  1.712569e+02
  5.545855e+00,  1.429240e+02
  2.669503e+00,  1.720621e+02
  8.219201e+00,  2.450568e+02
  1.700748e+01,  2.543787e+02
  2.116020e+01,  2.587371e+02
  1.769987e+01,  2.637376e+02
  9.747171e+00,  2.758659e+02
  4.217124e+00,  3.162573e+02
  3.004105e+00,  3.369232e+02
  4.050470e+00,  2.635126e+02
  9.811448e+00,  2.352816e+02
  1.417689e+01,  2.274225e+02
  1.398108e+01,  2.282295e+02
  9.281461e+00,  2.474089e+02
  8.357377e+00,  3.172179e+02
  1.522432e+01,  3.551974e+02
  1.799737e+01,  1.666450e+01
  1.416203e+01,  4.143651e+01
  7.111731e+00,  7.795710e+01
  3.678544e+00,  1.693012e+02
  5.641272e+00,  2.238937e+02
  5.340573e+00,  2.379749e+02
  3.431475e+00,  2.239643e+02
  3.228960e+00,  1.790842e+02
  3.771363e+00,  1.591722e+02
  2.480580e+00,  1.357914e+02
  3.111130e+00,  4.629407e+01
  7.420856e+00,  2.726739e+01
  9.946366e+00,  2.610005e+01
  8.021831e+00,  2.651133e+01
  1.501810e+00,  3.591794e+02
  7.676367e+00,  2.269210e+02
  1.322844e+01,  2.291567e+02
  1.127631e+01,  2.331912e+02
  3.200602e+00,  2.091933e+02
  7.509384e+00,  9.736991e+01
  1.060108e+01,  9.674117e+01
  4.823409e+00,  8.932409e+01
  7.066721e+00,  3.216516e+02
  1.484096e+01,  3.234272e+02
  1.372742e+01,  3.315888e+02
  4.434846e+00,  3.224003e+02
  7.891025e+00,  2.005249e+02
  1.177058e+01,  2.120937e+02
  4.213175e+00,  2.746280e+02
  5.506349e-01,  4.666441e+01
##END=
