##TITLE= twqubit_encoding2_C
##JCAMP-DX= 5.00 Bruker JCAMP library
##DATA TYPE= Shape Data
##ORIGIN= Dawei's GRAPE Pulses 
##OWNER= Dawei
##DATE= 11-Mar-2015
##TIME= 12:51
##MINX= 0.000000e+00
##MAXX= 6.261974e+01
##MINY= 0.000000e+00
##MAXY= 3.590309e+02
##$SHAPE_EXMODE= None
##$SHAPE_TOTROT= 9.000000e+01
##$SHAPE_BWFAC= 1.000000e+00
##$SHAPE_INTEGFAC= 1.000000e+00
##$SHAPE_MODE= 1
##PULSE_WIDTH= 2.128000e-02
##Calibration_Power= 25000
##NPOINTS= 2128
##XYPOINTS= (XY..XY)
  2.051976e+00,  3.594650e+01
  1.657115e+01,  7.489870e+01
  3.288934e+01,  1.254337e+02
  4.168968e+01,  1.650165e+02
  2.549503e+01,  1.740355e+02
  1.440432e+01,  1.369787e+02
  9.300130e+00,  9.750080e+01
  8.736879e+00,  3.423382e+02
  2.144758e+01,  3.022423e+02
  2.656158e+01,  2.816182e+02
  1.906873e+01,  2.632860e+02
  1.364678e+01,  1.890207e+02
  2.483271e+01,  1.510737e+02
  2.056735e+01,  1.353239e+02
  6.807500e+00,  8.152670e+01
  1.076609e+01,  3.312598e+02
  1.759333e+01,  2.869884e+02
  1.758525e+01,  2.792350e+02
  3.299453e+00,  1.417690e+00
  1.986280e+01,  1.083615e+02
  2.342039e+01,  1.314909e+02
  7.635488e+00,  1.840623e+02
  1.771892e+01,  3.152797e+02
  2.379096e+01,  3.350060e+02
  1.492538e+01,  3.280705e+02
  1.225254e+01,  3.070465e+02
  1.707885e+01,  3.311616e+02
  1.940550e+01,  3.496385e+02
  8.132729e+00,  3.369031e+02
  1.514881e+01,  2.223536e+02
  2.456380e+01,  2.096023e+02
  1.805839e+01,  1.818299e+02
  1.847746e+01,  1.350903e+02
  1.860161e+01,  1.407381e+02
  1.428760e+01,  2.002293e+02
  1.989041e+01,  2.578872e+02
  1.904269e+01,  2.874497e+02
  1.026923e+01,  3.148926e+02
  3.486969e+00,  3.193680e+02
  1.159931e+01,  2.660707e+02
  2.761746e+01,  2.769030e+02
  3.070416e+01,  2.950063e+02
  1.392051e+01,  3.335645e+02
  1.643756e+01,  1.043804e+02
  2.566366e+01,  1.360670e+02
  1.207189e+01,  1.609887e+02
  1.291248e+01,  3.374297e+02
  2.539666e+01,  8.689800e-01
  1.553814e+01,  2.888480e+01
  1.184671e+01,  1.634711e+02
  2.739246e+01,  1.940566e+02
  2.694555e+01,  1.919930e+02
  2.086809e+01,  1.663446e+02
  1.228194e+01,  1.524837e+02
  4.675224e+00,  2.944380e+02
  1.514232e+01,  3.074269e+02
  1.226212e+01,  2.921612e+02
  8.893565e+00,  2.256466e+02
  1.547255e+01,  1.871976e+02
  1.622329e+01,  1.681061e+02
  8.612269e+00,  1.385328e+02
  6.443975e+00,  3.586486e+02
  1.918278e+01,  3.267415e+02
  2.601787e+01,  3.162385e+02
  1.962209e+01,  3.181465e+02
  4.512051e+00,  6.158080e+01
  2.346608e+01,  1.276019e+02
  3.036733e+01,  1.397391e+02
  1.931267e+01,  1.641133e+02
  1.265763e+01,  2.562529e+02
  1.834783e+01,  3.048402e+02
  9.012556e+00,  3.393421e+02
  9.207726e+00,  1.178344e+02
  1.602565e+01,  1.334474e+02
  1.185418e+01,  1.199989e+02
  6.921635e+00,  6.850310e+01
  6.447029e+00,  2.401050e+01
  3.081260e+00,  3.267070e+01
  5.056677e+00,  1.340109e+02
  1.060397e+01,  1.422848e+02
  1.392418e+01,  1.485592e+02
  1.731710e+01,  1.644670e+02
  2.379792e+01,  1.721829e+02
  3.037434e+01,  1.669670e+02
  3.125422e+01,  1.609829e+02
  2.314590e+01,  1.494334e+02
  1.397216e+01,  1.058745e+02
  1.195441e+01,  4.388260e+01
  1.111331e+01,  3.362642e+02
  1.442752e+01,  2.838368e+02
  1.188815e+01,  2.469256e+02
  7.047998e+00,  1.614273e+02
  1.418072e+01,  9.717910e+01
  1.818898e+01,  7.012990e+01
  2.070810e+01,  4.350470e+01
  2.629553e+01,  4.573510e+01
  3.074970e+01,  7.981780e+01
  2.945452e+01,  1.332835e+02
  2.166026e+01,  2.199525e+02
  4.622272e+00,  3.191345e+02
  0.000000e+00,  0.000000e+00
  0.000000e+00,  0.000000e+00
  0.000000e+00,  0.000000e+00
  0.000000e+00,  0.000000e+00
  0.000000e+00,  0.000000e+00
  0.000000e+00,  0.000000e+00
  0.000000e+00,  0.000000e+00
  0.000000e+00,  0.000000e+00
  0.000000e+00,  0.000000e+00
  0.000000e+00,  0.000000e+00
  0.000000e+00,  0.000000e+00
  0.000000e+00,  0.000000e+00
  0.000000e+00,  0.000000e+00
  0.000000e+00,  0.000000e+00
  0.000000e+00,  0.000000e+00
  0.000000e+00,  0.000000e+00
  0.000000e+00,  0.000000e+00
  0.000000e+00,  0.000000e+00
  0.000000e+00,  0.000000e+00
  0.000000e+00,  0.000000e+00
  0.000000e+00,  0.000000e+00
  0.000000e+00,  0.000000e+00
  0.000000e+00,  0.000000e+00
  0.000000e+00,  0.000000e+00
  0.000000e+00,  0.000000e+00
  0.000000e+00,  0.000000e+00
  0.000000e+00,  0.000000e+00
  0.000000e+00,  0.000000e+00
  0.000000e+00,  0.000000e+00
  0.000000e+00,  0.000000e+00
  0.000000e+00,  0.000000e+00
  0.000000e+00,  0.000000e+00
  0.000000e+00,  0.000000e+00
  0.000000e+00,  0.000000e+00
  0.000000e+00,  0.000000e+00
  0.000000e+00,  0.000000e+00
  0.000000e+00,  0.000000e+00
  0.000000e+00,  0.000000e+00
  0.000000e+00,  0.000000e+00
  0.000000e+00,  0.000000e+00
  0.000000e+00,  0.000000e+00
  0.000000e+00,  0.000000e+00
  0.000000e+00,  0.000000e+00
  0.000000e+00,  0.000000e+00
  0.000000e+00,  0.000000e+00
  0.000000e+00,  0.000000e+00
  0.000000e+00,  0.000000e+00
  0.000000e+00,  0.000000e+00
  0.000000e+00,  0.000000e+00
  0.000000e+00,  0.000000e+00
  0.000000e+00,  0.000000e+00
  0.000000e+00,  0.000000e+00
  0.000000e+00,  0.000000e+00
  0.000000e+00,  0.000000e+00
  0.000000e+00,  0.000000e+00
  0.000000e+00,  0.000000e+00
  0.000000e+00,  0.000000e+00
  0.000000e+00,  0.000000e+00
  0.000000e+00,  0.000000e+00
  0.000000e+00,  0.000000e+00
  0.000000e+00,  0.000000e+00
  0.000000e+00,  0.000000e+00
  0.000000e+00,  0.000000e+00
  0.000000e+00,  0.000000e+00
  0.000000e+00,  0.000000e+00
  0.000000e+00,  0.000000e+00
  0.000000e+00,  0.000000e+00
  0.000000e+00,  0.000000e+00
  0.000000e+00,  0.000000e+00
  0.000000e+00,  0.000000e+00
  0.000000e+00,  0.000000e+00
  0.000000e+00,  0.000000e+00
  0.000000e+00,  0.000000e+00
  0.000000e+00,  0.000000e+00
  0.000000e+00,  0.000000e+00
  0.000000e+00,  0.000000e+00
  0.000000e+00,  0.000000e+00
  0.000000e+00,  0.000000e+00
  0.000000e+00,  0.000000e+00
  0.000000e+00,  0.000000e+00
  0.000000e+00,  0.000000e+00
  0.000000e+00,  0.000000e+00
  0.000000e+00,  0.000000e+00
  0.000000e+00,  0.000000e+00
  0.000000e+00,  0.000000e+00
  0.000000e+00,  0.000000e+00
  0.000000e+00,  0.000000e+00
  0.000000e+00,  0.000000e+00
  0.000000e+00,  0.000000e+00
  0.000000e+00,  0.000000e+00
  0.000000e+00,  0.000000e+00
  0.000000e+00,  0.000000e+00
  0.000000e+00,  0.000000e+00
  0.000000e+00,  0.000000e+00
  0.000000e+00,  0.000000e+00
  0.000000e+00,  0.000000e+00
  0.000000e+00,  0.000000e+00
  0.000000e+00,  0.000000e+00
  0.000000e+00,  0.000000e+00
  0.000000e+00,  0.000000e+00
  0.000000e+00,  0.000000e+00
  0.000000e+00,  0.000000e+00
  0.000000e+00,  0.000000e+00
  0.000000e+00,  0.000000e+00
  0.000000e+00,  0.000000e+00
  0.000000e+00,  0.000000e+00
  0.000000e+00,  0.000000e+00
  0.000000e+00,  0.000000e+00
  0.000000e+00,  0.000000e+00
  0.000000e+00,  0.000000e+00
  0.000000e+00,  0.000000e+00
  0.000000e+00,  0.000000e+00
  0.000000e+00,  0.000000e+00
  0.000000e+00,  0.000000e+00
  0.000000e+00,  0.000000e+00
  0.000000e+00,  0.000000e+00
  0.000000e+00,  0.000000e+00
  0.000000e+00,  0.000000e+00
  0.000000e+00,  0.000000e+00
  0.000000e+00,  0.000000e+00
  0.000000e+00,  0.000000e+00
  0.000000e+00,  0.000000e+00
  0.000000e+00,  0.000000e+00
  0.000000e+00,  0.000000e+00
  0.000000e+00,  0.000000e+00
  0.000000e+00,  0.000000e+00
  0.000000e+00,  0.000000e+00
  0.000000e+00,  0.000000e+00
  0.000000e+00,  0.000000e+00
  0.000000e+00,  0.000000e+00
  0.000000e+00,  0.000000e+00
  0.000000e+00,  0.000000e+00
  0.000000e+00,  0.000000e+00
  0.000000e+00,  0.000000e+00
  0.000000e+00,  0.000000e+00
  0.000000e+00,  0.000000e+00
  0.000000e+00,  0.000000e+00
  0.000000e+00,  0.000000e+00
  0.000000e+00,  0.000000e+00
  0.000000e+00,  0.000000e+00
  0.000000e+00,  0.000000e+00
  0.000000e+00,  0.000000e+00
  0.000000e+00,  0.000000e+00
  0.000000e+00,  0.000000e+00
  0.000000e+00,  0.000000e+00
  0.000000e+00,  0.000000e+00
  0.000000e+00,  0.000000e+00
  0.000000e+00,  0.000000e+00
  0.000000e+00,  0.000000e+00
  0.000000e+00,  0.000000e+00
  0.000000e+00,  0.000000e+00
  0.000000e+00,  0.000000e+00
  0.000000e+00,  0.000000e+00
  0.000000e+00,  0.000000e+00
  0.000000e+00,  0.000000e+00
  0.000000e+00,  0.000000e+00
  0.000000e+00,  0.000000e+00
  0.000000e+00,  0.000000e+00
  0.000000e+00,  0.000000e+00
  0.000000e+00,  0.000000e+00
  0.000000e+00,  0.000000e+00
  0.000000e+00,  0.000000e+00
  0.000000e+00,  0.000000e+00
  0.000000e+00,  0.000000e+00
  0.000000e+00,  0.000000e+00
  0.000000e+00,  0.000000e+00
  0.000000e+00,  0.000000e+00
  0.000000e+00,  0.000000e+00
  0.000000e+00,  0.000000e+00
  0.000000e+00,  0.000000e+00
  0.000000e+00,  0.000000e+00
  0.000000e+00,  0.000000e+00
  0.000000e+00,  0.000000e+00
  0.000000e+00,  0.000000e+00
  0.000000e+00,  0.000000e+00
  0.000000e+00,  0.000000e+00
  0.000000e+00,  0.000000e+00
  0.000000e+00,  0.000000e+00
  0.000000e+00,  0.000000e+00
  0.000000e+00,  0.000000e+00
  0.000000e+00,  0.000000e+00
  0.000000e+00,  0.000000e+00
  0.000000e+00,  0.000000e+00
  0.000000e+00,  0.000000e+00
  0.000000e+00,  0.000000e+00
  0.000000e+00,  0.000000e+00
  0.000000e+00,  0.000000e+00
  0.000000e+00,  0.000000e+00
  0.000000e+00,  0.000000e+00
  0.000000e+00,  0.000000e+00
  0.000000e+00,  0.000000e+00
  0.000000e+00,  0.000000e+00
  0.000000e+00,  0.000000e+00
  0.000000e+00,  0.000000e+00
  0.000000e+00,  0.000000e+00
  0.000000e+00,  0.000000e+00
  0.000000e+00,  0.000000e+00
  0.000000e+00,  0.000000e+00
  0.000000e+00,  0.000000e+00
  0.000000e+00,  0.000000e+00
  0.000000e+00,  0.000000e+00
  0.000000e+00,  0.000000e+00
  0.000000e+00,  0.000000e+00
  0.000000e+00,  0.000000e+00
  0.000000e+00,  0.000000e+00
  0.000000e+00,  0.000000e+00
  0.000000e+00,  0.000000e+00
  0.000000e+00,  0.000000e+00
  0.000000e+00,  0.000000e+00
  0.000000e+00,  0.000000e+00
  0.000000e+00,  0.000000e+00
  0.000000e+00,  0.000000e+00
  0.000000e+00,  0.000000e+00
  0.000000e+00,  0.000000e+00
  0.000000e+00,  0.000000e+00
  0.000000e+00,  0.000000e+00
  0.000000e+00,  0.000000e+00
  0.000000e+00,  0.000000e+00
  0.000000e+00,  0.000000e+00
  0.000000e+00,  0.000000e+00
  0.000000e+00,  0.000000e+00
  0.000000e+00,  0.000000e+00
  0.000000e+00,  0.000000e+00
  0.000000e+00,  0.000000e+00
  0.000000e+00,  0.000000e+00
  0.000000e+00,  0.000000e+00
  0.000000e+00,  0.000000e+00
  0.000000e+00,  0.000000e+00
  0.000000e+00,  0.000000e+00
  0.000000e+00,  0.000000e+00
  0.000000e+00,  0.000000e+00
  0.000000e+00,  0.000000e+00
  0.000000e+00,  0.000000e+00
  0.000000e+00,  0.000000e+00
  0.000000e+00,  0.000000e+00
  0.000000e+00,  0.000000e+00
  0.000000e+00,  0.000000e+00
  0.000000e+00,  0.000000e+00
  0.000000e+00,  0.000000e+00
  0.000000e+00,  0.000000e+00
  0.000000e+00,  0.000000e+00
  0.000000e+00,  0.000000e+00
  0.000000e+00,  0.000000e+00
  0.000000e+00,  0.000000e+00
  0.000000e+00,  0.000000e+00
  0.000000e+00,  0.000000e+00
  0.000000e+00,  0.000000e+00
  0.000000e+00,  0.000000e+00
  0.000000e+00,  0.000000e+00
  0.000000e+00,  0.000000e+00
  0.000000e+00,  0.000000e+00
  0.000000e+00,  0.000000e+00
  0.000000e+00,  0.000000e+00
  0.000000e+00,  0.000000e+00
  0.000000e+00,  0.000000e+00
  0.000000e+00,  0.000000e+00
  0.000000e+00,  0.000000e+00
  0.000000e+00,  0.000000e+00
  0.000000e+00,  0.000000e+00
  0.000000e+00,  0.000000e+00
  0.000000e+00,  0.000000e+00
  0.000000e+00,  0.000000e+00
  0.000000e+00,  0.000000e+00
  0.000000e+00,  0.000000e+00
  0.000000e+00,  0.000000e+00
  0.000000e+00,  0.000000e+00
  0.000000e+00,  0.000000e+00
  0.000000e+00,  0.000000e+00
  0.000000e+00,  0.000000e+00
  0.000000e+00,  0.000000e+00
  0.000000e+00,  0.000000e+00
  0.000000e+00,  0.000000e+00
  0.000000e+00,  0.000000e+00
  0.000000e+00,  0.000000e+00
  0.000000e+00,  0.000000e+00
  0.000000e+00,  0.000000e+00
  0.000000e+00,  0.000000e+00
  0.000000e+00,  0.000000e+00
  0.000000e+00,  0.000000e+00
  0.000000e+00,  0.000000e+00
  0.000000e+00,  0.000000e+00
  0.000000e+00,  0.000000e+00
  0.000000e+00,  0.000000e+00
  0.000000e+00,  0.000000e+00
  0.000000e+00,  0.000000e+00
  0.000000e+00,  0.000000e+00
  0.000000e+00,  0.000000e+00
  0.000000e+00,  0.000000e+00
  0.000000e+00,  0.000000e+00
  0.000000e+00,  0.000000e+00
  0.000000e+00,  0.000000e+00
  0.000000e+00,  0.000000e+00
  0.000000e+00,  0.000000e+00
  0.000000e+00,  0.000000e+00
  0.000000e+00,  0.000000e+00
  0.000000e+00,  0.000000e+00
  0.000000e+00,  0.000000e+00
  0.000000e+00,  0.000000e+00
  0.000000e+00,  0.000000e+00
  0.000000e+00,  0.000000e+00
  0.000000e+00,  0.000000e+00
  0.000000e+00,  0.000000e+00
  0.000000e+00,  0.000000e+00
  0.000000e+00,  0.000000e+00
  0.000000e+00,  0.000000e+00
  0.000000e+00,  0.000000e+00
  0.000000e+00,  0.000000e+00
  0.000000e+00,  0.000000e+00
  0.000000e+00,  0.000000e+00
  0.000000e+00,  0.000000e+00
  0.000000e+00,  0.000000e+00
  0.000000e+00,  0.000000e+00
  0.000000e+00,  0.000000e+00
  0.000000e+00,  0.000000e+00
  0.000000e+00,  0.000000e+00
  0.000000e+00,  0.000000e+00
  0.000000e+00,  0.000000e+00
  0.000000e+00,  0.000000e+00
  0.000000e+00,  0.000000e+00
  0.000000e+00,  0.000000e+00
  0.000000e+00,  0.000000e+00
  0.000000e+00,  0.000000e+00
  0.000000e+00,  0.000000e+00
  0.000000e+00,  0.000000e+00
  0.000000e+00,  0.000000e+00
  0.000000e+00,  0.000000e+00
  0.000000e+00,  0.000000e+00
  0.000000e+00,  0.000000e+00
  0.000000e+00,  0.000000e+00
  0.000000e+00,  0.000000e+00
  0.000000e+00,  0.000000e+00
  0.000000e+00,  0.000000e+00
  0.000000e+00,  0.000000e+00
  0.000000e+00,  0.000000e+00
  0.000000e+00,  0.000000e+00
  0.000000e+00,  0.000000e+00
  0.000000e+00,  0.000000e+00
  0.000000e+00,  0.000000e+00
  0.000000e+00,  0.000000e+00
  0.000000e+00,  0.000000e+00
  0.000000e+00,  0.000000e+00
  0.000000e+00,  0.000000e+00
  0.000000e+00,  0.000000e+00
  0.000000e+00,  0.000000e+00
  0.000000e+00,  0.000000e+00
  0.000000e+00,  0.000000e+00
  0.000000e+00,  0.000000e+00
  0.000000e+00,  0.000000e+00
  0.000000e+00,  0.000000e+00
  0.000000e+00,  0.000000e+00
  0.000000e+00,  0.000000e+00
  0.000000e+00,  0.000000e+00
  0.000000e+00,  0.000000e+00
  0.000000e+00,  0.000000e+00
  0.000000e+00,  0.000000e+00
  0.000000e+00,  0.000000e+00
  0.000000e+00,  0.000000e+00
  0.000000e+00,  0.000000e+00
  0.000000e+00,  0.000000e+00
  0.000000e+00,  0.000000e+00
  0.000000e+00,  0.000000e+00
  0.000000e+00,  0.000000e+00
  0.000000e+00,  0.000000e+00
  0.000000e+00,  0.000000e+00
  0.000000e+00,  0.000000e+00
  0.000000e+00,  0.000000e+00
  0.000000e+00,  0.000000e+00
  0.000000e+00,  0.000000e+00
  0.000000e+00,  0.000000e+00
  0.000000e+00,  0.000000e+00
  0.000000e+00,  0.000000e+00
  0.000000e+00,  0.000000e+00
  0.000000e+00,  0.000000e+00
  0.000000e+00,  0.000000e+00
  0.000000e+00,  0.000000e+00
  0.000000e+00,  0.000000e+00
  0.000000e+00,  0.000000e+00
  0.000000e+00,  0.000000e+00
  0.000000e+00,  0.000000e+00
  0.000000e+00,  0.000000e+00
  0.000000e+00,  0.000000e+00
  0.000000e+00,  0.000000e+00
  0.000000e+00,  0.000000e+00
  0.000000e+00,  0.000000e+00
  0.000000e+00,  0.000000e+00
  0.000000e+00,  0.000000e+00
  0.000000e+00,  0.000000e+00
  0.000000e+00,  0.000000e+00
  0.000000e+00,  0.000000e+00
  0.000000e+00,  0.000000e+00
  0.000000e+00,  0.000000e+00
  0.000000e+00,  0.000000e+00
  0.000000e+00,  0.000000e+00
  0.000000e+00,  0.000000e+00
  0.000000e+00,  0.000000e+00
  0.000000e+00,  0.000000e+00
  0.000000e+00,  0.000000e+00
  0.000000e+00,  0.000000e+00
  0.000000e+00,  0.000000e+00
  0.000000e+00,  0.000000e+00
  0.000000e+00,  0.000000e+00
  0.000000e+00,  0.000000e+00
  0.000000e+00,  0.000000e+00
  0.000000e+00,  0.000000e+00
  0.000000e+00,  0.000000e+00
  0.000000e+00,  0.000000e+00
  0.000000e+00,  0.000000e+00
  0.000000e+00,  0.000000e+00
  0.000000e+00,  0.000000e+00
  0.000000e+00,  0.000000e+00
  0.000000e+00,  0.000000e+00
  0.000000e+00,  0.000000e+00
  0.000000e+00,  0.000000e+00
  0.000000e+00,  0.000000e+00
  0.000000e+00,  0.000000e+00
  0.000000e+00,  0.000000e+00
  0.000000e+00,  0.000000e+00
  0.000000e+00,  0.000000e+00
  0.000000e+00,  0.000000e+00
  0.000000e+00,  0.000000e+00
  0.000000e+00,  0.000000e+00
  0.000000e+00,  0.000000e+00
  0.000000e+00,  0.000000e+00
  0.000000e+00,  0.000000e+00
  0.000000e+00,  0.000000e+00
  0.000000e+00,  0.000000e+00
  0.000000e+00,  0.000000e+00
  0.000000e+00,  0.000000e+00
  0.000000e+00,  0.000000e+00
  0.000000e+00,  0.000000e+00
  0.000000e+00,  0.000000e+00
  0.000000e+00,  0.000000e+00
  0.000000e+00,  0.000000e+00
  0.000000e+00,  0.000000e+00
  1.142721e+00,  3.764549e+01
  7.519279e+00,  2.298425e+00
  2.797428e+01,  8.969877e+00
  4.191461e+01,  2.420012e-01
  3.400607e+01,  3.412444e+02
  1.660455e+01,  3.045898e+02
  1.616289e+01,  2.188241e+02
  2.911392e+01,  1.816998e+02
  3.835317e+01,  1.702145e+02
  3.648270e+01,  1.633657e+02
  2.778356e+01,  1.379293e+02
  2.853656e+01,  9.383382e+01
  3.167792e+01,  6.786559e+01
  2.282769e+01,  5.183726e+01
  6.855659e+00,  4.268811e+00
  1.325686e+01,  2.697141e+02
  1.805740e+01,  2.682069e+02
  1.730886e+01,  2.822674e+02
  1.649652e+01,  2.867636e+02
  1.726476e+01,  2.592048e+02
  2.038320e+01,  2.214638e+02
  2.189732e+01,  1.718452e+02
  3.113874e+01,  1.295731e+02
  3.197308e+01,  1.113998e+02
  1.228905e+01,  8.520259e+01
  1.966156e+01,  3.049504e+02
  3.481699e+01,  2.895004e+02
  3.174605e+01,  2.632591e+02
  3.286652e+01,  2.165415e+02
  3.480980e+01,  1.903228e+02
  2.403453e+01,  1.752039e+02
  1.834895e+01,  1.361507e+02
  3.142532e+01,  1.144842e+02
  3.917360e+01,  1.074767e+02
  3.013814e+01,  9.477547e+01
  1.418428e+01,  5.894362e+01
  1.260187e+01,  3.532019e+02
  9.293248e+00,  3.082125e+02
  1.617707e+01,  2.160717e+02
  2.996374e+01,  2.155484e+02
  2.886213e+01,  2.499455e+02
  1.809275e+01,  3.017552e+02
  8.967473e+00,  3.225280e+01
  5.565746e+00,  1.283893e+02
  6.862643e+00,  2.421979e+02
  7.800330e+00,  3.539293e+02
  2.128518e+01,  5.275497e+01
  2.136243e+01,  6.761760e+01
  5.987122e+00,  1.482982e+00
  2.214592e+01,  3.047742e+02
  2.110717e+01,  3.178869e+02
  2.741968e+00,  1.071573e+02
  2.506028e+01,  1.652081e+02
  2.356475e+01,  1.921720e+02
  1.121329e+01,  3.121847e+02
  3.268185e+01,  1.729697e+01
  3.598230e+01,  4.228937e+01
  1.852700e+01,  4.399545e+01
  7.769704e+00,  2.614521e+02
  2.642000e+01,  2.343169e+02
  3.094607e+01,  2.337854e+02
  2.093291e+01,  2.267999e+02
  1.044961e+01,  1.692814e+02
  1.386204e+01,  1.134479e+02
  1.125018e+01,  8.729173e+01
  1.201959e+01,  3.967824e+01
  2.334789e+01,  2.937145e+01
  3.395666e+01,  2.626346e+01
  3.917204e+01,  1.310081e+01
  4.347009e+01,  3.590309e+02
  3.760276e+01,  3.481765e+02
  1.660095e+01,  3.192821e+02
  1.314454e+01,  2.025310e+02
  2.034659e+01,  1.465363e+02
  3.202871e+01,  8.619563e+01
  4.936747e+01,  5.601110e+01
  4.760179e+01,  3.592320e+01
  3.825485e+01,  2.688901e+00
  4.244607e+01,  3.325616e+02
  3.977309e+01,  3.259165e+02
  2.133505e+01,  3.312580e+02
  4.314628e+00,  1.210996e+01
  3.437819e+00,  8.126385e+01
  3.456885e+00,  5.895150e+01
  9.957895e+00,  1.269190e+02
  2.720333e+01,  1.437122e+02
  3.263839e+01,  1.446444e+02
  2.024521e+01,  1.086105e+02
  3.118032e+01,  3.842181e+01
  4.045028e+01,  2.620638e+01
  2.508848e+01,  2.939453e+01
  2.130284e+00,  3.218354e+02
  1.590370e+01,  2.288827e+02
  1.953251e+01,  2.100108e+02
  2.049938e+01,  1.885408e+02
  1.742521e+01,  1.841681e+02
  8.135895e+00,  2.014421e+02
  3.389956e+00,  3.263839e+02
  8.266854e+00,  2.018966e+01
  1.038077e+01,  2.752185e+01
  1.219266e+01,  4.956298e-02
  1.588295e+01,  3.298380e+02
  1.386978e+01,  3.002319e+02
  1.068416e+01,  2.242351e+02
  2.363345e+01,  1.677465e+02
  3.640423e+01,  1.343846e+02
  4.546883e+01,  9.536958e+01
  4.558430e+01,  7.302392e+01
  2.015037e+01,  7.239287e+01
  1.016136e+01,  3.199599e+02
  3.302895e+01,  3.547539e+02
  5.562742e+01,  1.304322e+01
  5.709320e+01,  3.464692e+02
  6.261974e+01,  3.098637e+02
  4.150887e+01,  3.004781e+02
  8.110851e+00,  2.383929e+02
  2.948969e+01,  1.660705e+02
  2.327794e+01,  1.608394e+02
  1.683466e+01,  2.787802e+01
  5.375975e+01,  2.016950e+01
  5.847748e+01,  1.027148e+01
  4.119705e+01,  3.338706e+02
  3.332658e+01,  2.984768e+02
  2.316431e+01,  3.003514e+02
  1.368468e+01,  3.373985e+02
  5.180948e+00,  6.398928e+01
  1.883677e+01,  1.517301e+02
  3.120238e+01,  1.616190e+02
  2.572038e+01,  1.561539e+02
  1.553790e+01,  7.759489e+01
  3.347721e+01,  2.787381e+01
  3.233939e+01,  1.120544e+01
  1.581008e+01,  3.314904e+02
  2.064936e+01,  2.679017e+02
  2.304361e+01,  2.611743e+02
  1.179379e+01,  2.500763e+02
  9.428188e+00,  1.751993e+02
  1.455158e+01,  1.814946e+02
  1.259268e+01,  2.215513e+02
  7.915515e+00,  3.178629e+02
  2.391495e+01,  3.228867e+01
  3.602267e+01,  5.238804e+01
  2.306556e+01,  5.731752e+01
  1.227564e+01,  2.880079e+02
  3.282543e+01,  2.775007e+02
  2.011579e+01,  2.830323e+02
  1.487669e+01,  1.220800e+02
  3.492333e+01,  1.325915e+02
  2.430807e+01,  1.567178e+02
  9.166617e+00,  2.520542e+02
  1.785393e+01,  3.151364e+02
  1.312560e+01,  3.257309e+02
  4.165222e+00,  3.031940e+02
  4.700896e+00,  3.028448e+02
  1.175286e+01,  3.361341e+02
  1.701484e+01,  3.338788e+02
  1.896390e+01,  3.079559e+02
  2.333228e+01,  2.715284e+02
  2.714672e+01,  2.397709e+02
  1.641169e+01,  2.002343e+02
  2.249203e+01,  1.065121e+02
  3.627998e+01,  9.132815e+01
  3.079738e+01,  7.058415e+01
  2.287615e+01,  1.709776e+01
  2.191873e+01,  3.238750e+02
  2.197568e+01,  2.720067e+02
  2.847926e+01,  2.229334e+02
  3.263737e+01,  1.902874e+02
  2.287314e+01,  1.706185e+02
  7.155214e+00,  1.319303e+02
  5.883796e+00,  4.400979e+01
  2.939038e+00,  3.058298e+02
  1.216341e+01,  2.607564e+02
  1.564642e+01,  2.944344e+02
  2.388623e+01,  3.491702e+02
  3.607607e+01,  3.587479e+02
  4.331563e+01,  3.306486e+02
  5.441731e+01,  2.955546e+02
  5.272977e+01,  2.750385e+02
  2.957922e+01,  2.574148e+02
  1.338179e+01,  1.868373e+02
  1.274647e+01,  1.156147e+02
  2.544950e+01,  3.107368e+01
  4.554801e+01,  2.479040e+01
  4.292640e+01,  2.745023e+01
  2.389415e+01,  5.193383e+00
  1.765731e+01,  2.897570e+02
  2.519112e+01,  2.630480e+02
  2.172747e+01,  2.745779e+02
  7.810409e+00,  2.859480e+02
  1.210533e+01,  1.341843e+02
  2.155905e+01,  1.366458e+02
  1.437105e+01,  1.141008e+02
  2.375071e+01,  4.147482e+01
  3.483071e+01,  2.631899e+01
  1.561441e+01,  3.453681e+02
  4.214732e+01,  2.582229e+02
  2.826374e+01,  2.324263e+02
  1.265228e+01,  6.779358e+01
  2.304392e+00,  2.381570e+02
  0.000000e+00,  0.000000e+00
  0.000000e+00,  0.000000e+00
  0.000000e+00,  0.000000e+00
  0.000000e+00,  0.000000e+00
  0.000000e+00,  0.000000e+00
  0.000000e+00,  0.000000e+00
  0.000000e+00,  0.000000e+00
  0.000000e+00,  0.000000e+00
  0.000000e+00,  0.000000e+00
  0.000000e+00,  0.000000e+00
  0.000000e+00,  0.000000e+00
  0.000000e+00,  0.000000e+00
  0.000000e+00,  0.000000e+00
  0.000000e+00,  0.000000e+00
  0.000000e+00,  0.000000e+00
  0.000000e+00,  0.000000e+00
  0.000000e+00,  0.000000e+00
  0.000000e+00,  0.000000e+00
  0.000000e+00,  0.000000e+00
  0.000000e+00,  0.000000e+00
  0.000000e+00,  0.000000e+00
  0.000000e+00,  0.000000e+00
  0.000000e+00,  0.000000e+00
  0.000000e+00,  0.000000e+00
  0.000000e+00,  0.000000e+00
  0.000000e+00,  0.000000e+00
  0.000000e+00,  0.000000e+00
  0.000000e+00,  0.000000e+00
  0.000000e+00,  0.000000e+00
  0.000000e+00,  0.000000e+00
  0.000000e+00,  0.000000e+00
  0.000000e+00,  0.000000e+00
  0.000000e+00,  0.000000e+00
  0.000000e+00,  0.000000e+00
  0.000000e+00,  0.000000e+00
  0.000000e+00,  0.000000e+00
  0.000000e+00,  0.000000e+00
  0.000000e+00,  0.000000e+00
  0.000000e+00,  0.000000e+00
  0.000000e+00,  0.000000e+00
  0.000000e+00,  0.000000e+00
  0.000000e+00,  0.000000e+00
  0.000000e+00,  0.000000e+00
  0.000000e+00,  0.000000e+00
  0.000000e+00,  0.000000e+00
  0.000000e+00,  0.000000e+00
  0.000000e+00,  0.000000e+00
  0.000000e+00,  0.000000e+00
  0.000000e+00,  0.000000e+00
  0.000000e+00,  0.000000e+00
  0.000000e+00,  0.000000e+00
  0.000000e+00,  0.000000e+00
  0.000000e+00,  0.000000e+00
  0.000000e+00,  0.000000e+00
  0.000000e+00,  0.000000e+00
  0.000000e+00,  0.000000e+00
  0.000000e+00,  0.000000e+00
  0.000000e+00,  0.000000e+00
  0.000000e+00,  0.000000e+00
  0.000000e+00,  0.000000e+00
  0.000000e+00,  0.000000e+00
  0.000000e+00,  0.000000e+00
  0.000000e+00,  0.000000e+00
  0.000000e+00,  0.000000e+00
  0.000000e+00,  0.000000e+00
  0.000000e+00,  0.000000e+00
  0.000000e+00,  0.000000e+00
  0.000000e+00,  0.000000e+00
  0.000000e+00,  0.000000e+00
  0.000000e+00,  0.000000e+00
  0.000000e+00,  0.000000e+00
  0.000000e+00,  0.000000e+00
  0.000000e+00,  0.000000e+00
  0.000000e+00,  0.000000e+00
  0.000000e+00,  0.000000e+00
  0.000000e+00,  0.000000e+00
  0.000000e+00,  0.000000e+00
  0.000000e+00,  0.000000e+00
  0.000000e+00,  0.000000e+00
  0.000000e+00,  0.000000e+00
  0.000000e+00,  0.000000e+00
  0.000000e+00,  0.000000e+00
  0.000000e+00,  0.000000e+00
  0.000000e+00,  0.000000e+00
  0.000000e+00,  0.000000e+00
  0.000000e+00,  0.000000e+00
  0.000000e+00,  0.000000e+00
  0.000000e+00,  0.000000e+00
  0.000000e+00,  0.000000e+00
  0.000000e+00,  0.000000e+00
  0.000000e+00,  0.000000e+00
  0.000000e+00,  0.000000e+00
  0.000000e+00,  0.000000e+00
  0.000000e+00,  0.000000e+00
  0.000000e+00,  0.000000e+00
  0.000000e+00,  0.000000e+00
  0.000000e+00,  0.000000e+00
  0.000000e+00,  0.000000e+00
  0.000000e+00,  0.000000e+00
  0.000000e+00,  0.000000e+00
  0.000000e+00,  0.000000e+00
  0.000000e+00,  0.000000e+00
  0.000000e+00,  0.000000e+00
  0.000000e+00,  0.000000e+00
  0.000000e+00,  0.000000e+00
  0.000000e+00,  0.000000e+00
  0.000000e+00,  0.000000e+00
  0.000000e+00,  0.000000e+00
  0.000000e+00,  0.000000e+00
  0.000000e+00,  0.000000e+00
  0.000000e+00,  0.000000e+00
  0.000000e+00,  0.000000e+00
  0.000000e+00,  0.000000e+00
  0.000000e+00,  0.000000e+00
  0.000000e+00,  0.000000e+00
  0.000000e+00,  0.000000e+00
  0.000000e+00,  0.000000e+00
  0.000000e+00,  0.000000e+00
  0.000000e+00,  0.000000e+00
  0.000000e+00,  0.000000e+00
  0.000000e+00,  0.000000e+00
  0.000000e+00,  0.000000e+00
  0.000000e+00,  0.000000e+00
  0.000000e+00,  0.000000e+00
  0.000000e+00,  0.000000e+00
  0.000000e+00,  0.000000e+00
  0.000000e+00,  0.000000e+00
  0.000000e+00,  0.000000e+00
  0.000000e+00,  0.000000e+00
  0.000000e+00,  0.000000e+00
  0.000000e+00,  0.000000e+00
  0.000000e+00,  0.000000e+00
  0.000000e+00,  0.000000e+00
  0.000000e+00,  0.000000e+00
  0.000000e+00,  0.000000e+00
  0.000000e+00,  0.000000e+00
  0.000000e+00,  0.000000e+00
  0.000000e+00,  0.000000e+00
  0.000000e+00,  0.000000e+00
  0.000000e+00,  0.000000e+00
  0.000000e+00,  0.000000e+00
  0.000000e+00,  0.000000e+00
  0.000000e+00,  0.000000e+00
  0.000000e+00,  0.000000e+00
  0.000000e+00,  0.000000e+00
  0.000000e+00,  0.000000e+00
  0.000000e+00,  0.000000e+00
  0.000000e+00,  0.000000e+00
  0.000000e+00,  0.000000e+00
  0.000000e+00,  0.000000e+00
  0.000000e+00,  0.000000e+00
  0.000000e+00,  0.000000e+00
  0.000000e+00,  0.000000e+00
  0.000000e+00,  0.000000e+00
  0.000000e+00,  0.000000e+00
  0.000000e+00,  0.000000e+00
  0.000000e+00,  0.000000e+00
  0.000000e+00,  0.000000e+00
  0.000000e+00,  0.000000e+00
  0.000000e+00,  0.000000e+00
  0.000000e+00,  0.000000e+00
  0.000000e+00,  0.000000e+00
  0.000000e+00,  0.000000e+00
  0.000000e+00,  0.000000e+00
  0.000000e+00,  0.000000e+00
  0.000000e+00,  0.000000e+00
  0.000000e+00,  0.000000e+00
  0.000000e+00,  0.000000e+00
  0.000000e+00,  0.000000e+00
  0.000000e+00,  0.000000e+00
  0.000000e+00,  0.000000e+00
  0.000000e+00,  0.000000e+00
  0.000000e+00,  0.000000e+00
  0.000000e+00,  0.000000e+00
  0.000000e+00,  0.000000e+00
  0.000000e+00,  0.000000e+00
  0.000000e+00,  0.000000e+00
  0.000000e+00,  0.000000e+00
  0.000000e+00,  0.000000e+00
  0.000000e+00,  0.000000e+00
  0.000000e+00,  0.000000e+00
  0.000000e+00,  0.000000e+00
  0.000000e+00,  0.000000e+00
  0.000000e+00,  0.000000e+00
  0.000000e+00,  0.000000e+00
  0.000000e+00,  0.000000e+00
  0.000000e+00,  0.000000e+00
  0.000000e+00,  0.000000e+00
  0.000000e+00,  0.000000e+00
  0.000000e+00,  0.000000e+00
  0.000000e+00,  0.000000e+00
  0.000000e+00,  0.000000e+00
  0.000000e+00,  0.000000e+00
  0.000000e+00,  0.000000e+00
  0.000000e+00,  0.000000e+00
  0.000000e+00,  0.000000e+00
  0.000000e+00,  0.000000e+00
  0.000000e+00,  0.000000e+00
  0.000000e+00,  0.000000e+00
  0.000000e+00,  0.000000e+00
  0.000000e+00,  0.000000e+00
  0.000000e+00,  0.000000e+00
  0.000000e+00,  0.000000e+00
  0.000000e+00,  0.000000e+00
  0.000000e+00,  0.000000e+00
  0.000000e+00,  0.000000e+00
  0.000000e+00,  0.000000e+00
  0.000000e+00,  0.000000e+00
  0.000000e+00,  0.000000e+00
  0.000000e+00,  0.000000e+00
  0.000000e+00,  0.000000e+00
  0.000000e+00,  0.000000e+00
  0.000000e+00,  0.000000e+00
  0.000000e+00,  0.000000e+00
  0.000000e+00,  0.000000e+00
  0.000000e+00,  0.000000e+00
  0.000000e+00,  0.000000e+00
  0.000000e+00,  0.000000e+00
  0.000000e+00,  0.000000e+00
  0.000000e+00,  0.000000e+00
  0.000000e+00,  0.000000e+00
  0.000000e+00,  0.000000e+00
  0.000000e+00,  0.000000e+00
  0.000000e+00,  0.000000e+00
  0.000000e+00,  0.000000e+00
  0.000000e+00,  0.000000e+00
  0.000000e+00,  0.000000e+00
  0.000000e+00,  0.000000e+00
  0.000000e+00,  0.000000e+00
  0.000000e+00,  0.000000e+00
  0.000000e+00,  0.000000e+00
  0.000000e+00,  0.000000e+00
  0.000000e+00,  0.000000e+00
  0.000000e+00,  0.000000e+00
  0.000000e+00,  0.000000e+00
  0.000000e+00,  0.000000e+00
  0.000000e+00,  0.000000e+00
  0.000000e+00,  0.000000e+00
  0.000000e+00,  0.000000e+00
  0.000000e+00,  0.000000e+00
  0.000000e+00,  0.000000e+00
  0.000000e+00,  0.000000e+00
  0.000000e+00,  0.000000e+00
  0.000000e+00,  0.000000e+00
  0.000000e+00,  0.000000e+00
  0.000000e+00,  0.000000e+00
  0.000000e+00,  0.000000e+00
  0.000000e+00,  0.000000e+00
  0.000000e+00,  0.000000e+00
  0.000000e+00,  0.000000e+00
  0.000000e+00,  0.000000e+00
  0.000000e+00,  0.000000e+00
  0.000000e+00,  0.000000e+00
  0.000000e+00,  0.000000e+00
  0.000000e+00,  0.000000e+00
  0.000000e+00,  0.000000e+00
  0.000000e+00,  0.000000e+00
  0.000000e+00,  0.000000e+00
  0.000000e+00,  0.000000e+00
  0.000000e+00,  0.000000e+00
  0.000000e+00,  0.000000e+00
  0.000000e+00,  0.000000e+00
  0.000000e+00,  0.000000e+00
  0.000000e+00,  0.000000e+00
  0.000000e+00,  0.000000e+00
  0.000000e+00,  0.000000e+00
  0.000000e+00,  0.000000e+00
  0.000000e+00,  0.000000e+00
  0.000000e+00,  0.000000e+00
  0.000000e+00,  0.000000e+00
  0.000000e+00,  0.000000e+00
  0.000000e+00,  0.000000e+00
  0.000000e+00,  0.000000e+00
  0.000000e+00,  0.000000e+00
  0.000000e+00,  0.000000e+00
  0.000000e+00,  0.000000e+00
  0.000000e+00,  0.000000e+00
  0.000000e+00,  0.000000e+00
  0.000000e+00,  0.000000e+00
  0.000000e+00,  0.000000e+00
  0.000000e+00,  0.000000e+00
  0.000000e+00,  0.000000e+00
  0.000000e+00,  0.000000e+00
  0.000000e+00,  0.000000e+00
  0.000000e+00,  0.000000e+00
  0.000000e+00,  0.000000e+00
  0.000000e+00,  0.000000e+00
  0.000000e+00,  0.000000e+00
  0.000000e+00,  0.000000e+00
  0.000000e+00,  0.000000e+00
  0.000000e+00,  0.000000e+00
  0.000000e+00,  0.000000e+00
  0.000000e+00,  0.000000e+00
  0.000000e+00,  0.000000e+00
  0.000000e+00,  0.000000e+00
  0.000000e+00,  0.000000e+00
  0.000000e+00,  0.000000e+00
  0.000000e+00,  0.000000e+00
  0.000000e+00,  0.000000e+00
  0.000000e+00,  0.000000e+00
  0.000000e+00,  0.000000e+00
  0.000000e+00,  0.000000e+00
  0.000000e+00,  0.000000e+00
  0.000000e+00,  0.000000e+00
  0.000000e+00,  0.000000e+00
  0.000000e+00,  0.000000e+00
  0.000000e+00,  0.000000e+00
  0.000000e+00,  0.000000e+00
  0.000000e+00,  0.000000e+00
  0.000000e+00,  0.000000e+00
  0.000000e+00,  0.000000e+00
  0.000000e+00,  0.000000e+00
  0.000000e+00,  0.000000e+00
  0.000000e+00,  0.000000e+00
  0.000000e+00,  0.000000e+00
  0.000000e+00,  0.000000e+00
  0.000000e+00,  0.000000e+00
  0.000000e+00,  0.000000e+00
  0.000000e+00,  0.000000e+00
  0.000000e+00,  0.000000e+00
  0.000000e+00,  0.000000e+00
  0.000000e+00,  0.000000e+00
  0.000000e+00,  0.000000e+00
  0.000000e+00,  0.000000e+00
  0.000000e+00,  0.000000e+00
  0.000000e+00,  0.000000e+00
  0.000000e+00,  0.000000e+00
  0.000000e+00,  0.000000e+00
  0.000000e+00,  0.000000e+00
  0.000000e+00,  0.000000e+00
  8.702363e-01,  2.730411e+02
  2.916367e+00,  2.900429e+02
  2.494317e+00,  3.086168e+02
  5.747668e+00,  1.046014e+02
  1.391349e+01,  1.115710e+02
  1.589903e+01,  1.126041e+02
  1.152340e+01,  1.160645e+02
  5.716906e+00,  1.429563e+02
  6.388607e+00,  1.915510e+02
  9.632041e+00,  1.877361e+02
  1.229827e+01,  1.689641e+02
  1.433494e+01,  1.530192e+02
  1.593853e+01,  1.505088e+02
  1.747846e+01,  1.664382e+02
  1.942857e+01,  1.932002e+02
  2.112156e+01,  2.207928e+02
  2.065142e+01,  2.417649e+02
  1.419267e+01,  2.510999e+02
  3.037973e+00,  1.925475e+02
  1.292456e+01,  1.067150e+02
  1.767676e+01,  1.009828e+02
  1.258496e+01,  9.025300e+01
  5.073966e+00,  3.845464e+01
  5.806438e+00,  3.153823e+02
  5.577600e+00,  2.505691e+02
  1.077465e+01,  1.854347e+02
  1.597271e+01,  1.629919e+02
  1.315986e+01,  1.499258e+02
  3.336400e+00,  1.423022e+02
  7.756161e+00,  3.012434e+02
  1.434159e+01,  2.902467e+02
  1.256635e+01,  2.785136e+02
  3.684513e+00,  2.332784e+02
  9.484383e+00,  1.208576e+02
  1.304067e+01,  1.094022e+02
  6.578610e+00,  9.395386e+01
  6.175599e+00,  3.186114e+02
  1.317451e+01,  2.978585e+02
  1.188275e+01,  2.788033e+02
  8.364903e+00,  2.338111e+02
  9.262318e+00,  2.000949e+02
  7.093477e+00,  2.175871e+02
  7.890828e+00,  2.930431e+02
  1.318803e+01,  3.244091e+02
  1.262253e+01,  3.319635e+02
  7.866033e+00,  3.156514e+02
  7.320172e+00,  2.821167e+02
  9.264070e+00,  2.965105e+02
  1.284267e+01,  3.335948e+02
  1.642102e+01,  3.820344e+00
  1.573238e+01,  3.102556e+01
  1.182016e+01,  6.116386e+01
  7.190779e+00,  8.622265e+01
  1.914282e+00,  4.531417e+01
  7.307172e+00,  3.217242e+02
  1.184489e+01,  3.098242e+02
  1.164145e+01,  2.854277e+02
  1.002887e+01,  2.469439e+02
  7.068272e+00,  1.963356e+02
  9.945988e+00,  1.169262e+02
  1.753913e+01,  9.175917e+01
  1.779663e+01,  8.248992e+01
  9.607904e+00,  7.612735e+01
  1.394860e+00,  2.053305e+02
  9.822387e+00,  2.147360e+02
  1.779934e+01,  1.978246e+02
  2.457319e+01,  1.945475e+02
  2.609706e+01,  2.103139e+02
  2.513037e+01,  2.433662e+02
  2.312534e+01,  2.765765e+02
  1.259203e+01,  3.098016e+02
  1.010116e+01,  8.490781e+01
  2.637461e+01,  1.176338e+02
  3.240592e+01,  1.282914e+02
  2.986218e+01,  1.298517e+02
  2.734881e+01,  1.277157e+02
  2.713551e+01,  1.356327e+02
  2.536854e+01,  1.568888e+02
  1.935084e+01,  1.846970e+02
  9.048704e+00,  2.101091e+02
  2.363070e+00,  8.970221e+01
  8.155583e+00,  1.012552e+02
  8.614602e+00,  1.486232e+02
  1.039310e+01,  2.032130e+02
  1.119540e+01,  2.279967e+02
  7.357966e+00,  2.163976e+02
  7.571744e+00,  1.539547e+02
  1.071848e+01,  1.301806e+02
  9.700149e+00,  1.120656e+02
  1.028151e+01,  9.146862e+01
  1.393471e+01,  1.031217e+02
  1.783291e+01,  1.365773e+02
  2.087471e+01,  1.762597e+02
  2.172802e+01,  2.111298e+02
  1.655184e+01,  2.366146e+02
  7.296946e+00,  2.698414e+02
  4.574033e+00,  3.564226e+02
  4.433639e+00,  2.153706e+01
  2.046508e+00,  3.054107e+02
  5.637204e+00,  2.603253e+02
  5.764435e+00,  2.690234e+02
  4.524310e+00,  3.325125e+02
  9.555183e+00,  1.418668e+01
  1.349116e+01,  2.389794e+01
  1.331223e+01,  3.411056e+01
  1.025220e+01,  5.467129e+01
  8.954602e+00,  9.335633e+01
  1.194194e+01,  1.184987e+02
  1.350911e+01,  1.200418e+02
  9.561503e+00,  1.028985e+02
  6.286353e+00,  2.616860e+01
  1.248151e+01,  3.417016e+02
  1.460049e+01,  3.417929e+02
  1.057895e+01,  1.375430e+01
  1.144325e+01,  8.373486e+01
  1.744293e+01,  1.160855e+02
  1.742062e+01,  1.196350e+02
  1.268650e+01,  8.936406e+01
  1.446173e+01,  4.017019e+01
  1.469688e+01,  1.949031e+01
  6.121151e+00,  3.580733e+02
  6.379396e+00,  2.296721e+02
  9.499057e+00,  2.202111e+02
  2.105773e+00,  2.274095e+02
  9.333243e+00,  4.300297e+01
  1.497323e+01,  4.629506e+01
  1.128466e+01,  4.516737e+01
  3.722561e+00,  3.262961e+01
  4.505483e-01,  3.427683e+02
  4.555276e+00,  5.786472e+01
  1.247500e+01,  5.358155e+01
  1.677591e+01,  4.897680e+01
  1.417367e+01,  3.915270e+01
  9.189520e+00,  9.405254e+00
  7.363211e+00,  3.388810e+02
  3.237935e+00,  2.591345e+01
  1.130562e+01,  1.110472e+02
  1.969954e+01,  1.215399e+02
  1.885794e+01,  1.217944e+02
  1.014586e+01,  1.050190e+02
  8.380067e+00,  1.414604e+01
  1.992540e+01,  2.117564e+00
  2.826735e+01,  2.614107e+01
  3.080669e+01,  6.081260e+01
  2.559987e+01,  9.886878e+01
  1.534130e+01,  1.504416e+02
  1.265730e+01,  2.312464e+02
  1.393383e+01,  2.833858e+02
  7.979890e+00,  3.339746e+02
  6.672476e+00,  9.696144e+01
  1.145633e+01,  1.561910e+02
  1.015805e+01,  2.147989e+02
  1.145917e+01,  2.977624e+02
  1.663436e+01,  3.559786e+02
  2.020575e+01,  3.920240e+01
  2.121753e+01,  6.625226e+01
  1.749338e+01,  6.998715e+01
  1.315486e+01,  4.543789e+01
  1.426691e+01,  1.747482e+01
  1.578277e+01,  1.553201e+01
  1.378175e+01,  3.232324e+01
  1.039431e+01,  6.763972e+01
  1.012273e+01,  1.091351e+02
  1.119593e+01,  1.233499e+02
  1.132852e+01,  1.109326e+02
  1.151573e+01,  8.674805e+01
  1.069401e+01,  6.205910e+01
  8.732461e+00,  2.986642e+01
  8.636693e+00,  3.545292e+02
  8.635292e+00,  3.438063e+02
  6.213957e+00,  2.902070e+00
  4.659301e+00,  6.013796e+01
  4.807020e+00,  1.128425e+02
  3.381558e+00,  1.715407e+02
  4.297184e+00,  2.686113e+02
  8.923244e+00,  3.205378e+02
  1.486237e+01,  3.512211e+02
  2.011812e+01,  1.098095e+01
  2.140820e+01,  2.502631e+01
  1.747451e+01,  3.870097e+01
  1.065706e+01,  6.065256e+01
  6.470489e+00,  1.060378e+02
  6.708901e+00,  1.299728e+02
  7.836013e+00,  1.069065e+02
  9.992059e+00,  7.581687e+01
  1.069631e+01,  3.622215e+01
  1.558547e+01,  3.529542e+02
  2.113264e+01,  3.428582e+02
  1.785407e+01,  6.206689e-01
  1.475561e+01,  6.261875e+01
  2.341607e+01,  1.049701e+02
  2.556501e+01,  1.139818e+02
  1.676858e+01,  1.033173e+02
  9.656175e+00,  4.267421e+01
  1.430504e+01,  4.466856e+00
  1.225402e+01,  1.875207e+01
  1.050053e+01,  9.894455e+01
  2.029176e+01,  1.483618e+02
  1.336004e+01,  1.766745e+02
  8.444545e-01,  2.765181e+02
  0.000000e+00,  0.000000e+00
  0.000000e+00,  0.000000e+00
  0.000000e+00,  0.000000e+00
  0.000000e+00,  0.000000e+00
  0.000000e+00,  0.000000e+00
  0.000000e+00,  0.000000e+00
  0.000000e+00,  0.000000e+00
  0.000000e+00,  0.000000e+00
  0.000000e+00,  0.000000e+00
  0.000000e+00,  0.000000e+00
  0.000000e+00,  0.000000e+00
  0.000000e+00,  0.000000e+00
  0.000000e+00,  0.000000e+00
  0.000000e+00,  0.000000e+00
  0.000000e+00,  0.000000e+00
  0.000000e+00,  0.000000e+00
  0.000000e+00,  0.000000e+00
  0.000000e+00,  0.000000e+00
  0.000000e+00,  0.000000e+00
  0.000000e+00,  0.000000e+00
  0.000000e+00,  0.000000e+00
  0.000000e+00,  0.000000e+00
  0.000000e+00,  0.000000e+00
  0.000000e+00,  0.000000e+00
  0.000000e+00,  0.000000e+00
  0.000000e+00,  0.000000e+00
  0.000000e+00,  0.000000e+00
  0.000000e+00,  0.000000e+00
  0.000000e+00,  0.000000e+00
  0.000000e+00,  0.000000e+00
  0.000000e+00,  0.000000e+00
  0.000000e+00,  0.000000e+00
  0.000000e+00,  0.000000e+00
  0.000000e+00,  0.000000e+00
  0.000000e+00,  0.000000e+00
  0.000000e+00,  0.000000e+00
  0.000000e+00,  0.000000e+00
  0.000000e+00,  0.000000e+00
  0.000000e+00,  0.000000e+00
  0.000000e+00,  0.000000e+00
  0.000000e+00,  0.000000e+00
  0.000000e+00,  0.000000e+00
  0.000000e+00,  0.000000e+00
  0.000000e+00,  0.000000e+00
  0.000000e+00,  0.000000e+00
  0.000000e+00,  0.000000e+00
  0.000000e+00,  0.000000e+00
  0.000000e+00,  0.000000e+00
  0.000000e+00,  0.000000e+00
  0.000000e+00,  0.000000e+00
  0.000000e+00,  0.000000e+00
  0.000000e+00,  0.000000e+00
  0.000000e+00,  0.000000e+00
  0.000000e+00,  0.000000e+00
  0.000000e+00,  0.000000e+00
  0.000000e+00,  0.000000e+00
  0.000000e+00,  0.000000e+00
  0.000000e+00,  0.000000e+00
  0.000000e+00,  0.000000e+00
  0.000000e+00,  0.000000e+00
  0.000000e+00,  0.000000e+00
  0.000000e+00,  0.000000e+00
  0.000000e+00,  0.000000e+00
  0.000000e+00,  0.000000e+00
  0.000000e+00,  0.000000e+00
  0.000000e+00,  0.000000e+00
  0.000000e+00,  0.000000e+00
  0.000000e+00,  0.000000e+00
  0.000000e+00,  0.000000e+00
  0.000000e+00,  0.000000e+00
  0.000000e+00,  0.000000e+00
  0.000000e+00,  0.000000e+00
  0.000000e+00,  0.000000e+00
  0.000000e+00,  0.000000e+00
  0.000000e+00,  0.000000e+00
  0.000000e+00,  0.000000e+00
  0.000000e+00,  0.000000e+00
  0.000000e+00,  0.000000e+00
  0.000000e+00,  0.000000e+00
  0.000000e+00,  0.000000e+00
  0.000000e+00,  0.000000e+00
  0.000000e+00,  0.000000e+00
  0.000000e+00,  0.000000e+00
  0.000000e+00,  0.000000e+00
  0.000000e+00,  0.000000e+00
  0.000000e+00,  0.000000e+00
  0.000000e+00,  0.000000e+00
  0.000000e+00,  0.000000e+00
  0.000000e+00,  0.000000e+00
  0.000000e+00,  0.000000e+00
  0.000000e+00,  0.000000e+00
  0.000000e+00,  0.000000e+00
  0.000000e+00,  0.000000e+00
  0.000000e+00,  0.000000e+00
  0.000000e+00,  0.000000e+00
  0.000000e+00,  0.000000e+00
  0.000000e+00,  0.000000e+00
  0.000000e+00,  0.000000e+00
  0.000000e+00,  0.000000e+00
  0.000000e+00,  0.000000e+00
  0.000000e+00,  0.000000e+00
  0.000000e+00,  0.000000e+00
  0.000000e+00,  0.000000e+00
  0.000000e+00,  0.000000e+00
  0.000000e+00,  0.000000e+00
  0.000000e+00,  0.000000e+00
  0.000000e+00,  0.000000e+00
  0.000000e+00,  0.000000e+00
  0.000000e+00,  0.000000e+00
  0.000000e+00,  0.000000e+00
  0.000000e+00,  0.000000e+00
  0.000000e+00,  0.000000e+00
  0.000000e+00,  0.000000e+00
  0.000000e+00,  0.000000e+00
  0.000000e+00,  0.000000e+00
  0.000000e+00,  0.000000e+00
  0.000000e+00,  0.000000e+00
  0.000000e+00,  0.000000e+00
  0.000000e+00,  0.000000e+00
  0.000000e+00,  0.000000e+00
  0.000000e+00,  0.000000e+00
  0.000000e+00,  0.000000e+00
  0.000000e+00,  0.000000e+00
  0.000000e+00,  0.000000e+00
  0.000000e+00,  0.000000e+00
  0.000000e+00,  0.000000e+00
  0.000000e+00,  0.000000e+00
  0.000000e+00,  0.000000e+00
  0.000000e+00,  0.000000e+00
  0.000000e+00,  0.000000e+00
  0.000000e+00,  0.000000e+00
  0.000000e+00,  0.000000e+00
  0.000000e+00,  0.000000e+00
  0.000000e+00,  0.000000e+00
  0.000000e+00,  0.000000e+00
  0.000000e+00,  0.000000e+00
  0.000000e+00,  0.000000e+00
  0.000000e+00,  0.000000e+00
  0.000000e+00,  0.000000e+00
  0.000000e+00,  0.000000e+00
  0.000000e+00,  0.000000e+00
  0.000000e+00,  0.000000e+00
  0.000000e+00,  0.000000e+00
  0.000000e+00,  0.000000e+00
  0.000000e+00,  0.000000e+00
  0.000000e+00,  0.000000e+00
  0.000000e+00,  0.000000e+00
  0.000000e+00,  0.000000e+00
  0.000000e+00,  0.000000e+00
  0.000000e+00,  0.000000e+00
  0.000000e+00,  0.000000e+00
  0.000000e+00,  0.000000e+00
  0.000000e+00,  0.000000e+00
  0.000000e+00,  0.000000e+00
  0.000000e+00,  0.000000e+00
  0.000000e+00,  0.000000e+00
  0.000000e+00,  0.000000e+00
  0.000000e+00,  0.000000e+00
  0.000000e+00,  0.000000e+00
  0.000000e+00,  0.000000e+00
  0.000000e+00,  0.000000e+00
  0.000000e+00,  0.000000e+00
  0.000000e+00,  0.000000e+00
  0.000000e+00,  0.000000e+00
  0.000000e+00,  0.000000e+00
  0.000000e+00,  0.000000e+00
  0.000000e+00,  0.000000e+00
  0.000000e+00,  0.000000e+00
  0.000000e+00,  0.000000e+00
  0.000000e+00,  0.000000e+00
  0.000000e+00,  0.000000e+00
  0.000000e+00,  0.000000e+00
  0.000000e+00,  0.000000e+00
  0.000000e+00,  0.000000e+00
  0.000000e+00,  0.000000e+00
  0.000000e+00,  0.000000e+00
  0.000000e+00,  0.000000e+00
  0.000000e+00,  0.000000e+00
  0.000000e+00,  0.000000e+00
  0.000000e+00,  0.000000e+00
  0.000000e+00,  0.000000e+00
  0.000000e+00,  0.000000e+00
  0.000000e+00,  0.000000e+00
  0.000000e+00,  0.000000e+00
  0.000000e+00,  0.000000e+00
  0.000000e+00,  0.000000e+00
  0.000000e+00,  0.000000e+00
  0.000000e+00,  0.000000e+00
  0.000000e+00,  0.000000e+00
  0.000000e+00,  0.000000e+00
  0.000000e+00,  0.000000e+00
  0.000000e+00,  0.000000e+00
  0.000000e+00,  0.000000e+00
  0.000000e+00,  0.000000e+00
  0.000000e+00,  0.000000e+00
  0.000000e+00,  0.000000e+00
  0.000000e+00,  0.000000e+00
  0.000000e+00,  0.000000e+00
  0.000000e+00,  0.000000e+00
  0.000000e+00,  0.000000e+00
  0.000000e+00,  0.000000e+00
  0.000000e+00,  0.000000e+00
  0.000000e+00,  0.000000e+00
  0.000000e+00,  0.000000e+00
  0.000000e+00,  0.000000e+00
  0.000000e+00,  0.000000e+00
  0.000000e+00,  0.000000e+00
  0.000000e+00,  0.000000e+00
  0.000000e+00,  0.000000e+00
  0.000000e+00,  0.000000e+00
  0.000000e+00,  0.000000e+00
  0.000000e+00,  0.000000e+00
  0.000000e+00,  0.000000e+00
  0.000000e+00,  0.000000e+00
  0.000000e+00,  0.000000e+00
  0.000000e+00,  0.000000e+00
  0.000000e+00,  0.000000e+00
  0.000000e+00,  0.000000e+00
  0.000000e+00,  0.000000e+00
  0.000000e+00,  0.000000e+00
  0.000000e+00,  0.000000e+00
  0.000000e+00,  0.000000e+00
  0.000000e+00,  0.000000e+00
  0.000000e+00,  0.000000e+00
  0.000000e+00,  0.000000e+00
  0.000000e+00,  0.000000e+00
  0.000000e+00,  0.000000e+00
  0.000000e+00,  0.000000e+00
  0.000000e+00,  0.000000e+00
  0.000000e+00,  0.000000e+00
  0.000000e+00,  0.000000e+00
  0.000000e+00,  0.000000e+00
  0.000000e+00,  0.000000e+00
  0.000000e+00,  0.000000e+00
  0.000000e+00,  0.000000e+00
  0.000000e+00,  0.000000e+00
  0.000000e+00,  0.000000e+00
  0.000000e+00,  0.000000e+00
  0.000000e+00,  0.000000e+00
  0.000000e+00,  0.000000e+00
  0.000000e+00,  0.000000e+00
  0.000000e+00,  0.000000e+00
  0.000000e+00,  0.000000e+00
  0.000000e+00,  0.000000e+00
  0.000000e+00,  0.000000e+00
  0.000000e+00,  0.000000e+00
  0.000000e+00,  0.000000e+00
  0.000000e+00,  0.000000e+00
  0.000000e+00,  0.000000e+00
  0.000000e+00,  0.000000e+00
  0.000000e+00,  0.000000e+00
  0.000000e+00,  0.000000e+00
  0.000000e+00,  0.000000e+00
  0.000000e+00,  0.000000e+00
  0.000000e+00,  0.000000e+00
  0.000000e+00,  0.000000e+00
  0.000000e+00,  0.000000e+00
  0.000000e+00,  0.000000e+00
  0.000000e+00,  0.000000e+00
  0.000000e+00,  0.000000e+00
  0.000000e+00,  0.000000e+00
  0.000000e+00,  0.000000e+00
  0.000000e+00,  0.000000e+00
  0.000000e+00,  0.000000e+00
  0.000000e+00,  0.000000e+00
  0.000000e+00,  0.000000e+00
  0.000000e+00,  0.000000e+00
  0.000000e+00,  0.000000e+00
  0.000000e+00,  0.000000e+00
  0.000000e+00,  0.000000e+00
  0.000000e+00,  0.000000e+00
  0.000000e+00,  0.000000e+00
  0.000000e+00,  0.000000e+00
  0.000000e+00,  0.000000e+00
  0.000000e+00,  0.000000e+00
  0.000000e+00,  0.000000e+00
  0.000000e+00,  0.000000e+00
  0.000000e+00,  0.000000e+00
  0.000000e+00,  0.000000e+00
  0.000000e+00,  0.000000e+00
  0.000000e+00,  0.000000e+00
  0.000000e+00,  0.000000e+00
  0.000000e+00,  0.000000e+00
  0.000000e+00,  0.000000e+00
  0.000000e+00,  0.000000e+00
  0.000000e+00,  0.000000e+00
  0.000000e+00,  0.000000e+00
  0.000000e+00,  0.000000e+00
  0.000000e+00,  0.000000e+00
  0.000000e+00,  0.000000e+00
  0.000000e+00,  0.000000e+00
  0.000000e+00,  0.000000e+00
  0.000000e+00,  0.000000e+00
  0.000000e+00,  0.000000e+00
  0.000000e+00,  0.000000e+00
  0.000000e+00,  0.000000e+00
  0.000000e+00,  0.000000e+00
  0.000000e+00,  0.000000e+00
  0.000000e+00,  0.000000e+00
  0.000000e+00,  0.000000e+00
  0.000000e+00,  0.000000e+00
  0.000000e+00,  0.000000e+00
  0.000000e+00,  0.000000e+00
  0.000000e+00,  0.000000e+00
  0.000000e+00,  0.000000e+00
  0.000000e+00,  0.000000e+00
  0.000000e+00,  0.000000e+00
  0.000000e+00,  0.000000e+00
  0.000000e+00,  0.000000e+00
  0.000000e+00,  0.000000e+00
  0.000000e+00,  0.000000e+00
  0.000000e+00,  0.000000e+00
  0.000000e+00,  0.000000e+00
  0.000000e+00,  0.000000e+00
  0.000000e+00,  0.000000e+00
  0.000000e+00,  0.000000e+00
  0.000000e+00,  0.000000e+00
  0.000000e+00,  0.000000e+00
  0.000000e+00,  0.000000e+00
  0.000000e+00,  0.000000e+00
  0.000000e+00,  0.000000e+00
  0.000000e+00,  0.000000e+00
  0.000000e+00,  0.000000e+00
  0.000000e+00,  0.000000e+00
  0.000000e+00,  0.000000e+00
  0.000000e+00,  0.000000e+00
  0.000000e+00,  0.000000e+00
  0.000000e+00,  0.000000e+00
  0.000000e+00,  0.000000e+00
  0.000000e+00,  0.000000e+00
  0.000000e+00,  0.000000e+00
  0.000000e+00,  0.000000e+00
  0.000000e+00,  0.000000e+00
  0.000000e+00,  0.000000e+00
  0.000000e+00,  0.000000e+00
  0.000000e+00,  0.000000e+00
  0.000000e+00,  0.000000e+00
  0.000000e+00,  0.000000e+00
  0.000000e+00,  0.000000e+00
  0.000000e+00,  0.000000e+00
  0.000000e+00,  0.000000e+00
  0.000000e+00,  0.000000e+00
  0.000000e+00,  0.000000e+00
  0.000000e+00,  0.000000e+00
  0.000000e+00,  0.000000e+00
  0.000000e+00,  0.000000e+00
  0.000000e+00,  0.000000e+00
  0.000000e+00,  0.000000e+00
  0.000000e+00,  0.000000e+00
  0.000000e+00,  0.000000e+00
  0.000000e+00,  0.000000e+00
  0.000000e+00,  0.000000e+00
  0.000000e+00,  0.000000e+00
  0.000000e+00,  0.000000e+00
  0.000000e+00,  0.000000e+00
  0.000000e+00,  0.000000e+00
  0.000000e+00,  0.000000e+00
  0.000000e+00,  0.000000e+00
  0.000000e+00,  0.000000e+00
  0.000000e+00,  0.000000e+00
  0.000000e+00,  0.000000e+00
  0.000000e+00,  0.000000e+00
  0.000000e+00,  0.000000e+00
  0.000000e+00,  0.000000e+00
  0.000000e+00,  0.000000e+00
  0.000000e+00,  0.000000e+00
  0.000000e+00,  0.000000e+00
  0.000000e+00,  0.000000e+00
  0.000000e+00,  0.000000e+00
  0.000000e+00,  0.000000e+00
  0.000000e+00,  0.000000e+00
  0.000000e+00,  0.000000e+00
  0.000000e+00,  0.000000e+00
  0.000000e+00,  0.000000e+00
  0.000000e+00,  0.000000e+00
  0.000000e+00,  0.000000e+00
  0.000000e+00,  0.000000e+00
  0.000000e+00,  0.000000e+00
  0.000000e+00,  0.000000e+00
  0.000000e+00,  0.000000e+00
  0.000000e+00,  0.000000e+00
  0.000000e+00,  0.000000e+00
  0.000000e+00,  0.000000e+00
  0.000000e+00,  0.000000e+00
  0.000000e+00,  0.000000e+00
  0.000000e+00,  0.000000e+00
  0.000000e+00,  0.000000e+00
  0.000000e+00,  0.000000e+00
  0.000000e+00,  0.000000e+00
  0.000000e+00,  0.000000e+00
  0.000000e+00,  0.000000e+00
  0.000000e+00,  0.000000e+00
  0.000000e+00,  0.000000e+00
  0.000000e+00,  0.000000e+00
  0.000000e+00,  0.000000e+00
  0.000000e+00,  0.000000e+00
  0.000000e+00,  0.000000e+00
  0.000000e+00,  0.000000e+00
  0.000000e+00,  0.000000e+00
  0.000000e+00,  0.000000e+00
  0.000000e+00,  0.000000e+00
  0.000000e+00,  0.000000e+00
  0.000000e+00,  0.000000e+00
  0.000000e+00,  0.000000e+00
  0.000000e+00,  0.000000e+00
  0.000000e+00,  0.000000e+00
  0.000000e+00,  0.000000e+00
  0.000000e+00,  0.000000e+00
  0.000000e+00,  0.000000e+00
  0.000000e+00,  0.000000e+00
  0.000000e+00,  0.000000e+00
  0.000000e+00,  0.000000e+00
  0.000000e+00,  0.000000e+00
  0.000000e+00,  0.000000e+00
  0.000000e+00,  0.000000e+00
  0.000000e+00,  0.000000e+00
  0.000000e+00,  0.000000e+00
  0.000000e+00,  0.000000e+00
  0.000000e+00,  0.000000e+00
  0.000000e+00,  0.000000e+00
  0.000000e+00,  0.000000e+00
  0.000000e+00,  0.000000e+00
  0.000000e+00,  0.000000e+00
  0.000000e+00,  0.000000e+00
  0.000000e+00,  0.000000e+00
  0.000000e+00,  0.000000e+00
  0.000000e+00,  0.000000e+00
  0.000000e+00,  0.000000e+00
  0.000000e+00,  0.000000e+00
  0.000000e+00,  0.000000e+00
  0.000000e+00,  0.000000e+00
  0.000000e+00,  0.000000e+00
  0.000000e+00,  0.000000e+00
  0.000000e+00,  0.000000e+00
  0.000000e+00,  0.000000e+00
  0.000000e+00,  0.000000e+00
  0.000000e+00,  0.000000e+00
  0.000000e+00,  0.000000e+00
  0.000000e+00,  0.000000e+00
  0.000000e+00,  0.000000e+00
  0.000000e+00,  0.000000e+00
  0.000000e+00,  0.000000e+00
  0.000000e+00,  0.000000e+00
  0.000000e+00,  0.000000e+00
  0.000000e+00,  0.000000e+00
  0.000000e+00,  0.000000e+00
  0.000000e+00,  0.000000e+00
  0.000000e+00,  0.000000e+00
  0.000000e+00,  0.000000e+00
  0.000000e+00,  0.000000e+00
  0.000000e+00,  0.000000e+00
  0.000000e+00,  0.000000e+00
  0.000000e+00,  0.000000e+00
  0.000000e+00,  0.000000e+00
  0.000000e+00,  0.000000e+00
  0.000000e+00,  0.000000e+00
  0.000000e+00,  0.000000e+00
  0.000000e+00,  0.000000e+00
  0.000000e+00,  0.000000e+00
  0.000000e+00,  0.000000e+00
  0.000000e+00,  0.000000e+00
  0.000000e+00,  0.000000e+00
  0.000000e+00,  0.000000e+00
  0.000000e+00,  0.000000e+00
  0.000000e+00,  0.000000e+00
  0.000000e+00,  0.000000e+00
  0.000000e+00,  0.000000e+00
  0.000000e+00,  0.000000e+00
  0.000000e+00,  0.000000e+00
  0.000000e+00,  0.000000e+00
  0.000000e+00,  0.000000e+00
  0.000000e+00,  0.000000e+00
  0.000000e+00,  0.000000e+00
  0.000000e+00,  0.000000e+00
  0.000000e+00,  0.000000e+00
  0.000000e+00,  0.000000e+00
  0.000000e+00,  0.000000e+00
  0.000000e+00,  0.000000e+00
  0.000000e+00,  0.000000e+00
  0.000000e+00,  0.000000e+00
  0.000000e+00,  0.000000e+00
  0.000000e+00,  0.000000e+00
  0.000000e+00,  0.000000e+00
  0.000000e+00,  0.000000e+00
  0.000000e+00,  0.000000e+00
  0.000000e+00,  0.000000e+00
  0.000000e+00,  0.000000e+00
  0.000000e+00,  0.000000e+00
  0.000000e+00,  0.000000e+00
  0.000000e+00,  0.000000e+00
  0.000000e+00,  0.000000e+00
  0.000000e+00,  0.000000e+00
  0.000000e+00,  0.000000e+00
  0.000000e+00,  0.000000e+00
  0.000000e+00,  0.000000e+00
  0.000000e+00,  0.000000e+00
  0.000000e+00,  0.000000e+00
  0.000000e+00,  0.000000e+00
  0.000000e+00,  0.000000e+00
  0.000000e+00,  0.000000e+00
  0.000000e+00,  0.000000e+00
  0.000000e+00,  0.000000e+00
  0.000000e+00,  0.000000e+00
  0.000000e+00,  0.000000e+00
  0.000000e+00,  0.000000e+00
  0.000000e+00,  0.000000e+00
  0.000000e+00,  0.000000e+00
  0.000000e+00,  0.000000e+00
  0.000000e+00,  0.000000e+00
  0.000000e+00,  0.000000e+00
  0.000000e+00,  0.000000e+00
  0.000000e+00,  0.000000e+00
  0.000000e+00,  0.000000e+00
  0.000000e+00,  0.000000e+00
  0.000000e+00,  0.000000e+00
  0.000000e+00,  0.000000e+00
  0.000000e+00,  0.000000e+00
  0.000000e+00,  0.000000e+00
  0.000000e+00,  0.000000e+00
  0.000000e+00,  0.000000e+00
  0.000000e+00,  0.000000e+00
  0.000000e+00,  0.000000e+00
  0.000000e+00,  0.000000e+00
  0.000000e+00,  0.000000e+00
  0.000000e+00,  0.000000e+00
  0.000000e+00,  0.000000e+00
  0.000000e+00,  0.000000e+00
  0.000000e+00,  0.000000e+00
  0.000000e+00,  0.000000e+00
  0.000000e+00,  0.000000e+00
  0.000000e+00,  0.000000e+00
  0.000000e+00,  0.000000e+00
  0.000000e+00,  0.000000e+00
  0.000000e+00,  0.000000e+00
  0.000000e+00,  0.000000e+00
  0.000000e+00,  0.000000e+00
  0.000000e+00,  0.000000e+00
  0.000000e+00,  0.000000e+00
  0.000000e+00,  0.000000e+00
  0.000000e+00,  0.000000e+00
  0.000000e+00,  0.000000e+00
  0.000000e+00,  0.000000e+00
  0.000000e+00,  0.000000e+00
  0.000000e+00,  0.000000e+00
  0.000000e+00,  0.000000e+00
  0.000000e+00,  0.000000e+00
  0.000000e+00,  0.000000e+00
  0.000000e+00,  0.000000e+00
  0.000000e+00,  0.000000e+00
  0.000000e+00,  0.000000e+00
  0.000000e+00,  0.000000e+00
  0.000000e+00,  0.000000e+00
  0.000000e+00,  0.000000e+00
  0.000000e+00,  0.000000e+00
  0.000000e+00,  0.000000e+00
  0.000000e+00,  0.000000e+00
  0.000000e+00,  0.000000e+00
  0.000000e+00,  0.000000e+00
  0.000000e+00,  0.000000e+00
  0.000000e+00,  0.000000e+00
  0.000000e+00,  0.000000e+00
  0.000000e+00,  0.000000e+00
  0.000000e+00,  0.000000e+00
  0.000000e+00,  0.000000e+00
  0.000000e+00,  0.000000e+00
  0.000000e+00,  0.000000e+00
  0.000000e+00,  0.000000e+00
  0.000000e+00,  0.000000e+00
  0.000000e+00,  0.000000e+00
  0.000000e+00,  0.000000e+00
  0.000000e+00,  0.000000e+00
  0.000000e+00,  0.000000e+00
  0.000000e+00,  0.000000e+00
  0.000000e+00,  0.000000e+00
  0.000000e+00,  0.000000e+00
  0.000000e+00,  0.000000e+00
  0.000000e+00,  0.000000e+00
  0.000000e+00,  0.000000e+00
  0.000000e+00,  0.000000e+00
  0.000000e+00,  0.000000e+00
  0.000000e+00,  0.000000e+00
  0.000000e+00,  0.000000e+00
  0.000000e+00,  0.000000e+00
  0.000000e+00,  0.000000e+00
  0.000000e+00,  0.000000e+00
  0.000000e+00,  0.000000e+00
  0.000000e+00,  0.000000e+00
  0.000000e+00,  0.000000e+00
  0.000000e+00,  0.000000e+00
  0.000000e+00,  0.000000e+00
  0.000000e+00,  0.000000e+00
  0.000000e+00,  0.000000e+00
  0.000000e+00,  0.000000e+00
  0.000000e+00,  0.000000e+00
  0.000000e+00,  0.000000e+00
  0.000000e+00,  0.000000e+00
  0.000000e+00,  0.000000e+00
  0.000000e+00,  0.000000e+00
  0.000000e+00,  0.000000e+00
  0.000000e+00,  0.000000e+00
  0.000000e+00,  0.000000e+00
  0.000000e+00,  0.000000e+00
  0.000000e+00,  0.000000e+00
  0.000000e+00,  0.000000e+00
  0.000000e+00,  0.000000e+00
  0.000000e+00,  0.000000e+00
  0.000000e+00,  0.000000e+00
  0.000000e+00,  0.000000e+00
  0.000000e+00,  0.000000e+00
  0.000000e+00,  0.000000e+00
  0.000000e+00,  0.000000e+00
  0.000000e+00,  0.000000e+00
  0.000000e+00,  0.000000e+00
  0.000000e+00,  0.000000e+00
  0.000000e+00,  0.000000e+00
  0.000000e+00,  0.000000e+00
  0.000000e+00,  0.000000e+00
  0.000000e+00,  0.000000e+00
  0.000000e+00,  0.000000e+00
  0.000000e+00,  0.000000e+00
  0.000000e+00,  0.000000e+00
  0.000000e+00,  0.000000e+00
  0.000000e+00,  0.000000e+00
  0.000000e+00,  0.000000e+00
  0.000000e+00,  0.000000e+00
  0.000000e+00,  0.000000e+00
  0.000000e+00,  0.000000e+00
  0.000000e+00,  0.000000e+00
  0.000000e+00,  0.000000e+00
  0.000000e+00,  0.000000e+00
  0.000000e+00,  0.000000e+00
  0.000000e+00,  0.000000e+00
  0.000000e+00,  0.000000e+00
  0.000000e+00,  0.000000e+00
  0.000000e+00,  0.000000e+00
  0.000000e+00,  0.000000e+00
  0.000000e+00,  0.000000e+00
  0.000000e+00,  0.000000e+00
  0.000000e+00,  0.000000e+00
  0.000000e+00,  0.000000e+00
  0.000000e+00,  0.000000e+00
  0.000000e+00,  0.000000e+00
  0.000000e+00,  0.000000e+00
  0.000000e+00,  0.000000e+00
  0.000000e+00,  0.000000e+00
  0.000000e+00,  0.000000e+00
  0.000000e+00,  0.000000e+00
  0.000000e+00,  0.000000e+00
  0.000000e+00,  0.000000e+00
  0.000000e+00,  0.000000e+00
  0.000000e+00,  0.000000e+00
  0.000000e+00,  0.000000e+00
  0.000000e+00,  0.000000e+00
  0.000000e+00,  0.000000e+00
  0.000000e+00,  0.000000e+00
  0.000000e+00,  0.000000e+00
  0.000000e+00,  0.000000e+00
  0.000000e+00,  0.000000e+00
  0.000000e+00,  0.000000e+00
  0.000000e+00,  0.000000e+00
  0.000000e+00,  0.000000e+00
  0.000000e+00,  0.000000e+00
  0.000000e+00,  0.000000e+00
  0.000000e+00,  0.000000e+00
  0.000000e+00,  0.000000e+00
  0.000000e+00,  0.000000e+00
  0.000000e+00,  0.000000e+00
  0.000000e+00,  0.000000e+00
  0.000000e+00,  0.000000e+00
  0.000000e+00,  0.000000e+00
  0.000000e+00,  0.000000e+00
  0.000000e+00,  0.000000e+00
  0.000000e+00,  0.000000e+00
  0.000000e+00,  0.000000e+00
  0.000000e+00,  0.000000e+00
  0.000000e+00,  0.000000e+00
  0.000000e+00,  0.000000e+00
  0.000000e+00,  0.000000e+00
  0.000000e+00,  0.000000e+00
  0.000000e+00,  0.000000e+00
  0.000000e+00,  0.000000e+00
  0.000000e+00,  0.000000e+00
  0.000000e+00,  0.000000e+00
  0.000000e+00,  0.000000e+00
  0.000000e+00,  0.000000e+00
  0.000000e+00,  0.000000e+00
  0.000000e+00,  0.000000e+00
  0.000000e+00,  0.000000e+00
  0.000000e+00,  0.000000e+00
  0.000000e+00,  0.000000e+00
  0.000000e+00,  0.000000e+00
  0.000000e+00,  0.000000e+00
  0.000000e+00,  0.000000e+00
  0.000000e+00,  0.000000e+00
  0.000000e+00,  0.000000e+00
  0.000000e+00,  0.000000e+00
  0.000000e+00,  0.000000e+00
  0.000000e+00,  0.000000e+00
  0.000000e+00,  0.000000e+00
  0.000000e+00,  0.000000e+00
  0.000000e+00,  0.000000e+00
  0.000000e+00,  0.000000e+00
  0.000000e+00,  0.000000e+00
  0.000000e+00,  0.000000e+00
  0.000000e+00,  0.000000e+00
  0.000000e+00,  0.000000e+00
  0.000000e+00,  0.000000e+00
  0.000000e+00,  0.000000e+00
  0.000000e+00,  0.000000e+00
  0.000000e+00,  0.000000e+00
  0.000000e+00,  0.000000e+00
  0.000000e+00,  0.000000e+00
  0.000000e+00,  0.000000e+00
  0.000000e+00,  0.000000e+00
  0.000000e+00,  0.000000e+00
  0.000000e+00,  0.000000e+00
  0.000000e+00,  0.000000e+00
  0.000000e+00,  0.000000e+00
  0.000000e+00,  0.000000e+00
  0.000000e+00,  0.000000e+00
  0.000000e+00,  0.000000e+00
  0.000000e+00,  0.000000e+00
  0.000000e+00,  0.000000e+00
  0.000000e+00,  0.000000e+00
  0.000000e+00,  0.000000e+00
  0.000000e+00,  0.000000e+00
  0.000000e+00,  0.000000e+00
  0.000000e+00,  0.000000e+00
  0.000000e+00,  0.000000e+00
  0.000000e+00,  0.000000e+00
  0.000000e+00,  0.000000e+00
  0.000000e+00,  0.000000e+00
  0.000000e+00,  0.000000e+00
  0.000000e+00,  0.000000e+00
  0.000000e+00,  0.000000e+00
  0.000000e+00,  0.000000e+00
  0.000000e+00,  0.000000e+00
  0.000000e+00,  0.000000e+00
  0.000000e+00,  0.000000e+00
  0.000000e+00,  0.000000e+00
  0.000000e+00,  0.000000e+00
  0.000000e+00,  0.000000e+00
  0.000000e+00,  0.000000e+00
  0.000000e+00,  0.000000e+00
  0.000000e+00,  0.000000e+00
  0.000000e+00,  0.000000e+00
  0.000000e+00,  0.000000e+00
  0.000000e+00,  0.000000e+00
  0.000000e+00,  0.000000e+00
  0.000000e+00,  0.000000e+00
  0.000000e+00,  0.000000e+00
  0.000000e+00,  0.000000e+00
  0.000000e+00,  0.000000e+00
  0.000000e+00,  0.000000e+00
  0.000000e+00,  0.000000e+00
  0.000000e+00,  0.000000e+00
  0.000000e+00,  0.000000e+00
  0.000000e+00,  0.000000e+00
  0.000000e+00,  0.000000e+00
  0.000000e+00,  0.000000e+00
  0.000000e+00,  0.000000e+00
  0.000000e+00,  0.000000e+00
  0.000000e+00,  0.000000e+00
  0.000000e+00,  0.000000e+00
  2.051976e+00,  2.159465e+02
  1.657115e+01,  2.548987e+02
  3.288934e+01,  3.054337e+02
  4.168968e+01,  3.450165e+02
  2.549503e+01,  3.540355e+02
  1.440432e+01,  3.169787e+02
  9.300130e+00,  2.775008e+02
  8.736879e+00,  1.623382e+02
  2.144758e+01,  1.222423e+02
  2.656158e+01,  1.016182e+02
  1.906873e+01,  8.328600e+01
  1.364678e+01,  9.020700e+00
  2.483271e+01,  3.310737e+02
  2.056735e+01,  3.153239e+02
  6.807500e+00,  2.615267e+02
  1.076609e+01,  1.512598e+02
  1.759333e+01,  1.069884e+02
  1.758525e+01,  9.923500e+01
  3.299453e+00,  1.814177e+02
  1.986280e+01,  2.883615e+02
  2.342039e+01,  3.114909e+02
  7.635488e+00,  4.062300e+00
  1.771892e+01,  1.352797e+02
  2.379096e+01,  1.550060e+02
  1.492538e+01,  1.480705e+02
  1.225254e+01,  1.270465e+02
  1.707885e+01,  1.511616e+02
  1.940550e+01,  1.696385e+02
  8.132729e+00,  1.569031e+02
  1.514881e+01,  4.235360e+01
  2.456380e+01,  2.960230e+01
  1.805839e+01,  1.829900e+00
  1.847746e+01,  3.150903e+02
  1.860161e+01,  3.207381e+02
  1.428760e+01,  2.022930e+01
  1.989041e+01,  7.788720e+01
  1.904269e+01,  1.074497e+02
  1.026923e+01,  1.348926e+02
  3.486969e+00,  1.393680e+02
  1.159931e+01,  8.607070e+01
  2.761746e+01,  9.690299e+01
  3.070416e+01,  1.150063e+02
  1.392051e+01,  1.535644e+02
  1.643756e+01,  2.843804e+02
  2.566366e+01,  3.160670e+02
  1.207189e+01,  3.409887e+02
  1.291248e+01,  1.574297e+02
  2.539666e+01,  1.808690e+02
  1.553814e+01,  2.088848e+02
  1.184671e+01,  3.434711e+02
  2.739246e+01,  1.405660e+01
  2.694555e+01,  1.199300e+01
  2.086809e+01,  3.463446e+02
  1.228194e+01,  3.324837e+02
  4.675224e+00,  1.144380e+02
  1.514232e+01,  1.274269e+02
  1.226212e+01,  1.121612e+02
  8.893565e+00,  4.564660e+01
  1.547255e+01,  7.197600e+00
  1.622329e+01,  3.481061e+02
  8.612269e+00,  3.185328e+02
  6.443975e+00,  1.786486e+02
  1.918278e+01,  1.467415e+02
  2.601787e+01,  1.362385e+02
  1.962209e+01,  1.381465e+02
  4.512051e+00,  2.415808e+02
  2.346608e+01,  3.076019e+02
  3.036733e+01,  3.197391e+02
  1.931267e+01,  3.441133e+02
  1.265763e+01,  7.625290e+01
  1.834783e+01,  1.248402e+02
  9.012556e+00,  1.593421e+02
  9.207726e+00,  2.978344e+02
  1.602565e+01,  3.134474e+02
  1.185418e+01,  2.999989e+02
  6.921635e+00,  2.485031e+02
  6.447029e+00,  2.040105e+02
  3.081260e+00,  2.126707e+02
  5.056677e+00,  3.140109e+02
  1.060397e+01,  3.222848e+02
  1.392418e+01,  3.285592e+02
  1.731710e+01,  3.444670e+02
  2.379792e+01,  3.521829e+02
  3.037434e+01,  3.469670e+02
  3.125422e+01,  3.409829e+02
  2.314590e+01,  3.294334e+02
  1.397216e+01,  2.858745e+02
  1.195441e+01,  2.238826e+02
  1.111331e+01,  1.562642e+02
  1.442752e+01,  1.038368e+02
  1.188815e+01,  6.692560e+01
  7.047998e+00,  3.414273e+02
  1.418072e+01,  2.771791e+02
  1.818898e+01,  2.501299e+02
  2.070810e+01,  2.235047e+02
  2.629553e+01,  2.257351e+02
  3.074970e+01,  2.598178e+02
  2.945452e+01,  3.132835e+02
  2.166026e+01,  3.995250e+01
  4.622272e+00,  1.391345e+02
##END=
