##TITLE= twqubit_C2180_H_25000.txt
##JCAMP-DX= 5.00 Bruker JCAMP library
##DATA TYPE= Shape Data
##ORIGIN= Colm's GRAPE Pulses 
##OWNER= caryan
##DATE= 05-Feb-2015
##TIME= 16:5
##MINX= 2.708617e-01
##MAXX= 3.237528e+01
##MINY= 2.349250e+00
##MAXY= 3.493564e+02
##$SHAPE_EXMODE= None
##$SHAPE_TOTROT= 9.000000e+01
##$SHAPE_BWFAC= 1.000000e+00
##$SHAPE_INTEGFAC= 1.000000e+00
##$SHAPE_MODE= 1
##NPOINTS= 200
##XYPOINTS= (XY..XY)
  2.708617e-01,  3.026550e+02
  1.695476e+00,  2.446618e+02
  2.547328e+00,  2.127477e+02
  3.011147e+00,  1.133702e+02
  8.211828e+00,  7.417050e+01
  1.393570e+01,  6.361170e+01
  1.920966e+01,  5.840353e+01
  2.333227e+01,  5.592981e+01
  2.600581e+01,  5.591216e+01
  2.729946e+01,  5.869286e+01
  2.734007e+01,  6.476677e+01
  2.663517e+01,  7.338565e+01
  2.567815e+01,  8.186475e+01
  2.444184e+01,  8.800630e+01
  2.280067e+01,  9.182486e+01
  2.039583e+01,  9.356274e+01
  1.688827e+01,  9.225452e+01
  1.295776e+01,  8.701010e+01
  9.632703e+00,  7.782878e+01
  7.206344e+00,  6.073304e+01
  6.696466e+00,  2.892697e+01
  9.079190e+00,  2.349250e+00
  1.251401e+01,  3.481705e+02
  1.537129e+01,  3.367685e+02
  1.712065e+01,  3.250490e+02
  1.803837e+01,  3.138785e+02
  1.839605e+01,  3.046228e+02
  1.830935e+01,  2.982542e+02
  1.810295e+01,  2.949852e+02
  1.785845e+01,  2.918584e+02
  1.716848e+01,  2.845853e+02
  1.618840e+01,  2.735692e+02
  1.532727e+01,  2.644186e+02
  1.447644e+01,  2.607384e+02
  1.353621e+01,  2.622516e+02
  1.269999e+01,  2.694515e+02
  1.275383e+01,  2.814760e+02
  1.407730e+01,  2.920067e+02
  1.591465e+01,  2.974088e+02
  1.741968e+01,  2.990372e+02
  1.790015e+01,  2.996459e+02
  1.703312e+01,  3.027414e+02
  1.528918e+01,  3.104977e+02
  1.320270e+01,  3.217199e+02
  1.059977e+01,  3.341545e+02
  7.430588e+00,  3.493564e+02
  4.775780e+00,  1.732106e+01
  4.150942e+00,  5.462659e+01
  4.229411e+00,  7.268597e+01
  4.048677e+00,  7.911763e+01
  3.896317e+00,  8.620115e+01
  2.709752e+00,  9.899211e+01
  1.329857e+00,  2.372515e+02
  7.006983e+00,  2.663500e+02
  1.357320e+01,  2.685690e+02
  2.037449e+01,  2.671617e+02
  2.677254e+01,  2.644957e+02
  3.115504e+01,  2.610615e+02
  3.237528e+01,  2.573598e+02
  3.060239e+01,  2.542885e+02
  2.651761e+01,  2.528618e+02
  2.074603e+01,  2.544077e+02
  1.441489e+01,  2.617575e+02
  9.182264e+00,  2.814297e+02
  6.724798e+00,  3.233379e+02
  8.726164e+00,  6.968240e+00
  1.289152e+01,  2.442302e+01
  1.549981e+01,  2.845760e+01
  1.496459e+01,  2.874622e+01
  1.222941e+01,  2.898851e+01
  8.786373e+00,  2.927381e+01
  5.366202e+00,  2.891408e+01
  2.640859e+00,  3.159171e+01
  1.510587e+00,  4.561842e+01
  1.956663e+00,  4.276573e+01
  3.157979e+00,  2.924738e+01
  4.667914e+00,  2.361533e+01
  6.427367e+00,  2.458034e+01
  8.457134e+00,  2.629495e+01
  1.083821e+01,  2.883263e+01
  1.386427e+01,  3.578607e+01
  1.770350e+01,  4.639894e+01
  2.168182e+01,  5.718106e+01
  2.411120e+01,  6.587850e+01
  2.385803e+01,  7.056003e+01
  2.203631e+01,  6.933733e+01
  2.044016e+01,  6.441156e+01
  1.848607e+01,  6.101380e+01
  1.523690e+01,  5.839596e+01
  1.175077e+01,  5.138820e+01
  8.737213e+00,  3.832022e+01
  6.166888e+00,  1.361730e+01
  6.501353e+00,  3.363979e+02
  9.561787e+00,  3.224069e+02
  1.250453e+01,  3.213471e+02
  1.456414e+01,  3.216162e+02
  1.575372e+01,  3.203783e+02
  1.528588e+01,  3.156612e+02
  1.030988e+01,  2.952227e+02
  3.256364e+00,  2.408608e+02
  7.789033e+00,  2.368044e+02
  8.991164e+00,  2.269078e+02
  7.885276e+00,  2.105782e+02
  6.656874e+00,  1.732478e+02
  7.907248e+00,  1.330740e+02
  1.084685e+01,  1.060489e+02
  1.427042e+01,  9.032606e+01
  1.727082e+01,  8.107556e+01
  1.966780e+01,  7.486415e+01
  2.146899e+01,  7.253629e+01
  2.235403e+01,  7.561143e+01
  2.258456e+01,  8.134961e+01
  2.244893e+01,  8.490492e+01
  2.197326e+01,  8.555414e+01
  2.129982e+01,  8.546107e+01
  1.982180e+01,  8.360823e+01
  1.696842e+01,  7.771630e+01
  1.357482e+01,  7.039468e+01
  1.018481e+01,  6.736253e+01
  6.638170e+00,  6.892922e+01
  3.280211e+00,  7.392367e+01
  9.718473e-01,  1.195102e+02
  2.182223e+00,  2.114408e+02
  4.540218e+00,  2.337551e+02
  6.936631e+00,  2.484699e+02
  8.950542e+00,  2.574847e+02
  1.025216e+01,  2.613475e+02
  1.072248e+01,  2.609452e+02
  1.087243e+01,  2.570108e+02
  1.130564e+01,  2.523321e+02
  1.166309e+01,  2.495911e+02
  1.143649e+01,  2.489602e+02
  1.097758e+01,  2.517821e+02
  1.098486e+01,  2.597658e+02
  1.164822e+01,  2.704007e+02
  1.250741e+01,  2.803026e+02
  1.324408e+01,  2.882181e+02
  1.384314e+01,  2.934151e+02
  1.415927e+01,  2.956514e+02
  1.386176e+01,  2.949675e+02
  1.264193e+01,  2.918842e+02
  1.071703e+01,  2.892226e+02
  8.854281e+00,  2.915642e+02
  7.473650e+00,  2.983059e+02
  5.883134e+00,  3.009113e+02
  3.460132e+00,  2.870448e+02
  2.295611e+00,  2.159315e+02
  4.783913e+00,  1.740515e+02
  7.520254e+00,  1.650336e+02
  9.578957e+00,  1.623077e+02
  1.041902e+01,  1.652080e+02
  9.888025e+00,  1.810914e+02
  1.022448e+01,  2.123484e+02
  1.301495e+01,  2.390807e+02
  1.661093e+01,  2.547263e+02
  2.027490e+01,  2.641852e+02
  2.343445e+01,  2.693967e+02
  2.527684e+01,  2.713518e+02
  2.573660e+01,  2.708903e+02
  2.537839e+01,  2.686000e+02
  2.464380e+01,  2.651892e+02
  2.348280e+01,  2.618947e+02
  2.159917e+01,  2.598373e+02
  1.896188e+01,  2.586520e+02
  1.577724e+01,  2.565026e+02
  1.218375e+01,  2.522703e+02
  8.542275e+00,  2.464409e+02
  5.836470e+00,  2.376347e+02
  4.958059e+00,  2.226751e+02
  5.524794e+00,  2.082299e+02
  6.379292e+00,  1.986259e+02
  7.083744e+00,  1.918623e+02
  7.429997e+00,  1.853993e+02
  6.881512e+00,  1.733177e+02
  5.937399e+00,  1.478868e+02
  6.080874e+00,  1.155004e+02
  7.171701e+00,  9.144108e+01
  8.735921e+00,  7.553431e+01
  1.056930e+01,  6.517988e+01
  1.252020e+01,  5.872865e+01
  1.488435e+01,  5.652118e+01
  1.792537e+01,  5.943609e+01
  2.134696e+01,  6.674867e+01
  2.402733e+01,  7.646280e+01
  2.459826e+01,  8.625128e+01
  2.310015e+01,  9.396390e+01
  2.083131e+01,  9.873123e+01
  1.837766e+01,  1.026112e+02
  1.545020e+01,  1.076275e+02
  1.210821e+01,  1.122243e+02
  8.603540e+00,  1.146950e+02
  4.916691e+00,  1.176039e+02
  1.181244e+00,  1.259607e+02
  2.015917e+00,  3.078466e+02
  4.116387e+00,  3.145656e+02
  5.154164e+00,  3.138372e+02
  5.711468e+00,  3.025478e+02
  4.365390e+00,  2.740524e+02
  3.219017e+00,  1.660727e+02
  6.540492e-01,  1.943198e+02
##END=
