##TITLE= twqubit_encoding3_C_nobufferfix2
##JCAMP-DX= 5.00 Bruker JCAMP library
##DATA TYPE= Shape Data
##ORIGIN= Colm Fixed Pulses 
##OWNER= d29lu
##DATE= 12-May-2015
##TIME= 16:30
##MINX= 1.010911e-01
##MAXX= 3.639298e+01
##MINY= 1.714331e+00
##MAXY= 3.561213e+02
##$SHAPE_EXMODE= None
##$SHAPE_TOTROT= 9.000000e+01
##$SHAPE_BWFAC= 1.000000e+00
##$SHAPE_INTEGFAC= 1.000000e+00
##$SHAPE_MODE= 1
##NPOINTS= 736
##XYPOINTS= (XY..XY)
  1.843343e+00,  3.070037e+00
  1.487540e+01,  1.246723e+02
  2.128023e+01,  1.687835e+02
  1.951989e+01,  2.396745e+02
  1.394748e+01,  3.254632e+02
  1.983871e+01,  3.216648e+01
  1.754608e+01,  6.467105e+01
  3.426553e+00,  1.106626e+02
  1.079020e+01,  2.633082e+02
  1.386332e+01,  2.972648e+02
  9.615021e+00,  3.561213e+02
  1.125213e+01,  6.785129e+01
  1.033477e+01,  9.616969e+01
  1.556709e+00,  9.054775e+01
  7.345834e+00,  3.150465e+02
  1.101798e+01,  3.400818e+02
  1.365243e+01,  3.114984e+01
  1.940262e+01,  7.919480e+01
  1.857152e+01,  1.201857e+02
  1.027328e+01,  2.012994e+02
  2.027369e+01,  2.968802e+02
  2.687600e+01,  3.356205e+02
  1.912072e+01,  1.704101e+01
  1.549765e+01,  9.433625e+01
  1.980487e+01,  1.285628e+02
  1.413535e+01,  1.047950e+02
  1.719171e+01,  4.616346e+01
  1.952329e+01,  3.104629e+01
  1.003352e+01,  2.613665e+01
  4.157623e+00,  2.165559e+02
  1.078391e+01,  1.918034e+02
  1.089873e+01,  1.516318e+02
  1.364083e+01,  1.046988e+02
  1.623960e+01,  7.471775e+01
  1.453312e+01,  3.634263e+01
  1.448878e+01,  3.522679e+02
  1.255159e+01,  3.152023e+02
  1.163722e+01,  2.630940e+02
  1.443790e+01,  2.264018e+02
  1.298237e+01,  2.036951e+02
  9.363410e+00,  1.624113e+02
  1.146162e+01,  1.374240e+02
  1.328412e+01,  1.629628e+02
  1.524408e+01,  2.082286e+02
  1.491166e+01,  2.546233e+02
  1.355063e+01,  3.176533e+02
  1.668499e+01,  1.005975e+01
  1.404951e+01,  2.357052e+01
  8.494519e+00,  3.177812e+02
  2.020906e+01,  2.834716e+02
  2.351745e+01,  2.877332e+02
  1.142065e+01,  2.921903e+02
  5.810791e+00,  1.052874e+02
  1.571442e+01,  1.103598e+02
  1.405991e+01,  1.184017e+02
  5.411967e+00,  1.184301e+02
  2.218471e+00,  3.714828e+01
  3.989506e+00,  5.195140e+01
  4.609760e+00,  8.038073e+01
  1.557959e+00,  1.656734e+02
  8.932557e+00,  2.522846e+02
  1.613493e+01,  2.624592e+02
  1.394696e+01,  2.612354e+02
  4.285332e+00,  1.951439e+02
  1.292739e+01,  1.228330e+02
  1.405872e+01,  1.166153e+02
  3.104789e+00,  2.222304e+01
  2.058878e+01,  3.243121e+02
  2.775631e+01,  3.297393e+02
  1.493285e+01,  3.384757e+02
  1.139375e+01,  1.323297e+02
  3.007872e+01,  1.455996e+02
  2.612423e+01,  1.438579e+02
  9.793706e+00,  7.078392e+01
  2.377950e+01,  9.772718e+00
  2.026452e+01,  2.101323e+01
  9.945569e+00,  1.159348e+02
  2.106444e+01,  1.796226e+02
  1.664292e+01,  2.140812e+02
  1.038849e+01,  3.237416e+02
  2.313275e+01,  2.774855e+01
  2.871039e+01,  6.490200e+01
  3.162119e+01,  9.406203e+01
  3.453009e+01,  1.072317e+02
  3.639298e+01,  1.082521e+02
  3.578357e+01,  1.060270e+02
  2.944492e+01,  1.169975e+02
  1.421939e+01,  1.570188e+02
  1.135555e+01,  2.705498e+02
  1.636379e+01,  3.304290e+02
  1.684453e+01,  5.044952e+01
  2.991384e+01,  1.094879e+02
  3.532622e+01,  1.387021e+02
  2.363640e+01,  1.714697e+02
  1.444966e+01,  2.613112e+02
  2.958520e+01,  3.250589e+02
  3.422652e+01,  3.555903e+02
  2.479564e+01,  3.196163e+01
  1.572061e+01,  1.114806e+02
  8.625427e+00,  2.401305e+02
  3.705347e+00,  4.606863e+01
  1.307761e+00,  2.228725e+02
  2.987232e-01,  1.371574e+01
  2.828492e-01,  3.037265e+02
  1.311892e-01,  1.635272e+01
  2.974203e-01,  2.997554e+02
  1.576018e-01,  1.525972e+01
  2.554585e-01,  3.025647e+02
  1.450581e-01,  2.332429e+00
  2.442429e-01,  3.036712e+02
  1.568582e-01,  3.512218e+02
  2.281047e-01,  3.085444e+02
  1.628857e-01,  3.440567e+02
  2.052694e-01,  3.107572e+02
  1.742204e-01,  3.314287e+02
  2.017083e-01,  3.190223e+02
  1.720502e-01,  3.271092e+02
  1.811767e-01,  3.217021e+02
  1.859999e-01,  3.239703e+02
  1.629735e-01,  3.269272e+02
  1.860164e-01,  3.194332e+02
  1.594893e-01,  3.282005e+02
  2.223161e-01,  3.167452e+02
  1.538420e-01,  3.329835e+02
  1.928584e-01,  3.154481e+02
  1.613430e-01,  3.309730e+02
  2.121194e-01,  3.147985e+02
  1.664739e-01,  3.358208e+02
  2.042682e-01,  3.142207e+02
  1.584943e-01,  3.326983e+02
  2.119335e-01,  3.130503e+02
  1.610882e-01,  3.331966e+02
  1.883204e-01,  3.191096e+02
  1.711830e-01,  3.302870e+02
  1.867847e-01,  3.182476e+02
  1.637542e-01,  3.303878e+02
  1.850187e-01,  3.194398e+02
  1.810162e-01,  3.265468e+02
  1.815196e-01,  3.225355e+02
  1.863510e-01,  3.212881e+02
  1.565740e-01,  3.280490e+02
  1.861942e-01,  3.191670e+02
  1.775029e-01,  3.282725e+02
  1.846316e-01,  3.220652e+02
  1.783214e-01,  3.268819e+02
  1.762250e-01,  3.188517e+02
  1.753759e-01,  3.313547e+02
  1.966955e-01,  3.194308e+02
  1.506289e-01,  3.266236e+02
  1.965498e-01,  3.203314e+02
  1.590009e-01,  3.262926e+02
  1.888075e-01,  3.236867e+02
  1.661429e-01,  3.248132e+02
  1.961349e-01,  3.204052e+02
  1.712125e-01,  3.276093e+02
  1.910287e-01,  3.199774e+02
  1.948290e-01,  3.279333e+02
  1.667491e-01,  3.195121e+02
  1.783239e-01,  3.260923e+02
  1.811625e-01,  3.220493e+02
  1.825713e-01,  3.227217e+02
  1.858748e-01,  3.224866e+02
  1.863910e-01,  3.226304e+02
  1.788573e-01,  3.255366e+02
  1.872233e-01,  3.204755e+02
  1.700715e-01,  3.296281e+02
  1.779090e-01,  3.279013e+02
  1.688520e-01,  3.272589e+02
  1.862972e-01,  3.198221e+02
  1.751995e-01,  3.283423e+02
  1.842825e-01,  3.211080e+02
  1.589044e-01,  3.248162e+02
  1.899305e-01,  3.204172e+02
  1.689932e-01,  3.260777e+02
  1.816080e-01,  3.268789e+02
  1.630725e-01,  3.278227e+02
  1.756318e-01,  3.223585e+02
  1.862708e-01,  3.220642e+02
  1.768605e-01,  3.243681e+02
  1.622564e-01,  3.231482e+02
  1.804936e-01,  3.213498e+02
  1.922216e-01,  3.268886e+02
  1.706443e-01,  3.228093e+02
  1.854141e-01,  3.246249e+02
  1.784385e-01,  3.212204e+02
  1.803399e-01,  3.248683e+02
  1.624620e-01,  3.242844e+02
  1.847608e-01,  3.224841e+02
  1.705987e-01,  3.222500e+02
  1.964031e-01,  3.216015e+02
  1.767761e-01,  3.282536e+02
  1.864861e-01,  3.213561e+02
  1.772766e-01,  3.266962e+02
  1.721296e-01,  3.223870e+02
  1.762981e-01,  3.244270e+02
  1.734906e-01,  3.231157e+02
  1.866700e-01,  3.277526e+02
  1.755712e-01,  3.214893e+02
  1.698737e-01,  3.228499e+02
  1.748838e-01,  3.197773e+02
  1.829562e-01,  3.259125e+02
  1.848149e-01,  3.248724e+02
  1.812742e-01,  3.201858e+02
  1.783637e-01,  3.222721e+02
  1.761450e-01,  3.240893e+02
  1.735990e-01,  3.241164e+02
  1.802978e-01,  3.244578e+02
  1.830575e-01,  3.248273e+02
  1.853241e-01,  3.197487e+02
  1.779560e-01,  3.252835e+02
  1.776631e-01,  3.230363e+02
  1.793540e-01,  3.241076e+02
  1.873758e-01,  3.220803e+02
  1.779843e-01,  3.229861e+02
  1.904664e-01,  3.218841e+02
  1.608839e-01,  3.279680e+02
  1.875623e-01,  3.217503e+02
  1.755104e-01,  3.230516e+02
  1.761820e-01,  3.254008e+02
  1.751482e-01,  3.206481e+02
  1.845476e-01,  3.232907e+02
  1.880157e-01,  3.241298e+02
  1.722949e-01,  3.292496e+02
  1.747765e-01,  3.210936e+02
  1.667601e-01,  3.246627e+02
  1.879633e-01,  3.266886e+02
  1.751887e-01,  3.231214e+02
  1.786142e-01,  3.262317e+02
  1.677016e-01,  3.253993e+02
  1.939762e-01,  3.242059e+02
  1.680613e-01,  3.262530e+02
  1.789522e-01,  3.240710e+02
  1.717360e-01,  3.229419e+02
  1.870854e-01,  3.264801e+02
  1.727580e-01,  3.244435e+02
  1.659310e-01,  3.231799e+02
  1.691891e-01,  3.241697e+02
  1.791098e-01,  3.256437e+02
  1.789691e-01,  3.217815e+02
  1.815436e-01,  3.209311e+02
  1.873103e-01,  3.213259e+02
  1.753327e-01,  3.246035e+02
  1.871209e-01,  3.231607e+02
  1.666849e-01,  3.251639e+02
  1.730025e-01,  3.232022e+02
  1.713506e-01,  3.273007e+02
  1.941096e-01,  3.208259e+02
  1.660973e-01,  3.267415e+02
  1.781494e-01,  3.226899e+02
  1.696016e-01,  3.238464e+02
  1.811626e-01,  3.289426e+02
  1.684331e-01,  3.222212e+02
  1.759406e-01,  3.280487e+02
  1.714265e-01,  3.232651e+02
  1.872892e-01,  3.255334e+02
  1.663268e-01,  3.180122e+02
  1.926741e-01,  3.307173e+02
  1.641453e-01,  3.183703e+02
  1.961142e-01,  3.333175e+02
  1.694156e-01,  3.138429e+02
  1.794762e-01,  3.308033e+02
  1.728825e-01,  3.174921e+02
  1.834236e-01,  3.264500e+02
  2.013593e-01,  3.165271e+02
  1.692174e-01,  3.329002e+02
  1.964477e-01,  3.122441e+02
  1.742779e-01,  3.371978e+02
  2.111622e-01,  3.128125e+02
  1.006755e+00,  9.369336e+01
  1.365467e+01,  1.308344e+02
  2.151243e+01,  1.422733e+02
  1.548573e+01,  2.017929e+02
  2.283863e+01,  2.822077e+02
  3.508089e+01,  3.199871e+02
  2.532804e+01,  3.300463e+02
  7.324080e+00,  2.835718e+02
  1.682561e+01,  1.903811e+02
  2.248006e+01,  1.821198e+02
  1.540277e+01,  1.824598e+02
  1.708072e+00,  1.171872e+02
  1.144035e+01,  2.445839e+01
  1.422709e+01,  2.827763e+01
  6.914591e+00,  3.096341e+01
  5.808912e+00,  2.360477e+02
  1.611859e+01,  2.441738e+02
  1.863750e+01,  2.589243e+02
  1.188280e+01,  2.736171e+02
  1.934015e+00,  3.520123e+02
  8.992300e+00,  7.937543e+01
  1.094466e+01,  8.296682e+01
  6.582602e+00,  5.345684e+01
  9.703149e+00,  3.407041e+02
  1.622610e+01,  3.281945e+02
  1.591461e+01,  3.262522e+02
  9.791706e+00,  3.099242e+02
  7.999613e+00,  2.602848e+02
  9.940445e+00,  2.405620e+02
  7.423450e+00,  2.379092e+02
  6.757895e-01,  1.318068e+02
  1.059885e+01,  7.746079e+01
  2.032042e+01,  8.153368e+01
  2.382678e+01,  8.177602e+01
  1.995207e+01,  8.056002e+01
  1.229814e+01,  8.348276e+01
  4.134047e+00,  1.176620e+02
  6.139307e+00,  2.093472e+02
  1.167109e+01,  2.216295e+02
  1.507367e+01,  2.227109e+02
  1.503642e+01,  2.227441e+02
  1.056882e+01,  2.294472e+02
  3.312591e+00,  2.795915e+02
  7.830129e+00,  2.387789e+01
  1.329714e+01,  5.208153e+01
  1.356734e+01,  8.719227e+01
  1.270956e+01,  1.428339e+02
  1.440179e+01,  1.914426e+02
  1.216995e+01,  2.314735e+02
  8.811953e+00,  2.894959e+02
  8.088671e+00,  3.394833e+02
  2.550979e+00,  4.236110e+01
  9.657378e+00,  1.578971e+02
  1.719975e+01,  1.702980e+02
  1.404207e+01,  1.659039e+02
  7.376896e+00,  8.479157e+01
  1.776699e+01,  4.235151e+01
  1.927923e+01,  4.311341e+01
  1.022424e+01,  7.337205e+01
  1.518856e+01,  1.580111e+02
  2.635671e+01,  1.726202e+02
  2.755575e+01,  1.644147e+02
  2.329011e+01,  1.434962e+02
  1.465251e+01,  1.294337e+02
  3.795372e+00,  1.467303e+02
  5.050075e+00,  2.329274e+02
  8.338675e+00,  2.147229e+02
  1.120273e+01,  1.980268e+02
  1.221350e+01,  2.031634e+02
  1.064176e+01,  2.387886e+02
  1.048744e+01,  2.931259e+02
  1.073098e+01,  3.536162e+02
  1.553203e+01,  5.798724e+01
  2.119932e+01,  9.896662e+01
  1.904960e+01,  1.333133e+02
  1.066156e+01,  1.783254e+02
  6.888654e+00,  2.704083e+02
  9.455925e+00,  3.308593e+02
  6.705899e+00,  6.893528e+00
  2.392222e+00,  1.898403e+02
  1.491934e+01,  2.262487e+02
  2.331102e+01,  2.402968e+02
  1.811452e+01,  2.389192e+02
  4.521535e+00,  1.775345e+02
  1.308588e+01,  7.806971e+01
  1.825936e+01,  6.496388e+01
  1.531158e+01,  3.937910e+01
  1.329177e+01,  3.455149e+02
  1.509866e+01,  3.049966e+02
  1.302660e+01,  2.816492e+02
  7.320263e+00,  2.556197e+02
  2.481022e+00,  2.079992e+02
  1.376953e+00,  6.478994e+01
  3.925239e+00,  2.710029e+01
  4.843742e+00,  2.780131e+01
  3.449846e+00,  6.038161e+01
  5.289805e+00,  1.150332e+02
  8.411173e+00,  1.264452e+02
  8.376827e+00,  1.241246e+02
  4.493642e+00,  1.145609e+02
  2.692656e-01,  2.030490e+02
  4.514092e+00,  2.416050e+02
  9.182386e+00,  2.300480e+02
  1.114534e+01,  2.254092e+02
  7.954974e+00,  2.262912e+02
  3.477779e+00,  2.801466e+02
  7.885156e+00,  3.350714e+02
  1.084881e+01,  3.381203e+02
  7.815677e+00,  3.322340e+02
  1.440106e+00,  3.279875e+02
  4.213019e+00,  9.524189e+01
  9.727924e+00,  7.252918e+01
  1.338937e+01,  5.508079e+01
  1.088900e+01,  3.455803e+01
  3.473022e+00,  3.299093e+02
  9.481693e+00,  2.207722e+02
  1.728932e+01,  1.916247e+02
  2.118783e+01,  1.609016e+02
  2.131573e+01,  1.332871e+02
  1.448600e+01,  1.257868e+02
  5.892973e+00,  1.989759e+02
  1.511845e+01,  2.587990e+02
  1.709714e+01,  2.740815e+02
  8.936061e+00,  2.914553e+02
  1.781196e+00,  3.826943e+01
  3.869869e+00,  1.334888e+02
  8.558393e+00,  1.977385e+02
  1.494646e+01,  2.200359e+02
  1.393827e+01,  2.198115e+02
  7.163345e+00,  1.708369e+02
  1.080734e+01,  9.550794e+01
  1.369866e+01,  7.191378e+01
  8.747144e+00,  3.938270e+01
  9.589618e+00,  3.132746e+02
  1.665072e+01,  2.917047e+02
  1.612208e+01,  3.006728e+02
  1.121727e+01,  3.501257e+02
  1.503765e+01,  5.588896e+01
  1.895773e+01,  9.811643e+01
  2.063978e+01,  1.431089e+02
  2.173993e+01,  1.813991e+02
  1.577686e+01,  2.107062e+02
  5.751427e+00,  2.607257e+02
  5.618325e+00,  3.406024e+02
  4.341655e+00,  3.123163e+02
  9.484934e+00,  2.592716e+02
  1.476550e+01,  2.615852e+02
  1.042172e+01,  2.739889e+02
  2.831582e+00,  6.993946e+01
  1.453446e+01,  1.039204e+02
  1.828581e+01,  1.146063e+02
  1.184887e+01,  1.091395e+02
  5.803025e+00,  3.567909e+01
  1.099622e+01,  3.533662e+02
  1.043762e+01,  3.473755e+02
  3.501646e+00,  2.739448e+02
  1.509147e+01,  2.070669e+02
  2.456256e+01,  2.098926e+02
  2.125257e+01,  2.156912e+02
  5.371144e+00,  1.870894e+02
  1.645672e+01,  6.470729e+01
  2.639639e+01,  5.987687e+01
  2.148831e+01,  5.371568e+01
  1.021022e+01,  1.686050e+01
  9.266091e+00,  3.027692e+02
  8.295873e+00,  2.511620e+02
  1.323298e+01,  1.873002e+02
  2.172413e+01,  1.733144e+02
  2.144584e+01,  1.757024e+02
  1.298902e+01,  1.797912e+02
  4.163176e+00,  1.567975e+02
  5.604478e+00,  1.094418e+02
  1.075581e+01,  1.416554e+02
  1.497616e+01,  1.793014e+02
  1.595070e+01,  2.306231e+02
  2.094608e+01,  2.925229e+02
  2.770516e+01,  3.328656e+02
  2.208800e+01,  3.536359e+02
  3.852116e+00,  2.996991e+02
  1.625361e+01,  2.182359e+02
  1.261509e+01,  2.278405e+02
  8.121803e+00,  3.690836e+01
  2.862995e+01,  6.057574e+01
  3.029404e+01,  7.170316e+01
  1.217332e+01,  6.525193e+01
  1.023346e+01,  2.754941e+02
  2.004576e+01,  2.572812e+02
  1.745189e+01,  2.318092e+02
  1.756465e+01,  1.692590e+02
  2.508861e+01,  1.368558e+02
  2.335420e+01,  1.287742e+02
  1.014394e+01,  1.231409e+02
  6.700314e+00,  3.533075e+02
  1.292315e+01,  3.378603e+02
  7.640952e+00,  3.056330e+02
  1.455338e+01,  2.326244e+02
  2.576618e+01,  2.383000e+02
  2.012977e+01,  2.493703e+02
  5.390209e+00,  6.219542e+01
  1.432631e+00,  3.010396e+02
  9.990201e-01,  2.312046e+02
  4.764736e-01,  1.699078e+01
  1.010911e-01,  3.442579e+02
  2.353135e-01,  3.026804e+02
  1.509174e-01,  3.553859e+02
  2.417790e-01,  3.079785e+02
  1.460163e-01,  3.485063e+02
  2.089447e-01,  3.138475e+02
  1.530950e-01,  3.406159e+02
  2.081747e-01,  3.134444e+02
  1.549094e-01,  3.402131e+02
  2.135187e-01,  3.147563e+02
  1.529844e-01,  3.359675e+02
  1.902507e-01,  3.187660e+02
  1.629543e-01,  3.282409e+02
  1.771252e-01,  3.244847e+02
  1.776810e-01,  3.227881e+02
  1.644034e-01,  3.251524e+02
  1.838650e-01,  3.224746e+02
  1.603871e-01,  3.286663e+02
  1.878491e-01,  3.186515e+02
  1.559671e-01,  3.325298e+02
  1.858843e-01,  3.168844e+02
  1.713768e-01,  3.315279e+02
  1.950200e-01,  3.146631e+02
  1.614141e-01,  3.340970e+02
  1.917200e-01,  3.166081e+02
  1.714095e-01,  3.269770e+02
  1.771743e-01,  3.230839e+02
  1.667696e-01,  3.287081e+02
  1.781531e-01,  3.228225e+02
  1.694703e-01,  3.286173e+02
  1.893390e-01,  3.252143e+02
  1.692530e-01,  3.266583e+02
  1.916179e-01,  3.223387e+02
  1.604554e-01,  3.278805e+02
  1.903340e-01,  3.171315e+02
  1.668781e-01,  3.281271e+02
  1.677169e-01,  3.207287e+02
  1.707600e-01,  3.201388e+02
  1.675277e-01,  3.300104e+02
  1.804054e-01,  3.267970e+02
  1.689228e-01,  3.240134e+02
  1.809087e-01,  3.213430e+02
  1.497253e-01,  3.301279e+02
  1.829916e-01,  3.263326e+02
  1.778097e-01,  3.292898e+02
  1.958308e-01,  3.190432e+02
  1.602855e-01,  3.258912e+02
  1.880304e-01,  3.214782e+02
  1.812816e-01,  3.280361e+02
  1.843436e-01,  3.200680e+02
  1.745945e-01,  3.302610e+02
  1.799595e-01,  3.192363e+02
  1.727064e-01,  3.289742e+02
  1.787038e-01,  3.243885e+02
  1.813968e-01,  3.220775e+02
  1.788414e-01,  3.262436e+02
  1.671189e-01,  3.262583e+02
  1.692882e-01,  3.252203e+02
  1.757010e-01,  3.236393e+02
  1.769921e-01,  3.250473e+02
  1.746367e-01,  3.244579e+02
  1.674526e-01,  3.271442e+02
  1.783013e-01,  3.222056e+02
  1.610783e-01,  3.234999e+02
  1.846584e-01,  3.223742e+02
  1.780142e-01,  3.280690e+02
  1.654275e-01,  3.228268e+02
  1.897654e-01,  3.253424e+02
  1.853078e-01,  3.230665e+02
  1.694647e-01,  3.238650e+02
  1.853559e-01,  3.222482e+02
  1.678420e-01,  3.248553e+02
  1.863084e-01,  3.267721e+02
  1.678233e-01,  3.255166e+02
  1.801926e-01,  3.236352e+02
  1.777359e-01,  3.254799e+02
  1.645356e-01,  3.194988e+02
  1.782153e-01,  3.221690e+02
  1.902601e-01,  3.229746e+02
  1.638643e-01,  3.266997e+02
  1.779059e-01,  3.264422e+02
  1.815602e-01,  3.255420e+02
  1.888898e-01,  3.274860e+02
  1.717990e-01,  3.269245e+02
  1.703321e-01,  3.219254e+02
  1.728628e-01,  3.244753e+02
  1.671949e-01,  3.281119e+02
  1.767326e-01,  3.262721e+02
  1.677797e-01,  3.252439e+02
  1.767560e-01,  3.247404e+02
  1.630065e-01,  3.295443e+02
  1.946731e-01,  3.222529e+02
  1.673811e-01,  3.278843e+02
  1.814004e-01,  3.226380e+02
  1.806271e-01,  3.270861e+02
  1.756985e-01,  3.264262e+02
  1.754145e-01,  3.242144e+02
  1.805403e-01,  3.215685e+02
  1.654830e-01,  3.216301e+02
  1.985438e-01,  3.251418e+02
  1.754143e-01,  3.241793e+02
  1.677568e-01,  3.274010e+02
  1.746242e-01,  3.189901e+02
  1.762797e-01,  3.286435e+02
  1.771093e-01,  3.209334e+02
  1.768823e-01,  3.289108e+02
  1.863772e-01,  3.295292e+02
  1.734038e-01,  3.233939e+02
  1.857272e-01,  3.244864e+02
  1.898278e-01,  3.173758e+02
  1.789471e-01,  3.275689e+02
  1.650159e-01,  3.212892e+02
  1.786385e-01,  3.236172e+02
  1.632619e-01,  3.252397e+02
  1.881056e-01,  3.242640e+02
  1.662723e-01,  3.228760e+02
  1.793771e-01,  3.265255e+02
  1.771949e-01,  3.199934e+02
  1.904676e-01,  3.263425e+02
  1.630588e-01,  3.198665e+02
  1.776066e-01,  3.234694e+02
  1.739585e-01,  3.272599e+02
  1.808643e-01,  3.200540e+02
  1.904503e-01,  3.270422e+02
  1.856296e-01,  3.275048e+02
  1.738803e-01,  3.233048e+02
  1.723570e-01,  3.219573e+02
  1.714531e-01,  3.281939e+02
  1.851941e-01,  3.211407e+02
  1.778796e-01,  3.228862e+02
  1.786623e-01,  3.223061e+02
  1.733543e-01,  3.279454e+02
  1.664331e-01,  3.218466e+02
  1.911869e-01,  3.267880e+02
  1.619830e-01,  3.227263e+02
  1.889518e-01,  3.275316e+02
  1.672028e-01,  3.228971e+02
  1.837396e-01,  3.288565e+02
  1.573466e-01,  3.245328e+02
  2.031157e-01,  3.248423e+02
  1.648603e-01,  3.248379e+02
  1.968849e-01,  3.250013e+02
  1.673166e-01,  3.265468e+02
  1.899782e-01,  3.286219e+02
  1.695236e-01,  3.232973e+02
  1.853632e-01,  3.212205e+02
  1.600170e-01,  3.280193e+02
  1.791853e-01,  3.219334e+02
  2.009636e-01,  3.287703e+02
  1.607807e-01,  3.201710e+02
  1.842511e-01,  3.276400e+02
  1.622041e-01,  3.178241e+02
  2.024359e-01,  3.297276e+02
  1.548715e-01,  3.201059e+02
  2.075831e-01,  3.304902e+02
  1.531030e-01,  3.149001e+02
  1.961944e-01,  3.318198e+02
  1.640532e-01,  3.129345e+02
  2.210362e-01,  3.332895e+02
  1.524382e-01,  3.082918e+02
  2.279466e-01,  3.314509e+02
  1.410673e-01,  3.184304e+02
  2.164372e-01,  3.327778e+02
  1.465201e-01,  3.141680e+02
  2.172566e-01,  3.329497e+02
  1.425388e-01,  3.096966e+02
  2.609238e+00,  3.504492e+02
  5.586517e+00,  2.440650e+02
  5.658246e+00,  1.905306e+02
  1.322305e+01,  9.788153e+01
  2.058883e+01,  7.328630e+01
  1.839148e+01,  5.249726e+01
  1.033043e+01,  1.714331e+00
  1.190558e+01,  2.859790e+02
  1.392269e+01,  2.476788e+02
  1.228580e+01,  2.023606e+02
  1.393435e+01,  1.559920e+02
  1.489186e+01,  1.338779e+02
  1.056475e+01,  1.289582e+02
  4.599559e+00,  1.654760e+02
  6.390784e+00,  2.252875e+02
  6.769447e+00,  2.374995e+02
  2.477701e+00,  2.728569e+02
  5.157234e+00,  1.252814e+01
  7.586893e+00,  9.710953e+00
  6.062550e+00,  3.202496e+02
  1.246873e+01,  2.623884e+02
  1.893612e+01,  2.505782e+02
  1.556117e+01,  2.404647e+02
  6.927361e+00,  1.808523e+02
  1.440445e+01,  1.218084e+02
  1.732088e+01,  1.225134e+02
  9.560984e+00,  1.406324e+02
  6.359420e+00,  2.665400e+02
  1.630339e+01,  3.037066e+02
  1.866483e+01,  3.239794e+02
  1.320721e+01,  3.423015e+02
  4.742938e+00,  3.490658e+02
  1.659306e+00,  2.456773e+02
  1.805660e+00,  2.401534e+02
  3.009150e+00,  9.468660e+01
  1.377801e+01,  1.086716e+02
  2.388454e+01,  1.243439e+02
  2.404374e+01,  1.443718e+02
  1.576276e+01,  1.887108e+02
  1.804528e+01,  2.643451e+02
  2.370650e+01,  3.033174e+02
  1.769535e+01,  3.317449e+02
  7.535310e+00,  4.032618e+01
  1.244723e+01,  1.201611e+02
  1.282983e+01,  1.457673e+02
  5.497238e+00,  1.748814e+02
  3.665327e+00,  2.964355e+02
  4.909270e+00,  3.176657e+02
  1.561801e+00,  3.197105e+02
  1.779855e+00,  1.512343e+02
  2.321403e+00,  1.295922e+02
  2.733674e+00,  7.822954e+01
  3.633067e+00,  7.035308e+01
  3.681204e+00,  1.177182e+02
  6.685724e+00,  1.655505e+02
  7.524133e+00,  1.800519e+02
  1.869868e+00,  1.675379e+02
  6.869873e+00,  2.369354e+01
  1.170678e+01,  2.410830e+01
  7.661628e+00,  1.743781e+01
  4.431160e+00,  2.344780e+02
  1.397214e+01,  2.138180e+02
  1.622749e+01,  1.988378e+02
  1.285678e+01,  1.591076e+02
  1.421296e+01,  1.082984e+02
  1.493979e+01,  7.182342e+01
  1.311655e+01,  2.677793e+01
  1.475586e+01,  3.387659e+02
  1.600377e+01,  3.070138e+02
  1.411224e+01,  2.800394e+02
  9.670151e+00,  2.525780e+02
  2.882304e+00,  2.080442e+02
  5.873839e+00,  8.005643e+01
  1.151082e+01,  7.602159e+01
  1.317472e+01,  8.521737e+01
  1.100573e+01,  9.681122e+01
  8.300468e+00,  9.143127e+01
  8.775235e+00,  6.075942e+01
  1.281984e+01,  4.239370e+01
  1.282804e+01,  3.399165e+01
  7.071825e+00,  3.813951e+00
  7.937605e+00,  2.765086e+02
  1.270169e+01,  2.582305e+02
  9.715696e+00,  2.456166e+02
  3.222058e+00,  1.518924e+02
  1.091849e+01,  9.906807e+01
  1.428564e+01,  9.076142e+01
  1.178033e+01,  7.427687e+01
  9.484447e+00,  4.261919e+01
  7.558062e+00,  2.565353e+01
  1.360933e+00,  2.550237e+01
  7.103817e+00,  2.175396e+02
  1.532592e+01,  2.355453e+02
  1.864148e+01,  2.554859e+02
  1.459718e+01,  2.759797e+02
  8.132450e+00,  3.184841e+02
  1.003490e+01,  1.562848e+01
  1.503530e+01,  2.461210e+01
  1.422604e+01,  1.172865e+01
  3.674122e+00,  2.754653e+02
##END=