##TITLE= twqubit_encoding3_H_nobufferfix9
##JCAMP-DX= 5.00 Bruker JCAMP library
##DATA TYPE= Shape Data
##ORIGIN= Colm Fixed Pulses 
##OWNER= d29lu
##DATE= 12-May-2015
##TIME= 17:4
##MINX= 7.501765e-02
##MAXX= 3.048830e+01
##MINY= 2.423281e-01
##MAXY= 3.599241e+02
##$SHAPE_EXMODE= None
##$SHAPE_TOTROT= 9.000000e+01
##$SHAPE_BWFAC= 1.000000e+00
##$SHAPE_INTEGFAC= 1.000000e+00
##$SHAPE_MODE= 1
##NPOINTS= 736
##XYPOINTS= (XY..XY)
  9.682718e-01,  1.877358e+02
  8.759312e+00,  1.081066e+02
  1.559657e+01,  8.900395e+01
  1.364694e+01,  4.829046e+01
  1.313553e+01,  6.530415e+00
  1.665172e+01,  3.316684e+02
  2.101710e+01,  3.109704e+02
  2.516889e+01,  2.961284e+02
  2.800096e+01,  2.817944e+02
  3.009214e+01,  2.716880e+02
  3.048830e+01,  2.665781e+02
  2.929232e+01,  2.657891e+02
  2.681586e+01,  2.677253e+02
  2.317220e+01,  2.706090e+02
  1.919566e+01,  2.723464e+02
  1.703132e+01,  2.747299e+02
  1.572066e+01,  2.777392e+02
  1.452872e+01,  2.808882e+02
  1.319779e+01,  2.858850e+02
  1.172991e+01,  2.927934e+02
  1.036768e+01,  3.018856e+02
  9.054938e+00,  3.117243e+02
  7.171868e+00,  3.210217e+02
  4.160586e+00,  3.326397e+02
  1.097836e+00,  4.493092e+01
  5.149060e+00,  1.378590e+02
  1.076993e+01,  1.462133e+02
  1.606085e+01,  1.469726e+02
  1.948085e+01,  1.456120e+02
  2.163918e+01,  1.450745e+02
  2.239854e+01,  1.445775e+02
  2.053129e+01,  1.413801e+02
  1.789743e+01,  1.376610e+02
  1.476689e+01,  1.353164e+02
  1.022910e+01,  1.289466e+02
  6.056874e+00,  1.071812e+02
  4.447238e+00,  5.975636e+01
  5.857349e+00,  1.504302e+01
  9.211075e+00,  3.533660e+02
  1.261607e+01,  3.436026e+02
  1.428685e+01,  3.353264e+02
  1.450421e+01,  3.240284e+02
  1.419194e+01,  3.090435e+02
  1.438244e+01,  2.922726e+02
  1.478101e+01,  2.762995e+02
  1.530200e+01,  2.648313e+02
  1.530540e+01,  2.599131e+02
  1.509227e+01,  2.644579e+02
  1.541188e+01,  2.749637e+02
  1.643046e+01,  2.888319e+02
  1.722560e+01,  3.048850e+02
  1.867810e+01,  3.220987e+02
  2.062718e+01,  3.329976e+02
  2.248973e+01,  3.361777e+02
  2.278924e+01,  3.312418e+02
  2.209283e+01,  3.192853e+02
  2.114331e+01,  3.035091e+02
  1.970548e+01,  2.856478e+02
  1.813030e+01,  2.676574e+02
  1.625913e+01,  2.487987e+02
  1.417839e+01,  2.311651e+02
  1.173970e+01,  2.165898e+02
  8.729338e+00,  2.081600e+02
  5.454981e+00,  2.005910e+02
  2.009982e+00,  1.670938e+02
  3.407749e+00,  6.554811e+01
  7.421907e+00,  4.227213e+01
  1.136936e+01,  3.686626e+01
  1.473141e+01,  3.853150e+01
  1.599655e+01,  4.743129e+01
  1.560467e+01,  5.684537e+01
  1.443851e+01,  7.074192e+01
  1.289612e+01,  9.434861e+01
  1.432958e+01,  1.297996e+02
  1.891409e+01,  1.503169e+02
  2.309301e+01,  1.562209e+02
  2.418413e+01,  1.548286e+02
  2.248794e+01,  1.477861e+02
  1.964425e+01,  1.327330e+02
  1.839223e+01,  1.116349e+02
  1.928165e+01,  9.107641e+01
  2.068037e+01,  7.339234e+01
  2.116072e+01,  6.339787e+01
  1.954005e+01,  5.855781e+01
  1.749505e+01,  6.536072e+01
  1.814554e+01,  7.638721e+01
  2.217537e+01,  8.634766e+01
  2.610906e+01,  8.619016e+01
  2.769603e+01,  8.329763e+01
  2.719796e+01,  7.558403e+01
  2.596987e+01,  7.055732e+01
  2.267959e+01,  6.186705e+01
  1.805731e+01,  6.013721e+01
  1.469150e+01,  6.380197e+01
  1.404573e+01,  8.787687e+01
  1.506330e+01,  1.083919e+02
  1.986806e+01,  1.293309e+02
  2.365840e+01,  1.402583e+02
  1.821270e+01,  1.559601e+02
  4.990091e+00,  2.991233e+02
  2.079859e+00,  1.171134e+02
  7.711650e-01,  3.119700e+02
  4.596257e-01,  1.145962e+02
  5.705220e-01,  3.406827e+02
  4.500789e-01,  1.239292e+02
  5.696849e-01,  3.398382e+02
  4.246626e-01,  1.184353e+02
  5.039208e-01,  3.389158e+02
  3.425744e-01,  1.121317e+02
  4.673485e-01,  3.423145e+02
  2.904111e-01,  1.083471e+02
  4.108872e-01,  3.434434e+02
  2.210661e-01,  9.279353e+01
  3.468647e-01,  3.477431e+02
  1.409303e-01,  6.276173e+01
  3.045111e-01,  3.530584e+02
  1.332339e-01,  3.843422e+01
  2.426457e-01,  3.531043e+02
  1.539491e-01,  1.276551e+01
  1.915492e-01,  3.707497e+00
  1.809469e-01,  3.550146e+02
  1.610228e-01,  1.289353e+01
  2.007812e-01,  3.519976e+02
  1.374316e-01,  1.914583e+01
  2.479119e-01,  3.530007e+02
  1.371014e-01,  4.053871e+01
  2.630233e-01,  3.477630e+02
  1.399493e-01,  4.285078e+01
  2.621666e-01,  3.506971e+02
  1.270765e-01,  3.811508e+01
  2.717145e-01,  3.522878e+02
  1.381809e-01,  4.569912e+01
  2.630428e-01,  3.482705e+02
  1.384069e-01,  3.372607e+01
  2.527528e-01,  3.567186e+02
  1.246983e-01,  1.413611e+01
  2.306174e-01,  3.557959e+02
  1.395170e-01,  1.960796e+01
  2.142670e-01,  3.584246e+02
  1.659282e-01,  7.628364e+00
  1.787249e-01,  4.455607e+00
  1.680230e-01,  3.554200e+02
  1.878978e-01,  8.770008e+00
  1.864184e-01,  1.578630e+00
  1.625979e-01,  9.216284e+00
  2.038740e-01,  3.550927e+02
  1.539772e-01,  1.858761e+01
  2.082571e-01,  3.505105e+02
  1.602882e-01,  1.857266e+01
  2.168676e-01,  3.570153e+02
  1.269386e-01,  8.345595e+00
  2.319253e-01,  3.560069e+02
  1.457174e-01,  2.407483e+01
  2.280738e-01,  3.555092e+02
  1.502254e-01,  1.692588e+01
  2.181311e-01,  1.112483e+00
  1.403909e-01,  5.222545e+00
  2.125788e-01,  3.583351e+02
  1.521664e-01,  8.836691e+00
  1.867029e-01,  3.546357e+02
  1.680154e-01,  7.280997e+00
  1.966855e-01,  3.424459e+00
  1.691773e-01,  2.464031e+00
  1.922370e-01,  3.190304e+00
  1.830332e-01,  4.749152e+00
  1.614655e-01,  2.639277e+00
  1.901537e-01,  3.562551e+02
  1.641548e-01,  1.184570e+01
  1.953776e-01,  3.581107e+02
  1.644840e-01,  7.261594e+00
  1.991215e-01,  1.177521e+00
  1.618691e-01,  1.294358e+01
  2.158698e-01,  3.560745e+02
  1.553272e-01,  1.404005e+01
  2.034683e-01,  3.571560e+02
  1.568128e-01,  4.592256e+00
  1.940387e-01,  3.592623e+02
  1.634380e-01,  1.475046e+01
  2.082207e-01,  3.562586e+02
  1.686032e-01,  1.286387e+01
  1.905259e-01,  3.597352e+02
  1.667111e-01,  3.707701e+00
  1.909580e-01,  5.307002e+00
  1.677989e-01,  3.263896e+00
  1.904800e-01,  4.855172e+00
  1.778066e-01,  3.160038e+00
  1.725252e-01,  6.941927e+00
  1.881415e-01,  3.571962e+02
  1.718323e-01,  8.499087e+00
  1.801246e-01,  3.597002e+02
  1.756996e-01,  6.097316e+00
  2.013323e-01,  3.583606e+00
  1.554645e-01,  7.777250e+00
  1.945216e-01,  3.588471e+02
  1.750569e-01,  1.197172e+01
  1.899516e-01,  4.582076e-01
  1.586344e-01,  1.687853e+00
  1.951539e-01,  9.895486e-01
  1.574551e-01,  9.154118e+00
  1.910952e-01,  3.569384e+02
  1.731261e-01,  7.279736e+00
  1.816442e-01,  1.900900e+00
  1.777587e-01,  3.213064e+00
  1.908407e-01,  2.886477e+00
  1.654215e-01,  4.333678e+00
  1.822027e-01,  3.594545e+02
  1.778818e-01,  3.192250e+00
  1.726237e-01,  7.266020e+00
  1.790395e-01,  6.753730e-01
  1.806810e-01,  4.862756e+00
  1.821049e-01,  4.621987e+00
  1.696366e-01,  3.594542e+02
  1.858048e-01,  4.625199e-01
  1.654712e-01,  8.018452e+00
  1.827764e-01,  3.540446e+02
  1.710614e-01,  7.540140e+00
  1.841382e-01,  6.660593e-01
  1.561218e-01,  3.560453e+02
  1.877715e-01,  1.543603e+00
  1.669681e-01,  7.086802e+00
  1.717941e-01,  3.548109e+02
  1.843279e-01,  7.896218e+00
  1.854650e-01,  2.255715e+00
  1.750415e-01,  4.748252e+00
  1.915827e-01,  3.624318e+00
  1.763068e-01,  8.514344e+00
  1.830429e-01,  3.595984e+02
  1.812649e-01,  1.947455e+00
  1.787571e-01,  7.315653e+00
  1.781614e-01,  3.063969e-01
  1.844569e-01,  6.170372e-01
  1.688890e-01,  5.484089e+00
  1.710675e-01,  3.020889e+00
  1.938818e-01,  3.217670e+00
  1.692282e-01,  4.870303e+00
  1.785227e-01,  3.599241e+02
  1.822348e-01,  7.728354e+00
  1.910141e-01,  6.114545e+00
  1.618314e-01,  1.424664e+00
  1.840143e-01,  3.577208e+02
  1.807918e-01,  8.632523e+00
  1.684193e-01,  3.568177e+02
  1.755093e-01,  4.466542e-01
  1.790650e-01,  4.120861e+00
  1.794641e-01,  7.538554e+00
  1.840163e-01,  3.581439e+02
  1.852096e-01,  1.045270e+01
  1.674993e-01,  3.579255e+02
  1.807696e-01,  2.214678e+00
  1.821865e-01,  2.645446e+00
  1.746097e-01,  4.605489e+00
  1.788999e-01,  3.573498e+02
  1.865643e-01,  1.097950e+01
  1.657851e-01,  3.582327e+02
  1.831093e-01,  3.645803e+00
  1.793554e-01,  4.863805e+00
  1.747377e-01,  6.284658e+00
  1.866120e-01,  3.594721e+02
  1.815026e-01,  6.174475e+00
  1.732704e-01,  1.839235e+00
  1.712330e-01,  3.587541e+02
  1.812370e-01,  3.954945e+00
  1.653813e-01,  4.588621e+00
  1.904545e-01,  9.247965e-01
  1.709527e-01,  4.033581e+00
  1.914431e-01,  7.899824e+00
  1.674397e-01,  3.559801e+02
  1.917480e-01,  7.547583e+00
  4.056356e-01,  1.345063e+02
  7.706062e+00,  2.178062e+02
  1.377732e+01,  1.999637e+02
  1.356608e+01,  1.777663e+02
  1.294290e+01,  1.792698e+02
  1.174040e+01,  1.741064e+02
  1.053839e+01,  1.641503e+02
  9.791892e+00,  1.500689e+02
  9.938522e+00,  1.370437e+02
  1.101873e+01,  1.238301e+02
  1.286288e+01,  1.114718e+02
  1.511065e+01,  1.009069e+02
  1.698044e+01,  9.404204e+01
  1.821606e+01,  8.880395e+01
  1.819086e+01,  8.382918e+01
  1.706828e+01,  7.742011e+01
  1.510066e+01,  6.983732e+01
  1.297250e+01,  6.399538e+01
  1.073956e+01,  6.290524e+01
  8.906379e+00,  6.578940e+01
  7.287710e+00,  7.297163e+01
  6.283359e+00,  8.610610e+01
  6.433356e+00,  1.028993e+02
  7.734992e+00,  1.150478e+02
  8.949031e+00,  1.227505e+02
  9.569130e+00,  1.289988e+02
  1.006197e+01,  1.351767e+02
  1.089969e+01,  1.400168e+02
  1.177441e+01,  1.428705e+02
  1.235560e+01,  1.446836e+02
  1.261212e+01,  1.461824e+02
  1.261737e+01,  1.481606e+02
  1.215083e+01,  1.502936e+02
  1.108101e+01,  1.521946e+02
  9.739536e+00,  1.530784e+02
  8.758221e+00,  1.520758e+02
  8.252193e+00,  1.487295e+02
  8.057360e+00,  1.445467e+02
  8.351550e+00,  1.404473e+02
  9.302616e+00,  1.385880e+02
  1.051010e+01,  1.383056e+02
  1.144402e+01,  1.400506e+02
  1.185953e+01,  1.441264e+02
  1.178415e+01,  1.506449e+02
  1.125634e+01,  1.585402e+02
  1.032972e+01,  1.689988e+02
  9.375481e+00,  1.836076e+02
  8.880899e+00,  2.029178e+02
  9.291967e+00,  2.241582e+02
  1.068239e+01,  2.422133e+02
  1.253788e+01,  2.546051e+02
  1.443456e+01,  2.615746e+02
  1.588254e+01,  2.661237e+02
  1.632579e+01,  2.691440e+02
  1.579859e+01,  2.700890e+02
  1.487738e+01,  2.694761e+02
  1.355504e+01,  2.670665e+02
  1.143968e+01,  2.632919e+02
  8.917143e+00,  2.561195e+02
  6.396938e+00,  2.447132e+02
  4.221587e+00,  2.215637e+02
  3.686924e+00,  1.801766e+02
  5.023499e+00,  1.559250e+02
  6.584893e+00,  1.470681e+02
  7.554378e+00,  1.403883e+02
  7.887114e+00,  1.327354e+02
  7.607638e+00,  1.242022e+02
  6.847500e+00,  1.132657e+02
  6.165617e+00,  9.824068e+01
  6.005586e+00,  8.255971e+01
  6.215597e+00,  7.025825e+01
  6.528729e+00,  6.245517e+01
  6.914382e+00,  5.969849e+01
  7.450998e+00,  6.102362e+01
  8.038408e+00,  6.397650e+01
  8.166546e+00,  6.757662e+01
  7.736752e+00,  7.225690e+01
  7.418947e+00,  7.862786e+01
  7.546508e+00,  8.493297e+01
  7.804736e+00,  8.965794e+01
  8.041308e+00,  9.311039e+01
  8.271921e+00,  9.577052e+01
  8.253958e+00,  9.349882e+01
  7.897814e+00,  8.399122e+01
  7.587343e+00,  7.185593e+01
  7.353426e+00,  6.221069e+01
  7.246957e+00,  5.274937e+01
  7.288551e+00,  4.129607e+01
  7.346228e+00,  3.089704e+01
  7.376824e+00,  2.567342e+01
  7.553388e+00,  2.520124e+01
  7.807205e+00,  2.549809e+01
  7.959949e+00,  2.564946e+01
  7.976415e+00,  2.568664e+01
  8.072701e+00,  2.488126e+01
  8.416891e+00,  2.243906e+01
  9.044231e+00,  1.938713e+01
  9.973605e+00,  1.576175e+01
  1.107374e+01,  1.194992e+01
  1.210367e+01,  8.100333e+00
  1.313929e+01,  4.346629e+00
  1.446289e+01,  2.606547e+00
  1.551288e+01,  3.053585e+00
  1.534196e+01,  3.950361e+00
  1.396222e+01,  4.883182e+00
  1.228923e+01,  6.534671e+00
  1.079055e+01,  8.488464e+00
  9.528962e+00,  1.271298e+01
  8.389262e+00,  2.151157e+01
  7.650701e+00,  3.448412e+01
  7.645603e+00,  4.787123e+01
  8.426711e+00,  5.888553e+01
  9.438703e+00,  6.723740e+01
  1.024312e+01,  7.284620e+01
  1.078468e+01,  7.598526e+01
  1.119767e+01,  7.643660e+01
  1.100144e+01,  7.463019e+01
  9.474460e+00,  7.095269e+01
  7.226469e+00,  6.550735e+01
  5.621734e+00,  5.940089e+01
  5.030021e+00,  5.588364e+01
  4.731480e+00,  5.657462e+01
  4.427827e+00,  6.082221e+01
  4.148163e+00,  7.219541e+01
  4.033039e+00,  8.861014e+01
  4.049701e+00,  1.038751e+02
  4.099970e+00,  1.146132e+02
  4.096298e+00,  1.252518e+02
  4.100232e+00,  1.413065e+02
  4.684005e+00,  1.636973e+02
  5.550210e+00,  1.781149e+02
  5.712047e+00,  1.829509e+02
  5.312366e+00,  1.824209e+02
  5.061369e+00,  1.815137e+02
  4.533231e+00,  1.795476e+02
  3.304704e+00,  1.692560e+02
  1.928066e+00,  1.338610e+02
  2.037672e+00,  6.360430e+01
  3.939195e+00,  3.662965e+01
  5.853214e+00,  3.011155e+01
  6.808662e+00,  2.714193e+01
  6.691836e+00,  2.544893e+01
  5.633281e+00,  2.596070e+01
  3.932722e+00,  2.767254e+01
  1.643878e+00,  3.538359e+01
  1.169613e+00,  1.715329e+02
  3.247179e+00,  1.932985e+02
  4.405405e+00,  1.986917e+02
  5.193331e+00,  2.024605e+02
  6.103013e+00,  2.053465e+02
  7.460439e+00,  2.052485e+02
  8.941954e+00,  2.046769e+02
  1.030537e+01,  2.051342e+02
  1.136728e+01,  2.055619e+02
  1.242941e+01,  2.032122e+02
  1.344440e+01,  1.979133e+02
  1.426542e+01,  1.924597e+02
  1.497499e+01,  1.876157e+02
  1.579901e+01,  1.824581e+02
  1.607604e+01,  1.759350e+02
  1.528093e+01,  1.684496e+02
  1.406006e+01,  1.627393e+02
  1.317826e+01,  1.605847e+02
  1.240751e+01,  1.610679e+02
  1.089167e+01,  1.601375e+02
  8.762568e+00,  1.577399e+02
  6.718634e+00,  1.555968e+02
  5.149538e+00,  1.584356e+02
  3.485230e+00,  1.627968e+02
  1.425622e+00,  1.639849e+02
  1.328404e+00,  3.520721e+02
  4.015612e+00,  3.563435e+02
  6.307734e+00,  1.384760e+00
  7.832833e+00,  7.363515e+00
  9.075855e+00,  1.687668e+01
  1.028819e+01,  2.751941e+01
  1.183243e+01,  3.737175e+01
  1.367480e+01,  4.551665e+01
  1.595107e+01,  5.310755e+01
  1.805941e+01,  6.083702e+01
  1.979567e+01,  6.780643e+01
  2.083672e+01,  7.294983e+01
  2.101391e+01,  7.648954e+01
  2.059322e+01,  7.867040e+01
  2.012664e+01,  7.981039e+01
  1.937451e+01,  7.811591e+01
  1.772551e+01,  7.426202e+01
  1.550243e+01,  6.691952e+01
  1.308786e+01,  5.743081e+01
  1.101141e+01,  4.612055e+01
  8.718346e+00,  3.408294e+01
  6.601627e+00,  1.786892e+01
  4.592086e+00,  3.503372e+02
  3.900613e+00,  3.095688e+02
  4.773102e+00,  2.650352e+02
  6.773230e+00,  2.409719e+02
  9.901460e+00,  2.260153e+02
  1.439132e+01,  2.178196e+02
  7.013876e+00,  2.092725e+02
  3.082307e+00,  2.858967e+01
  1.091886e+00,  1.997276e+02
  5.589945e-01,  2.963373e+01
  9.329755e-02,  3.034380e+02
  2.638524e-01,  1.613667e+01
  7.501765e-02,  3.233478e+02
  2.870952e-01,  1.039059e+01
  7.763680e-02,  3.343407e+02
  2.656874e-01,  1.140148e+01
  8.955113e-02,  3.301914e+02
  2.633376e-01,  1.288123e+01
  9.411620e-02,  3.396812e+02
  2.517969e-01,  7.058229e+00
  1.152070e-01,  3.573189e+02
  2.321479e-01,  9.899268e+00
  1.240539e-01,  3.425578e+02
  2.179272e-01,  9.133623e+00
  1.353181e-01,  3.582449e+02
  2.105013e-01,  5.043469e+00
  1.574486e-01,  3.593559e+02
  1.863782e-01,  5.533081e+00
  1.718524e-01,  3.569752e+02
  1.926479e-01,  9.014862e+00
  1.780935e-01,  1.487698e+00
  1.654388e-01,  3.558136e+02
  1.922520e-01,  6.828218e+00
  1.532886e-01,  1.984863e+00
  1.973346e-01,  4.205590e-01
  1.690748e-01,  8.729635e+00
  1.980613e-01,  4.931753e+00
  1.530080e-01,  3.542174e+02
  2.066360e-01,  7.639875e+00
  1.519507e-01,  5.183477e+00
  2.105692e-01,  2.603078e+00
  1.606479e-01,  3.733376e+00
  1.904334e-01,  2.223442e+00
  1.578053e-01,  3.570484e+02
  1.999904e-01,  5.469501e+00
  1.467281e-01,  1.255351e+00
  1.990209e-01,  5.143828e+00
  1.691846e-01,  9.121021e-01
  1.884626e-01,  1.045469e+01
  1.697012e-01,  3.546486e+02
  1.720427e-01,  3.653882e+00
  1.750981e-01,  7.864692e+00
  1.840132e-01,  1.812836e+00
  1.926008e-01,  2.404032e+00
  1.585349e-01,  4.084700e+00
  1.894532e-01,  3.597279e+02
  1.675287e-01,  1.806280e+00
  1.899580e-01,  3.356435e+00
  1.531744e-01,  3.577872e+02
  1.927096e-01,  4.473452e+00
  1.713252e-01,  1.201696e+01
  1.941735e-01,  3.589234e+02
  1.653285e-01,  1.483634e+00
  1.870828e-01,  7.695381e+00
  1.640499e-01,  3.583543e+02
  1.974699e-01,  7.691962e+00
  1.764899e-01,  8.610527e+00
  1.871839e-01,  4.252950e-01
  1.771346e-01,  3.583435e+02
  1.790075e-01,  9.422156e+00
  1.663326e-01,  3.554877e+02
  1.921202e-01,  4.738759e+00
  1.758240e-01,  7.220363e+00
  1.686500e-01,  2.423281e-01
  1.910651e-01,  3.501080e+00
  1.711566e-01,  8.640592e+00
  1.879132e-01,  3.587972e+02
  1.729137e-01,  7.267340e-01
  1.910995e-01,  5.114265e+00
  1.631926e-01,  7.858114e-01
  2.030062e-01,  2.189354e+00
  1.658124e-01,  6.260526e+00
  1.718594e-01,  3.584033e+02
  1.799640e-01,  4.170994e+00
  1.934122e-01,  6.161113e+00
  1.588585e-01,  2.454496e+00
  1.970625e-01,  3.263839e+00
  1.832271e-01,  9.331083e+00
  1.839273e-01,  5.465034e+00
  1.864720e-01,  3.595034e+02
  1.797365e-01,  8.756073e+00
  1.719452e-01,  1.024490e+00
  1.883429e-01,  4.303487e+00
  1.842748e-01,  4.730944e+00
  1.683676e-01,  3.459428e+00
  1.908278e-01,  3.770969e-01
  1.751073e-01,  8.306979e+00
  1.816442e-01,  1.035483e+00
  1.743184e-01,  3.597233e+02
  1.945062e-01,  8.610436e+00
  1.657714e-01,  5.068726e+00
  1.837033e-01,  3.558829e+02
  1.750602e-01,  8.802998e+00
  1.882781e-01,  4.380329e+00
  1.716764e-01,  6.169208e-01
  1.915254e-01,  6.409762e+00
  1.642756e-01,  3.367060e+00
  1.909375e-01,  3.587746e+02
  1.713795e-01,  5.638439e+00
  1.838892e-01,  4.975246e+00
  1.821995e-01,  1.393101e+00
  1.823244e-01,  3.572587e+00
  1.758027e-01,  4.451388e+00
  1.763337e-01,  3.588801e+02
  1.864381e-01,  2.623586e+00
  1.643140e-01,  4.991519e+00
  1.811052e-01,  3.564916e+02
  1.702118e-01,  5.418010e+00
  1.887462e-01,  5.445101e+00
  1.679101e-01,  9.017902e-01
  1.947488e-01,  3.413481e+00
  1.644183e-01,  1.024753e+01
  1.910358e-01,  3.558937e+02
  1.629026e-01,  2.798735e+00
  1.804090e-01,  3.484002e+00
  1.625046e-01,  2.201254e+00
  1.955705e-01,  5.864384e-01
  1.674758e-01,  1.148502e+01
  1.806093e-01,  3.552961e+02
  1.830414e-01,  9.047673e+00
  1.796744e-01,  5.847300e+00
  1.681875e-01,  3.574374e+02
  1.891889e-01,  5.111487e+00
  1.831154e-01,  8.706620e+00
  1.694035e-01,  3.566031e+02
  1.836253e-01,  2.027137e+00
  1.645565e-01,  8.950037e+00
  1.927883e-01,  3.593722e+02
  1.663017e-01,  3.657836e+00
  1.879152e-01,  1.835471e+00
  1.639395e-01,  6.719183e+00
  2.100974e-01,  7.605752e-01
  1.570241e-01,  1.169825e+01
  1.939007e-01,  3.541001e+02
  1.617579e-01,  6.903575e+00
  1.923205e-01,  3.590379e+02
  1.578992e-01,  7.891760e+00
  1.979335e-01,  3.576326e+02
  1.619731e-01,  1.020807e+01
  1.946091e-01,  3.574079e+02
  1.770281e-01,  1.074373e+01
  1.952048e-01,  1.522807e+00
  1.666448e-01,  4.993304e+00
  1.877877e-01,  3.589550e+02
  1.852388e-01,  7.392486e+00
  1.585777e-01,  3.576244e+02
  1.965567e-01,  9.672704e-01
  1.516527e-01,  5.716113e+00
  1.938634e-01,  3.544475e+02
  1.584529e-01,  1.054777e+01
  2.148554e-01,  9.621259e-01
  1.457372e-01,  1.919555e+01
  2.358347e-01,  3.527810e+02
  1.496830e-01,  2.957452e+01
  2.386455e-01,  3.522727e+02
  1.293797e-01,  2.385872e+01
  2.531047e-01,  3.526107e+02
  1.272105e-01,  3.820117e+01
  2.844944e-01,  3.509169e+02
  1.344773e-01,  4.516921e+01
  2.694043e-01,  3.503203e+02
  1.339293e-01,  4.156817e+01
  2.789899e-01,  3.502047e+02
  1.518093e-01,  5.457315e+01
  2.853077e-01,  3.455289e+02
  1.558579e-01,  5.094983e+01
  3.097927e+00,  3.198284e+02
  2.239839e+00,  2.289046e+02
  5.087565e+00,  2.073678e+02
  7.028889e+00,  1.910440e+02
  8.262926e+00,  1.846375e+02
  9.488996e+00,  1.744430e+02
  1.034049e+01,  1.649174e+02
  1.158826e+01,  1.550720e+02
  1.243561e+01,  1.450609e+02
  1.381243e+01,  1.339709e+02
  1.506201e+01,  1.243386e+02
  1.650611e+01,  1.175848e+02
  1.743838e+01,  1.119247e+02
  1.852405e+01,  1.076889e+02
  1.945699e+01,  1.042685e+02
  2.031353e+01,  1.022041e+02
  2.073493e+01,  1.002791e+02
  2.074574e+01,  9.931157e+01
  2.013876e+01,  9.885933e+01
  1.905424e+01,  9.876715e+01
  1.740608e+01,  9.964923e+01
  1.523876e+01,  1.023537e+02
  1.300639e+01,  1.095293e+02
  1.123709e+01,  1.219749e+02
  1.022686e+01,  1.375319e+02
  9.954007e+00,  1.538706e+02
  1.072201e+01,  1.688705e+02
  1.206678e+01,  1.798348e+02
  1.339983e+01,  1.862115e+02
  1.400181e+01,  1.904465e+02
  1.393326e+01,  1.929880e+02
  1.314615e+01,  1.951208e+02
  1.193458e+01,  1.969632e+02
  1.039580e+01,  1.989185e+02
  8.649282e+00,  2.014829e+02
  6.767237e+00,  2.039659e+02
  4.897256e+00,  2.061107e+02
  2.925578e+00,  2.071983e+02
  8.892702e-01,  2.110018e+02
  1.262488e+00,  5.363281e+00
  3.134630e+00,  1.480746e+01
  4.737029e+00,  1.639261e+01
  5.996773e+00,  1.498603e+01
  6.733040e+00,  1.389703e+01
  7.018904e+00,  1.432263e+01
  7.113190e+00,  1.707508e+01
  7.290743e+00,  2.036620e+01
  7.542402e+00,  2.520183e+01
  7.853281e+00,  2.916241e+01
  8.139768e+00,  3.190182e+01
  8.245050e+00,  3.251767e+01
  7.920324e+00,  3.155150e+01
  7.397694e+00,  2.734625e+01
  6.788543e+00,  1.993965e+01
  6.308730e+00,  8.267141e+00
  6.282146e+00,  3.523962e+02
  6.977425e+00,  3.358828e+02
  8.211168e+00,  3.224176e+02
  9.711622e+00,  3.129225e+02
  1.138019e+01,  3.065048e+02
  1.314369e+01,  3.015738e+02
  1.484893e+01,  2.977757e+02
  1.621554e+01,  2.946814e+02
  1.752926e+01,  2.920454e+02
  1.877761e+01,  2.899329e+02
  1.965597e+01,  2.872844e+02
  1.981525e+01,  2.835021e+02
  1.959855e+01,  2.797409e+02
  1.878726e+01,  2.768596e+02
  1.741312e+01,  2.746528e+02
  1.566273e+01,  2.737629e+02
  1.377451e+01,  2.759607e+02
  1.191670e+01,  2.826149e+02
  1.061945e+01,  2.938866e+02
  1.017742e+01,  3.083340e+02
  1.044826e+01,  3.229692e+02
  1.119222e+01,  3.362231e+02
  1.223757e+01,  3.479943e+02
  1.346763e+01,  3.564353e+02
  1.469345e+01,  2.912732e+00
  1.550735e+01,  7.619821e+00
  1.557476e+01,  1.211084e+01
  1.482916e+01,  1.571895e+01
  1.347458e+01,  1.932070e+01
  1.144510e+01,  2.253416e+01
  8.839290e+00,  2.605913e+01
  5.956090e+00,  3.142618e+01
  3.087856e+00,  4.486463e+01
  1.341558e+00,  1.192306e+02
  3.478248e+00,  1.793505e+02
  5.915057e+00,  1.902670e+02
  7.791610e+00,  1.943762e+02
  8.880056e+00,  1.971875e+02
  9.210474e+00,  1.995266e+02
  8.909203e+00,  2.014295e+02
  7.942362e+00,  2.042906e+02
  6.427375e+00,  2.083951e+02
  4.615766e+00,  2.180243e+02
  2.539534e+00,  2.560905e+02
  4.653119e+00,  3.354070e+02
##END=