##TITLE= twqubit_encoding2_C_nobufferfix7
##JCAMP-DX= 5.00 Bruker JCAMP library
##DATA TYPE= Shape Data
##ORIGIN= Colm Fixed Pulses 
##OWNER= d29lu
##DATE= 12-May-2015
##TIME= 16:24
##MINX= 7.976097e-02
##MAXX= 6.391050e+01
##MINY= 1.551652e-01
##MAXY= 3.594378e+02
##$SHAPE_EXMODE= None
##$SHAPE_TOTROT= 9.000000e+01
##$SHAPE_BWFAC= 1.000000e+00
##$SHAPE_INTEGFAC= 1.000000e+00
##$SHAPE_MODE= 1
##NPOINTS= 2128
##XYPOINTS= (XY..XY)
  2.450344e+00,  5.486716e+00
  1.900204e+01,  6.888903e+01
  3.650532e+01,  1.428369e+02
  3.733827e+01,  1.759167e+02
  1.684244e+01,  1.641560e+02
  1.921094e+01,  1.441337e+02
  4.816585e+00,  6.284093e+01
  1.516616e+01,  3.273793e+02
  2.540305e+01,  3.014755e+02
  2.729928e+01,  2.766513e+02
  1.732191e+01,  2.584305e+02
  1.626674e+01,  1.773770e+02
  2.574036e+01,  1.483864e+02
  1.715128e+01,  1.241761e+02
  7.397838e+00,  4.383399e+01
  1.111595e+01,  3.151058e+02
  2.072398e+01,  2.738531e+02
  1.905235e+01,  2.843518e+02
  8.253482e+00,  3.587585e+01
  2.385040e+01,  1.115311e+02
  2.148523e+01,  1.406815e+02
  6.795087e+00,  2.487539e+02
  2.258687e+01,  3.284681e+02
  2.130325e+01,  3.426549e+02
  1.054383e+01,  3.044605e+02
  1.248943e+01,  2.984825e+02
  1.932499e+01,  3.425944e+02
  1.878295e+01,  3.572824e+02
  3.569240e+00,  2.902951e+02
  2.158653e+01,  2.193404e+02
  2.514689e+01,  2.084609e+02
  1.650650e+01,  1.638451e+02
  1.980596e+01,  1.298859e+02
  1.665707e+01,  1.586469e+02
  1.770017e+01,  2.307289e+02
  2.275478e+01,  2.726671e+02
  1.662655e+01,  3.012193e+02
  6.957749e+00,  3.362763e+02
  3.072404e+00,  3.126686e+02
  1.676184e+01,  2.724701e+02
  3.348417e+01,  2.816466e+02
  2.974565e+01,  3.026875e+02
  1.053337e+01,  1.266627e+01
  2.387297e+01,  1.150177e+02
  2.561125e+01,  1.421760e+02
  5.271569e+00,  1.882603e+02
  2.049549e+01,  3.415051e+02
  2.534327e+01,  6.524157e+00
  1.026852e+01,  5.378444e+01
  1.860039e+01,  1.767607e+02
  2.743550e+01,  1.978175e+02
  2.125784e+01,  1.859549e+02
  1.780922e+01,  1.526764e+02
  5.707883e+00,  1.697786e+02
  1.292796e+01,  3.022240e+02
  1.691578e+01,  3.054531e+02
  7.533498e+00,  2.677916e+02
  1.190948e+01,  1.901451e+02
  1.764182e+01,  1.823819e+02
  1.313507e+01,  1.620669e+02
  4.584719e+00,  7.798563e+01
  1.270298e+01,  3.416738e+02
  2.266828e+01,  3.248181e+02
  2.648700e+01,  3.144894e+02
  1.580887e+01,  3.230004e+02
  9.855346e+00,  1.001420e+02
  2.838067e+01,  1.339681e+02
  2.908302e+01,  1.495606e+02
  1.578041e+01,  1.891235e+02
  1.742648e+01,  2.822368e+02
  1.862935e+01,  3.248193e+02
  7.643625e+00,  3.280468e+01
  1.458202e+01,  1.266631e+02
  1.590167e+01,  1.394990e+02
  7.336576e+00,  1.176312e+02
  4.343652e+00,  1.908209e+01
  5.160902e+00,  3.520363e+02
  1.674299e+00,  5.160740e+01
  6.292791e+00,  1.303714e+02
  1.183420e+01,  1.382270e+02
  1.464913e+01,  1.531304e+02
  1.960135e+01,  1.705590e+02
  2.699785e+01,  1.730681e+02
  3.298161e+01,  1.632273e+02
  2.934316e+01,  1.611008e+02
  1.784610e+01,  1.426622e+02
  1.252846e+01,  7.160776e+01
  1.208229e+01,  2.202218e+01
  1.216726e+01,  2.994342e+02
  1.647345e+01,  2.579695e+02
  1.321980e+01,  2.281104e+02
  8.688049e+00,  1.192981e+02
  1.903756e+01,  7.432122e+01
  2.563491e+01,  6.228761e+01
  2.517973e+01,  4.463967e+01
  2.778833e+01,  6.105539e+01
  2.810075e+01,  1.037580e+02
  2.867280e+01,  1.708078e+02
  2.486252e+01,  2.756349e+02
  1.658280e+01,  7.255164e+01
  8.262801e+00,  2.485632e+02
  3.141760e+00,  6.414929e+01
  1.540339e+00,  2.635271e+02
  5.522179e-01,  8.959998e+01
  8.436969e-01,  2.879729e+02
  3.947531e-01,  1.020001e+02
  7.942580e-01,  2.878728e+02
  3.279232e-01,  9.456320e+01
  6.951350e-01,  2.862727e+02
  2.564180e-01,  8.691677e+01
  5.894914e-01,  2.889823e+02
  1.643299e-01,  7.189137e+01
  4.734490e-01,  2.900364e+02
  1.240936e-01,  4.019431e+01
  3.866774e-01,  2.933046e+02
  1.664751e-01,  3.564247e+02
  2.814562e-01,  2.991722e+02
  2.339807e-01,  3.260427e+02
  2.105786e-01,  3.084256e+02
  2.763143e-01,  3.180185e+02
  1.535846e-01,  3.173456e+02
  3.341683e-01,  3.133265e+02
  1.035553e-01,  3.319302e+02
  3.776917e-01,  3.080064e+02
  8.239241e-02,  3.584042e+02
  4.031350e-01,  3.049754e+02
  7.976097e-02,  9.074305e+00
  4.111177e-01,  3.020567e+02
  9.350487e-02,  1.993694e+01
  3.709195e-01,  3.014125e+02
  1.166847e-01,  3.508858e+02
  3.487142e-01,  3.040556e+02
  1.329797e-01,  3.461965e+02
  3.407597e-01,  3.035063e+02
  1.547880e-01,  3.352390e+02
  2.805601e-01,  3.050218e+02
  1.932980e-01,  3.299375e+02
  2.505631e-01,  3.053560e+02
  2.382729e-01,  3.218732e+02
  2.329237e-01,  3.099705e+02
  2.581325e-01,  3.203971e+02
  2.005384e-01,  3.131155e+02
  2.692396e-01,  3.165013e+02
  1.690500e-01,  3.193914e+02
  3.036339e-01,  3.108290e+02
  1.455676e-01,  3.322319e+02
  3.200781e-01,  3.091435e+02
  1.523160e-01,  3.312408e+02
  3.072487e-01,  3.086974e+02
  1.700741e-01,  3.280461e+02
  3.082188e-01,  3.061480e+02
  1.501167e-01,  3.296996e+02
  3.008653e-01,  3.065603e+02
  1.682354e-01,  3.317799e+02
  2.910601e-01,  3.075741e+02
  1.860090e-01,  3.267168e+02
  2.677129e-01,  3.108700e+02
  2.040291e-01,  3.215762e+02
  2.452124e-01,  3.118487e+02
  2.240517e-01,  3.205979e+02
  2.248424e-01,  3.161127e+02
  2.445617e-01,  3.168150e+02
  1.992945e-01,  3.172406e+02
  2.575736e-01,  3.147628e+02
  1.905205e-01,  3.209017e+02
  2.714554e-01,  3.137196e+02
  1.913740e-01,  3.226807e+02
  2.769904e-01,  3.119743e+02
  1.830571e-01,  3.192611e+02
  2.772228e-01,  3.118558e+02
  2.001456e-01,  3.227990e+02
  2.614931e-01,  3.128928e+02
  1.965501e-01,  3.196033e+02
  2.747499e-01,  3.096044e+02
  1.914334e-01,  3.205604e+02
  2.672529e-01,  3.125336e+02
  2.084824e-01,  3.187011e+02
  2.493111e-01,  3.123556e+02
  2.142230e-01,  3.184975e+02
  2.530146e-01,  3.147708e+02
  2.245628e-01,  3.192966e+02
  2.399744e-01,  3.122593e+02
  2.435716e-01,  3.166002e+02
  2.264039e-01,  3.171575e+02
  2.328109e-01,  3.171121e+02
  2.181074e-01,  3.184538e+02
  2.445791e-01,  3.156305e+02
  2.088262e-01,  3.165874e+02
  2.448369e-01,  3.148981e+02
  2.034031e-01,  3.186369e+02
  2.659030e-01,  3.143493e+02
  1.970769e-01,  3.176445e+02
  2.673538e-01,  3.130595e+02
  2.072586e-01,  3.174492e+02
  2.665308e-01,  3.145733e+02
  2.005479e-01,  3.168880e+02
  2.456182e-01,  3.144737e+02
  2.200763e-01,  3.178886e+02
  2.529501e-01,  3.135463e+02
  2.163296e-01,  3.204662e+02
  2.509916e-01,  3.097994e+02
  2.225286e-01,  3.174688e+02
  2.365679e-01,  3.158080e+02
  2.348616e-01,  3.178406e+02
  2.135684e-01,  3.149844e+02
  2.416821e-01,  3.164107e+02
  2.197446e-01,  3.170217e+02
  2.364432e-01,  3.149158e+02
  2.200910e-01,  3.150164e+02
  2.367373e-01,  3.174993e+02
  2.155634e-01,  3.160151e+02
  2.451098e-01,  3.160176e+02
  2.144665e-01,  3.189403e+02
  2.410999e-01,  3.152552e+02
  1.976072e-01,  3.189316e+02
  2.561711e-01,  3.134799e+02
  2.177041e-01,  3.167988e+02
  2.346572e-01,  3.149909e+02
  2.191393e-01,  3.188966e+02
  2.597740e-01,  3.134731e+02
  2.024692e-01,  3.192684e+02
  2.383574e-01,  3.159707e+02
  2.227511e-01,  3.179585e+02
  2.253656e-01,  3.148166e+02
  2.418411e-01,  3.162282e+02
  2.265277e-01,  3.153185e+02
  2.422189e-01,  3.180588e+02
  2.245439e-01,  3.148787e+02
  2.368414e-01,  3.163028e+02
  2.319064e-01,  3.175596e+02
  2.309277e-01,  3.161518e+02
  2.239582e-01,  3.176545e+02
  2.456476e-01,  3.174811e+02
  2.116969e-01,  3.152989e+02
  2.548421e-01,  3.142267e+02
  2.149009e-01,  3.177891e+02
  2.527565e-01,  3.134980e+02
  2.153055e-01,  3.169905e+02
  2.447984e-01,  3.139636e+02
  2.458520e-01,  3.155201e+02
  2.341085e-01,  3.182254e+02
  2.213007e-01,  3.162625e+02
  2.290873e-01,  3.147433e+02
  2.233542e-01,  3.186931e+02
  2.319782e-01,  3.156168e+02
  2.335734e-01,  3.184370e+02
  2.158539e-01,  3.147386e+02
  2.295757e-01,  3.153886e+02
  2.293374e-01,  3.157776e+02
  2.357435e-01,  3.164376e+02
  2.188061e-01,  3.149809e+02
  2.240116e-01,  3.155108e+02
  2.371537e-01,  3.158611e+02
  2.369702e-01,  3.172878e+02
  2.126894e-01,  3.160790e+02
  2.376006e-01,  3.152820e+02
  2.281111e-01,  3.140238e+02
  2.345858e-01,  3.168146e+02
  2.327157e-01,  3.167318e+02
  2.389800e-01,  3.125254e+02
  2.258384e-01,  3.147383e+02
  2.366157e-01,  3.174503e+02
  2.221511e-01,  3.144843e+02
  2.302740e-01,  3.175103e+02
  2.334242e-01,  3.183980e+02
  2.309949e-01,  3.124672e+02
  2.267804e-01,  3.198231e+02
  2.458654e-01,  3.116280e+02
  2.242333e-01,  3.197941e+02
  2.395955e-01,  3.164496e+02
  2.339698e-01,  3.158072e+02
  2.311137e-01,  3.166332e+02
  2.398311e-01,  3.158642e+02
  2.285251e-01,  3.172660e+02
  2.358224e-01,  3.186708e+02
  2.161993e-01,  3.152400e+02
  2.403282e-01,  3.157853e+02
  2.217343e-01,  3.160733e+02
  2.400609e-01,  3.163582e+02
  2.295072e-01,  3.162944e+02
  2.339671e-01,  3.155048e+02
  2.227900e-01,  3.196288e+02
  2.361671e-01,  3.158018e+02
  2.339861e-01,  3.154527e+02
  2.271589e-01,  3.135686e+02
  2.340132e-01,  3.164318e+02
  2.202373e-01,  3.154187e+02
  2.153679e-01,  3.188808e+02
  2.382206e-01,  3.156401e+02
  2.178875e-01,  3.194397e+02
  2.294285e-01,  3.145246e+02
  2.363347e-01,  3.183609e+02
  2.321039e-01,  3.155236e+02
  2.301993e-01,  3.152487e+02
  2.193998e-01,  3.187834e+02
  2.411345e-01,  3.171184e+02
  2.271612e-01,  3.151335e+02
  2.352077e-01,  3.184719e+02
  2.193876e-01,  3.144316e+02
  2.416032e-01,  3.175496e+02
  2.300258e-01,  3.189060e+02
  2.257650e-01,  3.131978e+02
  2.358461e-01,  3.194667e+02
  2.263062e-01,  3.123910e+02
  2.234239e-01,  3.173855e+02
  2.323031e-01,  3.129863e+02
  2.322609e-01,  3.170942e+02
  2.308319e-01,  3.174254e+02
  2.237318e-01,  3.155987e+02
  2.404319e-01,  3.153743e+02
  2.168034e-01,  3.185754e+02
  2.284667e-01,  3.155202e+02
  2.440620e-01,  3.144580e+02
  2.265222e-01,  3.164764e+02
  2.351694e-01,  3.171896e+02
  2.255350e-01,  3.140881e+02
  2.404905e-01,  3.174786e+02
  2.233382e-01,  3.177425e+02
  2.232891e-01,  3.156973e+02
  2.320495e-01,  3.189299e+02
  2.306383e-01,  3.151933e+02
  2.264240e-01,  3.169022e+02
  2.466047e-01,  3.150019e+02
  2.171533e-01,  3.174923e+02
  2.356276e-01,  3.148649e+02
  2.357935e-01,  3.164292e+02
  2.320427e-01,  3.138971e+02
  2.403184e-01,  3.156182e+02
  2.164746e-01,  3.166156e+02
  2.392256e-01,  3.147043e+02
  2.327603e-01,  3.170900e+02
  2.382905e-01,  3.164672e+02
  2.250472e-01,  3.142363e+02
  2.270713e-01,  3.192265e+02
  2.347130e-01,  3.150813e+02
  2.319483e-01,  3.160654e+02
  2.310017e-01,  3.174849e+02
  2.241889e-01,  3.158102e+02
  2.285747e-01,  3.165614e+02
  2.347100e-01,  3.147389e+02
  2.276393e-01,  3.170658e+02
  2.305468e-01,  3.164671e+02
  2.323210e-01,  3.156223e+02
  2.396592e-01,  3.143982e+02
  2.251134e-01,  3.176396e+02
  2.265994e-01,  3.152684e+02
  2.391352e-01,  3.177700e+02
  2.266058e-01,  3.175444e+02
  2.372038e-01,  3.154375e+02
  2.292081e-01,  3.141898e+02
  2.294092e-01,  3.158787e+02
  2.268305e-01,  3.177467e+02
  2.334366e-01,  3.161556e+02
  2.274121e-01,  3.163280e+02
  2.307896e-01,  3.178122e+02
  2.284120e-01,  3.173086e+02
  2.343033e-01,  3.144212e+02
  2.288904e-01,  3.181958e+02
  2.299248e-01,  3.153839e+02
  2.390360e-01,  3.134226e+02
  2.125200e-01,  3.191995e+02
  2.333656e-01,  3.144011e+02
  2.146317e-01,  3.165352e+02
  2.334722e-01,  3.160558e+02
  2.356447e-01,  3.168975e+02
  2.231224e-01,  3.157899e+02
  2.305326e-01,  3.156540e+02
  2.359692e-01,  3.164181e+02
  2.301021e-01,  3.154208e+02
  2.281615e-01,  3.153027e+02
  2.337374e-01,  3.156953e+02
  2.275766e-01,  3.190557e+02
  2.365620e-01,  3.167256e+02
  2.132683e-01,  3.196452e+02
  2.344432e-01,  3.132394e+02
  2.319992e-01,  3.194344e+02
  2.294190e-01,  3.176077e+02
  2.263314e-01,  3.163724e+02
  2.360700e-01,  3.141845e+02
  2.304739e-01,  3.174134e+02
  2.372075e-01,  3.181060e+02
  2.394462e-01,  3.145329e+02
  2.259314e-01,  3.168970e+02
  2.260687e-01,  3.186287e+02
  2.287496e-01,  3.160419e+02
  2.430843e-01,  3.139271e+02
  2.224182e-01,  3.168712e+02
  2.345563e-01,  3.145069e+02
  2.238065e-01,  3.179320e+02
  2.425977e-01,  3.149604e+02
  2.256223e-01,  3.160479e+02
  2.193046e-01,  3.189177e+02
  2.273944e-01,  3.189214e+02
  2.283081e-01,  3.140154e+02
  2.334019e-01,  3.177008e+02
  2.286335e-01,  3.117421e+02
  2.260879e-01,  3.181886e+02
  2.359934e-01,  3.148801e+02
  2.299254e-01,  3.163276e+02
  2.225158e-01,  3.163220e+02
  2.478795e-01,  3.161757e+02
  2.293944e-01,  3.166787e+02
  2.403521e-01,  3.157950e+02
  2.248498e-01,  3.191589e+02
  2.349687e-01,  3.121615e+02
  2.330856e-01,  3.176355e+02
  2.383328e-01,  3.103785e+02
  2.347829e-01,  3.180217e+02
  2.235339e-01,  3.163661e+02
  2.228906e-01,  3.184486e+02
  2.247878e-01,  3.153113e+02
  2.330349e-01,  3.171190e+02
  2.241464e-01,  3.160429e+02
  2.392954e-01,  3.150991e+02
  2.138296e-01,  3.151923e+02
  2.325691e-01,  3.136244e+02
  2.479530e-01,  3.163189e+02
  2.185009e-01,  3.170455e+02
  2.295381e-01,  3.163976e+02
  2.255551e-01,  3.145010e+02
  2.236633e-01,  3.202266e+02
  2.303461e-01,  3.141757e+02
  2.273299e-01,  3.172990e+02
  2.402130e-01,  3.173223e+02
  2.118627e-01,  3.161985e+02
  2.374591e-01,  3.148520e+02
  2.284020e-01,  3.168384e+02
  2.286048e-01,  3.158014e+02
  2.363714e-01,  3.153460e+02
  2.316666e-01,  3.157222e+02
  2.317460e-01,  3.189452e+02
  2.178569e-01,  3.171603e+02
  2.430388e-01,  3.157977e+02
  2.153177e-01,  3.153461e+02
  2.369944e-01,  3.162192e+02
  2.284715e-01,  3.170843e+02
  2.339434e-01,  3.135035e+02
  2.372972e-01,  3.155924e+02
  2.245422e-01,  3.183658e+02
  2.422759e-01,  3.136758e+02
  2.243170e-01,  3.182345e+02
  2.276437e-01,  3.157161e+02
  2.298763e-01,  3.149241e+02
  2.312656e-01,  3.173508e+02
  2.346422e-01,  3.118198e+02
  2.252244e-01,  3.181902e+02
  2.266182e-01,  3.145968e+02
  2.300107e-01,  3.183136e+02
  2.274932e-01,  3.149393e+02
  2.353772e-01,  3.188088e+02
  2.371971e-01,  3.157850e+02
  2.354118e-01,  3.154796e+02
  2.270118e-01,  3.177604e+02
  2.305929e-01,  3.160460e+02
  2.229761e-01,  3.169759e+02
  2.267188e-01,  3.151273e+02
  2.287126e-01,  3.158207e+02
  2.194716e-01,  3.194975e+02
  2.418976e-01,  3.153122e+02
  2.240971e-01,  3.162333e+02
  2.387886e-01,  3.175781e+02
  2.286737e-01,  3.149307e+02
  2.252636e-01,  3.192698e+02
  2.308468e-01,  3.147613e+02
  2.343460e-01,  3.152631e+02
  2.274238e-01,  3.144480e+02
  2.295577e-01,  3.175154e+02
  2.461739e-01,  3.148947e+02
  2.176983e-01,  3.187231e+02
  2.282770e-01,  3.156060e+02
  2.304115e-01,  3.188841e+02
  2.394844e-01,  3.149590e+02
  2.252178e-01,  3.152872e+02
  2.336627e-01,  3.134053e+02
  2.307313e-01,  3.153333e+02
  2.325143e-01,  3.168800e+02
  2.252136e-01,  3.152991e+02
  2.335566e-01,  3.179891e+02
  2.154242e-01,  3.149747e+02
  2.384897e-01,  3.183753e+02
  2.179472e-01,  3.160853e+02
  2.252959e-01,  3.154590e+02
  2.335829e-01,  3.147116e+02
  2.176401e-01,  3.178603e+02
  2.363255e-01,  3.138299e+02
  2.161232e-01,  3.200293e+02
  2.445838e-01,  3.130904e+02
  2.042961e-01,  3.205620e+02
  2.359799e-01,  3.168255e+02
  2.354436e-01,  3.148595e+02
  2.296482e-01,  3.183657e+02
  2.244891e-01,  3.143541e+02
  2.462109e-01,  3.184787e+02
  2.381286e-01,  3.134574e+02
  2.275916e-01,  3.155735e+02
  2.278265e-01,  3.170651e+02
  2.273551e-01,  3.178272e+02
  2.287139e-01,  3.154188e+02
  2.289204e-01,  3.150921e+02
  2.265001e-01,  3.188175e+02
  2.591134e-01,  3.139594e+02
  2.195870e-01,  3.177107e+02
  2.284611e-01,  3.177015e+02
  2.405998e-01,  3.169623e+02
  2.270547e-01,  3.170771e+02
  2.313462e-01,  3.147553e+02
  2.152624e-01,  3.169266e+02
  2.504936e-01,  3.156171e+02
  2.100548e-01,  3.182406e+02
  2.370746e-01,  3.150875e+02
  2.312623e-01,  3.201400e+02
  2.244589e-01,  3.150507e+02
  2.223335e-01,  3.177161e+02
  2.491907e-01,  3.144274e+02
  1.994602e-01,  3.192629e+02
  2.402702e-01,  3.154801e+02
  2.149886e-01,  3.177725e+02
  2.448301e-01,  3.142833e+02
  2.179326e-01,  3.195322e+02
  2.424275e-01,  3.143397e+02
  2.178545e-01,  3.178858e+02
  2.361322e-01,  3.131228e+02
  2.317657e-01,  3.149305e+02
  2.254637e-01,  3.186357e+02
  2.285582e-01,  3.166896e+02
  2.301652e-01,  3.121527e+02
  2.292297e-01,  3.195886e+02
  2.276209e-01,  3.154443e+02
  2.412586e-01,  3.160901e+02
  2.163246e-01,  3.145941e+02
  2.435802e-01,  3.187080e+02
  1.960468e-01,  3.159116e+02
  2.539625e-01,  3.141434e+02
  1.966631e-01,  3.203484e+02
  1.913840e-01,  7.033855e+01
  9.313250e+00,  3.545324e+02
  2.993444e+01,  9.588499e+00
  3.490975e+01,  3.521456e+02
  3.038032e+01,  3.300550e+02
  1.355593e+01,  2.992294e+02
  1.905590e+01,  2.016370e+02
  3.256596e+01,  1.729417e+02
  3.983548e+01,  1.675733e+02
  3.399098e+01,  1.612115e+02
  2.545214e+01,  1.257590e+02
  2.864726e+01,  8.193741e+01
  2.881748e+01,  5.820018e+01
  1.756012e+01,  3.874370e+01
  6.399882e+00,  3.062230e+02
  1.540491e+01,  2.639060e+02
  1.763538e+01,  2.696339e+02
  1.707991e+01,  2.839647e+02
  1.713468e+01,  2.797115e+02
  1.993840e+01,  2.483935e+02
  2.176463e+01,  2.135585e+02
  2.289328e+01,  1.559458e+02
  3.308580e+01,  1.211354e+02
  2.852628e+01,  1.063993e+02
  6.374264e+00,  3.866504e+01
  2.694067e+01,  2.981003e+02
  3.507822e+01,  2.857576e+02
  3.052245e+01,  2.513541e+02
  3.469921e+01,  2.064990e+02
  3.103988e+01,  1.830787e+02
  1.824642e+01,  1.639175e+02
  1.994331e+01,  1.221237e+02
  3.424822e+01,  1.143832e+02
  3.561540e+01,  1.059589e+02
  2.322441e+01,  8.622563e+01
  9.876711e+00,  3.023513e+01
  1.206756e+01,  3.381454e+02
  7.293555e+00,  2.735253e+02
  2.107453e+01,  2.066997e+02
  3.085198e+01,  2.216449e+02
  2.857790e+01,  2.690797e+02
  1.574235e+01,  3.298556e+02
  1.010729e+01,  7.051171e+01
  5.534938e+00,  1.774714e+02
  8.150049e+00,  2.679746e+02
  1.233575e+01,  1.716507e+01
  2.512465e+01,  5.992886e+01
  1.624082e+01,  7.168871e+01
  1.058110e+01,  2.970325e+02
  2.514113e+01,  3.034913e+02
  1.632696e+01,  3.288243e+02
  1.125186e+01,  1.320978e+02
  2.788692e+01,  1.721207e+02
  1.849073e+01,  2.133157e+02
  2.090744e+01,  3.401107e+02
  3.602630e+01,  2.790777e+01
  3.001412e+01,  5.275936e+01
  1.020245e+01,  2.093831e+01
  1.350036e+01,  2.506692e+02
  2.813449e+01,  2.311392e+02
  2.790594e+01,  2.351624e+02
  1.624503e+01,  2.172846e+02
  1.145505e+01,  1.409257e+02
  1.356392e+01,  1.025459e+02
  8.261812e+00,  6.763693e+01
  1.314486e+01,  2.467414e+01
  2.560558e+01,  2.936851e+01
  3.350534e+01,  2.452131e+01
  3.678140e+01,  7.206395e+00
  4.095114e+01,  3.556086e+02
  3.117673e+01,  3.439142e+02
  1.099960e+01,  2.822568e+02
  1.750102e+01,  1.825544e+02
  2.200851e+01,  1.282277e+02
  3.709872e+01,  7.451316e+01
  4.948953e+01,  5.038133e+01
  3.982731e+01,  2.788039e+01
  3.527303e+01,  3.483378e+02
  4.197938e+01,  3.277613e+02
  3.387573e+01,  3.268053e+02
  1.282231e+01,  3.358308e+02
  2.657259e+00,  9.281831e+01
  2.483086e+00,  6.743976e+01
  2.782807e+00,  5.246626e+01
  1.339317e+01,  1.318781e+02
  3.027237e+01,  1.464094e+02
  2.813895e+01,  1.447907e+02
  1.821177e+01,  7.763632e+01
  3.619955e+01,  3.012717e+01
  3.562883e+01,  2.626815e+01
  1.571993e+01,  3.487354e+01
  7.170507e+00,  2.376728e+02
  1.763154e+01,  2.286280e+02
  1.807332e+01,  2.018327e+02
  1.879974e+01,  1.836132e+02
  1.357891e+01,  1.862248e+02
  3.985610e+00,  2.293079e+02
  5.227321e+00,  3.486939e+02
  8.237460e+00,  2.328663e+01
  9.642369e+00,  2.076063e+01
  1.288368e+01,  3.447215e+02
  1.652956e+01,  3.197194e+02
  1.218517e+01,  2.793706e+02
  1.324943e+01,  1.956867e+02
  2.784247e+01,  1.588327e+02
  3.866191e+01,  1.237937e+02
  4.847848e+01,  8.579106e+01
  3.861973e+01,  6.849557e+01
  6.963053e+00,  9.467045e+01
  1.810003e+01,  3.104625e+02
  4.192021e+01,  4.193549e+00
  4.918002e+01,  1.967187e+01
  5.397831e+01,  3.311042e+02
  6.391050e+01,  3.051505e+02
  2.319034e+01,  2.920514e+02
  1.282084e+01,  1.814838e+02
  3.436181e+01,  1.702670e+02
  1.325634e+01,  1.509372e+02
  2.990851e+01,  1.800869e+01
  5.955743e+01,  2.373145e+01
  3.898431e+01,  2.449499e+00
  4.478621e+01,  3.208058e+02
  2.683811e+01,  2.862921e+02
  1.913665e+01,  3.147763e+02
  1.017892e+01,  3.509422e+02
  5.535752e+00,  1.173824e+02
  2.317974e+01,  1.591178e+02
  3.037168e+01,  1.630657e+02
  2.034101e+01,  1.484617e+02
  2.203062e+01,  5.109967e+01
  3.595553e+01,  2.300517e+01
  2.662570e+01,  2.546600e+00
  1.330882e+01,  2.949019e+02
  2.348625e+01,  2.616793e+02
  2.030084e+01,  2.610206e+02
  6.431129e+00,  2.238081e+02
  1.131272e+01,  1.582698e+02
  1.416326e+01,  1.898500e+02
  1.149874e+01,  2.397163e+02
  1.024758e+01,  3.470976e+02
  2.779812e+01,  4.057941e+01
  3.357809e+01,  5.792615e+01
  1.281615e+01,  4.860954e+01
  2.298391e+01,  2.771531e+02
  3.327581e+01,  2.812792e+02
  9.186949e+00,  2.869748e+02
  2.613984e+01,  1.224429e+02
  3.432616e+01,  1.403864e+02
  1.685223e+01,  1.813001e+02
  1.330684e+01,  2.930076e+02
  1.859826e+01,  3.246069e+02
  8.498200e+00,  3.247062e+02
  2.285401e+00,  2.600349e+02
  5.786253e+00,  3.136391e+02
  1.388852e+01,  3.370374e+02
  1.736581e+01,  3.262962e+02
  2.050004e+01,  2.953893e+02
  2.521962e+01,  2.641313e+02
  2.585558e+01,  2.317823e+02
  1.248647e+01,  1.608903e+02
  2.962762e+01,  9.539553e+01
  3.468424e+01,  9.210767e+01
  2.513101e+01,  5.755897e+01
  2.391852e+01,  3.538274e+02
  2.164512e+01,  3.056246e+02
  2.298107e+01,  2.560807e+02
  3.119996e+01,  2.122131e+02
  3.180496e+01,  1.808570e+02
  1.702356e+01,  1.625221e+02
  3.515505e+00,  7.489065e+01
  5.088460e+00,  1.405808e+01
  5.795538e+00,  2.716181e+02
  1.439687e+01,  2.645528e+02
  1.685405e+01,  3.130987e+02
  2.816639e+01,  1.604099e+00
  3.585985e+01,  3.569936e+02
  4.593811e+01,  3.176584e+02
  5.765754e+01,  2.890278e+02
  3.986681e+01,  2.698035e+02
  2.198728e+01,  2.525258e+02
  1.337196e+01,  1.454930e+02
  1.307585e+01,  8.060417e+01
  3.475179e+01,  2.332005e+01
  4.551018e+01,  2.934469e+01
  3.550377e+01,  2.814216e+01
  2.018435e+01,  3.366174e+02
  2.195613e+01,  2.771357e+02
  2.515172e+01,  2.629911e+02
  1.888750e+01,  2.856427e+02
  1.703573e+00,  2.234158e+02
  1.857399e+01,  1.298265e+02
  2.326448e+01,  1.350693e+02
  1.367741e+01,  8.851738e+01
  2.815245e+01,  3.514550e+01
  3.257507e+01,  1.706352e+01
  1.868777e+01,  2.897260e+02
  4.566435e+01,  2.566526e+02
  1.565230e+01,  1.700767e+02
  2.174645e+01,  4.203330e+01
  1.509030e+01,  2.329746e+02
  6.695855e+00,  5.430487e+01
  2.810886e+00,  2.442032e+02
  9.967950e-01,  4.017889e+01
  6.426820e-01,  2.331069e+02
  6.329044e-01,  3.589722e+02
  4.926165e-01,  2.281093e+02
  5.813161e-01,  3.585270e+02
  4.417411e-01,  2.357295e+02
  4.923086e-01,  3.591067e+02
  3.914805e-01,  2.459676e+02
  4.038285e-01,  3.567728e+02
  3.256094e-01,  2.596383e+02
  3.139487e-01,  3.544675e+02
  3.008526e-01,  2.754908e+02
  2.382507e-01,  3.520414e+02
  2.873980e-01,  2.877885e+02
  2.017722e-01,  3.445525e+02
  2.914322e-01,  3.044053e+02
  1.555714e-01,  3.224589e+02
  3.005951e-01,  3.171373e+02
  1.575611e-01,  3.025885e+02
  2.940896e-01,  3.244073e+02
  1.639295e-01,  2.936393e+02
  3.144944e-01,  3.298882e+02
  1.915092e-01,  2.839641e+02
  3.132225e-01,  3.341346e+02
  1.910540e-01,  2.819957e+02
  3.220580e-01,  3.324617e+02
  1.932477e-01,  2.821843e+02
  3.068326e-01,  3.336952e+02
  2.111195e-01,  2.874602e+02
  2.706026e-01,  3.366162e+02
  2.258782e-01,  2.909105e+02
  2.504561e-01,  3.354386e+02
  2.479275e-01,  2.975154e+02
  2.326251e-01,  3.321786e+02
  2.391618e-01,  3.017480e+02
  2.001063e-01,  3.291082e+02
  2.645479e-01,  3.081408e+02
  1.835430e-01,  3.238994e+02
  2.786342e-01,  3.127662e+02
  1.834927e-01,  3.169782e+02
  2.709511e-01,  3.191814e+02
  1.802351e-01,  3.104396e+02
  2.754164e-01,  3.236076e+02
  2.079120e-01,  3.003249e+02
  2.699695e-01,  3.273175e+02
  2.047025e-01,  3.031660e+02
  2.526927e-01,  3.291893e+02
  2.182788e-01,  3.001478e+02
  2.474074e-01,  3.273036e+02
  2.120775e-01,  3.038551e+02
  2.408340e-01,  3.314497e+02
  2.199375e-01,  3.002578e+02
  2.425552e-01,  3.276585e+02
  2.360420e-01,  3.035941e+02
  2.305670e-01,  3.255711e+02
  2.271804e-01,  3.093579e+02
  2.117562e-01,  3.214834e+02
  2.389676e-01,  3.138468e+02
  2.045809e-01,  3.177305e+02
  2.509461e-01,  3.127512e+02
  2.010365e-01,  3.211418e+02
  2.485656e-01,  3.183085e+02
  2.105572e-01,  3.120653e+02
  2.467349e-01,  3.241445e+02
  2.158217e-01,  3.085175e+02
  2.405797e-01,  3.248488e+02
  2.182464e-01,  3.079510e+02
  2.472599e-01,  3.220046e+02
  2.181657e-01,  3.089733e+02
  2.469449e-01,  3.247127e+02
  2.163076e-01,  3.077034e+02
  2.439929e-01,  3.232306e+02
  2.224360e-01,  3.084542e+02
  2.306380e-01,  3.228453e+02
  2.298217e-01,  3.083586e+02
  2.330520e-01,  3.200484e+02
  2.201526e-01,  3.145182e+02
  2.334387e-01,  3.175266e+02
  2.388980e-01,  3.156897e+02
  2.163824e-01,  3.148674e+02
  2.280245e-01,  3.151603e+02
  2.232163e-01,  3.190638e+02
  2.416858e-01,  3.171299e+02
  2.071053e-01,  3.177575e+02
  2.418429e-01,  3.179856e+02
  2.104033e-01,  3.128893e+02
  2.351283e-01,  3.215901e+02
  2.188294e-01,  3.137708e+02
  2.400703e-01,  3.182953e+02
  2.058038e-01,  3.111525e+02
  2.462893e-01,  3.200503e+02
  2.272244e-01,  3.112200e+02
  2.441052e-01,  3.187690e+02
  2.149589e-01,  3.123409e+02
  2.244524e-01,  3.157101e+02
  2.331336e-01,  3.128317e+02
  2.214194e-01,  3.203982e+02
  2.318095e-01,  3.126742e+02
  2.217084e-01,  3.202269e+02
  2.207581e-01,  3.128269e+02
  2.284330e-01,  3.188024e+02
  2.357992e-01,  3.106876e+02
  2.263884e-01,  3.189965e+02
  2.254198e-01,  3.160995e+02
  2.216015e-01,  3.171669e+02
  2.536723e-01,  3.182888e+02
  1.992413e-01,  3.137033e+02
  2.359918e-01,  3.190765e+02
  2.186323e-01,  3.141077e+02
  2.297974e-01,  3.189587e+02
  2.223442e-01,  3.126723e+02
  2.336121e-01,  3.214278e+02
  2.227062e-01,  3.118336e+02
  2.287150e-01,  3.196212e+02
  2.242331e-01,  3.151102e+02
  2.244494e-01,  3.195521e+02
  2.407836e-01,  3.130052e+02
  2.215514e-01,  3.176168e+02
  2.244225e-01,  3.147855e+02
  2.314014e-01,  3.170056e+02
  2.270000e-01,  3.128388e+02
  2.328009e-01,  3.169481e+02
  2.251831e-01,  3.179646e+02
  2.335858e-01,  3.162812e+02
  2.261956e-01,  3.158156e+02
  2.161008e-01,  3.166600e+02
  2.400287e-01,  3.148189e+02
  2.216509e-01,  3.125095e+02
  2.387116e-01,  3.182385e+02
  2.150015e-01,  3.154627e+02
  2.358946e-01,  3.173330e+02
  2.179450e-01,  3.164926e+02
  2.300673e-01,  3.171454e+02
  2.346061e-01,  3.121138e+02
  2.188597e-01,  3.203452e+02
  2.272148e-01,  3.159212e+02
  2.398221e-01,  3.144820e+02
  2.287106e-01,  3.171793e+02
  2.297610e-01,  3.153362e+02
  2.259434e-01,  3.147565e+02
  2.135156e-01,  3.206154e+02
  2.289617e-01,  3.142511e+02
  2.274364e-01,  3.152840e+02
  2.263122e-01,  3.169730e+02
  2.257920e-01,  3.194968e+02
  2.279608e-01,  3.130114e+02
  2.305780e-01,  3.166826e+02
  2.333627e-01,  3.151667e+02
  2.230093e-01,  3.143356e+02
  2.296860e-01,  3.173721e+02
  2.265113e-01,  3.157381e+02
  2.377396e-01,  3.181697e+02
  2.187370e-01,  3.146891e+02
  2.307292e-01,  3.161530e+02
  2.243831e-01,  3.174771e+02
  2.238879e-01,  3.174619e+02
  2.306473e-01,  3.174707e+02
  2.163133e-01,  3.158987e+02
  2.290952e-01,  3.165621e+02
  2.227140e-01,  3.161943e+02
  2.137258e-01,  3.151931e+02
  2.330184e-01,  3.191855e+02
  2.272122e-01,  3.122875e+02
  2.264870e-01,  3.195116e+02
  2.345212e-01,  3.122774e+02
  2.136270e-01,  3.191075e+02
  2.380362e-01,  3.152757e+02
  2.316800e-01,  3.160498e+02
  2.297996e-01,  3.142470e+02
  2.275175e-01,  3.152066e+02
  2.238765e-01,  3.187408e+02
  2.321323e-01,  3.161020e+02
  2.197408e-01,  3.187541e+02
  2.239163e-01,  3.135936e+02
  2.229467e-01,  3.198270e+02
  2.317983e-01,  3.146601e+02
  2.229461e-01,  3.173104e+02
  2.277592e-01,  3.140470e+02
  2.346040e-01,  3.171959e+02
  2.170598e-01,  3.183703e+02
  2.314960e-01,  3.177624e+02
  2.216796e-01,  3.151764e+02
  2.274213e-01,  3.151208e+02
  2.219914e-01,  3.169211e+02
  2.279832e-01,  3.158871e+02
  2.388141e-01,  3.148298e+02
  2.220482e-01,  3.164104e+02
  2.234162e-01,  3.143730e+02
  2.271744e-01,  3.184262e+02
  2.320382e-01,  3.173487e+02
  2.276417e-01,  3.127119e+02
  2.284913e-01,  3.156533e+02
  2.249988e-01,  3.151767e+02
  2.355661e-01,  3.180544e+02
  2.127304e-01,  3.149293e+02
  2.324859e-01,  3.177064e+02
  2.338053e-01,  3.137114e+02
  2.173713e-01,  3.155856e+02
  2.348690e-01,  3.190534e+02
  2.116508e-01,  3.159228e+02
  2.296230e-01,  3.171398e+02
  2.254920e-01,  3.180971e+02
  2.281121e-01,  3.202594e+02
  2.141721e-01,  3.147026e+02
  2.194499e-01,  3.180926e+02
  2.274432e-01,  3.145611e+02
  2.270733e-01,  3.147019e+02
  2.403309e-01,  3.205460e+02
  2.264855e-01,  3.106207e+02
  2.320834e-01,  3.176974e+02
  2.222804e-01,  3.164794e+02
  2.246360e-01,  3.138800e+02
  2.197101e-01,  3.190718e+02
  2.161666e-01,  3.197278e+02
  2.336993e-01,  3.152937e+02
  2.328192e-01,  3.151496e+02
  2.211983e-01,  3.165644e+02
  2.343309e-01,  3.175332e+02
  2.265804e-01,  3.156048e+02
  2.221803e-01,  3.148301e+02
  2.271472e-01,  3.157553e+02
  2.319336e-01,  3.147196e+02
  2.266168e-01,  3.174325e+02
  2.297826e-01,  3.129663e+02
  2.271272e-01,  3.148264e+02
  2.153470e-01,  3.206039e+02
  2.309068e-01,  3.187528e+02
  2.226617e-01,  3.133300e+02
  2.207644e-01,  3.201035e+02
  2.331786e-01,  3.132153e+02
  2.354292e-01,  3.157826e+02
  2.290675e-01,  3.180142e+02
  2.247756e-01,  3.167978e+02
  2.351937e-01,  3.156256e+02
  2.279122e-01,  3.165228e+02
  2.207435e-01,  3.193323e+02
  2.332924e-01,  3.158270e+02
  2.230007e-01,  3.176259e+02
  2.340579e-01,  3.134775e+02
  2.279380e-01,  3.177230e+02
  2.149826e-01,  3.172210e+02
  2.302844e-01,  3.161476e+02
  2.235854e-01,  3.158948e+02
  2.155404e-01,  3.180419e+02
  2.480682e-01,  3.141703e+02
  2.255665e-01,  3.160125e+02
  2.322386e-01,  3.150496e+02
  2.273573e-01,  3.183272e+02
  2.095784e-01,  3.159599e+02
  2.292228e-01,  3.159141e+02
  2.295042e-01,  3.188647e+02
  2.319271e-01,  3.156040e+02
  2.229822e-01,  3.178368e+02
  2.439067e-01,  3.133920e+02
  2.144562e-01,  3.180177e+02
  2.349966e-01,  3.142378e+02
  2.244212e-01,  3.187937e+02
  2.145102e-01,  3.171937e+02
  2.334758e-01,  3.166828e+02
  2.121427e-01,  3.176426e+02
  2.288630e-01,  3.135021e+02
  2.367627e-01,  3.152217e+02
  2.220187e-01,  3.169211e+02
  2.307133e-01,  3.167693e+02
  2.252194e-01,  3.140101e+02
  2.288351e-01,  3.177092e+02
  2.267658e-01,  3.169427e+02
  2.250580e-01,  3.177843e+02
  2.303386e-01,  3.138308e+02
  2.237377e-01,  3.191001e+02
  2.277953e-01,  3.165392e+02
  2.207217e-01,  3.131305e+02
  2.330770e-01,  3.194091e+02
  2.189301e-01,  3.143602e+02
  2.287514e-01,  3.156751e+02
  2.313290e-01,  3.134093e+02
  2.336628e-01,  3.165117e+02
  2.228439e-01,  3.152545e+02
  2.288740e-01,  3.164550e+02
  2.328720e-01,  3.183914e+02
  2.291581e-01,  3.151794e+02
  2.337128e-01,  3.168296e+02
  2.318217e-01,  3.158596e+02
  2.280353e-01,  3.158310e+02
  2.157385e-01,  3.171373e+02
  2.253663e-01,  3.198494e+02
  2.209243e-01,  3.151909e+02
  2.201865e-01,  3.162077e+02
  2.295891e-01,  3.170434e+02
  2.203454e-01,  3.181909e+02
  2.260568e-01,  3.169216e+02
  2.201741e-01,  3.152740e+02
  2.334697e-01,  3.171491e+02
  2.371324e-01,  3.165994e+02
  2.087788e-01,  3.170347e+02
  2.371072e-01,  3.185055e+02
  2.368916e-01,  3.144548e+02
  2.160037e-01,  3.164806e+02
  2.252529e-01,  3.150651e+02
  2.306772e-01,  3.195196e+02
  2.215737e-01,  3.142193e+02
  2.380477e-01,  3.132910e+02
  2.234886e-01,  3.189824e+02
  2.429761e-01,  3.145310e+02
  2.213210e-01,  3.166109e+02
  2.309509e-01,  3.109897e+02
  2.236588e-01,  3.218937e+02
  2.162110e-01,  3.160871e+02
  2.311591e-01,  3.169216e+02
  2.202004e-01,  3.153112e+02
  2.152939e-01,  3.182267e+02
  2.336485e-01,  3.146241e+02
  2.238463e-01,  3.157515e+02
  2.177227e-01,  3.183813e+02
  2.390376e-01,  3.148280e+02
  2.148213e-01,  3.175775e+02
  2.339069e-01,  3.134268e+02
  2.267388e-01,  3.169364e+02
  2.284350e-01,  3.171031e+02
  2.291558e-01,  3.144333e+02
  2.294313e-01,  3.188913e+02
  2.342782e-01,  3.163911e+02
  2.266056e-01,  3.132242e+02
  2.251425e-01,  3.184367e+02
  2.311574e-01,  3.140192e+02
  2.292962e-01,  3.186435e+02
  2.305340e-01,  3.133259e+02
  2.176444e-01,  3.211434e+02
  3.778237e-01,  2.332795e+02
  3.996451e+00,  2.895143e+02
  3.679788e+00,  3.164853e+02
  6.889109e+00,  8.837458e+01
  1.422991e+01,  1.048333e+02
  1.522483e+01,  1.091742e+02
  1.007418e+01,  1.153360e+02
  4.977857e+00,  1.511030e+02
  6.510835e+00,  1.905089e+02
  9.095039e+00,  1.839672e+02
  1.080706e+01,  1.648414e+02
  1.293470e+01,  1.485339e+02
  1.591337e+01,  1.509182e+02
  1.896299e+01,  1.708263e+02
  2.076259e+01,  1.991751e+02
  2.147991e+01,  2.286675e+02
  2.017434e+01,  2.490363e+02
  1.199318e+01,  2.518955e+02
  3.823944e+00,  1.381810e+02
  1.457938e+01,  1.049043e+02
  1.654257e+01,  9.791470e+01
  1.015000e+01,  7.061331e+01
  6.842390e+00,  1.715654e+00
  6.568461e+00,  3.130686e+02
  5.051951e+00,  2.273220e+02
  1.288947e+01,  1.762201e+02
  1.714751e+01,  1.602881e+02
  1.171283e+01,  1.452550e+02
  6.217871e-01,  1.300647e+02
  9.301391e+00,  2.966990e+02
  1.462487e+01,  2.868287e+02
  1.084504e+01,  2.735452e+02
  2.821228e+00,  1.740799e+02
  1.119140e+01,  1.155338e+02
  1.230180e+01,  1.084531e+02
  3.319000e+00,  7.520012e+01
  8.962916e+00,  3.056648e+02
  1.414672e+01,  2.926193e+02
  1.122149e+01,  2.668518e+02
  8.874189e+00,  2.153298e+02
  9.286512e+00,  1.974614e+02
  6.063591e+00,  2.348345e+02
  9.877613e+00,  3.078104e+02
  1.457739e+01,  3.301283e+02
  1.145961e+01,  3.317106e+02
  6.300507e+00,  2.943943e+02
  7.338587e+00,  2.692676e+02
  9.351863e+00,  3.000387e+02
  1.400830e+01,  3.414318e+02
  1.734889e+01,  1.146900e+01
  1.498500e+01,  3.858209e+01
  9.739422e+00,  6.806081e+01
  4.519150e+00,  8.751267e+01
  1.956491e+00,  3.441540e+02
  8.241523e+00,  3.180768e+02
  1.155099e+01,  3.049122e+02
  1.042838e+01,  2.704318e+02
  9.638119e+00,  2.269732e+02
  6.671951e+00,  1.707977e+02
  1.191484e+01,  1.059124e+02
  1.826211e+01,  9.090223e+01
  1.537039e+01,  8.224803e+01
  5.102752e+00,  7.338536e+01
  4.153304e+00,  2.211506e+02
  1.147042e+01,  2.041236e+02
  1.941893e+01,  1.936321e+02
  2.451454e+01,  1.979591e+02
  2.563798e+01,  2.234199e+02
  2.711581e+01,  2.589329e+02
  2.349628e+01,  2.866632e+02
  8.071272e+00,  3.275589e+02
  1.701035e+01,  1.022594e+02
  3.047520e+01,  1.221351e+02
  3.064490e+01,  1.296337e+02
  2.633656e+01,  1.253470e+02
  2.518169e+01,  1.233458e+02
  2.516482e+01,  1.382548e+02
  2.306034e+01,  1.678096e+02
  1.662482e+01,  2.016296e+02
  5.029119e+00,  2.341498e+02
  5.082884e+00,  6.573430e+01
  8.336918e+00,  1.063900e+02
  8.690401e+00,  1.657622e+02
  1.148836e+01,  2.163085e+02
  1.034592e+01,  2.332613e+02
  4.834658e+00,  1.972547e+02
  8.094780e+00,  1.328116e+02
  9.995742e+00,  1.202465e+02
  7.880223e+00,  9.653697e+01
  9.746250e+00,  8.184604e+01
  1.462085e+01,  1.086860e+02
  1.900173e+01,  1.487475e+02
  2.181742e+01,  1.916975e+02
  2.116093e+01,  2.256660e+02
  1.334484e+01,  2.479103e+02
  4.153053e+00,  2.913718e+02
  3.974696e+00,  9.845275e+00
  2.109415e+00,  6.165226e+00
  3.196269e+00,  2.601930e+02
  6.122204e+00,  2.560990e+02
  4.737232e+00,  2.790285e+02
  5.831515e+00,  3.509317e+02
  1.121755e+01,  1.207505e+01
  1.328397e+01,  2.117190e+01
  1.075596e+01,  3.390655e+01
  6.938183e+00,  6.324304e+01
  7.653119e+00,  1.072598e+02
  1.179497e+01,  1.200553e+02
  1.234611e+01,  1.147878e+02
  6.959940e+00,  8.053000e+01
  7.781122e+00,  3.523312e+02
  1.386612e+01,  3.318622e+02
  1.373194e+01,  3.412871e+02
  8.952027e+00,  3.005484e+01
  1.301268e+01,  9.925881e+01
  1.791554e+01,  1.244399e+02
  1.475225e+01,  1.211448e+02
  1.051227e+01,  6.695307e+01
  1.528590e+01,  2.546998e+01
  1.299591e+01,  1.062005e+01
  2.784281e+00,  3.124193e+02
  8.818842e+00,  2.176517e+02
  8.398301e+00,  2.189152e+02
  1.218280e+00,  1.432312e+01
  1.152898e+01,  3.937255e+01
  1.392855e+01,  4.312986e+01
  7.160486e+00,  3.347210e+01
  1.152588e+00,  3.145895e+02
  3.490961e-01,  1.071233e+02
  6.646872e+00,  5.402425e+01
  1.478969e+01,  4.948828e+01
  1.678018e+01,  4.376527e+01
  1.157066e+01,  2.541203e+01
  7.538832e+00,  3.395141e+02
  5.469086e+00,  3.201784e+02
  3.489737e+00,  8.511795e+01
  1.485806e+01,  1.155051e+02
  2.035873e+01,  1.232291e+02
  1.518585e+01,  1.180562e+02
  6.251333e+00,  7.340655e+01
  1.120685e+01,  3.555112e+02
  2.208883e+01,  6.979723e+00
  2.994294e+01,  3.842495e+01
  3.026750e+01,  7.487501e+01
  2.143957e+01,  1.163032e+02
  1.256405e+01,  1.847559e+02
  1.519671e+01,  2.555038e+02
  1.388416e+01,  2.956073e+02
  5.614113e+00,  3.293335e+00
  9.210520e+00,  1.198114e+02
  1.232687e+01,  1.710806e+02
  1.049719e+01,  2.376289e+02
  1.385140e+01,  3.177443e+02
  1.878281e+01,  1.160429e+01
  2.136786e+01,  5.172664e+01
  1.988390e+01,  7.101496e+01
  1.457309e+01,  6.039993e+01
  1.197487e+01,  2.471843e+01
  1.373754e+01,  7.020349e+00
  1.435376e+01,  1.667186e+01
  1.234469e+01,  4.349579e+01
  1.032238e+01,  8.280317e+01
  1.043165e+01,  1.150667e+02
  1.005556e+01,  1.210144e+02
  9.389186e+00,  1.004215e+02
  9.653222e+00,  7.167028e+01
  9.139283e+00,  4.657518e+01
  7.776213e+00,  1.428126e+01
  8.084183e+00,  3.460751e+02
  7.800008e+00,  3.420207e+02
  5.158962e+00,  3.285897e+00
  2.999673e+00,  6.013891e+01
  2.605801e+00,  1.341488e+02
  2.913625e+00,  2.140588e+02
  5.014797e+00,  2.837022e+02
  1.010180e+01,  3.303839e+02
  1.697494e+01,  3.594378e+02
  2.122473e+01,  1.709057e+01
  1.978922e+01,  2.976845e+01
  1.337086e+01,  4.569919e+01
  6.440490e+00,  8.091181e+01
  5.161166e+00,  1.320889e+02
  4.842629e+00,  1.204705e+02
  7.712364e+00,  7.655407e+01
  1.130659e+01,  5.062918e+01
  1.286893e+01,  1.539953e+01
  1.837629e+01,  3.436198e+02
  2.004075e+01,  3.449661e+02
  1.435365e+01,  2.161806e+01
  1.899197e+01,  9.004800e+01
  2.642637e+01,  1.132123e+02
  2.314256e+01,  1.117617e+02
  1.286496e+01,  7.844534e+01
  1.239111e+01,  1.567538e+01
  1.518166e+01,  2.547788e+00
  1.044465e+01,  3.765729e+01
  1.450981e+01,  1.198566e+02
  2.241604e+01,  1.552476e+02
  3.834204e+00,  2.499773e+02
  2.728629e+00,  2.298735e+01
  1.872623e+00,  2.050158e+02
  1.095304e+00,  9.744802e-01
  3.625203e-01,  2.413766e+02
  1.988797e-01,  3.487730e+02
  3.382991e-01,  3.050675e+02
  1.074197e-01,  3.468775e+02
  3.202038e-01,  3.052896e+02
  1.489464e-01,  3.447566e+02
  2.965738e-01,  3.029470e+02
  1.748003e-01,  3.315896e+02
  2.746351e-01,  3.064958e+02
  1.848447e-01,  3.317305e+02
  2.511057e-01,  3.085152e+02
  2.149944e-01,  3.236658e+02
  2.367500e-01,  3.099923e+02
  2.334794e-01,  3.193431e+02
  2.147329e-01,  3.118609e+02
  2.534844e-01,  3.205181e+02
  1.899855e-01,  3.154025e+02
  2.520523e-01,  3.146282e+02
  1.821290e-01,  3.171909e+02
  2.651581e-01,  3.155032e+02
  1.900081e-01,  3.225451e+02
  2.561481e-01,  3.124183e+02
  1.882682e-01,  3.187429e+02
  2.657675e-01,  3.157153e+02
  1.923056e-01,  3.174413e+02
  2.559158e-01,  3.131179e+02
  1.979572e-01,  3.175625e+02
  2.484404e-01,  3.133341e+02
  2.003254e-01,  3.178050e+02
  2.421908e-01,  3.129315e+02
  2.111624e-01,  3.189187e+02
  2.416277e-01,  3.126386e+02
  2.139635e-01,  3.198601e+02
  2.307070e-01,  3.117102e+02
  2.313032e-01,  3.201300e+02
  2.207404e-01,  3.123818e+02
  2.296759e-01,  3.200549e+02
  2.200461e-01,  3.162366e+02
  2.408986e-01,  3.155727e+02
  2.022359e-01,  3.173360e+02
  2.290259e-01,  3.172036e+02
  2.238487e-01,  3.156994e+02
  2.297293e-01,  3.185334e+02
  2.148910e-01,  3.191339e+02
  2.456420e-01,  3.151435e+02
  1.898836e-01,  3.169835e+02
  2.641314e-01,  3.155215e+02
  2.003466e-01,  3.196641e+02
  2.356313e-01,  3.152558e+02
  2.187671e-01,  3.162175e+02
  2.402462e-01,  3.124902e+02
  2.252653e-01,  3.171338e+02
  2.288595e-01,  3.143035e+02
  2.096904e-01,  3.206032e+02
  2.315413e-01,  3.116286e+02
  2.133554e-01,  3.194397e+02
  2.324927e-01,  3.175017e+02
  2.231811e-01,  3.157205e+02
  2.185021e-01,  3.168343e+02
  2.394755e-01,  3.162804e+02
  2.126928e-01,  3.139769e+02
  2.304085e-01,  3.201690e+02
  2.202145e-01,  3.150862e+02
  2.331091e-01,  3.210044e+02
  2.092002e-01,  3.145237e+02
  2.413582e-01,  3.140746e+02
  1.993793e-01,  3.215153e+02
  2.379564e-01,  3.138682e+02
  2.159261e-01,  3.176384e+02
  2.412632e-01,  3.138960e+02
  2.091710e-01,  3.183502e+02
  2.328242e-01,  3.153424e+02
  2.108041e-01,  3.172629e+02
  2.336696e-01,  3.156205e+02
  2.273375e-01,  3.165024e+02
  2.269973e-01,  3.126654e+02
  2.334322e-01,  3.200062e+02
  2.132216e-01,  3.160328e+02
  2.317334e-01,  3.174307e+02
  2.265997e-01,  3.127887e+02
  2.217360e-01,  3.193420e+02
  2.184623e-01,  3.140121e+02
  2.354965e-01,  3.154543e+02
  2.087932e-01,  3.212419e+02
  2.312647e-01,  3.155857e+02
  2.222962e-01,  3.157224e+02
  2.474990e-01,  3.155753e+02
  2.188333e-01,  3.153586e+02
  2.372270e-01,  3.134116e+02
  2.205883e-01,  3.205378e+02
  2.286114e-01,  3.163701e+02
  2.261351e-01,  3.170799e+02
  2.113841e-01,  3.161997e+02
  2.266015e-01,  3.166640e+02
  2.305501e-01,  3.140979e+02
  2.239697e-01,  3.190745e+02
  2.203224e-01,  3.148110e+02
  2.187540e-01,  3.167332e+02
  2.303079e-01,  3.153853e+02
  2.279065e-01,  3.169603e+02
  2.177237e-01,  3.166247e+02
  2.279703e-01,  3.165027e+02
  2.246284e-01,  3.159678e+02
  2.234405e-01,  3.154145e+02
  2.310773e-01,  3.153542e+02
  2.234507e-01,  3.183043e+02
  2.118275e-01,  3.158674e+02
  2.268001e-01,  3.166863e+02
  2.241375e-01,  3.153797e+02
  2.384090e-01,  3.139364e+02
  2.125571e-01,  3.200685e+02
  2.309579e-01,  3.129322e+02
  2.181242e-01,  3.173945e+02
  2.261099e-01,  3.159795e+02
  2.184072e-01,  3.202134e+02
  2.207367e-01,  3.133086e+02
  2.418177e-01,  3.145836e+02
  2.199152e-01,  3.201821e+02
  2.240692e-01,  3.181702e+02
  2.359455e-01,  3.133788e+02
  2.208367e-01,  3.205569e+02
  2.157090e-01,  3.147110e+02
  2.410309e-01,  3.142906e+02
  2.107047e-01,  3.195530e+02
  2.169028e-01,  3.150221e+02
  2.379227e-01,  3.172789e+02
  2.256914e-01,  3.143552e+02
  2.291717e-01,  3.175830e+02
  2.211478e-01,  3.153279e+02
  2.214403e-01,  3.185208e+02
  2.275302e-01,  3.154095e+02
  2.195496e-01,  3.141915e+02
  2.298879e-01,  3.184839e+02
  2.151029e-01,  3.213747e+02
  2.160796e-01,  3.133192e+02
  2.449068e-01,  3.151430e+02
  2.261672e-01,  3.162513e+02
  2.098852e-01,  3.163405e+02
  2.304865e-01,  3.179204e+02
  2.293273e-01,  3.116872e+02
  2.280058e-01,  3.201606e+02
  2.225131e-01,  3.176437e+02
  2.249547e-01,  3.159477e+02
  2.231480e-01,  3.178998e+02
  2.320920e-01,  3.126201e+02
  2.199295e-01,  3.167827e+02
  2.294670e-01,  3.167702e+02
  2.227359e-01,  3.187784e+02
  2.156444e-01,  3.168907e+02
  2.340716e-01,  3.143490e+02
  2.118408e-01,  3.158184e+02
  2.226466e-01,  3.179754e+02
  2.185113e-01,  3.173923e+02
  2.278643e-01,  3.125695e+02
  2.291926e-01,  3.188746e+02
  2.228458e-01,  3.184637e+02
  2.289166e-01,  3.136108e+02
  2.355831e-01,  3.158685e+02
  2.012312e-01,  3.190867e+02
  2.257918e-01,  3.147120e+02
  2.305282e-01,  3.159200e+02
  2.225956e-01,  3.176393e+02
  2.414968e-01,  3.134351e+02
  2.181792e-01,  3.175969e+02
  2.333000e-01,  3.168211e+02
  2.163584e-01,  3.176960e+02
  2.201664e-01,  3.184177e+02
  2.284153e-01,  3.148646e+02
  2.367004e-01,  3.171633e+02
  2.149210e-01,  3.155164e+02
  2.293593e-01,  3.163331e+02
  2.319488e-01,  3.165284e+02
  2.180332e-01,  3.147984e+02
  2.369523e-01,  3.175028e+02
  2.045400e-01,  3.205746e+02
  2.328802e-01,  3.154329e+02
  2.270151e-01,  3.153009e+02
  2.125582e-01,  3.190508e+02
  2.208947e-01,  3.181993e+02
  2.341898e-01,  3.155420e+02
  2.197881e-01,  3.175591e+02
  2.269125e-01,  3.153389e+02
  2.330207e-01,  3.171448e+02
  2.050387e-01,  3.193098e+02
  2.292928e-01,  3.154733e+02
  2.187618e-01,  3.188428e+02
  2.300510e-01,  3.158959e+02
  2.188706e-01,  3.153422e+02
  2.268771e-01,  3.167456e+02
  2.323655e-01,  3.173249e+02
  2.229244e-01,  3.167363e+02
  2.291991e-01,  3.175960e+02
  2.235592e-01,  3.164076e+02
  2.280086e-01,  3.185207e+02
  2.197299e-01,  3.144158e+02
  2.306804e-01,  3.180497e+02
  2.252543e-01,  3.150719e+02
  2.296980e-01,  3.154104e+02
  2.234793e-01,  3.177879e+02
  2.182738e-01,  3.185136e+02
  2.350156e-01,  3.161837e+02
  2.212058e-01,  3.118716e+02
  2.323945e-01,  3.187787e+02
  2.157522e-01,  3.155495e+02
  2.235345e-01,  3.161136e+02
  2.375753e-01,  3.147632e+02
  2.243044e-01,  3.174484e+02
  2.384248e-01,  3.146761e+02
  2.190001e-01,  3.189623e+02
  2.163618e-01,  3.157491e+02
  2.192446e-01,  3.167948e+02
  2.321727e-01,  3.139944e+02
  2.273016e-01,  3.163002e+02
  2.340681e-01,  3.180498e+02
  2.195106e-01,  3.148255e+02
  2.184568e-01,  3.199644e+02
  2.278371e-01,  3.167091e+02
  2.359409e-01,  3.143488e+02
  2.252650e-01,  3.172987e+02
  2.127676e-01,  3.208652e+02
  2.176818e-01,  3.153023e+02
  2.318528e-01,  3.130690e+02
  2.329272e-01,  3.151682e+02
  2.097620e-01,  3.205968e+02
  2.362673e-01,  3.161265e+02
  2.225151e-01,  3.159873e+02
  2.236191e-01,  3.134529e+02
  2.269900e-01,  3.192060e+02
  2.259004e-01,  3.123713e+02
  2.205405e-01,  3.173097e+02
  2.269364e-01,  3.166048e+02
  2.225235e-01,  3.159156e+02
  2.355249e-01,  3.141796e+02
  2.218139e-01,  3.168153e+02
  2.267938e-01,  3.192223e+02
  2.175851e-01,  3.131730e+02
  2.268763e-01,  3.202532e+02
  2.262906e-01,  3.126067e+02
  2.209142e-01,  3.208164e+02
  2.368269e-01,  3.125559e+02
  2.115672e-01,  3.162537e+02
  2.375434e-01,  3.164156e+02
  2.066183e-01,  3.169622e+02
  2.319125e-01,  3.142248e+02
  2.318224e-01,  3.152079e+02
  2.317368e-01,  3.168635e+02
  2.227023e-01,  3.156196e+02
  2.323805e-01,  3.201268e+02
  2.134653e-01,  3.150691e+02
  2.141308e-01,  3.194081e+02
  2.312490e-01,  3.135653e+02
  2.341716e-01,  3.151704e+02
  2.298919e-01,  3.166985e+02
  2.137085e-01,  3.158634e+02
  2.291054e-01,  3.190402e+02
  2.209879e-01,  3.183476e+02
  2.332283e-01,  3.118104e+02
  2.183696e-01,  3.181846e+02
  2.300989e-01,  3.182119e+02
  2.125157e-01,  3.171100e+02
  2.276176e-01,  3.164965e+02
  2.191662e-01,  3.173710e+02
  2.265735e-01,  3.170787e+02
  2.260591e-01,  3.148919e+02
  2.240508e-01,  3.154198e+02
  2.225282e-01,  3.172882e+02
  2.309556e-01,  3.170864e+02
  2.325772e-01,  3.154456e+02
  2.151144e-01,  3.195964e+02
  2.417306e-01,  3.122542e+02
  2.227450e-01,  3.210529e+02
  2.094133e-01,  3.166790e+02
  2.322456e-01,  3.176373e+02
  2.161129e-01,  3.184508e+02
  2.244027e-01,  3.147126e+02
  2.310064e-01,  3.199898e+02
  2.099573e-01,  3.122025e+02
  2.332249e-01,  3.179273e+02
  2.153868e-01,  3.143444e+02
  2.295365e-01,  3.168151e+02
  2.138845e-01,  3.182038e+02
  2.287956e-01,  3.149315e+02
  2.325554e-01,  3.164155e+02
  2.119076e-01,  3.181606e+02
  2.199891e-01,  3.199480e+02
  2.259632e-01,  3.126351e+02
  2.323414e-01,  3.161484e+02
  2.258839e-01,  3.169753e+02
  2.164529e-01,  3.165959e+02
  2.266789e-01,  3.159170e+02
  2.342772e-01,  3.129691e+02
  2.257312e-01,  3.188832e+02
  2.246891e-01,  3.139476e+02
  2.125937e-01,  3.176478e+02
  2.253819e-01,  3.194552e+02
  2.164777e-01,  3.130637e+02
  2.231103e-01,  3.183077e+02
  2.377610e-01,  3.150690e+02
  2.207830e-01,  3.170681e+02
  2.232864e-01,  3.168241e+02
  2.450679e-01,  3.131548e+02
  2.226659e-01,  3.174463e+02
  2.238517e-01,  3.169308e+02
  2.296288e-01,  3.154482e+02
  2.290585e-01,  3.172073e+02
  2.264673e-01,  3.153991e+02
  2.310992e-01,  3.142898e+02
  2.300752e-01,  3.165463e+02
  2.239100e-01,  3.180046e+02
  2.196865e-01,  3.159299e+02
  2.283459e-01,  3.178433e+02
  2.285639e-01,  3.159696e+02
  2.158531e-01,  3.145457e+02
  2.416125e-01,  3.171077e+02
  2.294292e-01,  3.161930e+02
  2.207973e-01,  3.149514e+02
  2.298370e-01,  3.193706e+02
  2.303064e-01,  3.154808e+02
  2.342098e-01,  3.141177e+02
  2.180619e-01,  3.191706e+02
  2.295113e-01,  3.125535e+02
  2.315967e-01,  3.194623e+02
  2.126902e-01,  3.126248e+02
  2.403598e-01,  3.161538e+02
  2.190767e-01,  3.184119e+02
  2.236078e-01,  3.159313e+02
  2.262210e-01,  3.170936e+02
  2.158345e-01,  3.169741e+02
  2.314495e-01,  3.158712e+02
  2.317026e-01,  3.138641e+02
  2.344725e-01,  3.167635e+02
  2.316774e-01,  3.131762e+02
  2.176524e-01,  3.203678e+02
  2.151428e-01,  3.148013e+02
  2.338083e-01,  3.185269e+02
  2.255743e-01,  3.175325e+02
  2.123785e-01,  3.175236e+02
  2.298773e-01,  3.142256e+02
  2.301926e-01,  3.174316e+02
  2.073721e-01,  3.171509e+02
  2.318578e-01,  3.146885e+02
  2.293546e-01,  3.189845e+02
  2.229922e-01,  3.118358e+02
  2.332403e-01,  3.192787e+02
  2.254650e-01,  3.126288e+02
  2.277851e-01,  3.175704e+02
  2.236847e-01,  3.171612e+02
  2.338242e-01,  3.153570e+02
  2.234082e-01,  3.186846e+02
  2.273948e-01,  3.130551e+02
  2.299070e-01,  3.183399e+02
  2.131130e-01,  3.156880e+02
  2.415057e-01,  3.161695e+02
  2.111011e-01,  3.160763e+02
  2.340594e-01,  3.180103e+02
  2.196722e-01,  3.178085e+02
  2.263879e-01,  3.163235e+02
  2.353023e-01,  3.172952e+02
  2.091322e-01,  3.143786e+02
  2.367943e-01,  3.164536e+02
  2.257570e-01,  3.139665e+02
  2.335445e-01,  3.173794e+02
  2.215060e-01,  3.143901e+02
  2.377968e-01,  3.161980e+02
  2.231773e-01,  3.134685e+02
  2.261119e-01,  3.159945e+02
  2.267915e-01,  3.181631e+02
  2.328887e-01,  3.113392e+02
  2.191356e-01,  3.198658e+02
  2.278318e-01,  3.138518e+02
  2.310890e-01,  3.180324e+02
  2.128813e-01,  3.190417e+02
  2.284864e-01,  3.153341e+02
  2.268802e-01,  3.172202e+02
  2.260824e-01,  3.180289e+02
  2.175178e-01,  3.179677e+02
  2.327805e-01,  3.154366e+02
  2.145246e-01,  3.192314e+02
  2.411921e-01,  3.141517e+02
  2.173997e-01,  3.167169e+02
  2.158255e-01,  3.181701e+02
  2.405847e-01,  3.178537e+02
  2.124636e-01,  3.171314e+02
  2.233199e-01,  3.174249e+02
  2.200788e-01,  3.175684e+02
  2.329615e-01,  3.171898e+02
  2.200690e-01,  3.158189e+02
  2.288743e-01,  3.129364e+02
  2.225133e-01,  3.208734e+02
  2.162201e-01,  3.148915e+02
  2.357872e-01,  3.177111e+02
  2.043297e-01,  3.164454e+02
  2.211523e-01,  3.186952e+02
  2.199485e-01,  3.155977e+02
  2.231390e-01,  3.132196e+02
  2.259064e-01,  3.189199e+02
  2.239567e-01,  3.149174e+02
  2.351315e-01,  3.179873e+02
  2.212607e-01,  3.159787e+02
  2.193873e-01,  3.171128e+02
  2.306227e-01,  3.151836e+02
  2.237156e-01,  3.192783e+02
  2.255244e-01,  3.122925e+02
  2.287172e-01,  3.161559e+02
  2.268688e-01,  3.187122e+02
  2.263549e-01,  3.172879e+02
  2.183067e-01,  3.165443e+02
  2.263767e-01,  3.155248e+02
  2.142652e-01,  3.203417e+02
  2.262571e-01,  3.132703e+02
  2.328722e-01,  3.174478e+02
  2.227583e-01,  3.181173e+02
  2.172293e-01,  3.166838e+02
  2.343756e-01,  3.152035e+02
  2.159002e-01,  3.196639e+02
  2.279967e-01,  3.168755e+02
  2.237904e-01,  3.154191e+02
  2.274735e-01,  3.174053e+02
  2.296752e-01,  3.144340e+02
  2.158067e-01,  3.175876e+02
  2.334582e-01,  3.187318e+02
  2.092639e-01,  3.141130e+02
  2.340227e-01,  3.158015e+02
  2.087517e-01,  3.171580e+02
  2.349739e-01,  3.120862e+02
  2.275206e-01,  3.178235e+02
  2.126356e-01,  3.177571e+02
  2.318042e-01,  3.172638e+02
  2.180446e-01,  3.152682e+02
  2.333022e-01,  3.177849e+02
  2.123998e-01,  3.173076e+02
  2.251514e-01,  3.144723e+02
  2.270947e-01,  3.182645e+02
  2.233025e-01,  3.142929e+02
  2.280626e-01,  3.181873e+02
  2.225797e-01,  3.154285e+02
  2.382809e-01,  3.163250e+02
  2.188287e-01,  3.172781e+02
  2.156268e-01,  3.170575e+02
  2.252072e-01,  3.153985e+02
  2.159856e-01,  3.149246e+02
  2.396153e-01,  3.166918e+02
  2.262306e-01,  3.145031e+02
  2.153125e-01,  3.170949e+02
  2.280834e-01,  3.176457e+02
  2.204129e-01,  3.171792e+02
  2.323853e-01,  3.147719e+02
  2.260397e-01,  3.171097e+02
  2.286979e-01,  3.142187e+02
  2.293043e-01,  3.153408e+02
  2.156299e-01,  3.167613e+02
  2.283221e-01,  3.162915e+02
  2.196556e-01,  3.167534e+02
  2.218437e-01,  3.162363e+02
  2.355774e-01,  3.149085e+02
  2.248616e-01,  3.175220e+02
  2.142501e-01,  3.169168e+02
  2.311076e-01,  3.156686e+02
  2.145660e-01,  3.186758e+02
  2.278615e-01,  3.148981e+02
  2.358590e-01,  3.174055e+02
  2.046063e-01,  3.195582e+02
  2.091541e-01,  3.172680e+02
  2.285909e-01,  3.140177e+02
  2.298106e-01,  3.184302e+02
  2.180028e-01,  3.167312e+02
  2.354047e-01,  3.139007e+02
  2.100810e-01,  3.180197e+02
  2.265487e-01,  3.171734e+02
  2.270490e-01,  3.175179e+02
  2.188355e-01,  3.171174e+02
  2.264460e-01,  3.162348e+02
  2.202625e-01,  3.141239e+02
  2.291649e-01,  3.160576e+02
  2.268535e-01,  3.181665e+02
  2.255304e-01,  3.175692e+02
  2.192225e-01,  3.167374e+02
  2.456204e-01,  3.142150e+02
  2.129527e-01,  3.182642e+02
  2.267337e-01,  3.162529e+02
  2.353807e-01,  3.147818e+02
  2.122576e-01,  3.162792e+02
  2.264632e-01,  3.147718e+02
  2.186302e-01,  3.186371e+02
  2.270299e-01,  3.150674e+02
  2.200529e-01,  3.129728e+02
  2.282087e-01,  3.191170e+02
  2.178132e-01,  3.164248e+02
  2.250969e-01,  3.169517e+02
  2.196941e-01,  3.172053e+02
  2.299785e-01,  3.135088e+02
  2.297220e-01,  3.168036e+02
  2.194198e-01,  3.169847e+02
  2.409875e-01,  3.146169e+02
  2.205082e-01,  3.175332e+02
  2.144855e-01,  3.178805e+02
  2.272090e-01,  3.149321e+02
  2.439909e-01,  3.174353e+02
  2.245858e-01,  3.132900e+02
  2.256642e-01,  3.171470e+02
  2.146933e-01,  3.156335e+02
  2.278270e-01,  3.138623e+02
  2.305455e-01,  3.177367e+02
  2.184329e-01,  3.183279e+02
  2.380141e-01,  3.161855e+02
  2.271656e-01,  3.144136e+02
  2.244632e-01,  3.158433e+02
  2.272726e-01,  3.171937e+02
  2.223242e-01,  3.189862e+02
  2.202168e-01,  3.155113e+02
  2.398020e-01,  3.170593e+02
  2.124032e-01,  3.172384e+02
  2.212528e-01,  3.182473e+02
  2.294939e-01,  3.151799e+02
  2.221836e-01,  3.139099e+02
  2.337645e-01,  3.168206e+02
  2.110969e-01,  3.182153e+02
  2.314804e-01,  3.169725e+02
  2.261820e-01,  3.190966e+02
  2.108086e-01,  3.162435e+02
  2.262326e-01,  3.157987e+02
  2.215376e-01,  3.181651e+02
  2.250769e-01,  3.152088e+02
  2.230093e-01,  3.148627e+02
  2.277977e-01,  3.151413e+02
  2.341956e-01,  3.169565e+02
  2.364869e-01,  3.159732e+02
  2.271986e-01,  3.183593e+02
  2.184485e-01,  3.164352e+02
  2.244644e-01,  3.142053e+02
  2.179094e-01,  3.213426e+02
  2.247285e-01,  3.168041e+02
  2.301135e-01,  3.142491e+02
  2.332180e-01,  3.176764e+02
  2.279863e-01,  3.152275e+02
  2.254307e-01,  3.165389e+02
  2.244612e-01,  3.149986e+02
  2.186020e-01,  3.195798e+02
  2.354462e-01,  3.160425e+02
  2.171895e-01,  3.140650e+02
  2.211950e-01,  3.196630e+02
  2.362807e-01,  3.153284e+02
  2.260445e-01,  3.162756e+02
  2.346696e-01,  3.188963e+02
  2.170431e-01,  3.153418e+02
  2.308530e-01,  3.153878e+02
  2.319049e-01,  3.159751e+02
  2.222499e-01,  3.160661e+02
  2.201234e-01,  3.136211e+02
  2.255929e-01,  3.166877e+02
  2.252986e-01,  3.179721e+02
  2.099192e-01,  3.176489e+02
  2.338566e-01,  3.152892e+02
  2.122156e-01,  3.158993e+02
  2.203629e-01,  3.175955e+02
  2.270146e-01,  3.143742e+02
  2.240136e-01,  3.205174e+02
  2.308940e-01,  3.145337e+02
  2.213771e-01,  3.151772e+02
  2.285798e-01,  3.173445e+02
  2.087840e-01,  3.182483e+02
  2.328421e-01,  3.138189e+02
  2.206187e-01,  3.153827e+02
  2.159374e-01,  3.151857e+02
  2.290270e-01,  3.178412e+02
  2.220308e-01,  3.180536e+02
  2.280861e-01,  3.146467e+02
  2.162741e-01,  3.185206e+02
  2.345411e-01,  3.137020e+02
  2.128581e-01,  3.176886e+02
  2.300651e-01,  3.180318e+02
  2.147790e-01,  3.185300e+02
  2.188335e-01,  3.134747e+02
  2.302580e-01,  3.154985e+02
  2.121822e-01,  3.156992e+02
  2.359063e-01,  3.164541e+02
  2.182027e-01,  3.171972e+02
  2.293112e-01,  3.169645e+02
  2.193810e-01,  3.149801e+02
  2.286482e-01,  3.167640e+02
  2.228908e-01,  3.191487e+02
  2.076932e-01,  3.148525e+02
  2.278543e-01,  3.173751e+02
  2.201207e-01,  3.163049e+02
  2.152602e-01,  3.187649e+02
  2.382559e-01,  3.156423e+02
  2.258900e-01,  3.164955e+02
  2.186592e-01,  3.172405e+02
  2.327010e-01,  3.169437e+02
  2.182013e-01,  3.176806e+02
  2.258026e-01,  3.143036e+02
  2.272622e-01,  3.170877e+02
  2.171527e-01,  3.174053e+02
  2.168517e-01,  3.147998e+02
  2.363636e-01,  3.153289e+02
  2.301753e-01,  3.155733e+02
  2.123497e-01,  3.186351e+02
  2.285557e-01,  3.176662e+02
  2.122082e-01,  3.168593e+02
  2.084844e-01,  3.164258e+02
  2.281376e-01,  3.157580e+02
  2.245752e-01,  3.178613e+02
  2.335987e-01,  3.142251e+02
  2.143396e-01,  3.175472e+02
  2.251273e-01,  3.164235e+02
  2.267683e-01,  3.135228e+02
  2.231967e-01,  3.168397e+02
  2.268666e-01,  3.177399e+02
  2.113233e-01,  3.141314e+02
  2.240851e-01,  3.193841e+02
  2.290403e-01,  3.181655e+02
  2.257281e-01,  3.128766e+02
  2.287393e-01,  3.152014e+02
  2.355069e-01,  3.151494e+02
  2.131064e-01,  3.196194e+02
  2.279789e-01,  3.153616e+02
  2.348886e-01,  3.181144e+02
  2.242456e-01,  3.150053e+02
  2.181551e-01,  3.180017e+02
  2.143620e-01,  3.187802e+02
  2.307697e-01,  3.146957e+02
  2.185308e-01,  3.172966e+02
  2.266740e-01,  3.166112e+02
  2.271128e-01,  3.136351e+02
  2.208664e-01,  3.149485e+02
  2.298692e-01,  3.170889e+02
  2.218204e-01,  3.159158e+02
  2.242959e-01,  3.155851e+02
  2.263466e-01,  3.162427e+02
  2.339736e-01,  3.204675e+02
  2.135337e-01,  3.152982e+02
  2.241636e-01,  3.201406e+02
  2.181019e-01,  3.154389e+02
  2.268621e-01,  3.168446e+02
  2.304880e-01,  3.183332e+02
  1.985379e-01,  3.173144e+02
  2.324255e-01,  3.155745e+02
  2.199133e-01,  3.163718e+02
  2.300127e-01,  3.170604e+02
  2.226311e-01,  3.156677e+02
  2.201748e-01,  3.183159e+02
  2.174247e-01,  3.186942e+02
  2.287781e-01,  3.174667e+02
  2.253439e-01,  3.147625e+02
  2.270665e-01,  3.164953e+02
  2.305736e-01,  3.133219e+02
  2.160199e-01,  3.160950e+02
  2.287989e-01,  3.167732e+02
  2.181859e-01,  3.147484e+02
  2.326210e-01,  3.167074e+02
  2.172376e-01,  3.187412e+02
  2.187702e-01,  3.162766e+02
  2.141178e-01,  3.172353e+02
  2.214456e-01,  3.164764e+02
  2.269889e-01,  3.166041e+02
  2.351486e-01,  3.153145e+02
  2.066051e-01,  3.173328e+02
  2.361673e-01,  3.127925e+02
  2.241466e-01,  3.168249e+02
  2.168860e-01,  3.176634e+02
  2.264366e-01,  3.170547e+02
  2.180766e-01,  3.158584e+02
  2.298681e-01,  3.172584e+02
  2.219457e-01,  3.164045e+02
  2.321735e-01,  3.162958e+02
  2.188394e-01,  3.163119e+02
  2.289311e-01,  3.150465e+02
  2.163743e-01,  3.177755e+02
  2.374287e-01,  3.120751e+02
  2.146917e-01,  3.198804e+02
  2.307400e-01,  3.131661e+02
  2.240605e-01,  3.172302e+02
  2.283033e-01,  3.145917e+02
  2.137572e-01,  3.173982e+02
  2.298218e-01,  3.172284e+02
  2.187827e-01,  3.145250e+02
  2.259852e-01,  3.171291e+02
  2.342441e-01,  3.142174e+02
  2.152327e-01,  3.178091e+02
  2.325254e-01,  3.175009e+02
  2.090653e-01,  3.140024e+02
  2.304716e-01,  3.187180e+02
  2.246702e-01,  3.183097e+02
  2.264423e-01,  3.150454e+02
  2.183632e-01,  3.170024e+02
  2.179854e-01,  3.162862e+02
  2.183767e-01,  3.163134e+02
  2.300993e-01,  3.161821e+02
  2.201758e-01,  3.182004e+02
  2.305658e-01,  3.177496e+02
  2.162389e-01,  3.147745e+02
  2.348131e-01,  3.175251e+02
  2.227212e-01,  3.175123e+02
  2.355728e-01,  3.148969e+02
  2.183500e-01,  3.175257e+02
  2.261790e-01,  3.165612e+02
  2.280989e-01,  3.165807e+02
  2.290352e-01,  3.132743e+02
  2.206633e-01,  3.186573e+02
  2.273991e-01,  3.151486e+02
  2.305488e-01,  3.160461e+02
  2.197761e-01,  3.129257e+02
  2.339212e-01,  3.197408e+02
  2.184590e-01,  3.137481e+02
  2.255363e-01,  3.184007e+02
  2.117890e-01,  3.169310e+02
  2.385216e-01,  3.163801e+02
  2.115206e-01,  3.159724e+02
  2.370401e-01,  3.152991e+02
  2.094424e-01,  3.172010e+02
  2.272143e-01,  3.162971e+02
  2.042411e-01,  3.164944e+02
  2.324875e-01,  3.151353e+02
  2.095196e-01,  3.173183e+02
  2.321614e-01,  3.124759e+02
  2.250968e-01,  3.190040e+02
  2.168213e-01,  3.132424e+02
  2.274131e-01,  3.197861e+02
  2.267522e-01,  3.131968e+02
  2.254138e-01,  3.199945e+02
  2.260115e-01,  3.148996e+02
  2.405655e-01,  3.188120e+02
  2.125430e-01,  3.150931e+02
  2.359046e-01,  3.176510e+02
  2.118615e-01,  3.117256e+02
  2.228746e-01,  3.200887e+02
  2.277698e-01,  3.124649e+02
  2.429449e-01,  3.166655e+02
  2.000370e-01,  3.187713e+02
  2.394431e-01,  3.175113e+02
  2.101135e-01,  3.136131e+02
  2.288130e-01,  3.182815e+02
  2.128471e-01,  3.134471e+02
  2.437677e-01,  3.147142e+02
  2.045229e-01,  3.198058e+02
  2.460266e-01,  3.118057e+02
  2.164782e-01,  3.247260e+02
  2.283936e-01,  3.091869e+02
  2.294609e-01,  3.245647e+02
  2.340591e-01,  3.068791e+02
  2.277046e-01,  3.242128e+02
  2.193111e-01,  3.088930e+02
  2.503648e-01,  3.219800e+02
  2.065448e-01,  3.055858e+02
  2.356676e-01,  3.251243e+02
  2.039477e-01,  3.046759e+02
  2.497744e-01,  3.251359e+02
  1.941069e-01,  3.099400e+02
  2.668019e-01,  3.205716e+02
  1.862454e-01,  3.103666e+02
  2.665048e-01,  3.218679e+02
  1.884862e-01,  3.098253e+02
  2.622633e-01,  3.199589e+02
  1.823637e-01,  3.201754e+02
  2.608424e-01,  3.140736e+02
  1.911154e-01,  3.198239e+02
  2.507777e-01,  3.119822e+02
  1.968052e-01,  3.259923e+02
  2.537885e-01,  3.078269e+02
  1.989781e-01,  3.291490e+02
  2.571306e-01,  3.021888e+02
  2.288616e-01,  3.358840e+02
  2.194565e+00,  2.011206e+02
  1.823052e+01,  2.494314e+02
  3.509973e+01,  3.219108e+02
  3.561568e+01,  3.540240e+02
  1.639685e+01,  3.400299e+02
  1.888660e+01,  3.229488e+02
  5.000180e+00,  2.444187e+02
  1.384163e+01,  1.471592e+02
  2.362551e+01,  1.204997e+02
  2.552922e+01,  9.499704e+01
  1.593578e+01,  7.608736e+01
  1.588161e+01,  3.543682e+02
  2.501911e+01,  3.268034e+02
  1.694912e+01,  3.027563e+02
  7.253053e+00,  2.267878e+02
  9.929870e+00,  1.348413e+02
  1.930344e+01,  9.224692e+01
  1.748165e+01,  1.031992e+02
  8.032006e+00,  2.194503e+02
  2.346066e+01,  2.911866e+02
  2.097093e+01,  3.194077e+02
  5.885046e+00,  6.491943e+01
  2.110151e+01,  1.488264e+02
  1.995411e+01,  1.631077e+02
  9.534800e+00,  1.232919e+02
  1.124174e+01,  1.184606e+02
  1.813981e+01,  1.633065e+02
  1.773908e+01,  1.782090e+02
  2.856185e+00,  1.068151e+02
  2.051020e+01,  3.707975e+01
  2.420411e+01,  2.597656e+01
  1.625299e+01,  3.410067e+02
  1.966212e+01,  3.090953e+02
  1.629499e+01,  3.368497e+02
  1.670868e+01,  4.793089e+01
  2.133907e+01,  9.153813e+01
  1.516915e+01,  1.203221e+02
  6.277215e+00,  1.583367e+02
  2.348317e+00,  1.362597e+02
  1.565705e+01,  9.126064e+01
  3.167279e+01,  1.007586e+02
  2.819733e+01,  1.222552e+02
  9.888434e+00,  1.958777e+02
  2.349498e+01,  2.946128e+02
  2.522841e+01,  3.207468e+02
  5.081961e+00,  1.949901e+00
  1.933254e+01,  1.625549e+02
  2.415194e+01,  1.871556e+02
  1.016038e+01,  2.358840e+02
  1.825966e+01,  3.547912e+02
  2.642535e+01,  1.584838e+01
  2.085194e+01,  3.525153e+00
  1.762025e+01,  3.306107e+02
  5.867971e+00,  3.455873e+02
  1.195502e+01,  1.221465e+02
  1.549697e+01,  1.246563e+02
  6.730781e+00,  8.568876e+01
  1.173770e+01,  6.146891e+00
  1.706153e+01,  1.551652e-01
  1.325898e+01,  3.390435e+02
  4.800868e+00,  2.586383e+02
  1.167255e+01,  1.629812e+02
  2.157710e+01,  1.448113e+02
  2.489645e+01,  1.343293e+02
  1.484929e+01,  1.430278e+02
  1.034118e+01,  2.807870e+02
  2.790924e+01,  3.132572e+02
  2.867177e+01,  3.279067e+02
  1.543700e+01,  6.703745e+00
  1.609914e+01,  1.015073e+02
  1.736462e+01,  1.447121e+02
  7.565273e+00,  2.166354e+02
  1.470517e+01,  3.062834e+02
  1.577131e+01,  3.172709e+02
  7.795680e+00,  2.975540e+02
  4.325681e+00,  2.044883e+02
  4.462468e+00,  1.780825e+02
  1.975589e+00,  2.377841e+02
  6.861362e+00,  3.088113e+02
  1.176528e+01,  3.162585e+02
  1.490720e+01,  3.308491e+02
  1.916799e+01,  3.490139e+02
  2.668551e+01,  3.509056e+02
  3.226685e+01,  3.421779e+02
  2.905711e+01,  3.391223e+02
  1.764945e+01,  3.217137e+02
  1.295030e+01,  2.532422e+02
  1.141087e+01,  2.026481e+02
  1.092102e+01,  1.201933e+02
  1.585481e+01,  7.531280e+01
  1.199558e+01,  4.407773e+01
  8.892887e+00,  3.009297e+02
  1.939136e+01,  2.543495e+02
  2.467382e+01,  2.430491e+02
  2.528083e+01,  2.255186e+02
  2.675938e+01,  2.418450e+02
  2.834839e+01,  2.826513e+02
  2.829065e+01,  3.506601e+02
  2.291458e+01,  9.566390e+01
  1.600733e+01,  2.546066e+02
##END=