##TITLE= twqubit_C2Y5X90_C_25000.txt
##JCAMP-DX= 5.00 Bruker JCAMP library
##DATA TYPE= Shape Data
##ORIGIN= Colm's GRAPE Pulses 
##OWNER= Dawei.Lu
##DATE= 09-Mar-2015
##TIME= 13:46
##MINX= 1.194457e+00
##MAXX= 2.893578e+01
##MINY= 4.853016e+00
##MAXY= 3.580122e+02
##$SHAPE_EXMODE= None
##$SHAPE_TOTROT= 9.000000e+01
##$SHAPE_BWFAC= 1.000000e+00
##$SHAPE_INTEGFAC= 1.000000e+00
##$SHAPE_MODE= 1
##PULSE_WIDTH= 1000
##Calibration_Power= 25000
##NPOINTS= 100
##XYPOINTS= (XY..XY)
  1.194457e+00,  1.750285e+02
  1.716144e+00,  2.314131e+02
  5.051121e+00,  3.133845e+02
  1.205478e+01,  3.404640e+02
  1.573289e+01,  3.534324e+02
  1.704924e+01,  1.063957e+01
  1.999581e+01,  2.871519e+01
  2.465795e+01,  3.623883e+01
  2.717257e+01,  3.524772e+01
  2.409481e+01,  3.492305e+01
  1.597849e+01,  4.221935e+01
  7.799497e+00,  5.732636e+01
  2.844815e+00,  4.894052e+01
  3.783995e+00,  3.555866e+02
  5.335244e+00,  3.548246e+02
  3.166242e+00,  3.557656e+02
  2.104467e+00,  1.943167e+02
  6.202208e+00,  1.805157e+02
  6.304728e+00,  1.468788e+02
  1.014294e+01,  8.239562e+01
  1.871479e+01,  5.347446e+01
  2.323771e+01,  2.855944e+01
  2.478499e+01,  3.550509e+02
  2.573220e+01,  3.267656e+02
  2.029034e+01,  3.061305e+02
  1.064828e+01,  2.662582e+02
  1.049330e+01,  1.922117e+02
  1.166716e+01,  1.598426e+02
  7.220245e+00,  1.116169e+02
  1.094982e+01,  4.666965e+01
  1.290006e+01,  4.268109e+01
  5.552769e+00,  8.697092e+01
  1.257211e+01,  2.005999e+02
  2.174972e+01,  2.297025e+02
  2.107341e+01,  2.661767e+02
  2.029896e+01,  3.256606e+02
  2.555258e+01,  1.302640e+01
  2.411172e+01,  4.332354e+01
  1.431826e+01,  7.989475e+01
  9.484325e+00,  1.578220e+02
  1.180284e+01,  2.084168e+02
  9.484238e+00,  2.461975e+02
  8.370013e+00,  3.025609e+02
  9.055733e+00,  3.271175e+02
  5.539186e+00,  2.958458e+02
  1.115123e+01,  2.195279e+02
  2.140613e+01,  2.055247e+02
  2.542819e+01,  1.994274e+02
  2.237670e+01,  1.936566e+02
  1.707630e+01,  1.930046e+02
  1.470043e+01,  2.064016e+02
  1.771020e+01,  2.263851e+02
  2.282410e+01,  2.404684e+02
  2.544108e+01,  2.509121e+02
  2.483023e+01,  2.613990e+02
  2.340066e+01,  2.721282e+02
  2.257639e+01,  2.774250e+02
  2.167871e+01,  2.748957e+02
  1.867435e+01,  2.703617e+02
  1.085277e+01,  2.616549e+02
  4.369420e+00,  1.644744e+02
  1.356863e+01,  1.248877e+02
  1.786691e+01,  1.422958e+02
  2.018039e+01,  1.876091e+02
  2.426058e+01,  2.294377e+02
  2.017689e+01,  2.609096e+02
  8.423293e+00,  3.054065e+02
  5.999974e+00,  6.972263e+01
  8.243988e+00,  1.415463e+02
  1.400165e+01,  2.168919e+02
  2.478074e+01,  2.510419e+02
  2.706281e+01,  2.553325e+02
  2.049556e+01,  2.233505e+02
  2.046061e+01,  1.742232e+02
  1.745553e+01,  1.413007e+02
  1.003330e+01,  9.006332e+01
  9.367207e+00,  4.853016e+00
  1.500554e+01,  3.006072e+02
  2.411529e+01,  2.661385e+02
  2.893578e+01,  2.425189e+02
  2.782985e+01,  2.145120e+02
  2.616560e+01,  1.910715e+02
  2.241852e+01,  1.918575e+02
  1.784051e+01,  2.169179e+02
  1.470432e+01,  2.475958e+02
  9.369287e+00,  2.727647e+02
  2.453227e+00,  3.445527e+02
  6.891758e+00,  8.138491e+01
  8.166868e+00,  1.025024e+02
  4.786217e+00,  1.582200e+02
  1.000643e+01,  2.285578e+02
  1.628658e+01,  2.330096e+02
  1.794290e+01,  2.181146e+02
  1.645213e+01,  1.967928e+02
  1.175187e+01,  1.787966e+02
  4.270008e+00,  1.580280e+02
  3.119910e+00,  3.580122e+02
  6.600381e+00,  3.274111e+02
  7.252481e+00,  2.903166e+02
  2.693649e+00,  3.083486e+02
##END=
