##TITLE= twqubit_encoding1_Hfix1
##JCAMP-DX= 5.00 Bruker JCAMP library
##DATA TYPE= Shape Data
##ORIGIN= Colm Fixed Pulses 
##OWNER= d29lu
##DATE= 21-Apr-2015
##TIME= 19:13
##MINX= 1.447904e-02
##MAXX= 3.603190e+01
##MINY= -1.794667e+02
##MAXY= 1.787906e+02
##$SHAPE_EXMODE= None
##$SHAPE_TOTROT= 9.000000e+01
##$SHAPE_BWFAC= 1.000000e+00
##$SHAPE_INTEGFAC= 1.000000e+00
##$SHAPE_MODE= 1
##NPOINTS= 3298
##XYPOINTS= (XY..XY)
  3.267987e-01,  -1.254925e+01
  6.378219e+00,  -3.684648e+01
  1.986346e+01,  -3.748304e+01
  2.352652e+01,  -3.598954e+01
  2.186471e+01,  -3.179085e+01
  2.013783e+01,  -3.030606e+01
  1.811251e+01,  -3.006695e+01
  1.452413e+01,  -2.749328e+01
  1.060200e+01,  -2.612028e+01
  7.437428e+00,  -3.807955e+01
  4.464843e+00,  -7.263667e+01
  4.270812e+00,  -1.606197e+02
  9.705996e+00,  1.665073e+02
  1.512779e+01,  1.614799e+02
  1.978326e+01,  1.590607e+02
  2.367774e+01,  1.557878e+02
  2.577852e+01,  1.549970e+02
  2.561443e+01,  1.567015e+02
  2.409215e+01,  1.549606e+02
  2.149078e+01,  1.464117e+02
  1.761475e+01,  1.361647e+02
  1.315234e+01,  1.304925e+02
  9.636007e+00,  1.285291e+02
  6.697832e+00,  1.279580e+02
  3.698926e+00,  1.526109e+02
  4.763345e+00,  -1.513881e+02
  7.686648e+00,  -1.423285e+02
  1.035680e+01,  -1.430316e+02
  1.328762e+01,  -1.433117e+02
  1.592844e+01,  -1.454571e+02
  1.803066e+01,  -1.490943e+02
  1.972458e+01,  -1.505513e+02
  2.064648e+01,  -1.490781e+02
  2.052611e+01,  -1.473451e+02
  1.946555e+01,  -1.473327e+02
  1.773689e+01,  -1.484071e+02
  1.554535e+01,  -1.495137e+02
  1.305530e+01,  -1.514037e+02
  1.039380e+01,  -1.556451e+02
  7.867260e+00,  -1.653536e+02
  6.264360e+00,  1.741044e+02
  5.766749e+00,  1.461732e+02
  5.822053e+00,  1.148725e+02
  7.311043e+00,  9.464154e+01
  9.473671e+00,  9.768035e+01
  1.091990e+01,  1.067549e+02
  1.110329e+01,  1.133497e+02
  1.191093e+01,  1.230136e+02
  1.428240e+01,  1.344951e+02
  1.601193e+01,  1.427056e+02
  1.667795e+01,  1.473252e+02
  1.786102e+01,  1.479207e+02
  1.853776e+01,  1.468980e+02
  1.711059e+01,  1.457764e+02
  1.541213e+01,  1.425211e+02
  1.472315e+01,  1.371465e+02
  1.307613e+01,  1.313968e+02
  1.048321e+01,  1.241113e+02
  9.311243e+00,  1.174298e+02
  8.852456e+00,  1.118810e+02
  7.076682e+00,  9.587485e+01
  5.938659e+00,  5.940639e+01
  7.264820e+00,  2.744287e+01
  1.000751e+01,  8.764774e+00
  1.338318e+01,  -1.005672e+00
  1.591049e+01,  -5.378568e+00
  1.715707e+01,  -8.893694e+00
  1.736986e+01,  -1.311798e+01
  1.682354e+01,  -1.747978e+01
  1.594090e+01,  -2.242608e+01
  1.509986e+01,  -2.865036e+01
  1.475281e+01,  -3.431536e+01
  1.491684e+01,  -3.685513e+01
  1.477309e+01,  -3.708550e+01
  1.352187e+01,  -3.676054e+01
  1.132255e+01,  -3.490490e+01
  8.896416e+00,  -2.888456e+01
  6.369334e+00,  -1.686536e+01
  3.740090e+00,  1.481667e+01
  4.488484e+00,  6.764834e+01
  7.626918e+00,  6.770555e+01
  1.101872e+01,  5.597767e+01
  1.360665e+01,  5.330511e+01
  1.582720e+01,  5.529133e+01
  1.838644e+01,  5.382043e+01
  1.980388e+01,  5.126807e+01
  1.919277e+01,  5.254059e+01
  1.784036e+01,  5.599075e+01
  1.589224e+01,  5.553081e+01
  1.297530e+01,  5.056263e+01
  1.053026e+01,  4.626906e+01
  9.572420e+00,  4.205890e+01
  1.024913e+01,  2.941598e+01
  1.317974e+01,  1.784591e+01
  1.670781e+01,  1.803862e+01
  1.914382e+01,  2.236012e+01
  2.101614e+01,  1.972124e+01
  1.744364e+01,  1.069358e+01
  4.836361e+00,  -1.536491e+02
  1.069875e+00,  -6.055167e+01
  9.502829e-01,  3.584548e+01
  1.150067e-01,  1.693006e+02
  5.758898e-01,  -1.656618e+02
  1.056848e-01,  9.297348e+01
  3.857647e-01,  3.173071e+01
  4.825162e-02,  8.371740e+01
  2.538604e-01,  -1.731281e+02
  9.142412e-02,  1.290036e+02
  2.028679e-01,  4.392287e+01
  8.506829e-02,  6.793553e+01
  1.311400e-01,  1.709834e+02
  8.889494e-02,  1.409428e+02
  1.171496e-01,  6.200955e+01
  9.253725e-02,  7.275664e+01
  8.724570e-02,  1.393109e+02
  8.766543e-02,  1.328324e+02
  8.376518e-02,  8.519477e+01
  7.522975e-02,  8.271371e+01
  6.795855e-02,  1.230491e+02
  7.462365e-02,  1.229899e+02
  7.819490e-02,  9.220434e+01
  7.528431e-02,  8.603333e+01
  6.471513e-02,  1.119406e+02
  6.942177e-02,  1.234416e+02
  7.298607e-02,  1.073336e+02
  7.708700e-02,  9.801457e+01
  7.542415e-02,  1.065160e+02
  7.491609e-02,  1.132600e+02
  7.383855e-02,  1.063388e+02
  7.223352e-02,  1.001533e+02
  6.914533e-02,  1.067186e+02
  7.031526e-02,  1.155415e+02
  7.389044e-02,  1.133289e+02
  7.682508e-02,  1.064252e+02
  7.575970e-02,  1.049054e+02
  7.118543e-02,  1.080062e+02
  6.826585e-02,  1.090641e+02
  6.989632e-02,  1.076309e+02
  7.395976e-02,  1.087320e+02
  7.626356e-02,  1.114572e+02
  7.529854e-02,  1.109330e+02
  7.363638e-02,  1.069374e+02
  7.362401e-02,  1.053483e+02
  7.455641e-02,  1.085570e+02
  7.548678e-02,  1.111063e+02
  7.559879e-02,  1.082692e+02
  7.533791e-02,  1.030505e+02
  7.389561e-02,  1.018215e+02
  7.156675e-02,  1.058163e+02
  7.079386e-02,  1.101938e+02
  7.152309e-02,  1.110276e+02
  7.202597e-02,  1.097915e+02
  7.138062e-02,  1.086669e+02
  7.049114e-02,  1.070394e+02
  7.058710e-02,  1.045107e+02
  7.123432e-02,  1.036013e+02
  7.161065e-02,  1.060301e+02
  7.231501e-02,  1.089418e+02
  7.304043e-02,  1.084487e+02
  7.233005e-02,  1.058351e+02
  6.955136e-02,  1.060544e+02
  6.731680e-02,  1.106668e+02
  6.886550e-02,  1.142471e+02
  7.246667e-02,  1.122535e+02
  7.444441e-02,  1.075550e+02
  7.280625e-02,  1.048739e+02
  6.946801e-02,  1.055319e+02
  6.798181e-02,  1.069037e+02
  6.849659e-02,  1.063156e+02
  6.876937e-02,  1.048484e+02
  6.812826e-02,  1.053769e+02
  6.834691e-02,  1.087572e+02
  7.029992e-02,  1.120882e+02
  7.166212e-02,  1.118372e+02
  7.075450e-02,  1.076586e+02
  6.913198e-02,  1.030131e+02
  6.877360e-02,  1.027222e+02
  7.079345e-02,  1.072001e+02
  7.409001e-02,  1.112435e+02
  7.462631e-02,  1.107918e+02
  7.081104e-02,  1.069591e+02
  6.580490e-02,  1.047988e+02
  6.489392e-02,  1.083821e+02
  7.059965e-02,  1.136249e+02
  7.708468e-02,  1.143157e+02
  7.764112e-02,  1.106481e+02
  7.385804e-02,  1.066039e+02
  7.206974e-02,  1.064795e+02
  7.478514e-02,  1.092578e+02
  7.697578e-02,  1.097272e+02
  7.419417e-02,  1.060082e+02
  7.015595e-02,  1.012686e+02
  6.961662e-02,  1.010761e+02
  7.169231e-02,  1.053637e+02
  7.193486e-02,  1.089191e+02
  6.925798e-02,  1.089480e+02
  6.845298e-02,  1.070761e+02
  7.221857e-02,  1.064876e+02
  7.692872e-02,  1.069084e+02
  7.791592e-02,  1.062882e+02
  7.508619e-02,  1.045051e+02
  7.177048e-02,  1.033956e+02
  7.056790e-02,  1.041015e+02
  7.201594e-02,  1.056662e+02
  7.503142e-02,  1.073188e+02
  7.750843e-02,  1.094391e+02
  7.729098e-02,  1.116133e+02
  7.401507e-02,  1.119309e+02
  7.055199e-02,  1.090746e+02
  7.072705e-02,  1.053729e+02
  7.412241e-02,  1.047971e+02
  7.672925e-02,  1.071174e+02
  7.604163e-02,  1.085239e+02
  7.397949e-02,  1.058105e+02
  7.467784e-02,  1.005839e+02
  7.726464e-02,  9.833183e+01
  7.687376e-02,  1.008662e+02
  7.287301e-02,  1.049203e+02
  6.930829e-02,  1.057997e+02
  6.998665e-02,  1.033758e+02
  7.363932e-02,  1.028431e+02
  7.599578e-02,  1.060345e+02
  7.590047e-02,  1.092080e+02
  7.474723e-02,  1.083050e+02
  7.401412e-02,  1.044988e+02
  7.303896e-02,  1.027072e+02
  7.114415e-02,  1.047236e+02
  7.008620e-02,  1.074679e+02
  7.089322e-02,  1.078675e+02
  7.234807e-02,  1.070439e+02
  7.233097e-02,  1.070212e+02
  7.032447e-02,  1.069127e+02
  6.836506e-02,  1.049151e+02
  6.907607e-02,  1.025763e+02
  7.195941e-02,  1.032003e+02
  7.310841e-02,  1.061220e+02
  6.902096e-02,  1.076586e+02
  6.222551e-02,  1.053236e+02
  6.126275e-02,  1.012503e+02
  6.980558e-02,  1.006031e+02
  8.048895e-02,  1.028152e+02
  8.272955e-02,  1.049552e+02
  7.574728e-02,  1.057038e+02
  6.998570e-02,  1.047223e+02
  7.331686e-02,  1.037957e+02
  8.101410e-02,  1.053497e+02
  8.340007e-02,  1.093039e+02
  7.823672e-02,  1.135936e+02
  7.082108e-02,  1.145962e+02
  6.652381e-02,  1.106339e+02
  6.623451e-02,  1.058585e+02
  6.735406e-02,  1.047300e+02
  6.896259e-02,  1.068965e+02
  7.137732e-02,  1.095223e+02
  7.310536e-02,  1.108987e+02
  7.230829e-02,  1.109804e+02
  6.993243e-02,  1.100593e+02
  6.940258e-02,  1.086609e+02
  7.236166e-02,  1.075383e+02
  7.575341e-02,  1.065544e+02
  7.492614e-02,  1.051584e+02
  6.957351e-02,  1.041834e+02
  6.476173e-02,  1.057340e+02
  6.551861e-02,  1.089077e+02
  7.103225e-02,  1.089930e+02
  7.681374e-02,  1.052534e+02
  7.980082e-02,  1.018461e+02
  7.871794e-02,  1.022525e+02
  7.491471e-02,  1.054000e+02
  7.179143e-02,  1.071962e+02
  7.272794e-02,  1.064714e+02
  7.754898e-02,  1.064819e+02
  8.089579e-02,  1.083403e+02
  7.798280e-02,  1.095974e+02
  7.064304e-02,  1.080654e+02
  6.553434e-02,  1.045771e+02
  6.623106e-02,  1.021664e+02
  7.110452e-02,  1.013429e+02
  7.691988e-02,  1.011308e+02
  8.018791e-02,  1.020581e+02
  7.793541e-02,  1.046696e+02
  7.140137e-02,  1.077540e+02
  6.728262e-02,  1.087630e+02
  7.118641e-02,  1.072447e+02
  7.932362e-02,  1.059186e+02
  8.175893e-02,  1.057685e+02
  7.542551e-02,  1.060473e+02
  6.775468e-02,  1.063029e+02
  6.603841e-02,  1.067664e+02
  6.890761e-02,  1.074529e+02
  7.115292e-02,  1.079052e+02
  7.164903e-02,  1.076922e+02
  7.211312e-02,  1.063757e+02
  7.213812e-02,  1.038657e+02
  7.052635e-02,  1.013757e+02
  6.894110e-02,  1.015413e+02
  7.024669e-02,  1.051744e+02
  7.379522e-02,  1.084075e+02
  7.606802e-02,  1.078311e+02
  7.680952e-02,  1.050685e+02
  7.738051e-02,  1.045797e+02
  7.652342e-02,  1.072091e+02
  7.283088e-02,  1.087788e+02
  6.930556e-02,  1.059835e+02
  7.112012e-02,  1.023705e+02
  7.594582e-02,  1.034202e+02
  7.657400e-02,  1.077278e+02
  7.110064e-02,  1.108336e+02
  6.593314e-02,  1.096867e+02
  6.763452e-02,  1.059457e+02
  7.326454e-02,  1.036816e+02
  7.543988e-02,  1.032333e+02
  7.318924e-02,  1.033774e+02
  7.136008e-02,  1.035484e+02
  7.209646e-02,  1.037849e+02
  7.266379e-02,  1.044109e+02
  7.173354e-02,  1.055450e+02
  7.220956e-02,  1.063845e+02
  7.558782e-02,  1.060193e+02
  7.809864e-02,  1.053465e+02
  7.602776e-02,  1.060456e+02
  7.213017e-02,  1.081977e+02
  7.175416e-02,  1.094176e+02
  7.452918e-02,  1.084440e+02
  7.538722e-02,  1.074026e+02
  7.273581e-02,  1.081612e+02
  7.096962e-02,  1.097397e+02
  7.308729e-02,  1.094828e+02
  7.635139e-02,  1.071298e+02
  7.712762e-02,  1.046222e+02
  7.569274e-02,  1.036879e+02
  7.431964e-02,  1.047840e+02
  7.334009e-02,  1.063847e+02
  7.187989e-02,  1.060367e+02
  7.092715e-02,  1.032216e+02
  7.189456e-02,  1.012070e+02
  7.348627e-02,  1.032150e+02
  7.385267e-02,  1.072833e+02
  7.234650e-02,  1.081933e+02
  7.033651e-02,  1.042299e+02
  6.982383e-02,  1.008207e+02
  7.027415e-02,  1.034937e+02
  7.123607e-02,  1.093735e+02
  7.133144e-02,  1.113804e+02
  7.040286e-02,  1.078528e+02
  7.129777e-02,  1.042780e+02
  7.456562e-02,  1.055998e+02
  7.773008e-02,  1.095077e+02
  7.729618e-02,  1.110913e+02
  7.391617e-02,  1.083178e+02
  7.299452e-02,  1.035179e+02
  7.607140e-02,  1.016301e+02
  7.828100e-02,  1.042086e+02
  7.582412e-02,  1.090484e+02
  7.074921e-02,  1.124743e+02
  6.806862e-02,  1.111297e+02
  7.032535e-02,  1.064621e+02
  7.464298e-02,  1.033307e+02
  7.684537e-02,  1.032298e+02
  7.646500e-02,  1.043176e+02
  7.510653e-02,  1.049024e+02
  7.370604e-02,  1.055859e+02
  7.237818e-02,  1.075033e+02
  7.114063e-02,  1.094247e+02
  6.988377e-02,  1.091503e+02
  6.880527e-02,  1.073508e+02
  6.839457e-02,  1.069943e+02
  6.930487e-02,  1.083940e+02
  7.190073e-02,  1.083312e+02
  7.537890e-02,  1.056605e+02
  7.772442e-02,  1.034724e+02
  7.711085e-02,  1.043467e+02
  7.488089e-02,  1.068485e+02
  7.380340e-02,  1.075319e+02
  7.450744e-02,  1.062946e+02
  7.504936e-02,  1.063568e+02
  7.405445e-02,  1.085066e+02
  7.277642e-02,  1.094915e+02
  7.290868e-02,  1.068859e+02
  7.442041e-02,  1.036162e+02
  7.506479e-02,  1.038999e+02
  7.403782e-02,  1.072756e+02
  7.272301e-02,  1.092063e+02
  7.255514e-02,  1.071272e+02
  7.411388e-02,  1.043789e+02
  7.566391e-02,  1.049987e+02
  7.551020e-02,  1.076882e+02
  7.349032e-02,  1.080591e+02
  7.073571e-02,  1.048806e+02
  6.817156e-02,  1.022611e+02
  6.566675e-02,  1.040974e+02
  6.510498e-02,  1.086925e+02
  6.859204e-02,  1.112482e+02
  7.490303e-02,  1.106582e+02
  7.967527e-02,  1.089903e+02
  7.923676e-02,  1.070929e+02
  7.489273e-02,  1.051137e+02
  7.118965e-02,  1.046469e+02
  7.053069e-02,  1.069992e+02
  7.119636e-02,  1.100052e+02
  7.004088e-02,  1.107364e+02
  6.727403e-02,  1.091575e+02
  6.658250e-02,  1.076325e+02
  7.042629e-02,  1.074525e+02
  7.669688e-02,  1.075134e+02
  8.009947e-02,  1.072925e+02
  7.762915e-02,  1.074419e+02
  7.229155e-02,  1.079641e+02
  7.003928e-02,  1.075707e+02
  7.296091e-02,  1.059874e+02
  7.697374e-02,  1.049838e+02
  7.717147e-02,  1.056048e+02
  7.403971e-02,  1.071068e+02
  7.195799e-02,  1.077137e+02
  7.295286e-02,  1.065339e+02
  7.457050e-02,  1.046247e+02
  7.386871e-02,  1.033946e+02
  7.146938e-02,  1.034688e+02
  6.999037e-02,  1.044391e+02
  6.994588e-02,  1.051983e+02
  6.985030e-02,  1.051614e+02
  6.969946e-02,  1.045372e+02
  7.117166e-02,  1.037329e+02
  7.393052e-02,  1.033729e+02
  7.489805e-02,  1.044703e+02
  7.311487e-02,  1.074638e+02
  7.214665e-02,  1.102050e+02
  7.462604e-02,  1.090626e+02
  7.811549e-02,  1.047404e+02
  7.771447e-02,  1.016957e+02
  7.271189e-02,  1.028366e+02
  6.848612e-02,  1.065724e+02
  6.807625e-02,  1.082081e+02
  6.890714e-02,  1.075084e+02
  6.878624e-02,  1.082043e+02
  6.928312e-02,  1.106400e+02
  7.150300e-02,  1.108020e+02
  7.295375e-02,  1.074838e+02
  7.159244e-02,  1.044930e+02
  6.929882e-02,  1.052973e+02
  7.005450e-02,  1.079306e+02
  7.329186e-02,  1.077985e+02
  7.490190e-02,  1.052258e+02
  7.368799e-02,  1.037543e+02
  7.270185e-02,  1.046387e+02
  7.416276e-02,  1.053531e+02
  7.541521e-02,  1.043712e+02
  7.325260e-02,  1.036599e+02
  6.954453e-02,  1.051070e+02
  6.942971e-02,  1.071167e+02
  7.360864e-02,  1.068429e+02
  7.688549e-02,  1.050099e+02
  7.493589e-02,  1.036730e+02
  7.002482e-02,  1.035074e+02
  6.773012e-02,  1.044016e+02
  6.928702e-02,  1.064251e+02
  7.080496e-02,  1.088698e+02
  6.927841e-02,  1.094784e+02
  6.631362e-02,  1.066238e+02
  6.510733e-02,  1.030231e+02
  6.579831e-02,  1.032640e+02
  6.779966e-02,  1.065732e+02
  7.135929e-02,  1.082822e+02
  7.551638e-02,  1.073358e+02
  7.796626e-02,  1.067212e+02
  7.729107e-02,  1.074455e+02
  7.465561e-02,  1.070407e+02
  7.159884e-02,  1.044670e+02
  6.813622e-02,  1.034518e+02
  6.496468e-02,  1.072737e+02
  6.534287e-02,  1.121484e+02
  6.943034e-02,  1.119461e+02
  7.374973e-02,  1.084160e+02
  7.485150e-02,  1.069706e+02
  7.315900e-02,  1.089231e+02
  7.207680e-02,  1.107327e+02
  7.268886e-02,  1.095205e+02
  7.406138e-02,  1.072758e+02
  7.559070e-02,  1.069316e+02
  7.713276e-02,  1.081656e+02
  7.701023e-02,  1.087688e+02
  7.330757e-02,  1.078857e+02
  6.796355e-02,  1.064846e+02
  6.601056e-02,  1.062116e+02
  6.980038e-02,  1.075590e+02
  7.567118e-02,  1.093475e+02
  7.763889e-02,  1.105878e+02
  7.394821e-02,  1.109777e+02
  6.879736e-02,  1.104414e+02
  6.752502e-02,  1.092988e+02
  7.069544e-02,  1.084037e+02
  7.379445e-02,  1.081467e+02
  7.319064e-02,  1.078966e+02
  7.099677e-02,  1.066351e+02
  7.197733e-02,  1.045747e+02
  7.607369e-02,  1.034829e+02
  7.773909e-02,  1.038601e+02
  7.384554e-02,  1.044413e+02
  6.846425e-02,  1.041083e+02
  6.755982e-02,  1.035074e+02
  7.135723e-02,  1.037427e+02
  7.553153e-02,  1.039248e+02
  7.812951e-02,  1.029522e+02
  8.083766e-02,  1.016833e+02
  8.347035e-02,  1.018726e+02
  8.269578e-02,  1.036411e+02
  7.778076e-02,  1.054945e+02
  7.316533e-02,  1.055285e+02
  7.271086e-02,  1.033688e+02
  7.397267e-02,  1.013635e+02
  7.212368e-02,  1.018547e+02
  6.808690e-02,  1.047917e+02
  6.669876e-02,  1.068698e+02
  6.861524e-02,  1.055997e+02
  7.039962e-02,  1.038326e+02
  7.063744e-02,  1.050448e+02
  7.216376e-02,  1.078120e+02
  7.568538e-02,  1.077393e+02
  7.748923e-02,  1.049134e+02
  7.499658e-02,  1.033596e+02
  7.098092e-02,  1.051708e+02
  7.056321e-02,  1.073033e+02
  7.404529e-02,  1.065254e+02
  7.730479e-02,  1.051564e+02
  7.685089e-02,  1.061505e+02
  7.347565e-02,  1.084614e+02
  7.042333e-02,  1.087844e+02
  7.006425e-02,  1.070800e+02
  7.192513e-02,  1.069655e+02
  7.340384e-02,  1.092584e+02
  7.272600e-02,  1.108134e+02
  7.070228e-02,  1.092920e+02
  7.008234e-02,  1.064498e+02
  7.152038e-02,  1.056629e+02
  7.276405e-02,  1.069578e+02
  7.185861e-02,  1.078593e+02
  6.981959e-02,  1.067768e+02
  6.954016e-02,  1.041999e+02
  7.153591e-02,  1.019636e+02
  7.304469e-02,  1.015788e+02
  7.238978e-02,  1.035108e+02
  7.163257e-02,  1.065275e+02
  7.274380e-02,  1.077729e+02
  7.422677e-02,  1.062558e+02
  7.405194e-02,  1.043349e+02
  7.326951e-02,  1.045417e+02
  7.452456e-02,  1.062129e+02
  7.717231e-02,  1.066158e+02
  7.819264e-02,  1.055325e+02
  7.728007e-02,  1.052860e+02
  7.636030e-02,  1.069900e+02
  7.485372e-02,  1.086019e+02
  7.031985e-02,  1.080575e+02
  6.504755e-02,  1.062771e+02
  6.501539e-02,  1.062001e+02
  7.085889e-02,  1.078945e+02
  7.528554e-02,  1.086649e+02
  7.293725e-02,  1.076657e+02
  6.841488e-02,  1.061235e+02
  6.914833e-02,  1.058599e+02
  7.444621e-02,  1.066980e+02
  7.697140e-02,  1.074248e+02
  7.341048e-02,  1.078611e+02
  6.815003e-02,  1.080552e+02
  6.601597e-02,  1.075360e+02
  6.648584e-02,  1.063676e+02
  6.683569e-02,  1.056500e+02
  6.723798e-02,  1.059952e+02
  6.966288e-02,  1.065430e+02
  7.334123e-02,  1.064221e+02
  7.473131e-02,  1.061348e+02
  7.198319e-02,  1.061965e+02
  6.728798e-02,  1.059434e+02
  6.425277e-02,  1.048299e+02
  6.436986e-02,  1.043182e+02
  6.662844e-02,  1.055209e+02
  6.920364e-02,  1.063756e+02
  7.045617e-02,  1.044988e+02
  7.012481e-02,  1.011582e+02
  6.932149e-02,  1.003175e+02
  6.987494e-02,  1.032521e+02
  7.226800e-02,  1.062386e+02
  7.403092e-02,  1.063994e+02
  7.348936e-02,  1.057416e+02
  7.185989e-02,  1.077030e+02
  7.142046e-02,  1.118411e+02
  7.192702e-02,  1.137687e+02
  7.131866e-02,  1.112834e+02
  6.956158e-02,  1.070396e+02
  6.800917e-02,  1.055156e+02
  6.840742e-02,  1.078121e+02
  7.137007e-02,  1.102813e+02
  7.423963e-02,  1.100093e+02
  7.391998e-02,  1.083003e+02
  7.069093e-02,  1.079476e+02
  6.819402e-02,  1.095238e+02
  6.856635e-02,  1.104588e+02
  6.959001e-02,  1.092787e+02
  6.911677e-02,  1.077410e+02
  6.868573e-02,  1.077080e+02
  7.021760e-02,  1.084158e+02
  7.140407e-02,  1.079461e+02
  6.923448e-02,  1.060729e+02
  6.630884e-02,  1.039356e+02
  6.791759e-02,  1.026922e+02
  7.332663e-02,  1.022768e+02
  7.561411e-02,  1.020245e+02
  7.180993e-02,  1.019944e+02
  6.784540e-02,  1.030525e+02
  6.994257e-02,  1.054950e+02
  7.507101e-02,  1.077182e+02
  7.503738e-02,  1.081122e+02
  6.872142e-02,  1.062913e+02
  6.400528e-02,  1.044697e+02
  6.643891e-02,  1.065566e+02
  7.224295e-02,  1.111330e+02
  7.352858e-02,  1.136376e+02
  6.899663e-02,  1.116822e+02
  6.574868e-02,  1.069186e+02
  6.802164e-02,  1.047702e+02
  7.226643e-02,  1.064542e+02
  7.419011e-02,  1.084763e+02
  7.393529e-02,  1.083172e+02
  7.412200e-02,  1.061154e+02
  7.505162e-02,  1.035599e+02
  7.533502e-02,  1.022896e+02
  7.562444e-02,  1.036241e+02
  7.776473e-02,  1.070455e+02
  8.041116e-02,  1.092070e+02
  7.984921e-02,  1.078434e+02
  7.609368e-02,  1.050478e+02
  7.270979e-02,  1.055936e+02
  7.251153e-02,  1.095925e+02
  7.399659e-02,  1.104624e+02
  7.398933e-02,  1.052273e+02
  7.257687e-02,  9.931501e+01
  7.019384e-02,  9.988101e+01
  6.947050e-02,  1.062036e+02
  7.203500e-02,  1.102538e+02
  7.514466e-02,  1.087892e+02
  7.613421e-02,  1.058972e+02
  7.390192e-02,  1.053104e+02
  7.038210e-02,  1.069462e+02
  6.879311e-02,  1.087982e+02
  7.014494e-02,  1.095839e+02
  7.266911e-02,  1.090250e+02
  7.390335e-02,  1.073971e+02
  7.307714e-02,  1.061374e+02
  7.195855e-02,  1.070266e+02
  7.350239e-02,  1.092273e+02
  7.782201e-02,  1.094244e+02
  8.077256e-02,  1.067773e+02
  7.854969e-02,  1.038681e+02
  7.308954e-02,  1.039842e+02
  7.154446e-02,  1.078761e+02
  7.655237e-02,  1.112875e+02
  8.061918e-02,  1.111439e+02
  7.677654e-02,  1.087839e+02
  6.894651e-02,  1.070854e+02
  6.683376e-02,  1.081308e+02
  7.243212e-02,  1.094270e+02
  7.727014e-02,  1.081567e+02
  7.561656e-02,  1.055523e+02
  7.224764e-02,  1.047429e+02
  7.381242e-02,  1.064403e+02
  7.792523e-02,  1.069827e+02
  7.716602e-02,  1.045928e+02
  7.192499e-02,  1.013681e+02
  7.002694e-02,  1.009089e+02
  7.493095e-02,  1.033646e+02
  7.995745e-02,  1.057336e+02
  7.761630e-02,  1.072090e+02
  7.078740e-02,  1.078843e+02
  6.856864e-02,  1.070022e+02
  7.381166e-02,  1.052949e+02
  7.982129e-02,  1.049446e+02
  7.966512e-02,  1.062106e+02
  7.435920e-02,  1.075583e+02
  7.009318e-02,  1.075832e+02
  7.058478e-02,  1.070488e+02
  7.374401e-02,  1.072429e+02
  7.513576e-02,  1.076951e+02
  7.316693e-02,  1.078348e+02
  7.050490e-02,  1.081132e+02
  7.071941e-02,  1.086365e+02
  7.404052e-02,  1.085033e+02
  7.713824e-02,  1.076853e+02
  7.696953e-02,  1.071043e+02
  7.394301e-02,  1.067480e+02
  7.103429e-02,  1.054516e+02
  7.054360e-02,  1.032214e+02
  7.211310e-02,  1.020207e+02
  7.365377e-02,  1.027826e+02
  7.366381e-02,  1.042799e+02
  7.238378e-02,  1.052514e+02
  7.158742e-02,  1.059180e+02
  7.274231e-02,  1.070464e+02
  7.511531e-02,  1.083618e+02
  7.621418e-02,  1.088431e+02
  7.427954e-02,  1.077765e+02
  7.022662e-02,  1.051820e+02
  6.727209e-02,  1.022675e+02
  6.839066e-02,  1.011470e+02
  7.329300e-02,  1.024574e+02
  7.759407e-02,  1.046375e+02
  7.666163e-02,  1.061109e+02
  7.142549e-02,  1.060103e+02
  6.772611e-02,  1.043223e+02
  6.881017e-02,  1.027549e+02
  7.188315e-02,  1.029190e+02
  7.371232e-02,  1.041262e+02
  7.486258e-02,  1.046460e+02
  7.602987e-02,  1.044010e+02
  7.472673e-02,  1.054729e+02
  7.004346e-02,  1.088507e+02
  6.692624e-02,  1.114679e+02
  7.010489e-02,  1.094657e+02
  7.683989e-02,  1.060094e+02
  7.855936e-02,  1.058867e+02
  7.325235e-02,  1.090562e+02
  6.885042e-02,  1.111281e+02
  7.171897e-02,  1.090495e+02
  7.834142e-02,  1.069153e+02
  7.974181e-02,  1.074016e+02
  7.410650e-02,  1.077281e+02
  6.892324e-02,  1.040521e+02
  7.116545e-02,  9.933099e+01
  7.742456e-02,  1.000709e+02
  8.018110e-02,  1.051169e+02
  7.709174e-02,  1.092583e+02
  7.238763e-02,  1.095203e+02
  7.270419e-02,  1.084096e+02
  7.827933e-02,  1.091186e+02
  8.191320e-02,  1.093783e+02
  7.770436e-02,  1.067911e+02
  6.920974e-02,  1.036904e+02
  6.543718e-02,  1.051557e+02
  7.063238e-02,  1.085661e+02
  7.762128e-02,  1.077514e+02
  7.738098e-02,  1.055336e+02
  7.140372e-02,  1.084541e+02
  7.003324e-02,  1.150695e+02
  7.425751e-02,  1.140818e+02
  7.574224e-02,  1.058212e+02
  7.159316e-02,  1.008865e+02
  6.939501e-02,  1.046167e+02
  7.635017e-02,  1.069419e+02
  8.051035e-02,  1.033237e+02
  7.018902e-02,  1.042400e+02
  6.040820e-02,  1.169442e+02
  6.887567e-02,  1.180133e+02
  8.101126e-02,  1.027170e+02
  7.246092e-02,  9.487164e+01
  5.126367e-02,  1.153400e+02
  6.547392e-02,  1.262652e+02
  9.549755e-02,  1.007296e+02
  9.876478e-02,  8.362799e+01
  4.772011e-02,  1.049203e+02
  6.497704e-02,  1.526126e+02
  1.014286e-01,  1.111903e+02
  1.267564e-01,  7.783487e+01
  3.839685e-02,  8.202645e+01
  8.899142e-02,  -1.734767e+02
  1.368182e-01,  1.199408e+02
  2.245428e-01,  6.933420e+01
  6.100447e-02,  2.605859e+00
  2.769739e-01,  -1.424766e+02
  8.933688e-02,  -6.026372e+01
  1.889725e+00,  -1.201754e+02
  3.079950e+00,  -1.533965e+02
  4.267316e+00,  1.031527e+02
  9.986919e+00,  6.834309e+01
  1.513583e+01,  5.910315e+01
  2.032051e+01,  5.576713e+01
  2.482356e+01,  5.520362e+01
  2.760313e+01,  5.644751e+01
  2.857050e+01,  5.977493e+01
  2.820384e+01,  6.636536e+01
  2.739386e+01,  7.571315e+01
  2.647634e+01,  8.429456e+01
  2.500820e+01,  8.968669e+01
  2.297729e+01,  9.259194e+01
  2.011413e+01,  9.327890e+01
  1.598535e+01,  8.971549e+01
  1.174451e+01,  8.054670e+01
  8.724962e+00,  6.835027e+01
  6.733805e+00,  4.977644e+01
  6.838484e+00,  1.686300e+01
  9.780358e+00,  -5.689180e+00
  1.323990e+01,  -1.708416e+01
  1.583467e+01,  -2.826256e+01
  1.733980e+01,  -4.050209e+01
  1.812646e+01,  -5.128997e+01
  1.831454e+01,  -5.981291e+01
  1.796804e+01,  -6.606742e+01
  1.762410e+01,  -6.900990e+01
  1.745115e+01,  -7.167274e+01
  1.678232e+01,  -8.002940e+01
  1.579063e+01,  -9.298482e+01
  1.487452e+01,  -1.019855e+02
  1.389582e+01,  -1.037247e+02
  1.289664e+01,  -1.010258e+02
  1.200401e+01,  -9.291644e+01
  1.225902e+01,  -7.922700e+01
  1.400033e+01,  -6.878958e+01
  1.595959e+01,  -6.450739e+01
  1.732218e+01,  -6.341055e+01
  1.756245e+01,  -6.287927e+01
  1.638332e+01,  -5.931857e+01
  1.441004e+01,  -5.046896e+01
  1.220159e+01,  -3.836653e+01
  9.467628e+00,  -2.568179e+01
  6.311709e+00,  -1.012645e+01
  4.058258e+00,  2.262123e+01
  4.142242e+00,  6.032440e+01
  4.264408e+00,  7.270892e+01
  3.847178e+00,  7.499092e+01
  3.748564e+00,  8.126508e+01
  2.497406e+00,  9.617776e+01
  2.089592e+00,  -1.135262e+02
  8.348471e+00,  -9.566897e+01
  1.487479e+01,  -9.384354e+01
  2.184886e+01,  -9.454655e+01
  2.888075e+01,  -9.616097e+01
  3.341697e+01,  -9.911366e+01
  3.388969e+01,  -1.029030e+02
  3.109949e+01,  -1.060811e+02
  2.618380e+01,  -1.074846e+02
  1.957220e+01,  -1.062689e+02
  1.248274e+01,  -9.904802e+01
  7.356245e+00,  -7.463531e+01
  6.252370e+00,  -2.664555e+01
  9.137669e+00,  1.091471e+01
  1.356740e+01,  2.487366e+01
  1.590122e+01,  2.674118e+01
  1.445269e+01,  2.532491e+01
  1.103421e+01,  2.479460e+01
  7.630857e+00,  2.465572e+01
  4.472706e+00,  2.218527e+01
  1.905052e+00,  2.119040e+01
  1.137354e+00,  4.267249e+01
  2.180608e+00,  3.823568e+01
  3.605990e+00,  2.417229e+01
  4.923425e+00,  1.831227e+01
  6.562103e+00,  2.092350e+01
  8.727288e+00,  2.356738e+01
  1.121681e+01,  2.623729e+01
  1.423097e+01,  3.437930e+01
  1.827357e+01,  4.669748e+01
  2.280086e+01,  5.850734e+01
  2.551565e+01,  6.776237e+01
  2.464388e+01,  7.236492e+01
  2.192136e+01,  6.914156e+01
  2.023867e+01,  6.157855e+01
  1.814258e+01,  5.813879e+01
  1.412316e+01,  5.557203e+01
  1.048183e+01,  4.395349e+01
  8.154527e+00,  2.634554e+01
  5.754631e+00,  8.295450e-01
  6.508576e+00,  -3.560453e+01
  1.028270e+01,  -4.321356e+01
  1.332258e+01,  -4.169880e+01
  1.443293e+01,  -4.138690e+01
  1.489393e+01,  -4.253863e+01
  1.526526e+01,  -4.770021e+01
  1.058413e+01,  -7.897306e+01
  4.132318e+00,  1.724950e+02
  8.793169e+00,  -1.253701e+02
  9.380164e+00,  -1.354925e+02
  7.552520e+00,  -1.615005e+02
  7.301258e+00,  1.541157e+02
  8.765470e+00,  1.222551e+02
  1.149847e+01,  9.785343e+01
  1.515711e+01,  8.410793e+01
  1.808507e+01,  7.730298e+01
  2.017490e+01,  7.219143e+01
  2.196109e+01,  7.067600e+01
  2.299036e+01,  7.581131e+01
  2.335619e+01,  8.330378e+01
  2.303928e+01,  8.620450e+01
  2.217479e+01,  8.502297e+01
  2.135379e+01,  8.443236e+01
  1.963395e+01,  8.221778e+01
  1.613702e+01,  7.344820e+01
  1.244635e+01,  6.276349e+01
  9.090015e+00,  6.110851e+01
  5.617854e+00,  6.586331e+01
  2.339819e+00,  6.829574e+01
  5.166697e-01,  1.554603e+02
  2.548734e+00,  -1.483973e+02
  5.010738e+00,  -1.297331e+02
  7.311215e+00,  -1.134826e+02
  9.059454e+00,  -1.044850e+02
  1.013242e+01,  -1.020114e+02
  1.044628e+01,  -1.035909e+02
  1.052427e+01,  -1.081823e+02
  1.104006e+01,  -1.127429e+02
  1.139288e+01,  -1.148218e+02
  1.096655e+01,  -1.151260e+02
  1.038638e+01,  -1.116412e+02
  1.052511e+01,  -1.020535e+02
  1.137546e+01,  -9.052507e+01
  1.222542e+01,  -8.057432e+01
  1.291499e+01,  -7.298587e+01
  1.352720e+01,  -6.872105e+01
  1.377412e+01,  -6.740460e+01
  1.333204e+01,  -6.861349e+01
  1.194690e+01,  -7.253244e+01
  9.852090e+00,  -7.612576e+01
  7.938899e+00,  -7.284122e+01
  6.722455e+00,  -6.424374e+01
  5.212728e+00,  -6.377069e+01
  2.889163e+00,  -9.010629e+01
  2.917905e+00,  -1.672217e+02
  5.559357e+00,  1.649834e+02
  8.031124e+00,  1.594301e+02
  9.817454e+00,  1.583073e+02
  1.032987e+01,  1.616126e+02
  9.377017e+00,  -1.794667e+02
  1.016711e+01,  -1.433596e+02
  1.352688e+01,  -1.189734e+02
  1.698941e+01,  -1.053449e+02
  2.082713e+01,  -9.555683e+01
  2.449336e+01,  -8.979737e+01
  2.639961e+01,  -8.797841e+01
  2.648853e+01,  -8.894937e+01
  2.587268e+01,  -9.160050e+01
  2.511353e+01,  -9.514162e+01
  2.378491e+01,  -9.870190e+01
  2.133366e+01,  -1.013553e+02
  1.801031e+01,  -1.035232e+02
  1.450523e+01,  -1.074506e+02
  1.096827e+01,  -1.141801e+02
  7.400480e+00,  -1.222309e+02
  4.902755e+00,  -1.329629e+02
  4.667812e+00,  -1.482265e+02
  5.749980e+00,  -1.598100e+02
  6.500317e+00,  -1.683991e+02
  6.953591e+00,  -1.755685e+02
  7.317331e+00,  1.782878e+02
  6.775727e+00,  1.651028e+02
  5.988166e+00,  1.348252e+02
  6.561685e+00,  1.027023e+02
  7.570825e+00,  8.267185e+01
  8.980629e+00,  6.915506e+01
  1.088254e+01,  6.010903e+01
  1.287567e+01,  5.452319e+01
  1.518889e+01,  5.355001e+01
  1.831931e+01,  5.839258e+01
  2.224168e+01,  6.762995e+01
  2.545510e+01,  7.863459e+01
  2.571952e+01,  8.907607e+01
  2.326185e+01,  9.649029e+01
  2.042587e+01,  9.940757e+01
  1.782407e+01,  1.014056e+02
  1.445135e+01,  1.060035e+02
  1.068935e+01,  1.101888e+02
  7.408236e+00,  1.103041e+02
  4.141465e+00,  1.103817e+02
  3.224064e-01,  9.553276e+01
  3.065950e+00,  -5.403558e+01
  4.493864e+00,  -4.973571e+01
  4.592578e+00,  -5.045250e+01
  5.758025e+00,  -6.230316e+01
  5.055753e+00,  -9.385331e+01
  5.960386e+00,  1.465315e+02
  3.702837e-01,  -2.558648e+01
  5.581490e-01,  -2.154348e+01
  3.398854e-01,  1.575513e+02
  3.418817e-01,  1.290199e+02
  1.525808e-01,  2.211486e+01
  1.228113e-01,  -2.942126e+01
  1.329511e-01,  1.514378e+02
  1.984604e-01,  1.255079e+02
  9.568266e-02,  6.605888e+01
  5.765213e-02,  6.645626e+00
  6.809243e-02,  1.349873e+02
  1.348370e-01,  1.233942e+02
  9.208653e-02,  9.212197e+01
  4.727203e-02,  6.240952e+01
  5.569431e-02,  1.198189e+02
  9.969366e-02,  1.217488e+02
  8.868183e-02,  1.025568e+02
  6.363943e-02,  8.738008e+01
  6.463675e-02,  1.061612e+02
  8.710116e-02,  1.135311e+02
  8.536651e-02,  1.022712e+02
  6.999795e-02,  8.985563e+01
  6.265967e-02,  9.621507e+01
  6.935493e-02,  1.081434e+02
  7.338451e-02,  1.084716e+02
  7.292648e-02,  1.041929e+02
  7.375732e-02,  1.022196e+02
  7.015843e-02,  1.011777e+02
  6.108700e-02,  1.009103e+02
  6.001020e-02,  1.043939e+02
  7.036276e-02,  1.053470e+02
  7.489472e-02,  1.012951e+02
  6.827169e-02,  1.008648e+02
  6.954462e-02,  1.099802e+02
  8.115978e-02,  1.114444e+02
  7.609289e-02,  9.962424e+01
  5.608913e-02,  8.906550e+01
  5.665686e-02,  1.107723e+02
  9.135802e-02,  1.181191e+02
  9.299614e-02,  1.014240e+02
  5.788812e-02,  7.522064e+01
  4.200539e-02,  1.185171e+02
  1.151123e-01,  1.335674e+02
  1.256810e-01,  1.109375e+02
  7.389854e-02,  5.162546e+01
  2.070113e-02,  3.020737e+00
  1.290489e-01,  1.437265e+02
  1.937707e-01,  1.175297e+02
  1.202430e-01,  4.536923e+01
  1.120538e-01,  -3.458685e+01
  1.535434e-01,  1.693362e+02
  3.204841e-01,  1.288481e+02
  2.043470e-01,  4.672045e+01
  3.249101e-01,  -3.590680e+01
  2.492226e-01,  -1.601101e+02
  6.611878e-01,  1.359188e+02
  5.066824e-01,  3.996037e+01
  3.632105e-01,  -5.656463e+01
  1.298453e+00,  2.463807e+01
  1.245240e+01,  -3.080178e+01
  2.756462e+01,  -4.822894e+01
  2.913735e+01,  -6.434284e+01
  2.487687e+01,  -7.777402e+01
  2.013585e+01,  -8.352034e+01
  1.486073e+01,  -8.512494e+01
  9.537089e+00,  -8.284562e+01
  4.885416e+00,  -6.825528e+01
  2.014516e+00,  -1.133951e+01
  2.758831e+00,  7.380538e+01
  4.805103e+00,  1.045144e+02
  6.779882e+00,  1.193542e+02
  8.786910e+00,  1.299627e+02
  1.071497e+01,  1.354533e+02
  1.215982e+01,  1.336733e+02
  1.343420e+01,  1.257026e+02
  1.486636e+01,  1.140374e+02
  1.663991e+01,  1.005963e+02
  1.898944e+01,  9.009508e+01
  2.115003e+01,  8.578351e+01
  2.209356e+01,  8.673781e+01
  2.115933e+01,  9.242554e+01
  1.875205e+01,  1.040890e+02
  1.686318e+01,  1.211168e+02
  1.673293e+01,  1.360101e+02
  1.714687e+01,  1.427215e+02
  1.667472e+01,  1.425316e+02
  1.483889e+01,  1.367441e+02
  1.219979e+01,  1.233990e+02
  1.046727e+01,  1.009821e+02
  1.082095e+01,  7.786555e+01
  1.231571e+01,  6.196271e+01
  1.405742e+01,  5.166632e+01
  1.566400e+01,  4.672547e+01
  1.635450e+01,  4.689072e+01
  1.569066e+01,  5.037267e+01
  1.455644e+01,  5.642131e+01
  1.446048e+01,  6.278171e+01
  1.504301e+01,  6.381032e+01
  1.484093e+01,  5.792401e+01
  1.390565e+01,  4.692607e+01
  1.312181e+01,  3.314970e+01
  1.282248e+01,  1.893460e+01
  1.268997e+01,  4.169723e+00
  1.242489e+01,  -1.311735e+01
  1.193239e+01,  -3.177728e+01
  1.086810e+01,  -4.925248e+01
  9.396184e+00,  -6.751647e+01
  8.505114e+00,  -9.007290e+01
  8.783357e+00,  -1.155914e+02
  1.026811e+01,  -1.382155e+02
  1.246868e+01,  -1.520033e+02
  1.478287e+01,  -1.574204e+02
  1.708578e+01,  -1.585708e+02
  1.870594e+01,  -1.580813e+02
  1.895085e+01,  -1.558455e+02
  1.844353e+01,  -1.510080e+02
  1.788180e+01,  -1.434747e+02
  1.729500e+01,  -1.337803e+02
  1.724497e+01,  -1.243392e+02
  1.799614e+01,  -1.190512e+02
  1.869214e+01,  -1.184784e+02
  1.869071e+01,  -1.212990e+02
  1.805998e+01,  -1.272362e+02
  1.684115e+01,  -1.362256e+02
  1.510328e+01,  -1.477610e+02
  1.317108e+01,  -1.622728e+02
  1.156639e+01,  1.777753e+02
  1.095687e+01,  1.531672e+02
  1.100694e+01,  1.298333e+02
  1.096429e+01,  1.076577e+02
  1.132334e+01,  8.414867e+01
  1.256582e+01,  6.179470e+01
  1.436841e+01,  4.257089e+01
  1.639163e+01,  2.725341e+01
  1.829478e+01,  1.648987e+01
  1.990714e+01,  9.685684e+00
  2.112115e+01,  6.030886e+00
  2.152971e+01,  5.384681e+00
  2.077887e+01,  8.168001e+00
  1.921029e+01,  1.470264e+01
  1.770956e+01,  2.394312e+01
  1.661424e+01,  3.364319e+01
  1.537194e+01,  4.261771e+01
  1.309489e+01,  4.975771e+01
  8.936835e+00,  5.095998e+01
  3.202015e+00,  1.885322e+01
  6.435038e+00,  -8.446394e+01
  1.342400e+01,  -9.336532e+01
  1.958092e+01,  -8.854558e+01
  2.594495e+01,  -7.876436e+01
  3.092047e+01,  -6.952110e+01
  3.194415e+01,  -6.161507e+01
  3.250812e+01,  -5.653657e+01
  3.603190e+01,  -5.646184e+01
  2.191169e+01,  -4.943453e+01
  3.195913e+01,  1.323653e+02
  9.182959e+00,  -2.559342e+01
  4.980426e+00,  3.905672e+01
  7.798888e+00,  4.875626e+01
  1.518682e+01,  -1.279432e+01
  2.731998e+01,  -4.452128e+01
  2.605787e+01,  -6.466117e+01
  2.007156e+01,  -8.356795e+01
  1.581700e+01,  -9.515383e+01
  1.149314e+01,  -1.050092e+02
  6.877645e+00,  -1.235298e+02
  3.475934e+00,  -1.638704e+02
  3.255258e+00,  1.384106e+02
  4.523653e+00,  1.229940e+02
  5.616944e+00,  1.238733e+02
  6.813123e+00,  1.264053e+02
  8.554381e+00,  1.295281e+02
  1.020562e+01,  1.293773e+02
  1.144423e+01,  1.221268e+02
  1.351937e+01,  1.103858e+02
  1.641577e+01,  9.919278e+01
  1.920973e+01,  8.889064e+01
  2.190702e+01,  8.182597e+01
  2.374789e+01,  8.016478e+01
  2.352723e+01,  8.346959e+01
  2.132620e+01,  9.230353e+01
  1.871055e+01,  1.083926e+02
  1.792142e+01,  1.297329e+02
  1.963959e+01,  1.462415e+02
  2.158705e+01,  1.524308e+02
  2.134213e+01,  1.512356e+02
  1.854337e+01,  1.447363e+02
  1.504412e+01,  1.314273e+02
  1.300443e+01,  1.105941e+02
  1.294389e+01,  8.740335e+01
  1.421348e+01,  6.917639e+01
  1.577270e+01,  6.017314e+01
  1.668545e+01,  5.897786e+01
  1.653663e+01,  6.120927e+01
  1.539123e+01,  6.244144e+01
  1.419053e+01,  5.783359e+01
  1.442480e+01,  4.685941e+01
  1.562194e+01,  3.768893e+01
  1.579904e+01,  3.236686e+01
  1.511841e+01,  2.634803e+01
  1.477835e+01,  1.853117e+01
  1.469944e+01,  1.177523e+01
  1.427227e+01,  5.077154e+00
  1.345642e+01,  -5.225486e+00
  1.234179e+01,  -1.894711e+01
  1.059169e+01,  -3.337506e+01
  8.349044e+00,  -5.070913e+01
  6.707780e+00,  -7.700025e+01
  6.516337e+00,  -1.111739e+02
  7.967325e+00,  -1.411374e+02
  1.031286e+01,  -1.567150e+02
  1.262046e+01,  -1.609561e+02
  1.501266e+01,  -1.608909e+02
  1.716134e+01,  -1.601643e+02
  1.820449e+01,  -1.577641e+02
  1.849425e+01,  -1.523202e+02
  1.889387e+01,  -1.453293e+02
  1.928152e+01,  -1.387586e+02
  1.973760e+01,  -1.328033e+02
  2.066043e+01,  -1.285634e+02
  2.128442e+01,  -1.275933e+02
  2.072516e+01,  -1.300634e+02
  1.920354e+01,  -1.353972e+02
  1.718479e+01,  -1.424863e+02
  1.488397e+01,  -1.507930e+02
  1.254451e+01,  -1.625299e+02
  1.069195e+01,  1.787906e+02
  9.870575e+00,  1.555211e+02
  9.631181e+00,  1.335819e+02
  9.553798e+00,  1.117017e+02
  1.019483e+01,  8.861261e+01
  1.173396e+01,  6.821036e+01
  1.370387e+01,  5.174549e+01
  1.582156e+01,  3.880797e+01
  1.782456e+01,  2.947855e+01
  1.949156e+01,  2.319082e+01
  2.070543e+01,  1.932684e+01
  2.118085e+01,  1.801300e+01
  2.055277e+01,  1.963315e+01
  1.894323e+01,  2.412109e+01
  1.703771e+01,  3.062608e+01
  1.521197e+01,  3.803123e+01
  1.311468e+01,  4.615882e+01
  1.007865e+01,  5.486167e+01
  5.646459e+00,  6.343864e+01
  5.387717e-01,  1.720717e+02
  6.891060e+00,  -1.212330e+02
  1.354592e+01,  -1.146770e+02
  1.965475e+01,  -1.041163e+02
  2.536825e+01,  -9.063191e+01
  2.956094e+01,  -7.802943e+01
  3.141435e+01,  -6.735779e+01
  3.392933e+01,  -5.992070e+01
  3.255448e+01,  -5.269907e+01
  1.129829e+01,  -3.616610e+01
  1.104563e+01,  1.406231e+02
  2.636165e+00,  -4.718851e+01
  1.254000e+00,  -3.607205e+01
  9.474496e-01,  1.231423e+02
  7.890638e-01,  1.397494e+02
  4.158517e-01,  -5.652090e+01
  4.361852e-01,  -3.282245e+01
  3.689672e-01,  1.148498e+02
  4.428446e-01,  1.335688e+02
  8.635422e-02,  -6.362018e+01
  2.202574e-01,  -3.197995e+01
  1.637424e-01,  1.032551e+02
  2.782242e-01,  1.278473e+02
  3.673966e-02,  1.331711e+02
  9.912272e-02,  -2.560348e+01
  8.656437e-02,  9.202631e+01
  1.819050e-01,  1.234299e+02
  7.938773e-02,  1.265051e+02
  2.940962e-02,  5.217265e+00
  5.790847e-02,  8.960553e+01
  1.245975e-01,  1.179084e+02
  8.869459e-02,  1.194798e+02
  3.489308e-02,  8.683326e+01
  5.403409e-02,  9.226534e+01
  9.639401e-02,  1.106597e+02
  9.039958e-02,  1.103713e+02
  6.005653e-02,  9.358859e+01
  6.116765e-02,  9.018860e+01
  8.310420e-02,  1.055565e+02
  8.948010e-02,  1.119037e+02
  7.378460e-02,  1.092934e+02
  6.564589e-02,  1.057408e+02
  7.357645e-02,  1.084928e+02
  8.212215e-02,  1.105558e+02
  8.240671e-02,  1.098937e+02
  7.965555e-02,  1.103756e+02
  7.725373e-02,  1.127999e+02
  7.438095e-02,  1.124295e+02
  7.455589e-02,  1.076080e+02
  8.049583e-02,  1.042405e+02
  8.465922e-02,  1.054671e+02
  7.992913e-02,  1.082422e+02
  7.063251e-02,  1.092334e+02
  6.670086e-02,  1.077590e+02
  6.992131e-02,  1.062256e+02
  7.390541e-02,  1.056565e+02
  7.551527e-02,  1.055527e+02
  7.691473e-02,  1.061355e+02
  7.827683e-02,  1.075138e+02
  7.697399e-02,  1.087734e+02
  7.375813e-02,  1.088837e+02
  7.255256e-02,  1.078950e+02
  7.351267e-02,  1.069801e+02
  7.294407e-02,  1.066709e+02
  7.065719e-02,  1.064137e+02
  7.072130e-02,  1.056960e+02
  7.404643e-02,  1.048593e+02
  7.630465e-02,  1.043787e+02
  7.469568e-02,  1.041644e+02
  7.149251e-02,  1.041082e+02
  6.951807e-02,  1.047761e+02
  6.894388e-02,  1.068077e+02
  6.971259e-02,  1.092304e+02
  7.238969e-02,  1.096508e+02
  7.582681e-02,  1.074804e+02
  7.720315e-02,  1.050575e+02
  7.517471e-02,  1.047704e+02
  7.173129e-02,  1.065979e+02
  6.950997e-02,  1.082054e+02
  6.956650e-02,  1.079734e+02
  7.200617e-02,  1.066816e+02
  7.535945e-02,  1.053718e+02
  7.655327e-02,  1.041179e+02
  7.428173e-02,  1.033814e+02
  7.133174e-02,  1.044224e+02
  7.125638e-02,  1.070536e+02
  7.356013e-02,  1.088308e+02
  7.509461e-02,  1.086290e+02
  7.474309e-02,  1.078804e+02
  7.306516e-02,  1.081563e+02
  7.022406e-02,  1.089586e+02
  6.749944e-02,  1.085088e+02
  6.830686e-02,  1.065198e+02
  7.324318e-02,  1.050260e+02
  7.667159e-02,  1.051777e+02
  7.390073e-02,  1.061082e+02
  6.929104e-02,  1.062590e+02
  7.118747e-02,  1.049551e+02
  7.920079e-02,  1.039830e+02
  8.347086e-02,  1.047762e+02
  7.877271e-02,  1.067216e+02
  7.187151e-02,  1.074512e+02
  7.136327e-02,  1.052110e+02
  7.583284e-02,  1.030902e+02
  7.718068e-02,  1.042046e+02
  7.391225e-02,  1.075376e+02
  7.184558e-02,  1.092047e+02
  7.371171e-02,  1.077332e+02
  7.557603e-02,  1.065435e+02
  7.374051e-02,  1.074069e+02
  7.085780e-02,  1.077598e+02
  7.108478e-02,  1.053500e+02
  7.369731e-02,  1.033214e+02
  7.468024e-02,  1.049849e+02
  7.334994e-02,  1.083099e+02
  7.147620e-02,  1.088277e+02
  7.014156e-02,  1.064661e+02
  6.930769e-02,  1.054354e+02
  6.862019e-02,  1.066236e+02
  6.797533e-02,  1.065441e+02
  6.781445e-02,  1.045892e+02
  6.951256e-02,  1.047356e+02
  7.296546e-02,  1.075377e+02
  7.446872e-02,  1.081626e+02
  7.178851e-02,  1.044790e+02
  6.981464e-02,  1.010683e+02
  7.223206e-02,  1.031877e+02
  7.461903e-02,  1.073269e+02
  7.146082e-02,  1.081633e+02
  7.003600e-02,  1.056799e+02
  7.883224e-02,  1.042218e+02
  8.531284e-02,  1.042997e+02
  7.253050e-02,  1.037745e+02
  5.529456e-02,  1.036882e+02
  6.414562e-02,  1.066269e+02
  8.817833e-02,  1.075443e+02
  8.342038e-02,  1.063618e+02
  5.419349e-02,  1.074376e+02
  5.902037e-02,  1.142634e+02
  1.005896e-01,  1.121660e+02
  1.012506e-01,  1.053913e+02
  4.622455e-02,  9.061866e+01
  3.503753e-02,  1.011382e+02
  1.147406e-01,  1.123056e+02
  1.400219e-01,  1.074798e+02
  3.255278e-02,  7.380916e+01
  3.071802e-02,  -6.644663e+01
  1.331892e-01,  1.195355e+02
  2.337688e-01,  1.071582e+02
  1.000506e-01,  -1.298832e+01
  1.292175e-01,  5.588935e+01
  1.052716e+00,  -5.304060e+01
  5.918924e+00,  -6.503526e+01
  1.094831e+01,  -6.677397e+01
  1.340089e+01,  -6.709715e+01
  1.533294e+01,  -6.690065e+01
  1.668244e+01,  -6.701108e+01
  1.664646e+01,  -6.727497e+01
  1.492912e+01,  -6.643575e+01
  1.235772e+01,  -6.296828e+01
  1.010458e+01,  -5.643970e+01
  8.394899e+00,  -4.758180e+01
  6.972975e+00,  -3.574902e+01
  5.967871e+00,  -2.308584e+01
  5.122540e+00,  -1.926383e+01
  4.054753e+00,  -3.057488e+01
  3.218784e+00,  -5.675186e+01
  3.275402e+00,  -8.958070e+01
  4.138108e+00,  -1.106960e+02
  4.765925e+00,  -1.192697e+02
  4.682236e+00,  -1.228562e+02
  4.370603e+00,  -1.245288e+02
  4.320089e+00,  -1.230528e+02
  4.625234e+00,  -1.186700e+02
  5.182697e+00,  -1.165220e+02
  5.765678e+00,  -1.190874e+02
  6.275565e+00,  -1.235178e+02
  6.601208e+00,  -1.278989e+02
  6.432556e+00,  -1.343709e+02
  5.872796e+00,  -1.453334e+02
  5.472796e+00,  -1.592263e+02
  5.151044e+00,  -1.749041e+02
  4.814013e+00,  1.611216e+02
  5.512395e+00,  1.323875e+02
  7.184534e+00,  1.169792e+02
  8.586585e+00,  1.120473e+02
  9.506225e+00,  1.096300e+02
  1.040980e+01,  1.071524e+02
  1.118187e+01,  1.060192e+02
  1.137712e+01,  1.071072e+02
  1.133034e+01,  1.093483e+02
  1.167230e+01,  1.110200e+02
  1.241488e+01,  1.115257e+02
  1.343568e+01,  1.108891e+02
  1.497511e+01,  1.091135e+02
  1.682965e+01,  1.069720e+02
  1.798698e+01,  1.053378e+02
  1.795276e+01,  1.043763e+02
  1.743995e+01,  1.034519e+02
  1.687500e+01,  1.019509e+02
  1.552870e+01,  1.012703e+02
  1.309963e+01,  1.040136e+02
  1.060765e+01,  1.102256e+02
  8.702217e+00,  1.167599e+02
  7.143819e+00,  1.256384e+02
  6.136670e+00,  1.431810e+02
  6.041358e+00,  1.641889e+02
  6.220600e+00,  -1.794243e+02
  6.392890e+00,  -1.655446e+02
  6.797778e+00,  -1.533572e+02
  7.291698e+00,  -1.433180e+02
  7.721683e+00,  -1.344648e+02
  8.174790e+00,  -1.273845e+02
  8.582996e+00,  -1.223927e+02
  8.785269e+00,  -1.180928e+02
  8.644096e+00,  -1.153163e+02
  7.908342e+00,  -1.165907e+02
  6.490603e+00,  -1.213099e+02
  4.442574e+00,  -1.275495e+02
  1.867595e+00,  -1.501222e+02
  2.268934e+00,  9.973442e+01
  5.603232e+00,  7.961744e+01
  8.826518e+00,  7.398569e+01
  1.138146e+01,  7.139910e+01
  1.290650e+01,  6.814200e+01
  1.366971e+01,  6.285716e+01
  1.408763e+01,  5.753821e+01
  1.396930e+01,  5.334923e+01
  1.308390e+01,  4.794059e+01
  1.182753e+01,  3.885506e+01
  1.075805e+01,  2.714123e+01
  9.881478e+00,  1.546154e+01
  8.966976e+00,  4.885973e+00
  7.843873e+00,  -4.140962e+00
  6.419526e+00,  -1.144396e+01
  4.779213e+00,  -1.506137e+01
  3.009826e+00,  -4.999633e+00
  2.009551e+00,  4.847283e+01
  3.494847e+00,  9.549478e+01
  5.476789e+00,  1.050982e+02
  7.134647e+00,  1.030807e+02
  8.523288e+00,  9.885203e+01
  9.376209e+00,  9.498958e+01
  9.433238e+00,  8.967415e+01
  9.064694e+00,  8.224797e+01
  8.792059e+00,  7.520854e+01
  8.660897e+00,  7.055385e+01
  8.500757e+00,  6.785535e+01
  8.198968e+00,  6.673978e+01
  7.690966e+00,  6.772377e+01
  6.979175e+00,  7.130008e+01
  6.151831e+00,  7.825210e+01
  5.360562e+00,  9.138866e+01
  5.069515e+00,  1.137886e+02
  5.855946e+00,  1.362911e+02
  7.258324e+00,  1.479927e+02
  8.758198e+00,  1.516135e+02
  1.016404e+01,  1.507230e+02
  1.083023e+01,  1.458304e+02
  1.064970e+01,  1.369820e+02
  1.054074e+01,  1.272791e+02
  1.070217e+01,  1.198197e+02
  1.067284e+01,  1.125103e+02
  1.069042e+01,  1.046953e+02
  1.112627e+01,  9.935084e+01
  1.159220e+01,  9.640503e+01
  1.159638e+01,  9.376942e+01
  1.129647e+01,  9.126983e+01
  1.087439e+01,  8.914096e+01
  9.841021e+00,  8.620225e+01
  7.982843e+00,  8.099854e+01
  6.072016e+00,  7.288884e+01
  4.720168e+00,  6.125030e+01
  3.781234e+00,  4.184140e+01
  3.373064e+00,  1.163310e+01
  3.663857e+00,  -1.501170e+01
  4.129648e+00,  -2.874529e+01
  4.534818e+00,  -3.475673e+01
  4.823764e+00,  -3.808461e+01
  4.927038e+00,  -4.070799e+01
  4.934256e+00,  -4.341581e+01
  4.922683e+00,  -4.665080e+01
  4.793956e+00,  -4.971031e+01
  4.493170e+00,  -5.188990e+01
  4.190797e+00,  -5.543057e+01
  4.150785e+00,  -6.447794e+01
  4.528394e+00,  -7.650407e+01
  5.110655e+00,  -8.368918e+01
  5.667265e+00,  -8.459869e+01
  6.407781e+00,  -8.405218e+01
  7.612233e+00,  -8.505743e+01
  9.319136e+00,  -8.468840e+01
  1.131142e+01,  -8.095622e+01
  1.331690e+01,  -7.624570e+01
  1.521962e+01,  -7.310080e+01
  1.714661e+01,  -7.108036e+01
  1.902090e+01,  -6.850209e+01
  2.028207e+01,  -6.552486e+01
  2.034837e+01,  -6.388848e+01
  1.910135e+01,  -6.476228e+01
  1.689140e+01,  -6.782659e+01
  1.421797e+01,  -7.209243e+01
  1.142884e+01,  -7.711876e+01
  8.623500e+00,  -8.325118e+01
  5.831792e+00,  -9.079636e+01
  3.229792e+00,  -9.978585e+01
  1.054585e+00,  -1.154304e+02
  8.762531e-01,  9.502307e+01
  2.597864e+00,  8.239354e+01
  4.198999e+00,  7.930999e+01
  5.457938e+00,  7.483438e+01
  6.515714e+00,  6.786938e+01
  7.456524e+00,  6.128826e+01
  7.891417e+00,  5.666044e+01
  7.711714e+00,  5.267134e+01
  7.272525e+00,  4.920759e+01
  6.583962e+00,  4.843951e+01
  5.391426e+00,  5.064534e+01
  3.842683e+00,  5.453789e+01
  2.330005e+00,  6.469221e+01
  1.264579e+00,  1.046828e+02
  1.590751e+00,  1.730140e+02
  2.811025e+00,  -1.555722e+02
  4.194377e+00,  -1.390234e+02
  5.683229e+00,  -1.267508e+02
  7.339107e+00,  -1.180226e+02
  8.837525e+00,  -1.140419e+02
  9.898338e+00,  -1.132480e+02
  1.069900e+01,  -1.132376e+02
  1.125697e+01,  -1.138856e+02
  1.140520e+01,  -1.159987e+02
  1.146713e+01,  -1.181223e+02
  1.186745e+01,  -1.186065e+02
  1.251303e+01,  -1.190058e+02
  1.314764e+01,  -1.205994e+02
  1.371926e+01,  -1.222377e+02
  1.418066e+01,  -1.232626e+02
  1.430370e+01,  -1.243341e+02
  1.347928e+01,  -1.260270e+02
  1.098568e+01,  -1.292005e+02
  7.169523e+00,  -1.358904e+02
  3.464545e+00,  -1.493113e+02
  6.949648e-01,  1.593748e+02
  2.061487e+00,  3.697842e+01
  3.536802e+00,  2.481279e+01
  3.794023e+00,  1.660264e+01
  3.784517e+00,  7.235889e+00
  4.201706e+00,  6.942672e+00
  1.297103e+00,  8.479883e+01
  1.151453e+00,  1.511802e+02
  4.754627e-01,  -1.949764e+01
  1.721931e-01,  5.815664e+01
  2.398249e-01,  1.452387e+02
  9.044481e-02,  1.585588e+02
  8.261485e-02,  2.035929e+01
  9.037120e-02,  7.460943e+01
  1.267874e-01,  1.301154e+02
  8.017349e-02,  1.293491e+02
  6.026929e-02,  6.013711e+01
  7.625267e-02,  7.624569e+01
  9.344144e-02,  1.177848e+02
  8.435534e-02,  1.233533e+02
  6.678882e-02,  9.490294e+01
  7.562363e-02,  9.058011e+01
  8.127202e-02,  1.112068e+02
  7.270684e-02,  1.177727e+02
  6.220586e-02,  1.001985e+02
  7.143999e-02,  9.444904e+01
  8.137015e-02,  1.078630e+02
  7.951914e-02,  1.147262e+02
  6.958166e-02,  1.045486e+02
  7.056765e-02,  9.388602e+01
  7.401720e-02,  1.004135e+02
  7.288819e-02,  1.123973e+02
  6.818745e-02,  1.156996e+02
  6.792913e-02,  1.099090e+02
  7.408630e-02,  1.061544e+02
  7.761068e-02,  1.064902e+02
  7.574306e-02,  1.063659e+02
  7.383514e-02,  1.051651e+02
  7.476611e-02,  1.055589e+02
  7.594271e-02,  1.070818e+02
  7.588103e-02,  1.070750e+02
  7.633091e-02,  1.055439e+02
  7.716719e-02,  1.046519e+02
  7.552800e-02,  1.045287e+02
  7.166966e-02,  1.035126e+02
  7.002222e-02,  1.016346e+02
  7.251669e-02,  1.010315e+02
  7.530997e-02,  1.021088e+02
  7.427228e-02,  1.036636e+02
  7.047557e-02,  1.054845e+02
  6.810175e-02,  1.078113e+02
  6.842024e-02,  1.093265e+02
  6.904227e-02,  1.086834e+02
  6.886753e-02,  1.072461e+02
  6.970480e-02,  1.077015e+02
  7.269212e-02,  1.096674e+02
  7.544286e-02,  1.098691e+02
  7.526983e-02,  1.073779e+02
  7.326193e-02,  1.049414e+02
  7.192149e-02,  1.051441e+02
  7.169574e-02,  1.061680e+02
  7.134411e-02,  1.049487e+02
  7.156376e-02,  1.029417e+02
  7.387465e-02,  1.042537e+02
  7.683973e-02,  1.084056e+02
  7.612016e-02,  1.109510e+02
  7.098171e-02,  1.098338e+02
  6.771515e-02,  1.076473e+02
  7.075281e-02,  1.077687e+02
  7.628054e-02,  1.080334e+02
  7.757888e-02,  1.057528e+02
  7.389447e-02,  1.031699e+02
  6.946998e-02,  1.050116e+02
  6.782892e-02,  1.101411e+02
  6.773218e-02,  1.109696e+02
  6.757444e-02,  1.056491e+02
  6.851612e-02,  1.014422e+02
  7.016152e-02,  1.039004e+02
  7.262553e-02,  1.088285e+02
  7.506363e-02,  1.098917e+02
  7.619122e-02,  1.077402e+02
  7.494287e-02,  1.067441e+02
  7.186173e-02,  1.074452e+02
  7.039246e-02,  1.065171e+02
  7.245153e-02,  1.036319e+02
  7.415838e-02,  1.025484e+02
  7.107670e-02,  1.044808e+02
  6.674740e-02,  1.068012e+02
  6.877701e-02,  1.063728e+02
  7.766926e-02,  1.041942e+02
  8.434650e-02,  1.023968e+02
  8.182066e-02,  1.013305e+02
  7.427768e-02,  1.022901e+02
  7.072431e-02,  1.069291e+02
  7.314754e-02,  1.116337e+02
  7.494634e-02,  1.109891e+02
  7.323747e-02,  1.049821e+02
  7.223728e-02,  9.964924e+01
  7.398288e-02,  1.007689e+02
  7.675465e-02,  1.053999e+02
  7.690666e-02,  1.078157e+02
  7.397025e-02,  1.074772e+02
  7.177034e-02,  1.073496e+02
  7.245839e-02,  1.076871e+02
  7.389292e-02,  1.054989e+02
  7.359457e-02,  1.009471e+02
  7.203757e-02,  9.863926e+01
  7.203339e-02,  1.018706e+02
  7.588499e-02,  1.072602e+02
  8.018971e-02,  1.099038e+02
  7.968517e-02,  1.098265e+02
  7.434673e-02,  1.088819e+02
  6.935055e-02,  1.073411e+02
  6.908015e-02,  1.049034e+02
  7.215193e-02,  1.032592e+02
  7.400105e-02,  1.042784e+02
  7.367769e-02,  1.076864e+02
  7.399233e-02,  1.113072e+02
  7.550331e-02,  1.132227e+02
  7.534282e-02,  1.133629e+02
  7.264754e-02,  1.120030e+02
  7.136058e-02,  1.094409e+02
  7.444154e-02,  1.075463e+02
  7.820672e-02,  1.077659e+02
  7.741302e-02,  1.087035e+02
  7.344129e-02,  1.077543e+02
  7.251359e-02,  1.047647e+02
  7.545374e-02,  1.036726e+02
  7.611606e-02,  1.063924e+02
  7.205731e-02,  1.101929e+02
  6.854442e-02,  1.104274e+02
  7.132318e-02,  1.067460e+02
  7.759849e-02,  1.047637e+02
  7.930873e-02,  1.064262e+02
  7.480664e-02,  1.086588e+02
  6.938734e-02,  1.076325e+02
  6.813260e-02,  1.042121e+02
  7.074056e-02,  1.034048e+02
  7.417917e-02,  1.057693e+02
  7.614612e-02,  1.073061e+02
  7.527827e-02,  1.058807e+02
  7.318812e-02,  1.038627e+02
  7.378261e-02,  1.047461e+02
  7.862138e-02,  1.073304e+02
  8.267456e-02,  1.074975e+02
  8.010408e-02,  1.045005e+02
  7.291527e-02,  1.017982e+02
  6.813944e-02,  1.045994e+02
  6.973581e-02,  1.115109e+02
  7.305654e-02,  1.145603e+02
  7.252578e-02,  1.109296e+02
  7.055720e-02,  1.048682e+02
  7.003284e-02,  1.033817e+02
  7.058642e-02,  1.070008e+02
  7.128402e-02,  1.097187e+02
  7.181858e-02,  1.083881e+02
  7.288823e-02,  1.060974e+02
  7.393294e-02,  1.059832e+02
  7.462189e-02,  1.065674e+02
  7.555286e-02,  1.057609e+02
  7.629652e-02,  1.050940e+02
  7.539927e-02,  1.064995e+02
  7.364438e-02,  1.080443e+02
  7.372609e-02,  1.066256e+02
  7.606025e-02,  1.042275e+02
  7.692396e-02,  1.054879e+02
  7.481608e-02,  1.104062e+02
  7.292646e-02,  1.134611e+02
  7.343650e-02,  1.104916e+02
  7.532637e-02,  1.052141e+02
  7.543346e-02,  1.030377e+02
  7.421129e-02,  1.044620e+02
  7.453652e-02,  1.064826e+02
  7.563231e-02,  1.072724e+02
  7.530130e-02,  1.073854e+02
  7.459588e-02,  1.069907e+02
  7.520081e-02,  1.060218e+02
  7.467109e-02,  1.059367e+02
  7.012684e-02,  1.078799e+02
  6.494688e-02,  1.097177e+02
  6.511504e-02,  1.077800e+02
  7.053980e-02,  1.045929e+02
  7.426211e-02,  1.052923e+02
  7.324635e-02,  1.094360e+02
  7.169958e-02,  1.114208e+02
  7.291837e-02,  1.076284e+02
  7.525450e-02,  1.025250e+02
  7.450666e-02,  1.012203e+02
  7.192531e-02,  1.035933e+02
  7.249740e-02,  1.061091e+02
  7.667531e-02,  1.068173e+02
  7.989905e-02,  1.069913e+02
  7.835883e-02,  1.077175e+02
  7.330790e-02,  1.089926e+02
  6.944455e-02,  1.102713e+02
  6.980713e-02,  1.101905e+02
  7.301068e-02,  1.078266e+02
  7.555737e-02,  1.048380e+02
  7.565125e-02,  1.044470e+02
  7.480378e-02,  1.078088e+02
  7.469560e-02,  1.114032e+02
  7.353351e-02,  1.109259e+02
  7.036110e-02,  1.066202e+02
  6.786129e-02,  1.027054e+02
  6.882728e-02,  1.025783e+02
  7.313677e-02,  1.044805e+02
  7.743411e-02,  1.049232e+02
  7.919306e-02,  1.032776e+02
  7.912554e-02,  1.015045e+02
  7.827390e-02,  1.019394e+02
  7.620045e-02,  1.047305e+02
  7.272680e-02,  1.074305e+02
  6.966990e-02,  1.071945e+02
  6.961422e-02,  1.040770e+02
  7.186159e-02,  1.014328e+02
  7.275046e-02,  1.015515e+02
  7.174545e-02,  1.041446e+02
  7.251660e-02,  1.074767e+02
  7.647463e-02,  1.095148e+02
  7.911454e-02,  1.098238e+02
  7.591957e-02,  1.093050e+02
  6.981504e-02,  1.087859e+02
  6.838599e-02,  1.082481e+02
  7.339870e-02,  1.070605e+02
  7.778525e-02,  1.054470e+02
  7.525556e-02,  1.043388e+02
  6.900782e-02,  1.044595e+02
  6.691311e-02,  1.053671e+02
  7.033055e-02,  1.057955e+02
  7.314939e-02,  1.058013e+02
  7.145324e-02,  1.059699e+02
  6.852769e-02,  1.059702e+02
  6.859274e-02,  1.052960e+02
  7.019731e-02,  1.048031e+02
  6.950660e-02,  1.057103e+02
  6.755881e-02,  1.079019e+02
  6.920519e-02,  1.094918e+02
  7.522291e-02,  1.088880e+02
  8.009764e-02,  1.067868e+02
  7.881107e-02,  1.046436e+02
  7.331862e-02,  1.038381e+02
  6.997874e-02,  1.048792e+02
  7.158696e-02,  1.057513e+02
  7.477078e-02,  1.046455e+02
  7.548112e-02,  1.031177e+02
  7.343325e-02,  1.039223e+02
  7.115492e-02,  1.069246e+02
  7.009890e-02,  1.082853e+02
  6.989536e-02,  1.060522e+02
  7.043770e-02,  1.033987e+02
  7.129841e-02,  1.037515e+02
  7.189435e-02,  1.059933e+02
  7.150284e-02,  1.071421e+02
  6.981346e-02,  1.069949e+02
  6.759342e-02,  1.072524e+02
  6.615787e-02,  1.075001e+02
  6.640578e-02,  1.056943e+02
  6.827560e-02,  1.029725e+02
  7.076909e-02,  1.030222e+02
  7.337934e-02,  1.061950e+02
  7.548334e-02,  1.087252e+02
  7.492890e-02,  1.084351e+02
  7.143976e-02,  1.073162e+02
  6.870351e-02,  1.076123e+02
  7.051915e-02,  1.079167e+02
  7.473175e-02,  1.071086e+02
  7.541335e-02,  1.081072e+02
  7.206735e-02,  1.121785e+02
  7.007135e-02,  1.131720e+02
  7.167586e-02,  1.060878e+02
  7.329440e-02,  9.964595e+01
  6.949332e-02,  1.035441e+02
  6.716860e-02,  1.121605e+02
  7.019472e-02,  1.083671e+02
  7.566968e-02,  9.756774e+01
  7.499484e-02,  9.935631e+01
  7.326472e-02,  1.142378e+02
  7.604655e-02,  1.162753e+02
  7.698575e-02,  1.005851e+02
  7.243429e-02,  9.490675e+01
  6.632833e-02,  1.122774e+02
  7.337143e-02,  1.135303e+02
  8.651828e-02,  8.830839e+01
  8.421749e-02,  8.154664e+01
  6.678035e-02,  1.236097e+02
  8.507497e-02,  1.410044e+02
  9.087996e-02,  9.362770e+01
  1.107114e-01,  6.527988e+01
  5.712460e-02,  1.171101e+02
  1.114562e-01,  1.657036e+02
  9.349054e-02,  9.996666e+01
  1.768232e-01,  4.924263e+01
  4.476774e-02,  1.003665e+02
  2.334093e-01,  -1.725570e+02
  1.172898e-01,  1.092754e+02
  4.454234e-01,  3.047309e+01
  1.932090e-01,  9.093200e+00
  4.842681e+00,  2.385547e+01
  1.184345e+01,  1.735859e+01
  1.302014e+01,  1.390418e+01
  1.314117e+01,  1.137729e+01
  1.330774e+01,  1.076327e+01
  1.273349e+01,  8.820722e+00
  1.147915e+01,  4.204920e+00
  1.004472e+01,  1.980106e-01
  8.178068e+00,  1.826844e+00
  5.591722e+00,  1.232149e+01
  2.932136e+00,  4.320797e+01
  2.668927e+00,  1.163031e+02
  4.994999e+00,  1.483078e+02
  7.916514e+00,  1.576434e+02
  1.099763e+01,  1.614064e+02
  1.357631e+01,  1.637358e+02
  1.541220e+01,  1.654599e+02
  1.722258e+01,  1.656130e+02
  1.960860e+01,  1.631557e+02
  2.200649e+01,  1.585489e+02
  2.353884e+01,  1.522824e+02
  2.433545e+01,  1.444405e+02
  2.491085e+01,  1.363811e+02
  2.509307e+01,  1.297965e+02
  2.453064e+01,  1.246270e+02
  2.307469e+01,  1.201541e+02
  2.065920e+01,  1.166214e+02
  1.755700e+01,  1.146225e+02
  1.418256e+01,  1.136807e+02
  1.061623e+01,  1.124994e+02
  6.806006e+00,  1.108375e+02
  2.847967e+00,  1.098922e+02
  1.122037e+00,  -6.994633e+01
  5.006757e+00,  -6.964606e+01
  8.628213e+00,  -7.090704e+01
  1.174262e+01,  -7.302505e+01
  1.431124e+01,  -7.479761e+01
  1.651338e+01,  -7.704068e+01
  1.828579e+01,  -8.138998e+01
  1.927431e+01,  -8.744542e+01
  1.948150e+01,  -9.359292e+01
  1.943369e+01,  -9.936043e+01
  1.928570e+01,  -1.051771e+02
  1.856645e+01,  -1.102460e+02
  1.734375e+01,  -1.125877e+02
  1.640403e+01,  -1.117997e+02
  1.591234e+01,  -1.098079e+02
  1.549353e+01,  -1.069236e+02
  1.518498e+01,  -1.025039e+02
  1.468895e+01,  -9.829061e+01
  1.331467e+01,  -9.523805e+01
  1.139338e+01,  -9.145592e+01
  9.693569e+00,  -8.628073e+01
  7.958449e+00,  -8.186576e+01
  5.998150e+00,  -7.696834e+01
  4.766907e+00,  -6.873695e+01
  4.209593e+00,  -6.691140e+01
  2.906673e+00,  -8.611386e+01
  2.408408e+00,  -1.563008e+02
  4.719067e+00,  1.648226e+02
  7.669076e+00,  1.533026e+02
  1.129705e+01,  1.478473e+02
  1.515107e+01,  1.443365e+02
  1.816571e+01,  1.410761e+02
  1.996858e+01,  1.371158e+02
  2.083249e+01,  1.320939e+02
  2.087382e+01,  1.258438e+02
  2.019626e+01,  1.181902e+02
  1.940548e+01,  1.096479e+02
  1.904406e+01,  1.021150e+02
  1.871183e+01,  9.743091e+01
  1.756788e+01,  9.609348e+01
  1.544851e+01,  9.839392e+01
  1.305508e+01,  1.047012e+02
  1.108647e+01,  1.142637e+02
  9.543594e+00,  1.265648e+02
  8.337159e+00,  1.442834e+02
  8.008943e+00,  1.678321e+02
  8.650395e+00,  -1.716711e+02
  9.298234e+00,  -1.586926e+02
  9.526174e+00,  -1.499982e+02
  9.661585e+00,  -1.432867e+02
  9.852617e+00,  -1.394356e+02
  9.734556e+00,  -1.395430e+02
  8.957850e+00,  -1.432322e+02
  7.647880e+00,  -1.507913e+02
  6.319529e+00,  -1.649940e+02
  5.496230e+00,  1.719401e+02
  5.390171e+00,  1.436198e+02
  5.983011e+00,  1.170046e+02
  7.105911e+00,  9.732659e+01
  8.315150e+00,  8.410385e+01
  9.266959e+00,  7.398652e+01
  9.832602e+00,  6.554748e+01
  9.822970e+00,  5.865013e+01
  9.180687e+00,  5.236580e+01
  8.153459e+00,  4.546867e+01
  6.898234e+00,  3.703147e+01
  5.553071e+00,  2.593040e+01
  4.510419e+00,  1.303083e+01
  3.884384e+00,  2.171076e+00
  3.452361e+00,  -6.213819e+00
  3.180374e+00,  -9.630505e+00
  3.281348e+00,  1.901908e+00
  4.302320e+00,  2.281327e+01
  6.196803e+00,  3.630469e+01
  8.407369e+00,  4.229507e+01
  1.074266e+01,  4.408905e+01
  1.304808e+01,  4.322967e+01
  1.502406e+01,  4.054669e+01
  1.650676e+01,  3.652894e+01
  1.753354e+01,  3.174748e+01
  1.817978e+01,  2.696280e+01
  1.854732e+01,  2.264688e+01
  1.860785e+01,  1.904152e+01
  1.803720e+01,  1.662370e+01
  1.665087e+01,  1.602625e+01
  1.468276e+01,  1.765397e+01
  1.236653e+01,  2.179364e+01
  9.841728e+00,  2.969362e+01
  7.559173e+00,  4.442626e+01
  6.233894e+00,  6.817086e+01
  6.219242e+00,  9.543152e+01
  7.227928e+00,  1.175403e+02
  8.749097e+00,  1.322657e+02
  1.024329e+01,  1.418443e+02
  1.129071e+01,  1.490604e+02
  1.172195e+01,  1.552680e+02
  1.143540e+01,  1.608637e+02
  1.028610e+01,  1.668503e+02
  8.492403e+00,  1.745157e+02
  6.756435e+00,  -1.774006e+02
  5.518701e+00,  -1.728567e+02
  4.626834e+00,  -1.710689e+02
  3.753295e+00,  -1.679601e+02
  2.819246e+00,  -1.684717e+02
  2.037054e+00,  1.760849e+02
  1.455267e+00,  1.548779e+02
  3.788246e-01,  1.304569e+02
  1.262831e+00,  -1.171952e+01
  2.896571e+00,  -3.856360e+00
  4.567422e+00,  3.758055e+00
  6.312269e+00,  5.676409e+00
  8.232782e+00,  6.374574e+00
  1.044294e+01,  1.001412e+01
  1.286472e+01,  1.548086e+01
  1.518166e+01,  2.001463e+01
  1.723017e+01,  2.277848e+01
  1.917414e+01,  2.410429e+01
  2.078090e+01,  2.371321e+01
  2.122701e+01,  2.084637e+01
  2.032151e+01,  1.567813e+01
  1.888704e+01,  1.007662e+01
  1.748330e+01,  6.087107e+00
  1.607581e+01,  3.965697e+00
  1.474905e+01,  3.728110e+00
  1.359133e+01,  5.916598e+00
  1.215336e+01,  9.433162e+00
  9.920183e+00,  1.244982e+01
  7.126546e+00,  1.538025e+01
  4.325799e+00,  2.234506e+01
  1.891009e+00,  5.157584e+01
  2.074174e+00,  1.394762e+02
  4.253079e+00,  1.607736e+02
  6.091391e+00,  1.636344e+02
  7.264604e+00,  1.640596e+02
  7.935247e+00,  1.657898e+02
  8.345475e+00,  1.679246e+02
  8.280288e+00,  1.684599e+02
  7.418555e+00,  1.685565e+02
  6.064078e+00,  1.721519e+02
  4.927604e+00,  -1.787155e+02
  4.187136e+00,  -1.686739e+02
  3.409755e+00,  -1.609521e+02
  2.488739e+00,  -1.512310e+02
  1.765879e+00,  -1.355061e+02
  1.367763e+00,  -1.235118e+02
  1.078577e+00,  -1.326198e+02
  1.098282e+00,  -1.666045e+02
  1.678219e+00,  1.701219e+02
  2.699874e+00,  1.657817e+02
  4.520242e+00,  1.685447e+02
  7.484729e+00,  1.707102e+02
  1.114230e+01,  1.713611e+02
  1.470031e+01,  1.722559e+02
  1.793399e+01,  1.745895e+02
  2.089672e+01,  1.779653e+02
  2.313017e+01,  -1.787939e+02
  2.406813e+01,  -1.761515e+02
  2.373867e+01,  -1.738827e+02
  2.239405e+01,  -1.720124e+02
  2.003386e+01,  -1.711530e+02
  1.673825e+01,  -1.718672e+02
  1.303553e+01,  -1.742028e+02
  9.593584e+00,  -1.779472e+02
  6.559362e+00,  1.765854e+02
  3.159974e+00,  1.588414e+02
  3.642438e+00,  4.889606e+01
  7.889690e-01,  -4.094321e+01
  4.966742e-01,  -1.540494e+02
  2.082053e-01,  7.196956e+01
  2.152838e-01,  4.590734e+01
  6.689956e-02,  -1.745590e+02
  1.247617e-01,  1.764075e+02
  1.088831e-01,  8.806133e+01
  1.259545e-01,  6.552176e+01
  5.980513e-02,  1.203931e+02
  8.400981e-02,  1.499786e+02
  8.708902e-02,  1.025565e+02
  9.827235e-02,  7.921654e+01
  6.841930e-02,  1.026079e+02
  7.014351e-02,  1.301202e+02
  7.534538e-02,  1.089916e+02
  8.029402e-02,  9.044113e+01
  6.831982e-02,  1.022460e+02
  6.844900e-02,  1.218715e+02
  7.478453e-02,  1.143065e+02
  7.957906e-02,  1.008026e+02
  7.625057e-02,  1.020532e+02
  7.237977e-02,  1.107986e+02
  7.222878e-02,  1.090702e+02
  7.290229e-02,  1.004625e+02
  7.170736e-02,  9.871629e+01
  6.968853e-02,  1.039665e+02
  6.859860e-02,  1.067492e+02
  6.721013e-02,  1.053869e+02
  6.746505e-02,  1.057405e+02
  7.117686e-02,  1.082428e+02
  7.489216e-02,  1.080639e+02
  7.458481e-02,  1.046588e+02
  7.260420e-02,  1.017500e+02
  7.327751e-02,  1.021984e+02
  7.601130e-02,  1.043853e+02
  7.659054e-02,  1.057194e+02
  7.474422e-02,  1.057196e+02
  7.396513e-02,  1.051508e+02
  7.429854e-02,  1.050061e+02
  7.236151e-02,  1.056669e+02
  6.831844e-02,  1.066205e+02
  6.634237e-02,  1.068422e+02
  6.764118e-02,  1.062584e+02
  6.873301e-02,  1.058157e+02
  6.785383e-02,  1.054226e+02
  6.791399e-02,  1.038590e+02
  7.106611e-02,  1.014239e+02
  7.445372e-02,  1.005717e+02
  7.443192e-02,  1.025756e+02
  7.181509e-02,  1.055981e+02
  6.943476e-02,  1.060553e+02
  6.869720e-02,  1.035471e+02
  6.948758e-02,  1.019210e+02
  7.124028e-02,  1.030320e+02
  7.341267e-02,  1.041353e+02
  7.456320e-02,  1.032813e+02
  7.369499e-02,  1.027068e+02
  7.162418e-02,  1.046571e+02
  7.041633e-02,  1.067289e+02
  7.085698e-02,  1.054659e+02
  7.220905e-02,  1.030814e+02
  7.263131e-02,  1.038374e+02
  7.148637e-02,  1.065292e+02
  6.984547e-02,  1.061088e+02
  6.960513e-02,  1.020336e+02
  7.116526e-02,  9.966638e+01
  7.258988e-02,  1.011418e+02
  7.268276e-02,  1.031296e+02
  7.148542e-02,  1.039809e+02
  7.063383e-02,  1.061969e+02
  7.241514e-02,  1.098459e+02
  7.630906e-02,  1.099539e+02
  7.872240e-02,  1.049736e+02
  7.684850e-02,  9.970513e+01
  7.114734e-02,  9.935495e+01
  6.748553e-02,  1.036809e+02
  6.914617e-02,  1.066840e+02
  7.118714e-02,  1.061172e+02
  6.923389e-02,  1.046586e+02
  6.677645e-02,  1.037014e+02
  6.985776e-02,  1.027731e+02
  7.628534e-02,  1.022098e+02
  7.746606e-02,  1.028868e+02
  7.173613e-02,  1.048607e+02
  6.787148e-02,  1.073555e+02
  7.215824e-02,  1.092645e+02
  7.872120e-02,  1.102095e+02
  7.788712e-02,  1.097665e+02
  7.012095e-02,  1.072969e+02
  6.500364e-02,  1.045962e+02
  6.753579e-02,  1.055843e+02
  7.314446e-02,  1.089122e+02
  7.489771e-02,  1.100189e+02
  7.196844e-02,  1.068782e+02
  6.919935e-02,  1.022528e+02
  6.874407e-02,  1.018007e+02
  6.903098e-02,  1.063283e+02
  6.844328e-02,  1.107942e+02
  6.680447e-02,  1.106808e+02
  6.696405e-02,  1.069237e+02
  7.047333e-02,  1.045934e+02
  7.410709e-02,  1.053164e+02
  7.400661e-02,  1.062262e+02
  7.069104e-02,  1.051302e+02
  6.884065e-02,  1.033323e+02
  7.076613e-02,  1.035872e+02
  7.355730e-02,  1.054823e+02
  7.364651e-02,  1.068785e+02
  7.168602e-02,  1.072092e+02
  7.089185e-02,  1.074517e+02
  7.209302e-02,  1.082355e+02
  7.340223e-02,  1.090646e+02
  7.350858e-02,  1.092312e+02
  7.276169e-02,  1.080753e+02
  7.186914e-02,  1.052046e+02
  7.149166e-02,  1.017092e+02
  7.207065e-02,  1.001335e+02
  7.322157e-02,  1.014833e+02
  7.386608e-02,  1.037111e+02
  7.353324e-02,  1.048548e+02
  7.392017e-02,  1.056966e+02
  7.678656e-02,  1.074962e+02
  8.042859e-02,  1.087528e+02
  8.082683e-02,  1.075166e+02
  7.711955e-02,  1.047672e+02
  7.267999e-02,  1.038649e+02
  7.107668e-02,  1.059993e+02
  7.232773e-02,  1.077162e+02
  7.351904e-02,  1.067972e+02
  7.331792e-02,  1.057060e+02
  7.251135e-02,  1.075783e+02
  7.195440e-02,  1.114154e+02
  7.113351e-02,  1.130525e+02
  7.029889e-02,  1.104263e+02
  7.144597e-02,  1.061630e+02
  7.407790e-02,  1.044500e+02
  7.544717e-02,  1.058529e+02
  7.484706e-02,  1.076498e+02
  7.408308e-02,  1.071492e+02
  7.449737e-02,  1.044818e+02
  7.477252e-02,  1.020332e+02
  7.339561e-02,  1.012379e+02
  7.197516e-02,  1.017814e+02
  7.304457e-02,  1.029927e+02
  7.587835e-02,  1.048764e+02
  7.683479e-02,  1.074174e+02
  7.365850e-02,  1.095866e+02
  6.849026e-02,  1.096154e+02
  6.657784e-02,  1.071752e+02
  7.085260e-02,  1.054330e+02
  7.779666e-02,  1.069044e+02
  8.095261e-02,  1.102076e+02
  7.780128e-02,  1.125042e+02
  7.295248e-02,  1.115858e+02
  7.318021e-02,  1.085734e+02
  7.818948e-02,  1.073615e+02
  8.092185e-02,  1.084116e+02
  7.731305e-02,  1.090600e+02
  7.129276e-02,  1.072553e+02
  6.927255e-02,  1.045200e+02
  7.157560e-02,  1.043091e+02
  7.361957e-02,  1.064159e+02
  7.285839e-02,  1.083106e+02
  7.093128e-02,  1.086309e+02
  7.007602e-02,  1.078929e+02
  6.985314e-02,  1.068926e+02
  6.887923e-02,  1.055947e+02
  6.772566e-02,  1.042930e+02
  6.822717e-02,  1.041714e+02
  7.107274e-02,  1.054761e+02
  7.494643e-02,  1.065640e+02
  7.725785e-02,  1.059264e+02
  7.588295e-02,  1.038333e+02
  7.114154e-02,  1.019941e+02
  6.679983e-02,  1.022571e+02
  6.755915e-02,  1.044475e+02
  7.334398e-02,  1.060565e+02
  7.839684e-02,  1.059916e+02
  7.837081e-02,  1.051512e+02
  7.551876e-02,  1.046399e+02
  7.462667e-02,  1.049887e+02
  7.598539e-02,  1.058749e+02
  7.603207e-02,  1.066151e+02
  7.395146e-02,  1.067182e+02
  7.312983e-02,  1.063432e+02
  7.531022e-02,  1.064920e+02
  7.737584e-02,  1.075154e+02
  7.591036e-02,  1.082359e+02
  7.221635e-02,  1.072271e+02
  7.059698e-02,  1.049571e+02
  7.248878e-02,  1.037618e+02
  7.499855e-02,  1.042001e+02
  7.492460e-02,  1.046385e+02
  7.212586e-02,  1.040314e+02
  6.918921e-02,  1.030648e+02
  6.845890e-02,  1.028295e+02
  6.989961e-02,  1.031923e+02
  7.144159e-02,  1.036143e+02
  7.123156e-02,  1.042851e+02
  6.972880e-02,  1.055187e+02
  6.941935e-02,  1.070167e+02
  7.195175e-02,  1.080380e+02
  7.553120e-02,  1.078278e+02
  7.630708e-02,  1.057907e+02
  7.334068e-02,  1.022727e+02
  7.043505e-02,  1.000322e+02
  7.151262e-02,  1.023293e+02
  7.586664e-02,  1.073045e+02
  7.798759e-02,  1.105485e+02
  7.483803e-02,  1.109193e+02
  7.040813e-02,  1.102334e+02
  6.935673e-02,  1.099701e+02
  7.100080e-02,  1.085001e+02
  7.221887e-02,  1.044562e+02
  7.246993e-02,  1.004340e+02
  7.252826e-02,  1.003766e+02
  7.265325e-02,  1.038608e+02
  7.213318e-02,  1.065384e+02
  7.053569e-02,  1.062920e+02
  6.945150e-02,  1.054103e+02
  7.061216e-02,  1.062895e+02
  7.409443e-02,  1.073014e+02
  7.756291e-02,  1.058705e+02
  7.783445e-02,  1.026822e+02
  7.402682e-02,  1.008282e+02
  7.009597e-02,  1.029960e+02
  7.201063e-02,  1.077652e+02
  7.872001e-02,  1.101961e+02
  8.178323e-02,  1.089232e+02
  7.661775e-02,  1.057985e+02
  6.846029e-02,  1.034421e+02
  6.568763e-02,  1.041273e+02
  6.984297e-02,  1.066984e+02
  7.481014e-02,  1.085333e+02
  7.550718e-02,  1.088934e+02
  7.314625e-02,  1.077615e+02
  7.131104e-02,  1.056234e+02
  7.086144e-02,  1.039444e+02
  7.026147e-02,  1.037789e+02
  6.868523e-02,  1.046054e+02
  6.700396e-02,  1.055040e+02
  6.699834e-02,  1.068152e+02
  6.998742e-02,  1.090823e+02
  7.473601e-02,  1.109376e+02
  7.719047e-02,  1.106701e+02
  7.485261e-02,  1.083939e+02
  7.057551e-02,  1.058067e+02
  6.972894e-02,  1.048437e+02
  7.375221e-02,  1.056994e+02
  7.804447e-02,  1.071489e+02
  7.755974e-02,  1.081677e+02
  7.306429e-02,  1.077041e+02
  6.965756e-02,  1.055981e+02
  6.987922e-02,  1.045557e+02
  7.145298e-02,  1.069298e+02
  7.225439e-02,  1.105611e+02
  7.254723e-02,  1.109622e+02
  7.341799e-02,  1.071843e+02
  7.425410e-02,  1.035238e+02
  7.300400e-02,  1.036152e+02
  7.076460e-02,  1.065247e+02
  7.020165e-02,  1.087754e+02
  7.119098e-02,  1.089718e+02
  7.168022e-02,  1.084454e+02
  7.125488e-02,  1.078690e+02
  7.195384e-02,  1.066065e+02
  7.484297e-02,  1.047919e+02
  7.756755e-02,  1.038105e+02
  7.698000e-02,  1.047732e+02
  7.338184e-02,  1.077818e+02
  7.027811e-02,  1.112545e+02
  7.000483e-02,  1.121756e+02
  7.167283e-02,  1.095920e+02
  7.305072e-02,  1.062184e+02
  7.312069e-02,  1.052372e+02
  7.375556e-02,  1.068163e+02
  7.668079e-02,  1.079639e+02
  7.939977e-02,  1.068513e+02
  7.799128e-02,  1.047700e+02
  7.322485e-02,  1.034549e+02
  7.096743e-02,  1.031931e+02
  7.403368e-02,  1.032414e+02
  7.695586e-02,  1.036029e+02
  7.361973e-02,  1.046951e+02
  6.737606e-02,  1.058486e+02
  6.707190e-02,  1.054363e+02
  7.373432e-02,  1.039813e+02
  7.818555e-02,  1.033148e+02
  7.459344e-02,  1.035571e+02
  6.942818e-02,  1.040269e+02
  7.144492e-02,  1.048926e+02
  7.840865e-02,  1.070738e+02
  8.100973e-02,  1.103200e+02
  7.661366e-02,  1.128079e+02
  7.150377e-02,  1.115112e+02
  7.102595e-02,  1.060920e+02
  7.287041e-02,  1.011985e+02
  7.226906e-02,  1.008756e+02
  7.055429e-02,  1.057270e+02
  7.165721e-02,  1.116091e+02
  7.413748e-02,  1.130508e+02
  7.519284e-02,  1.096530e+02
  7.553145e-02,  1.053488e+02
  7.578476e-02,  1.040001e+02
  7.507373e-02,  1.055247e+02
  7.320578e-02,  1.072832e+02
  7.160752e-02,  1.076883e+02
  7.164207e-02,  1.070329e+02
  7.297423e-02,  1.057247e+02
  7.470463e-02,  1.038849e+02
  7.601590e-02,  1.027767e+02
  7.542627e-02,  1.040384e+02
  7.260384e-02,  1.070727e+02
  7.011553e-02,  1.084840e+02
  7.097943e-02,  1.059441e+02
  7.450083e-02,  1.024356e+02
  7.594748e-02,  1.019478e+02
  7.350630e-02,  1.046366e+02
  7.036449e-02,  1.073078e+02
  6.912500e-02,  1.069188e+02
  6.997317e-02,  1.047436e+02
  7.238051e-02,  1.042631e+02
  7.545872e-02,  1.060412e+02
  7.660060e-02,  1.075756e+02
  7.371449e-02,  1.072032e+02
  6.990627e-02,  1.060204e+02
  7.001767e-02,  1.062640e+02
  7.278824e-02,  1.073468e+02
  7.214932e-02,  1.069289e+02
  6.739284e-02,  1.049683e+02
  6.498805e-02,  1.043921e+02
  6.813932e-02,  1.065126e+02
  7.157118e-02,  1.080200e+02
  7.026080e-02,  1.067908e+02
  6.809621e-02,  1.044565e+02
  7.056872e-02,  1.041837e+02
  7.520671e-02,  1.055459e+02
  7.588898e-02,  1.061804e+02
  7.331376e-02,  1.057581e+02
  7.369069e-02,  1.054999e+02
  7.782233e-02,  1.058994e+02
  7.957162e-02,  1.066742e+02
  7.603287e-02,  1.082365e+02
  7.212515e-02,  1.103045e+02
  7.227981e-02,  1.103635e+02
  7.415319e-02,  1.075603e+02
  7.362770e-02,  1.049075e+02
  7.080300e-02,  1.052506e+02
  6.871634e-02,  1.070961e+02
  6.773235e-02,  1.063700e+02
  6.679556e-02,  1.036054e+02
  6.725616e-02,  1.038421e+02
  7.142547e-02,  1.081625e+02
  7.726199e-02,  1.111047e+02
  7.869117e-02,  1.095435e+02
  7.491902e-02,  1.053838e+02
  7.123666e-02,  1.024470e+02
  7.163470e-02,  1.024176e+02
  7.413911e-02,  1.035914e+02
  7.386551e-02,  1.051114e+02
  7.023549e-02,  1.074842e+02
  6.780724e-02,  1.094444e+02
  6.984579e-02,  1.087247e+02
  7.432608e-02,  1.067564e+02
  7.632343e-02,  1.065532e+02
  7.404103e-02,  1.080687e+02
  7.075093e-02,  1.085197e+02
  7.040292e-02,  1.066213e+02
  7.271616e-02,  1.048623e+02
  7.356179e-02,  1.045408e+02
  7.124493e-02,  1.037541e+02
  6.944490e-02,  1.015803e+02
  7.194356e-02,  1.008905e+02
  7.650227e-02,  1.033912e+02
  7.751859e-02,  1.065302e+02
  7.367189e-02,  1.077496e+02
  7.086135e-02,  1.072674e+02
  7.395822e-02,  1.072787e+02
  7.876545e-02,  1.079621e+02
  7.738377e-02,  1.077302e+02
  6.994038e-02,  1.059918e+02
  6.531032e-02,  1.042565e+02
  6.909936e-02,  1.050737e+02
  7.652381e-02,  1.081023e+02
  7.922373e-02,  1.112067e+02
  7.567415e-02,  1.118996e+02
  7.205448e-02,  1.079988e+02
  7.371274e-02,  1.022780e+02
  7.755039e-02,  1.005321e+02
  7.796458e-02,  1.032307e+02
  7.475576e-02,  1.064187e+02
  7.094679e-02,  1.067799e+02
  6.861979e-02,  1.057722e+02
  6.720649e-02,  1.065751e+02
  6.591527e-02,  1.080830e+02
  6.538345e-02,  1.072289e+02
  6.634213e-02,  1.052257e+02
  6.767173e-02,  1.058141e+02
  6.820054e-02,  1.085669e+02
  6.877114e-02,  1.095929e+02
  7.118874e-02,  1.080111e+02
  7.542560e-02,  1.073438e+02
  7.857696e-02,  1.090204e+02
  7.816410e-02,  1.102358e+02
  7.462864e-02,  1.083196e+02
  7.084859e-02,  1.045864e+02
  6.844017e-02,  1.031749e+02
  6.743279e-02,  1.055904e+02
  6.814038e-02,  1.091387e+02
  7.007857e-02,  1.105487e+02
  7.177263e-02,  1.088812e+02
  7.257258e-02,  1.052911e+02
  7.358329e-02,  1.022435e+02
  7.582286e-02,  1.021053e+02
  7.812653e-02,  1.046830e+02
  7.784270e-02,  1.076749e+02
  7.442190e-02,  1.093137e+02
  7.121040e-02,  1.094349e+02
  7.143602e-02,  1.091362e+02
  7.413642e-02,  1.092959e+02
  7.613032e-02,  1.093748e+02
  7.616513e-02,  1.079525e+02
  7.526163e-02,  1.044859e+02
  7.406455e-02,  1.011988e+02
  7.227722e-02,  1.018289e+02
  7.177495e-02,  1.071189e+02
  7.478140e-02,  1.120659e+02
  7.840556e-02,  1.119791e+02
  7.843022e-02,  1.082733e+02
  7.434905e-02,  1.050747e+02
  6.982878e-02,  1.046999e+02
  6.907563e-02,  1.055211e+02
  7.167948e-02,  1.049181e+02
  7.386389e-02,  1.035556e+02
  7.378474e-02,  1.037242e+02
  7.339283e-02,  1.063929e+02
  7.479983e-02,  1.100615e+02
  7.649318e-02,  1.122839e+02
  7.550611e-02,  1.118809e+02
  7.178099e-02,  1.090849e+02
  6.791113e-02,  1.054849e+02
  6.567946e-02,  1.034539e+02
  6.548806e-02,  1.041247e+02
  6.795324e-02,  1.066134e+02
  7.278697e-02,  1.090589e+02
  7.671113e-02,  1.099068e+02
  7.583533e-02,  1.084073e+02
  7.101502e-02,  1.050793e+02
  6.768006e-02,  1.030515e+02
  6.938251e-02,  1.055029e+02
  7.414633e-02,  1.098326e+02
  7.635985e-02,  1.113217e+02
  7.398470e-02,  1.087404e+02
  7.100878e-02,  1.045475e+02
  7.099977e-02,  1.019761e+02
  7.331823e-02,  1.008707e+02
  7.510389e-02,  9.986774e+01
  7.477504e-02,  1.000710e+02
  7.358836e-02,  1.028762e+02
  7.358490e-02,  1.061851e+02
  7.426972e-02,  1.065809e+02
  7.407552e-02,  1.045625e+02
  7.279609e-02,  1.035100e+02
  7.145183e-02,  1.048388e+02
  7.089884e-02,  1.066092e+02
  7.084413e-02,  1.071977e+02
  7.126116e-02,  1.073979e+02
  7.273072e-02,  1.079379e+02
  7.470391e-02,  1.079981e+02
  7.517041e-02,  1.073347e+02
  7.350229e-02,  1.073723e+02
  7.245553e-02,  1.090268e+02
  7.480813e-02,  1.104395e+02
  7.812107e-02,  1.094771e+02
  7.690824e-02,  1.068450e+02
  7.038014e-02,  1.043956e+02
  6.516844e-02,  1.031624e+02
  6.762497e-02,  1.027408e+02
  7.496344e-02,  1.027150e+02
  7.853455e-02,  1.036254e+02
  7.532480e-02,  1.053605e+02
  7.118890e-02,  1.060898e+02
  7.198210e-02,  1.044637e+02
  7.580268e-02,  1.027385e+02
  7.619927e-02,  1.031350e+02
  7.157642e-02,  1.050141e+02
  6.687377e-02,  1.061909e+02
  6.662343e-02,  1.057296e+02
  6.971236e-02,  1.050453e+02
  7.184524e-02,  1.049482e+02
  7.163685e-02,  1.050962e+02
  7.153473e-02,  1.053763e+02
  7.296041e-02,  1.054855e+02
  7.361841e-02,  1.045818e+02
  7.146682e-02,  1.031600e+02
  6.883695e-02,  1.040266e+02
  6.991561e-02,  1.083276e+02
  7.406908e-02,  1.115181e+02
  7.556464e-02,  1.098002e+02
  7.310861e-02,  1.049165e+02
  7.084514e-02,  1.021298e+02
  7.133772e-02,  1.037733e+02
  7.294214e-02,  1.058770e+02
  7.335849e-02,  1.052521e+02
  7.435503e-02,  1.035216e+02
  7.710207e-02,  1.035191e+02
  7.765791e-02,  1.050903e+02
  7.277777e-02,  1.067714e+02
  6.708699e-02,  1.076216e+02
  6.775035e-02,  1.065342e+02
  7.345633e-02,  1.036059e+02
  7.618197e-02,  1.009246e+02
  7.351359e-02,  1.008747e+02
  7.171821e-02,  1.039005e+02
  7.392159e-02,  1.064096e+02
  7.433618e-02,  1.062696e+02
  6.985828e-02,  1.056892e+02
  6.684190e-02,  1.068408e+02
  7.067974e-02,  1.078194e+02
  7.560833e-02,  1.065597e+02
  7.348028e-02,  1.048859e+02
  6.720727e-02,  1.051597e+02
  6.708488e-02,  1.065080e+02
  7.493611e-02,  1.059738e+02
  8.134412e-02,  1.048883e+02
  7.926850e-02,  1.057439e+02
  7.302541e-02,  1.077196e+02
  7.046282e-02,  1.066035e+02
  7.298427e-02,  1.022432e+02
  7.549505e-02,  1.001094e+02
  7.387331e-02,  1.027001e+02
  7.042507e-02,  1.071586e+02
  6.945303e-02,  1.088104e+02
  7.330313e-02,  1.073089e+02
  8.012523e-02,  1.058572e+02
  8.393307e-02,  1.052607e+02
  8.050949e-02,  1.043508e+02
  7.265614e-02,  1.028693e+02
  6.734543e-02,  1.021112e+02
  6.786150e-02,  1.028027e+02
  7.144492e-02,  1.037863e+02
  7.439315e-02,  1.044565e+02
  7.603965e-02,  1.052708e+02
  7.670131e-02,  1.060810e+02
  7.580729e-02,  1.057095e+02
  7.430646e-02,  1.036548e+02
  7.499683e-02,  1.019093e+02
  7.774497e-02,  1.031861e+02
  7.853359e-02,  1.070758e+02
  7.481512e-02,  1.107860e+02
  6.969562e-02,  1.118305e+02
  6.875172e-02,  1.104087e+02
  7.240496e-02,  1.090674e+02
  7.544680e-02,  1.082094e+02
  7.444252e-02,  1.065321e+02
  7.125987e-02,  1.044000e+02
  6.895066e-02,  1.038689e+02
  6.822434e-02,  1.051469e+02
  6.883045e-02,  1.061338e+02
  7.144224e-02,  1.062140e+02
  7.634665e-02,  1.067446e+02
  8.115491e-02,  1.076209e+02
  8.229959e-02,  1.070095e+02
  7.920211e-02,  1.042274e+02
  7.501964e-02,  1.013031e+02
  7.276698e-02,  1.010827e+02
  7.306534e-02,  1.033313e+02
  7.427143e-02,  1.053684e+02
  7.422511e-02,  1.058630e+02
  7.263214e-02,  1.054158e+02
  7.123036e-02,  1.052080e+02
  7.172670e-02,  1.060816e+02
  7.356433e-02,  1.076249e+02
  7.424956e-02,  1.080520e+02
  7.275969e-02,  1.059616e+02
  7.144320e-02,  1.029079e+02
  7.220863e-02,  1.030207e+02
  7.380644e-02,  1.071100e+02
  7.378752e-02,  1.107804e+02
  7.185780e-02,  1.097857e+02
  7.169121e-02,  1.052962e+02
  7.427184e-02,  1.031017e+02
  7.506989e-02,  1.050105e+02
  7.133752e-02,  1.073112e+02
  6.655603e-02,  1.058883e+02
  6.720147e-02,  1.015766e+02
  7.323998e-02,  9.982733e+01
  7.727912e-02,  1.019964e+02
  7.458538e-02,  1.058514e+02
  6.873222e-02,  1.091246e+02
  6.720644e-02,  1.100235e+02
  7.249890e-02,  1.086413e+02
  7.917637e-02,  1.066219e+02
  8.045455e-02,  1.048395e+02
  7.591266e-02,  1.036097e+02
  7.085816e-02,  1.032546e+02
  6.936661e-02,  1.035040e+02
  7.042884e-02,  1.034837e+02
  7.120864e-02,  1.032026e+02
  7.141518e-02,  1.039079e+02
  7.244442e-02,  1.063178e+02
  7.360574e-02,  1.087671e+02
  7.224689e-02,  1.086857e+02
  6.889345e-02,  1.056678e+02
  6.790785e-02,  1.032911e+02
  7.125600e-02,  1.054547e+02
  7.608711e-02,  1.098491e+02
  7.763427e-02,  1.113864e+02
  7.540456e-02,  1.080557e+02
  7.354088e-02,  1.029715e+02
  7.330812e-02,  1.016888e+02
  7.337070e-02,  1.052289e+02
  7.371860e-02,  1.094888e+02
  7.392431e-02,  1.102986e+02
  7.302798e-02,  1.074258e+02
  7.164477e-02,  1.040130e+02
  7.186492e-02,  1.036229e+02
  7.411052e-02,  1.066546e+02
  7.470381e-02,  1.101471e+02
  7.065620e-02,  1.114321e+02
  6.618714e-02,  1.094816e+02
  6.745786e-02,  1.058863e+02
  7.232936e-02,  1.036946e+02
  7.357267e-02,  1.038862e+02
  7.043023e-02,  1.063387e+02
  6.868030e-02,  1.094016e+02
  7.002132e-02,  1.094949e+02
  7.082762e-02,  1.057849e+02
  7.074216e-02,  1.019174e+02
  7.313863e-02,  1.026375e+02
  7.823900e-02,  1.070482e+02
  7.992977e-02,  1.101616e+02
  7.437668e-02,  1.101899e+02
  6.756215e-02,  1.092962e+02
  6.652013e-02,  1.102252e+02
  6.968222e-02,  1.109934e+02
  7.092692e-02,  1.085718e+02
  6.949428e-02,  1.043176e+02
  6.877479e-02,  1.026961e+02
  7.001206e-02,  1.047343e+02
  7.200919e-02,  1.063209e+02
  7.419848e-02,  1.052329e+02
  7.717187e-02,  1.040995e+02
  7.915027e-02,  1.055572e+02
  7.761037e-02,  1.084413e+02
  7.369849e-02,  1.099301e+02
  7.186357e-02,  1.088647e+02
  7.399525e-02,  1.069192e+02
  7.663623e-02,  1.057121e+02
  7.643011e-02,  1.052119e+02
  7.461842e-02,  1.052197e+02
  7.415883e-02,  1.055510e+02
  7.524445e-02,  1.055381e+02
  7.567938e-02,  1.051903e+02
  7.395811e-02,  1.059352e+02
  7.070402e-02,  1.087957e+02
  6.805708e-02,  1.120567e+02
  6.776311e-02,  1.126122e+02
  6.974838e-02,  1.104269e+02
  7.147706e-02,  1.080995e+02
  7.064340e-02,  1.064852e+02
  6.904449e-02,  1.048144e+02
  6.996305e-02,  1.039131e+02
  7.268152e-02,  1.056130e+02
  7.394905e-02,  1.088662e+02
  7.328452e-02,  1.101083e+02
  7.340457e-02,  1.076727e+02
  7.503390e-02,  1.051792e+02
  7.476267e-02,  1.067313e+02
  7.221856e-02,  1.112095e+02
  7.112770e-02,  1.129742e+02
  7.295078e-02,  1.091987e+02
  7.457548e-02,  1.044824e+02
  7.213605e-02,  1.036509e+02
  6.894445e-02,  1.062127e+02
  7.100864e-02,  1.067622e+02
  7.679044e-02,  1.034043e+02
  7.842283e-02,  1.006613e+02
  7.211144e-02,  1.022078e+02
  6.520854e-02,  1.066735e+02
  6.577278e-02,  1.067722e+02
  7.224780e-02,  1.014080e+02
  7.645774e-02,  9.770099e+01
  7.394377e-02,  9.960956e+01
  7.058623e-02,  1.051742e+02
  7.123718e-02,  1.079968e+02
  7.252287e-02,  1.064062e+02
  7.083553e-02,  1.044525e+02
  6.857746e-02,  1.046940e+02
  7.025258e-02,  1.053433e+02
  7.414671e-02,  1.039896e+02
  7.459640e-02,  1.015403e+02
  7.093084e-02,  1.002301e+02
  6.845616e-02,  1.014650e+02
  7.013596e-02,  1.042612e+02
  7.217298e-02,  1.065551e+02
  7.046995e-02,  1.075152e+02
  6.686347e-02,  1.070725e+02
  6.577528e-02,  1.059129e+02
  6.797369e-02,  1.054379e+02
  7.072133e-02,  1.062589e+02
  7.204207e-02,  1.080172e+02
  7.211890e-02,  1.101164e+02
  7.168495e-02,  1.116546e+02
  7.106991e-02,  1.113045e+02
  7.059065e-02,  1.083936e+02
  7.038653e-02,  1.043436e+02
  6.976362e-02,  1.018855e+02
  6.862233e-02,  1.024859e+02
  6.881512e-02,  1.049567e+02
  7.174061e-02,  1.065321e+02
  7.578150e-02,  1.059829e+02
  7.740172e-02,  1.044056e+02
  7.454897e-02,  1.032415e+02
  6.936366e-02,  1.030090e+02
  6.675327e-02,  1.031281e+02
  6.930550e-02,  1.027878e+02
  7.417354e-02,  1.022267e+02
  7.610774e-02,  1.022158e+02
  7.361878e-02,  1.032032e+02
  7.062596e-02,  1.050460e+02
  7.103463e-02,  1.068454e+02
  7.337306e-02,  1.080161e+02
  7.316681e-02,  1.090755e+02
  6.989900e-02,  1.103097e+02
  6.836323e-02,  1.104923e+02
  7.186988e-02,  1.086722e+02
  7.676885e-02,  1.067071e+02
  7.656592e-02,  1.063810e+02
  7.107490e-02,  1.068509e+02
  6.691160e-02,  1.057885e+02
  6.859623e-02,  1.040377e+02
  7.298629e-02,  1.051597e+02
  7.495140e-02,  1.083101e+02
  7.364156e-02,  1.088406e+02
  7.170769e-02,  1.051144e+02
  7.076753e-02,  1.024470e+02
  6.972910e-02,  1.050147e+02
  6.909722e-02,  1.082984e+02
  6.927689e-02,  1.060788e+02
  7.011819e-02,  1.011994e+02
  7.008403e-02,  1.010706e+02
  6.944971e-02,  1.058792e+02
  6.948533e-02,  1.083593e+02
  6.927903e-02,  1.051400e+02
  6.899786e-02,  1.013470e+02
  6.976844e-02,  1.021443e+02
  7.308815e-02,  1.054591e+02
  7.701103e-02,  1.068181e+02
  7.761220e-02,  1.063325e+02
  7.459808e-02,  1.061104e+02
  7.170880e-02,  1.060804e+02
  7.177144e-02,  1.050098e+02
  7.339786e-02,  1.042314e+02
  7.384320e-02,  1.057679e+02
  7.330101e-02,  1.081223e+02
  7.323207e-02,  1.075519e+02
  7.337363e-02,  1.041321e+02
  7.214183e-02,  1.024422e+02
  7.003877e-02,  1.052309e+02
  7.035445e-02,  1.092052e+02
  7.298391e-02,  1.094840e+02
  7.473797e-02,  1.069689e+02
  7.441741e-02,  1.056582e+02
  7.433335e-02,  1.069609e+02
  7.614512e-02,  1.086163e+02
  7.716114e-02,  1.088351e+02
  7.487521e-02,  1.084267e+02
  7.173336e-02,  1.085665e+02
  7.169375e-02,  1.093434e+02
  7.394571e-02,  1.103478e+02
  7.426189e-02,  1.109369e+02
  7.193896e-02,  1.094453e+02
  7.098092e-02,  1.051643e+02
  7.256560e-02,  1.018807e+02
  7.148653e-02,  1.034139e+02
  6.579935e-02,  1.080805e+02
  6.163465e-02,  1.092788e+02
  6.600932e-02,  1.045174e+02
  7.597794e-02,  1.019470e+02
  7.968478e-02,  1.048777e+02
  7.389761e-02,  1.091969e+02
  6.750560e-02,  1.085051e+02
  6.996415e-02,  1.030440e+02
  7.768350e-02,  1.012266e+02
  7.997252e-02,  1.041682e+02
  7.546365e-02,  1.074510e+02
  7.081418e-02,  1.074454e+02
  7.016626e-02,  1.052818e+02
  7.115683e-02,  1.039114e+02
  7.207611e-02,  1.030646e+02
  7.505101e-02,  1.022378e+02
  7.931574e-02,  1.028724e+02
  7.943226e-02,  1.050210e+02
  7.353419e-02,  1.060645e+02
  6.774391e-02,  1.035060e+02
  6.849610e-02,  1.000842e+02
  7.332293e-02,  1.005760e+02
  7.632638e-02,  1.038006e+02
  7.623406e-02,  1.060233e+02
  7.507549e-02,  1.058587e+02
  7.350644e-02,  1.049329e+02
  7.085989e-02,  1.042376e+02
  6.872341e-02,  1.027662e+02
  6.957744e-02,  1.011467e+02
  7.239125e-02,  1.023766e+02
  7.399626e-02,  1.065876e+02
  7.298308e-02,  1.096133e+02
  7.041646e-02,  1.076720e+02
  6.962533e-02,  1.031313e+02
  7.205204e-02,  1.024794e+02
  7.628896e-02,  1.061235e+02
  7.909706e-02,  1.082827e+02
  7.769808e-02,  1.059643e+02
  7.443330e-02,  1.024574e+02
  7.316700e-02,  1.033028e+02
  7.506617e-02,  1.077695e+02
  7.697138e-02,  1.100009e+02
  7.581283e-02,  1.084330e+02
  7.338629e-02,  1.071241e+02
  7.250869e-02,  1.095561e+02
  7.345109e-02,  1.127065e+02
  7.414511e-02,  1.118809e+02
  7.473376e-02,  1.082033e+02
  7.620649e-02,  1.068947e+02
  7.692363e-02,  1.092217e+02
  7.448369e-02,  1.110752e+02
  6.959809e-02,  1.093006e+02
  6.720499e-02,  1.061556e+02
  6.957606e-02,  1.059583e+02
  7.342670e-02,  1.074403e+02
  7.473000e-02,  1.071206e+02
  7.382278e-02,  1.053045e+02
  7.299095e-02,  1.050591e+02
  7.197875e-02,  1.068392e+02
  7.004047e-02,  1.075498e+02
  6.996035e-02,  1.056678e+02
  7.489061e-02,  1.043149e+02
  8.105339e-02,  1.060394e+02
  8.094499e-02,  1.090475e+02
  7.355521e-02,  1.102924e+02
  6.721677e-02,  1.080903e+02
  6.891009e-02,  1.052215e+02
  7.429627e-02,  1.050402e+02
  7.516136e-02,  1.060903e+02
  7.146805e-02,  1.058843e+02
  7.016192e-02,  1.044810e+02
  7.375242e-02,  1.046096e+02
  7.705832e-02,  1.067690e+02
  7.604839e-02,  1.085342e+02
  7.341402e-02,  1.076239e+02
  7.348230e-02,  1.047169e+02
  7.513697e-02,  1.029170e+02
  7.467304e-02,  1.034431e+02
  7.269936e-02,  1.050215e+02
  7.261912e-02,  1.057540e+02
  7.496881e-02,  1.053573e+02
  7.712115e-02,  1.053034e+02
  7.725804e-02,  1.064842e+02
  7.554311e-02,  1.079260e+02
  7.214941e-02,  1.078370e+02
  6.780565e-02,  1.059166e+02
  6.515961e-02,  1.042069e+02
  6.638679e-02,  1.047546e+02
  7.031544e-02,  1.065484e+02
  7.361165e-02,  1.074078e+02
  7.492655e-02,  1.068687e+02
  7.549096e-02,  1.060467e+02
  7.584647e-02,  1.059663e+02
  7.519822e-02,  1.061055e+02
  7.376274e-02,  1.049193e+02
  7.318286e-02,  1.021241e+02
  7.390751e-02,  1.003385e+02
  7.447189e-02,  1.026834e+02
  7.472985e-02,  1.087591e+02
  7.524604e-02,  1.137933e+02
  7.474193e-02,  1.132236e+02
  7.351280e-02,  1.075858e+02
  7.329776e-02,  1.023506e+02
  7.348089e-02,  1.023816e+02
  7.305214e-02,  1.068377e+02
  7.223457e-02,  1.107455e+02
  7.242476e-02,  1.101175e+02
  7.550026e-02,  1.063369e+02
  7.930828e-02,  1.044093e+02
  7.891370e-02,  1.063821e+02
  7.408267e-02,  1.099884e+02
  6.963021e-02,  1.109695e+02
  6.994888e-02,  1.081507e+02
  7.424642e-02,  1.056240e+02
  7.771152e-02,  1.056012e+02
  7.802104e-02,  1.061706e+02
  7.681810e-02,  1.056979e+02
  7.643037e-02,  1.055845e+02
  7.720673e-02,  1.073675e+02
  7.774233e-02,  1.089522e+02
  7.615875e-02,  1.073058e+02
  7.248639e-02,  1.031317e+02
  6.857343e-02,  1.006999e+02
  6.660863e-02,  1.024094e+02
  6.767157e-02,  1.051087e+02
  6.987968e-02,  1.053143e+02
  7.132335e-02,  1.041179e+02
  7.221845e-02,  1.041326e+02
  7.322449e-02,  1.054599e+02
  7.362560e-02,  1.062304e+02
  7.294646e-02,  1.058798e+02
  7.299188e-02,  1.058067e+02
  7.525883e-02,  1.068930e+02
  7.744845e-02,  1.078571e+02
  7.571672e-02,  1.072703e+02
  7.077048e-02,  1.056590e+02
  6.781155e-02,  1.055101e+02
  6.966505e-02,  1.076349e+02
  7.291432e-02,  1.087295e+02
  7.302101e-02,  1.061833e+02
  7.151612e-02,  1.018694e+02
  7.224000e-02,  1.013520e+02
  7.512864e-02,  1.062622e+02
  7.671897e-02,  1.114903e+02
  7.464852e-02,  1.123493e+02
  7.272374e-02,  1.093090e+02
  7.456075e-02,  1.074252e+02
  7.696505e-02,  1.087119e+02
  7.592439e-02,  1.097425e+02
  7.349604e-02,  1.075495e+02
  7.503477e-02,  1.042921e+02
  7.973553e-02,  1.043267e+02
  8.194880e-02,  1.072913e+02
  7.988712e-02,  1.097961e+02
  7.718377e-02,  1.091893e+02
  7.675830e-02,  1.061103e+02
  7.638588e-02,  1.036898e+02
  7.355270e-02,  1.039133e+02
  7.089801e-02,  1.063155e+02
  7.173646e-02,  1.079473e+02
  7.416820e-02,  1.067394e+02
  7.419566e-02,  1.043315e+02
  7.135446e-02,  1.037564e+02
  6.914522e-02,  1.058423e+02
  7.033024e-02,  1.075256e+02
  7.375076e-02,  1.063339e+02
  7.657838e-02,  1.039891e+02
  7.657176e-02,  1.030093e+02
  7.389009e-02,  1.034151e+02
  7.154623e-02,  1.034916e+02
  7.254862e-02,  1.029043e+02
  7.606416e-02,  1.034921e+02
  7.803528e-02,  1.062300e+02
  7.658818e-02,  1.100099e+02
  7.429072e-02,  1.123291e+02
  7.433042e-02,  1.109018e+02
  7.672502e-02,  1.064797e+02
  7.876833e-02,  1.025618e+02
  7.851784e-02,  1.023726e+02
  7.709635e-02,  1.061679e+02
  7.578261e-02,  1.098043e+02
  7.353689e-02,  1.087790e+02
  7.108291e-02,  1.042358e+02
  7.030428e-02,  1.026546e+02
  7.129816e-02,  1.069920e+02
  7.273049e-02,  1.117559e+02
  7.218301e-02,  1.111045e+02
  7.129022e-02,  1.063533e+02
  7.254334e-02,  1.040272e+02
  7.417242e-02,  1.062471e+02
  7.286144e-02,  1.087734e+02
  6.817669e-02,  1.083838e+02
  6.495944e-02,  1.065462e+02
  6.711852e-02,  1.062830e+02
  7.197785e-02,  1.067151e+02
  7.392746e-02,  1.061060e+02
  7.234384e-02,  1.055913e+02
  7.181380e-02,  1.067772e+02
  7.428031e-02,  1.078305e+02
  7.553053e-02,  1.059620e+02
  7.246350e-02,  1.018811e+02
  6.805939e-02,  9.950428e+01
  6.681884e-02,  1.020753e+02
  6.920461e-02,  1.070243e+02
  7.134184e-02,  1.094922e+02
  7.144111e-02,  1.078138e+02
  7.187589e-02,  1.039271e+02
  7.352137e-02,  1.017372e+02
  7.468766e-02,  1.028148e+02
  7.538510e-02,  1.050274e+02
  7.689037e-02,  1.056999e+02
  7.848095e-02,  1.053267e+02
  7.749814e-02,  1.061800e+02
  7.334795e-02,  1.080555e+02
  6.911829e-02,  1.078717e+02
  6.863930e-02,  1.047004e+02
  7.240195e-02,  1.026560e+02
  7.684628e-02,  1.037684e+02
  7.829664e-02,  1.049157e+02
  7.547507e-02,  1.033393e+02
  7.049117e-02,  1.010324e+02
  6.668364e-02,  1.028676e+02
  6.691821e-02,  1.086648e+02
  7.081391e-02,  1.117706e+02
  7.533072e-02,  1.092847e+02
  7.903193e-02,  1.049088e+02
  8.027315e-02,  1.029585e+02
  7.765034e-02,  1.039291e+02
  7.280854e-02,  1.056044e+02
  6.984118e-02,  1.063618e+02
  7.113045e-02,  1.069876e+02
  7.401046e-02,  1.084245e+02
  7.419128e-02,  1.095679e+02
  7.204698e-02,  1.089193e+02
  7.212397e-02,  1.073888e+02
  7.567357e-02,  1.078940e+02
  7.853276e-02,  1.103740e+02
  7.720464e-02,  1.112399e+02
  7.362329e-02,  1.072562e+02
  7.261039e-02,  1.003635e+02
  7.407577e-02,  9.688821e+01
  7.495469e-02,  9.908350e+01
  7.578390e-02,  1.036490e+02
  7.774064e-02,  1.061844e+02
  7.973476e-02,  1.057490e+02
  8.004896e-02,  1.045624e+02
  7.795698e-02,  1.047336e+02
  7.400172e-02,  1.064197e+02
  6.950610e-02,  1.078538e+02
  6.660274e-02,  1.071130e+02
  6.732112e-02,  1.047867e+02
  7.044019e-02,  1.034824e+02
  7.177292e-02,  1.039907e+02
  6.953522e-02,  1.052495e+02
  6.696617e-02,  1.068894e+02
  6.792633e-02,  1.095083e+02
  7.105310e-02,  1.119779e+02
  7.096497e-02,  1.114442e+02
  6.649518e-02,  1.064236e+02
  6.348731e-02,  1.003145e+02
  6.595921e-02,  1.000322e+02
  7.168020e-02,  1.049721e+02
  7.427117e-02,  1.088733e+02
  6.985813e-02,  1.089579e+02
  6.333169e-02,  1.066982e+02
  6.194771e-02,  1.057045e+02
  6.632700e-02,  1.065328e+02
  7.101537e-02,  1.066748e+02
  7.230893e-02,  1.057045e+02
  7.227787e-02,  1.052222e+02
  7.391555e-02,  1.058793e+02
  7.594014e-02,  1.059259e+02
  7.513144e-02,  1.039051e+02
  7.206427e-02,  1.011266e+02
  7.030100e-02,  1.011633e+02
  7.145380e-02,  1.052142e+02
  7.331244e-02,  1.096003e+02
  7.308725e-02,  1.106891e+02
  7.261396e-02,  1.085781e+02
  7.506662e-02,  1.065417e+02
  7.830223e-02,  1.064248e+02
  7.739502e-02,  1.067017e+02
  7.227445e-02,  1.060482e+02
  6.869123e-02,  1.056524e+02
  7.024417e-02,  1.069975e+02
  7.366412e-02,  1.082376e+02
  7.438155e-02,  1.071177e+02
  7.360499e-02,  1.043996e+02
  7.487992e-02,  1.029522e+02
  7.730525e-02,  1.031675e+02
  7.730163e-02,  1.026102e+02
  7.500103e-02,  1.008289e+02
  7.411054e-02,  1.010232e+02
  7.586001e-02,  1.049269e+02
  7.714057e-02,  1.089134e+02
  7.472100e-02,  1.092379e+02
  7.087705e-02,  1.067800e+02
  6.973903e-02,  1.059836e+02
  7.163168e-02,  1.075545e+02
  7.401812e-02,  1.071882e+02
  7.510343e-02,  1.039662e+02
  7.438596e-02,  1.028633e+02
  7.177496e-02,  1.075179e+02
  6.933419e-02,  1.135043e+02
  6.815280e-02,  1.127068e+02
  6.962875e-02,  1.053115e+02
  7.289656e-02,  9.978347e+01
  7.382526e-02,  9.990490e+01
  7.232839e-02,  1.024612e+02
  7.090431e-02,  1.037465e+02
  7.100354e-02,  1.038612e+02
  7.197910e-02,  1.043799e+02
  7.162846e-02,  1.050302e+02
  6.820605e-02,  1.054006e+02
  6.317701e-02,  1.066269e+02
  6.116276e-02,  1.088739e+02
  6.453819e-02,  1.091742e+02
  6.943385e-02,  1.064595e+02
  7.030629e-02,  1.034881e+02
  6.740600e-02,  1.032024e+02
  6.696945e-02,  1.061197e+02
  7.155255e-02,  1.092590e+02
  7.518161e-02,  1.103076e+02
  7.283033e-02,  1.089177e+02
  6.888000e-02,  1.048918e+02
  7.058787e-02,  1.004274e+02
  7.613006e-02,  9.900650e+01
  7.732306e-02,  1.001694e+02
  7.188136e-02,  1.014569e+02
  6.607205e-02,  1.014493e+02
  6.530387e-02,  1.014473e+02
  6.723614e-02,  1.030789e+02
  6.721294e-02,  1.053561e+02
  6.580336e-02,  1.065852e+02
  6.679520e-02,  1.061515e+02
  6.985658e-02,  1.043076e+02
  7.060431e-02,  1.014049e+02
  6.807900e-02,  9.937183e+01
  6.657964e-02,  1.020281e+02
  6.915230e-02,  1.083789e+02
  7.116321e-02,  1.115693e+02
  6.793282e-02,  1.090658e+02
  6.498179e-02,  1.057779e+02
  6.824380e-02,  1.077307e+02
  7.405084e-02,  1.103595e+02
  7.500840e-02,  1.079647e+02
  7.474756e-02,  1.042516e+02
  7.959691e-02,  1.065693e+02
  8.303409e-02,  1.103895e+02
  7.318530e-02,  1.070207e+02
  6.127312e-02,  9.819802e+01
  6.677409e-02,  1.028435e+02
  8.452550e-02,  1.128336e+02
  8.193037e-02,  1.106166e+02
  6.296153e-02,  9.545654e+01
  6.534509e-02,  9.836297e+01
  9.458368e-02,  1.163672e+02
  9.368948e-02,  1.165902e+02
  5.389702e-02,  8.557771e+01
  5.162379e-02,  7.483681e+01
  1.044963e-01,  1.167123e+02
  1.288823e-01,  1.226016e+02
  4.969164e-02,  7.833291e+01
  5.458257e-02,  1.087140e+01
  9.557523e-02,  1.223399e+02
  1.961901e-01,  1.319973e+02
  6.239419e-02,  8.809526e+01
  1.454296e-01,  -1.555933e+01
  7.021249e-02,  1.100890e+02
  3.379689e-01,  1.370980e+02
  1.012060e-01,  1.105272e+02
  3.806406e-01,  -2.894515e+01
  1.447904e-02,  5.572100e+01
  8.688179e-01,  1.400847e+02
  6.304561e-02,  1.342535e+02
  7.356678e+00,  1.424778e+02
  1.999867e+01,  1.420063e+02
  2.331879e+01,  1.433323e+02
  2.211608e+01,  1.473932e+02
  2.062892e+01,  1.488301e+02
  1.832540e+01,  1.491645e+02
  1.453736e+01,  1.517487e+02
  1.076783e+01,  1.529299e+02
  7.752017e+00,  1.411590e+02
  4.667172e+00,  1.075482e+02
  4.356890e+00,  2.052689e+01
  9.701537e+00,  -1.272922e+01
  1.504801e+01,  -1.805201e+01
  1.974646e+01,  -2.071217e+01
  2.370369e+01,  -2.409682e+01
  2.577079e+01,  -2.489327e+01
  2.554346e+01,  -2.316275e+01
  2.402888e+01,  -2.489598e+01
  2.146649e+01,  -3.341422e+01
  1.757063e+01,  -4.357664e+01
  1.305355e+01,  -4.919899e+01
  9.520874e+00,  -5.113412e+01
  6.601838e+00,  -5.155049e+01
  3.639438e+00,  -2.580233e+01
  4.814751e+00,  3.031404e+01
  7.761381e+00,  3.888665e+01
  1.043441e+01,  3.788362e+01
  1.337464e+01,  3.735585e+01
  1.602188e+01,  3.511538e+01
  1.812454e+01,  3.147058e+01
  1.981940e+01,  2.999073e+01
  2.073696e+01,  3.139495e+01
  2.059379e+01,  3.304083e+01
  1.950497e+01,  3.299940e+01
  1.777087e+01,  3.195931e+01
  1.559979e+01,  3.100563e+01
  1.312697e+01,  2.935482e+01
  1.045185e+01,  2.538060e+01
  7.881438e+00,  1.593488e+01
  6.218683e+00,  -4.503490e+00
  5.666712e+00,  -3.270587e+01
  5.684113e+00,  -6.468178e+01
  7.177997e+00,  -8.549230e+01
  9.351542e+00,  -8.247774e+01
  1.079467e+01,  -7.329397e+01
  1.096928e+01,  -6.653311e+01
  1.177745e+01,  -5.665408e+01
  1.416582e+01,  -4.506447e+01
  1.591181e+01,  -3.680960e+01
  1.658486e+01,  -3.212531e+01
  1.776274e+01,  -3.149145e+01
  1.843251e+01,  -3.250278e+01
  1.700592e+01,  -3.361203e+01
  1.530557e+01,  -3.691527e+01
  1.460601e+01,  -4.239656e+01
  1.294328e+01,  -4.818892e+01
  1.033534e+01,  -5.545582e+01
  9.157285e+00,  -6.215700e+01
  8.697488e+00,  -6.780046e+01
  6.919986e+00,  -8.420309e+01
  5.833343e+00,  -1.216702e+02
  7.244430e+00,  -1.537031e+02
  1.003781e+01,  -1.720414e+02
  1.344498e+01,  1.783777e+02
  1.599602e+01,  1.740463e+02
  1.725647e+01,  1.705363e+02
  1.746894e+01,  1.663389e+02
  1.691568e+01,  1.620238e+02
  1.603796e+01,  1.571360e+02
  1.521726e+01,  1.509701e+02
  1.488795e+01,  1.453198e+02
  1.505361e+01,  1.427209e+02
  1.490245e+01,  1.424386e+02
  1.364948e+01,  1.427926e+02
  1.144868e+01,  1.446712e+02
  9.002631e+00,  1.504725e+02
  6.433830e+00,  1.619166e+02
  3.739377e+00,  -1.674373e+02
  4.403130e+00,  -1.138294e+02
  7.533391e+00,  -1.131160e+02
  1.088999e+01,  -1.245690e+02
  1.347015e+01,  -1.272333e+02
  1.574946e+01,  -1.253331e+02
  1.833284e+01,  -1.267267e+02
  1.966752e+01,  -1.290875e+02
  1.900763e+01,  -1.277867e+02
  1.775327e+01,  -1.245959e+02
  1.588418e+01,  -1.252455e+02
  1.284863e+01,  -1.299310e+02
  1.028336e+01,  -1.340620e+02
  9.527976e+00,  -1.389320e+02
  1.047950e+01,  -1.516391e+02
  1.317763e+01,  -1.627456e+02
  1.631749e+01,  -1.625750e+02
  1.906668e+01,  -1.582419e+02
  2.158315e+01,  -1.607994e+02
  1.755276e+01,  -1.697740e+02
  5.969050e+00,  2.634875e+01
  1.099604e+00,  1.278850e+02
##END=