##TITLE= twqubit_encoding2_H_nobufferfix1
##JCAMP-DX= 5.00 Bruker JCAMP library
##DATA TYPE= Shape Data
##ORIGIN= Colm Fixed Pulses 
##OWNER= d29lu
##DATE= 12-May-2015
##TIME= 16:54
##MINX= 9.651712e-02
##MAXX= 3.758949e+01
##MINY= 1.887240e+00
##MAXY= 3.597213e+02
##$SHAPE_EXMODE= None
##$SHAPE_TOTROT= 9.000000e+01
##$SHAPE_BWFAC= 1.000000e+00
##$SHAPE_INTEGFAC= 1.000000e+00
##$SHAPE_MODE= 1
##NPOINTS= 2128
##XYPOINTS= (XY..XY)
  1.364650e+00,  7.927954e+01
  3.080781e+00,  1.108496e+02
  3.650697e+00,  7.869665e+01
  5.986463e+00,  1.419268e+01
  9.450018e+00,  3.567970e+02
  1.290442e+01,  3.476229e+02
  1.607143e+01,  3.410828e+02
  1.813021e+01,  3.368091e+02
  1.935513e+01,  3.349905e+02
  2.066462e+01,  3.370528e+02
  2.215823e+01,  3.431567e+02
  2.271903e+01,  3.498443e+02
  2.201168e+01,  3.545492e+02
  2.105812e+01,  3.571300e+02
  1.997749e+01,  3.575059e+02
  1.825944e+01,  3.560473e+02
  1.537666e+01,  3.509664e+02
  1.255372e+01,  3.433923e+02
  1.035635e+01,  3.385512e+02
  8.196557e+00,  3.335109e+02
  6.240748e+00,  3.230851e+02
  5.138860e+00,  3.059494e+02
  4.531986e+00,  2.822732e+02
  4.757097e+00,  2.463588e+02
  6.613041e+00,  2.186243e+02
  8.635303e+00,  2.059719e+02
  9.745514e+00,  1.991747e+02
  1.015060e+01,  1.941566e+02
  1.040566e+01,  1.903765e+02
  1.082015e+01,  1.854639e+02
  1.107306e+01,  1.768637e+02
  1.137120e+01,  1.673334e+02
  1.192411e+01,  1.626678e+02
  1.249359e+01,  1.635809e+02
  1.280953e+01,  1.681203e+02
  1.281946e+01,  1.753245e+02
  1.277081e+01,  1.846107e+02
  1.304647e+01,  1.931360e+02
  1.373198e+01,  1.983521e+02
  1.461500e+01,  2.000884e+02
  1.518979e+01,  1.997493e+02
  1.475606e+01,  2.000569e+02
  1.345611e+01,  2.030675e+02
  1.178885e+01,  2.082303e+02
  9.732944e+00,  2.122850e+02
  6.993765e+00,  2.155199e+02
  4.116773e+00,  2.230812e+02
  1.931090e+00,  2.409876e+02
  8.563646e-01,  2.654990e+02
  2.656198e-01,  2.963037e+02
  7.714861e-01,  1.212984e+02
  3.662863e+00,  1.559900e+02
  8.755839e+00,  1.682431e+02
  1.404941e+01,  1.735879e+02
  1.857053e+01,  1.759250e+02
  2.263823e+01,  1.769212e+02
  2.605702e+01,  1.771779e+02
  2.731358e+01,  1.766398e+02
  2.609532e+01,  1.763545e+02
  2.324493e+01,  1.763152e+02
  1.968772e+01,  1.764913e+02
  1.625551e+01,  1.786169e+02
  1.289214e+01,  1.830880e+02
  9.878342e+00,  1.884576e+02
  6.738014e+00,  1.932218e+02
  3.105981e+00,  2.077461e+02
  1.906259e+00,  2.894588e+02
  3.497131e+00,  3.211539e+02
  4.419905e+00,  3.318586e+02
  4.972664e+00,  3.435111e+02
  5.380464e+00,  3.530044e+02
  5.548397e+00,  3.597213e+02
  5.875096e+00,  2.679110e+00
  6.493070e+00,  3.581737e+02
  7.660065e+00,  3.485711e+02
  8.998423e+00,  3.407193e+02
  1.029553e+01,  3.353863e+02
  1.161940e+01,  3.317158e+02
  1.307903e+01,  3.289473e+02
  1.466797e+01,  3.268247e+02
  1.678608e+01,  3.266497e+02
  1.930081e+01,  3.293709e+02
  2.133494e+01,  3.349881e+02
  2.202055e+01,  3.430735e+02
  2.027377e+01,  3.506212e+02
  1.753185e+01,  3.538083e+02
  1.521057e+01,  3.524181e+02
  1.289308e+01,  3.507059e+02
  9.849510e+00,  3.514841e+02
  6.786495e+00,  3.490009e+02
  3.833667e+00,  3.377918e+02
  1.548149e+00,  2.810317e+02
  3.471138e+00,  2.019748e+02
  6.618367e+00,  1.932051e+02
  9.576772e+00,  1.890660e+02
  1.173907e+01,  1.866673e+02
  1.308536e+01,  1.840868e+02
  1.277817e+01,  1.808755e+02
  9.138646e+00,  1.494172e+02
  2.439078e+00,  6.201263e+01
  4.467021e-01,  3.041381e+02
  1.725453e-01,  6.493629e+01
  1.576689e-01,  7.622632e+01
  1.537357e-01,  5.011985e+01
  1.504339e-01,  8.010435e+01
  1.556147e-01,  4.954051e+01
  1.672546e-01,  7.912225e+01
  1.486209e-01,  5.251160e+01
  1.395549e-01,  7.789460e+01
  1.469272e-01,  5.650702e+01
  1.480205e-01,  7.655094e+01
  1.557227e-01,  5.766825e+01
  1.569070e-01,  7.011921e+01
  1.417742e-01,  6.457123e+01
  1.545971e-01,  6.645939e+01
  1.606048e-01,  6.282467e+01
  1.420345e-01,  7.318005e+01
  1.422478e-01,  6.238757e+01
  1.505074e-01,  6.741925e+01
  1.615599e-01,  6.589150e+01
  1.391647e-01,  6.163524e+01
  1.537377e-01,  6.068475e+01
  1.515995e-01,  6.873291e+01
  1.334477e-01,  6.571085e+01
  1.686432e-01,  6.177286e+01
  1.486304e-01,  7.082839e+01
  1.506542e-01,  6.003964e+01
  1.713731e-01,  7.045642e+01
  1.462742e-01,  6.261836e+01
  1.351780e-01,  7.039760e+01
  1.506634e-01,  6.135243e+01
  1.630684e-01,  7.434762e+01
  1.413127e-01,  6.221778e+01
  1.578385e-01,  7.283002e+01
  1.601929e-01,  6.782441e+01
  1.553022e-01,  6.468970e+01
  1.511133e-01,  6.526033e+01
  1.473410e-01,  6.617524e+01
  1.376805e-01,  6.309582e+01
  1.616398e-01,  6.415226e+01
  1.531369e-01,  6.643280e+01
  1.326021e-01,  6.509817e+01
  1.526769e-01,  6.224609e+01
  1.520053e-01,  6.739333e+01
  1.406600e-01,  7.101369e+01
  1.532257e-01,  6.293477e+01
  1.541597e-01,  7.158262e+01
  1.325548e-01,  6.169194e+01
  1.548735e-01,  6.461281e+01
  1.558926e-01,  6.621660e+01
  1.464200e-01,  6.690879e+01
  1.504340e-01,  6.044513e+01
  1.601311e-01,  7.307508e+01
  1.453643e-01,  6.548119e+01
  1.545758e-01,  6.300257e+01
  1.414272e-01,  6.661992e+01
  1.435858e-01,  6.215114e+01
  1.486989e-01,  6.384210e+01
  1.433727e-01,  6.897059e+01
  1.412868e-01,  6.451418e+01
  1.445633e-01,  6.507672e+01
  1.551657e-01,  6.574854e+01
  1.379786e-01,  6.573984e+01
  1.559414e-01,  6.223058e+01
  1.501248e-01,  6.434832e+01
  1.387513e-01,  7.069346e+01
  1.532132e-01,  6.169159e+01
  1.663112e-01,  6.768396e+01
  1.494734e-01,  6.498668e+01
  1.437618e-01,  6.471468e+01
  1.596782e-01,  6.432662e+01
  1.515607e-01,  6.947556e+01
  1.485701e-01,  6.312109e+01
  1.646817e-01,  6.343685e+01
  1.441833e-01,  6.599530e+01
  1.496879e-01,  6.156293e+01
  1.552270e-01,  7.028168e+01
  1.373701e-01,  6.969960e+01
  1.489091e-01,  6.268850e+01
  1.552189e-01,  6.899144e+01
  1.464279e-01,  7.164715e+01
  1.370515e-01,  6.471249e+01
  1.515858e-01,  6.286945e+01
  1.378320e-01,  6.535508e+01
  1.405266e-01,  6.486141e+01
  1.589486e-01,  6.945352e+01
  1.402835e-01,  6.728962e+01
  1.450623e-01,  6.165678e+01
  1.586932e-01,  6.532073e+01
  1.462060e-01,  6.953997e+01
  1.432426e-01,  6.810496e+01
  1.595891e-01,  6.512478e+01
  1.451580e-01,  6.779174e+01
  1.445566e-01,  6.764581e+01
  1.599027e-01,  6.715998e+01
  1.417062e-01,  6.716463e+01
  1.464525e-01,  6.238211e+01
  1.548645e-01,  6.215211e+01
  1.558640e-01,  6.865466e+01
  1.534330e-01,  6.536417e+01
  1.514404e-01,  6.532912e+01
  1.450669e-01,  6.695296e+01
  1.444534e-01,  6.633647e+01
  1.479349e-01,  6.460211e+01
  1.364223e-01,  6.876987e+01
  1.342692e-01,  6.062269e+01
  1.481259e-01,  6.533031e+01
  1.495491e-01,  7.187493e+01
  1.482564e-01,  6.313391e+01
  1.499825e-01,  6.089597e+01
  1.475691e-01,  6.508131e+01
  1.459821e-01,  6.460018e+01
  1.410638e-01,  5.776707e+01
  1.436971e-01,  6.720368e+01
  1.415856e-01,  6.689095e+01
  1.498472e-01,  6.324563e+01
  1.385435e-01,  7.297595e+01
  1.334512e-01,  6.495492e+01
  1.452911e-01,  6.297256e+01
  1.551598e-01,  7.347961e+01
  1.377074e-01,  6.303590e+01
  1.504962e-01,  6.632381e+01
  1.509808e-01,  6.797796e+01
  1.410032e-01,  6.489682e+01
  1.574412e-01,  6.210266e+01
  1.492340e-01,  6.762381e+01
  1.425311e-01,  6.741638e+01
  1.389663e-01,  6.002224e+01
  1.554955e-01,  6.710840e+01
  1.415691e-01,  6.805491e+01
  1.546080e-01,  6.149609e+01
  1.496123e-01,  6.358626e+01
  1.319854e-01,  6.956609e+01
  1.512460e-01,  5.665789e+01
  1.491851e-01,  6.824398e+01
  1.355047e-01,  7.393444e+01
  1.550400e-01,  6.431471e+01
  1.585362e-01,  6.889406e+01
  1.289112e-01,  6.678940e+01
  1.504220e-01,  6.435687e+01
  1.492375e-01,  7.041241e+01
  1.451328e-01,  6.412633e+01
  1.500918e-01,  6.227879e+01
  1.439189e-01,  6.528008e+01
  1.472598e-01,  6.476645e+01
  1.520432e-01,  6.293011e+01
  1.613699e-01,  6.369953e+01
  1.438593e-01,  6.931139e+01
  1.483097e-01,  6.379828e+01
  1.515731e-01,  7.077165e+01
  1.434195e-01,  6.678016e+01
  1.631783e-01,  6.295821e+01
  1.586850e-01,  6.439717e+01
  1.453285e-01,  6.759882e+01
  1.497131e-01,  6.592134e+01
  1.671809e-01,  6.136275e+01
  1.397791e-01,  6.893758e+01
  1.524173e-01,  6.416527e+01
  1.568871e-01,  6.785794e+01
  1.434158e-01,  6.976766e+01
  1.365687e-01,  6.647025e+01
  1.454911e-01,  6.205560e+01
  1.475700e-01,  6.462451e+01
  1.379073e-01,  6.207797e+01
  1.712090e-01,  6.487066e+01
  1.423631e-01,  7.091683e+01
  1.473419e-01,  6.171931e+01
  1.627224e-01,  6.613369e+01
  1.453187e-01,  6.710248e+01
  1.376248e-01,  6.211361e+01
  1.501556e-01,  6.422809e+01
  1.452779e-01,  7.143696e+01
  1.365369e-01,  6.322664e+01
  1.525470e-01,  6.697200e+01
  1.435698e-01,  6.939241e+01
  1.272515e-01,  6.286394e+01
  1.481489e-01,  6.635733e+01
  1.484131e-01,  6.382710e+01
  1.366545e-01,  6.512714e+01
  1.518628e-01,  6.242435e+01
  1.541555e-01,  6.424137e+01
  1.552941e-01,  6.583890e+01
  1.532452e-01,  6.049092e+01
  1.561612e-01,  6.672336e+01
  1.392560e-01,  6.445896e+01
  1.567201e-01,  6.009200e+01
  1.479680e-01,  7.339324e+01
  1.334468e-01,  6.786073e+01
  1.594893e-01,  6.610141e+01
  1.527217e-01,  6.838860e+01
  1.542267e-01,  6.121370e+01
  1.613998e-01,  6.687007e+01
  1.474988e-01,  6.925312e+01
  1.465903e-01,  6.537328e+01
  1.411566e-01,  6.628207e+01
  1.474995e-01,  7.033246e+01
  1.489985e-01,  6.400461e+01
  1.569566e-01,  6.272014e+01
  1.647689e-01,  7.199835e+01
  1.389903e-01,  6.981760e+01
  1.507243e-01,  6.585217e+01
  1.541104e-01,  6.684919e+01
  1.356408e-01,  6.105749e+01
  1.487445e-01,  6.173332e+01
  1.581605e-01,  7.156466e+01
  1.369251e-01,  6.781080e+01
  1.501216e-01,  6.315696e+01
  1.444464e-01,  6.739634e+01
  1.367938e-01,  6.534140e+01
  1.426731e-01,  6.044132e+01
  1.692961e-01,  6.419228e+01
  1.475688e-01,  6.782940e+01
  1.470673e-01,  5.968840e+01
  1.625625e-01,  6.718636e+01
  1.389077e-01,  6.711649e+01
  1.553555e-01,  6.080153e+01
  1.550684e-01,  6.724104e+01
  1.473451e-01,  6.795918e+01
  1.511268e-01,  6.101568e+01
  1.625298e-01,  6.545158e+01
  1.294745e-01,  6.772852e+01
  1.543884e-01,  6.294801e+01
  1.575279e-01,  6.668142e+01
  1.406386e-01,  6.944938e+01
  1.450043e-01,  6.473458e+01
  1.537395e-01,  6.505359e+01
  1.426338e-01,  6.719757e+01
  1.472616e-01,  5.820530e+01
  1.599788e-01,  6.617957e+01
  1.426042e-01,  6.700371e+01
  1.593188e-01,  6.072007e+01
  1.405903e-01,  6.524722e+01
  1.460438e-01,  6.757661e+01
  1.432021e-01,  6.273223e+01
  1.526372e-01,  6.642408e+01
  1.455717e-01,  6.958595e+01
  1.392072e-01,  6.355476e+01
  1.551514e-01,  6.872942e+01
  1.366788e-01,  6.618130e+01
  1.438985e-01,  6.357422e+01
  1.581569e-01,  6.655327e+01
  1.421790e-01,  6.911968e+01
  1.438323e-01,  6.291508e+01
  1.482783e-01,  6.287461e+01
  1.452700e-01,  6.890365e+01
  1.451454e-01,  6.232946e+01
  1.485391e-01,  6.929711e+01
  1.452892e-01,  6.745213e+01
  1.446389e-01,  6.074953e+01
  1.637251e-01,  6.539492e+01
  1.411469e-01,  6.747766e+01
  1.529746e-01,  6.522597e+01
  1.572650e-01,  6.753402e+01
  1.505245e-01,  6.975240e+01
  1.427729e-01,  6.385008e+01
  1.577789e-01,  6.279362e+01
  1.486946e-01,  6.889215e+01
  1.336640e-01,  6.461654e+01
  1.624902e-01,  6.270528e+01
  1.432940e-01,  7.275694e+01
  1.447009e-01,  6.522953e+01
  1.572179e-01,  6.509762e+01
  1.572354e-01,  6.225786e+01
  1.411550e-01,  6.480145e+01
  1.620743e-01,  6.425612e+01
  1.527987e-01,  6.600925e+01
  1.358188e-01,  6.871616e+01
  1.531509e-01,  6.407773e+01
  1.422819e-01,  6.736265e+01
  1.409065e-01,  6.720607e+01
  1.561829e-01,  6.786028e+01
  1.603762e-01,  6.587100e+01
  1.379764e-01,  7.042309e+01
  1.544365e-01,  6.012613e+01
  1.550711e-01,  6.910445e+01
  1.494927e-01,  6.761167e+01
  1.580325e-01,  6.295196e+01
  1.426215e-01,  7.434504e+01
  1.415169e-01,  6.457679e+01
  1.538092e-01,  6.180032e+01
  1.432947e-01,  6.864734e+01
  1.387091e-01,  6.930072e+01
  1.456043e-01,  6.629139e+01
  1.451261e-01,  6.782619e+01
  1.487976e-01,  6.694108e+01
  1.508435e-01,  6.072946e+01
  1.415247e-01,  6.530321e+01
  1.375362e-01,  7.005277e+01
  1.532097e-01,  6.171931e+01
  1.503577e-01,  6.731993e+01
  1.384488e-01,  6.515692e+01
  1.398482e-01,  6.484014e+01
  1.511150e-01,  6.926970e+01
  1.353797e-01,  6.546770e+01
  1.429729e-01,  6.469627e+01
  1.554494e-01,  6.895392e+01
  1.373983e-01,  6.687488e+01
  1.432741e-01,  6.286651e+01
  1.493824e-01,  6.586374e+01
  1.415122e-01,  6.621660e+01
  1.475776e-01,  6.420244e+01
  1.597199e-01,  6.609719e+01
  1.386106e-01,  7.013627e+01
  1.502398e-01,  6.468957e+01
  1.561237e-01,  6.486572e+01
  1.338617e-01,  6.649594e+01
  1.406010e-01,  6.221880e+01
  1.606592e-01,  6.689986e+01
  1.354021e-01,  6.739729e+01
  1.415437e-01,  6.100823e+01
  1.582754e-01,  6.446115e+01
  1.457046e-01,  6.761022e+01
  1.497294e-01,  6.377138e+01
  1.557817e-01,  6.495061e+01
  1.458253e-01,  6.951533e+01
  1.395659e-01,  6.142971e+01
  1.598765e-01,  6.134351e+01
  1.310788e-01,  6.849050e+01
  1.455229e-01,  6.737565e+01
  1.607046e-01,  6.434254e+01
  1.560436e-01,  6.746945e+01
  1.538351e-01,  6.253666e+01
  1.538522e-01,  6.585725e+01
  1.553111e-01,  7.011664e+01
  1.454392e-01,  6.017533e+01
  1.458441e-01,  6.174745e+01
  1.437249e-01,  6.652962e+01
  1.492535e-01,  6.726465e+01
  1.536777e-01,  6.388306e+01
  1.345093e-01,  6.571548e+01
  1.437839e-01,  6.440807e+01
  1.623440e-01,  6.699913e+01
  1.422844e-01,  6.997726e+01
  1.469658e-01,  5.967391e+01
  1.393606e-01,  6.513614e+01
  1.525534e-01,  6.972935e+01
  1.421798e-01,  6.257918e+01
  1.521024e-01,  6.288696e+01
  1.565735e-01,  6.822505e+01
  1.489444e-01,  6.735589e+01
  1.654431e-01,  6.225211e+01
  1.453491e-01,  6.907197e+01
  1.359756e-01,  6.574876e+01
  1.482015e-01,  6.747922e+01
  1.544581e-01,  6.962180e+01
  1.430277e-01,  6.320994e+01
  1.524478e-01,  6.309472e+01
  1.487529e-01,  6.433970e+01
  1.339949e-01,  6.726817e+01
  1.620901e-01,  6.516645e+01
  1.430160e-01,  6.985269e+01
  1.323242e-01,  6.164401e+01
  1.553024e-01,  6.176064e+01
  1.448531e-01,  6.914659e+01
  1.444188e-01,  6.329115e+01
  1.502285e-01,  6.511100e+01
  1.603100e-01,  6.569947e+01
  1.379471e-01,  6.841120e+01
  1.594938e-01,  6.486396e+01
  1.497460e-01,  6.725403e+01
  1.441274e-01,  6.739452e+01
  1.517431e-01,  5.544049e+01
  1.525204e-01,  6.785436e+01
  1.483039e-01,  6.062468e+01
  1.502801e-01,  6.127299e+01
  1.546629e-01,  6.853169e+01
  1.341143e-01,  6.360163e+01
  1.544280e-01,  6.093084e+01
  1.416437e-01,  6.868103e+01
  1.492347e-01,  6.970945e+01
  1.535402e-01,  6.351548e+01
  1.585928e-01,  7.194289e+01
  1.470058e-01,  6.751362e+01
  1.515301e-01,  6.636293e+01
  1.573997e-01,  6.569419e+01
  1.508228e-01,  6.955779e+01
  1.473516e-01,  5.839525e+01
  1.448741e-01,  6.656252e+01
  1.437118e-01,  6.594204e+01
  1.490367e-01,  6.284974e+01
  1.476946e-01,  6.732178e+01
  1.473055e-01,  7.024629e+01
  1.457078e-01,  6.566329e+01
  1.446028e-01,  6.342094e+01
  1.512343e-01,  7.191514e+01
  1.572845e-01,  5.790150e+01
  1.577598e-01,  6.870008e+01
  1.447523e-01,  7.270756e+01
  1.514646e-01,  6.303072e+01
  1.541858e-01,  6.367437e+01
  1.483906e-01,  7.287523e+01
  1.443683e-01,  6.203127e+01
  1.540400e-01,  6.674444e+01
  1.428072e-01,  6.842457e+01
  1.504430e-01,  6.546748e+01
  1.650966e-01,  6.549919e+01
  1.443057e-01,  6.659885e+01
  1.424066e-01,  6.411493e+01
  1.555943e-01,  6.477492e+01
  1.462330e-01,  7.181179e+01
  1.583273e-01,  5.976240e+01
  1.560768e-01,  6.492593e+01
  1.595976e-01,  6.603282e+01
  1.400358e-01,  6.667003e+01
  1.475031e-01,  6.498643e+01
  1.502040e-01,  7.006530e+01
  1.445802e-01,  6.536525e+01
  1.484454e-01,  6.341273e+01
  1.508698e-01,  6.922104e+01
  1.472921e-01,  6.373271e+01
  1.487828e-01,  6.142632e+01
  1.565924e-01,  7.024605e+01
  1.437708e-01,  6.297676e+01
  1.505002e-01,  6.653824e+01
  1.482548e-01,  6.616372e+01
  1.457901e-01,  6.042597e+01
  1.486077e-01,  6.296808e+01
  1.566108e-01,  6.483838e+01
  1.252606e-01,  6.694383e+01
  1.657736e-01,  6.271373e+01
  1.392353e-01,  6.858565e+01
  1.604882e-01,  6.162866e+01
  1.569406e-01,  6.637023e+01
  1.618610e-01,  6.881873e+01
  1.383908e-01,  7.103854e+01
  1.619176e-01,  6.227162e+01
  1.492460e-01,  7.095188e+01
  1.441809e-01,  6.268809e+01
  1.576285e-01,  6.463921e+01
  1.618911e-01,  6.941412e+01
  1.324618e-01,  6.152295e+01
  1.577968e-01,  6.515823e+01
  1.575081e-01,  6.695248e+01
  1.300337e-01,  6.207242e+01
  4.332005e-01,  5.525426e+01
  1.028136e+00,  1.121759e+02
  1.208103e+01,  2.219639e+02
  3.100825e+01,  2.298011e+02
  3.575409e+01,  2.352218e+02
  3.109937e+01,  2.413548e+02
  2.600668e+01,  2.475952e+02
  2.339409e+01,  2.538090e+02
  2.372927e+01,  2.576738e+02
  2.573100e+01,  2.600358e+02
  2.790670e+01,  2.627500e+02
  2.960401e+01,  2.652641e+02
  2.985847e+01,  2.654807e+02
  2.783455e+01,  2.630694e+02
  2.375935e+01,  2.577167e+02
  1.909706e+01,  2.462965e+02
  1.624751e+01,  2.284865e+02
  1.606618e+01,  2.080376e+02
  1.811425e+01,  1.904616e+02
  2.114925e+01,  1.793230e+02
  2.373303e+01,  1.732452e+02
  2.420716e+01,  1.697843e+02
  2.261862e+01,  1.676031e+02
  1.971061e+01,  1.682956e+02
  1.674384e+01,  1.748556e+02
  1.510861e+01,  1.878593e+02
  1.562023e+01,  2.027038e+02
  1.785495e+01,  2.151582e+02
  2.069237e+01,  2.243128e+02
  2.310183e+01,  2.287250e+02
  2.344359e+01,  2.265205e+02
  2.210134e+01,  2.185585e+02
  2.053995e+01,  2.090947e+02
  1.912659e+01,  2.012284e+02
  1.798884e+01,  1.936239e+02
  1.828337e+01,  1.830795e+02
  2.047218e+01,  1.746390e+02
  2.339613e+01,  1.726538e+02
  2.604657e+01,  1.735914e+02
  2.823420e+01,  1.734626e+02
  2.955568e+01,  1.720036e+02
  2.952946e+01,  1.701506e+02
  2.838229e+01,  1.688679e+02
  2.636883e+01,  1.678157e+02
  2.430214e+01,  1.667244e+02
  2.302490e+01,  1.662541e+02
  2.258326e+01,  1.673007e+02
  2.252739e+01,  1.711386e+02
  2.286932e+01,  1.774582e+02
  2.337357e+01,  1.847761e+02
  2.357873e+01,  1.909430e+02
  2.332883e+01,  1.949072e+02
  2.252666e+01,  1.956492e+02
  2.052729e+01,  1.910080e+02
  1.833984e+01,  1.789560e+02
  1.780441e+01,  1.613064e+02
  1.896162e+01,  1.443701e+02
  2.065812e+01,  1.312329e+02
  2.220816e+01,  1.224735e+02
  2.348572e+01,  1.188120e+02
  2.398658e+01,  1.190800e+02
  2.409486e+01,  1.229917e+02
  2.451641e+01,  1.301271e+02
  2.524022e+01,  1.390914e+02
  2.609089e+01,  1.476584e+02
  2.673658e+01,  1.534173e+02
  2.683250e+01,  1.549823e+02
  2.594183e+01,  1.531005e+02
  2.435439e+01,  1.504913e+02
  2.308740e+01,  1.489681e+02
  2.241705e+01,  1.447113e+02
  2.143107e+01,  1.343659e+02
  2.074709e+01,  1.226824e+02
  2.130555e+01,  1.135873e+02
  2.317260e+01,  1.049090e+02
  2.530283e+01,  9.588005e+01
  2.598999e+01,  9.194108e+01
  2.553435e+01,  9.745912e+01
  2.513491e+01,  1.058016e+02
  2.378725e+01,  1.096686e+02
  2.114967e+01,  1.073160e+02
  1.998327e+01,  1.023278e+02
  2.108735e+01,  9.795510e+01
  2.299967e+01,  9.468418e+01
  2.503080e+01,  9.222412e+01
  2.616950e+01,  8.779807e+01
  2.688892e+01,  8.259904e+01
  2.652944e+01,  7.820629e+01
  2.528519e+01,  7.643406e+01
  2.464755e+01,  7.730368e+01
  2.511471e+01,  7.909544e+01
  2.563713e+01,  8.038937e+01
  2.499760e+01,  8.280572e+01
  2.347360e+01,  8.643441e+01
  2.141728e+01,  8.857036e+01
  1.977000e+01,  8.910283e+01
  1.888186e+01,  8.842850e+01
  1.868217e+01,  8.598287e+01
  1.834812e+01,  8.064474e+01
  1.725619e+01,  7.443733e+01
  1.554537e+01,  6.973743e+01
  1.410799e+01,  6.647980e+01
  1.356923e+01,  5.993098e+01
  1.395562e+01,  4.896937e+01
  1.455486e+01,  3.637653e+01
  1.573717e+01,  2.433374e+01
  1.851339e+01,  1.653479e+01
  2.236332e+01,  1.414176e+01
  2.666428e+01,  1.547189e+01
  2.998906e+01,  1.864041e+01
  3.096872e+01,  2.379126e+01
  2.850443e+01,  3.205237e+01
  2.358447e+01,  4.519864e+01
  2.007344e+01,  6.039498e+01
  1.870700e+01,  7.332320e+01
  1.746629e+01,  8.628075e+01
  1.628864e+01,  9.814723e+01
  1.470500e+01,  9.980060e+01
  1.246815e+01,  9.074627e+01
  1.054552e+01,  7.921674e+01
  9.710903e+00,  6.655091e+01
  1.103808e+01,  4.821405e+01
  1.433430e+01,  3.020236e+01
  1.802177e+01,  1.795391e+01
  2.045494e+01,  1.070477e+01
  2.124613e+01,  6.872168e+00
  2.096163e+01,  4.699332e+00
  2.033262e+01,  3.061737e+00
  2.005351e+01,  3.028215e+00
  2.041962e+01,  5.702931e+00
  2.062937e+01,  8.800280e+00
  1.999401e+01,  9.965011e+00
  1.937206e+01,  9.030857e+00
  1.951641e+01,  8.041164e+00
  1.973787e+01,  8.267891e+00
  1.945095e+01,  9.379266e+00
  1.923447e+01,  1.038972e+01
  1.999277e+01,  1.016338e+01
  2.183676e+01,  9.421709e+00
  2.460993e+01,  9.602670e+00
  2.753591e+01,  9.843815e+00
  3.027086e+01,  9.595787e+00
  3.238862e+01,  9.265259e+00
  3.314487e+01,  8.070226e+00
  3.257549e+01,  4.779055e+00
  3.016939e+01,  3.592760e+02
  2.568590e+01,  3.510339e+02
  2.087586e+01,  3.382202e+02
  1.924115e+01,  3.235590e+02
  2.026933e+01,  3.133121e+02
  2.188852e+01,  3.074959e+02
  2.370187e+01,  3.055020e+02
  2.474369e+01,  3.077167e+02
  2.447157e+01,  3.136853e+02
  2.300581e+01,  3.217976e+02
  2.072343e+01,  3.292003e+02
  1.923456e+01,  3.351428e+02
  1.946216e+01,  3.393326e+02
  2.048750e+01,  3.434728e+02
  2.127666e+01,  3.480189e+02
  2.188107e+01,  3.494106e+02
  2.180418e+01,  3.444047e+02
  2.029263e+01,  3.333120e+02
  1.849152e+01,  3.192754e+02
  1.701778e+01,  3.049696e+02
  1.607680e+01,  2.888277e+02
  1.642882e+01,  2.715569e+02
  1.711363e+01,  2.625082e+02
  1.737581e+01,  2.636862e+02
  1.791154e+01,  2.712815e+02
  1.882895e+01,  2.794045e+02
  1.984165e+01,  2.871912e+02
  2.166725e+01,  2.945412e+02
  2.437379e+01,  3.016205e+02
  2.608502e+01,  3.063656e+02
  2.573549e+01,  3.088913e+02
  2.475494e+01,  3.095334e+02
  2.432123e+01,  3.099159e+02
  2.372285e+01,  3.085068e+02
  2.229902e+01,  3.030183e+02
  2.123820e+01,  2.953225e+02
  2.124462e+01,  2.883590e+02
  2.137813e+01,  2.825379e+02
  2.051465e+01,  2.763419e+02
  1.825592e+01,  2.718383e+02
  1.553641e+01,  2.692295e+02
  1.325239e+01,  2.716086e+02
  1.199312e+01,  2.736772e+02
  1.183758e+01,  2.722750e+02
  1.352393e+01,  2.642859e+02
  1.649066e+01,  2.600436e+02
  1.983182e+01,  2.580952e+02
  2.377597e+01,  2.582931e+02
  2.986192e+01,  2.582012e+02
  3.523365e+01,  2.609463e+02
  3.758949e+01,  2.645451e+02
  2.851718e+01,  2.648257e+02
  6.438987e+00,  2.301292e+02
  7.874070e+00,  4.731265e+01
  1.533605e+00,  2.091582e+02
  3.773246e-01,  4.745993e+01
  1.283703e-01,  1.017362e+02
  2.478559e-01,  4.917320e+01
  9.651712e-02,  1.119977e+02
  2.525474e-01,  5.044703e+01
  1.001202e-01,  1.157381e+02
  2.277451e-01,  5.127711e+01
  1.075064e-01,  1.002471e+02
  2.095757e-01,  5.414256e+01
  9.697241e-02,  8.774464e+01
  2.210204e-01,  5.556597e+01
  1.050439e-01,  8.657071e+01
  1.796611e-01,  5.650948e+01
  1.224618e-01,  7.607068e+01
  1.777808e-01,  6.242003e+01
  1.319475e-01,  6.858191e+01
  1.775926e-01,  6.153768e+01
  1.525297e-01,  7.104811e+01
  1.407911e-01,  6.328790e+01
  1.650241e-01,  6.019210e+01
  1.507059e-01,  7.215573e+01
  1.488134e-01,  5.924037e+01
  1.419335e-01,  6.853194e+01
  1.685976e-01,  5.916405e+01
  1.194002e-01,  7.331223e+01
  1.628410e-01,  6.130414e+01
  1.430046e-01,  7.111512e+01
  1.568378e-01,  6.306745e+01
  1.458842e-01,  6.812659e+01
  1.822669e-01,  6.275622e+01
  1.367399e-01,  7.285758e+01
  1.765559e-01,  5.903475e+01
  1.338231e-01,  7.272520e+01
  1.595192e-01,  6.532468e+01
  1.359346e-01,  6.667244e+01
  1.667384e-01,  6.418345e+01
  1.431590e-01,  7.078462e+01
  1.606378e-01,  6.314414e+01
  1.548921e-01,  6.954252e+01
  1.459393e-01,  7.044649e+01
  1.431661e-01,  6.680295e+01
  1.518772e-01,  6.403094e+01
  1.413121e-01,  6.327039e+01
  1.471533e-01,  6.334580e+01
  1.627060e-01,  6.536989e+01
  1.260968e-01,  6.877698e+01
  1.688378e-01,  5.904769e+01
  1.453006e-01,  7.266350e+01
  1.614347e-01,  6.520686e+01
  1.366637e-01,  6.901899e+01
  1.606486e-01,  6.635253e+01
  1.408409e-01,  6.796147e+01
  1.514489e-01,  5.751280e+01
  1.501221e-01,  7.208198e+01
  1.460692e-01,  6.445898e+01
  1.413469e-01,  6.595318e+01
  1.618289e-01,  6.173441e+01
  1.328115e-01,  6.813640e+01
  1.486588e-01,  6.607937e+01
  1.532713e-01,  6.299100e+01
  1.566686e-01,  6.819398e+01
  1.465803e-01,  6.145933e+01
  1.502234e-01,  6.486228e+01
  1.478252e-01,  6.785233e+01
  1.422877e-01,  6.666358e+01
  1.558674e-01,  6.414874e+01
  1.318804e-01,  7.270361e+01
  1.559001e-01,  6.291694e+01
  1.462018e-01,  6.555079e+01
  1.578134e-01,  6.623663e+01
  1.362659e-01,  6.099000e+01
  1.564850e-01,  6.257565e+01
  1.372921e-01,  6.958850e+01
  1.459031e-01,  6.515302e+01
  1.514222e-01,  6.287048e+01
  1.472054e-01,  6.707099e+01
  1.366308e-01,  6.509060e+01
  1.559765e-01,  6.194379e+01
  1.546775e-01,  7.193120e+01
  1.419474e-01,  6.211310e+01
  1.583729e-01,  6.331421e+01
  1.421616e-01,  6.647003e+01
  1.444122e-01,  6.319798e+01
  1.600535e-01,  6.288569e+01
  1.522650e-01,  6.875075e+01
  1.349342e-01,  6.494626e+01
  1.514132e-01,  6.474946e+01
  1.434455e-01,  6.893438e+01
  1.428809e-01,  6.291774e+01
  1.578160e-01,  6.837130e+01
  1.469644e-01,  6.832229e+01
  1.414280e-01,  6.631675e+01
  1.505885e-01,  6.167119e+01
  1.443801e-01,  6.687392e+01
  1.470331e-01,  6.313852e+01
  1.496300e-01,  6.200539e+01
  1.666047e-01,  6.862604e+01
  1.337422e-01,  6.897057e+01
  1.587390e-01,  6.247918e+01
  1.598298e-01,  7.001324e+01
  1.413216e-01,  6.834123e+01
  1.540889e-01,  6.516846e+01
  1.440784e-01,  6.888900e+01
  1.501787e-01,  6.578726e+01
  1.444264e-01,  6.260000e+01
  1.569776e-01,  7.052885e+01
  1.443739e-01,  6.566855e+01
  1.362050e-01,  6.077321e+01
  1.483129e-01,  6.496967e+01
  1.428775e-01,  6.716113e+01
  1.520050e-01,  6.628901e+01
  1.466532e-01,  6.553160e+01
  1.377956e-01,  6.555959e+01
  1.526472e-01,  5.798750e+01
  1.545693e-01,  6.665683e+01
  1.459667e-01,  6.688352e+01
  1.471123e-01,  6.480265e+01
  1.634005e-01,  6.602933e+01
  1.467047e-01,  6.680698e+01
  1.522871e-01,  6.307293e+01
  1.551076e-01,  6.921888e+01
  1.441117e-01,  6.965061e+01
  1.510732e-01,  6.101478e+01
  1.563761e-01,  6.451614e+01
  1.442804e-01,  6.915758e+01
  1.501811e-01,  6.353227e+01
  1.496621e-01,  6.709634e+01
  1.432576e-01,  6.669052e+01
  1.476497e-01,  6.545285e+01
  1.615824e-01,  6.648761e+01
  1.507213e-01,  6.601540e+01
  1.500044e-01,  6.538265e+01
  1.585253e-01,  6.394061e+01
  1.391270e-01,  6.938035e+01
  1.521644e-01,  6.308236e+01
  1.587814e-01,  6.566245e+01
  1.438006e-01,  6.764901e+01
  1.375415e-01,  6.497118e+01
  1.577116e-01,  6.637603e+01
  1.438273e-01,  6.792633e+01
  1.454233e-01,  6.255937e+01
  1.504973e-01,  6.654884e+01
  1.573804e-01,  7.063782e+01
  1.462764e-01,  6.714484e+01
  1.553338e-01,  6.527991e+01
  1.454005e-01,  6.613537e+01
  1.425664e-01,  6.033642e+01
  1.646253e-01,  6.222218e+01
  1.432200e-01,  6.651156e+01
  1.472762e-01,  6.262546e+01
  1.435040e-01,  6.443093e+01
  1.530887e-01,  6.564328e+01
  1.545906e-01,  5.995957e+01
  1.584066e-01,  6.575214e+01
  1.506691e-01,  6.830707e+01
  1.440965e-01,  6.206545e+01
  1.561133e-01,  6.827193e+01
  1.590946e-01,  6.857057e+01
  1.437889e-01,  6.429357e+01
  1.575876e-01,  6.318693e+01
  1.552692e-01,  6.928468e+01
  1.345233e-01,  6.049486e+01
  1.606071e-01,  6.265454e+01
  1.524569e-01,  6.603387e+01
  1.353845e-01,  6.548939e+01
  1.473091e-01,  6.395232e+01
  1.514000e-01,  6.980138e+01
  1.434645e-01,  6.991983e+01
  1.511630e-01,  5.992998e+01
  1.509993e-01,  7.156662e+01
  1.460570e-01,  6.252181e+01
  1.573151e-01,  5.896086e+01
  1.485626e-01,  6.714479e+01
  1.401578e-01,  6.529543e+01
  1.577890e-01,  6.371030e+01
  1.505525e-01,  6.963040e+01
  1.325869e-01,  6.923859e+01
  1.555843e-01,  6.287103e+01
  1.638729e-01,  6.654519e+01
  1.323872e-01,  6.552748e+01
  1.516994e-01,  5.988109e+01
  1.632705e-01,  6.724129e+01
  1.413770e-01,  6.756951e+01
  1.554390e-01,  6.276131e+01
  1.543165e-01,  6.731919e+01
  1.438031e-01,  6.864438e+01
  1.496674e-01,  6.320684e+01
  1.492270e-01,  6.654468e+01
  1.436952e-01,  6.730502e+01
  1.582646e-01,  6.039333e+01
  1.619279e-01,  6.902613e+01
  1.396679e-01,  6.498667e+01
  1.422163e-01,  6.346803e+01
  1.481223e-01,  6.559100e+01
  1.341472e-01,  6.822185e+01
  1.437576e-01,  6.117581e+01
  1.482218e-01,  6.663836e+01
  1.468511e-01,  7.096197e+01
  1.489769e-01,  5.961800e+01
  1.478314e-01,  6.760404e+01
  1.507697e-01,  6.426231e+01
  1.480403e-01,  6.550797e+01
  1.552133e-01,  6.362070e+01
  1.405065e-01,  6.574041e+01
  1.431597e-01,  6.450940e+01
  1.522361e-01,  6.674726e+01
  1.386797e-01,  6.530555e+01
  1.472424e-01,  6.453751e+01
  1.544653e-01,  6.770771e+01
  1.533599e-01,  6.945588e+01
  1.492064e-01,  6.568081e+01
  1.592687e-01,  6.084545e+01
  1.532868e-01,  7.105996e+01
  1.495637e-01,  6.106235e+01
  1.524381e-01,  6.431256e+01
  1.343927e-01,  6.878590e+01
  1.438227e-01,  6.372748e+01
  1.488023e-01,  6.495618e+01
  1.463408e-01,  6.855494e+01
  1.455419e-01,  6.135816e+01
  1.533003e-01,  6.345867e+01
  1.530434e-01,  6.805688e+01
  1.424693e-01,  6.316514e+01
  1.604082e-01,  6.300630e+01
  1.405904e-01,  6.888217e+01
  1.405639e-01,  6.603910e+01
  1.663500e-01,  6.190600e+01
  1.460220e-01,  6.607160e+01
  1.398715e-01,  6.375132e+01
  1.663113e-01,  6.931926e+01
  1.586733e-01,  6.670789e+01
  1.420692e-01,  6.462826e+01
  1.585536e-01,  6.204617e+01
  1.438695e-01,  6.853658e+01
  1.340233e-01,  6.584509e+01
  1.474473e-01,  6.482674e+01
  1.392567e-01,  7.031555e+01
  1.471590e-01,  6.697296e+01
  1.576718e-01,  6.577939e+01
  1.470635e-01,  6.914812e+01
  1.479712e-01,  6.631590e+01
  1.477797e-01,  6.300667e+01
  1.468103e-01,  6.953018e+01
  1.346978e-01,  5.981427e+01
  1.591168e-01,  6.433234e+01
  1.598791e-01,  6.714360e+01
  1.355854e-01,  6.386568e+01
  1.582434e-01,  6.375123e+01
  1.501690e-01,  6.749055e+01
  1.395543e-01,  6.586460e+01
  1.553366e-01,  6.265107e+01
  1.474533e-01,  6.364486e+01
  1.363269e-01,  6.662899e+01
  1.488008e-01,  6.256740e+01
  1.438846e-01,  6.619628e+01
  1.555577e-01,  6.650872e+01
  1.462745e-01,  6.064570e+01
  1.557813e-01,  7.252540e+01
  1.522820e-01,  6.856786e+01
  1.480456e-01,  6.699555e+01
  1.565569e-01,  6.967319e+01
  1.362176e-01,  6.827689e+01
  1.417288e-01,  6.099555e+01
  1.417563e-01,  6.620020e+01
  1.457563e-01,  6.959992e+01
  1.457350e-01,  6.252599e+01
  1.566802e-01,  6.556780e+01
  1.416776e-01,  6.848551e+01
  1.517234e-01,  6.338291e+01
  1.622701e-01,  6.591597e+01
  1.467577e-01,  6.818734e+01
  1.464092e-01,  6.058334e+01
  1.542905e-01,  6.778229e+01
  1.408216e-01,  6.555686e+01
  1.406649e-01,  6.502816e+01
  1.480994e-01,  6.740401e+01
  1.404765e-01,  6.718846e+01
  1.514019e-01,  6.582716e+01
  1.491148e-01,  6.768198e+01
  1.435992e-01,  6.823974e+01
  1.428206e-01,  6.159377e+01
  1.541963e-01,  6.826826e+01
  1.410638e-01,  6.502449e+01
  1.534639e-01,  6.060423e+01
  1.516444e-01,  6.937894e+01
  1.485670e-01,  7.023912e+01
  1.609327e-01,  6.405048e+01
  1.538789e-01,  6.612685e+01
  1.476889e-01,  6.828993e+01
  1.483689e-01,  6.593353e+01
  1.572432e-01,  6.293960e+01
  1.512528e-01,  6.831294e+01
  1.469423e-01,  6.768385e+01
  1.494002e-01,  6.446857e+01
  1.407246e-01,  7.127765e+01
  1.471191e-01,  6.467071e+01
  1.538993e-01,  6.482053e+01
  1.458589e-01,  7.206516e+01
  1.397349e-01,  6.634327e+01
  1.543740e-01,  6.616397e+01
  1.538221e-01,  6.511090e+01
  1.334563e-01,  6.328612e+01
  1.603398e-01,  6.422968e+01
  1.501363e-01,  6.869950e+01
  1.437518e-01,  6.595007e+01
  1.511944e-01,  5.963849e+01
  1.594325e-01,  6.821738e+01
  1.390430e-01,  6.546258e+01
  1.432189e-01,  6.602279e+01
  1.487711e-01,  6.899683e+01
  1.416993e-01,  6.725321e+01
  1.437550e-01,  6.179294e+01
  1.425494e-01,  6.586376e+01
  1.527313e-01,  6.757818e+01
  1.485367e-01,  6.664676e+01
  1.552481e-01,  6.738778e+01
  1.324989e-01,  6.381141e+01
  1.599132e-01,  6.689501e+01
  1.521012e-01,  6.741738e+01
  1.354513e-01,  6.869996e+01
  1.552656e-01,  6.554964e+01
  1.549840e-01,  6.943792e+01
  1.356415e-01,  6.650057e+01
  1.584835e-01,  6.628016e+01
  1.560464e-01,  6.565437e+01
  1.573291e-01,  6.779062e+01
  1.563538e-01,  6.056231e+01
  1.530457e-01,  6.691462e+01
  1.444534e-01,  6.079948e+01
  1.562584e-01,  6.570087e+01
  2.194014e-01,  1.513747e+02
  3.198290e+00,  1.791518e+02
  9.455017e+00,  1.789871e+02
  1.414525e+01,  1.711494e+02
  1.603859e+01,  1.595948e+02
  1.715970e+01,  1.487655e+02
  1.728142e+01,  1.385147e+02
  1.656611e+01,  1.296081e+02
  1.524647e+01,  1.222293e+02
  1.332328e+01,  1.167996e+02
  1.097666e+01,  1.134176e+02
  8.945116e+00,  1.091991e+02
  7.752377e+00,  9.831452e+01
  7.867527e+00,  8.298701e+01
  9.059599e+00,  7.241264e+01
  1.073915e+01,  6.903735e+01
  1.252844e+01,  7.118091e+01
  1.426382e+01,  7.848625e+01
  1.584869e+01,  8.900022e+01
  1.709754e+01,  9.837352e+01
  1.794508e+01,  1.039515e+02
  1.874533e+01,  1.056930e+02
  1.936772e+01,  1.046511e+02
  1.937070e+01,  1.018181e+02
  1.897232e+01,  9.665720e+01
  1.831475e+01,  8.918590e+01
  1.682718e+01,  8.213191e+01
  1.432543e+01,  7.682603e+01
  1.143411e+01,  7.365889e+01
  8.546856e+00,  7.234766e+01
  5.735752e+00,  7.985054e+01
  4.149812e+00,  1.136233e+02
  5.367370e+00,  1.489550e+02
  7.668799e+00,  1.613909e+02
  1.015176e+01,  1.650307e+02
  1.253765e+01,  1.647021e+02
  1.413282e+01,  1.610716e+02
  1.476707e+01,  1.549719e+02
  1.492429e+01,  1.475072e+02
  1.481421e+01,  1.403802e+02
  1.406822e+01,  1.330695e+02
  1.268655e+01,  1.235705e+02
  1.108085e+01,  1.104475e+02
  9.616360e+00,  9.155372e+01
  9.265575e+00,  6.465008e+01
  1.110726e+01,  3.969461e+01
  1.418630e+01,  2.434655e+01
  1.671934e+01,  1.578224e+01
  1.774297e+01,  1.078146e+01
  1.695902e+01,  8.402072e+00
  1.473805e+01,  9.735647e+00
  1.185614e+01,  1.768305e+01
  9.635933e+00,  3.540434e+01
  9.310317e+00,  6.254340e+01
  1.138421e+01,  8.783860e+01
  1.493325e+01,  1.032572e+02
  1.849739e+01,  1.118392e+02
  2.126209e+01,  1.163534e+02
  2.351192e+01,  1.191782e+02
  2.456908e+01,  1.202192e+02
  2.357227e+01,  1.198456e+02
  2.054449e+01,  1.179109e+02
  1.696464e+01,  1.140628e+02
  1.389652e+01,  1.080567e+02
  1.127301e+01,  9.882193e+01
  9.660783e+00,  8.558588e+01
  9.798011e+00,  7.201960e+01
  1.110406e+01,  6.432402e+01
  1.225216e+01,  5.989258e+01
  1.206794e+01,  5.617656e+01
  1.020236e+01,  4.987921e+01
  7.403282e+00,  3.730273e+01
  5.295203e+00,  1.335260e+01
  5.312878e+00,  3.481620e+02
  6.835227e+00,  3.427258e+02
  8.730464e+00,  3.461213e+02
  9.899625e+00,  3.466550e+02
  9.655856e+00,  3.400758e+02
  8.753805e+00,  3.226918e+02
  9.150987e+00,  2.978368e+02
  1.138900e+01,  2.790474e+02
  1.406181e+01,  2.685301e+02
  1.604748e+01,  2.615579e+02
  1.699764e+01,  2.553009e+02
  1.693305e+01,  2.481905e+02
  1.639785e+01,  2.392562e+02
  1.616672e+01,  2.296280e+02
  1.615432e+01,  2.201016e+02
  1.608874e+01,  2.088207e+02
  1.637662e+01,  1.965923e+02
  1.708794e+01,  1.865625e+02
  1.764728e+01,  1.807468e+02
  1.755527e+01,  1.795973e+02
  1.654828e+01,  1.835728e+02
  1.489775e+01,  1.926183e+02
  1.316249e+01,  2.050134e+02
  1.155524e+01,  2.200736e+02
  1.066365e+01,  2.384665e+02
  1.110502e+01,  2.573415e+02
  1.245254e+01,  2.717179e+02
  1.387537e+01,  2.808329e+02
  1.508975e+01,  2.856942e+02
  1.575872e+01,  2.863721e+02
  1.542506e+01,  2.839976e+02
  1.401970e+01,  2.790955e+02
  1.198222e+01,  2.719512e+02
  9.913825e+00,  2.623698e+02
  8.088706e+00,  2.509399e+02
  6.237806e+00,  2.403926e+02
  4.229900e+00,  2.321274e+02
  2.635151e+00,  2.273134e+02
  2.184616e+00,  2.234162e+02
  2.828216e+00,  2.148018e+02
  3.887257e+00,  2.036861e+02
  5.096635e+00,  1.918034e+02
  6.975937e+00,  1.795077e+02
  9.465675e+00,  1.653141e+02
  1.167349e+01,  1.482099e+02
  1.287247e+01,  1.287566e+02
  1.336069e+01,  1.107724e+02
  1.355806e+01,  9.928205e+01
  1.375241e+01,  9.442826e+01
  1.405059e+01,  9.393720e+01
  1.451951e+01,  9.794749e+01
  1.528356e+01,  1.048823e+02
  1.589388e+01,  1.105341e+02
  1.580355e+01,  1.133228e+02
  1.515983e+01,  1.140988e+02
  1.431309e+01,  1.145745e+02
  1.341693e+01,  1.147293e+02
  1.255530e+01,  1.145254e+02
  1.188826e+01,  1.144409e+02
  1.158602e+01,  1.148833e+02
  1.132503e+01,  1.162405e+02
  1.075101e+01,  1.179407e+02
  9.775880e+00,  1.190452e+02
  8.401256e+00,  1.200327e+02
  6.268797e+00,  1.231049e+02
  3.382396e+00,  1.313006e+02
  8.274921e-01,  2.067241e+02
  3.539730e+00,  2.855101e+02
  6.924272e+00,  2.916268e+02
  9.920419e+00,  2.908351e+02
  1.174719e+01,  2.859897e+02
  1.172718e+01,  2.772245e+02
  1.006534e+01,  2.623309e+02
  7.970156e+00,  2.375113e+02
  6.921565e+00,  2.021127e+02
  7.533745e+00,  1.657332e+02
  9.280076e+00,  1.386201e+02
  1.144192e+01,  1.199713e+02
  1.364757e+01,  1.073669e+02
  1.552233e+01,  9.983516e+01
  1.677652e+01,  9.619349e+01
  1.745467e+01,  9.556101e+01
  1.801884e+01,  9.667876e+01
  1.900721e+01,  9.860791e+01
  2.043279e+01,  9.950158e+01
  2.153586e+01,  9.893795e+01
  2.137191e+01,  9.679598e+01
  1.973505e+01,  9.345872e+01
  1.698362e+01,  9.108193e+01
  1.358869e+01,  9.128100e+01
  1.027433e+01,  9.767702e+01
  8.115393e+00,  1.121947e+02
  7.425494e+00,  1.265635e+02
  6.816089e+00,  1.329552e+02
  5.519280e+00,  1.367096e+02
  4.243099e+00,  1.470217e+02
  4.106761e+00,  1.632593e+02
  5.187409e+00,  1.704691e+02
  6.842279e+00,  1.673856e+02
  8.763694e+00,  1.586759e+02
  1.082049e+01,  1.483847e+02
  1.284525e+01,  1.389617e+02
  1.482989e+01,  1.302235e+02
  1.672455e+01,  1.229765e+02
  1.859548e+01,  1.174574e+02
  2.043222e+01,  1.129289e+02
  2.188190e+01,  1.087511e+02
  2.272164e+01,  1.060141e+02
  2.201531e+01,  1.047571e+02
  1.958299e+01,  1.059788e+02
  1.645496e+01,  1.129911e+02
  1.336127e+01,  1.281036e+02
  1.173046e+01,  1.531598e+02
  1.240539e+01,  1.782125e+02
  1.403229e+01,  1.956651e+02
  1.549004e+01,  2.071827e+02
  1.635598e+01,  2.149260e+02
  1.620978e+01,  2.191307e+02
  1.546386e+01,  2.205780e+02
  1.514786e+01,  2.192433e+02
  1.555784e+01,  2.172443e+02
  1.570447e+01,  2.154031e+02
  1.519458e+01,  2.138236e+02
  1.421847e+01,  2.105782e+02
  1.196425e+01,  2.063367e+02
  3.138837e+00,  1.807338e+02
  1.932588e+00,  9.437875e+00
  1.810038e-01,  1.538486e+02
  1.508685e-01,  6.253386e+01
  1.605826e-01,  6.704712e+01
  1.481437e-01,  5.818404e+01
  1.615912e-01,  6.855326e+01
  1.468092e-01,  6.157345e+01
  1.658206e-01,  6.841633e+01
  1.548945e-01,  6.376111e+01
  1.486310e-01,  7.016002e+01
  1.534089e-01,  6.161961e+01
  1.551483e-01,  7.132289e+01
  1.406323e-01,  6.097303e+01
  1.572162e-01,  6.929379e+01
  1.520446e-01,  6.204070e+01
  1.403521e-01,  6.662972e+01
  1.579194e-01,  6.003711e+01
  1.545810e-01,  6.751859e+01
  1.364180e-01,  6.691981e+01
  1.475592e-01,  6.819141e+01
  1.582990e-01,  6.764474e+01
  1.354603e-01,  6.124666e+01
  1.528812e-01,  6.320570e+01
  1.507272e-01,  6.365579e+01
  1.406456e-01,  7.098780e+01
  1.498378e-01,  6.246929e+01
  1.556312e-01,  6.828830e+01
  1.351684e-01,  6.561982e+01
  1.551493e-01,  6.371476e+01
  1.500177e-01,  6.906633e+01
  1.427632e-01,  6.682709e+01
  1.513812e-01,  6.576358e+01
  1.612157e-01,  6.477080e+01
  1.363715e-01,  6.636812e+01
  1.442204e-01,  6.336575e+01
  1.503339e-01,  6.710901e+01
  1.371796e-01,  6.652714e+01
  1.510393e-01,  6.320449e+01
  1.576153e-01,  7.171156e+01
  1.479074e-01,  6.287820e+01
  1.495982e-01,  6.301204e+01
  1.602986e-01,  6.509020e+01
  1.414258e-01,  6.721807e+01
  1.551286e-01,  6.041471e+01
  1.478963e-01,  6.788195e+01
  1.427473e-01,  7.071864e+01
  1.517072e-01,  6.403958e+01
  1.554429e-01,  6.838840e+01
  1.405782e-01,  6.783441e+01
  1.425630e-01,  6.681317e+01
  1.570690e-01,  6.111029e+01
  1.436814e-01,  6.569301e+01
  1.450659e-01,  6.162283e+01
  1.538014e-01,  6.319708e+01
  1.323243e-01,  7.153175e+01
  1.492969e-01,  6.392715e+01
  1.557663e-01,  6.869778e+01
  1.402172e-01,  6.979799e+01
  1.496675e-01,  6.083898e+01
  1.521617e-01,  6.650714e+01
  1.512048e-01,  6.254843e+01
  1.485520e-01,  6.313669e+01
  1.547094e-01,  6.588093e+01
  1.404453e-01,  6.762385e+01
  1.451832e-01,  6.442725e+01
  1.479083e-01,  6.225843e+01
  1.372392e-01,  6.687537e+01
  1.435001e-01,  6.290951e+01
  1.492479e-01,  6.083567e+01
  1.453662e-01,  7.314011e+01
  1.401503e-01,  6.208319e+01
  1.503528e-01,  5.905704e+01
  1.523453e-01,  7.230666e+01
  1.421880e-01,  6.417262e+01
  1.544583e-01,  6.587580e+01
  1.523682e-01,  6.853631e+01
  1.322330e-01,  6.443028e+01
  1.462399e-01,  6.053659e+01
  1.461225e-01,  7.155531e+01
  1.240726e-01,  6.157629e+01
  1.558739e-01,  6.188761e+01
  1.492957e-01,  7.435833e+01
  1.367720e-01,  6.811650e+01
  1.570190e-01,  6.664794e+01
  1.467326e-01,  6.732423e+01
  1.397073e-01,  6.549492e+01
  1.405292e-01,  6.858487e+01
  1.456362e-01,  6.856276e+01
  1.345959e-01,  6.541033e+01
  1.436082e-01,  6.466720e+01
  1.423844e-01,  6.521087e+01
  1.430168e-01,  6.889390e+01
  1.618391e-01,  6.150466e+01
  1.558437e-01,  6.645409e+01
  1.383032e-01,  6.614239e+01
  1.591899e-01,  6.488058e+01
  1.532664e-01,  6.969390e+01
  1.462473e-01,  6.486080e+01
  1.556771e-01,  6.542859e+01
  1.480636e-01,  6.854721e+01
  1.596527e-01,  6.868685e+01
  1.463724e-01,  6.465949e+01
  1.499169e-01,  6.960099e+01
  1.416801e-01,  6.223695e+01
  1.509686e-01,  6.153586e+01
  1.624592e-01,  6.677929e+01
  1.435187e-01,  6.470004e+01
  1.563163e-01,  6.582473e+01
  1.549616e-01,  6.588318e+01
  1.455997e-01,  6.762969e+01
  1.451122e-01,  5.851833e+01
  1.441697e-01,  6.369596e+01
  1.415535e-01,  6.837628e+01
  1.533019e-01,  6.232161e+01
  1.587167e-01,  7.119350e+01
  1.385232e-01,  7.000649e+01
  1.483627e-01,  6.020594e+01
  1.632585e-01,  7.014901e+01
  1.456205e-01,  6.772422e+01
  1.439412e-01,  6.771888e+01
  1.553418e-01,  6.704438e+01
  1.383230e-01,  6.228437e+01
  1.516350e-01,  6.379454e+01
  1.613283e-01,  6.470902e+01
  1.468952e-01,  6.869498e+01
  1.563304e-01,  6.257325e+01
  1.642522e-01,  6.761060e+01
  1.503192e-01,  6.434971e+01
  1.570897e-01,  6.601315e+01
  1.593310e-01,  6.960031e+01
  1.390364e-01,  6.610953e+01
  1.511312e-01,  6.025342e+01
  1.654208e-01,  6.393620e+01
  1.487443e-01,  7.378786e+01
  1.397929e-01,  6.391512e+01
  1.555586e-01,  6.726023e+01
  1.362575e-01,  6.782500e+01
  1.483010e-01,  6.056245e+01
  1.624087e-01,  6.529200e+01
  1.404102e-01,  6.587147e+01
  1.473964e-01,  6.570812e+01
  1.634217e-01,  6.333258e+01
  1.418901e-01,  6.767102e+01
  1.469164e-01,  6.490617e+01
  1.585384e-01,  6.381584e+01
  1.444795e-01,  6.963037e+01
  1.464931e-01,  6.455215e+01
  1.576856e-01,  6.538609e+01
  1.590124e-01,  6.631644e+01
  1.446766e-01,  6.776416e+01
  1.674243e-01,  6.668883e+01
  1.471296e-01,  7.167875e+01
  1.436613e-01,  6.147485e+01
  1.632232e-01,  6.775372e+01
  1.477011e-01,  6.987819e+01
  1.522596e-01,  6.010681e+01
  1.490013e-01,  6.437857e+01
  1.540195e-01,  6.673586e+01
  1.466131e-01,  6.461357e+01
  1.502740e-01,  6.062583e+01
  1.482353e-01,  7.037361e+01
  1.448819e-01,  6.551971e+01
  1.601078e-01,  6.520242e+01
  1.592461e-01,  6.432037e+01
  1.404439e-01,  6.640732e+01
  1.612712e-01,  6.592911e+01
  1.639019e-01,  6.636173e+01
  1.319958e-01,  6.248910e+01
  1.600719e-01,  6.323828e+01
  1.485027e-01,  6.813823e+01
  1.425511e-01,  6.389415e+01
  1.563454e-01,  6.576227e+01
  1.486694e-01,  6.498866e+01
  1.391858e-01,  6.663524e+01
  1.369439e-01,  6.385182e+01
  1.553665e-01,  7.072917e+01
  1.450013e-01,  6.677286e+01
  1.462892e-01,  6.021450e+01
  1.544788e-01,  6.819147e+01
  1.385444e-01,  6.541639e+01
  1.493606e-01,  5.834879e+01
  1.503030e-01,  6.639247e+01
  1.405875e-01,  6.573555e+01
  1.520551e-01,  6.307737e+01
  1.493654e-01,  6.436693e+01
  1.490297e-01,  6.245004e+01
  1.488975e-01,  6.857426e+01
  1.516911e-01,  6.491782e+01
  1.382962e-01,  6.642031e+01
  1.490669e-01,  6.229349e+01
  1.417715e-01,  6.481162e+01
  1.448785e-01,  7.011635e+01
  1.566385e-01,  6.169449e+01
  1.405669e-01,  6.661050e+01
  1.448530e-01,  6.754004e+01
  1.435277e-01,  6.189442e+01
  1.557099e-01,  6.765642e+01
  1.498711e-01,  6.996557e+01
  1.486481e-01,  6.098755e+01
  1.540116e-01,  6.712299e+01
  1.581931e-01,  6.926428e+01
  1.393476e-01,  6.339644e+01
  1.573295e-01,  6.849864e+01
  1.525054e-01,  7.030279e+01
  1.439417e-01,  6.077522e+01
  1.630974e-01,  6.642544e+01
  1.387440e-01,  7.247457e+01
  1.507829e-01,  6.253932e+01
  1.569071e-01,  6.775337e+01
  1.381355e-01,  6.551944e+01
  1.358442e-01,  6.534678e+01
  1.582116e-01,  6.708505e+01
  1.413119e-01,  6.549905e+01
  1.495727e-01,  6.161025e+01
  1.647758e-01,  6.747705e+01
  1.387989e-01,  7.079319e+01
  1.469271e-01,  6.061477e+01
  1.603015e-01,  6.667886e+01
  1.508039e-01,  6.697413e+01
  1.411654e-01,  6.594704e+01
  1.538557e-01,  6.741489e+01
  1.530300e-01,  6.697008e+01
  1.397211e-01,  6.153683e+01
  1.508836e-01,  6.245985e+01
  1.502205e-01,  6.695734e+01
  1.337546e-01,  6.305100e+01
  1.506553e-01,  6.285180e+01
  1.441434e-01,  6.776506e+01
  1.374306e-01,  6.269104e+01
  1.509634e-01,  6.172698e+01
  1.524036e-01,  6.930591e+01
  1.445247e-01,  6.274363e+01
  1.536659e-01,  6.404918e+01
  1.474431e-01,  7.168093e+01
  1.325699e-01,  6.647974e+01
  1.594268e-01,  6.186681e+01
  1.504360e-01,  6.832958e+01
  1.391987e-01,  6.932951e+01
  1.507184e-01,  6.419053e+01
  1.544391e-01,  7.052624e+01
  1.310463e-01,  6.531509e+01
  1.552722e-01,  5.984739e+01
  1.564948e-01,  6.897735e+01
  1.319662e-01,  6.767023e+01
  1.595594e-01,  6.276629e+01
  1.522360e-01,  6.906237e+01
  1.450349e-01,  6.595946e+01
  1.559454e-01,  6.355140e+01
  1.547081e-01,  6.930321e+01
  1.392650e-01,  6.513993e+01
  1.525590e-01,  6.285887e+01
  1.526682e-01,  6.988024e+01
  1.305966e-01,  6.894871e+01
  1.519169e-01,  6.012352e+01
  1.534650e-01,  6.775362e+01
  1.434644e-01,  6.731887e+01
  1.633079e-01,  6.257452e+01
  1.473858e-01,  6.856312e+01
  1.542799e-01,  6.585342e+01
  1.573338e-01,  6.383656e+01
  1.564987e-01,  6.948096e+01
  1.522210e-01,  6.846564e+01
  1.427296e-01,  6.184007e+01
  1.627784e-01,  6.843662e+01
  1.407483e-01,  6.967337e+01
  1.506972e-01,  6.263759e+01
  1.483286e-01,  6.719174e+01
  1.414212e-01,  6.610805e+01
  1.529304e-01,  6.446329e+01
  1.619984e-01,  6.565751e+01
  1.491213e-01,  6.809477e+01
  1.519217e-01,  6.339750e+01
  1.569416e-01,  6.383428e+01
  1.355185e-01,  6.727401e+01
  1.459619e-01,  5.750690e+01
  1.498225e-01,  6.988193e+01
  1.480929e-01,  6.810357e+01
  1.505989e-01,  6.089173e+01
  1.575431e-01,  6.539225e+01
  1.411854e-01,  6.651323e+01
  1.445588e-01,  6.334478e+01
  1.548981e-01,  6.437065e+01
  1.563372e-01,  6.725564e+01
  1.540855e-01,  6.559580e+01
  1.558206e-01,  6.916858e+01
  1.384578e-01,  6.529935e+01
  1.410062e-01,  6.346814e+01
  1.539352e-01,  6.491710e+01
  1.368643e-01,  6.952232e+01
  1.524085e-01,  6.333224e+01
  1.634810e-01,  6.745588e+01
  1.422383e-01,  6.821462e+01
  1.440849e-01,  6.163274e+01
  1.573156e-01,  6.756436e+01
  1.444594e-01,  6.456053e+01
  1.448777e-01,  6.371806e+01
  1.465316e-01,  6.621923e+01
  1.496012e-01,  6.601596e+01
  1.561459e-01,  6.275170e+01
  1.558120e-01,  6.501548e+01
  1.344158e-01,  6.627462e+01
  1.404212e-01,  6.027482e+01
  1.527263e-01,  6.328252e+01
  1.577864e-01,  6.558501e+01
  1.441884e-01,  6.160237e+01
  1.422960e-01,  6.399900e+01
  1.581990e-01,  6.453066e+01
  1.414887e-01,  6.402502e+01
  1.706575e-01,  6.552414e+01
  1.595456e-01,  6.691713e+01
  1.274359e-01,  6.582245e+01
  1.611726e-01,  6.467141e+01
  1.553790e-01,  6.435628e+01
  1.350050e-01,  6.251453e+01
  1.530613e-01,  6.387904e+01
  1.366619e-01,  6.979613e+01
  1.475854e-01,  6.286708e+01
  1.562991e-01,  6.217321e+01
  1.425424e-01,  7.347163e+01
  1.405787e-01,  6.227833e+01
  1.536089e-01,  6.516323e+01
  1.521580e-01,  7.041731e+01
  1.459735e-01,  6.248775e+01
  1.651844e-01,  6.428430e+01
  1.517664e-01,  6.765715e+01
  1.486607e-01,  6.578866e+01
  1.453817e-01,  6.174296e+01
  1.496376e-01,  7.066615e+01
  1.402515e-01,  6.464383e+01
  1.430582e-01,  5.946753e+01
  1.549151e-01,  7.225230e+01
  1.416889e-01,  6.584419e+01
  1.453704e-01,  6.281969e+01
  1.475165e-01,  6.589072e+01
  1.425924e-01,  6.320501e+01
  1.476061e-01,  6.290796e+01
  1.585760e-01,  6.654043e+01
  1.611809e-01,  6.297586e+01
  1.519464e-01,  6.364792e+01
  1.428324e-01,  6.908405e+01
  1.432804e-01,  6.594530e+01
  1.439148e-01,  6.478807e+01
  1.457114e-01,  6.642812e+01
  1.453882e-01,  6.989776e+01
  1.528897e-01,  6.412097e+01
  1.503428e-01,  6.905411e+01
  1.485224e-01,  6.976298e+01
  1.509152e-01,  6.214057e+01
  1.522844e-01,  6.688637e+01
  1.440526e-01,  6.741811e+01
  1.463842e-01,  6.171770e+01
  1.594676e-01,  6.874410e+01
  1.395580e-01,  7.015135e+01
  1.513869e-01,  6.145684e+01
  1.564981e-01,  6.682545e+01
  1.451911e-01,  7.178302e+01
  1.488190e-01,  6.710313e+01
  1.560282e-01,  6.569372e+01
  1.500010e-01,  6.586434e+01
  1.417693e-01,  6.191609e+01
  1.683594e-01,  6.581261e+01
  1.433027e-01,  6.371194e+01
  1.481757e-01,  6.125212e+01
  1.706901e-01,  6.523092e+01
  1.452518e-01,  6.580815e+01
  1.463584e-01,  6.206165e+01
  1.563412e-01,  6.607327e+01
  1.431713e-01,  7.301915e+01
  1.319872e-01,  6.752121e+01
  1.584939e-01,  6.671049e+01
  1.432006e-01,  6.772116e+01
  1.435062e-01,  5.992770e+01
  1.572089e-01,  6.361686e+01
  1.457968e-01,  6.545792e+01
  1.408484e-01,  5.918143e+01
  1.497114e-01,  6.459836e+01
  1.479712e-01,  6.853305e+01
  1.435621e-01,  6.643131e+01
  1.564405e-01,  6.434030e+01
  1.421048e-01,  7.190446e+01
  1.452970e-01,  6.326588e+01
  1.590747e-01,  6.451583e+01
  1.461522e-01,  7.055257e+01
  1.356776e-01,  6.185888e+01
  1.557745e-01,  6.301226e+01
  1.509024e-01,  6.454429e+01
  1.392229e-01,  6.679964e+01
  1.557142e-01,  6.186904e+01
  1.489916e-01,  7.024732e+01
  1.461754e-01,  6.521386e+01
  1.589207e-01,  6.550177e+01
  1.460416e-01,  7.155565e+01
  1.409095e-01,  6.020541e+01
  1.609568e-01,  6.218070e+01
  1.563842e-01,  6.965440e+01
  1.443480e-01,  6.065035e+01
  1.536853e-01,  6.316497e+01
  1.584584e-01,  7.236560e+01
  1.427129e-01,  5.956023e+01
  1.510432e-01,  6.697247e+01
  1.599251e-01,  6.660858e+01
  1.397132e-01,  6.609449e+01
  1.585572e-01,  6.567970e+01
  1.496756e-01,  6.764859e+01
  1.354710e-01,  6.635555e+01
  1.605192e-01,  6.325166e+01
  1.402279e-01,  6.849030e+01
  1.313514e-01,  6.731628e+01
  1.527833e-01,  6.599018e+01
  1.576209e-01,  6.688047e+01
  1.532757e-01,  7.072226e+01
  1.526283e-01,  6.204778e+01
  1.399433e-01,  6.688723e+01
  1.402650e-01,  6.721422e+01
  1.524334e-01,  6.660965e+01
  1.461173e-01,  7.149864e+01
  1.448200e-01,  6.479669e+01
  1.563330e-01,  6.461949e+01
  1.452942e-01,  6.992195e+01
  1.441510e-01,  6.250220e+01
  1.486236e-01,  5.832826e+01
  1.552510e-01,  6.763783e+01
  1.460563e-01,  6.881163e+01
  1.428131e-01,  6.051925e+01
  1.580686e-01,  6.580472e+01
  1.362926e-01,  6.452629e+01
  1.531659e-01,  6.382157e+01
  1.519420e-01,  6.686204e+01
  1.417849e-01,  6.269227e+01
  1.517256e-01,  6.672583e+01
  1.541999e-01,  6.691051e+01
  1.395555e-01,  6.992561e+01
  1.472225e-01,  6.528105e+01
  1.608000e-01,  7.157279e+01
  1.551474e-01,  6.517649e+01
  1.658862e-01,  6.136868e+01
  1.596074e-01,  7.037645e+01
  1.480713e-01,  7.078320e+01
  1.516610e-01,  6.119461e+01
  1.689527e-01,  6.246805e+01
  1.434691e-01,  7.197222e+01
  1.489079e-01,  6.323562e+01
  1.532997e-01,  6.898400e+01
  1.382287e-01,  7.036174e+01
  1.468683e-01,  6.312179e+01
  1.571504e-01,  6.862651e+01
  1.508087e-01,  7.058113e+01
  1.412368e-01,  6.429947e+01
  1.552791e-01,  6.770616e+01
  1.502956e-01,  6.995511e+01
  1.437015e-01,  6.668347e+01
  1.538238e-01,  6.441537e+01
  1.523764e-01,  7.114889e+01
  1.415851e-01,  6.761736e+01
  1.598430e-01,  6.671257e+01
  1.513367e-01,  6.698742e+01
  1.386724e-01,  6.405618e+01
  1.454519e-01,  6.406633e+01
  1.514469e-01,  6.394055e+01
  1.425064e-01,  6.364975e+01
  1.552879e-01,  6.514934e+01
  1.585107e-01,  7.202423e+01
  1.434421e-01,  6.388865e+01
  1.662349e-01,  6.603850e+01
  1.566837e-01,  6.658255e+01
  1.388168e-01,  6.468655e+01
  1.384372e-01,  6.444142e+01
  1.538276e-01,  7.033786e+01
  1.530320e-01,  6.117858e+01
  1.488883e-01,  6.132771e+01
  1.503371e-01,  6.839246e+01
  1.418597e-01,  6.446076e+01
  1.541478e-01,  6.280157e+01
  1.496506e-01,  6.427707e+01
  1.405649e-01,  6.485996e+01
  1.548672e-01,  6.162566e+01
  1.434917e-01,  7.181511e+01
  1.415173e-01,  6.354144e+01
  1.522947e-01,  6.399705e+01
  1.603143e-01,  6.834955e+01
  1.538724e-01,  6.767841e+01
  1.554574e-01,  6.434521e+01
  1.603732e-01,  6.660684e+01
  1.403363e-01,  6.470632e+01
  1.477639e-01,  6.478697e+01
  1.474589e-01,  6.862712e+01
  1.358278e-01,  6.582210e+01
  1.385156e-01,  6.281666e+01
  1.636466e-01,  6.709381e+01
  1.548749e-01,  6.820788e+01
  1.492185e-01,  6.363358e+01
  1.559659e-01,  6.703115e+01
  1.391301e-01,  6.634942e+01
  1.521579e-01,  6.376344e+01
  1.605806e-01,  6.665896e+01
  1.464310e-01,  7.199044e+01
  1.484274e-01,  6.271958e+01
  1.495970e-01,  6.620273e+01
  1.425746e-01,  6.459602e+01
  1.542496e-01,  6.071506e+01
  1.500731e-01,  6.435702e+01
  1.410330e-01,  6.786976e+01
  1.496510e-01,  6.636239e+01
  1.593982e-01,  6.762561e+01
  1.558746e-01,  6.721505e+01
  1.477660e-01,  6.172674e+01
  1.648366e-01,  6.391589e+01
  1.569062e-01,  7.314473e+01
  1.331405e-01,  6.597094e+01
  1.542294e-01,  6.285988e+01
  1.317583e-01,  6.966595e+01
  1.535587e-01,  6.202871e+01
  1.669925e-01,  6.801588e+01
  1.355384e-01,  6.702617e+01
  1.478014e-01,  6.543654e+01
  1.592660e-01,  6.688251e+01
  1.411193e-01,  7.096856e+01
  1.379509e-01,  6.118707e+01
  1.539594e-01,  6.642994e+01
  1.303417e-01,  6.920890e+01
  1.508834e-01,  6.110374e+01
  1.627975e-01,  6.531480e+01
  1.464498e-01,  7.100266e+01
  1.496181e-01,  6.743706e+01
  1.517595e-01,  6.203756e+01
  1.378069e-01,  6.639332e+01
  1.509839e-01,  6.611546e+01
  1.569291e-01,  6.705392e+01
  1.348895e-01,  6.809711e+01
  1.423186e-01,  6.339713e+01
  1.578937e-01,  6.509408e+01
  1.462364e-01,  7.320992e+01
  1.553391e-01,  5.986015e+01
  1.646906e-01,  6.300414e+01
  1.453433e-01,  6.519389e+01
  1.440263e-01,  6.303721e+01
  1.518237e-01,  6.614726e+01
  1.474257e-01,  6.860978e+01
  1.394102e-01,  6.413044e+01
  1.650664e-01,  6.379627e+01
  1.498755e-01,  7.059863e+01
  1.494679e-01,  6.616704e+01
  1.556804e-01,  6.460231e+01
  1.441597e-01,  7.246787e+01
  1.459755e-01,  6.517065e+01
  1.572399e-01,  6.394001e+01
  1.470746e-01,  7.231990e+01
  1.442455e-01,  5.788256e+01
  1.674312e-01,  6.567659e+01
  1.493068e-01,  6.609597e+01
  1.464350e-01,  6.316985e+01
  1.578529e-01,  6.658300e+01
  1.435937e-01,  6.997379e+01
  1.399308e-01,  6.447190e+01
  1.545453e-01,  6.118865e+01
  1.395610e-01,  6.878862e+01
  1.454604e-01,  6.249207e+01
  1.560509e-01,  6.477460e+01
  1.531503e-01,  6.931529e+01
  1.450667e-01,  6.651127e+01
  1.531931e-01,  6.738261e+01
  1.556615e-01,  6.857273e+01
  1.405276e-01,  6.557465e+01
  1.473410e-01,  6.097080e+01
  1.607362e-01,  6.908595e+01
  1.491465e-01,  6.763861e+01
  1.439148e-01,  6.101751e+01
  1.479428e-01,  6.885479e+01
  1.389328e-01,  6.386158e+01
  1.522779e-01,  6.603189e+01
  1.483936e-01,  7.161825e+01
  1.390784e-01,  6.845316e+01
  1.482192e-01,  6.244577e+01
  1.581986e-01,  6.893433e+01
  1.403573e-01,  6.465604e+01
  1.548791e-01,  5.904785e+01
  1.570615e-01,  6.305118e+01
  1.452057e-01,  6.531466e+01
  1.590476e-01,  6.457685e+01
  1.544831e-01,  6.682375e+01
  1.491607e-01,  6.913054e+01
  1.536456e-01,  6.412178e+01
  1.635252e-01,  6.561154e+01
  1.465830e-01,  6.737278e+01
  1.432317e-01,  6.590135e+01
  1.560669e-01,  6.203610e+01
  1.499820e-01,  6.469873e+01
  1.358486e-01,  6.521966e+01
  1.510038e-01,  6.545790e+01
  1.494802e-01,  6.808771e+01
  1.416534e-01,  6.386714e+01
  1.584457e-01,  6.468045e+01
  1.346933e-01,  6.951001e+01
  1.437982e-01,  6.299442e+01
  1.615837e-01,  7.128842e+01
  1.368401e-01,  6.628909e+01
  1.389936e-01,  6.108966e+01
  1.471108e-01,  6.349118e+01
  1.507262e-01,  6.543412e+01
  1.397097e-01,  6.357367e+01
  1.591183e-01,  6.142660e+01
  1.479473e-01,  7.041519e+01
  1.384140e-01,  6.133511e+01
  1.583857e-01,  6.359082e+01
  1.402630e-01,  6.860401e+01
  1.462646e-01,  6.638242e+01
  1.497351e-01,  6.794371e+01
  1.484851e-01,  6.791903e+01
  1.430262e-01,  6.203976e+01
  1.583596e-01,  6.704590e+01
  1.537159e-01,  6.747703e+01
  1.402557e-01,  6.708717e+01
  1.541806e-01,  6.364266e+01
  1.467531e-01,  6.993675e+01
  1.372167e-01,  6.226553e+01
  1.570728e-01,  6.030893e+01
  1.523863e-01,  6.910589e+01
  1.460924e-01,  6.462152e+01
  1.643705e-01,  6.619373e+01
  1.491995e-01,  6.502142e+01
  1.461710e-01,  6.637867e+01
  1.611246e-01,  6.408712e+01
  1.536999e-01,  7.015099e+01
  1.342023e-01,  5.986181e+01
  1.480790e-01,  6.316626e+01
  1.474408e-01,  6.818728e+01
  1.390356e-01,  6.677938e+01
  1.589633e-01,  6.244225e+01
  1.596524e-01,  6.623351e+01
  1.353466e-01,  6.730944e+01
  1.461969e-01,  6.043581e+01
  1.556105e-01,  7.074130e+01
  1.362114e-01,  6.831963e+01
  1.481908e-01,  6.514020e+01
  1.408861e-01,  6.515516e+01
  1.317745e-01,  6.716285e+01
  1.516696e-01,  6.528134e+01
  1.456595e-01,  6.999344e+01
  1.471162e-01,  6.795151e+01
  1.596648e-01,  6.192821e+01
  1.599538e-01,  6.749823e+01
  1.490688e-01,  6.654766e+01
  1.481535e-01,  6.142742e+01
  1.545575e-01,  6.675778e+01
  1.283414e-01,  6.206520e+01
  1.509976e-01,  6.356389e+01
  1.636988e-01,  6.831326e+01
  1.379264e-01,  6.584795e+01
  1.576623e-01,  6.353706e+01
  1.574288e-01,  6.666347e+01
  1.387233e-01,  6.543329e+01
  1.538128e-01,  6.062267e+01
  1.532019e-01,  6.895032e+01
  1.407736e-01,  6.774383e+01
  1.411270e-01,  6.811980e+01
  1.507580e-01,  6.695543e+01
  1.458492e-01,  6.313924e+01
  1.383785e-01,  6.493003e+01
  1.536792e-01,  6.592222e+01
  1.468675e-01,  6.965125e+01
  1.414657e-01,  6.187295e+01
  1.548330e-01,  6.511820e+01
  1.460173e-01,  7.276380e+01
  1.313476e-01,  6.477015e+01
  1.531093e-01,  6.830142e+01
  1.418488e-01,  6.708676e+01
  1.330625e-01,  6.468696e+01
  1.525582e-01,  6.707432e+01
  1.445722e-01,  6.812397e+01
  1.417386e-01,  6.159852e+01
  1.536356e-01,  6.466400e+01
  1.438555e-01,  6.632482e+01
  1.466517e-01,  6.286177e+01
  1.641638e-01,  6.582853e+01
  1.407355e-01,  6.702974e+01
  1.435396e-01,  6.623965e+01
  1.554196e-01,  6.362992e+01
  1.496513e-01,  6.924198e+01
  1.486102e-01,  6.168379e+01
  1.403803e-01,  6.364484e+01
  1.444735e-01,  6.736384e+01
  1.420144e-01,  6.554955e+01
  1.475758e-01,  6.267964e+01
  1.437917e-01,  6.957973e+01
  1.416192e-01,  6.661272e+01
  1.608678e-01,  5.929211e+01
  1.587989e-01,  6.939653e+01
  1.500614e-01,  6.167826e+01
  1.497744e-01,  6.391470e+01
  1.445366e-01,  6.883752e+01
  1.428688e-01,  6.176185e+01
  1.489300e-01,  6.611967e+01
  1.430273e-01,  7.106782e+01
  1.398978e-01,  6.258436e+01
  1.545154e-01,  6.280206e+01
  1.508566e-01,  6.805406e+01
  1.349381e-01,  6.364511e+01
  1.437693e-01,  6.425343e+01
  1.484312e-01,  7.067991e+01
  1.561778e-01,  6.819724e+01
  1.515451e-01,  6.209509e+01
  1.604522e-01,  6.935663e+01
  1.430179e-01,  6.861451e+01
  1.518437e-01,  5.917889e+01
  1.657804e-01,  6.573696e+01
  1.352926e-01,  6.339478e+01
  1.567728e-01,  5.974960e+01
  1.368833e-01,  6.737050e+01
  1.345746e-01,  6.621225e+01
  1.513994e-01,  6.370424e+01
  1.451278e-01,  6.867535e+01
  1.445115e-01,  6.670629e+01
  1.521283e-01,  6.357961e+01
  1.563308e-01,  6.750041e+01
  1.375112e-01,  6.721940e+01
  1.425213e-01,  6.160083e+01
  1.470731e-01,  6.662216e+01
  1.404967e-01,  6.925869e+01
  1.493856e-01,  6.429009e+01
  1.515548e-01,  7.116459e+01
  1.456564e-01,  6.593804e+01
  1.448728e-01,  6.315368e+01
  1.624401e-01,  6.701932e+01
  1.469399e-01,  6.489982e+01
  1.445869e-01,  6.295770e+01
  1.502953e-01,  7.155779e+01
  1.457821e-01,  7.097822e+01
  1.577411e-01,  5.976071e+01
  1.457776e-01,  6.457818e+01
  1.326782e-01,  6.559883e+01
  1.398780e-01,  6.650393e+01
  1.644488e-01,  6.368060e+01
  1.428729e-01,  6.688433e+01
  1.547774e-01,  6.424407e+01
  1.566448e-01,  6.932749e+01
  1.414597e-01,  6.867275e+01
  1.418393e-01,  6.585877e+01
  1.500078e-01,  6.707665e+01
  1.486323e-01,  6.473797e+01
  1.451292e-01,  6.276092e+01
  1.508694e-01,  6.156656e+01
  1.514854e-01,  7.065800e+01
  1.505640e-01,  6.083575e+01
  1.508681e-01,  7.052520e+01
  1.498139e-01,  6.919992e+01
  1.545573e-01,  6.550658e+01
  1.585099e-01,  6.514438e+01
  1.398155e-01,  6.441898e+01
  1.447504e-01,  6.384169e+01
  1.545105e-01,  6.649844e+01
  1.467548e-01,  6.512073e+01
  1.483288e-01,  6.393926e+01
  1.606492e-01,  6.734272e+01
  1.382180e-01,  6.492110e+01
  1.456513e-01,  6.254588e+01
  1.413881e-01,  6.369677e+01
  1.602810e-01,  7.155779e+01
  1.415383e-01,  6.197518e+01
  1.628597e-01,  6.506246e+01
  1.415923e-01,  6.553147e+01
  1.488130e-01,  6.998238e+01
  1.407376e-01,  5.994773e+01
  1.563802e-01,  6.896710e+01
  1.344423e-01,  5.932451e+01
  1.520951e-01,  6.707907e+01
  1.057984e+00,  2.617216e+02
  2.915182e+00,  2.941976e+02
  3.410745e+00,  2.596798e+02
  5.868458e+00,  1.915106e+02
  9.431462e+00,  1.747646e+02
  1.296308e+01,  1.657663e+02
  1.620567e+01,  1.593268e+02
  1.831211e+01,  1.551985e+02
  1.952978e+01,  1.534397e+02
  2.085430e+01,  1.554960e+02
  2.220151e+01,  1.616975e+02
  2.278185e+01,  1.683568e+02
  2.206210e+01,  1.731255e+02
  2.094026e+01,  1.752938e+02
  1.992231e+01,  1.759144e+02
  1.833271e+01,  1.744278e+02
  1.548239e+01,  1.690377e+02
  1.264177e+01,  1.615344e+02
  1.047522e+01,  1.561417e+02
  8.317191e+00,  1.507036e+02
  6.386913e+00,  1.398164e+02
  5.369865e+00,  1.224892e+02
  4.837221e+00,  1.000510e+02
  5.091083e+00,  6.580732e+01
  6.942490e+00,  3.952021e+01
  8.928332e+00,  2.670523e+01
  1.004807e+01,  1.986527e+01
  1.041098e+01,  1.522988e+01
  1.065699e+01,  1.125431e+01
  1.107117e+01,  6.357975e+00
  1.126344e+01,  3.579291e+02
  1.150512e+01,  3.483265e+02
  1.206621e+01,  3.436914e+02
  1.262743e+01,  3.445025e+02
  1.296435e+01,  3.490009e+02
  1.301196e+01,  3.561037e+02
  1.300382e+01,  5.315719e+00
  1.329477e+01,  1.361494e+01
  1.403360e+01,  1.886156e+01
  1.493289e+01,  2.049693e+01
  1.548765e+01,  2.013586e+01
  1.507132e+01,  2.032963e+01
  1.378217e+01,  2.344281e+01
  1.209811e+01,  2.882796e+01
  1.005830e+01,  3.263995e+01
  7.323847e+00,  3.628963e+01
  4.420215e+00,  4.437295e+01
  2.254766e+00,  6.079651e+01
  1.165529e+00,  7.966744e+01
  5.322689e-01,  9.051375e+01
  6.651304e-01,  3.212431e+02
  3.714789e+00,  3.406004e+02
  8.839011e+00,  3.498312e+02
  1.422171e+01,  3.543957e+02
  1.874383e+01,  3.563747e+02
  2.280774e+01,  3.572535e+02
  2.626234e+01,  3.575174e+02
  2.752611e+01,  3.568814e+02
  2.629273e+01,  3.566200e+02
  2.344026e+01,  3.566695e+02
  1.989832e+01,  3.570637e+02
  1.643895e+01,  3.591865e+02
  1.310238e+01,  3.847082e+00
  1.012186e+01,  9.439151e+00
  6.943106e+00,  1.471284e+01
  3.372632e+00,  3.067428e+01
  2.136613e+00,  1.027508e+02
  3.602528e+00,  1.359600e+02
  4.448965e+00,  1.482169e+02
  4.965138e+00,  1.597166e+02
  5.326670e+00,  1.694230e+02
  5.473641e+00,  1.767653e+02
  5.754696e+00,  1.796933e+02
  6.448472e+00,  1.752692e+02
  7.613264e+00,  1.662461e+02
  9.018119e+00,  1.584611e+02
  1.032918e+01,  1.533032e+02
  1.170557e+01,  1.500655e+02
  1.314352e+01,  1.472781e+02
  1.480774e+01,  1.453640e+02
  1.689234e+01,  1.452291e+02
  1.938315e+01,  1.481675e+02
  2.141802e+01,  1.536842e+02
  2.185121e+01,  1.617541e+02
  2.025737e+01,  1.693562e+02
  1.749578e+01,  1.723851e+02
  1.520616e+01,  1.711423e+02
  1.285955e+01,  1.690706e+02
  9.840730e+00,  1.693564e+02
  6.744068e+00,  1.661201e+02
  3.877874e+00,  1.526366e+02
  1.808560e+00,  9.440494e+01
  3.667908e+00,  2.537238e+01
  6.850266e+00,  1.462370e+01
  9.752359e+00,  1.044823e+01
  1.196007e+01,  7.521809e+00
  1.324883e+01,  4.950375e+00
  1.299640e+01,  1.887240e+00
  9.103166e+00,  3.309582e+02
  2.149987e+00,  2.438045e+02
##END=