##TITLE= twqubit_encoding1_Cfix6
##JCAMP-DX= 5.00 Bruker JCAMP library
##DATA TYPE= Shape Data
##ORIGIN= Colm Fixed Pulses 
##OWNER= d29lu
##DATE= 21-Apr-2015
##TIME= 19:8
##MINX= 5.501780e-02
##MAXX= 9.454390e+01
##MINY= -1.796776e+02
##MAXY= 1.794664e+02
##$SHAPE_EXMODE= None
##$SHAPE_TOTROT= 9.000000e+01
##$SHAPE_BWFAC= 1.000000e+00
##$SHAPE_INTEGFAC= 1.000000e+00
##$SHAPE_MODE= 1
##NPOINTS= 3298
##XYPOINTS= (XY..XY)
  2.879475e+00,  -4.609507e+01
  5.830463e+00,  -1.427281e+02
  2.224030e+01,  8.828908e+01
  1.917575e+01,  1.475722e+02
  3.389209e+01,  -1.222746e+02
  2.728480e+01,  -7.632138e+01
  1.923182e+01,  3.314769e+01
  3.673658e+01,  9.087025e+01
  4.027621e+01,  1.207907e+02
  3.481522e+01,  7.628698e+01
  5.026472e+01,  5.250742e+01
  1.740326e+01,  1.175128e+02
  3.746887e+01,  -1.430195e+02
  2.945368e+01,  -1.060344e+02
  1.549212e+01,  7.764100e+00
  3.420497e+01,  8.509006e+01
  3.511419e+01,  1.023217e+02
  1.943197e+01,  3.090773e+01
  2.277410e+01,  -1.134816e+01
  2.042163e+01,  -2.402821e+01
  2.614872e+01,  -5.660392e+01
  2.273402e+01,  -1.122310e+02
  1.458031e+01,  1.505744e+02
  3.231551e+01,  8.402856e+01
  3.296906e+01,  4.577216e+01
  2.810165e+01,  4.006412e+00
  4.637033e+00,  1.948562e+01
  2.119189e+01,  1.741402e+02
  2.302843e+01,  -1.722589e+02
  7.589963e-01,  -2.316795e+01
  2.054332e+01,  1.302026e+01
  1.538953e+01,  -6.085337e+00
  2.123696e+01,  -7.914134e+01
  3.104519e+01,  -8.564122e+01
  1.841095e+01,  -6.984812e+01
  8.471950e+00,  1.085437e+01
  9.852900e+00,  3.994901e+01
  6.443139e+00,  3.845337e+01
  7.516721e+00,  9.235325e+01
  9.412874e+00,  9.154130e+01
  1.250521e+01,  2.688423e+01
  1.809154e+01,  1.166818e+01
  9.584856e+00,  -2.480512e+00
  2.836928e+01,  -1.175502e+02
  4.849505e+01,  -9.435809e+01
  3.579766e+01,  -2.500535e+00
  5.054758e+01,  8.714860e+01
  4.807208e+01,  1.555131e+02
  1.461724e+01,  -1.093908e+02
  3.887201e+01,  -6.734903e+00
  2.765373e+01,  8.810087e+00
  1.521829e+01,  -1.327086e+02
  2.588512e+01,  -1.587488e+02
  2.194722e+01,  1.101016e+02
  3.295927e+01,  7.784821e+01
  2.227000e+01,  4.875377e+01
  1.949049e+01,  -3.290546e+01
  2.839466e+01,  -7.720855e+01
  2.985727e+01,  -1.131368e+02
  2.718038e+01,  -1.332080e+02
  1.244359e+01,  -1.412975e+02
  6.797641e+00,  5.599158e+01
  1.494278e+01,  1.008128e+01
  1.880935e+01,  -1.906454e+01
  9.626091e+00,  -1.798535e+01
  1.055176e+01,  1.525398e+02
  2.896033e+01,  1.608760e+02
  2.158658e+01,  -1.781419e+02
  1.017452e+01,  -1.832880e+01
  3.309111e+01,  2.701105e+01
  2.782891e+01,  3.910660e+01
  6.493235e+00,  -8.331241e+00
  1.600691e+01,  -8.051170e+01
  1.596647e+01,  -7.168561e+01
  1.193885e+00,  2.590476e+01
  2.249706e+01,  1.193648e+02
  2.564039e+01,  1.555535e+02
  2.162603e+01,  -9.073262e+01
  3.878064e+01,  -4.023069e+00
  4.359767e+01,  5.377448e+01
  6.078213e+00,  2.279134e+01
  3.077271e+01,  -7.412854e+01
  2.149822e+01,  -7.945918e+01
  2.023739e+01,  -1.348971e+02
  2.963726e+01,  1.733805e+02
  2.339783e+01,  1.383371e+02
  5.966938e+00,  8.550912e+01
  1.549924e+01,  -5.559444e+01
  2.680417e+01,  -7.845191e+01
  1.850646e+01,  -1.061790e+02
  6.521313e+00,  1.720430e+02
  1.637657e+01,  8.168594e+01
  3.121710e+01,  6.205202e+01
  3.488562e+01,  3.869944e+01
  3.630411e+01,  9.485890e+00
  3.735248e+01,  1.344019e+01
  2.048777e+01,  2.388339e+01
  2.202013e+01,  -1.615212e+02
  1.514462e+01,  -1.089896e+02
  2.187763e+01,  2.206086e+01
  8.287861e+00,  1.692679e+02
  5.305634e+00,  -1.413681e+02
  4.039855e+00,  -2.483982e+00
  3.880143e+00,  3.939978e+01
  2.255065e+00,  1.642416e+02
  2.207131e+00,  -1.450857e+02
  1.825910e+00,  -1.777652e+00
  2.246420e+00,  3.752056e+01
  1.057047e+00,  1.492067e+02
  1.216686e+00,  -1.509618e+02
  9.520045e-01,  -1.744524e+00
  1.498799e+00,  3.612497e+01
  6.112313e-01,  1.220135e+02
  6.925451e-01,  -1.626993e+02
  4.781460e-01,  4.945413e+00
  1.040269e+00,  3.806761e+01
  5.049022e-01,  9.464049e+01
  3.931170e-01,  1.770392e+02
  2.440939e-01,  1.975759e+01
  7.199521e-01,  4.009400e+01
  4.615095e-01,  7.818119e+01
  2.562706e-01,  1.415943e+02
  1.894538e-01,  5.117342e+01
  5.293238e-01,  4.528895e+01
  4.305937e-01,  7.035818e+01
  2.466178e-01,  1.084581e+02
  2.181293e-01,  7.074194e+01
  4.298263e-01,  5.388901e+01
  4.085713e-01,  6.912649e+01
  2.630802e-01,  9.352774e+01
  2.155489e-01,  7.713991e+01
  3.491343e-01,  5.717928e+01
  3.904511e-01,  6.427937e+01
  3.177449e-01,  7.765526e+01
  2.834635e-01,  7.508903e+01
  3.338103e-01,  6.360181e+01
  3.458192e-01,  6.396479e+01
  2.893862e-01,  7.065720e+01
  2.710511e-01,  7.128182e+01
  3.221249e-01,  6.731983e+01
  3.534279e-01,  6.853162e+01
  3.216748e-01,  7.179677e+01
  2.919839e-01,  7.039939e+01
  3.131883e-01,  6.639395e+01
  3.414000e-01,  6.657727e+01
  3.335897e-01,  6.809264e+01
  3.163366e-01,  6.646154e+01
  3.236512e-01,  6.482623e+01
  3.377991e-01,  6.868677e+01
  3.360705e-01,  7.481828e+01
  3.246227e-01,  7.574755e+01
  3.219056e-01,  7.017144e+01
  3.267618e-01,  6.560878e+01
  3.222192e-01,  6.607144e+01
  3.153089e-01,  6.831310e+01
  3.168403e-01,  6.858435e+01
  3.194503e-01,  6.769351e+01
  3.156541e-01,  6.774464e+01
  3.150853e-01,  6.873716e+01
  3.252021e-01,  6.970985e+01
  3.334926e-01,  7.022352e+01
  3.283633e-01,  6.978461e+01
  3.201462e-01,  6.825083e+01
  3.219399e-01,  6.740382e+01
  3.261224e-01,  6.869627e+01
  3.206169e-01,  7.028319e+01
  3.113097e-01,  6.943751e+01
  3.117610e-01,  6.722738e+01
  3.178070e-01,  6.748560e+01
  3.176762e-01,  7.019014e+01
  3.153195e-01,  7.149716e+01
  3.222669e-01,  6.985375e+01
  3.343658e-01,  6.859091e+01
  3.328912e-01,  6.971207e+01
  3.154090e-01,  7.078908e+01
  3.009641e-01,  6.904340e+01
  3.034007e-01,  6.672704e+01
  3.120309e-01,  6.776471e+01
  3.132238e-01,  7.087094e+01
  3.088239e-01,  7.181398e+01
  3.080665e-01,  6.952696e+01
  3.117921e-01,  6.768972e+01
  3.125862e-01,  6.888770e+01
  3.124716e-01,  7.130863e+01
  3.189538e-01,  7.208363e+01
  3.306895e-01,  7.155555e+01
  3.375908e-01,  7.172125e+01
  3.346282e-01,  7.215466e+01
  3.266689e-01,  7.044273e+01
  3.197483e-01,  6.656650e+01
  3.146957e-01,  6.458514e+01
  3.142726e-01,  6.754411e+01
  3.253532e-01,  7.229586e+01
  3.360525e-01,  7.331790e+01
  3.281408e-01,  7.009515e+01
  3.086180e-01,  6.666599e+01
  3.014397e-01,  6.729707e+01
  3.149755e-01,  7.045224e+01
  3.245571e-01,  7.146946e+01
  3.105171e-01,  6.981422e+01
  2.930029e-01,  6.844140e+01
  3.001176e-01,  6.949635e+01
  3.239340e-01,  7.068146e+01
  3.329657e-01,  7.006626e+01
  3.223087e-01,  6.879367e+01
  3.167495e-01,  6.869923e+01
  3.267728e-01,  6.963047e+01
  3.326639e-01,  7.052097e+01
  3.205478e-01,  7.162516e+01
  3.069757e-01,  7.293302e+01
  3.109321e-01,  7.280524e+01
  3.235573e-01,  7.089984e+01
  3.244910e-01,  6.927242e+01
  3.151697e-01,  6.937543e+01
  3.165677e-01,  7.012906e+01
  3.341269e-01,  6.951711e+01
  3.473883e-01,  6.775246e+01
  3.387999e-01,  6.606718e+01
  3.174851e-01,  6.514264e+01
  3.054720e-01,  6.570272e+01
  3.098308e-01,  6.833211e+01
  3.195325e-01,  7.178663e+01
  3.222560e-01,  7.339579e+01
  3.172466e-01,  7.184396e+01
  3.129613e-01,  6.930550e+01
  3.154282e-01,  6.905618e+01
  3.260530e-01,  7.048012e+01
  3.386757e-01,  7.028227e+01
  3.408347e-01,  6.806493e+01
  3.278743e-01,  6.679773e+01
  3.131173e-01,  6.870656e+01
  3.147409e-01,  7.164054e+01
  3.274535e-01,  7.203886e+01
  3.317056e-01,  7.033657e+01
  3.251325e-01,  6.876076e+01
  3.236076e-01,  6.806344e+01
  3.312668e-01,  6.767512e+01
  3.310067e-01,  6.769919e+01
  3.161959e-01,  6.869213e+01
  3.079436e-01,  6.978262e+01
  3.222850e-01,  6.914927e+01
  3.419100e-01,  6.720969e+01
  3.409699e-01,  6.569582e+01
  3.235746e-01,  6.563777e+01
  3.143788e-01,  6.714241e+01
  3.196868e-01,  6.905859e+01
  3.237345e-01,  6.970010e+01
  3.198469e-01,  6.823580e+01
  3.194802e-01,  6.609998e+01
  3.274181e-01,  6.616361e+01
  3.331357e-01,  6.844797e+01
  3.285443e-01,  6.988951e+01
  3.199385e-01,  6.843089e+01
  3.192415e-01,  6.589810e+01
  3.248748e-01,  6.543041e+01
  3.250501e-01,  6.711424e+01
  3.149930e-01,  6.906436e+01
  3.042776e-01,  6.989355e+01
  3.076783e-01,  6.921564e+01
  3.265706e-01,  6.771398e+01
  3.427228e-01,  6.675259e+01
  3.375050e-01,  6.728115e+01
  3.172368e-01,  6.922789e+01
  3.080983e-01,  7.133279e+01
  3.213340e-01,  7.236742e+01
  3.364709e-01,  7.255827e+01
  3.298976e-01,  7.218742e+01
  3.107847e-01,  7.094021e+01
  3.088444e-01,  6.935627e+01
  3.289095e-01,  6.884903e+01
  3.432003e-01,  6.938536e+01
  3.330493e-01,  7.011057e+01
  3.141773e-01,  7.069933e+01
  3.095274e-01,  7.115425e+01
  3.170133e-01,  7.126085e+01
  3.210804e-01,  7.082267e+01
  3.204220e-01,  6.983510e+01
  3.236689e-01,  6.835681e+01
  3.274684e-01,  6.705927e+01
  3.207326e-01,  6.766011e+01
  3.089416e-01,  7.122333e+01
  3.099191e-01,  7.455124e+01
  3.213442e-01,  7.283090e+01
  3.257517e-01,  6.762189e+01
  3.153662e-01,  6.515252e+01
  3.040561e-01,  6.865969e+01
  3.089163e-01,  7.287124e+01
  3.173000e-01,  7.188505e+01
  3.166382e-01,  6.824007e+01
  3.165095e-01,  6.708129e+01
  3.295809e-01,  6.824383e+01
  3.446127e-01,  6.813215e+01
  3.395645e-01,  6.698162e+01
  3.185579e-01,  6.737678e+01
  3.082268e-01,  6.898001e+01
  3.177645e-01,  6.878139e+01
  3.291908e-01,  6.747190e+01
  3.282917e-01,  6.786739e+01
  3.225483e-01,  6.938651e+01
  3.219087e-01,  6.883209e+01
  3.240648e-01,  6.648805e+01
  3.250407e-01,  6.597582e+01
  3.291263e-01,  6.787488e+01
  3.378040e-01,  6.875879e+01
  3.406136e-01,  6.748301e+01
  3.319745e-01,  6.690132e+01
  3.223502e-01,  6.868933e+01
  3.235166e-01,  7.008765e+01
  3.288386e-01,  6.887523e+01
  3.249632e-01,  6.764339e+01
  3.124532e-01,  6.938562e+01
  3.063760e-01,  7.241379e+01
  3.124442e-01,  7.254111e+01
  3.221078e-01,  7.015060e+01
  3.264459e-01,  6.878940e+01
  3.245307e-01,  6.937340e+01
  3.201473e-01,  6.984938e+01
  3.151429e-01,  6.926605e+01
  3.122198e-01,  6.909643e+01
  3.145812e-01,  6.999068e+01
  3.189955e-01,  7.051589e+01
  3.178232e-01,  7.014119e+01
  3.129451e-01,  7.020851e+01
  3.162188e-01,  7.110143e+01
  3.296533e-01,  7.088907e+01
  3.376056e-01,  6.875514e+01
  3.288249e-01,  6.685195e+01
  3.142097e-01,  6.799116e+01
  3.132038e-01,  7.143057e+01
  3.234825e-01,  7.269885e+01
  3.268647e-01,  7.038352e+01
  3.199554e-01,  6.779893e+01
  3.128390e-01,  6.868409e+01
  3.122558e-01,  7.180616e+01
  3.137037e-01,  7.227158e+01
  3.153668e-01,  6.892081e+01
  3.211691e-01,  6.638972e+01
  3.254537e-01,  6.864633e+01
  3.231036e-01,  7.339138e+01
  3.165834e-01,  7.486196e+01
  3.149506e-01,  7.071234e+01
  3.228706e-01,  6.545761e+01
  3.277492e-01,  6.433381e+01
  3.234954e-01,  6.752439e+01
  3.187212e-01,  7.169080e+01
  3.172102e-01,  7.371786e+01
  3.170478e-01,  7.300710e+01
  3.215872e-01,  7.028750e+01
  3.346297e-01,  6.696102e+01
  3.455697e-01,  6.526761e+01
  3.373867e-01,  6.684927e+01
  3.155640e-01,  7.112266e+01
  3.058212e-01,  7.409331e+01
  3.191556e-01,  7.253529e+01
  3.381838e-01,  6.967077e+01
  3.362882e-01,  6.975971e+01
  3.147109e-01,  7.287283e+01
  2.996128e-01,  7.448849e+01
  3.055647e-01,  7.097825e+01
  3.229210e-01,  6.630699e+01
  3.290418e-01,  6.598940e+01
  3.213643e-01,  7.059219e+01
  3.169668e-01,  7.528909e+01
  3.206424e-01,  7.495492e+01
  3.264813e-01,  7.100797e+01
  3.265394e-01,  6.863433e+01
  3.178078e-01,  7.003382e+01
  3.075357e-01,  7.258634e+01
  3.029318e-01,  7.257751e+01
  3.076781e-01,  7.024141e+01
  3.199085e-01,  6.882510e+01
  3.315334e-01,  6.951775e+01
  3.351227e-01,  7.062167e+01
  3.303242e-01,  7.037331e+01
  3.261804e-01,  6.872077e+01
  3.307580e-01,  6.713611e+01
  3.369380e-01,  6.703420e+01
  3.283059e-01,  6.862866e+01
  3.042819e-01,  7.109901e+01
  2.889464e-01,  7.259581e+01
  3.016730e-01,  7.186729e+01
  3.258718e-01,  7.061088e+01
  3.273137e-01,  7.059204e+01
  3.049672e-01,  7.153253e+01
  2.929873e-01,  7.152072e+01
  3.067739e-01,  6.971393e+01
  3.208093e-01,  6.804750e+01
  3.138248e-01,  6.801863e+01
  3.040383e-01,  6.927970e+01
  3.130015e-01,  7.006938e+01
  3.265213e-01,  6.975821e+01
  3.226682e-01,  6.926304e+01
  3.111565e-01,  6.900353e+01
  3.122260e-01,  6.859874e+01
  3.177619e-01,  6.828429e+01
  3.096391e-01,  6.906434e+01
  3.000869e-01,  7.074256e+01
  3.134469e-01,  7.085633e+01
  3.397126e-01,  6.868900e+01
  3.449570e-01,  6.684786e+01
  3.234348e-01,  6.762379e+01
  3.073997e-01,  7.032159e+01
  3.151713e-01,  7.126183e+01
  3.269894e-01,  6.997176e+01
  3.221292e-01,  6.923550e+01
  3.100368e-01,  6.989324e+01
  3.132703e-01,  6.967677e+01
  3.339063e-01,  6.788879e+01
  3.522681e-01,  6.721093e+01
  3.525616e-01,  6.870278e+01
  3.389131e-01,  7.011753e+01
  3.240199e-01,  6.968487e+01
  3.149164e-01,  6.992114e+01
  3.105934e-01,  7.333635e+01
  3.091679e-01,  7.650412e+01
  3.094730e-01,  7.466979e+01
  3.160873e-01,  6.991915e+01
  3.263445e-01,  6.839009e+01
  3.316319e-01,  7.069866e+01
  3.301981e-01,  7.225405e+01
  3.250529e-01,  7.071587e+01
  3.199851e-01,  6.876709e+01
  3.147437e-01,  6.898113e+01
  3.128308e-01,  6.986838e+01
  3.211293e-01,  6.923453e+01
  3.366996e-01,  6.820887e+01
  3.419679e-01,  6.883439e+01
  3.272221e-01,  7.075062e+01
  3.099111e-01,  7.160013e+01
  3.143652e-01,  6.985706e+01
  3.347081e-01,  6.761307e+01
  3.384449e-01,  6.728856e+01
  3.174115e-01,  6.899549e+01
  3.035359e-01,  7.071162e+01
  3.182208e-01,  7.013186e+01
  3.382476e-01,  6.841947e+01
  3.326114e-01,  6.778817e+01
  3.123766e-01,  6.885041e+01
  3.112996e-01,  7.047287e+01
  3.298322e-01,  7.151155e+01
  3.372314e-01,  7.238479e+01
  3.229355e-01,  7.312171e+01
  3.092197e-01,  7.273104e+01
  3.105585e-01,  7.159684e+01
  3.133336e-01,  7.165997e+01
  3.073376e-01,  7.277547e+01
  3.066380e-01,  7.223809e+01
  3.231907e-01,  6.924362e+01
  3.419773e-01,  6.689953e+01
  3.415309e-01,  6.712316e+01
  3.276421e-01,  6.872005e+01
  3.206516e-01,  6.954045e+01
  3.249943e-01,  6.954576e+01
  3.295295e-01,  6.991910e+01
  3.279149e-01,  7.027466e+01
  3.233891e-01,  6.984623e+01
  3.181088e-01,  6.959449e+01
  3.119095e-01,  7.044388e+01
  3.102166e-01,  7.079540e+01
  3.192755e-01,  6.907466e+01
  3.327355e-01,  6.737708e+01
  3.344819e-01,  6.832980e+01
  3.236900e-01,  7.097144e+01
  3.175509e-01,  7.165818e+01
  3.256915e-01,  6.935749e+01
  3.351639e-01,  6.736254e+01
  3.293011e-01,  6.782499e+01
  3.149975e-01,  6.974086e+01
  3.081622e-01,  7.096516e+01
  3.075412e-01,  7.108764e+01
  3.041654e-01,  7.138754e+01
  3.040134e-01,  7.232571e+01
  3.177269e-01,  7.264329e+01
  3.351532e-01,  7.133137e+01
  3.358886e-01,  6.931602e+01
  3.198233e-01,  6.862463e+01
  3.071256e-01,  7.020757e+01
  3.104740e-01,  7.164860e+01
  3.239867e-01,  7.041039e+01
  3.370972e-01,  6.801936e+01
  3.372677e-01,  6.748196e+01
  3.159657e-01,  6.939560e+01
  2.879997e-01,  7.189914e+01
  2.848596e-01,  7.255520e+01
  3.134042e-01,  7.123259e+01
  3.388261e-01,  6.962772e+01
  3.331301e-01,  6.882387e+01
  3.177013e-01,  6.977075e+01
  3.243874e-01,  7.185733e+01
  3.389538e-01,  7.253417e+01
  3.292282e-01,  7.125011e+01
  3.074389e-01,  6.987716e+01
  3.106173e-01,  7.036787e+01
  3.350054e-01,  7.142824e+01
  3.410076e-01,  7.141240e+01
  3.210446e-01,  7.094748e+01
  3.095090e-01,  7.095477e+01
  3.225051e-01,  7.061867e+01
  3.360379e-01,  6.915820e+01
  3.318205e-01,  6.755342e+01
  3.227150e-01,  6.705635e+01
  3.224478e-01,  6.760298e+01
  3.227516e-01,  6.861705e+01
  3.143456e-01,  7.020160e+01
  3.051011e-01,  7.135068e+01
  3.044049e-01,  6.978747e+01
  3.106467e-01,  6.628305e+01
  3.179361e-01,  6.497472e+01
  3.252050e-01,  6.755998e+01
  3.321988e-01,  7.079651e+01
  3.309832e-01,  7.164815e+01
  3.202626e-01,  7.137139e+01
  3.111521e-01,  7.233022e+01
  3.134039e-01,  7.323849e+01
  3.243773e-01,  7.148724e+01
  3.347623e-01,  6.852748e+01
  3.354176e-01,  6.762911e+01
  3.251310e-01,  6.892075e+01
  3.131580e-01,  6.969186e+01
  3.096702e-01,  6.893964e+01
  3.150091e-01,  6.848833e+01
  3.205050e-01,  6.853257e+01
  3.227152e-01,  6.741537e+01
  3.266260e-01,  6.602286e+01
  3.308716e-01,  6.723184e+01
  3.271987e-01,  7.044788e+01
  3.173620e-01,  7.160427e+01
  3.181348e-01,  6.902033e+01
  3.357481e-01,  6.639671e+01
  3.467281e-01,  6.622303e+01
  3.344237e-01,  6.705958e+01
  3.176245e-01,  6.796259e+01
  3.206340e-01,  6.975645e+01
  3.334554e-01,  7.178864e+01
  3.296120e-01,  7.210011e+01
  3.119134e-01,  7.071855e+01
  3.051020e-01,  7.013333e+01
  3.131959e-01,  7.114408e+01
  3.196748e-01,  7.147152e+01
  3.211757e-01,  7.050346e+01
  3.283909e-01,  7.027171e+01
  3.361668e-01,  7.153251e+01
  3.264450e-01,  7.270620e+01
  3.022290e-01,  7.272575e+01
  2.916857e-01,  7.176300e+01
  3.094968e-01,  7.023398e+01
  3.354649e-01,  6.883046e+01
  3.403856e-01,  6.899467e+01
  3.217990e-01,  7.150501e+01
  3.042136e-01,  7.399917e+01
  3.072399e-01,  7.275315e+01
  3.268347e-01,  6.948917e+01
  3.395431e-01,  6.864014e+01
  3.313041e-01,  7.075048e+01
  3.151083e-01,  7.294303e+01
  3.105933e-01,  7.270378e+01
  3.197474e-01,  7.101991e+01
  3.268069e-01,  6.978995e+01
  3.226956e-01,  6.921806e+01
  3.167356e-01,  6.906683e+01
  3.184415e-01,  6.917206e+01
  3.220561e-01,  6.896021e+01
  3.196449e-01,  6.843004e+01
  3.178724e-01,  6.869828e+01
  3.259594e-01,  6.969623e+01
  3.342182e-01,  6.915340e+01
  3.261848e-01,  6.642958e+01
  3.075943e-01,  6.480847e+01
  3.012005e-01,  6.775389e+01
  3.146800e-01,  7.167115e+01
  3.245070e-01,  7.128842e+01
  3.166084e-01,  6.839039e+01
  3.059090e-01,  6.857367e+01
  3.095455e-01,  7.214293e+01
  3.202948e-01,  7.279171e+01
  3.241389e-01,  6.903919e+01
  3.265914e-01,  6.640011e+01
  3.337527e-01,  6.823353e+01
  3.379028e-01,  7.023394e+01
  3.280142e-01,  6.835853e+01
  3.169794e-01,  6.541601e+01
  3.229411e-01,  6.675674e+01
  3.401721e-01,  7.065137e+01
  3.412621e-01,  7.192828e+01
  3.184443e-01,  6.995333e+01
  2.988742e-01,  6.817243e+01
  3.048619e-01,  6.892551e+01
  3.271567e-01,  6.970073e+01
  3.408039e-01,  6.877026e+01
  3.364141e-01,  6.780068e+01
  3.240511e-01,  6.879280e+01
  3.175172e-01,  7.106097e+01
  3.205799e-01,  7.199157e+01
  3.268287e-01,  7.082094e+01
  3.281680e-01,  6.916524e+01
  3.227474e-01,  6.848859e+01
  3.172450e-01,  6.867604e+01
  3.172297e-01,  6.891584e+01
  3.192752e-01,  6.944660e+01
  3.178343e-01,  7.101459e+01
  3.134202e-01,  7.264470e+01
  3.086326e-01,  7.202733e+01
  3.055648e-01,  6.913716e+01
  3.071104e-01,  6.706454e+01
  3.138659e-01,  6.745903e+01
  3.205734e-01,  6.820561e+01
  3.194689e-01,  6.773544e+01
  3.131671e-01,  6.770638e+01
  3.120647e-01,  6.939089e+01
  3.161651e-01,  7.045363e+01
  3.137547e-01,  6.935185e+01
  3.044149e-01,  6.898546e+01
  3.033489e-01,  7.219046e+01
  3.164371e-01,  7.552432e+01
  3.236661e-01,  7.454967e+01
  3.128668e-01,  7.063539e+01
  2.989382e-01,  6.826984e+01
  3.008972e-01,  6.881666e+01
  3.164110e-01,  6.879038e+01
  3.273987e-01,  6.697452e+01
  3.276568e-01,  6.607847e+01
  3.254709e-01,  6.787341e+01
  3.245387e-01,  7.032451e+01
  3.171760e-01,  7.092086e+01
  3.037833e-01,  7.023697e+01
  2.983079e-01,  7.049289e+01
  3.092473e-01,  7.179045e+01
  3.276998e-01,  7.195039e+01
  3.385134e-01,  7.029617e+01
  3.355355e-01,  6.852881e+01
  3.232952e-01,  6.850729e+01
  3.131815e-01,  6.970113e+01
  3.134153e-01,  6.957413e+01
  3.195677e-01,  6.760640e+01
  3.199289e-01,  6.624485e+01
  3.132434e-01,  6.737129e+01
  3.136987e-01,  6.989123e+01
  3.270676e-01,  7.111805e+01
  3.387628e-01,  7.051252e+01
  3.354176e-01,  6.932181e+01
  3.235962e-01,  6.843202e+01
  3.175112e-01,  6.799600e+01
  3.185049e-01,  6.777315e+01
  3.193418e-01,  6.762389e+01
  3.189117e-01,  6.790057e+01
  3.189576e-01,  6.897810e+01
  3.156616e-01,  7.016804e+01
  3.084022e-01,  7.005182e+01
  3.082287e-01,  6.862150e+01
  3.214000e-01,  6.813781e+01
  3.349577e-01,  6.962855e+01
  3.346843e-01,  7.102494e+01
  3.251176e-01,  6.988822e+01
  3.204389e-01,  6.694733e+01
  3.212858e-01,  6.566106e+01
  3.205241e-01,  6.702431e+01
  3.207676e-01,  6.840554e+01
  3.252617e-01,  6.762990e+01
  3.277302e-01,  6.609749e+01
  3.227409e-01,  6.637316e+01
  3.189090e-01,  6.856657e+01
  3.251370e-01,  6.990384e+01
  3.338766e-01,  6.855281e+01
  3.341751e-01,  6.610789e+01
  3.261866e-01,  6.567186e+01
  3.170567e-01,  6.852829e+01
  3.105135e-01,  7.210193e+01
  3.062450e-01,  7.277521e+01
  3.091036e-01,  7.066570e+01
  3.205497e-01,  6.954928e+01
  3.293149e-01,  7.101811e+01
  3.252335e-01,  7.236779e+01
  3.112496e-01,  7.084858e+01
  3.006010e-01,  6.806918e+01
  3.010100e-01,  6.825723e+01
  3.116801e-01,  7.114624e+01
  3.246763e-01,  7.252448e+01
  3.287115e-01,  7.129767e+01
  3.207437e-01,  7.023851e+01
  3.084923e-01,  7.112904e+01
  3.025205e-01,  7.196894e+01
  3.041262e-01,  7.050238e+01
  3.076770e-01,  6.806040e+01
  3.092762e-01,  6.708885e+01
  3.105068e-01,  6.805299e+01
  3.134299e-01,  6.984502e+01
  3.166378e-01,  7.117484e+01
  3.187839e-01,  7.105222e+01
  3.205254e-01,  6.968667e+01
  3.215263e-01,  6.889578e+01
  3.208232e-01,  6.962894e+01
  3.199866e-01,  7.006380e+01
  3.196725e-01,  6.859274e+01
  3.171288e-01,  6.715318e+01
  3.115901e-01,  6.818579e+01
  3.110140e-01,  6.998062e+01
  3.196903e-01,  6.926447e+01
  3.275729e-01,  6.759018e+01
  3.210121e-01,  6.888846e+01
  3.062546e-01,  7.280625e+01
  3.018111e-01,  7.387851e+01
  3.126447e-01,  7.012154e+01
  3.252741e-01,  6.704074e+01
  3.236660e-01,  6.850542e+01
  3.156549e-01,  7.203111e+01
  3.168869e-01,  7.238563e+01
  3.298774e-01,  6.932988e+01
  3.419674e-01,  6.735207e+01
  3.385508e-01,  6.832037e+01
  3.217440e-01,  6.997976e+01
  3.061678e-01,  6.955400e+01
  3.040335e-01,  6.779717e+01
  3.127216e-01,  6.760789e+01
  3.206774e-01,  6.905915e+01
  3.222108e-01,  7.007911e+01
  3.203969e-01,  6.999107e+01
  3.196003e-01,  6.982750e+01
  3.203597e-01,  6.985825e+01
  3.213995e-01,  6.953017e+01
  3.198166e-01,  6.964598e+01
  3.120439e-01,  7.121840e+01
  3.019797e-01,  7.238680e+01
  3.023472e-01,  7.039046e+01
  3.189320e-01,  6.750510e+01
  3.335763e-01,  6.783349e+01
  3.276571e-01,  7.021325e+01
  3.091046e-01,  7.083031e+01
  2.994131e-01,  6.994204e+01
  3.027910e-01,  7.122003e+01
  3.093719e-01,  7.259750e+01
  3.190404e-01,  6.997769e+01
  3.332767e-01,  6.781575e+01
  3.315924e-01,  7.141769e+01
  3.091305e-01,  7.399690e+01
  3.021266e-01,  6.561084e+01
  3.352235e-01,  5.997474e+01
  3.415391e-01,  7.113209e+01
  3.082755e-01,  8.494260e+01
  2.730445e-01,  7.014311e+01
  3.543988e-01,  4.879873e+01
  3.756991e-01,  6.084626e+01
  3.153607e-01,  9.155929e+01
  2.341230e-01,  8.294834e+01
  3.777423e-01,  4.145173e+01
  4.477619e-01,  5.503343e+01
  3.555016e-01,  1.052131e+02
  1.977715e-01,  1.204607e+02
  4.107173e-01,  2.789825e+01
  6.037881e-01,  4.690685e+01
  4.675380e-01,  1.151768e+02
  2.926189e-01,  1.711728e+02
  5.708213e-01,  3.240380e-01
  9.358774e-01,  3.300278e+01
  7.139551e-01,  1.213389e+02
  7.529836e-01,  -1.728671e+02
  8.987475e-01,  -2.024077e+01
  1.637659e+00,  2.282620e+01
  1.199163e+00,  1.223390e+02
  1.736942e+00,  -1.708716e+02
  1.554974e+00,  -3.472873e+01
  3.191622e+00,  1.697645e+01
  2.252155e+00,  1.205405e+02
  4.137400e+00,  -1.702091e+02
  3.114169e+00,  -5.015979e+01
  7.247389e+00,  1.417203e+01
  5.413958e+00,  1.151519e+02
  1.191552e+01,  -1.656459e+02
  1.081965e+01,  -4.434216e+01
  2.317490e+01,  8.852734e+01
  6.241693e+01,  -1.423088e+02
  4.959402e+01,  -7.642184e+01
  5.558945e+01,  1.098492e+01
  1.327373e+01,  -1.298474e+02
  9.964924e+00,  1.601978e+02
  3.671667e+01,  4.133583e+01
  3.852843e+01,  2.005302e+01
  2.020921e+01,  -6.343541e+01
  1.702784e+01,  -1.061355e+02
  1.669109e+01,  -6.072517e+01
  2.388004e+01,  -7.853709e+01
  2.009089e+01,  -9.914399e+01
  4.910997e+00,  -2.795041e+01
  1.527906e+01,  5.685925e+01
  7.088633e+00,  4.835223e+00
  6.317978e+00,  -1.669565e+01
  1.445637e+01,  1.095301e+02
  2.668121e+01,  1.657734e+02
  3.282287e+01,  -1.486578e+02
  1.783964e+01,  -8.472744e+01
  2.711971e+01,  3.937666e+01
  3.572749e+01,  6.828687e+01
  1.901839e+01,  2.537890e+01
  2.303868e+01,  -1.074656e+01
  2.098641e+01,  3.221624e+01
  2.283712e+01,  4.624541e+01
  1.341593e+01,  -1.471887e+01
  2.776415e+01,  -3.818989e+01
  2.529366e+01,  -3.469479e+01
  8.721986e+00,  -1.387117e+02
  2.382689e+01,  -1.693040e+02
  1.537929e+01,  -1.337784e+02
  9.881975e+00,  -5.488243e+00
  2.002239e+01,  4.709216e+01
  1.214770e+01,  1.750293e+01
  2.570323e+01,  -2.759008e+01
  2.484250e+01,  2.763608e+01
  2.217956e+01,  9.496681e+01
  3.219426e+01,  -4.470527e+01
  6.913186e+01,  1.584952e+00
  6.420782e+01,  8.736789e+01
  6.540398e+01,  -1.743730e+02
  6.995524e+01,  -8.690701e+01
  4.670912e+01,  1.633518e+00
  5.271639e+01,  9.161789e+01
  2.080123e+01,  1.401135e+02
  2.803627e+01,  -5.223166e+01
  2.764832e+01,  -4.618565e+01
  1.877028e+01,  -1.006590e+02
  2.950342e+01,  -1.018363e+02
  2.749210e+01,  -8.801769e+01
  9.710400e+00,  -4.275670e+00
  2.571901e+01,  5.071081e+01
  2.831590e+01,  1.597642e+01
  3.452352e+01,  -1.187971e+01
  2.023708e+01,  2.911278e+00
  2.775443e+00,  4.321057e+01
  1.384974e+01,  -1.248900e+02
  9.098253e+00,  -7.803647e+01
  2.426370e+01,  2.932200e+01
  3.399307e+01,  3.664852e+01
  3.380505e+01,  1.163751e+01
  2.798535e+01,  2.489501e+01
  1.703804e+01,  1.130231e+02
  2.658604e+01,  -1.424986e+02
  4.098995e+01,  -9.739516e+01
  2.711081e+01,  -6.168964e+01
  1.588008e+01,  3.269889e+01
  1.189115e+01,  9.087961e+01
  1.560405e+01,  -1.338694e+02
  2.752289e+01,  -1.095823e+02
  1.553494e+01,  -1.002066e+02
  4.290109e+00,  6.186154e+01
  1.535711e+01,  4.620121e+01
  1.991630e+01,  1.969139e+01
  1.803352e+01,  -1.475924e+01
  1.762787e+01,  -6.044132e+01
  1.837054e+01,  -1.070856e+02
  2.057036e+01,  -1.529296e+02
  1.404604e+01,  1.721820e+02
  2.798137e+00,  1.379661e+02
  1.663438e+01,  -1.231211e+02
  3.274954e+01,  -1.108268e+02
  2.676929e+01,  -9.545841e+01
  1.719187e+01,  -1.519295e+02
  2.157245e+01,  1.634517e+02
  1.024927e+01,  6.987465e+01
  2.504325e+01,  3.390793e+00
  2.979567e+01,  -3.333011e+01
  1.336152e+01,  -5.749974e+01
  1.953578e+01,  1.550533e+02
  2.212253e+01,  1.737224e+02
  2.918467e+01,  8.428690e+00
  6.725018e+01,  4.929543e+01
  5.473637e+01,  1.437842e+02
  8.593437e+01,  -1.096086e+02
  9.454390e+01,  -9.962319e+00
  7.885219e+01,  1.072409e+02
  3.768480e+01,  -1.669841e+02
  7.692918e+00,  -3.070688e+01
  8.018192e+00,  1.437212e+01
  1.681658e+01,  -1.077353e+02
  3.299405e+01,  -1.498761e+02
  3.244790e+01,  -1.109219e+02
  1.872927e+01,  -2.520576e+01
  3.001305e+01,  4.731634e+01
  3.082590e+01,  1.835906e+01
  4.223355e+01,  -2.576876e+01
  2.924111e+01,  -5.051608e+00
  1.472995e+01,  5.806802e+00
  2.443688e+01,  -1.017411e+02
  2.058821e+01,  -1.337622e+02
  2.400703e+01,  8.925992e+01
  4.365347e+01,  6.698249e+01
  2.236009e+01,  2.836366e+01
  2.151170e+01,  -5.075538e+01
  1.278757e+01,  -6.241849e+01
  1.321977e+01,  1.594765e+02
  2.769101e+01,  1.794139e+02
  1.138820e+01,  -1.179814e+02
  2.624579e+01,  2.344414e+01
  2.583303e+01,  6.147514e+01
  9.689537e+00,  -1.716178e+02
  9.241419e+00,  -1.416110e+02
  2.755799e+01,  9.715824e+01
  3.410407e+01,  1.183538e+02
  1.656163e+01,  -1.212322e+02
  4.689854e+01,  -4.696847e+01
  3.932835e+01,  -2.178349e+01
  1.285225e+01,  1.564872e+02
  4.089725e+01,  -1.743606e+02
  2.984698e+01,  -9.967519e+01
  5.349676e+01,  -1.956356e+01
  5.487885e+01,  2.744903e+01
  2.628254e+01,  6.728340e+01
  1.357238e+01,  -3.882756e+01
  2.895499e+01,  1.292637e+01
  3.439390e+01,  5.328210e+01
  2.648373e+01,  6.984427e+00
  3.728514e+01,  1.027567e+01
  3.259083e+01,  8.288588e+01
  2.849634e+01,  1.712265e+02
  3.430783e+01,  -1.085547e+02
  2.275819e+01,  -5.734448e+01
  1.615148e+01,  6.201582e+01
  2.463817e+01,  1.143688e+02
  2.169127e+01,  1.670711e+02
  1.975365e+01,  -1.219345e+02
  2.353546e+01,  -4.628522e+01
  1.965517e+01,  -2.963932e+01
  1.940071e+01,  -1.147219e+02
  1.641048e+01,  -1.129350e+02
  1.478608e+01,  3.971709e+01
  2.688481e+01,  5.372729e+01
  1.652818e+01,  4.535960e+01
  1.073266e+01,  2.522260e+01
  1.013511e+01,  -8.135220e+00
  1.033647e+01,  -9.079475e+01
  9.439047e+00,  -1.058958e+02
  1.376176e+01,  1.811896e+01
  2.853660e+01,  3.380573e+01
  2.305263e+01,  2.857186e+01
  7.292219e+00,  -1.771090e+02
  3.737837e+01,  -1.588078e+02
  4.112584e+01,  -1.476678e+02
  3.240106e+01,  -1.303268e+02
  2.481226e+01,  -5.010246e+01
  5.189862e+01,  9.232560e+00
  4.402206e+01,  2.920321e+01
  2.190157e+00,  2.811386e+01
  2.556142e+01,  -1.220484e+02
  2.503662e+01,  -1.220057e+02
  1.680350e+01,  -1.637570e+02
  9.835143e+00,  1.586047e+02
  4.041106e+00,  2.305345e+01
  5.977380e+00,  -1.194959e+01
  6.090670e+00,  -9.058268e+01
  1.634960e+01,  -1.188372e+02
  2.448324e+01,  -1.117976e+02
  3.212582e+01,  -8.313574e+01
  3.268859e+01,  -8.477516e+01
  3.778028e+01,  -1.513579e+02
  4.395488e+01,  -1.454666e+02
  3.275921e+01,  -8.653917e+01
  1.538933e+00,  -1.346112e+02
  3.096586e+01,  1.364007e+02
  1.446404e+01,  1.557225e+02
  1.533462e+01,  -5.994769e+01
  1.894984e+01,  -4.702719e+01
  3.916588e+00,  8.296721e+01
  2.078201e+01,  1.392961e+02
  2.870499e+01,  -1.665138e+02
  3.593725e+01,  -1.493062e+02
  3.835436e+01,  -1.676459e+02
  4.566873e+01,  -1.520386e+02
  4.235342e+01,  -8.247384e+01
  4.577641e+01,  7.370699e+01
  1.156387e+01,  -1.331673e+02
  7.929259e+00,  -1.147984e+02
  6.469276e+00,  3.384066e+01
  4.380706e+00,  6.293256e+01
  3.226614e+00,  -1.546618e+02
  2.244697e+00,  -1.165702e+02
  2.713155e+00,  2.801504e+01
  2.238511e+00,  5.730628e+01
  1.412359e+00,  -1.626964e+02
  1.214512e+00,  -1.222616e+02
  1.455931e+00,  2.623848e+01
  1.522615e+00,  5.330656e+01
  6.107522e-01,  -1.793913e+02
  6.853851e-01,  -1.290460e+02
  8.321149e-01,  2.774290e+01
  1.110070e+00,  5.232960e+01
  3.207650e-01,  1.389599e+02
  3.674622e-01,  -1.420670e+02
  4.754899e-01,  3.241254e+01
  7.953249e-01,  5.291975e+01
  3.049290e-01,  1.033590e+02
  1.950063e-01,  -1.737049e+02
  3.142301e-01,  4.403169e+01
  6.167630e-01,  5.281405e+01
  3.470950e-01,  8.008685e+01
  1.665205e-01,  1.261701e+02
  2.654923e-01,  6.194790e+01
  4.781514e-01,  5.391020e+01
  3.425523e-01,  6.729333e+01
  2.176932e-01,  9.325531e+01
  2.976246e-01,  7.432366e+01
  4.090445e-01,  6.040684e+01
  3.229560e-01,  6.480217e+01
  2.602809e-01,  8.355967e+01
  3.393626e-01,  7.557036e+01
  3.836951e-01,  5.759057e+01
  2.889896e-01,  5.332239e+01
  2.806901e-01,  8.121076e+01
  4.175658e-01,  8.139806e+01
  3.906588e-01,  5.716718e+01
  2.362480e-01,  3.257984e+01
  2.466546e-01,  8.918800e+01
  5.308643e-01,  9.057980e+01
  4.425830e-01,  5.488802e+01
  3.118958e-01,  -9.809007e+00
  1.650823e-01,  9.611725e+01
  7.718565e-01,  9.768507e+01
  5.987231e-01,  5.547091e+01
  6.293977e-01,  -3.843270e+01
  1.406710e-01,  -1.325680e+02
  1.182111e+00,  1.053125e+02
  9.675123e-01,  5.709965e+01
  1.306891e+00,  -4.992962e+01
  7.568984e-01,  -1.189840e+02
  2.212573e+00,  1.085664e+02
  2.236904e+00,  5.579170e+01
  3.345657e+00,  -6.570705e+01
  2.294510e+00,  -1.585498e+02
  8.586314e+00,  8.541854e+01
  1.095369e+01,  -1.513300e+02
  2.575491e+01,  -1.479551e+02
  7.126523e+00,  6.079125e+01
  3.168284e+01,  1.393809e+01
  3.050715e+01,  -9.850331e-02
  2.049090e+01,  -2.817800e+01
  1.113712e+01,  -1.434441e+02
  2.915629e+01,  -1.453866e+02
  3.851307e+01,  -8.551255e+01
  3.044005e+01,  -3.266587e+01
  3.075343e+01,  5.069040e+01
  3.219591e+01,  1.010791e+02
  2.162939e+01,  -1.703348e+02
  2.862420e+01,  -7.843818e+01
  6.100344e+00,  2.868752e+01
  4.551151e+01,  1.359041e+02
  3.451131e+01,  1.621047e+02
  1.056337e+01,  -9.915238e+01
  1.155148e+01,  -1.493437e+01
  3.466768e+00,  -1.716283e+02
  1.759025e+01,  -1.451929e+02
  9.369782e+00,  -1.321211e+02
  1.083399e+01,  6.824674e+01
  6.368214e+00,  8.562888e+01
  2.083684e+01,  -6.080099e+01
  3.691027e+01,  -3.123552e+01
  1.259937e+01,  -2.440315e+01
  2.427257e+01,  1.736231e+02
  2.917735e+01,  1.498290e+02
  2.145264e+01,  1.114809e+02
  1.791575e+01,  3.129823e+01
  3.491695e+01,  7.348395e+00
  2.740727e+01,  3.325932e+01
  1.434090e+01,  1.394593e+02
  2.711504e+01,  -1.317029e+02
  3.197045e+01,  -5.964254e+01
  2.545548e+01,  -3.603790e+01
  4.308800e+01,  -1.383957e+02
  6.159292e+01,  -1.384562e+02
  1.384150e+01,  -1.094424e+02
  2.477180e+01,  7.622359e+01
  2.331031e+01,  1.023726e+02
  5.704086e+00,  3.610496e+00
  2.948155e+00,  -4.035757e+01
  1.284206e+01,  -1.714658e+02
  9.177223e+00,  -1.194219e+02
  9.474863e+00,  -2.935775e+01
  7.474039e+00,  -9.343293e+00
  4.239008e+00,  -8.598222e+01
  9.221305e+00,  -1.004310e+02
  1.488011e+01,  -3.749730e+01
  2.659297e+01,  -1.879084e+01
  2.632947e+01,  -3.645608e+01
  1.920416e+01,  -6.983064e+01
  1.501414e+01,  -1.213977e+02
  1.108463e+01,  1.785577e+02
  2.121473e+01,  9.701328e+01
  3.022903e+01,  6.646395e+01
  2.605273e+01,  4.597678e+01
  1.352138e+01,  3.336918e+01
  5.623096e+00,  -3.487074e+00
  4.176266e+00,  2.493755e+01
  1.368114e+01,  7.389005e+01
  2.461581e+01,  7.347177e+01
  2.363034e+01,  6.056043e+01
  1.355799e+01,  1.083080e+01
  1.677332e+01,  -5.049432e+01
  1.747076e+01,  -7.460628e+01
  1.502956e+01,  -1.003717e+02
  1.022723e+01,  -1.487479e+02
  1.076952e+01,  1.385514e+02
  1.477530e+01,  1.122552e+02
  1.806817e+01,  1.368811e+02
  1.812956e+01,  -1.778438e+02
  1.221941e+01,  -9.381901e+01
  1.590209e+01,  -1.579112e+01
  1.203329e+01,  3.469910e+01
  8.767771e+00,  1.687956e+02
  2.963758e+01,  -1.316990e+02
  3.284618e+01,  -7.285734e+01
  3.843244e+01,  -3.362098e+00
  2.942041e+01,  4.273788e+01
  1.498927e+01,  1.290509e+02
  2.899181e+01,  -1.531567e+02
  3.265580e+01,  -1.027653e+02
  3.398581e+01,  -6.977972e+01
  3.289272e+01,  -1.348960e+02
  4.343457e+01,  -1.762685e+02
  6.036431e+00,  1.776924e+02
  1.028319e+01,  -5.040173e+01
  1.391327e+01,  1.600479e+02
  1.294766e+01,  1.408856e+02
  3.228906e+00,  -2.920539e+00
  1.296969e+01,  -1.496507e+02
  2.569490e+01,  -1.639614e+02
  1.719255e+01,  7.812434e+01
  1.573083e+01,  1.071497e+01
  1.780580e+01,  -1.102818e+02
  8.704692e+00,  4.386537e+01
  1.851528e+01,  -1.363133e+01
  3.212696e+01,  -8.610566e+01
  2.743922e+01,  -1.592609e+02
  2.372807e+01,  1.019473e+02
  3.007816e+01,  5.468849e+01
  2.438449e+01,  2.210465e+01
  1.530349e+01,  -2.742242e+01
  2.664975e+01,  -1.312200e+02
  4.866902e+01,  -1.165824e+02
  4.326189e+01,  -5.566653e+01
  4.833989e+01,  3.744026e+01
  6.522328e+01,  8.446095e+01
  3.916334e+01,  1.139605e+02
  1.996286e+01,  -1.486626e+02
  3.270780e+01,  -1.019766e+02
  2.696467e+01,  -1.483615e+02
  3.797027e+01,  1.694137e+02
  7.909028e+00,  1.590972e+02
  1.911007e+01,  -3.067604e+00
  1.215924e+01,  4.897122e+00
  7.652857e+00,  -1.277578e+02
  1.371892e+01,  -1.188725e+02
  4.549592e+00,  -4.584825e+01
  1.536161e+01,  3.899679e+01
  1.290369e+01,  2.141667e+01
  1.949933e+01,  -3.012641e+01
  2.240041e+01,  -1.656245e+01
  4.525235e+00,  -1.510722e+02
  2.297754e+01,  1.784088e+02
  2.351898e+01,  1.117052e+02
  3.064864e+01,  9.438989e+01
  9.144308e+00,  8.147334e+01
  2.735766e+01,  -9.766738e+00
  3.827465e+01,  3.543437e+01
  3.239151e+01,  1.172352e+02
  3.909807e+01,  -1.403371e+02
  4.619603e+01,  -5.229034e+01
  3.667354e+01,  -1.364573e-01
  4.037077e+01,  -1.689794e+02
  6.353574e+01,  -1.458163e+02
  1.499524e+01,  -7.648503e+01
  3.114323e+01,  6.871429e+01
  2.616584e+01,  1.064900e+02
  1.930745e+00,  -6.079307e+01
  5.693519e+00,  -1.346542e+02
  2.279242e+01,  -1.665666e+02
  1.861203e+01,  -1.307622e+02
  1.191689e+01,  -5.945819e+01
  1.055921e+01,  -4.030509e+01
  1.056763e+01,  -8.095048e+01
  1.253454e+01,  -9.366204e+01
  1.631492e+01,  -4.549670e+01
  2.943321e+01,  -2.642099e+01
  2.862969e+01,  -2.030996e+01
  1.178594e+01,  -6.571326e+00
  1.153777e+01,  -1.466174e+02
  1.731987e+01,  -1.499811e+02
  1.461266e+01,  9.902551e+01
  3.774666e+01,  7.643129e+01
  3.270444e+01,  8.057806e+01
  6.221356e+00,  9.844437e+01
  1.584778e+01,  -7.058471e+01
  1.432544e+01,  -4.225974e+01
  9.281457e+00,  6.916586e+01
  1.725304e+01,  1.031219e+02
  9.526409e+00,  7.585814e+01
  1.343492e+01,  -3.129270e+01
  2.001653e+01,  -5.417905e+01
  1.175794e+01,  -7.054374e+01
  9.019467e+00,  -1.702650e+02
  1.606446e+01,  1.506921e+02
  1.355322e+01,  1.169372e+02
  9.308855e+00,  8.302299e+01
  4.466347e+00,  1.146804e+02
  8.211247e+00,  -1.373351e+02
  1.113538e+01,  -9.442289e+01
  7.292126e+00,  -7.788812e+01
  7.485242e+00,  -6.171068e+01
  9.849078e+00,  -4.115017e+01
  6.777224e+00,  -1.106538e+02
  7.109695e+00,  -8.854224e+01
  1.345739e+01,  2.513170e+01
  1.760123e+01,  6.416514e+01
  1.205305e+01,  1.116707e+02
  2.444629e+01,  -1.673931e+02
  3.723508e+01,  -1.236171e+02
  5.929790e+01,  -8.410162e+01
  7.803215e+01,  -1.186731e+02
  8.758107e+01,  -1.731481e+02
  4.141669e+01,  1.610611e+02
  1.919209e+01,  -8.261572e+01
  8.429331e+00,  -1.543022e+02
  1.339885e+01,  1.187995e+02
  1.135290e+01,  4.704939e-02
  9.047765e+00,  -6.333169e+01
  1.126827e+01,  1.642253e+02
  2.950738e+01,  7.811274e+01
  5.278552e+00,  -1.302176e+02
  8.589571e+00,  -9.067590e+01
  5.612300e+00,  7.555846e+01
  3.830892e+00,  1.160169e+02
  2.203040e+00,  -8.720380e+01
  2.542004e+00,  -4.822535e+01
  1.776133e+00,  8.213767e+01
  2.108783e+00,  1.180453e+02
  7.492082e-01,  -8.196795e+01
  1.522405e+00,  -4.188464e+01
  9.611420e-01,  6.968827e+01
  1.371740e+00,  1.133812e+02
  1.606340e-01,  -8.870556e+01
  9.111396e-01,  -3.642177e+01
  6.278827e-01,  5.484557e+01
  9.313182e-01,  1.061209e+02
  1.445626e-01,  1.097077e+02
  4.771290e-01,  -2.422701e+01
  4.795233e-01,  5.007455e+01
  6.657981e-01,  9.724488e+01
  2.437439e-01,  9.553672e+01
  2.860368e-01,  -2.606826e+00
  4.004735e-01,  4.838641e+01
  5.298085e-01,  8.806531e+01
  3.063453e-01,  8.967610e+01
  2.149138e-01,  2.915482e+01
  3.347900e-01,  4.970620e+01
  4.278416e-01,  7.999651e+01
  3.217018e-01,  8.332824e+01
  2.348218e-01,  5.268868e+01
  3.123376e-01,  5.599601e+01
  3.755181e-01,  7.722568e+01
  3.109830e-01,  8.345144e+01
  2.312514e-01,  6.460200e+01
  2.865272e-01,  5.778788e+01
  3.543259e-01,  6.983942e+01
  3.377230e-01,  7.577976e+01
  2.820356e-01,  6.956241e+01
  2.911314e-01,  6.498552e+01
  3.306529e-01,  7.056058e+01
  3.302978e-01,  7.384376e+01
  3.036264e-01,  6.954083e+01
  3.101949e-01,  6.581104e+01
  3.335805e-01,  6.908530e+01
  3.288104e-01,  7.277397e+01
  3.049587e-01,  7.167633e+01
  3.085845e-01,  6.845577e+01
  3.360914e-01,  6.804559e+01
  3.434094e-01,  6.862077e+01
  3.217368e-01,  6.804682e+01
  3.041689e-01,  6.791420e+01
  3.072930e-01,  6.962766e+01
  3.130314e-01,  7.063407e+01
  3.081973e-01,  6.917940e+01
  3.061833e-01,  6.720621e+01
  3.181674e-01,  6.724522e+01
  3.332953e-01,  6.848894e+01
  3.332414e-01,  6.918172e+01
  3.148134e-01,  6.908077e+01
  2.948034e-01,  6.861493e+01
  2.947304e-01,  6.836513e+01
  3.174222e-01,  6.922521e+01
  3.393499e-01,  7.099524e+01
  3.364253e-01,  7.180299e+01
  3.166649e-01,  6.973527e+01
  3.101947e-01,  6.628488e+01
  3.219389e-01,  6.588931e+01
  3.281213e-01,  6.849414e+01
  3.176249e-01,  7.024205e+01
  3.070474e-01,  6.922971e+01
  3.114183e-01,  6.838330e+01
  3.189066e-01,  7.036685e+01
  3.142871e-01,  7.308895e+01
  3.025788e-01,  7.325207e+01
  2.994362e-01,  7.069164e+01
  3.070781e-01,  6.806830e+01
  3.147586e-01,  6.641540e+01
  3.180144e-01,  6.527727e+01
  3.202659e-01,  6.520368e+01
  3.229477e-01,  6.683634e+01
  3.237589e-01,  6.916572e+01
  3.206936e-01,  7.069971e+01
  3.160549e-01,  7.112170e+01
  3.159532e-01,  7.068462e+01
  3.230213e-01,  6.937932e+01
  3.298764e-01,  6.786126e+01
  3.258053e-01,  6.757400e+01
  3.134344e-01,  6.890221e+01
  3.078066e-01,  6.989484e+01
  3.136353e-01,  6.880712e+01
  3.180022e-01,  6.735285e+01
  3.101442e-01,  6.804286e+01
  2.987334e-01,  7.016202e+01
  2.960695e-01,  6.997663e+01
  3.005252e-01,  6.692544e+01
  3.031602e-01,  6.567564e+01
  3.019817e-01,  6.909662e+01
  3.033812e-01,  7.275339e+01
  3.064644e-01,  7.059450e+01
  3.134444e-01,  6.530762e+01
  3.218456e-01,  6.499353e+01
  3.253673e-01,  6.968987e+01
  3.222661e-01,  7.114885e+01
  3.173533e-01,  6.695821e+01
  3.132802e-01,  6.582727e+01
  3.004951e-01,  7.118761e+01
  2.873328e-01,  7.184893e+01
  3.027301e-01,  6.271574e+01
  3.376385e-01,  6.121108e+01
  3.322241e-01,  7.272531e+01
  2.896965e-01,  8.014566e+01
  2.760779e-01,  6.402062e+01
  3.450786e-01,  5.568736e+01
  3.617289e-01,  7.201043e+01
  3.107925e-01,  8.906702e+01
  2.589497e-01,  6.755815e+01
  3.743365e-01,  4.914646e+01
  4.037583e-01,  7.021581e+01
  3.271528e-01,  9.948067e+01
  2.065196e-01,  6.394560e+01
  4.409295e-01,  3.473954e+01
  4.667098e-01,  6.717952e+01
  3.871674e-01,  1.213790e+02
  6.977325e-02,  6.219169e+01
  6.191148e-01,  1.691234e+01
  6.521427e-01,  6.046151e+01
  6.327182e-01,  1.371544e+02
  1.882957e-01,  -1.354930e+02
  9.961329e-01,  -2.473477e-01
  9.971326e-01,  5.048060e+01
  1.144857e+00,  1.463539e+02
  7.138090e-01,  -1.384330e+02
  1.798776e+00,  -1.257257e+01
  1.753444e+00,  4.102142e+01
  2.292215e+00,  1.497884e+02
  1.828581e+00,  -1.465811e+02
  3.626555e+00,  -1.864708e+01
  3.622246e+00,  3.219673e+01
  5.307464e+00,  1.521773e+02
  4.565369e+00,  -1.567173e+02
  1.024863e+01,  -2.743782e+01
  1.293143e+01,  1.000911e+02
  1.749746e+01,  1.115097e+02
  3.361691e+01,  2.261720e+01
  4.983738e+01,  5.720679e+01
  4.202931e+01,  1.239112e+02
  3.171570e+01,  -1.407258e+02
  3.959344e+01,  -5.354397e+01
  2.692825e+01,  6.621155e-01
  1.353873e+01,  1.231413e+02
  2.126215e+01,  1.663927e+02
  1.444858e+01,  1.715884e+02
  5.706950e+00,  -1.478055e+02
  1.052368e+01,  -5.192403e+01
  1.492949e+01,  -1.908411e+01
  1.097554e+01,  1.512285e+01
  7.292788e+00,  7.624676e+01
  1.176686e+01,  1.025915e+02
  1.817987e+01,  9.637339e+01
  1.896051e+01,  9.577891e+01
  8.075357e+00,  1.333601e+02
  1.413871e+01,  -1.170414e+02
  1.701597e+01,  -9.612588e+01
  3.300641e+00,  -8.626845e+01
  1.369710e+01,  9.552638e+01
  1.753004e+01,  1.042899e+02
  8.316263e+00,  1.543691e+02
  1.893906e+01,  -1.256668e+02
  2.635644e+01,  -1.048951e+02
  1.511933e+01,  -7.693287e+01
  8.491426e+00,  7.884470e+01
  2.171607e+01,  1.084052e+02
  1.013825e+01,  1.246368e+02
  1.371953e+01,  -3.944522e+01
  2.571766e+01,  -8.676642e+00
  2.072564e+01,  9.399639e+00
  6.022291e+00,  -1.032174e+01
  4.493720e+00,  1.745022e+02
  1.269291e+01,  1.342759e+02
  1.669801e+01,  1.183326e+02
  1.408500e+01,  9.987508e+01
  1.427636e+01,  7.981853e+01
  2.128492e+01,  9.776324e+01
  2.639713e+01,  1.274536e+02
  1.704776e+01,  1.609546e+02
  3.868076e+00,  -2.278196e+01
  2.002788e+01,  3.339533e+01
  1.822952e+01,  6.768497e+01
  5.646462e+00,  1.673825e+02
  1.772403e+01,  -1.080053e+02
  1.653975e+01,  -9.409278e+01
  4.190363e+00,  -1.036069e+02
  6.389788e+00,  1.365116e+02
  9.184054e+00,  1.176210e+02
  7.977252e+00,  7.839963e+01
  7.759744e+00,  1.834440e+01
  1.007285e+01,  -3.696238e+00
  5.835340e+00,  1.422543e+01
  6.381497e+00,  1.555525e+02
  1.350502e+01,  -1.768891e+02
  8.863515e+00,  -1.558513e+02
  4.513753e+00,  -2.184778e+01
  1.044882e+01,  3.830148e+00
  5.704606e+00,  -1.523058e+01
  1.110801e+01,  -1.338384e+02
  2.683036e+01,  -1.460220e+02
  3.052227e+01,  -1.342379e+02
  1.694582e+01,  -8.450598e+01
  1.980865e+01,  3.005347e+01
  3.134971e+01,  7.102177e+01
  1.840837e+01,  8.726253e+01
  9.279383e+00,  -1.380523e+02
  2.333246e+01,  -1.231102e+02
  1.836064e+01,  -1.463613e+02
  1.919151e+01,  1.604062e+02
  1.604060e+01,  1.394727e+02
  7.519354e+00,  8.570439e+01
  1.094040e+01,  1.696589e+01
  1.438361e+01,  -1.417351e+01
  1.555911e+01,  -3.260028e+01
  1.263129e+01,  -2.983189e+01
  6.868356e+00,  -1.653068e+01
  3.056557e+00,  -5.033771e+01
  3.749002e+00,  -1.287289e+02
  1.149338e+01,  1.694239e+02
  2.095208e+01,  1.638611e+02
  1.573098e+01,  1.696265e+02
  2.658490e+00,  4.705860e+01
  1.979869e+01,  1.886251e+01
  2.362857e+01,  1.831409e+01
  1.028296e+01,  1.736532e+00
  1.017933e+01,  -1.035606e+02
  1.435179e+01,  -1.139603e+02
  9.714302e+00,  -1.424544e+02
  8.016839e+00,  1.503405e+02
  1.082616e+01,  9.507785e+01
  1.073017e+01,  9.744328e+01
  4.810538e+00,  1.719081e+02
  7.449394e+00,  -7.907605e+01
  8.765459e+00,  -1.688979e+01
  5.306333e+00,  5.421431e+01
  7.581536e+00,  -1.581955e+02
  1.947188e+01,  -1.015074e+02
  2.613369e+01,  -6.707860e+01
  2.191377e+01,  -3.870410e+01
  1.869983e+01,  1.603849e+01
  3.378493e+01,  6.656751e+01
  4.103029e+01,  9.770296e+01
  2.312926e+01,  1.335605e+02
  1.580374e+01,  -9.681391e+01
  3.510904e+01,  -5.811878e+01
  2.952657e+01,  -3.146282e+01
  1.223785e+01,  4.968199e+01
  2.157287e+01,  1.286336e+02
  1.873146e+01,  1.391407e+02
  8.192813e+00,  1.007880e+02
  5.001789e+00,  2.445441e+01
  7.744670e+00,  -9.479268e+01
  1.769864e+01,  -1.178811e+02
  1.908339e+01,  -1.327379e+02
  1.418765e+01,  -1.697386e+02
  1.181419e+01,  1.312756e+02
  1.283590e+01,  8.241184e+01
  1.319508e+01,  5.544349e+01
  1.194628e+01,  2.746731e+01
  1.240036e+01,  -1.002977e+01
  1.381218e+01,  -1.515333e+01
  1.211654e+01,  1.945160e+01
  8.536116e+00,  7.079153e+01
  6.140345e+00,  1.702461e+02
  1.251233e+01,  -1.360854e+02
  1.466677e+01,  -1.289106e+02
  9.940646e+00,  -1.482153e+02
  7.985865e+00,  1.344295e+02
  1.407298e+01,  1.044544e+02
  1.513066e+01,  9.250138e+01
  1.279848e+01,  5.978122e+01
  1.184947e+01,  6.297897e+00
  1.227841e+01,  -3.949206e+01
  9.791584e+00,  -7.008108e+01
  7.823097e+00,  -8.744530e+01
  8.852829e+00,  -9.885752e+01
  7.633105e+00,  -1.345858e+02
  5.597064e+00,  1.336930e+02
  1.288913e+01,  7.224650e+01
  2.032582e+01,  6.449028e+01
  2.458040e+01,  5.699300e+01
  2.359805e+01,  3.707223e+01
  1.785698e+01,  1.983985e+01
  1.153198e+01,  2.981029e+01
  1.156994e+01,  6.170246e+01
  1.112002e+01,  7.746489e+01
  5.952397e+00,  1.001766e+02
  5.886102e+00,  1.683939e+02
  1.235516e+01,  1.773475e+02
  1.510310e+01,  -1.773195e+02
  9.583298e+00,  -1.605201e+02
  9.667829e-01,  8.218082e+01
  8.335236e+00,  4.311154e+01
  7.963802e+00,  -1.082059e+01
  9.817347e+00,  -6.230884e+01
  8.918390e+00,  -1.096511e+02
  1.457437e+01,  -1.167353e+02
  1.124514e+01,  -7.982678e+01
  1.801961e+01,  4.903026e+01
  3.592654e+01,  8.565466e+01
  2.835279e+01,  1.028403e+02
  9.270269e+00,  2.181964e+01
  2.312549e+01,  -3.571576e+01
  2.083321e+01,  -5.892104e+01
  1.248665e+01,  -7.581711e+01
  5.577805e+00,  -6.032576e+01
  9.929576e+00,  -2.262646e+01
  1.762290e+01,  -2.976363e+01
  1.922092e+01,  -4.626287e+01
  1.430411e+01,  -6.338528e+01
  3.724985e+00,  -8.316282e+01
  7.866211e+00,  1.231714e+02
  1.072409e+01,  1.235709e+02
  2.464940e+00,  1.445892e+02
  9.375439e+00,  -7.004388e+01
  1.512751e+01,  -8.837978e+01
  1.768439e+01,  -1.090065e+02
  1.354052e+01,  -9.722789e+01
  6.204472e+00,  -5.743671e+01
  4.575054e+00,  -1.702437e+02
  1.613727e+01,  -1.482440e+02
  2.204024e+01,  -1.176609e+02
  2.088563e+01,  -8.897540e+01
  2.223942e+01,  -7.703442e+01
  3.146270e+01,  -6.550436e+01
  3.115549e+01,  -2.662717e+01
  2.271942e+01,  4.999269e+01
  2.786073e+01,  1.320757e+02
  2.513019e+01,  1.608593e+02
  1.497106e+01,  1.265642e+02
  1.445878e+01,  1.031924e+02
  5.006522e+00,  -1.173341e+02
  1.191973e+01,  -1.247210e+02
  4.461857e+00,  4.228737e+01
  3.384494e+00,  6.013314e+01
  2.711849e+00,  -1.272658e+02
  1.253332e+00,  -1.236557e+02
  2.250471e+00,  4.889868e+01
  1.504132e+00,  5.371220e+01
  1.027557e+00,  -1.345557e+02
  6.736096e-01,  -1.234176e+02
  1.237678e+00,  4.621907e+01
  1.117993e+00,  5.372193e+01
  3.592045e-01,  -1.461293e+02
  3.783573e-01,  -1.266974e+02
  7.401508e-01,  4.657197e+01
  8.550828e-01,  5.492225e+01
  1.283903e-01,  1.478016e+02
  2.057376e-01,  -1.460071e+02
  4.617225e-01,  5.208863e+01
  6.852940e-01,  5.670715e+01
  2.479155e-01,  8.420201e+01
  1.185297e-01,  1.456635e+02
  3.361933e-01,  6.310760e+01
  5.334713e-01,  5.890975e+01
  3.106840e-01,  7.177666e+01
  1.671763e-01,  9.882126e+01
  2.923696e-01,  7.269904e+01
  4.298404e-01,  6.361378e+01
  3.252583e-01,  6.790732e+01
  2.138474e-01,  7.861391e+01
  2.811033e-01,  7.112689e+01
  3.797516e-01,  6.454394e+01
  3.389510e-01,  6.543216e+01
  2.631914e-01,  7.077541e+01
  2.867794e-01,  7.096495e+01
  3.420748e-01,  6.828295e+01
  3.262053e-01,  6.873288e+01
  2.869697e-01,  7.099597e+01
  3.046701e-01,  6.987024e+01
  3.407865e-01,  6.706844e+01
  3.247234e-01,  6.673743e+01
  2.869176e-01,  6.956254e+01
  2.945422e-01,  7.157915e+01
  3.300864e-01,  6.990818e+01
  3.355824e-01,  6.710700e+01
  3.134163e-01,  6.577122e+01
  3.085688e-01,  6.759972e+01
  3.246285e-01,  7.068070e+01
  3.239682e-01,  7.189687e+01
  3.010351e-01,  7.028476e+01
  2.919030e-01,  6.778196e+01
  3.090173e-01,  6.779017e+01
  3.239219e-01,  6.944444e+01
  3.175824e-01,  6.976998e+01
  3.072688e-01,  6.805854e+01
  3.095347e-01,  6.697299e+01
  3.102467e-01,  6.827257e+01
  2.968335e-01,  7.032255e+01
  2.870370e-01,  7.091869e+01
  2.999485e-01,  7.019811e+01
  3.177777e-01,  6.988451e+01
  3.107165e-01,  7.023172e+01
  2.882400e-01,  7.074030e+01
  2.872670e-01,  7.119956e+01
  3.134009e-01,  7.131399e+01
  3.315132e-01,  7.073816e+01
  3.198921e-01,  6.975613e+01
  2.993407e-01,  6.941497e+01
  2.968541e-01,  7.025728e+01
  3.083046e-01,  7.109991e+01
  3.136724e-01,  7.109412e+01
  3.099316e-01,  7.056215e+01
  3.080837e-01,  6.970961e+01
  3.092807e-01,  6.830998e+01
  3.042514e-01,  6.675260e+01
  2.941732e-01,  6.603540e+01
  2.949347e-01,  6.614490e+01
  3.133797e-01,  6.577300e+01
  3.323420e-01,  6.513235e+01
  3.323983e-01,  6.619477e+01
  3.202938e-01,  6.968869e+01
  3.162695e-01,  7.273361e+01
  3.199060e-01,  7.220254e+01
  3.170515e-01,  6.955449e+01
  3.071947e-01,  6.800852e+01
  3.052370e-01,  6.830279e+01
  3.151511e-01,  6.856927e+01
  3.217745e-01,  6.816351e+01
  3.177848e-01,  6.809530e+01
  3.145862e-01,  6.820874e+01
  3.174758e-01,  6.719184e+01
  3.139984e-01,  6.581470e+01
  2.989522e-01,  6.688191e+01
  2.908328e-01,  7.082957e+01
  3.019208e-01,  7.295409e+01
  3.150175e-01,  7.078052e+01
  3.132942e-01,  6.792178e+01
  3.037969e-01,  6.834391e+01
  3.055060e-01,  7.075768e+01
  3.183795e-01,  7.065758e+01
  3.273318e-01,  6.834194e+01
  3.257729e-01,  6.755032e+01
  3.179084e-01,  6.918659e+01
  3.076419e-01,  7.033494e+01
  2.970801e-01,  6.943662e+01
  2.938335e-01,  6.867360e+01
  3.018974e-01,  6.967077e+01
  3.131521e-01,  7.081434e+01
  3.180666e-01,  7.050315e+01
  3.200652e-01,  6.883000e+01
  3.260484e-01,  6.674790e+01
  3.300899e-01,  6.573117e+01
  3.211687e-01,  6.722356e+01
  3.030424e-01,  7.081577e+01
  2.902633e-01,  7.299717e+01
  2.909137e-01,  7.117687e+01
  3.043833e-01,  6.814962e+01
  3.222739e-01,  6.740492e+01
  3.342675e-01,  6.836328e+01
  3.330515e-01,  6.902989e+01
  3.202243e-01,  6.913854e+01
  3.081415e-01,  6.937647e+01
  3.081823e-01,  6.952436e+01
  3.184963e-01,  6.923437e+01
  3.274898e-01,  6.918987e+01
  3.271639e-01,  6.968952e+01
  3.191268e-01,  6.984540e+01
  3.102761e-01,  6.915648e+01
  3.070466e-01,  6.865647e+01
  3.111051e-01,  6.911216e+01
  3.171667e-01,  6.963510e+01
  3.168387e-01,  6.959755e+01
  3.087732e-01,  6.984827e+01
  3.021969e-01,  7.084869e+01
  3.064578e-01,  7.097027e+01
  3.191283e-01,  6.895277e+01
  3.281869e-01,  6.651841e+01
  3.247207e-01,  6.612943e+01
  3.158185e-01,  6.778913e+01
  3.167564e-01,  6.865656e+01
  3.288500e-01,  6.705922e+01
  3.351540e-01,  6.501252e+01
  3.215740e-01,  6.478656e+01
  3.010668e-01,  6.642282e+01
  2.998062e-01,  6.800982e+01
  3.195668e-01,  6.839689e+01
  3.330728e-01,  6.843989e+01
  3.210395e-01,  6.868693e+01
  2.986601e-01,  6.873254e+01
  2.925072e-01,  6.822490e+01
  3.035916e-01,  6.774758e+01
  3.114438e-01,  6.809630e+01
  3.078485e-01,  6.947991e+01
  3.053623e-01,  7.100214e+01
  3.130387e-01,  7.093602e+01
  3.243677e-01,  6.916699e+01
  3.304663e-01,  6.784795e+01
  3.293644e-01,  6.873543e+01
  3.218404e-01,  7.060327e+01
  3.085179e-01,  7.052562e+01
  2.976244e-01,  6.812604e+01
  2.987217e-01,  6.680681e+01
  3.066263e-01,  6.847550e+01
  3.101811e-01,  7.062020e+01
  3.114053e-01,  7.057603e+01
  3.225536e-01,  6.908476e+01
  3.380698e-01,  6.855220e+01
  3.356283e-01,  6.911519e+01
  3.137540e-01,  6.936906e+01
  3.010330e-01,  6.883252e+01
  3.148566e-01,  6.875915e+01
  3.335539e-01,  6.985673e+01
  3.282635e-01,  7.150306e+01
  3.044202e-01,  7.282861e+01
  2.919913e-01,  7.276121e+01
  3.049391e-01,  7.103915e+01
  3.279959e-01,  6.896133e+01
  3.391431e-01,  6.768629e+01
  3.322688e-01,  6.738604e+01
  3.176713e-01,  6.773162e+01
  3.098368e-01,  6.870557e+01
  3.155652e-01,  7.043785e+01
  3.269606e-01,  7.205237e+01
  3.275491e-01,  7.221824e+01
  3.134435e-01,  7.069343e+01
  3.022899e-01,  6.886074e+01
  3.096074e-01,  6.845438e+01
  3.238926e-01,  6.925820e+01
  3.208787e-01,  7.026235e+01
  3.016533e-01,  7.125825e+01
  2.944205e-01,  7.183123e+01
  3.113423e-01,  7.101143e+01
  3.289018e-01,  6.913022e+01
  3.238706e-01,  6.759089e+01
  3.063926e-01,  6.738559e+01
  2.995587e-01,  6.787186e+01
  3.039597e-01,  6.762909e+01
  3.054769e-01,  6.720860e+01
  3.032813e-01,  6.817114e+01
  3.070425e-01,  6.993301e+01
  3.148505e-01,  7.009659e+01
  3.168017e-01,  6.856518e+01
  3.128477e-01,  6.806354e+01
  3.099310e-01,  7.014236e+01
  3.085028e-01,  7.229619e+01
  3.037669e-01,  7.159178e+01
  3.011369e-01,  6.912153e+01
  3.082639e-01,  6.825812e+01
  3.185586e-01,  6.920985e+01
  3.180010e-01,  6.968243e+01
  3.061322e-01,  6.936906e+01
  2.994069e-01,  6.978834e+01
  3.094755e-01,  7.037491e+01
  3.284641e-01,  6.902546e+01
  3.397990e-01,  6.673824e+01
  3.340175e-01,  6.654016e+01
  3.168216e-01,  6.891233e+01
  3.042587e-01,  7.044694e+01
  3.075022e-01,  6.918347e+01
  3.215754e-01,  6.850014e+01
  3.275389e-01,  7.069118e+01
  3.172132e-01,  7.308305e+01
  3.043495e-01,  7.205542e+01
  3.070715e-01,  6.895625e+01
  3.178840e-01,  6.848413e+01
  3.168864e-01,  7.085033e+01
  3.070022e-01,  7.243417e+01
  3.076468e-01,  7.111257e+01
  3.196791e-01,  6.937504e+01
  3.199901e-01,  6.951960e+01
  3.040372e-01,  7.004975e+01
  2.987069e-01,  6.849940e+01
  3.179647e-01,  6.644748e+01
  3.344918e-01,  6.721537e+01
  3.236481e-01,  7.023707e+01
  3.034539e-01,  7.166172e+01
  3.044491e-01,  6.918342e+01
  3.224006e-01,  6.721994e+01
  3.268653e-01,  6.934420e+01
  3.151234e-01,  7.283759e+01
  3.093849e-01,  7.216438e+01
  3.182785e-01,  6.770109e+01
  3.229579e-01,  6.579569e+01
  3.107009e-01,  6.902587e+01
  2.994225e-01,  7.372043e+01
  3.008450e-01,  7.456903e+01
  3.062929e-01,  7.203574e+01
  3.075017e-01,  6.983845e+01
  3.087549e-01,  6.940635e+01
  3.138684e-01,  6.963708e+01
  3.150633e-01,  6.930216e+01
  3.097953e-01,  6.840502e+01
  3.081819e-01,  6.812191e+01
  3.110954e-01,  6.955460e+01
  3.064264e-01,  7.178830e+01
  2.982099e-01,  7.239153e+01
  3.082071e-01,  7.077174e+01
  3.298853e-01,  6.987043e+01
  3.248585e-01,  7.045880e+01
  2.937116e-01,  6.955662e+01
  2.904381e-01,  6.628050e+01
  3.272498e-01,  6.643105e+01
  3.426072e-01,  7.028641e+01
  3.106319e-01,  7.180885e+01
  2.928977e-01,  6.739657e+01
  3.183889e-01,  6.661704e+01
  3.149277e-01,  7.361427e+01
  2.639114e-01,  7.774850e+01
  2.680739e-01,  6.640382e+01
  3.622803e-01,  6.187063e+01
  3.735788e-01,  7.067192e+01
  2.633078e-01,  8.005393e+01
  2.359986e-01,  6.330214e+01
  3.941788e-01,  5.767923e+01
  4.132672e-01,  7.239027e+01
  2.106373e-01,  9.889862e+01
  1.246982e-01,  5.300127e+01
  4.720727e-01,  4.882060e+01
  5.689162e-01,  7.009827e+01
  2.330089e-01,  1.233311e+02
  8.366615e-02,  -7.086893e+01
  6.394386e-01,  3.702712e+01
  8.721992e-01,  6.612074e+01
  3.437242e-01,  1.573154e+02
  5.573610e-01,  -1.021595e+02
  9.564977e-01,  2.185608e+01
  1.556752e+00,  6.376750e+01
  8.071400e-01,  1.751260e+02
  1.685996e+00,  -1.093908e+02
  1.977742e+00,  1.922550e+01
  3.751909e+00,  6.867123e+01
  3.233646e+00,  -1.401663e+02
  7.890652e+00,  3.997260e+01
  1.346402e+01,  6.624742e+01
  1.257767e+01,  -1.355381e+02
  2.221022e+01,  -9.126621e+01
  1.978761e+01,  -5.634070e+01
  1.082847e+01,  -1.140228e+01
  1.002933e+01,  9.679045e+01
  1.721752e+01,  1.326053e+02
  1.467092e+01,  1.348030e+02
  7.865414e+00,  1.143149e+02
  4.323930e+00,  6.275703e+01
  4.763412e+00,  4.166585e+01
  2.536053e+00,  3.864122e+01
  5.148762e+00,  -1.099818e+02
  1.203542e+01,  -1.045195e+02
  9.866296e+00,  -8.214953e+01
  6.065958e-01,  5.056287e+01
  1.279142e+01,  1.542575e+02
  1.967743e+01,  1.783736e+02
  1.247500e+01,  -1.491578e+02
  1.393210e+01,  -3.887758e+01
  2.798603e+01,  -8.629176e+00
  2.703468e+01,  2.857179e+00
  1.279978e+01,  4.352887e+00
  3.302430e+00,  -1.344188e+02
  9.738064e+00,  -1.577075e+02
  7.035300e+00,  1.794664e+02
  7.372190e+00,  1.098228e+02
  9.396543e+00,  9.614520e+01
  4.671157e+00,  1.326729e+02
  7.468376e+00,  -1.203708e+02
  1.101612e+01,  -8.488848e+01
  8.452102e+00,  -2.992891e+01
  1.204781e+01,  4.821975e+01
  1.669034e+01,  7.951489e+01
  1.148122e+01,  9.285077e+01
  2.679022e-01,  -7.756586e+01
  8.143401e+00,  -8.042888e+01
  6.586440e+00,  -9.437528e+01
  5.627836e+00,  1.767251e+02
  1.095875e+01,  1.478300e+02
  8.814973e+00,  1.345223e+02
  3.236232e+00,  1.868328e+01
  1.412536e+01,  -2.200050e+01
  1.844892e+01,  -2.179928e+01
  1.216342e+01,  -1.392246e+01
  4.829955e+00,  7.249340e+01
  1.396892e+01,  1.167592e+02
  1.796561e+01,  1.208768e+02
  1.150500e+01,  1.416735e+02
  8.147666e+00,  -1.039706e+02
  1.788992e+01,  -6.047568e+01
  1.537894e+01,  -3.636593e+01
  8.666137e+00,  6.265968e+01
  2.368115e+01,  1.263737e+02
  3.175573e+01,  1.400714e+02
  2.608862e+01,  1.321228e+02
  1.126154e+01,  1.181269e+02
  7.364328e+00,  -3.750309e+01
  1.698747e+01,  -3.993918e+01
  1.402283e+01,  -3.990069e+01
  7.169636e+00,  -8.131687e+01
  1.143840e+01,  -1.198309e+02
  1.150809e+01,  -1.068970e+02
  5.584166e+00,  -6.688518e+01
  4.673388e+00,  5.125602e+01
  1.020982e+01,  9.650093e+01
  1.456810e+01,  1.094415e+02
  1.490039e+01,  1.145390e+02
  8.446917e+00,  1.231853e+02
  2.370665e+00,  -4.193309e+01
  1.066277e+01,  -4.364741e+01
  1.243522e+01,  -6.199397e+01
  1.148387e+01,  -8.977639e+01
  8.353770e+00,  -1.072082e+02
  3.311322e+00,  -1.334415e+02
  3.047862e+00,  1.076958e+02
  6.140678e+00,  6.941049e+01
  7.395161e+00,  5.203338e+01
  6.373913e+00,  4.322541e+01
  4.609883e+00,  3.244893e+01
  2.745446e+00,  1.125202e+01
  2.006968e+00,  -3.433397e+01
  1.914488e+00,  -3.446163e+01
  1.168100e+00,  7.332870e+01
  5.223215e+00,  1.357820e+02
  9.934014e+00,  1.483061e+02
  1.155391e+01,  1.601905e+02
  8.394732e+00,  -1.612298e+02
  9.349460e+00,  -7.613961e+01
  1.417041e+01,  -2.596173e+01
  1.248737e+01,  1.481534e+01
  9.108614e+00,  9.196499e+01
  1.466366e+01,  1.520555e+02
  1.469333e+01,  -1.796776e+02
  7.137181e+00,  -1.358448e+02
  9.004230e+00,  -3.981760e+01
  1.334779e+01,  -2.010773e+01
  1.057901e+01,  -2.402857e+01
  6.001531e+00,  -5.104602e+01
  1.630932e+00,  -9.206527e+01
  5.993740e+00,  1.045225e+02
  1.462819e+01,  9.729126e+01
  1.921330e+01,  1.007989e+02
  1.539876e+01,  1.156252e+02
  6.698812e+00,  1.560584e+02
  4.688820e+00,  -1.083062e+02
  2.725756e+00,  -5.571452e+01
  4.971201e+00,  9.379583e+01
  1.010122e+01,  1.196663e+02
  9.122960e+00,  1.511333e+02
  7.746034e+00,  -1.411253e+02
  1.083622e+01,  -9.520383e+01
  9.064248e+00,  -8.232555e+01
  3.233486e+00,  -1.315301e+02
  7.478476e+00,  1.598593e+02
  7.386438e+00,  1.635532e+02
  1.976071e+00,  -8.276686e+01
  1.123236e+01,  -2.005444e+01
  1.537322e+01,  -4.123920e+00
  1.161964e+01,  1.467344e+01
  6.364991e+00,  5.726184e+01
  6.027856e+00,  1.025144e+02
  4.399354e+00,  9.365557e+01
  4.709295e+00,  1.673580e+01
  8.586159e+00,  -8.176200e+00
  8.210555e+00,  -8.042149e+00
  3.418667e+00,  2.611250e+01
  6.117400e+00,  1.223210e+02
  1.130074e+01,  1.255086e+02
  1.471603e+01,  1.141272e+02
  1.718685e+01,  1.041944e+02
  1.611048e+01,  1.022215e+02
  9.159290e+00,  1.173245e+02
  5.644587e+00,  -1.388503e+02
  1.326766e+01,  -9.618814e+01
  1.644028e+01,  -9.172252e+01
  1.419409e+01,  -1.038959e+02
  7.828299e+00,  -1.277346e+02
  5.210102e+00,  1.558758e+02
  7.402719e+00,  1.345803e+02
  4.284147e+00,  1.285388e+02
  3.807976e+00,  1.234249e+01
  1.009449e+01,  1.214538e+00
  1.283727e+01,  8.445524e+00
  1.124096e+01,  2.251030e+01
  6.610967e+00,  5.453238e+01
  7.183053e+00,  1.438715e+02
  1.510119e+01,  1.778007e+02
  1.971708e+01,  -1.709450e+02
  1.820633e+01,  -1.705500e+02
  1.248162e+01,  1.779134e+02
  6.891457e+00,  1.481737e+02
  3.961620e+00,  1.146548e+02
  1.841146e+00,  -1.517162e+02
  9.737027e+00,  -1.142070e+02
  1.775295e+01,  -1.076218e+02
  1.977516e+01,  -1.022560e+02
  1.386306e+01,  -9.670246e+01
  5.487193e+00,  -7.997095e+01
  2.623960e+00,  -1.603984e+01
  2.390657e+00,  -3.245264e+01
  4.691961e+00,  -1.101592e+02
  1.028831e+01,  -1.361121e+02
  1.372561e+01,  -1.406684e+02
  1.175173e+01,  -1.327164e+02
  6.119095e+00,  -9.935547e+01
  8.557312e+00,  -2.246330e+01
  1.609917e+01,  -3.062996e+00
  1.762825e+01,  1.752880e+01
  1.239210e+01,  5.091261e+01
  5.072133e+00,  1.023003e+02
  3.673364e+00,  -1.542543e+02
  4.180925e+00,  -1.289651e+02
  3.067945e+00,  -1.391925e+02
  2.377314e+00,  -1.645043e+02
  2.320544e+00,  1.650865e+02
  2.630532e+00,  1.382118e+02
  2.169700e+00,  1.003183e+02
  3.855788e+00,  3.048724e+01
  7.984133e+00,  1.820232e+01
  9.681133e+00,  2.089213e+01
  6.437915e+00,  2.414013e+01
  1.348628e+00,  -1.189988e+02
  9.456464e+00,  -1.387247e+02
  1.255528e+01,  -1.347318e+02
  7.597176e+00,  -1.297160e+02
  2.386670e+00,  1.135798e+02
  9.029171e+00,  9.219910e+01
  9.171607e+00,  8.986467e+01
  3.277514e+00,  4.241210e+01
  9.309421e+00,  -4.443377e+01
  1.430369e+01,  -4.268567e+01
  1.167608e+01,  -3.101280e+01
  2.155652e+00,  -1.326765e+01
  1.081829e+01,  -1.785043e+02
  1.603393e+01,  -1.487818e+02
  1.124806e+01,  -1.493079e+01
  5.397303e+00,  1.064665e+02
  3.831385e+00,  -1.472233e+02
  1.923457e+00,  -3.034232e+01
  2.588726e+00,  3.746501e+01
  1.239781e+00,  1.283545e+02
  1.263148e+00,  -1.483318e+02
  9.022906e-01,  -1.840107e+01
  1.455553e+00,  3.847633e+01
  7.409905e-01,  1.125321e+02
  6.258644e-01,  -1.605872e+02
  4.670162e-01,  -9.239841e+00
  9.825051e-01,  3.930073e+01
  5.585119e-01,  9.353526e+01
  3.366595e-01,  1.784597e+02
  2.452475e-01,  7.700787e+00
  7.005932e-01,  4.314357e+01
  5.009607e-01,  8.231798e+01
  2.377459e-01,  1.454975e+02
  1.418537e-01,  3.374955e+01
  5.027433e-01,  4.561088e+01
  4.599843e-01,  7.329846e+01
  2.524849e-01,  1.064696e+02
  1.833059e-01,  6.601805e+01
  3.982411e-01,  5.241637e+01
  4.124621e-01,  6.948197e+01
  2.806868e-01,  8.911045e+01
  2.328186e-01,  7.284532e+01
  3.561627e-01,  5.814447e+01
  3.824715e-01,  6.651686e+01
  2.898610e-01,  7.972341e+01
  2.455632e-01,  7.572788e+01
  3.175999e-01,  6.433813e+01
  3.601479e-01,  6.571358e+01
  3.079789e-01,  7.052149e+01
  2.660843e-01,  6.905528e+01
  3.002294e-01,  6.557076e+01
  3.364301e-01,  6.849334e+01
  3.171579e-01,  7.254657e+01
  2.887644e-01,  7.058553e+01
  3.048423e-01,  6.536594e+01
  3.304275e-01,  6.585192e+01
  3.196262e-01,  7.039024e+01
  2.943040e-01,  7.231317e+01
  2.957899e-01,  6.831074e+01
  3.199570e-01,  6.484419e+01
  3.287647e-01,  6.633942e+01
  3.178026e-01,  7.042401e+01
  3.100938e-01,  7.232290e+01
  3.138132e-01,  7.095006e+01
  3.177953e-01,  7.000582e+01
  3.138876e-01,  7.118601e+01
  3.089238e-01,  7.185847e+01
  3.113038e-01,  6.965823e+01
  3.212816e-01,  6.677972e+01
  3.306491e-01,  6.630041e+01
  3.317192e-01,  6.764584e+01
  3.224957e-01,  6.848026e+01
  3.088313e-01,  6.835864e+01
  3.024176e-01,  6.857121e+01
  3.086319e-01,  6.906919e+01
  3.190197e-01,  6.851569e+01
  3.224193e-01,  6.709860e+01
  3.197122e-01,  6.633286e+01
  3.193922e-01,  6.687624e+01
  3.216362e-01,  6.791638e+01
  3.182029e-01,  6.870401e+01
  3.091444e-01,  6.897242e+01
  3.045097e-01,  6.843284e+01
  3.067901e-01,  6.771304e+01
  3.071270e-01,  6.842624e+01
  3.037772e-01,  7.076663e+01
  3.061859e-01,  7.232024e+01
  3.159882e-01,  7.138641e+01
  3.227761e-01,  6.980245e+01
  3.206980e-01,  6.955941e+01
  3.174573e-01,  6.984369e+01
  3.187063e-01,  6.929783e+01
  3.191155e-01,  6.935395e+01
  3.164736e-01,  7.165809e+01
  3.172511e-01,  7.384334e+01
  3.189727e-01,  7.244445e+01
  3.117340e-01,  6.906514e+01
  2.962762e-01,  6.835548e+01
  2.899289e-01,  7.084686e+01
  3.002352e-01,  7.137156e+01
  3.094550e-01,  6.864508e+01
  3.035946e-01,  6.730243e+01
  2.941818e-01,  7.004414e+01
  2.993585e-01,  7.281044e+01
  3.104310e-01,  7.178503e+01
  3.106519e-01,  7.001488e+01
  3.033369e-01,  7.094335e+01
  3.053294e-01,  7.219162e+01
  3.163222e-01,  6.994259e+01
  3.206210e-01,  6.665021e+01
  3.115145e-01,  6.710360e+01
  3.040231e-01,  7.109876e+01
  3.091571e-01,  7.294570e+01
  3.167003e-01,  7.053042e+01
  3.165725e-01,  6.779903e+01
  3.103504e-01,  6.819955e+01
  3.069159e-01,  7.074980e+01
  3.075747e-01,  7.205383e+01
  3.078373e-01,  7.066607e+01
  3.095045e-01,  6.784871e+01
  3.165882e-01,  6.597314e+01
  3.257880e-01,  6.639466e+01
  3.284235e-01,  6.827266e+01
  3.193996e-01,  6.976834e+01
  3.047572e-01,  7.006891e+01
  2.995610e-01,  7.007424e+01
  3.124830e-01,  7.059626e+01
  3.322113e-01,  7.094465e+01
  3.362887e-01,  7.076133e+01
  3.183612e-01,  7.077170e+01
  2.978547e-01,  7.098003e+01
  2.948440e-01,  6.966249e+01
  3.063162e-01,  6.674269e+01
  3.171063e-01,  6.515136e+01
  3.241732e-01,  6.651537e+01
  3.334035e-01,  6.852319e+01
  3.366903e-01,  6.853120e+01
  3.231293e-01,  6.780554e+01
  3.039880e-01,  6.905822e+01
  3.011044e-01,  7.136548e+01
  3.111346e-01,  7.149971e+01
  3.119382e-01,  7.048835e+01
  3.014967e-01,  7.126851e+01
  3.012202e-01,  7.260867e+01
  3.157080e-01,  7.055341e+01
  3.224965e-01,  6.649824e+01
  3.071321e-01,  6.536728e+01
  2.913474e-01,  6.884879e+01
  3.031058e-01,  7.179146e+01
  3.297343e-01,  7.085419e+01
  3.390454e-01,  6.960290e+01
  3.218267e-01,  7.031083e+01
  3.001485e-01,  7.067744e+01
  2.957874e-01,  6.843163e+01
  3.079203e-01,  6.664393e+01
  3.207873e-01,  6.771338e+01
  3.252405e-01,  6.905704e+01
  3.218598e-01,  6.838800e+01
  3.156075e-01,  6.774758e+01
  3.109634e-01,  6.931446e+01
  3.106355e-01,  7.057649e+01
  3.128078e-01,  6.897544e+01
  3.132610e-01,  6.734000e+01
  3.082907e-01,  6.892505e+01
  3.016524e-01,  7.113890e+01
  2.998069e-01,  6.956725e+01
  3.064736e-01,  6.634163e+01
  3.152652e-01,  6.660829e+01
  3.192135e-01,  6.920433e+01
  3.180209e-01,  6.894513e+01
  3.154752e-01,  6.554140e+01
  3.118377e-01,  6.452503e+01
  3.055949e-01,  6.837583e+01
  3.031639e-01,  7.246041e+01
  3.073999e-01,  7.204433e+01
  3.164141e-01,  6.926292e+01
  3.218270e-01,  6.861159e+01
  3.181223e-01,  7.028190e+01
  3.105867e-01,  7.102783e+01
  3.076241e-01,  6.885037e+01
  3.114210e-01,  6.545853e+01
  3.144922e-01,  6.360259e+01
  3.113107e-01,  6.421406e+01
  3.071177e-01,  6.651918e+01
  3.085653e-01,  6.865102e+01
  3.127765e-01,  6.887208e+01
  3.135781e-01,  6.720001e+01
  3.126981e-01,  6.553728e+01
  3.161923e-01,  6.574471e+01
  3.229155e-01,  6.709581e+01
  3.228880e-01,  6.746849e+01
  3.123514e-01,  6.680926e+01
  3.026965e-01,  6.732082e+01
  3.065810e-01,  6.951487e+01
  3.193671e-01,  7.039162e+01
  3.248049e-01,  6.843214e+01
  3.192180e-01,  6.607367e+01
  3.142823e-01,  6.668252e+01
  3.203810e-01,  6.997446e+01
  3.307037e-01,  7.251268e+01
  3.313142e-01,  7.274049e+01
  3.235544e-01,  7.160096e+01
  3.193369e-01,  7.057576e+01
  3.218277e-01,  7.035915e+01
  3.234361e-01,  7.046516e+01
  3.200058e-01,  6.989521e+01
  3.159878e-01,  6.843817e+01
  3.144890e-01,  6.742578e+01
  3.128508e-01,  6.805666e+01
  3.109082e-01,  6.941507e+01
  3.121314e-01,  6.967547e+01
  3.156996e-01,  6.893266e+01
  3.153959e-01,  6.883881e+01
  3.098893e-01,  6.984673e+01
  3.071751e-01,  7.085511e+01
  3.126053e-01,  7.127780e+01
  3.190823e-01,  7.167763e+01
  3.166572e-01,  7.202974e+01
  3.095758e-01,  7.140556e+01
  3.129953e-01,  6.979137e+01
  3.293110e-01,  6.882415e+01
  3.404567e-01,  6.945349e+01
  3.323601e-01,  7.092372e+01
  3.146568e-01,  7.159944e+01
  3.066112e-01,  7.009918e+01
  3.116833e-01,  6.727370e+01
  3.162690e-01,  6.574111e+01
  3.122646e-01,  6.723842e+01
  3.078339e-01,  7.081326e+01
  3.096459e-01,  7.284184e+01
  3.128360e-01,  7.099414e+01
  3.148664e-01,  6.694851e+01
  3.188884e-01,  6.438987e+01
  3.255119e-01,  6.510350e+01
  3.294460e-01,  6.753170e+01
  3.235139e-01,  6.937449e+01
  3.094826e-01,  7.005258e+01
  2.983858e-01,  7.068618e+01
  2.963059e-01,  7.209525e+01
  2.975564e-01,  7.302721e+01
  2.965531e-01,  7.170181e+01
  2.999000e-01,  6.883011e+01
  3.131827e-01,  6.769746e+01
  3.254412e-01,  6.939522e+01
  3.220905e-01,  7.118067e+01
  3.071390e-01,  7.027372e+01
  3.022706e-01,  6.775539e+01
  3.150737e-01,  6.736033e+01
  3.288039e-01,  6.880291e+01
  3.271875e-01,  6.898988e+01
  3.141921e-01,  6.776945e+01
  3.046343e-01,  6.843743e+01
  3.062509e-01,  7.138534e+01
  3.151503e-01,  7.178863e+01
  3.234336e-01,  6.778109e+01
  3.256534e-01,  6.399135e+01
  3.171157e-01,  6.480649e+01
  3.073321e-01,  6.864335e+01
  3.088556e-01,  7.066584e+01
  3.206095e-01,  7.017666e+01
  3.310884e-01,  6.988239e+01
  3.309010e-01,  7.017212e+01
  3.226358e-01,  6.985339e+01
  3.164420e-01,  6.942787e+01
  3.191799e-01,  6.973880e+01
  3.282495e-01,  6.910148e+01
  3.340188e-01,  6.648086e+01
  3.276560e-01,  6.492296e+01
  3.096684e-01,  6.815542e+01
  2.957217e-01,  7.420693e+01
  2.948115e-01,  7.559258e+01
  3.039940e-01,  7.053658e+01
  3.159234e-01,  6.582933e+01
  3.176663e-01,  6.632677e+01
  3.122718e-01,  6.975514e+01
  3.110801e-01,  7.089150e+01
  3.173814e-01,  6.885764e+01
  3.246549e-01,  6.737360e+01
  3.240287e-01,  6.842236e+01
  3.152113e-01,  7.069772e+01
  3.035804e-01,  7.264386e+01
  2.956479e-01,  7.387743e+01
  2.960721e-01,  7.361495e+01
  3.029799e-01,  7.103567e+01
  3.080724e-01,  6.792761e+01
  3.051273e-01,  6.761532e+01
  3.020242e-01,  7.067361e+01
  3.103205e-01,  7.297984e+01
  3.237588e-01,  7.138918e+01
  3.275148e-01,  6.842464e+01
  3.166056e-01,  6.810304e+01
  3.032871e-01,  7.066764e+01
  2.995372e-01,  7.184332e+01
  3.027882e-01,  6.923692e+01
  3.076314e-01,  6.604171e+01
  3.120106e-01,  6.586908e+01
  3.165632e-01,  6.794631e+01
  3.185338e-01,  6.906156e+01
  3.158683e-01,  6.817500e+01
  3.143260e-01,  6.689080e+01
  3.179722e-01,  6.676998e+01
  3.208326e-01,  6.789980e+01
  3.165478e-01,  6.980487e+01
  3.110741e-01,  7.144125e+01
  3.136602e-01,  7.087785e+01
  3.202681e-01,  6.789667e+01
  3.185224e-01,  6.541419e+01
  3.087501e-01,  6.670945e+01
  3.090000e-01,  7.131771e+01
  3.232691e-01,  7.430169e+01
  3.292358e-01,  7.323916e+01
  3.145804e-01,  7.027958e+01
  2.947348e-01,  6.863504e+01
  2.904927e-01,  6.923867e+01
  3.005432e-01,  6.972139e+01
  3.082747e-01,  6.870409e+01
  3.094217e-01,  6.760999e+01
  3.115188e-01,  6.825960e+01
  3.132753e-01,  7.034896e+01
  3.057802e-01,  7.193328e+01
  2.958252e-01,  7.127410e+01
  3.042521e-01,  6.843550e+01
  3.289903e-01,  6.609993e+01
  3.369074e-01,  6.624259e+01
  3.134387e-01,  6.869052e+01
  2.908364e-01,  7.128250e+01
  3.014898e-01,  7.092613e+01
  3.284106e-01,  6.873228e+01
  3.298964e-01,  6.750866e+01
  3.040676e-01,  6.788315e+01
  2.900372e-01,  6.871483e+01
  3.037340e-01,  6.882314e+01
  3.174050e-01,  6.892785e+01
  3.113032e-01,  6.980426e+01
  3.045020e-01,  7.076520e+01
  3.152018e-01,  7.068138e+01
  3.265532e-01,  7.022018e+01
  3.179268e-01,  7.077072e+01
  3.038827e-01,  7.224342e+01
  3.103970e-01,  7.247194e+01
  3.307051e-01,  7.039973e+01
  3.362114e-01,  6.772908e+01
  3.200573e-01,  6.648392e+01
  3.045160e-01,  6.752664e+01
  3.048257e-01,  6.944608e+01
  3.097675e-01,  7.038213e+01
  3.069567e-01,  7.029468e+01
  3.040225e-01,  6.987860e+01
  3.125539e-01,  6.952167e+01
  3.263921e-01,  6.938099e+01
  3.295590e-01,  6.952828e+01
  3.193535e-01,  6.986345e+01
  3.085907e-01,  7.027730e+01
  3.057223e-01,  7.074915e+01
  3.048852e-01,  7.074104e+01
  3.000752e-01,  6.917824e+01
  2.983494e-01,  6.636510e+01
  3.071455e-01,  6.520548e+01
  3.187181e-01,  6.742879e+01
  3.205438e-01,  7.069265e+01
  3.115403e-01,  7.150451e+01
  3.046768e-01,  6.951154e+01
  3.079634e-01,  6.827383e+01
  3.122078e-01,  6.962922e+01
  3.077234e-01,  7.116041e+01
  2.987988e-01,  7.055856e+01
  2.977158e-01,  6.924679e+01
  3.054604e-01,  6.988671e+01
  3.111008e-01,  7.162944e+01
  3.085872e-01,  7.180213e+01
  3.061851e-01,  6.996567e+01
  3.132836e-01,  6.835408e+01
  3.237450e-01,  6.828764e+01
  3.238196e-01,  6.892075e+01
  3.115696e-01,  6.958775e+01
  3.009976e-01,  7.029230e+01
  3.043426e-01,  7.041070e+01
  3.164467e-01,  6.943869e+01
  3.223048e-01,  6.849863e+01
  3.166108e-01,  6.888276e+01
  3.099920e-01,  6.997304e+01
  3.129118e-01,  7.007667e+01
  3.203166e-01,  6.957758e+01
  3.182954e-01,  7.023253e+01
  3.048678e-01,  7.190069e+01
  2.951559e-01,  7.219139e+01
  3.024481e-01,  6.990363e+01
  3.201281e-01,  6.725149e+01
  3.282570e-01,  6.643185e+01
  3.196965e-01,  6.787694e+01
  3.072051e-01,  7.077897e+01
  3.037729e-01,  7.275282e+01
  3.086559e-01,  7.167858e+01
  3.153908e-01,  6.886216e+01
  3.181580e-01,  6.784749e+01
  3.137559e-01,  6.976447e+01
  3.055812e-01,  7.162004e+01
  3.018232e-01,  7.058827e+01
  3.076604e-01,  6.874951e+01
  3.136098e-01,  6.944582e+01
  3.083872e-01,  7.146725e+01
  2.974406e-01,  7.120466e+01
  2.964278e-01,  6.847016e+01
  3.058526e-01,  6.713785e+01
  3.121058e-01,  6.835681e+01
  3.144240e-01,  6.960266e+01
  3.218930e-01,  6.956639e+01
  3.292584e-01,  6.973669e+01
  3.207749e-01,  7.051278e+01
  3.012620e-01,  6.990173e+01
  2.958211e-01,  6.764702e+01
  3.100799e-01,  6.763849e+01
  3.203832e-01,  7.110220e+01
  3.117531e-01,  7.421195e+01
  2.975329e-01,  7.276682e+01
  3.011813e-01,  6.818939e+01
  3.203673e-01,  6.641668e+01
  3.339903e-01,  6.841972e+01
  3.329022e-01,  7.063286e+01
  3.220499e-01,  7.039812e+01
  3.121854e-01,  6.859945e+01
  3.102701e-01,  6.791929e+01
  3.150768e-01,  6.893334e+01
  3.193206e-01,  6.990496e+01
  3.179568e-01,  6.975757e+01
  3.155111e-01,  6.931308e+01
  3.180834e-01,  6.981607e+01
  3.223520e-01,  7.070369e+01
  3.207257e-01,  7.014771e+01
  3.148542e-01,  6.806201e+01
  3.115840e-01,  6.745102e+01
  3.101709e-01,  7.048518e+01
  3.070440e-01,  7.416164e+01
  3.037675e-01,  7.343138e+01
  3.089989e-01,  6.864225e+01
  3.183888e-01,  6.594886e+01
  3.159606e-01,  6.800191e+01
  3.073799e-01,  7.124404e+01
  3.116478e-01,  7.142044e+01
  3.302502e-01,  6.982907e+01
  3.390088e-01,  6.968428e+01
  3.230048e-01,  7.054159e+01
  3.005094e-01,  7.035016e+01
  2.962054e-01,  6.929408e+01
  3.081112e-01,  6.903193e+01
  3.176099e-01,  6.887565e+01
  3.180862e-01,  6.786648e+01
  3.155501e-01,  6.754670e+01
  3.122854e-01,  6.938061e+01
  3.072556e-01,  7.146579e+01
  3.035742e-01,  7.124953e+01
  3.056570e-01,  6.976799e+01
  3.098976e-01,  6.954480e+01
  3.114916e-01,  7.003206e+01
  3.132148e-01,  6.926353e+01
  3.161170e-01,  6.792287e+01
  3.124686e-01,  6.806734e+01
  3.024691e-01,  6.920648e+01
  3.025273e-01,  6.892605e+01
  3.197380e-01,  6.741187e+01
  3.317345e-01,  6.733686e+01
  3.169640e-01,  6.939211e+01
  2.935598e-01,  7.173285e+01
  2.958407e-01,  7.190504e+01
  3.214755e-01,  7.054648e+01
  3.326076e-01,  6.950742e+01
  3.146307e-01,  6.881369e+01
  2.986100e-01,  6.797553e+01
  3.096782e-01,  6.734352e+01
  3.278976e-01,  6.746520e+01
  3.241056e-01,  6.838629e+01
  3.070689e-01,  6.987002e+01
  3.057301e-01,  7.078648e+01
  3.222747e-01,  7.017581e+01
  3.323050e-01,  6.914013e+01
  3.229098e-01,  6.941333e+01
  3.084663e-01,  7.092214e+01
  3.076623e-01,  7.084785e+01
  3.211934e-01,  6.785004e+01
  3.335680e-01,  6.505163e+01
  3.285715e-01,  6.561168e+01
  3.110881e-01,  6.886975e+01
  3.003933e-01,  7.061477e+01
  3.031011e-01,  6.879536e+01
  3.071637e-01,  6.705202e+01
  3.038146e-01,  6.843133e+01
  3.069105e-01,  7.064465e+01
  3.234923e-01,  6.968551e+01
  3.314237e-01,  6.705663e+01
  3.110418e-01,  6.728199e+01
  2.884326e-01,  7.175155e+01
  3.019125e-01,  7.433104e+01
  3.343652e-01,  7.090700e+01
  3.382194e-01,  6.600088e+01
  3.040126e-01,  6.436669e+01
  2.800558e-01,  6.752564e+01
  3.009253e-01,  7.024191e+01
  3.339103e-01,  6.904291e+01
  3.355897e-01,  6.692017e+01
  3.105772e-01,  6.690826e+01
  2.930634e-01,  6.930784e+01
  2.946802e-01,  7.100669e+01
  3.019851e-01,  7.003482e+01
  3.099218e-01,  6.776011e+01
  3.207879e-01,  6.669070e+01
  3.263457e-01,  6.775010e+01
  3.184934e-01,  6.961714e+01
  3.064632e-01,  7.024859e+01
  3.047093e-01,  6.918235e+01
  3.105219e-01,  6.836217e+01
  3.118095e-01,  6.904750e+01
  3.103622e-01,  7.022180e+01
  3.155217e-01,  7.042571e+01
  3.231687e-01,  6.979277e+01
  3.209040e-01,  6.907513e+01
  3.108781e-01,  6.825948e+01
  3.080629e-01,  6.752674e+01
  3.146339e-01,  6.791433e+01
  3.154205e-01,  6.959135e+01
  3.030504e-01,  7.107048e+01
  2.912203e-01,  7.063728e+01
  2.955857e-01,  6.873844e+01
  3.106799e-01,  6.744790e+01
  3.190709e-01,  6.715383e+01
  3.164513e-01,  6.715542e+01
  3.128899e-01,  6.779532e+01
  3.143710e-01,  6.982450e+01
  3.160894e-01,  7.207175e+01
  3.131729e-01,  7.207391e+01
  3.097449e-01,  6.934582e+01
  3.109854e-01,  6.677660e+01
  3.146512e-01,  6.691047e+01
  3.195397e-01,  6.843534e+01
  3.258968e-01,  6.863023e+01
  3.286261e-01,  6.762924e+01
  3.215073e-01,  6.775593e+01
  3.103053e-01,  6.953310e+01
  3.092539e-01,  7.051926e+01
  3.198279e-01,  6.944276e+01
  3.272386e-01,  6.856035e+01
  3.211108e-01,  6.952980e+01
  3.103152e-01,  7.079259e+01
  3.077015e-01,  7.003200e+01
  3.140269e-01,  6.836596e+01
  3.215142e-01,  6.848446e+01
  3.251563e-01,  7.025123e+01
  3.222083e-01,  7.151527e+01
  3.118156e-01,  7.162643e+01
  3.029386e-01,  7.180179e+01
  3.076971e-01,  7.250630e+01
  3.217106e-01,  7.276926e+01
  3.252781e-01,  7.226899e+01
  3.121393e-01,  7.136174e+01
  3.023343e-01,  7.012209e+01
  3.139050e-01,  6.905574e+01
  3.327587e-01,  6.918693e+01
  3.295702e-01,  7.045744e+01
  3.024961e-01,  7.165861e+01
  2.831627e-01,  7.165909e+01
  2.955594e-01,  7.106092e+01
  3.243781e-01,  7.057916e+01
  3.370738e-01,  6.922890e+01
  3.246590e-01,  6.695675e+01
  3.035042e-01,  6.654720e+01
  2.901043e-01,  7.019215e+01
  2.901668e-01,  7.398801e+01
  2.994671e-01,  7.270489e+01
  3.136891e-01,  6.832663e+01
  3.219675e-01,  6.670552e+01
  3.165560e-01,  6.903205e+01
  3.078342e-01,  7.116340e+01
  3.071871e-01,  6.989050e+01
  3.126717e-01,  6.788024e+01
  3.137131e-01,  6.845686e+01
  3.100868e-01,  7.030671e+01
  3.093027e-01,  7.035814e+01
  3.139683e-01,  6.906916e+01
  3.208202e-01,  6.900530e+01
  3.255163e-01,  6.972980e+01
  3.226000e-01,  6.893217e+01
  3.105908e-01,  6.726871e+01
  3.004014e-01,  6.808439e+01
  3.072039e-01,  7.113515e+01
  3.258766e-01,  7.163426e+01
  3.355316e-01,  6.870824e+01
  3.302937e-01,  6.631327e+01
  3.210809e-01,  6.713979e+01
  3.154935e-01,  6.872079e+01
  3.088624e-01,  6.813890e+01
  3.042912e-01,  6.711887e+01
  3.130879e-01,  6.795931e+01
  3.305925e-01,  6.874344e+01
  3.351155e-01,  6.785689e+01
  3.204034e-01,  6.752283e+01
  3.056038e-01,  6.991066e+01
  3.061964e-01,  7.222046e+01
  3.134737e-01,  7.114588e+01
  3.166052e-01,  6.895645e+01
  3.156281e-01,  6.907833e+01
  3.124669e-01,  7.050824e+01
  3.051604e-01,  7.023076e+01
  2.975319e-01,  6.873190e+01
  2.970787e-01,  6.880681e+01
  3.006116e-01,  7.028232e+01
  2.981922e-01,  7.090303e+01
  2.926382e-01,  7.049720e+01
  2.975140e-01,  7.034401e+01
  3.128024e-01,  7.034981e+01
  3.228034e-01,  7.011129e+01
  3.208300e-01,  7.063500e+01
  3.168905e-01,  7.209470e+01
  3.161687e-01,  7.209342e+01
  3.115067e-01,  6.956008e+01
  3.024237e-01,  6.766214e+01
  2.998702e-01,  6.957232e+01
  3.088494e-01,  7.259196e+01
  3.151332e-01,  7.239076e+01
  3.105539e-01,  6.990731e+01
  3.071026e-01,  6.900162e+01
  3.155546e-01,  7.009250e+01
  3.271151e-01,  6.988168e+01
  3.267295e-01,  6.769525e+01
  3.157132e-01,  6.627769e+01
  3.078287e-01,  6.752062e+01
  3.116479e-01,  6.959997e+01
  3.209507e-01,  7.021722e+01
  3.247818e-01,  6.982271e+01
  3.195410e-01,  6.964995e+01
  3.121896e-01,  6.986955e+01
  3.133148e-01,  7.024144e+01
  3.234446e-01,  7.080361e+01
  3.287532e-01,  7.122282e+01
  3.172433e-01,  7.081642e+01
  2.977101e-01,  6.957956e+01
  2.924684e-01,  6.850783e+01
  3.096317e-01,  6.793986e+01
  3.318027e-01,  6.702328e+01
  3.365456e-01,  6.597909e+01
  3.224510e-01,  6.649987e+01
  3.089059e-01,  6.933955e+01
  3.094712e-01,  7.185314e+01
  3.149850e-01,  7.143449e+01
  3.134348e-01,  6.946428e+01
  3.091256e-01,  6.884639e+01
  3.140688e-01,  7.000937e+01
  3.266677e-01,  7.060079e+01
  3.327249e-01,  6.942991e+01
  3.283224e-01,  6.764844e+01
  3.230843e-01,  6.691521e+01
  3.219847e-01,  6.753177e+01
  3.196227e-01,  6.822982e+01
  3.148236e-01,  6.776702e+01
  3.151194e-01,  6.646977e+01
  3.199072e-01,  6.624282e+01
  3.176837e-01,  6.825242e+01
  3.078081e-01,  7.138085e+01
  3.040672e-01,  7.287621e+01
  3.110361e-01,  7.149335e+01
  3.148369e-01,  6.911320e+01
  3.064681e-01,  6.777556e+01
  3.003768e-01,  6.802160e+01
  3.098543e-01,  6.901816e+01
  3.198481e-01,  6.970757e+01
  3.102415e-01,  6.984980e+01
  2.927343e-01,  6.959678e+01
  2.951073e-01,  6.919548e+01
  3.156978e-01,  6.887768e+01
  3.249063e-01,  6.872904e+01
  3.125924e-01,  6.882079e+01
  3.024140e-01,  6.895656e+01
  3.107649e-01,  6.853586e+01
  3.210037e-01,  6.765163e+01
  3.138885e-01,  6.734384e+01
  2.999313e-01,  6.837088e+01
  3.009674e-01,  6.965870e+01
  3.150267e-01,  6.943256e+01
  3.230644e-01,  6.810035e+01
  3.195945e-01,  6.735505e+01
  3.160434e-01,  6.795230e+01
  3.173568e-01,  6.873938e+01
  3.138858e-01,  6.837475e+01
  3.020987e-01,  6.725565e+01
  2.951246e-01,  6.713505e+01
  3.028653e-01,  6.870025e+01
  3.137970e-01,  7.025120e+01
  3.103743e-01,  7.038140e+01
  2.966723e-01,  6.971346e+01
  2.911191e-01,  6.990825e+01
  2.976296e-01,  7.089869e+01
  3.045080e-01,  7.086343e+01
  3.098650e-01,  6.937651e+01
  3.230179e-01,  6.818391e+01
  3.375079e-01,  6.854410e+01
  3.323173e-01,  6.975579e+01
  3.076218e-01,  7.084761e+01
  2.931986e-01,  7.110484e+01
  3.056559e-01,  6.998408e+01
  3.217888e-01,  6.812600e+01
  3.145943e-01,  6.723309e+01
  2.951867e-01,  6.889590e+01
  2.936745e-01,  7.178889e+01
  3.100983e-01,  7.225270e+01
  3.191638e-01,  7.034206e+01
  3.124997e-01,  6.869638e+01
  3.061634e-01,  6.855642e+01
  3.107815e-01,  6.883156e+01
  3.159217e-01,  6.906950e+01
  3.116933e-01,  7.027850e+01
  3.053904e-01,  7.176019e+01
  3.056730e-01,  7.095881e+01
  3.090122e-01,  6.820525e+01
  3.095250e-01,  6.689729e+01
  3.110457e-01,  6.803418e+01
  3.178271e-01,  6.867468e+01
  3.208589e-01,  6.743459e+01
  3.121921e-01,  6.698704e+01
  3.009119e-01,  6.935923e+01
  3.004651e-01,  7.182048e+01
  3.060950e-01,  7.118102e+01
  3.081772e-01,  6.941594e+01
  3.100156e-01,  7.005919e+01
  3.186914e-01,  7.246694e+01
  3.249892e-01,  7.291115e+01
  3.164072e-01,  7.019013e+01
  3.036098e-01,  6.667675e+01
  3.057206e-01,  6.575071e+01
  3.206589e-01,  6.733313e+01
  3.261683e-01,  6.868833e+01
  3.111005e-01,  6.871955e+01
  2.911059e-01,  6.869076e+01
  2.863516e-01,  7.011078e+01
  2.992506e-01,  7.149432e+01
  3.168730e-01,  7.037858e+01
  3.258603e-01,  6.764467e+01
  3.189203e-01,  6.680639e+01
  3.017668e-01,  6.991522e+01
  2.940227e-01,  7.416173e+01
  3.034473e-01,  7.468462e+01
  3.153824e-01,  7.219187e+01
  3.112773e-01,  7.077404e+01
  2.967837e-01,  7.188211e+01
  2.983253e-01,  7.296292e+01
  3.214443e-01,  7.163302e+01
  3.390128e-01,  6.973405e+01
  3.287343e-01,  6.958603e+01
  3.058345e-01,  7.095632e+01
  2.988142e-01,  7.098105e+01
  3.097597e-01,  6.876284e+01
  3.185362e-01,  6.762176e+01
  3.139662e-01,  6.983573e+01
  3.051505e-01,  7.303219e+01
  3.011789e-01,  7.262961e+01
  3.054144e-01,  6.900809e+01
  3.150458e-01,  6.733754e+01
  3.197011e-01,  6.921923e+01
  3.128968e-01,  7.088416e+01
  3.015839e-01,  6.941693e+01
  3.027361e-01,  6.743516e+01
  3.174585e-01,  6.869093e+01
  3.283184e-01,  7.130185e+01
  3.225079e-01,  7.152737e+01
  3.098997e-01,  6.921244e+01
  3.065593e-01,  6.798349e+01
  3.121739e-01,  6.959254e+01
  3.174712e-01,  7.127286e+01
  3.180200e-01,  7.059538e+01
  3.168186e-01,  6.880338e+01
  3.150542e-01,  6.859362e+01
  3.114637e-01,  7.005350e+01
  3.065761e-01,  7.081183e+01
  3.022407e-01,  6.972148e+01
  3.007816e-01,  6.840668e+01
  3.037624e-01,  6.848097e+01
  3.107975e-01,  6.914477e+01
  3.170267e-01,  6.905095e+01
  3.173884e-01,  6.868802e+01
  3.147975e-01,  6.926187e+01
  3.172254e-01,  7.033912e+01
  3.234143e-01,  7.044789e+01
  3.219497e-01,  6.985664e+01
  3.101760e-01,  7.029630e+01
  3.027967e-01,  7.201474e+01
  3.103154e-01,  7.256614e+01
  3.205774e-01,  7.066967e+01
  3.170364e-01,  6.821804e+01
  3.034760e-01,  6.763117e+01
  2.983086e-01,  6.916372e+01
  3.061536e-01,  7.045409e+01
  3.126822e-01,  6.990911e+01
  3.101049e-01,  6.805792e+01
  3.069728e-01,  6.644658e+01
  3.106092e-01,  6.684878e+01
  3.162410e-01,  6.966774e+01
  3.163348e-01,  7.282399e+01
  3.095437e-01,  7.312378e+01
  3.030335e-01,  6.994608e+01
  3.054276e-01,  6.709823e+01
  3.155592e-01,  6.765410e+01
  3.239975e-01,  6.935956e+01
  3.194744e-01,  6.906201e+01
  3.044120e-01,  6.762699e+01
  2.954277e-01,  6.841162e+01
  3.029117e-01,  7.132380e+01
  3.158008e-01,  7.265694e+01
  3.175728e-01,  7.143985e+01
  3.101269e-01,  6.983907e+01
  3.052975e-01,  6.940439e+01
  3.057075e-01,  6.903649e+01
  3.061569e-01,  6.766101e+01
  3.084594e-01,  6.674999e+01
  3.186008e-01,  6.826486e+01
  3.308455e-01,  7.140578e+01
  3.281023e-01,  7.381092e+01
  3.068320e-01,  7.408660e+01
  2.890497e-01,  7.230067e+01
  2.953554e-01,  7.028378e+01
  3.161843e-01,  6.968106e+01
  3.240563e-01,  7.003605e+01
  3.091366e-01,  7.023172e+01
  2.917402e-01,  6.971527e+01
  2.958546e-01,  6.909623e+01
  3.165849e-01,  6.935487e+01
  3.253918e-01,  7.042850e+01
  3.090104e-01,  7.163252e+01
  2.894247e-01,  7.200334e+01
  2.933324e-01,  7.088989e+01
  3.127257e-01,  6.911776e+01
  3.174939e-01,  6.782019e+01
  3.036408e-01,  6.765831e+01
  2.995886e-01,  6.884375e+01
  3.185189e-01,  7.019988e+01
  3.355350e-01,  7.045061e+01
  3.284272e-01,  6.968734e+01
  3.121893e-01,  6.873392e+01
  3.118191e-01,  6.818119e+01
  3.239486e-01,  6.749118e+01
  3.284004e-01,  6.637472e+01
  3.211175e-01,  6.629191e+01
  3.137637e-01,  6.887762e+01
  3.117106e-01,  7.244606e+01
  3.088657e-01,  7.320983e+01
  3.051417e-01,  7.060818e+01
  3.059143e-01,  6.849728e+01
  3.066978e-01,  6.942208e+01
  3.026614e-01,  7.069407e+01
  3.001150e-01,  6.906979e+01
  3.085095e-01,  6.658374e+01
  3.208887e-01,  6.731953e+01
  3.240148e-01,  7.036171e+01
  3.169553e-01,  7.157173e+01
  3.084266e-01,  6.969704e+01
  3.016696e-01,  6.816045e+01
  2.930302e-01,  6.902420e+01
  2.895967e-01,  6.936197e+01
  3.028871e-01,  6.684786e+01
  3.246390e-01,  6.481753e+01
  3.279385e-01,  6.636016e+01
  3.080106e-01,  7.014015e+01
  2.921845e-01,  7.215038e+01
  3.026860e-01,  7.084013e+01
  3.251502e-01,  6.950323e+01
  3.264862e-01,  6.990864e+01
  3.033784e-01,  7.111778e+01
  2.858764e-01,  7.190003e+01
  2.927608e-01,  7.178017e+01
  3.067284e-01,  7.088938e+01
  3.044156e-01,  6.957970e+01
  2.926979e-01,  6.868361e+01
  2.957911e-01,  6.876735e+01
  3.148192e-01,  6.903499e+01
  3.228303e-01,  6.918575e+01
  3.052128e-01,  7.015094e+01
  2.848566e-01,  7.166399e+01
  2.911031e-01,  7.103770e+01
  3.182537e-01,  6.828086e+01
  3.328934e-01,  6.684296e+01
  3.203032e-01,  6.836992e+01
  3.037748e-01,  7.104540e+01
  3.053197e-01,  7.141033e+01
  3.164385e-01,  6.966272e+01
  3.176713e-01,  6.852580e+01
  3.094435e-01,  6.902593e+01
  3.072577e-01,  7.011973e+01
  3.126244e-01,  7.033925e+01
  3.115556e-01,  6.949933e+01
  3.000105e-01,  6.866188e+01
  2.923566e-01,  6.918725e+01
  3.010716e-01,  7.056289e+01
  3.186558e-01,  7.039467e+01
  3.281218e-01,  6.829759e+01
  3.239073e-01,  6.682063e+01
  3.148834e-01,  6.818772e+01
  3.119095e-01,  7.047271e+01
  3.130754e-01,  6.993210e+01
  3.111654e-01,  6.725450e+01
  3.054745e-01,  6.673881e+01
  3.028334e-01,  6.992475e+01
  3.084544e-01,  7.286820e+01
  3.168324e-01,  7.193653e+01
  3.227019e-01,  6.860516e+01
  3.226378e-01,  6.665934e+01
  3.143777e-01,  6.778641e+01
  3.042501e-01,  7.037118e+01
  3.033819e-01,  7.111857e+01
  3.149580e-01,  6.888890e+01
  3.284178e-01,  6.649098e+01
  3.313259e-01,  6.698021e+01
  3.278483e-01,  7.004692e+01
  3.267134e-01,  7.204830e+01
  3.224395e-01,  7.090119e+01
  3.094490e-01,  6.885841e+01
  2.972827e-01,  6.875640e+01
  2.998094e-01,  6.984404e+01
  3.125730e-01,  6.976108e+01
  3.198076e-01,  6.909053e+01
  3.187226e-01,  6.946741e+01
  3.184905e-01,  7.032930e+01
  3.201862e-01,  7.022711e+01
  3.166594e-01,  6.983755e+01
  3.086641e-01,  7.041790e+01
  3.047390e-01,  7.081962e+01
  3.067183e-01,  6.936815e+01
  3.092061e-01,  6.769562e+01
  3.092671e-01,  6.848399e+01
  3.082996e-01,  7.077050e+01
  3.040415e-01,  7.111033e+01
  2.971919e-01,  6.888690e+01
  2.993808e-01,  6.695065e+01
  3.163977e-01,  6.688155e+01
  3.325981e-01,  6.726162e+01
  3.265442e-01,  6.756380e+01
  3.030529e-01,  6.877239e+01
  2.897528e-01,  7.035810e+01
  2.989298e-01,  7.005171e+01
  3.145018e-01,  6.842769e+01
  3.182627e-01,  6.793611e+01
  3.115749e-01,  6.897601e+01
  3.056992e-01,  6.996781e+01
  3.053105e-01,  7.047350e+01
  3.099359e-01,  7.153342e+01
  3.175149e-01,  7.270345e+01
  3.220313e-01,  7.265150e+01
  3.194486e-01,  7.193935e+01
  3.152006e-01,  7.192421e+01
  3.154497e-01,  7.188930e+01
  3.146440e-01,  7.050733e+01
  3.052095e-01,  6.905468e+01
  2.943844e-01,  6.959889e+01
  2.960961e-01,  7.082228e+01
  3.061405e-01,  6.981172e+01
  3.078008e-01,  6.751266e+01
  2.992949e-01,  6.702953e+01
  2.974264e-01,  6.895032e+01
  3.087790e-01,  7.058720e+01
  3.163285e-01,  7.087892e+01
  3.076562e-01,  7.123259e+01
  2.955227e-01,  7.187828e+01
  2.987616e-01,  7.092424e+01
  3.154106e-01,  6.796526e+01
  3.261314e-01,  6.534186e+01
  3.190830e-01,  6.534717e+01
  3.046744e-01,  6.868121e+01
  3.005628e-01,  7.312435e+01
  3.071197e-01,  7.477424e+01
  3.113485e-01,  7.261709e+01
  3.079033e-01,  6.921041e+01
  3.030554e-01,  6.786174e+01
  3.042602e-01,  6.914849e+01
  3.087933e-01,  7.055791e+01
  3.084363e-01,  7.038232e+01
  3.055109e-01,  6.918238e+01
  3.085038e-01,  6.801251e+01
  3.147406e-01,  6.737882e+01
  3.128272e-01,  6.779526e+01
  3.029674e-01,  6.946654e+01
  2.987480e-01,  7.086729e+01
  3.046817e-01,  7.021488e+01
  3.093478e-01,  6.874609e+01
  3.050814e-01,  6.888894e+01
  3.022863e-01,  7.054001e+01
  3.109656e-01,  7.120919e+01
  3.203043e-01,  7.038719e+01
  3.141154e-01,  6.991853e+01
  2.985458e-01,  7.040016e+01
  2.964303e-01,  7.022062e+01
  3.129312e-01,  6.873542e+01
  3.268736e-01,  6.763911e+01
  3.225381e-01,  6.798065e+01
  3.116180e-01,  6.932052e+01
  3.097429e-01,  7.066589e+01
  3.112705e-01,  7.147407e+01
  3.054106e-01,  7.160275e+01
  2.998431e-01,  7.115177e+01
  3.058047e-01,  7.079994e+01
  3.136569e-01,  7.077745e+01
  3.091625e-01,  7.026379e+01
  3.020196e-01,  6.912928e+01
  3.091975e-01,  6.905784e+01
  3.210226e-01,  7.067139e+01
  3.155886e-01,  7.200076e+01
  2.986410e-01,  7.131401e+01
  2.968032e-01,  6.990962e+01
  3.112715e-01,  7.042636e+01
  3.172414e-01,  7.193088e+01
  3.078082e-01,  7.179001e+01
  3.033031e-01,  6.981888e+01
  3.110352e-01,  6.893789e+01
  3.128074e-01,  7.017357e+01
  3.035742e-01,  7.129834e+01
  3.040392e-01,  7.025361e+01
  3.236703e-01,  6.830539e+01
  3.390942e-01,  6.784317e+01
  3.301106e-01,  6.925307e+01
  3.104143e-01,  7.153341e+01
  3.027107e-01,  7.272087e+01
  3.078146e-01,  7.153512e+01
  3.152057e-01,  6.900652e+01
  3.220174e-01,  6.743941e+01
  3.273107e-01,  6.797823e+01
  3.241578e-01,  6.909807e+01
  3.111670e-01,  6.870530e+01
  3.025497e-01,  6.740212e+01
  3.087481e-01,  6.812470e+01
  3.186994e-01,  7.086747e+01
  3.156311e-01,  7.213806e+01
  3.040136e-01,  6.971804e+01
  3.039500e-01,  6.630791e+01
  3.145787e-01,  6.642536e+01
  3.170798e-01,  6.930293e+01
  3.061698e-01,  7.084171e+01
  2.983301e-01,  6.907636e+01
  3.062824e-01,  6.690334e+01
  3.171903e-01,  6.743135e+01
  3.162954e-01,  6.977440e+01
  3.094178e-01,  7.160143e+01
  3.081582e-01,  7.177312e+01
  3.085830e-01,  7.072484e+01
  3.015355e-01,  6.908418e+01
  2.956615e-01,  6.749073e+01
  3.064400e-01,  6.688691e+01
  3.257738e-01,  6.718103e+01
  3.272485e-01,  6.753904e+01
  3.059236e-01,  6.790703e+01
  2.904703e-01,  6.864256e+01
  3.034736e-01,  6.924345e+01
  3.268854e-01,  6.926123e+01
  3.254573e-01,  6.934443e+01
  2.966428e-01,  6.971645e+01
  2.759900e-01,  6.907816e+01
  2.881675e-01,  6.709324e+01
  3.109808e-01,  6.642523e+01
  3.076345e-01,  6.829542e+01
  2.833010e-01,  7.080092e+01
  2.762046e-01,  7.039155e+01
  2.990335e-01,  6.791920e+01
  3.182929e-01,  6.759737e+01
  3.089446e-01,  6.999364e+01
  2.950508e-01,  7.225710e+01
  3.059663e-01,  7.118995e+01
  3.280471e-01,  6.822772e+01
  3.272675e-01,  6.650187e+01
  3.048945e-01,  6.771159e+01
  2.942644e-01,  7.133652e+01
  3.061267e-01,  7.335628e+01
  3.187173e-01,  7.136523e+01
  3.200719e-01,  6.746673e+01
  3.167273e-01,  6.589753e+01
  3.137334e-01,  6.822800e+01
  3.117483e-01,  7.086054e+01
  3.128155e-01,  7.003862e+01
  3.189952e-01,  6.738394e+01
  3.206757e-01,  6.713682e+01
  3.121765e-01,  6.971101e+01
  3.069527e-01,  7.135549e+01
  3.138918e-01,  6.976901e+01
  3.180058e-01,  6.789661e+01
  3.032542e-01,  6.878456e+01
  2.879636e-01,  7.137022e+01
  2.989700e-01,  7.157299e+01
  3.253542e-01,  6.920243e+01
  3.323414e-01,  6.760136e+01
  3.155537e-01,  6.835031e+01
  3.082146e-01,  7.039804e+01
  3.248654e-01,  7.147365e+01
  3.378730e-01,  7.140827e+01
  3.226174e-01,  7.097020e+01
  2.957116e-01,  6.991129e+01
  2.902085e-01,  6.810527e+01
  3.091663e-01,  6.707785e+01
  3.246677e-01,  6.783991e+01
  3.176541e-01,  6.948663e+01
  2.996876e-01,  6.991540e+01
  2.945515e-01,  6.788275e+01
  3.078504e-01,  6.576509e+01
  3.205834e-01,  6.648776e+01
  3.172016e-01,  6.962130e+01
  3.051351e-01,  7.216382e+01
  3.015323e-01,  7.164339e+01
  3.108792e-01,  6.969601e+01
  3.188066e-01,  6.934288e+01
  3.137494e-01,  7.041270e+01
  3.026960e-01,  7.071672e+01
  2.990977e-01,  6.974235e+01
  3.048987e-01,  6.944839e+01
  3.109875e-01,  7.034876e+01
  3.111401e-01,  7.050549e+01
  3.075661e-01,  6.907626e+01
  3.045225e-01,  6.819837e+01
  3.019759e-01,  6.974256e+01
  2.995432e-01,  7.184306e+01
  2.996868e-01,  7.106403e+01
  3.076209e-01,  6.743671e+01
  3.205590e-01,  6.495760e+01
  3.236528e-01,  6.629201e+01
  3.104216e-01,  7.026036e+01
  2.932895e-01,  7.323234e+01
  2.906149e-01,  7.219634e+01
  3.067734e-01,  6.875154e+01
  3.241546e-01,  6.655454e+01
  3.255409e-01,  6.673845e+01
  3.141946e-01,  6.871765e+01
  3.022997e-01,  7.128385e+01
  2.965455e-01,  7.264053e+01
  3.017288e-01,  7.159667e+01
  3.188468e-01,  6.973380e+01
  3.302923e-01,  6.958689e+01
  3.163535e-01,  7.044114e+01
  2.934405e-01,  6.908570e+01
  2.996883e-01,  6.642369e+01
  3.256655e-01,  6.825933e+01
  3.200582e-01,  7.321897e+01
  2.784736e-01,  7.320810e+01
  2.718841e-01,  6.487710e+01
  3.197132e-01,  6.427187e+01
  3.369966e-01,  7.311115e+01
  2.912056e-01,  7.723247e+01
  2.752632e-01,  6.465971e+01
  3.460468e-01,  6.063874e+01
  3.618356e-01,  7.349627e+01
  2.720169e-01,  8.425431e+01
  2.301865e-01,  6.053609e+01
  3.738768e-01,  5.328392e+01
  4.154554e-01,  7.471578e+01
  2.746396e-01,  1.029789e+02
  1.407688e-01,  5.826271e+01
  4.442656e-01,  4.242191e+01
  5.528692e-01,  7.085373e+01
  3.287428e-01,  1.198514e+02
  5.501780e-02,  -7.165416e+01
  5.704632e-01,  2.490838e+01
  7.920458e-01,  6.498764e+01
  4.640582e-01,  1.354853e+02
  4.070223e-01,  -1.034598e+02
  8.770955e-01,  5.318782e+00
  1.297901e+00,  6.034227e+01
  8.948542e-01,  1.422532e+02
  1.075922e+00,  -1.167513e+02
  1.440047e+00,  -1.000811e+01
  2.302553e+00,  5.726126e+01
  1.775155e+00,  1.439231e+02
  2.564527e+00,  -1.210641e+02
  2.769289e+00,  -2.166634e+01
  4.781734e+00,  5.736273e+01
  3.986194e+00,  1.450802e+02
  7.341001e+00,  -1.130784e+02
  4.914954e+00,  3.662558e+01
  1.104894e+00,  3.560569e+01
  1.856351e+01,  -1.023960e+02
  1.978343e+01,  -2.018763e+01
  3.316244e+01,  5.181217e+01
  2.495213e+01,  1.070534e+02
  1.861884e+01,  -1.539164e+02
  3.293481e+01,  -8.653736e+01
  3.939890e+01,  -5.714664e+01
  3.404270e+01,  -1.058804e+02
  4.834650e+01,  -1.301224e+02
  1.586362e+01,  -5.544628e+01
  3.762721e+01,  3.540745e+01
  2.766736e+01,  7.349563e+01
  1.537703e+01,  -1.745637e+02
  3.133042e+01,  -9.372598e+01
  3.301672e+01,  -7.576284e+01
  1.887140e+01,  -1.512707e+02
  2.198188e+01,  1.664948e+02
  1.878537e+01,  1.511399e+02
  2.524527e+01,  1.197625e+02
  2.241967e+01,  6.689074e+01
  1.378627e+01,  -2.921305e+01
  3.043784e+01,  -9.608420e+01
  3.043930e+01,  -1.354154e+02
  2.658478e+01,  -1.787840e+02
  3.941582e+00,  -1.636726e+02
  2.090932e+01,  -5.575350e+00
  2.271519e+01,  8.684588e+00
  1.051992e+00,  1.121349e+02
  1.924369e+01,  -1.689016e+02
  1.403272e+01,  1.702429e+02
  2.110425e+01,  9.763422e+01
  3.045679e+01,  9.291855e+01
  1.787191e+01,  1.080085e+02
  7.310212e+00,  -1.729458e+02
  8.213330e+00,  -1.432366e+02
  5.375493e+00,  -1.485795e+02
  6.867181e+00,  -8.599172e+01
  8.675359e+00,  -8.467415e+01
  1.092585e+01,  -1.573244e+02
  1.686641e+01,  -1.725503e+02
  9.020128e+00,  1.753747e+02
  2.797675e+01,  6.033591e+01
  4.810876e+01,  8.403911e+01
  3.467867e+01,  1.758187e+02
  4.876292e+01,  -9.294751e+01
  4.686142e+01,  -2.352518e+01
  1.504012e+01,  7.101450e+01
  3.739377e+01,  1.722279e+02
  2.571708e+01,  -1.724686e+02
  1.608041e+01,  4.733591e+01
  2.540546e+01,  2.233870e+01
  2.107911e+01,  -7.058273e+01
  3.122677e+01,  -1.021063e+02
  2.019958e+01,  -1.324258e+02
  1.900778e+01,  1.432832e+02
  2.777627e+01,  1.011586e+02
  2.940354e+01,  6.519999e+01
  2.716061e+01,  4.606354e+01
  1.276277e+01,  3.996883e+01
  5.895480e+00,  -1.250815e+02
  1.371453e+01,  -1.728038e+02
  1.773202e+01,  1.568659e+02
  8.958061e+00,  1.556261e+02
  1.027021e+01,  -2.446849e+01
  2.823541e+01,  -1.871758e+01
  2.137731e+01,  2.804990e+00
  9.752539e+00,  1.563098e+02
  3.133155e+01,  -1.542171e+02
  2.600601e+01,  -1.420810e+02
  5.940215e+00,  1.629984e+02
  1.579562e+01,  9.672748e+01
  1.568880e+01,  1.052130e+02
  6.282606e-01,  1.551335e+02
  2.148452e+01,  -5.972601e+01
  2.513419e+01,  -2.372742e+01
  2.189184e+01,  8.804325e+01
  3.745534e+01,  1.743507e+02
  4.139936e+01,  -1.259142e+02
  4.923982e+00,  -1.661372e+02
  3.067190e+01,  1.049021e+02
  2.086133e+01,  9.836255e+01
  2.073074e+01,  4.326318e+01
  2.922654e+01,  -5.736804e+00
  2.197273e+01,  -4.184953e+01
  5.038391e+00,  -9.386656e+01
  1.487270e+01,  1.174178e+02
  2.624189e+01,  9.853340e+01
  1.811397e+01,  7.494467e+01
  6.105114e+00,  -1.612850e+00
  1.471011e+01,  -9.269552e+01
  2.936530e+01,  -1.165377e+02
  3.490520e+01,  -1.438384e+02
  3.616542e+01,  -1.736622e+02
  3.275356e+01,  -1.682912e+02
  1.729977e+01,  -1.522379e+02
  1.746362e+01,  2.049268e+01
  1.568491e+01,  8.839689e+01
  7.664731e+00,  -1.445364e+02
##END=