##TITLE= twqubit_encoding1_Hfix5
##JCAMP-DX= 5.00 Bruker JCAMP library
##DATA TYPE= Shape Data
##ORIGIN= Colm Fixed Pulses 
##OWNER= d29lu
##DATE= 21-Apr-2015
##TIME= 19:14
##MINX= 1.966824e-02
##MAXX= 5.299706e+01
##MINY= -1.798349e+02
##MAXY= 1.798348e+02
##$SHAPE_EXMODE= None
##$SHAPE_TOTROT= 9.000000e+01
##$SHAPE_BWFAC= 1.000000e+00
##$SHAPE_INTEGFAC= 1.000000e+00
##$SHAPE_MODE= 1
##NPOINTS= 3298
##XYPOINTS= (XY..XY)
  3.186033e-01,  -1.552821e+01
  4.596415e+00,  -3.177809e+01
  2.218474e+01,  -3.692417e+01
  2.407989e+01,  -3.607152e+01
  2.030712e+01,  -3.049235e+01
  1.949338e+01,  -3.047595e+01
  1.875077e+01,  -3.226286e+01
  1.455448e+01,  -2.877265e+01
  9.919590e+00,  -2.386200e+01
  7.317183e+00,  -3.747198e+01
  5.013320e+00,  -7.129133e+01
  4.070897e+00,  -1.628717e+02
  9.822375e+00,  1.620688e+02
  1.490018e+01,  1.612755e+02
  1.941260e+01,  1.606656e+02
  2.377875e+01,  1.558435e+02
  2.604021e+01,  1.539899e+02
  2.529102e+01,  1.566619e+02
  2.361799e+01,  1.553895e+02
  2.147712e+01,  1.452277e+02
  1.762489e+01,  1.344590e+02
  1.264563e+01,  1.311864e+02
  9.362058e+00,  1.310225e+02
  6.991226e+00,  1.273200e+02
  3.821946e+00,  1.506934e+02
  5.114042e+00,  -1.495144e+02
  7.793183e+00,  -1.434541e+02
  1.003250e+01,  -1.449170e+02
  1.313104e+01,  -1.434493e+02
  1.594994e+01,  -1.450827e+02
  1.791131e+01,  -1.494653e+02
  1.953625e+01,  -1.508943e+02
  2.053940e+01,  -1.487599e+02
  2.044498e+01,  -1.473152e+02
  1.926345e+01,  -1.483250e+02
  1.742283e+01,  -1.494993e+02
  1.528429e+01,  -1.496842e+02
  1.300584e+01,  -1.513639e+02
  1.042604e+01,  -1.558066e+02
  7.674806e+00,  -1.644907e+02
  5.986555e+00,  1.747808e+02
  5.776220e+00,  1.471479e+02
  5.598454e+00,  1.158435e+02
  6.964003e+00,  9.222744e+01
  9.450015e+00,  9.811235e+01
  1.109421e+01,  1.085362e+02
  1.079222e+01,  1.128566e+02
  1.157341e+01,  1.219760e+02
  1.467603e+01,  1.344233e+02
  1.623172e+01,  1.426233e+02
  1.610622e+01,  1.473125e+02
  1.763051e+01,  1.474746e+02
  1.893358e+01,  1.464191e+02
  1.691450e+01,  1.458920e+02
  1.478079e+01,  1.424300e+02
  1.481769e+01,  1.367184e+02
  1.332340e+01,  1.316880e+02
  1.002449e+01,  1.240790e+02
  8.988815e+00,  1.169524e+02
  9.091754e+00,  1.131751e+02
  6.974429e+00,  9.682160e+01
  5.708457e+00,  5.558436e+01
  7.059369e+00,  2.722413e+01
  9.612282e+00,  9.490515e+00
  1.324383e+01,  -1.357319e+00
  1.588718e+01,  -5.635228e+00
  1.699303e+01,  -9.001338e+00
  1.709635e+01,  -1.344592e+01
  1.660349e+01,  -1.768020e+01
  1.590219e+01,  -2.227812e+01
  1.506678e+01,  -2.865703e+01
  1.455000e+01,  -3.469166e+01
  1.470752e+01,  -3.682954e+01
  1.475197e+01,  -3.653244e+01
  1.352648e+01,  -3.668891e+01
  1.109972e+01,  -3.566396e+01
  8.659601e+00,  -2.879451e+01
  6.606473e+00,  -1.546970e+01
  4.037601e+00,  1.270322e+01
  4.417613e+00,  6.949153e+01
  7.715896e+00,  6.799279e+01
  1.124907e+01,  5.336866e+01
  1.336222e+01,  5.211747e+01
  1.534735e+01,  5.675949e+01
  1.848128e+01,  5.424231e+01
  2.007577e+01,  4.996469e+01
  1.876055e+01,  5.194322e+01
  1.737169e+01,  5.737585e+01
  1.606609e+01,  5.579115e+01
  1.320868e+01,  4.815518e+01
  1.023385e+01,  4.494829e+01
  9.069672e+00,  4.549840e+01
  1.025077e+01,  3.111473e+01
  1.414549e+01,  1.646937e+01
  1.683979e+01,  1.692661e+01
  1.723187e+01,  2.423257e+01
  2.096542e+01,  2.029300e+01
  2.120893e+01,  9.884389e+00
  1.022155e+01,  -1.644345e+02
  2.910290e+00,  7.764331e-01
  2.748289e+00,  2.822721e+01
  1.119834e+00,  -1.517280e+02
  1.552914e+00,  -1.656846e+02
  7.808566e-01,  3.917359e+01
  1.136962e+00,  1.852139e+01
  3.886313e-01,  -1.483480e+02
  7.833032e-01,  -1.733777e+02
  3.836959e-01,  5.559233e+01
  6.975917e-01,  1.747308e+01
  1.236652e-01,  -9.220940e+01
  3.974005e-01,  -1.737741e+02
  2.489820e-01,  7.245728e+01
  4.707415e-01,  2.326180e+01
  1.469425e-01,  -2.007607e+01
  1.448443e-01,  -1.715229e+02
  1.895591e-01,  7.145127e+01
  3.410592e-01,  2.834056e+01
  1.806582e-01,  -1.117544e+01
  7.392101e-02,  -9.826431e+01
  9.368390e-02,  4.237484e+01
  2.472215e-01,  2.437124e+01
  1.840215e-01,  -1.322456e+00
  7.614088e-02,  -3.518570e+01
  9.356438e-02,  2.886561e+01
  2.034498e-01,  2.824312e+01
  1.802329e-01,  1.106977e+01
  1.041967e-01,  -9.632731e+00
  9.731399e-02,  1.059089e+01
  1.618325e-01,  2.078987e+01
  1.659413e-01,  1.119076e+01
  1.203676e-01,  5.447270e-02
  1.081192e-01,  1.176629e+01
  1.502960e-01,  2.250115e+01
  1.667949e-01,  1.741232e+01
  1.424600e-01,  8.533199e+00
  1.251624e-01,  8.732395e+00
  1.379715e-01,  1.538951e+01
  1.504793e-01,  1.550889e+01
  1.428770e-01,  1.277815e+01
  1.354225e-01,  1.413951e+01
  1.431310e-01,  1.665356e+01
  1.504126e-01,  1.409225e+01
  1.447611e-01,  9.844743e+00
  1.361220e-01,  1.075749e+01
  1.383732e-01,  1.539567e+01
  1.452116e-01,  1.495001e+01
  1.437212e-01,  9.123294e+00
  1.352795e-01,  5.065691e+00
  1.294134e-01,  8.013041e+00
  1.335509e-01,  1.351827e+01
  1.415733e-01,  1.525682e+01
  1.451626e-01,  1.451269e+01
  1.441439e-01,  1.419677e+01
  1.422568e-01,  1.360895e+01
  1.412190e-01,  1.114970e+01
  1.405048e-01,  8.862515e+00
  1.400921e-01,  9.849975e+00
  1.417129e-01,  1.267746e+01
  1.437685e-01,  1.301705e+01
  1.424407e-01,  1.064593e+01
  1.383890e-01,  1.005145e+01
  1.373534e-01,  1.405424e+01
  1.427566e-01,  1.855673e+01
  1.473364e-01,  1.840568e+01
  1.450653e-01,  1.415167e+01
  1.398642e-01,  1.006105e+01
  1.379658e-01,  9.558469e+00
  1.404399e-01,  1.131469e+01
  1.423251e-01,  1.192020e+01
  1.404426e-01,  1.081758e+01
  1.377800e-01,  1.040702e+01
  1.380942e-01,  1.273792e+01
  1.413905e-01,  1.623169e+01
  1.439852e-01,  1.719279e+01
  1.432256e-01,  1.403767e+01
  1.401243e-01,  9.388790e+00
  1.359470e-01,  8.304336e+00
  1.339956e-01,  1.277109e+01
  1.382940e-01,  1.782019e+01
  1.441732e-01,  1.739890e+01
  1.455251e-01,  1.245772e+01
  1.422908e-01,  9.251387e+00
  1.393125e-01,  1.249049e+01
  1.427341e-01,  1.854213e+01
  1.471773e-01,  1.978437e+01
  1.449042e-01,  1.532073e+01
  1.391707e-01,  1.069535e+01
  1.366846e-01,  1.124766e+01
  1.405358e-01,  1.460690e+01
  1.446387e-01,  1.454504e+01
  1.424727e-01,  1.020984e+01
  1.363137e-01,  6.001622e+00
  1.320254e-01,  6.362505e+00
  1.341664e-01,  1.030870e+01
  1.405429e-01,  1.322728e+01
  1.445645e-01,  1.361389e+01
  1.440389e-01,  1.323319e+01
  1.419672e-01,  1.361996e+01
  1.411912e-01,  1.416316e+01
  1.407470e-01,  1.327852e+01
  1.388051e-01,  1.091707e+01
  1.363607e-01,  8.918862e+00
  1.354627e-01,  8.922652e+00
  1.359741e-01,  1.046024e+01
  1.361786e-01,  1.228882e+01
  1.368146e-01,  1.434732e+01
  1.406043e-01,  1.653781e+01
  1.460474e-01,  1.718321e+01
  1.473531e-01,  1.506736e+01
  1.430595e-01,  1.173544e+01
  1.383171e-01,  1.066507e+01
  1.383183e-01,  1.276870e+01
  1.414319e-01,  1.415364e+01
  1.413746e-01,  1.182051e+01
  1.373997e-01,  7.451262e+00
  1.333341e-01,  5.078423e+00
  1.316993e-01,  6.130315e+00
  1.323673e-01,  8.066942e+00
  1.336523e-01,  8.639858e+00
  1.350176e-01,  8.452875e+00
  1.367347e-01,  9.197316e+00
  1.389596e-01,  1.133765e+01
  1.418186e-01,  1.361710e+01
  1.442538e-01,  1.414925e+01
  1.439303e-01,  1.225066e+01
  1.400002e-01,  9.480779e+00
  1.350359e-01,  8.662055e+00
  1.338305e-01,  1.081787e+01
  1.381668e-01,  1.332534e+01
  1.433984e-01,  1.366576e+01
  1.443842e-01,  1.254973e+01
  1.409405e-01,  1.172882e+01
  1.365739e-01,  1.134750e+01
  1.343643e-01,  1.046381e+01
  1.349052e-01,  9.617565e+00
  1.368093e-01,  1.024684e+01
  1.378957e-01,  1.149172e+01
  1.363807e-01,  1.062976e+01
  1.335416e-01,  7.212509e+00
  1.326170e-01,  4.877489e+00
  1.340993e-01,  6.667703e+00
  1.362857e-01,  1.030929e+01
  1.367964e-01,  1.173467e+01
  1.362556e-01,  1.065228e+01
  1.370899e-01,  1.036198e+01
  1.389216e-01,  1.284855e+01
  1.403795e-01,  1.651095e+01
  1.416252e-01,  1.886008e+01
  1.434225e-01,  1.884507e+01
  1.444094e-01,  1.673680e+01
  1.425145e-01,  1.348735e+01
  1.390176e-01,  1.096543e+01
  1.373802e-01,  1.115888e+01
  1.386997e-01,  1.347579e+01
  1.400364e-01,  1.513575e+01
  1.389260e-01,  1.497072e+01
  1.374235e-01,  1.435156e+01
  1.385840e-01,  1.442267e+01
  1.421164e-01,  1.404742e+01
  1.449623e-01,  1.199603e+01
  1.447956e-01,  9.396759e+00
  1.414962e-01,  8.670090e+00
  1.376476e-01,  1.069349e+01
  1.368634e-01,  1.333200e+01
  1.393556e-01,  1.364369e+01
  1.418577e-01,  1.150390e+01
  1.410638e-01,  9.358132e+00
  1.370170e-01,  9.228696e+00
  1.339980e-01,  1.068311e+01
  1.353808e-01,  1.177758e+01
  1.395555e-01,  1.229262e+01
  1.429169e-01,  1.363391e+01
  1.443448e-01,  1.557588e+01
  1.443764e-01,  1.585499e+01
  1.427145e-01,  1.347504e+01
  1.392347e-01,  1.031183e+01
  1.354654e-01,  8.425848e+00
  1.340589e-01,  7.538912e+00
  1.350508e-01,  6.612746e+00
  1.355646e-01,  6.388168e+00
  1.349640e-01,  8.034522e+00
  1.362110e-01,  1.057577e+01
  1.397689e-01,  1.193011e+01
  1.417677e-01,  1.206902e+01
  1.399484e-01,  1.234614e+01
  1.370253e-01,  1.278646e+01
  1.362839e-01,  1.202068e+01
  1.369139e-01,  9.875457e+00
  1.360836e-01,  8.075616e+00
  1.338712e-01,  8.315412e+00
  1.337284e-01,  1.064615e+01
  1.369577e-01,  1.303369e+01
  1.396265e-01,  1.287682e+01
  1.382059e-01,  9.359096e+00
  1.348143e-01,  5.084785e+00
  1.329603e-01,  4.939873e+00
  1.344279e-01,  9.829512e+00
  1.376972e-01,  1.418970e+01
  1.384329e-01,  1.363108e+01
  1.380640e-01,  1.061754e+01
  1.397476e-01,  1.072360e+01
  1.429557e-01,  1.410783e+01
  1.438828e-01,  1.551971e+01
  1.403402e-01,  1.241598e+01
  1.362291e-01,  8.410156e+00
  1.349291e-01,  8.602998e+00
  1.378950e-01,  1.244861e+01
  1.431660e-01,  1.520372e+01
  1.453989e-01,  1.472334e+01
  1.422359e-01,  1.230396e+01
  1.366249e-01,  9.882560e+00
  1.336739e-01,  8.732944e+00
  1.349978e-01,  9.027940e+00
  1.372167e-01,  9.716275e+00
  1.371938e-01,  9.688811e+00
  1.363831e-01,  9.213262e+00
  1.375353e-01,  9.648637e+00
  1.398441e-01,  1.112119e+01
  1.403783e-01,  1.200418e+01
  1.390577e-01,  1.147679e+01
  1.390815e-01,  1.106614e+01
  1.417888e-01,  1.233465e+01
  1.445955e-01,  1.407499e+01
  1.443904e-01,  1.421656e+01
  1.421974e-01,  1.305522e+01
  1.417270e-01,  1.287157e+01
  1.441058e-01,  1.427272e+01
  1.462371e-01,  1.509276e+01
  1.446594e-01,  1.372228e+01
  1.406183e-01,  1.113019e+01
  1.382251e-01,  9.696513e+00
  1.393321e-01,  1.049775e+01
  1.417200e-01,  1.208357e+01
  1.415993e-01,  1.210209e+01
  1.385261e-01,  9.570411e+00
  1.359267e-01,  6.685240e+00
  1.358838e-01,  7.406075e+00
  1.382534e-01,  1.151224e+01
  1.404045e-01,  1.334385e+01
  1.389435e-01,  9.347853e+00
  1.354400e-01,  3.851704e+00
  1.317663e-01,  4.819905e+00
  1.333445e-01,  1.237448e+01
  1.412507e-01,  1.690213e+01
  1.458808e-01,  1.412407e+01
  1.434825e-01,  9.585219e+00
  1.373523e-01,  1.013645e+01
  1.360940e-01,  1.540487e+01
  1.416449e-01,  1.809667e+01
  1.453994e-01,  1.527545e+01
  1.428247e-01,  1.022132e+01
  1.372354e-01,  7.166676e+00
  1.349716e-01,  8.592393e+00
  1.387137e-01,  1.347069e+01
  1.440153e-01,  1.771723e+01
  1.444372e-01,  1.757352e+01
  1.409226e-01,  1.271503e+01
  1.389268e-01,  8.058699e+00
  1.386885e-01,  8.842736e+00
  1.393495e-01,  1.308525e+01
  1.397154e-01,  1.467177e+01
  1.388225e-01,  1.238886e+01
  1.377298e-01,  1.084589e+01
  1.371448e-01,  1.255734e+01
  1.375647e-01,  1.409133e+01
  1.378309e-01,  1.252886e+01
  1.371380e-01,  1.042460e+01
  1.357784e-01,  1.101101e+01
  1.356911e-01,  1.265347e+01
  1.375908e-01,  1.211998e+01
  1.401998e-01,  1.071900e+01
  1.419888e-01,  1.182735e+01
  1.431529e-01,  1.466445e+01
  1.434932e-01,  1.520328e+01
  1.420011e-01,  1.260363e+01
  1.391124e-01,  1.051554e+01
  1.364506e-01,  1.144010e+01
  1.362346e-01,  1.295735e+01
  1.379423e-01,  1.206737e+01
  1.395402e-01,  1.032094e+01
  1.400219e-01,  1.093660e+01
  1.405697e-01,  1.346604e+01
  1.416566e-01,  1.435931e+01
  1.417523e-01,  1.238182e+01
  1.402129e-01,  1.024157e+01
  1.381725e-01,  1.062189e+01
  1.381084e-01,  1.260359e+01
  1.398655e-01,  1.318801e+01
  1.400533e-01,  1.153800e+01
  1.369399e-01,  9.521370e+00
  1.332155e-01,  9.287948e+00
  1.334221e-01,  1.124242e+01
  1.381332e-01,  1.388547e+01
  1.429877e-01,  1.561838e+01
  1.443432e-01,  1.550935e+01
  1.426314e-01,  1.310971e+01
  1.399872e-01,  9.467424e+00
  1.374002e-01,  7.552729e+00
  1.362410e-01,  9.581912e+00
  1.388444e-01,  1.359450e+01
  1.425488e-01,  1.529900e+01
  1.420845e-01,  1.385475e+01
  1.383118e-01,  1.237929e+01
  1.369212e-01,  1.349881e+01
  1.402383e-01,  1.534759e+01
  1.431659e-01,  1.487830e+01
  1.418111e-01,  1.281749e+01
  1.392463e-01,  1.208279e+01
  1.396489e-01,  1.316871e+01
  1.414101e-01,  1.336311e+01
  1.401797e-01,  1.145672e+01
  1.367467e-01,  9.599792e+00
  1.356970e-01,  1.016341e+01
  1.388613e-01,  1.214867e+01
  1.424518e-01,  1.292242e+01
  1.425326e-01,  1.201043e+01
  1.401172e-01,  1.083694e+01
  1.385409e-01,  1.054837e+01
  1.389444e-01,  1.091440e+01
  1.396342e-01,  1.113696e+01
  1.390366e-01,  1.079322e+01
  1.377031e-01,  9.824638e+00
  1.370828e-01,  8.629660e+00
  1.375722e-01,  8.352296e+00
  1.388505e-01,  1.018139e+01
  1.413407e-01,  1.370910e+01
  1.447487e-01,  1.639538e+01
  1.464299e-01,  1.582302e+01
  1.447336e-01,  1.231785e+01
  1.408743e-01,  8.908501e+00
  1.369584e-01,  8.335046e+00
  1.350695e-01,  9.799899e+00
  1.354751e-01,  1.051417e+01
  1.369893e-01,  1.050973e+01
  1.391494e-01,  1.238534e+01
  1.422175e-01,  1.603312e+01
  1.443863e-01,  1.744509e+01
  1.430716e-01,  1.424985e+01
  1.398558e-01,  9.463984e+00
  1.370046e-01,  8.271297e+00
  1.365309e-01,  1.113645e+01
  1.386721e-01,  1.331220e+01
  1.402255e-01,  1.206907e+01
  1.398865e-01,  9.638514e+00
  1.390383e-01,  8.948302e+00
  1.393514e-01,  9.716254e+00
  1.398106e-01,  9.834636e+00
  1.380506e-01,  9.010220e+00
  1.350831e-01,  8.921530e+00
  1.351725e-01,  1.055435e+01
  1.398170e-01,  1.242549e+01
  1.442215e-01,  1.240515e+01
  1.435662e-01,  1.016526e+01
  1.395727e-01,  7.575581e+00
  1.372475e-01,  7.736319e+00
  1.390284e-01,  1.153473e+01
  1.428908e-01,  1.561813e+01
  1.440043e-01,  1.598893e+01
  1.410848e-01,  1.202663e+01
  1.370111e-01,  7.215904e+00
  1.338309e-01,  6.065463e+00
  1.339932e-01,  9.141918e+00
  1.385622e-01,  1.253070e+01
  1.430284e-01,  1.334571e+01
  1.430614e-01,  1.266585e+01
  1.399002e-01,  1.253755e+01
  1.378911e-01,  1.277035e+01
  1.384463e-01,  1.168440e+01
  1.392357e-01,  9.878935e+00
  1.384595e-01,  1.027745e+01
  1.378538e-01,  1.371161e+01
  1.394254e-01,  1.657441e+01
  1.414012e-01,  1.559591e+01
  1.423797e-01,  1.269662e+01
  1.421492e-01,  1.199232e+01
  1.413008e-01,  1.381149e+01
  1.408797e-01,  1.465646e+01
  1.414449e-01,  1.312330e+01
  1.430009e-01,  1.201441e+01
  1.439187e-01,  1.314577e+01
  1.427309e-01,  1.420113e+01
  1.396940e-01,  1.272058e+01
  1.372496e-01,  1.037926e+01
  1.369254e-01,  1.068247e+01
  1.388615e-01,  1.351847e+01
  1.420601e-01,  1.581651e+01
  1.445116e-01,  1.637313e+01
  1.450719e-01,  1.636848e+01
  1.439544e-01,  1.638836e+01
  1.426065e-01,  1.575567e+01
  1.424382e-01,  1.451363e+01
  1.428828e-01,  1.372972e+01
  1.419248e-01,  1.349848e+01
  1.390852e-01,  1.270450e+01
  1.365440e-01,  1.098259e+01
  1.364940e-01,  9.417455e+00
  1.381715e-01,  8.701445e+00
  1.386383e-01,  8.234121e+00
  1.361144e-01,  7.717375e+00
  1.325039e-01,  7.996563e+00
  1.320445e-01,  9.490409e+00
  1.361107e-01,  1.073042e+01
  1.402172e-01,  1.030865e+01
  1.392843e-01,  9.026346e+00
  1.346605e-01,  8.984132e+00
  1.331745e-01,  1.101852e+01
  1.378255e-01,  1.288323e+01
  1.425455e-01,  1.212276e+01
  1.408465e-01,  9.124216e+00
  1.344566e-01,  6.393369e+00
  1.302857e-01,  6.502185e+00
  1.324608e-01,  9.010181e+00
  1.380151e-01,  1.087186e+01
  1.412493e-01,  1.080066e+01
  1.408969e-01,  1.033394e+01
  1.400383e-01,  1.139674e+01
  1.413001e-01,  1.332823e+01
  1.428972e-01,  1.341275e+01
  1.414111e-01,  1.095011e+01
  1.374564e-01,  8.764175e+00
  1.354652e-01,  9.921842e+00
  1.387344e-01,  1.281920e+01
  1.430725e-01,  1.313919e+01
  1.424683e-01,  1.045721e+01
  1.384877e-01,  8.370514e+00
  1.375088e-01,  9.594760e+00
  1.418498e-01,  1.198849e+01
  1.455561e-01,  1.263632e+01
  1.440215e-01,  1.254776e+01
  1.408860e-01,  1.395446e+01
  1.411412e-01,  1.582350e+01
  1.426645e-01,  1.506600e+01
  1.413043e-01,  1.184770e+01
  1.381916e-01,  9.801673e+00
  1.371274e-01,  1.127519e+01
  1.389535e-01,  1.367299e+01
  1.398893e-01,  1.318036e+01
  1.385338e-01,  9.784741e+00
  1.370399e-01,  6.740661e+00
  1.358311e-01,  6.584502e+00
  1.345888e-01,  8.672097e+00
  1.345812e-01,  1.069632e+01
  1.370071e-01,  1.112698e+01
  1.404953e-01,  1.034962e+01
  1.424121e-01,  1.000130e+01
  1.426323e-01,  1.125874e+01
  1.429363e-01,  1.329077e+01
  1.425716e-01,  1.392302e+01
  1.398018e-01,  1.260810e+01
  1.369195e-01,  1.142817e+01
  1.379883e-01,  1.224867e+01
  1.425161e-01,  1.365936e+01
  1.450133e-01,  1.350111e+01
  1.432339e-01,  1.242161e+01
  1.411738e-01,  1.266944e+01
  1.421715e-01,  1.428371e+01
  1.435385e-01,  1.476262e+01
  1.414565e-01,  1.311252e+01
  1.374926e-01,  1.111233e+01
  1.353274e-01,  1.061789e+01
  1.356048e-01,  1.109143e+01
  1.365903e-01,  1.133412e+01
  1.378760e-01,  1.173514e+01
  1.400311e-01,  1.285191e+01
  1.417419e-01,  1.370466e+01
  1.411876e-01,  1.325704e+01
  1.397964e-01,  1.226508e+01
  1.404632e-01,  1.229739e+01
  1.430009e-01,  1.330067e+01
  1.444208e-01,  1.383016e+01
  1.434473e-01,  1.327649e+01
  1.417635e-01,  1.235012e+01
  1.404789e-01,  1.176436e+01
  1.391507e-01,  1.144429e+01
  1.383842e-01,  1.128925e+01
  1.396322e-01,  1.148644e+01
  1.415091e-01,  1.147359e+01
  1.400421e-01,  9.918799e+00
  1.348116e-01,  6.656284e+00
  1.306802e-01,  4.314357e+00
  1.314227e-01,  5.906394e+00
  1.359355e-01,  9.914164e+00
  1.392635e-01,  1.226746e+01
  1.392593e-01,  1.206568e+01
  1.393947e-01,  1.229868e+01
  1.422063e-01,  1.527041e+01
  1.453529e-01,  1.864799e+01
  1.441860e-01,  1.859549e+01
  1.397134e-01,  1.457586e+01
  1.375981e-01,  1.058846e+01
  1.393780e-01,  1.090918e+01
  1.431341e-01,  1.436219e+01
  1.453269e-01,  1.626110e+01
  1.435267e-01,  1.442740e+01
  1.401420e-01,  1.152775e+01
  1.384354e-01,  1.180187e+01
  1.395279e-01,  1.485170e+01
  1.406842e-01,  1.593541e+01
  1.390957e-01,  1.320464e+01
  1.372970e-01,  1.036656e+01
  1.379229e-01,  1.112876e+01
  1.395647e-01,  1.297504e+01
  1.377222e-01,  1.128752e+01
  1.335103e-01,  6.794095e+00
  1.326375e-01,  5.246889e+00
  1.370604e-01,  8.518011e+00
  1.421187e-01,  1.119665e+01
  1.409688e-01,  9.552749e+00
  1.362224e-01,  6.353375e+00
  1.349776e-01,  7.080118e+00
  1.395595e-01,  1.140386e+01
  1.438805e-01,  1.339307e+01
  1.416239e-01,  1.060581e+01
  1.367693e-01,  6.949396e+00
  1.357303e-01,  8.513615e+00
  1.409281e-01,  1.478287e+01
  1.468442e-01,  1.887907e+01
  1.456368e-01,  1.706969e+01
  1.403027e-01,  1.155474e+01
  1.371624e-01,  7.975351e+00
  1.370025e-01,  9.196598e+00
  1.386064e-01,  1.249426e+01
  1.402167e-01,  1.402405e+01
  1.405285e-01,  1.261061e+01
  1.391188e-01,  9.652379e+00
  1.363925e-01,  7.855747e+00
  1.348435e-01,  9.515773e+00
  1.376719e-01,  1.350978e+01
  1.425227e-01,  1.546118e+01
  1.431909e-01,  1.350714e+01
  1.393557e-01,  1.084141e+01
  1.365509e-01,  1.202896e+01
  1.398598e-01,  1.590115e+01
  1.451780e-01,  1.628463e+01
  1.445667e-01,  1.142402e+01
  1.383867e-01,  5.881777e+00
  1.323549e-01,  5.610604e+00
  1.334379e-01,  1.058724e+01
  1.409309e-01,  1.453368e+01
  1.457012e-01,  1.452844e+01
  1.441503e-01,  1.262438e+01
  1.404981e-01,  1.154469e+01
  1.394707e-01,  1.234465e+01
  1.415194e-01,  1.426113e+01
  1.441587e-01,  1.583788e+01
  1.452294e-01,  1.578404e+01
  1.440981e-01,  1.391805e+01
  1.416613e-01,  1.193616e+01
  1.400308e-01,  1.211242e+01
  1.411794e-01,  1.426369e+01
  1.433962e-01,  1.532462e+01
  1.425471e-01,  1.320742e+01
  1.390536e-01,  9.520137e+00
  1.369926e-01,  8.416247e+00
  1.386757e-01,  1.166006e+01
  1.423244e-01,  1.573882e+01
  1.433115e-01,  1.647606e+01
  1.415962e-01,  1.384177e+01
  1.409158e-01,  1.176485e+01
  1.420815e-01,  1.321782e+01
  1.436562e-01,  1.607479e+01
  1.431859e-01,  1.606989e+01
  1.402820e-01,  1.222192e+01
  1.375946e-01,  8.091018e+00
  1.369975e-01,  7.550679e+00
  1.388653e-01,  9.630708e+00
  1.399343e-01,  1.013084e+01
  1.365744e-01,  7.669964e+00
  1.315102e-01,  5.481378e+00
  1.306546e-01,  7.452973e+00
  1.361518e-01,  1.198700e+01
  1.420695e-01,  1.427457e+01
  1.429524e-01,  1.323813e+01
  1.416672e-01,  1.154479e+01
  1.420384e-01,  1.157348e+01
  1.429316e-01,  1.242600e+01
  1.420760e-01,  1.228749e+01
  1.411204e-01,  1.162132e+01
  1.422668e-01,  1.206808e+01
  1.435880e-01,  1.329524e+01
  1.421037e-01,  1.338790e+01
  1.393081e-01,  1.186110e+01
  1.390737e-01,  1.071710e+01
  1.415439e-01,  1.176487e+01
  1.439513e-01,  1.404897e+01
  1.446708e-01,  1.538763e+01
  1.443222e-01,  1.494943e+01
  1.435715e-01,  1.368154e+01
  1.416637e-01,  1.261198e+01
  1.384803e-01,  1.165519e+01
  1.358673e-01,  1.042865e+01
  1.354018e-01,  9.256283e+00
  1.360634e-01,  8.565470e+00
  1.358208e-01,  8.195496e+00
  1.350736e-01,  8.351965e+00
  1.365910e-01,  1.012941e+01
  1.414489e-01,  1.352459e+01
  1.460646e-01,  1.624456e+01
  1.457290e-01,  1.613682e+01
  1.413312e-01,  1.341307e+01
  1.373536e-01,  1.034571e+01
  1.353139e-01,  8.554918e+00
  1.343801e-01,  7.582246e+00
  1.348519e-01,  7.241903e+00
  1.374129e-01,  8.586148e+00
  1.405434e-01,  1.125206e+01
  1.410632e-01,  1.263297e+01
  1.382209e-01,  1.095622e+01
  1.353022e-01,  7.984730e+00
  1.345637e-01,  7.332168e+00
  1.359964e-01,  9.406161e+00
  1.388485e-01,  1.101945e+01
  1.411667e-01,  1.058918e+01
  1.412651e-01,  1.043711e+01
  1.398883e-01,  1.288727e+01
  1.403777e-01,  1.602795e+01
  1.431250e-01,  1.605129e+01
  1.452541e-01,  1.348243e+01
  1.446915e-01,  1.250611e+01
  1.431349e-01,  1.482023e+01
  1.438471e-01,  1.708252e+01
  1.454055e-01,  1.611596e+01
  1.447795e-01,  1.350657e+01
  1.415344e-01,  1.204131e+01
  1.384399e-01,  1.123185e+01
  1.379615e-01,  9.126674e+00
  1.389081e-01,  6.994243e+00
  1.381175e-01,  7.746243e+00
  1.362268e-01,  1.101337e+01
  1.369356e-01,  1.337523e+01
  1.410680e-01,  1.362562e+01
  1.448406e-01,  1.393745e+01
  1.439969e-01,  1.508833e+01
  1.403800e-01,  1.520324e+01
  1.399171e-01,  1.350351e+01
  1.426487e-01,  1.228665e+01
  1.417192e-01,  1.289010e+01
  1.366369e-01,  1.379678e+01
  1.361845e-01,  1.352727e+01
  1.426154e-01,  1.312051e+01
  1.450854e-01,  1.402568e+01
  1.396045e-01,  1.610031e+01
  1.393317e-01,  1.758443e+01
  1.490555e-01,  1.598773e+01
  1.504694e-01,  1.125619e+01
  1.348505e-01,  6.186675e+00
  1.258934e-01,  7.615164e+00
  1.431947e-01,  1.431227e+01
  1.563927e-01,  1.533125e+01
  1.367043e-01,  1.094669e+01
  1.213084e-01,  1.126054e+01
  1.490030e-01,  1.841355e+01
  1.699313e-01,  1.767685e+01
  1.307566e-01,  1.008458e+01
  9.895675e-02,  1.419348e+01
  1.593551e-01,  2.655203e+01
  2.071031e-01,  1.871914e+01
  1.327965e-01,  -3.691849e+00
  4.392076e-02,  7.526248e+00
  1.910536e-01,  4.986626e+01
  2.974756e-01,  3.065745e+01
  1.428190e-01,  -2.735600e+01
  1.642527e-01,  -1.484939e+02
  3.005198e-01,  9.592071e+01
  5.408645e-01,  4.794187e+01
  3.358480e-01,  -5.705560e+01
  8.176234e-01,  -1.393765e+02
  5.406571e-01,  7.660527e+01
  1.526283e+00,  -1.117082e+02
  3.560260e+00,  -1.474740e+02
  4.728752e+00,  1.007244e+02
  1.036516e+01,  6.564973e+01
  1.466277e+01,  5.836678e+01
  2.016071e+01,  5.652610e+01
  2.523763e+01,  5.615756e+01
  2.775415e+01,  5.690365e+01
  2.822108e+01,  5.966973e+01
  2.786375e+01,  6.624123e+01
  2.740738e+01,  7.595616e+01
  2.653718e+01,  8.450079e+01
  2.472405e+01,  8.939726e+01
  2.265430e+01,  9.201965e+01
  2.006022e+01,  9.286600e+01
  1.582926e+01,  8.920096e+01
  1.138660e+01,  7.951079e+01
  8.567232e+00,  6.872394e+01
  6.648200e+00,  5.261340e+01
  6.644111e+00,  1.683256e+01
  9.730404e+00,  -6.584856e+00
  1.309751e+01,  -1.706894e+01
  1.555886e+01,  -2.858839e+01
  1.704098e+01,  -4.127119e+01
  1.791340e+01,  -5.135485e+01
  1.817308e+01,  -5.935471e+01
  1.776153e+01,  -6.634364e+01
  1.739755e+01,  -6.944414e+01
  1.737495e+01,  -7.117900e+01
  1.670372e+01,  -7.982275e+01
  1.559144e+01,  -9.400817e+01
  1.459716e+01,  -1.022400e+02
  1.369642e+01,  -1.023457e+02
  1.286811e+01,  -1.003727e+02
  1.191173e+01,  -9.330090e+01
  1.221300e+01,  -7.869563e+01
  1.414817e+01,  -6.862078e+01
  1.594560e+01,  -6.512195e+01
  1.710729e+01,  -6.372045e+01
  1.738343e+01,  -6.287080e+01
  1.628427e+01,  -5.934799e+01
  1.434709e+01,  -5.046402e+01
  1.211912e+01,  -3.812074e+01
  9.373300e+00,  -2.514643e+01
  6.325725e+00,  -1.089359e+01
  4.129134e+00,  2.042436e+01
  4.386546e+00,  5.980198e+01
  4.355198e+00,  7.245128e+01
  3.534958e+00,  7.345455e+01
  3.637838e+00,  8.030935e+01
  2.754634e+00,  9.715551e+01
  2.211955e+00,  -1.164515e+02
  8.692484e+00,  -9.581789e+01
  1.482559e+01,  -9.405754e+01
  2.167965e+01,  -9.457599e+01
  2.920840e+01,  -9.570177e+01
  3.381878e+01,  -9.872706e+01
  3.371051e+01,  -1.029983e+02
  3.058877e+01,  -1.063654e+02
  2.588899e+01,  -1.076638e+02
  1.934672e+01,  -1.068507e+02
  1.201630e+01,  -1.000533e+02
  7.220453e+00,  -7.338747e+01
  6.641731e+00,  -2.924094e+01
  9.039406e+00,  8.512640e+00
  1.355100e+01,  2.522136e+01
  1.596925e+01,  2.655121e+01
  1.411480e+01,  2.418389e+01
  1.060938e+01,  2.460152e+01
  7.687752e+00,  2.641956e+01
  4.709575e+00,  2.401768e+01
  1.853835e+00,  2.061721e+01
  1.045163e+00,  4.608942e+01
  2.391135e+00,  3.894590e+01
  3.752496e+00,  2.352235e+01
  4.704529e+00,  1.677417e+01
  6.327521e+00,  2.088593e+01
  8.799861e+00,  2.360459e+01
  1.134485e+01,  2.598876e+01
  1.413031e+01,  3.497682e+01
  1.814014e+01,  4.744512e+01
  2.294325e+01,  5.839757e+01
  2.582972e+01,  6.767122e+01
  2.453525e+01,  7.297919e+01
  2.131948e+01,  6.876428e+01
  2.011667e+01,  5.958306e+01
  1.827452e+01,  5.793827e+01
  1.370239e+01,  5.764008e+01
  1.011458e+01,  4.255889e+01
  8.497063e+00,  2.398200e+01
  5.388094e+00,  4.463834e+00
  5.672570e+00,  -3.679630e+01
  1.054686e+01,  -4.240075e+01
  1.401932e+01,  -4.140808e+01
  1.377347e+01,  -4.264788e+01
  1.345070e+01,  -4.206457e+01
  1.622864e+01,  -4.527864e+01
  1.256721e+01,  -8.242958e+01
  6.628451e+00,  1.340577e+02
  1.002399e+01,  -1.135438e+02
  9.698744e+00,  -1.313426e+02
  7.371583e+00,  -1.690166e+02
  7.531698e+00,  1.482700e+02
  7.894159e+00,  1.232867e+02
  1.066109e+01,  9.669495e+01
  1.532064e+01,  8.390743e+01
  1.823765e+01,  7.838924e+01
  1.977124e+01,  7.235194e+01
  2.173441e+01,  6.990027e+01
  2.320469e+01,  7.616126e+01
  2.366821e+01,  8.465642e+01
  2.295054e+01,  8.631964e+01
  2.177958e+01,  8.345445e+01
  2.124482e+01,  8.398851e+01
  1.975079e+01,  8.319619e+01
  1.581145e+01,  7.272148e+01
  1.208022e+01,  6.043027e+01
  9.074722e+00,  6.333535e+01
  5.796765e+00,  7.164280e+01
  2.258576e+00,  6.626789e+01
  3.150245e-01,  1.482131e+02
  2.566384e+00,  -1.568892e+02
  5.068994e+00,  -1.327825e+02
  7.331291e+00,  -1.120644e+02
  8.917947e+00,  -1.036108e+02
  9.987686e+00,  -1.031048e+02
  1.037770e+01,  -1.043705e+02
  1.038255e+01,  -1.078462e+02
  1.092463e+01,  -1.124648e+02
  1.134441e+01,  -1.148607e+02
  1.083732e+01,  -1.153231e+02
  1.025359e+01,  -1.115410e+02
  1.056474e+01,  -1.016607e+02
  1.144427e+01,  -9.078646e+01
  1.211192e+01,  -8.097193e+01
  1.281216e+01,  -7.295934e+01
  1.355022e+01,  -6.902270e+01
  1.369076e+01,  -6.794445e+01
  1.312722e+01,  -6.855105e+01
  1.181119e+01,  -7.219836e+01
  9.791399e+00,  -7.622559e+01
  7.892515e+00,  -7.261461e+01
  6.725952e+00,  -6.299165e+01
  5.219028e+00,  -6.317332e+01
  2.903682e+00,  -9.167189e+01
  2.823342e+00,  -1.691714e+02
  5.354886e+00,  1.619203e+02
  7.801838e+00,  1.590480e+02
  9.622287e+00,  1.594714e+02
  1.023772e+01,  1.615202e+02
  9.274093e+00,  -1.798349e+02
  1.031302e+01,  -1.423523e+02
  1.371073e+01,  -1.193600e+02
  1.683946e+01,  -1.058060e+02
  2.088134e+01,  -9.495901e+01
  2.485767e+01,  -8.916606e+01
  2.646889e+01,  -8.809067e+01
  2.618791e+01,  -8.954127e+01
  2.565138e+01,  -9.185840e+01
  2.512674e+01,  -9.502395e+01
  2.378086e+01,  -9.896307e+01
  2.107601e+01,  -1.020694e+02
  1.760364e+01,  -1.038748e+02
  1.430775e+01,  -1.073918e+02
  1.104082e+01,  -1.144091e+02
  7.357386e+00,  -1.221191e+02
  4.642764e+00,  -1.311646e+02
  4.618260e+00,  -1.463917e+02
  5.932615e+00,  -1.586169e+02
  6.394844e+00,  -1.687417e+02
  6.618921e+00,  -1.772273e+02
  7.213077e+00,  1.784236e+02
  6.736455e+00,  1.669392e+02
  5.796311e+00,  1.335598e+02
  6.492896e+00,  1.005772e+02
  7.268015e+00,  8.278763e+01
  8.607034e+00,  6.949460e+01
  1.078720e+01,  5.996552e+01
  1.293292e+01,  5.424837e+01
  1.513725e+01,  5.365101e+01
  1.814671e+01,  5.886257e+01
  2.229640e+01,  6.805448e+01
  2.583628e+01,  7.891198e+01
  2.571627e+01,  8.938888e+01
  2.258212e+01,  9.656745e+01
  1.998355e+01,  9.834662e+01
  1.800904e+01,  1.001693e+02
  1.440823e+01,  1.060729e+02
  1.020003e+01,  1.108504e+02
  7.329831e+00,  1.095396e+02
  4.651438e+00,  1.107100e+02
  3.919057e-01,  1.186171e+02
  3.663617e+00,  -5.675908e+01
  4.378254e+00,  -5.215166e+01
  3.315281e+00,  -4.876763e+01
  6.040396e+00,  -5.829940e+01
  6.689648e+00,  -8.686259e+01
  8.843607e+00,  1.384265e+02
  2.500150e+00,  -3.791559e+01
  1.215426e+00,  -5.445657e+01
  1.225405e+00,  1.531572e+02
  7.576617e-01,  1.064283e+02
  7.004381e-01,  -1.783787e+01
  4.549998e-01,  -6.906725e+01
  4.834732e-01,  1.514870e+02
  4.653169e-01,  9.963875e+01
  3.931614e-01,  -2.951499e+00
  3.174990e-01,  -5.464366e+01
  1.971583e-01,  1.518951e+02
  3.420786e-01,  9.436582e+01
  3.000869e-01,  1.888223e+01
  2.690400e-01,  -3.553402e+01
  3.119737e-02,  -1.127846e+02
  1.784473e-01,  8.191029e+01
  2.393274e-01,  2.692694e+01
  2.162741e-01,  -1.665851e+01
  7.667754e-02,  -3.174163e+01
  1.077273e-01,  5.515302e+01
  1.944457e-01,  2.626163e+01
  1.861555e-01,  -6.285735e+00
  1.021748e-01,  -2.499889e+01
  8.153766e-02,  2.264042e+01
  1.655972e-01,  2.348091e+01
  1.790428e-01,  7.500927e+00
  1.206378e-01,  -4.185187e+00
  9.669306e-02,  5.652910e+00
  1.452990e-01,  1.225627e+01
  1.655173e-01,  9.348435e+00
  1.259534e-01,  8.531319e+00
  1.093419e-01,  8.516125e+00
  1.472498e-01,  5.281204e+00
  1.617024e-01,  7.801665e+00
  1.253243e-01,  1.848435e+01
  1.123158e-01,  1.593079e+01
  1.559781e-01,  -8.111907e-01
  1.624977e-01,  3.031707e+00
  1.205486e-01,  3.505414e+01
  1.169424e-01,  3.690662e+01
  1.806687e-01,  -5.734738e+00
  1.882739e-01,  -1.011898e+01
  1.186388e-01,  5.887836e+01
  1.594107e-01,  7.736751e+01
  1.754360e-01,  -1.193749e+01
  2.324719e-01,  -4.651446e+01
  1.135324e-01,  1.376106e+02
  3.514298e-01,  1.059941e+02
  2.734873e-01,  1.653770e+01
  4.317122e-01,  -4.694650e+01
  2.808939e-01,  -1.779082e+02
  7.391129e-01,  1.253407e+02
  4.940040e-01,  3.253298e+01
  9.878693e-01,  -4.267968e+01
  6.489077e-01,  -1.554337e+02
  1.711604e+00,  1.344089e+02
  1.290245e+00,  2.503308e+01
  2.066948e+00,  -5.857430e+01
  9.002353e-01,  1.074570e+02
  1.211768e+01,  -2.731118e+01
  3.004868e+01,  -4.754665e+01
  2.871059e+01,  -6.645951e+01
  2.320545e+01,  -8.058475e+01
  1.972798e+01,  -8.197703e+01
  1.513348e+01,  -8.365874e+01
  9.376668e+00,  -8.608756e+01
  4.548104e+00,  -6.915522e+01
  2.617252e+00,  -1.116580e+01
  2.531309e+00,  6.468408e+01
  4.785519e+00,  1.075685e+02
  6.946236e+00,  1.190147e+02
  8.626806e+00,  1.283928e+02
  1.048821e+01,  1.354204e+02
  1.210831e+01,  1.337579e+02
  1.346248e+01,  1.251418e+02
  1.475120e+01,  1.134756e+02
  1.636922e+01,  1.000187e+02
  1.887106e+01,  9.007585e+01
  2.119131e+01,  8.661848e+01
  2.208374e+01,  8.739445e+01
  2.097524e+01,  9.231643e+01
  1.848019e+01,  1.038085e+02
  1.676456e+01,  1.210169e+02
  1.678542e+01,  1.354343e+02
  1.710611e+01,  1.418252e+02
  1.652499e+01,  1.419264e+02
  1.469608e+01,  1.365128e+02
  1.203524e+01,  1.232843e+02
  1.022936e+01,  1.007768e+02
  1.061708e+01,  7.790302e+01
  1.215262e+01,  6.244799e+01
  1.386917e+01,  5.172691e+01
  1.549118e+01,  4.648845e+01
  1.623197e+01,  4.708647e+01
  1.558496e+01,  5.063452e+01
  1.441443e+01,  5.615169e+01
  1.442047e+01,  6.243661e+01
  1.509388e+01,  6.350397e+01
  1.472907e+01,  5.743704e+01
  1.368009e+01,  4.644978e+01
  1.292110e+01,  3.304404e+01
  1.262316e+01,  1.919884e+01
  1.246749e+01,  4.532021e+00
  1.221407e+01,  -1.314580e+01
  1.174916e+01,  -3.215720e+01
  1.059540e+01,  -4.935606e+01
  9.039086e+00,  -6.738303e+01
  8.271211e+00,  -8.976912e+01
  8.624594e+00,  -1.150719e+02
  1.009441e+01,  -1.385307e+02
  1.227322e+01,  -1.524215e+02
  1.453535e+01,  -1.571652e+02
  1.697920e+01,  -1.582434e+02
  1.870450e+01,  -1.582028e+02
  1.874803e+01,  -1.560301e+02
  1.820937e+01,  -1.508809e+02
  1.790761e+01,  -1.434798e+02
  1.730457e+01,  -1.340626e+02
  1.711388e+01,  -1.244589e+02
  1.796199e+01,  -1.193197e+02
  1.869155e+01,  -1.189707e+02
  1.854648e+01,  -1.215833e+02
  1.787680e+01,  -1.273653e+02
  1.669567e+01,  -1.365657e+02
  1.492079e+01,  -1.481396e+02
  1.292137e+01,  -1.620696e+02
  1.127932e+01,  1.781658e+02
  1.075384e+01,  1.529312e+02
  1.080422e+01,  1.296871e+02
  1.057262e+01,  1.074399e+02
  1.098759e+01,  8.359372e+01
  1.240316e+01,  6.203130e+01
  1.415961e+01,  4.278039e+01
  1.617185e+01,  2.655065e+01
  1.811358e+01,  1.600253e+01
  1.970187e+01,  1.025378e+01
  2.099940e+01,  6.822586e+00
  2.157891e+01,  5.280261e+00
  2.075080e+01,  7.527080e+00
  1.892837e+01,  1.497377e+01
  1.751402e+01,  2.469570e+01
  1.660900e+01,  3.240264e+01
  1.527229e+01,  4.042371e+01
  1.302471e+01,  5.073096e+01
  9.030717e+00,  5.472543e+01
  3.291317e+00,  1.225659e+01
  7.252729e+00,  -8.229856e+01
  1.286105e+01,  -9.597200e+01
  1.798856e+01,  -9.082343e+01
  2.673039e+01,  -7.707371e+01
  3.377181e+01,  -6.803470e+01
  3.055223e+01,  -6.157094e+01
  2.747324e+01,  -5.653762e+01
  3.968675e+01,  -5.732340e+01
  3.012389e+01,  -4.761426e+01
  5.299706e+01,  1.333799e+02
  2.263543e+01,  -3.921276e+01
  4.406849e+00,  1.812489e+01
  9.892409e+00,  8.509251e+01
  1.515602e+01,  -8.278763e+00
  3.225836e+01,  -4.532447e+01
  2.586786e+01,  -6.679904e+01
  1.681349e+01,  -9.072586e+01
  1.498243e+01,  -9.452928e+01
  1.256555e+01,  -9.775636e+01
  7.110000e+00,  -1.227235e+02
  3.812342e+00,  1.798348e+02
  3.044857e+00,  1.312450e+02
  3.467583e+00,  1.230805e+02
  5.325578e+00,  1.270209e+02
  7.277019e+00,  1.258604e+02
  8.722907e+00,  1.280200e+02
  9.799825e+00,  1.296382e+02
  1.103439e+01,  1.221859e+02
  1.366366e+01,  1.099747e+02
  1.659760e+01,  9.920765e+01
  1.890087e+01,  8.848454e+01
  2.169381e+01,  8.167354e+01
  2.393804e+01,  8.094345e+01
  2.355939e+01,  8.402048e+01
  2.090941e+01,  9.203308e+01
  1.834446e+01,  1.080007e+02
  1.792868e+01,  1.292233e+02
  1.974586e+01,  1.456522e+02
  2.159113e+01,  1.520419e+02
  2.119098e+01,  1.507706e+02
  1.826730e+01,  1.440075e+02
  1.481436e+01,  1.307698e+02
  1.284537e+01,  1.107345e+02
  1.269460e+01,  8.764140e+01
  1.396726e+01,  6.896063e+01
  1.557024e+01,  6.044741e+01
  1.650138e+01,  5.952114e+01
  1.641243e+01,  6.104312e+01
  1.529144e+01,  6.190207e+01
  1.405225e+01,  5.776404e+01
  1.434183e+01,  4.658293e+01
  1.560638e+01,  3.727808e+01
  1.558437e+01,  3.252421e+01
  1.484081e+01,  2.650984e+01
  1.472262e+01,  1.810796e+01
  1.465634e+01,  1.150835e+01
  1.402555e+01,  5.299809e+00
  1.322116e+01,  -5.215638e+00
  1.227520e+01,  -1.918154e+01
  1.042044e+01,  -3.308369e+01
  7.974877e+00,  -5.028815e+01
  6.478008e+00,  -7.679622e+01
  6.366680e+00,  -1.098096e+02
  7.748767e+00,  -1.413297e+02
  1.017227e+01,  -1.576407e+02
  1.241889e+01,  -1.608895e+02
  1.485481e+01,  -1.604100e+02
  1.714774e+01,  -1.603417e+02
  1.808860e+01,  -1.582802e+02
  1.829078e+01,  -1.523347e+02
  1.889059e+01,  -1.452050e+02
  1.928935e+01,  -1.391681e+02
  1.957345e+01,  -1.332492e+02
  2.060287e+01,  -1.286896e+02
  2.132891e+01,  -1.277787e+02
  2.059139e+01,  -1.305037e+02
  1.894596e+01,  -1.360652e+02
  1.697929e+01,  -1.431042e+02
  1.473280e+01,  -1.508419e+02
  1.237636e+01,  -1.619906e+02
  1.048704e+01,  1.789440e+02
  9.697889e+00,  1.552025e+02
  9.387970e+00,  1.338433e+02
  9.197184e+00,  1.118850e+02
  9.964243e+00,  8.827339e+01
  1.161310e+01,  6.837367e+01
  1.347776e+01,  5.179008e+01
  1.558768e+01,  3.819317e+01
  1.769307e+01,  2.913662e+01
  1.936756e+01,  2.361892e+01
  2.057486e+01,  1.975891e+01
  2.114112e+01,  1.777783e+01
  2.050780e+01,  1.922267e+01
  1.872857e+01,  2.436165e+01
  1.679768e+01,  3.088830e+01
  1.512766e+01,  3.674676e+01
  1.313280e+01,  4.449902e+01
  1.014409e+01,  5.633070e+01
  5.699479e+00,  6.826101e+01
  4.797492e-01,  -1.591380e+02
  6.936913e+00,  -1.185342e+02
  1.315490e+01,  -1.175886e+02
  1.916827e+01,  -1.062353e+02
  2.623617e+01,  -8.899540e+01
  3.082557e+01,  -7.597803e+01
  2.956510e+01,  -6.723091e+01
  3.184660e+01,  -6.170245e+01
  3.591229e+01,  -5.305075e+01
  1.195006e+01,  -2.821485e+01
  1.736951e+01,  1.426194e+02
  8.712266e+00,  -4.620125e+01
  2.047939e+00,  -2.872343e+01
  3.629363e+00,  1.291618e+02
  1.310478e+00,  1.473037e+02
  2.121889e+00,  -5.099093e+01
  8.964475e-01,  -3.077581e+01
  1.510459e+00,  1.254663e+02
  8.101015e-01,  1.387895e+02
  9.326943e-01,  -5.361130e+01
  5.772087e-01,  -3.950016e+01
  7.321076e-01,  1.208405e+02
  5.514154e-01,  1.247390e+02
  4.515739e-01,  -4.495323e+01
  4.353031e-01,  -4.095809e+01
  3.264063e-01,  1.132303e+02
  3.767458e-01,  1.126474e+02
  2.381676e-01,  -2.503071e+01
  3.423545e-01,  -3.985462e+01
  8.875834e-02,  8.757109e+01
  2.292606e-01,  9.781337e+01
  1.879823e-01,  9.007992e+00
  2.639405e-01,  -2.195560e+01
  9.594048e-02,  1.413325e+01
  1.357203e-01,  7.192908e+01
  1.651422e-01,  1.705478e+01
  2.114750e-01,  -1.350016e+01
  1.174799e-01,  -6.574121e+00
  9.215978e-02,  4.131126e+01
  1.433619e-01,  2.107075e+01
  1.794063e-01,  1.684515e+00
  1.383941e-01,  4.810919e+00
  1.132538e-01,  2.571456e+01
  1.418288e-01,  2.209940e+01
  1.642408e-01,  1.148532e+01
  1.443374e-01,  1.330032e+01
  1.273436e-01,  2.366160e+01
  1.411642e-01,  2.065390e+01
  1.557791e-01,  1.033624e+01
  1.438248e-01,  6.541984e+00
  1.261763e-01,  1.141943e+01
  1.324759e-01,  1.500373e+01
  1.462153e-01,  1.273261e+01
  1.442628e-01,  1.104283e+01
  1.345759e-01,  1.228455e+01
  1.352583e-01,  1.306937e+01
  1.414990e-01,  1.165548e+01
  1.399392e-01,  1.073874e+01
  1.343675e-01,  1.155285e+01
  1.364564e-01,  1.231869e+01
  1.434620e-01,  1.198382e+01
  1.444296e-01,  1.172388e+01
  1.391810e-01,  1.193184e+01
  1.361265e-01,  1.179395e+01
  1.370197e-01,  1.134246e+01
  1.367604e-01,  1.133507e+01
  1.347456e-01,  1.119705e+01
  1.352818e-01,  9.750108e+00
  1.382470e-01,  7.707231e+00
  1.383142e-01,  6.847895e+00
  1.344460e-01,  7.729397e+00
  1.324031e-01,  9.741895e+00
  1.360132e-01,  1.195346e+01
  1.418928e-01,  1.336177e+01
  1.443563e-01,  1.313231e+01
  1.421844e-01,  1.166079e+01
  1.385000e-01,  1.082773e+01
  1.365017e-01,  1.149605e+01
  1.370425e-01,  1.185829e+01
  1.387491e-01,  1.084762e+01
  1.400485e-01,  1.045731e+01
  1.404201e-01,  1.194985e+01
  1.398381e-01,  1.274774e+01
  1.377371e-01,  1.029520e+01
  1.352319e-01,  6.979046e+00
  1.343949e-01,  7.478368e+00
  1.373665e-01,  1.159135e+01
  1.419731e-01,  1.450554e+01
  1.424994e-01,  1.415893e+01
  1.387721e-01,  1.243022e+01
  1.357245e-01,  1.126700e+01
  1.363832e-01,  1.066936e+01
  1.386291e-01,  1.027279e+01
  1.391138e-01,  1.046723e+01
  1.377400e-01,  1.105146e+01
  1.365355e-01,  1.093906e+01
  1.363541e-01,  9.994266e+00
  1.363472e-01,  9.573565e+00
  1.357433e-01,  1.056931e+01
  1.350439e-01,  1.219189e+01
  1.349285e-01,  1.289033e+01
  1.351392e-01,  1.178373e+01
  1.349454e-01,  9.303505e+00
  1.342261e-01,  7.216603e+00
  1.338499e-01,  7.604382e+00
  1.351672e-01,  1.043389e+01
  1.378362e-01,  1.280264e+01
  1.394488e-01,  1.238988e+01
  1.390305e-01,  1.040118e+01
  1.370689e-01,  9.721293e+00
  1.345802e-01,  1.070564e+01
  1.332423e-01,  1.078676e+01
  1.343372e-01,  9.202618e+00
  1.368644e-01,  8.933363e+00
  1.381384e-01,  1.154530e+01
  1.375901e-01,  1.393001e+01
  1.364860e-01,  1.268714e+01
  1.361533e-01,  9.577184e+00
  1.349833e-01,  8.506505e+00
  1.327343e-01,  9.082508e+00
  1.329973e-01,  8.822766e+00
  1.363213e-01,  9.313413e+00
  1.376473e-01,  1.260772e+01
  1.346148e-01,  1.440818e+01
  1.329114e-01,  9.591552e+00
  1.385408e-01,  4.645008e+00
  1.415505e-01,  8.548091e+00
  1.368704e-01,  1.556201e+01
  1.308042e-01,  1.256810e+01
  1.367842e-01,  3.922164e+00
  1.438923e-01,  7.130683e+00
  1.393458e-01,  1.676580e+01
  1.276036e-01,  1.139220e+01
  1.350149e-01,  -4.366544e+00
  1.432070e-01,  3.370077e+00
  1.461424e-01,  2.739975e+01
  1.334789e-01,  2.656515e+01
  1.384235e-01,  -4.540164e+00
  1.529792e-01,  1.266547e-01
  1.651844e-01,  3.931977e+01
  1.427185e-01,  4.383799e+01
  1.403074e-01,  -2.495997e+01
  1.717626e-01,  -2.944720e+01
  1.661391e-01,  5.017864e+01
  1.946614e-01,  7.195728e+01
  1.436944e-01,  -5.668277e+01
  2.425395e-01,  -7.597614e+01
  2.519935e-01,  1.047322e+02
  4.920083e-01,  9.478179e+01
  4.445107e-01,  -5.420369e+01
  2.703219e-01,  -8.673121e+01
  6.534321e-01,  -5.843248e+01
  6.034365e+00,  -6.568941e+01
  1.124487e+01,  -6.701311e+01
  1.293415e+01,  -6.741186e+01
  1.499317e+01,  -6.705855e+01
  1.670994e+01,  -6.704352e+01
  1.662092e+01,  -6.738169e+01
  1.466003e+01,  -6.656227e+01
  1.212151e+01,  -6.276568e+01
  1.015783e+01,  -5.619819e+01
  8.539591e+00,  -4.807239e+01
  6.959961e+00,  -3.614884e+01
  5.953168e+00,  -2.231820e+01
  5.192407e+00,  -1.934659e+01
  4.082435e+00,  -3.233901e+01
  3.128958e+00,  -5.745219e+01
  3.051097e+00,  -8.925471e+01
  3.993910e+00,  -1.105692e+02
  4.719094e+00,  -1.188655e+02
  4.583885e+00,  -1.225246e+02
  4.264897e+00,  -1.244534e+02
  4.296863e+00,  -1.228940e+02
  4.647457e+00,  -1.182055e+02
  5.190268e+00,  -1.162142e+02
  5.702362e+00,  -1.193370e+02
  6.149922e+00,  -1.237668e+02
  6.522777e+00,  -1.275976e+02
  6.391084e+00,  -1.339976e+02
  5.754657e+00,  -1.455369e+02
  5.337002e+00,  -1.596075e+02
  5.061612e+00,  -1.744909e+02
  4.680849e+00,  1.615818e+02
  5.364503e+00,  1.316427e+02
  7.083953e+00,  1.165512e+02
  8.443556e+00,  1.123110e+02
  9.300824e+00,  1.098511e+02
  1.030850e+01,  1.069395e+02
  1.119979e+01,  1.058050e+02
  1.129173e+01,  1.071840e+02
  1.114863e+01,  1.094973e+02
  1.163825e+01,  1.108183e+02
  1.250574e+01,  1.111022e+02
  1.338989e+01,  1.106400e+02
  1.480702e+01,  1.090596e+02
  1.677488e+01,  1.069069e+02
  1.799235e+01,  1.051477e+02
  1.778177e+01,  1.042132e+02
  1.719893e+01,  1.035394e+02
  1.681241e+01,  1.019626e+02
  1.550177e+01,  1.009225e+02
  1.290039e+01,  1.039302e+02
  1.047297e+01,  1.108145e+02
  8.785755e+00,  1.165747e+02
  7.212020e+00,  1.247201e+02
  6.156807e+00,  1.438829e+02
  6.154997e+00,  1.649795e+02
  6.207530e+00,  1.798054e+02
  6.272978e+00,  -1.659219e+02
  6.819554e+00,  -1.531789e+02
  7.356991e+00,  -1.436423e+02
  7.653004e+00,  -1.346204e+02
  8.087435e+00,  -1.272251e+02
  8.573507e+00,  -1.227617e+02
  8.769290e+00,  -1.184796e+02
  8.578121e+00,  -1.150139e+02
  7.812779e+00,  -1.165069e+02
  6.413017e+00,  -1.218596e+02
  4.389767e+00,  -1.266734e+02
  1.740638e+00,  -1.455890e+02
  2.223713e+00,  9.714285e+01
  5.490013e+00,  7.887705e+01
  8.631998e+00,  7.297317e+01
  1.124176e+01,  7.090680e+01
  1.279330e+01,  6.817070e+01
  1.351840e+01,  6.263252e+01
  1.395243e+01,  5.714816e+01
  1.384449e+01,  5.341017e+01
  1.292064e+01,  4.815023e+01
  1.168540e+01,  3.860885e+01
  1.066886e+01,  2.697552e+01
  9.733665e+00,  1.577033e+01
  8.797766e+00,  5.071912e+00
  7.762624e+00,  -3.829271e+00
  6.349234e+00,  -1.043760e+01
  4.682358e+00,  -1.384691e+01
  3.021397e+00,  -3.344571e+00
  2.163647e+00,  4.753817e+01
  3.556390e+00,  9.393444e+01
  5.448511e+00,  1.046853e+02
  7.017867e+00,  1.022645e+02
  8.405759e+00,  9.808462e+01
  9.281147e+00,  9.499705e+01
  9.302040e+00,  8.982393e+01
  8.931300e+00,  8.193295e+01
  8.712267e+00,  7.512284e+01
  8.580730e+00,  7.104942e+01
  8.397276e+00,  6.813527e+01
  8.129071e+00,  6.648420e+01
  7.661459e+00,  6.769917e+01
  6.941659e+00,  7.204221e+01
  6.118534e+00,  7.904828e+01
  5.368723e+00,  9.120442e+01
  5.108377e+00,  1.133537e+02
  5.946882e+00,  1.362588e+02
  7.255362e+00,  1.475481e+02
  8.598881e+00,  1.509099e+02
  1.008738e+01,  1.503705e+02
  1.082044e+01,  1.458086e+02
  1.046617e+01,  1.366618e+02
  1.033880e+01,  1.268522e+02
  1.066488e+01,  1.202091e+02
  1.060962e+01,  1.128851e+02
  1.050557e+01,  1.042858e+02
  1.099840e+01,  9.924917e+01
  1.157909e+01,  9.683036e+01
  1.152177e+01,  9.374022e+01
  1.112435e+01,  9.079237e+01
  1.078319e+01,  8.908579e+01
  9.821271e+00,  8.654275e+01
  7.866877e+00,  8.104829e+01
  5.935745e+00,  7.286987e+01
  4.688227e+00,  6.263076e+01
  3.732819e+00,  4.376979e+01
  3.278825e+00,  1.085808e+01
  3.572408e+00,  -1.622701e+01
  3.969618e+00,  -2.833656e+01
  4.417308e+00,  -3.388545e+01
  4.805937e+00,  -3.803417e+01
  4.893292e+00,  -4.114424e+01
  4.845984e+00,  -4.339980e+01
  4.868258e+00,  -4.616420e+01
  4.785741e+00,  -4.944114e+01
  4.455167e+00,  -5.204397e+01
  4.119354e+00,  -5.544869e+01
  4.108419e+00,  -6.412987e+01
  4.509996e+00,  -7.630887e+01
  5.062457e+00,  -8.391660e+01
  5.587699e+00,  -8.463505e+01
  6.355740e+00,  -8.373544e+01
  7.581233e+00,  -8.504569e+01
  9.267116e+00,  -8.499379e+01
  1.125511e+01,  -8.104420e+01
  1.326965e+01,  -7.616310e+01
  1.514104e+01,  -7.324436e+01
  1.706416e+01,  -7.137996e+01
  1.898610e+01,  -6.858192e+01
  2.023085e+01,  -6.545051e+01
  2.019586e+01,  -6.413164e+01
  1.889783e+01,  -6.551695e+01
  1.671612e+01,  -6.862637e+01
  1.406878e+01,  -7.238666e+01
  1.131948e+01,  -7.698280e+01
  8.586178e+00,  -8.300917e+01
  5.811855e+00,  -9.004925e+01
  3.156357e+00,  -9.732050e+01
  9.949090e-01,  -1.080493e+02
  7.701717e-01,  8.978089e+01
  2.498995e+00,  8.077261e+01
  4.159645e+00,  7.843589e+01
  5.368106e+00,  7.444558e+01
  6.364999e+00,  6.741028e+01
  7.369334e+00,  6.091838e+01
  7.823773e+00,  5.685284e+01
  7.567289e+00,  5.299397e+01
  7.153017e+00,  4.916608e+01
  6.564001e+00,  4.874573e+01
  5.374460e+00,  5.162618e+01
  3.793288e+00,  5.503166e+01
  2.338517e+00,  6.441849e+01
  1.377090e+00,  1.037886e+02
  1.642120e+00,  1.698934e+02
  2.821088e+00,  -1.552623e+02
  4.177167e+00,  -1.389864e+02
  5.599846e+00,  -1.274233e+02
  7.285751e+00,  -1.183190e+02
  8.826631e+00,  -1.141937e+02
  9.802185e+00,  -1.136594e+02
  1.056606e+01,  -1.135562e+02
  1.120168e+01,  -1.139387e+02
  1.135422e+01,  -1.162402e+02
  1.136757e+01,  -1.184329e+02
  1.178574e+01,  -1.184094e+02
  1.245624e+01,  -1.187658e+02
  1.308273e+01,  -1.208080e+02
  1.364072e+01,  -1.223775e+02
  1.405120e+01,  -1.231805e+02
  1.415335e+01,  -1.245814e+02
  1.339095e+01,  -1.264391e+02
  1.085464e+01,  -1.290332e+02
  6.931417e+00,  -1.352911e+02
  3.409396e+00,  -1.489200e+02
  6.988002e-01,  1.778815e+02
  2.090414e+00,  2.861774e+01
  3.687901e+00,  2.265530e+01
  3.407504e+00,  1.842255e+01
  3.293904e+00,  5.565297e+00
  5.094711e+00,  4.838313e+00
  1.823627e+00,  1.059809e+02
  1.496105e+00,  1.603695e+02
  1.296030e+00,  -2.241760e+01
  3.226135e-01,  6.809940e+01
  5.185002e-01,  1.460944e+02
  5.133457e-02,  -3.138322e+01
  4.042407e-01,  -1.283209e+01
  1.535447e-01,  2.987093e+01
  1.765200e-01,  1.226439e+02
  9.966047e-02,  3.046266e+01
  2.684595e-01,  -7.366976e+00
  1.512232e-01,  -9.222257e-01
  6.331098e-02,  7.333901e+01
  1.195133e-01,  3.001608e+01
  2.165117e-01,  4.633603e+00
  1.611354e-01,  8.678494e-01
  7.335567e-02,  1.857481e+01
  1.079118e-01,  1.988375e+01
  1.748228e-01,  7.348209e+00
  1.563770e-01,  2.933577e+00
  1.036617e-01,  1.051446e+01
  1.190930e-01,  1.837002e+01
  1.602836e-01,  1.178610e+01
  1.504826e-01,  3.643287e+00
  1.109064e-01,  5.395246e-01
  1.103631e-01,  9.356175e+00
  1.450935e-01,  1.441188e+01
  1.550483e-01,  1.337996e+01
  1.355764e-01,  1.141734e+01
  1.276935e-01,  1.130495e+01
  1.404678e-01,  1.157089e+01
  1.462697e-01,  1.049104e+01
  1.368721e-01,  9.468649e+00
  1.321920e-01,  1.014668e+01
  1.394148e-01,  1.105618e+01
  1.427699e-01,  1.027613e+01
  1.352290e-01,  8.592903e+00
  1.291233e-01,  7.884110e+00
  1.322964e-01,  8.354827e+00
  1.363592e-01,  8.302364e+00
  1.336064e-01,  7.154267e+00
  1.291382e-01,  5.894768e+00
  1.298767e-01,  6.081166e+00
  1.342756e-01,  8.415770e+00
  1.382014e-01,  1.205221e+01
  1.411755e-01,  1.463925e+01
  1.429652e-01,  1.421709e+01
  1.421562e-01,  1.215656e+01
  1.394087e-01,  1.199700e+01
  1.386616e-01,  1.446876e+01
  1.409868e-01,  1.557506e+01
  1.415509e-01,  1.264852e+01
  1.379696e-01,  8.448424e+00
  1.328463e-01,  7.394200e+00
  1.308293e-01,  9.477060e+00
  1.325707e-01,  1.055850e+01
  1.343657e-01,  9.762532e+00
  1.346465e-01,  1.020251e+01
  1.353495e-01,  1.268038e+01
  1.378069e-01,  1.393687e+01
  1.405095e-01,  1.258392e+01
  1.419067e-01,  1.157029e+01
  1.413135e-01,  1.267371e+01
  1.388710e-01,  1.295880e+01
  1.351743e-01,  9.641570e+00
  1.321728e-01,  5.983629e+00
  1.308238e-01,  7.535910e+00
  1.331063e-01,  1.283287e+01
  1.372436e-01,  1.458649e+01
  1.385145e-01,  1.074224e+01
  1.368736e-01,  6.797183e+00
  1.345376e-01,  8.211167e+00
  1.358882e-01,  1.307144e+01
  1.399142e-01,  1.514025e+01
  1.410489e-01,  1.311987e+01
  1.382294e-01,  1.063062e+01
  1.350053e-01,  1.042144e+01
  1.355049e-01,  1.125228e+01
  1.389802e-01,  1.066111e+01
  1.407741e-01,  8.897457e+00
  1.383073e-01,  7.913213e+00
  1.343490e-01,  8.706153e+00
  1.335506e-01,  1.015649e+01
  1.359207e-01,  1.014302e+01
  1.370579e-01,  8.017420e+00
  1.345890e-01,  5.478525e+00
  1.312270e-01,  5.724327e+00
  1.321216e-01,  1.019908e+01
  1.382294e-01,  1.518228e+01
  1.421720e-01,  1.579037e+01
  1.388605e-01,  1.144919e+01
  1.326486e-01,  6.259037e+00
  1.295174e-01,  5.704929e+00
  1.324974e-01,  9.701799e+00
  1.384486e-01,  1.279597e+01
  1.405840e-01,  1.259661e+01
  1.384663e-01,  1.137708e+01
  1.367736e-01,  1.130714e+01
  1.374933e-01,  1.083998e+01
  1.374844e-01,  7.637412e+00
  1.345749e-01,  3.365054e+00
  1.304695e-01,  2.799994e+00
  1.297109e-01,  7.960472e+00
  1.347345e-01,  1.429478e+01
  1.401603e-01,  1.653956e+01
  1.413171e-01,  1.428208e+01
  1.392404e-01,  1.021841e+01
  1.358228e-01,  7.523713e+00
  1.327275e-01,  8.060038e+00
  1.328721e-01,  1.134490e+01
  1.370544e-01,  1.477903e+01
  1.413747e-01,  1.643013e+01
  1.425241e-01,  1.679871e+01
  1.421534e-01,  1.708648e+01
  1.430392e-01,  1.698783e+01
  1.438629e-01,  1.528972e+01
  1.417928e-01,  1.245626e+01
  1.378754e-01,  1.089324e+01
  1.362613e-01,  1.197078e+01
  1.382432e-01,  1.350508e+01
  1.397719e-01,  1.287614e+01
  1.383460e-01,  1.091740e+01
  1.364340e-01,  1.052429e+01
  1.368089e-01,  1.240707e+01
  1.380218e-01,  1.397213e+01
  1.370291e-01,  1.338138e+01
  1.354947e-01,  1.186484e+01
  1.373818e-01,  1.148791e+01
  1.422197e-01,  1.185928e+01
  1.445211e-01,  1.111575e+01
  1.408040e-01,  9.125622e+00
  1.343407e-01,  7.866670e+00
  1.313141e-01,  8.814164e+00
  1.339708e-01,  1.027118e+01
  1.381840e-01,  9.990045e+00
  1.393562e-01,  8.988132e+00
  1.377742e-01,  9.994605e+00
  1.372700e-01,  1.295623e+01
  1.385730e-01,  1.388120e+01
  1.383001e-01,  1.055960e+01
  1.356235e-01,  6.601668e+00
  1.328709e-01,  7.831244e+00
  1.353049e-01,  1.421151e+01
  1.423336e-01,  1.842271e+01
  1.448236e-01,  1.632191e+01
  1.405560e-01,  1.088267e+01
  1.346123e-01,  7.994017e+00
  1.328733e-01,  1.019759e+01
  1.372809e-01,  1.360717e+01
  1.421294e-01,  1.422775e+01
  1.425351e-01,  1.278322e+01
  1.399910e-01,  1.179572e+01
  1.382110e-01,  1.195219e+01
  1.378638e-01,  1.177871e+01
  1.370963e-01,  1.053239e+01
  1.359788e-01,  9.489792e+00
  1.366073e-01,  9.862546e+00
  1.389744e-01,  1.084235e+01
  1.397511e-01,  1.124857e+01
  1.376079e-01,  1.190382e+01
  1.366828e-01,  1.436316e+01
  1.409002e-01,  1.727376e+01
  1.459486e-01,  1.713081e+01
  1.445172e-01,  1.318623e+01
  1.371076e-01,  8.532992e+00
  1.308163e-01,  7.536251e+00
  1.319019e-01,  1.043989e+01
  1.380925e-01,  1.272127e+01
  1.413217e-01,  1.240769e+01
  1.396578e-01,  1.142653e+01
  1.377857e-01,  1.162473e+01
  1.387409e-01,  1.249127e+01
  1.404120e-01,  1.283348e+01
  1.405505e-01,  1.255779e+01
  1.399164e-01,  1.169253e+01
  1.390589e-01,  1.014228e+01
  1.369162e-01,  9.003410e+00
  1.344852e-01,  9.854824e+00
  1.353408e-01,  1.170070e+01
  1.386181e-01,  1.128432e+01
  1.383923e-01,  8.134191e+00
  1.327255e-01,  5.671139e+00
  1.279677e-01,  7.376992e+00
  1.318593e-01,  1.174877e+01
  1.407018e-01,  1.416026e+01
  1.441851e-01,  1.394610e+01
  1.407837e-01,  1.318112e+01
  1.379894e-01,  1.321148e+01
  1.405032e-01,  1.368483e+01
  1.443878e-01,  1.369400e+01
  1.438627e-01,  1.265419e+01
  1.389941e-01,  1.037217e+01
  1.345215e-01,  8.132717e+00
  1.340098e-01,  8.520084e+00
  1.377390e-01,  1.165927e+01
  1.422249e-01,  1.399693e+01
  1.421470e-01,  1.292335e+01
  1.375885e-01,  9.839445e+00
  1.337942e-01,  8.334742e+00
  1.343465e-01,  9.312425e+00
  1.367898e-01,  9.738857e+00
  1.362126e-01,  7.824228e+00
  1.329449e-01,  5.574999e+00
  1.312346e-01,  6.142217e+00
  1.336907e-01,  9.488183e+00
  1.382031e-01,  1.225092e+01
  1.403423e-01,  1.197540e+01
  1.387265e-01,  9.078075e+00
  1.351315e-01,  6.148623e+00
  1.321951e-01,  6.039281e+00
  1.328697e-01,  9.218631e+00
  1.375763e-01,  1.306226e+01
  1.421540e-01,  1.498948e+01
  1.430368e-01,  1.480603e+01
  1.412397e-01,  1.377062e+01
  1.394663e-01,  1.307104e+01
  1.384841e-01,  1.285786e+01
  1.375135e-01,  1.234009e+01
  1.363127e-01,  1.088659e+01
  1.354438e-01,  9.091123e+00
  1.352005e-01,  8.402116e+00
  1.356441e-01,  9.261813e+00
  1.366184e-01,  1.029082e+01
  1.371005e-01,  1.010357e+01
  1.363895e-01,  9.101899e+00
  1.351510e-01,  8.487007e+00
  1.342262e-01,  8.330602e+00
  1.332710e-01,  8.047526e+00
  1.321974e-01,  8.312904e+00
  1.331330e-01,  1.037644e+01
  1.377087e-01,  1.315789e+01
  1.419765e-01,  1.375192e+01
  1.402188e-01,  1.118842e+01
  1.337915e-01,  7.638580e+00
  1.297567e-01,  6.844308e+00
  1.325820e-01,  9.578799e+00
  1.383008e-01,  1.193671e+01
  1.388615e-01,  1.094718e+01
  1.338922e-01,  7.801341e+00
  1.297699e-01,  6.517896e+00
  1.307765e-01,  8.834897e+00
  1.354077e-01,  1.119402e+01
  1.385531e-01,  1.051654e+01
  1.382519e-01,  8.435498e+00
  1.358710e-01,  8.190220e+00
  1.340066e-01,  9.734351e+00
  1.346339e-01,  1.023510e+01
  1.370965e-01,  9.215261e+00
  1.382949e-01,  8.877508e+00
  1.363271e-01,  9.583537e+00
  1.340822e-01,  9.316057e+00
  1.354264e-01,  7.838439e+00
  1.384105e-01,  7.710918e+00
  1.381203e-01,  9.760951e+00
  1.360200e-01,  1.196848e+01
  1.376626e-01,  1.281488e+01
  1.415522e-01,  1.302464e+01
  1.397492e-01,  1.274564e+01
  1.337243e-01,  1.110950e+01
  1.353274e-01,  1.025876e+01
  1.444656e-01,  1.334392e+01
  1.454884e-01,  1.736154e+01
  1.338939e-01,  1.612134e+01
  1.313770e-01,  8.833398e+00
  1.445926e-01,  6.189032e+00
  1.453397e-01,  1.010554e+01
  1.257267e-01,  1.243383e+01
  1.206844e-01,  7.191968e+00
  1.459845e-01,  4.919023e+00
  1.534536e-01,  9.660214e+00
  1.204275e-01,  1.513127e+01
  1.068580e-01,  1.274100e+01
  1.527734e-01,  9.497869e+00
  1.757381e-01,  1.136203e+01
  1.130986e-01,  1.020001e+01
  7.508738e-02,  -7.443401e+00
  1.512880e-01,  -1.385557e+00
  2.092087e-01,  1.020599e+01
  1.180833e-01,  2.723703e+01
  4.977018e-02,  5.977692e+01
  1.742605e-01,  1.803467e+01
  2.987497e-01,  1.327430e+01
  9.547434e-02,  2.377681e+01
  1.409101e-01,  1.645635e+02
  1.823801e-01,  4.867454e+01
  4.906112e-01,  1.920862e+01
  9.161588e-02,  -2.908417e+01
  5.450687e-01,  -1.653577e+02
  2.775403e-01,  7.548980e+01
  1.229205e+00,  2.344975e+01
  5.409660e-01,  -1.307586e+02
  4.419863e+00,  2.633796e+01
  1.283639e+01,  1.731377e+01
  1.243571e+01,  1.337289e+01
  1.241225e+01,  1.076410e+01
  1.344254e+01,  1.118471e+01
  1.294979e+01,  9.286019e+00
  1.120643e+01,  3.716438e+00
  9.742983e+00,  -4.714898e-01
  8.229536e+00,  2.616976e+00
  5.777609e+00,  1.375477e+01
  2.944369e+00,  4.444501e+01
  2.728624e+00,  1.173887e+02
  4.955157e+00,  1.464541e+02
  7.762705e+00,  1.564387e+02
  1.093441e+01,  1.613448e+02
  1.357819e+01,  1.638491e+02
  1.528915e+01,  1.652745e+02
  1.703806e+01,  1.653660e+02
  1.961219e+01,  1.630571e+02
  2.216466e+01,  1.586389e+02
  2.360043e+01,  1.524328e+02
  2.430626e+01,  1.443596e+02
  2.492940e+01,  1.361702e+02
  2.507086e+01,  1.298215e+02
  2.441005e+01,  1.247680e+02
  2.293461e+01,  1.199795e+02
  2.047147e+01,  1.161134e+02
  1.730669e+01,  1.142204e+02
  1.400927e+01,  1.136084e+02
  1.057135e+01,  1.124738e+02
  6.785970e+00,  1.110667e+02
  2.813221e+00,  1.130898e+02
  1.121589e+00,  -8.046888e+01
  4.904096e+00,  -7.046618e+01
  8.514679e+00,  -7.090469e+01
  1.163808e+01,  -7.354998e+01
  1.416387e+01,  -7.530273e+01
  1.636154e+01,  -7.701407e+01
  1.820515e+01,  -8.139318e+01
  1.917899e+01,  -8.787892e+01
  1.925601e+01,  -9.396101e+01
  1.921421e+01,  -9.924041e+01
  1.922029e+01,  -1.050516e+02
  1.846967e+01,  -1.105400e+02
  1.710061e+01,  -1.127248e+02
  1.629763e+01,  -1.113181e+02
  1.598868e+01,  -1.097047e+02
  1.542058e+01,  -1.074726e+02
  1.501990e+01,  -1.025011e+02
  1.469393e+01,  -9.784458e+01
  1.328192e+01,  -9.556863e+01
  1.118740e+01,  -9.223728e+01
  9.644704e+00,  -8.605004e+01
  8.117227e+00,  -8.127435e+01
  5.987362e+00,  -7.722430e+01
  4.669986e+00,  -6.846149e+01
  4.328185e+00,  -6.602008e+01
  2.954341e+00,  -8.554501e+01
  2.368795e+00,  -1.614767e+02
  4.636842e+00,  1.622439e+02
  7.386105e+00,  1.528075e+02
  1.112430e+01,  1.478678e+02
  1.515841e+01,  1.442580e+02
  1.806867e+01,  1.409267e+02
  1.973227e+01,  1.370561e+02
  2.071211e+01,  1.322059e+02
  2.089226e+01,  1.259766e+02
  2.011389e+01,  1.180330e+02
  1.917030e+01,  1.091829e+02
  1.882989e+01,  1.018640e+02
  1.858158e+01,  9.762770e+01
  1.743783e+01,  9.630856e+01
  1.528986e+01,  9.835605e+01
  1.294871e+01,  1.046548e+02
  1.108476e+01,  1.142632e+02
  9.577019e+00,  1.263217e+02
  8.348399e+00,  1.439374e+02
  8.032979e+00,  1.675846e+02
  8.669385e+00,  -1.721136e+02
  9.255988e+00,  -1.592623e+02
  9.454885e+00,  -1.504153e+02
  9.615475e+00,  -1.434456e+02
  9.820429e+00,  -1.395517e+02
  9.677304e+00,  -1.398462e+02
  8.864679e+00,  -1.434888e+02
  7.527255e+00,  -1.504493e+02
  6.190339e+00,  -1.641816e+02
  5.379886e+00,  1.723942e+02
  5.251011e+00,  1.435321e+02
  5.782701e+00,  1.164186e+02
  6.900173e+00,  9.693421e+01
  8.125666e+00,  8.426498e+01
  9.088808e+00,  7.407652e+01
  9.698219e+00,  6.534609e+01
  9.691715e+00,  5.859699e+01
  9.001498e+00,  5.256044e+01
  8.024072e+00,  4.573334e+01
  6.858840e+00,  3.753966e+01
  5.477252e+00,  2.658085e+01
  4.394957e+00,  1.342115e+01
  3.824096e+00,  3.223619e+00
  3.423363e+00,  -4.643227e+00
  3.141160e+00,  -9.158296e+00
  3.261893e+00,  2.188456e+00
  4.355935e+00,  2.332491e+01
  6.231407e+00,  3.618642e+01
  8.335963e+00,  4.188042e+01
  1.065174e+01,  4.371493e+01
  1.299511e+01,  4.296268e+01
  1.493642e+01,  4.036722e+01
  1.636255e+01,  3.633800e+01
  1.740125e+01,  3.151511e+01
  1.805548e+01,  2.682851e+01
  1.839782e+01,  2.263618e+01
  1.847933e+01,  1.898024e+01
  1.792956e+01,  1.645962e+01
  1.650932e+01,  1.594168e+01
  1.455319e+01,  1.777461e+01
  1.231378e+01,  2.191551e+01
  9.828844e+00,  2.961153e+01
  7.569012e+00,  4.443046e+01
  6.317178e+00,  6.828425e+01
  6.304315e+00,  9.500296e+01
  7.215131e+00,  1.170811e+02
  8.697070e+00,  1.319301e+02
  1.021462e+01,  1.413559e+02
  1.123977e+01,  1.486790e+02
  1.161100e+01,  1.552372e+02
  1.133164e+01,  1.607839e+02
  1.023923e+01,  1.663683e+02
  8.465188e+00,  1.742055e+02
  6.751310e+00,  -1.768905e+02
  5.549806e+00,  -1.725388e+02
  4.655483e+00,  -1.717164e+02
  3.746845e+00,  -1.678610e+02
  2.797216e+00,  -1.665639e+02
  1.995789e+00,  1.766475e+02
  1.401536e+00,  1.524541e+02
  2.363506e-01,  1.194901e+02
  1.376135e+00,  -1.744771e+01
  2.846398e+00,  -4.763464e+00
  4.480900e+00,  4.519132e+00
  6.274312e+00,  5.443688e+00
  8.190468e+00,  5.596187e+00
  1.035999e+01,  9.875495e+00
  1.281631e+01,  1.581204e+01
  1.515260e+01,  1.998835e+01
  1.712509e+01,  2.236427e+01
  1.907103e+01,  2.393594e+01
  2.081619e+01,  2.396111e+01
  2.124328e+01,  2.095851e+01
  2.012088e+01,  1.517260e+01
  1.862904e+01,  9.387670e+00
  1.736377e+01,  6.010145e+00
  1.601540e+01,  4.178655e+00
  1.463764e+01,  3.560420e+00
  1.350075e+01,  5.761327e+00
  1.212684e+01,  9.728863e+00
  9.864923e+00,  1.267860e+01
  7.060275e+00,  1.512999e+01
  4.365660e+00,  2.261380e+01
  2.053703e+00,  5.280337e+01
  2.127861e+00,  1.360000e+02
  4.215611e+00,  1.600629e+02
  6.011013e+00,  1.631937e+02
  7.155126e+00,  1.634611e+02
  7.812028e+00,  1.655948e+02
  8.261216e+00,  1.681850e+02
  8.225282e+00,  1.685361e+02
  7.326988e+00,  1.684039e+02
  5.979775e+00,  1.726984e+02
  4.963826e+00,  -1.775308e+02
  4.256266e+00,  -1.686532e+02
  3.373782e+00,  -1.617395e+02
  2.444262e+00,  -1.505361e+02
  1.838555e+00,  -1.347774e+02
  1.411555e+00,  -1.259953e+02
  9.932204e-01,  -1.349564e+02
  9.835112e-01,  -1.690516e+02
  1.633246e+00,  1.702034e+02
  2.681575e+00,  1.659344e+02
  4.435825e+00,  1.677865e+02
  7.391328e+00,  1.702375e+02
  1.112340e+01,  1.713110e+02
  1.465148e+01,  1.722368e+02
  1.780225e+01,  1.745699e+02
  2.086236e+01,  1.782191e+02
  2.328553e+01,  -1.783158e+02
  2.418084e+01,  -1.758479e+02
  2.356460e+01,  -1.740314e+02
  2.204473e+01,  -1.724413e+02
  1.983220e+01,  -1.715813e+02
  1.669628e+01,  -1.724006e+02
  1.279424e+01,  -1.751933e+02
  9.175443e+00,  -1.788219e+02
  6.673324e+00,  1.794076e+02
  3.675946e+00,  1.709721e+02
  4.932052e+00,  4.589958e+01
  1.429954e+00,  -9.983455e+01
  1.087123e+00,  -1.745030e+02
  8.377713e-01,  4.536242e+01
  5.170954e-01,  1.484452e+01
  3.522928e-01,  -1.525580e+02
  3.239987e-01,  1.564569e+02
  4.029229e-01,  5.006168e+01
  3.403585e-01,  1.031734e+01
  1.158139e-01,  -9.565681e+01
  9.595249e-02,  1.397956e+02
  2.848539e-01,  4.928628e+01
  2.727827e-01,  1.595260e+01
  1.202856e-01,  -4.690323e+01
  1.966824e-02,  -4.392184e+01
  1.908630e-01,  3.785441e+01
  2.334703e-01,  1.856293e+01
  1.307295e-01,  -1.465704e+01
  6.359584e-02,  -1.124623e+01
  1.486655e-01,  3.026947e+01
  1.989224e-01,  2.057494e+01
  1.429289e-01,  -3.763772e-01
  9.317534e-02,  -6.881153e+00
  1.230202e-01,  1.682606e+01
  1.639304e-01,  1.531481e+01
  1.438633e-01,  1.884440e+00
  1.123435e-01,  -3.029590e+00
  1.230687e-01,  1.212026e+01
  1.526418e-01,  1.660271e+01
  1.466721e-01,  1.056446e+01
  1.262054e-01,  6.192664e+00
  1.279290e-01,  1.015396e+01
  1.427157e-01,  1.131826e+01
  1.400064e-01,  6.438279e+00
  1.261093e-01,  3.064538e+00
  1.256657e-01,  7.217836e+00
  1.395093e-01,  1.120904e+01
  1.442397e-01,  9.954883e+00
  1.358992e-01,  7.379255e+00
  1.313694e-01,  7.966397e+00
  1.375941e-01,  1.024785e+01
  1.425060e-01,  1.060700e+01
  1.381325e-01,  9.381497e+00
  1.324578e-01,  8.279943e+00
  1.334078e-01,  7.792153e+00
  1.365873e-01,  7.368818e+00
  1.347970e-01,  6.800823e+00
  1.301085e-01,  6.310117e+00
  1.291936e-01,  6.694924e+00
  1.326854e-01,  8.716053e+00
  1.358885e-01,  1.114071e+01
  1.359797e-01,  1.113785e+01
  1.344823e-01,  7.961705e+00
  1.330293e-01,  5.276372e+00
  1.311117e-01,  6.650233e+00
  1.309479e-01,  1.021526e+01
  1.341595e-01,  1.150471e+01
  1.381512e-01,  1.045024e+01
  1.392232e-01,  1.010420e+01
  1.371605e-01,  1.079321e+01
  1.352652e-01,  1.025976e+01
  1.354064e-01,  8.555219e+00
  1.359521e-01,  8.241590e+00
  1.352510e-01,  9.240636e+00
  1.339322e-01,  8.598524e+00
  1.331492e-01,  5.986234e+00
  1.327274e-01,  5.008551e+00
  1.323856e-01,  7.192781e+00
  1.330789e-01,  9.285690e+00
  1.344372e-01,  9.014712e+00
  1.359096e-01,  9.141086e+00
  1.377854e-01,  1.211723e+01
  1.395732e-01,  1.462372e+01
  1.379141e-01,  1.199043e+01
  1.335118e-01,  5.457572e+00
  1.300336e-01,  1.993458e+00
  1.298999e-01,  5.489702e+00
  1.340506e-01,  1.075813e+01
  1.362745e-01,  1.145836e+01
  1.335682e-01,  8.083507e+00
  1.307998e-01,  5.599895e+00
  1.320508e-01,  6.962628e+00
  1.361638e-01,  9.621490e+00
  1.382871e-01,  1.047016e+01
  1.373361e-01,  9.990541e+00
  1.367800e-01,  1.054762e+01
  1.384762e-01,  1.277391e+01
  1.401824e-01,  1.469787e+01
  1.392698e-01,  1.433737e+01
  1.369737e-01,  1.169401e+01
  1.361063e-01,  8.947067e+00
  1.368774e-01,  8.614947e+00
  1.381146e-01,  1.087157e+01
  1.389373e-01,  1.306939e+01
  1.379858e-01,  1.228114e+01
  1.353139e-01,  8.644294e+00
  1.329593e-01,  5.905907e+00
  1.331135e-01,  7.378238e+00
  1.372735e-01,  1.124602e+01
  1.422062e-01,  1.301212e+01
  1.429948e-01,  1.170224e+01
  1.399650e-01,  9.963863e+00
  1.371554e-01,  9.847994e+00
  1.370082e-01,  1.015309e+01
  1.375449e-01,  9.256975e+00
  1.361809e-01,  8.320351e+00
  1.341190e-01,  9.144611e+00
  1.348856e-01,  1.086507e+01
  1.384138e-01,  1.137765e+01
  1.405100e-01,  1.106928e+01
  1.386722e-01,  1.175750e+01
  1.358549e-01,  1.343378e+01
  1.365832e-01,  1.409299e+01
  1.407574e-01,  1.280993e+01
  1.436349e-01,  1.060937e+01
  1.414493e-01,  8.315806e+00
  1.360311e-01,  6.263017e+00
  1.322516e-01,  5.332471e+00
  1.324171e-01,  6.192836e+00
  1.349622e-01,  8.085145e+00
  1.373441e-01,  1.014177e+01
  1.390297e-01,  1.247033e+01
  1.408959e-01,  1.467316e+01
  1.422539e-01,  1.500904e+01
  1.412208e-01,  1.267356e+01
  1.379406e-01,  9.748669e+00
  1.348428e-01,  9.379362e+00
  1.351188e-01,  1.165371e+01
  1.386140e-01,  1.321097e+01
  1.408946e-01,  1.220243e+01
  1.394584e-01,  1.036400e+01
  1.366852e-01,  1.027419e+01
  1.369791e-01,  1.215764e+01
  1.409481e-01,  1.370379e+01
  1.441527e-01,  1.332496e+01
  1.430854e-01,  1.166563e+01
  1.391646e-01,  1.037739e+01
  1.364970e-01,  1.052673e+01
  1.370212e-01,  1.143361e+01
  1.383314e-01,  1.143084e+01
  1.371377e-01,  9.848468e+00
  1.338080e-01,  7.579877e+00
  1.317269e-01,  6.141773e+00
  1.330235e-01,  6.264027e+00
  1.361378e-01,  7.573838e+00
  1.379553e-01,  9.463421e+00
  1.375732e-01,  1.115997e+01
  1.364346e-01,  1.149317e+01
  1.357548e-01,  1.014242e+01
  1.354755e-01,  8.848318e+00
  1.353913e-01,  9.865907e+00
  1.364184e-01,  1.313662e+01
  1.385534e-01,  1.607604e+01
  1.398718e-01,  1.662397e+01
  1.399645e-01,  1.517781e+01
  1.401748e-01,  1.353455e+01
  1.405594e-01,  1.284550e+01
  1.399167e-01,  1.271393e+01
  1.383215e-01,  1.201359e+01
  1.373429e-01,  1.030582e+01
  1.373533e-01,  8.720143e+00
  1.370228e-01,  9.056434e+00
  1.366106e-01,  1.158593e+01
  1.376854e-01,  1.395393e+01
  1.389730e-01,  1.352272e+01
  1.380590e-01,  1.067682e+01
  1.353574e-01,  8.262183e+00
  1.337158e-01,  8.128318e+00
  1.347479e-01,  8.908313e+00
  1.362048e-01,  8.566224e+00
  1.357467e-01,  7.688530e+00
  1.344283e-01,  8.068280e+00
  1.343809e-01,  9.227201e+00
  1.349600e-01,  8.673708e+00
  1.344464e-01,  6.052446e+00
  1.333604e-01,  4.403005e+00
  1.333579e-01,  6.222688e+00
  1.348631e-01,  9.543497e+00
  1.351869e-01,  1.052052e+01
  1.335509e-01,  8.647938e+00
  1.337198e-01,  7.167310e+00
  1.379608e-01,  8.551725e+00
  1.433017e-01,  1.110592e+01
  1.441340e-01,  1.212725e+01
  1.398831e-01,  1.133984e+01
  1.361062e-01,  1.052264e+01
  1.367331e-01,  1.096195e+01
  1.396373e-01,  1.176864e+01
  1.404173e-01,  1.161401e+01
  1.382279e-01,  1.045971e+01
  1.356252e-01,  9.209416e+00
  1.344686e-01,  8.514287e+00
  1.345245e-01,  8.238518e+00
  1.348573e-01,  8.076464e+00
  1.347296e-01,  8.050437e+00
  1.337486e-01,  8.208604e+00
  1.324315e-01,  8.315382e+00
  1.320428e-01,  8.137896e+00
  1.329316e-01,  7.795310e+00
  1.339243e-01,  7.598606e+00
  1.343340e-01,  7.959974e+00
  1.354130e-01,  9.504451e+00
  1.383904e-01,  1.210239e+01
  1.412549e-01,  1.361126e+01
  1.398919e-01,  1.135297e+01
  1.346507e-01,  5.607194e+00
  1.299593e-01,  1.590273e+00
  1.289740e-01,  4.582169e+00
  1.343380e-01,  1.163681e+01
  1.410919e-01,  1.539118e+01
  1.420665e-01,  1.467056e+01
  1.394937e-01,  1.356700e+01
  1.392341e-01,  1.439144e+01
  1.414605e-01,  1.420043e+01
  1.408543e-01,  1.059580e+01
  1.362558e-01,  6.360156e+00
  1.321700e-01,  6.063457e+00
  1.334349e-01,  9.238292e+00
  1.372482e-01,  1.082451e+01
  1.369555e-01,  9.414143e+00
  1.338081e-01,  8.368307e+00
  1.344887e-01,  1.036575e+01
  1.402997e-01,  1.285833e+01
  1.434003e-01,  1.206603e+01
  1.390892e-01,  8.238510e+00
  1.323724e-01,  5.427721e+00
  1.301090e-01,  7.605679e+00
  1.346634e-01,  1.278966e+01
  1.406634e-01,  1.540355e+01
  1.416254e-01,  1.352387e+01
  1.381546e-01,  9.596359e+00
  1.345013e-01,  7.469426e+00
  1.342337e-01,  8.577878e+00
  1.376023e-01,  1.091486e+01
  1.402349e-01,  1.233763e+01
  1.388834e-01,  1.249216e+01
  1.362254e-01,  1.160168e+01
  1.364646e-01,  1.000279e+01
  1.386209e-01,  8.718041e+00
  1.385924e-01,  8.786917e+00
  1.365649e-01,  1.005795e+01
  1.365511e-01,  1.124687e+01
  1.393270e-01,  1.176453e+01
  1.415099e-01,  1.262501e+01
  1.411948e-01,  1.436342e+01
  1.396356e-01,  1.533451e+01
  1.377235e-01,  1.345294e+01
  1.359487e-01,  9.592476e+00
  1.353036e-01,  7.591411e+00
  1.366669e-01,  9.781929e+00
  1.397888e-01,  1.354644e+01
  1.413755e-01,  1.442888e+01
  1.400166e-01,  1.129482e+01
  1.382354e-01,  7.303964e+00
  1.368160e-01,  6.548848e+00
  1.360013e-01,  9.723109e+00
  1.375865e-01,  1.380991e+01
  1.407895e-01,  1.539993e+01
  1.418456e-01,  1.382095e+01
  1.387851e-01,  1.090559e+01
  1.344473e-01,  9.308790e+00
  1.339087e-01,  1.045291e+01
  1.383624e-01,  1.275112e+01
  1.430533e-01,  1.370103e+01
  1.438102e-01,  1.287613e+01
  1.417166e-01,  1.146450e+01
  1.395305e-01,  1.033517e+01
  1.378167e-01,  9.266156e+00
  1.359135e-01,  8.431672e+00
  1.343400e-01,  9.450575e+00
  1.351989e-01,  1.324538e+01
  1.396173e-01,  1.726732e+01
  1.442281e-01,  1.767948e+01
  1.448909e-01,  1.403969e+01
  1.413202e-01,  9.922101e+00
  1.364578e-01,  9.551965e+00
  1.357038e-01,  1.294481e+01
  1.397768e-01,  1.532607e+01
  1.417240e-01,  1.378134e+01
  1.379293e-01,  9.938785e+00
  1.327933e-01,  6.937546e+00
  1.320055e-01,  6.334034e+00
  1.348215e-01,  7.074255e+00
  1.356827e-01,  7.938753e+00
  1.333906e-01,  8.915091e+00
  1.326016e-01,  9.997494e+00
  1.354897e-01,  1.059007e+01
  1.382962e-01,  1.035424e+01
  1.378468e-01,  9.439460e+00
  1.359725e-01,  8.141512e+00
  1.351513e-01,  7.139672e+00
  1.346161e-01,  7.514533e+00
  1.339671e-01,  9.944021e+00
  1.359604e-01,  1.362872e+01
  1.411125e-01,  1.624305e+01
  1.440780e-01,  1.585876e+01
  1.406496e-01,  1.211160e+01
  1.343090e-01,  6.726141e+00
  1.307128e-01,  4.145115e+00
  1.314945e-01,  7.625172e+00
  1.365992e-01,  1.416888e+01
  1.423504e-01,  1.747331e+01
  1.439224e-01,  1.505049e+01
  1.415227e-01,  9.880323e+00
  1.371985e-01,  6.905207e+00
  1.340741e-01,  7.848528e+00
  1.356393e-01,  9.818626e+00
  1.404465e-01,  1.001574e+01
  1.437390e-01,  9.232465e+00
  1.425417e-01,  9.057479e+00
  1.381366e-01,  9.247372e+00
  1.345222e-01,  8.973881e+00
  1.348603e-01,  9.099390e+00
  1.386908e-01,  1.073483e+01
  1.419941e-01,  1.237704e+01
  1.406976e-01,  1.151123e+01
  1.360833e-01,  8.265473e+00
  1.330502e-01,  6.252936e+00
  1.336996e-01,  8.027818e+00
  1.364166e-01,  1.088707e+01
  1.377387e-01,  1.091654e+01
  1.374410e-01,  8.506557e+00
  1.375814e-01,  7.636142e+00
  1.386790e-01,  1.011924e+01
  1.401937e-01,  1.293242e+01
  1.407472e-01,  1.285499e+01
  1.402342e-01,  1.094616e+01
  1.391284e-01,  1.042181e+01
  1.381622e-01,  1.159709e+01
  1.381424e-01,  1.179648e+01
  1.384338e-01,  1.018953e+01
  1.379235e-01,  9.159807e+00
  1.374675e-01,  1.017450e+01
  1.394968e-01,  1.143610e+01
  1.428666e-01,  1.114005e+01
  1.431210e-01,  1.026817e+01
  1.388700e-01,  1.015690e+01
  1.345208e-01,  1.016546e+01
  1.340268e-01,  9.312295e+00
  1.355108e-01,  8.663911e+00
  1.353756e-01,  9.458750e+00
  1.346113e-01,  1.087090e+01
  1.363564e-01,  1.166770e+01
  1.402362e-01,  1.260370e+01
  1.429299e-01,  1.456243e+01
  1.425851e-01,  1.600551e+01
  1.399979e-01,  1.483654e+01
  1.373221e-01,  1.187535e+01
  1.356024e-01,  9.934600e+00
  1.347445e-01,  9.495071e+00
  1.344847e-01,  8.780758e+00
  1.341860e-01,  8.023846e+00
  1.341593e-01,  9.715185e+00
  1.367022e-01,  1.376268e+01
  1.415843e-01,  1.614940e+01
  1.438521e-01,  1.458244e+01
  1.408123e-01,  1.105561e+01
  1.351025e-01,  8.520586e+00
  1.320598e-01,  7.676715e+00
  1.338806e-01,  7.671849e+00
  1.372534e-01,  8.758215e+00
  1.388887e-01,  1.128659e+01
  1.395105e-01,  1.341762e+01
  1.404993e-01,  1.305252e+01
  1.413197e-01,  1.144738e+01
  1.406650e-01,  1.142031e+01
  1.393283e-01,  1.279977e+01
  1.389518e-01,  1.292479e+01
  1.392887e-01,  1.149779e+01
  1.390671e-01,  1.091663e+01
  1.379224e-01,  1.136464e+01
  1.360310e-01,  1.001575e+01
  1.332489e-01,  6.386945e+00
  1.299786e-01,  4.535376e+00
  1.286369e-01,  7.345091e+00
  1.323375e-01,  1.145371e+01
  1.377352e-01,  1.258524e+01
  1.397407e-01,  1.197410e+01
  1.385456e-01,  1.252877e+01
  1.374997e-01,  1.338073e+01
  1.369453e-01,  1.146715e+01
  1.351816e-01,  7.392115e+00
  1.325379e-01,  5.513734e+00
  1.323181e-01,  8.385121e+00
  1.372505e-01,  1.323433e+01
  1.432737e-01,  1.595880e+01
  1.448300e-01,  1.550315e+01
  1.419749e-01,  1.265391e+01
  1.380483e-01,  9.025562e+00
  1.347778e-01,  6.898986e+00
  1.325435e-01,  7.405716e+00
  1.325006e-01,  9.038016e+00
  1.347487e-01,  9.650187e+00
  1.374299e-01,  9.461321e+00
  1.387301e-01,  9.893337e+00
  1.384038e-01,  1.072201e+01
  1.371777e-01,  1.076411e+01
  1.362189e-01,  1.066925e+01
  1.370626e-01,  1.219837e+01
  1.401343e-01,  1.455024e+01
  1.426566e-01,  1.498019e+01
  1.418925e-01,  1.325250e+01
  1.394780e-01,  1.217103e+01
  1.392622e-01,  1.330323e+01
  1.419158e-01,  1.416433e+01
  1.431479e-01,  1.223255e+01
  1.403134e-01,  8.801756e+00
  1.359345e-01,  7.244129e+00
  1.348174e-01,  9.125962e+00
  1.384645e-01,  1.250514e+01
  1.422718e-01,  1.466496e+01
  1.415224e-01,  1.435814e+01
  1.374987e-01,  1.165226e+01
  1.350095e-01,  8.615885e+00
  1.357621e-01,  8.370732e+00
  1.381435e-01,  1.111241e+01
  1.402296e-01,  1.371259e+01
  1.410014e-01,  1.402912e+01
  1.414342e-01,  1.337245e+01
  1.424432e-01,  1.384903e+01
  1.433942e-01,  1.490253e+01
  1.431326e-01,  1.446608e+01
  1.421325e-01,  1.216406e+01
  1.417586e-01,  9.627063e+00
  1.413270e-01,  8.405197e+00
  1.390759e-01,  9.072322e+00
  1.360529e-01,  1.169733e+01
  1.363694e-01,  1.498168e+01
  1.410805e-01,  1.606559e+01
  1.453698e-01,  1.384158e+01
  1.442669e-01,  1.037811e+01
  1.381097e-01,  8.538909e+00
  1.326506e-01,  9.135771e+00
  1.324708e-01,  1.001231e+01
  1.354451e-01,  9.419099e+00
  1.369401e-01,  8.779007e+00
  1.362957e-01,  1.046619e+01
  1.372719e-01,  1.443831e+01
  1.413136e-01,  1.756430e+01
  1.441326e-01,  1.719306e+01
  1.422863e-01,  1.363900e+01
  1.374192e-01,  9.390904e+00
  1.331905e-01,  7.341470e+00
  1.321753e-01,  8.471082e+00
  1.346293e-01,  1.111473e+01
  1.380804e-01,  1.300951e+01
  1.396268e-01,  1.307882e+01
  1.387983e-01,  1.144643e+01
  1.375770e-01,  9.372529e+00
  1.377368e-01,  8.965084e+00
  1.393794e-01,  1.129908e+01
  1.416373e-01,  1.474922e+01
  1.425412e-01,  1.630973e+01
  1.404668e-01,  1.454633e+01
  1.364404e-01,  1.066528e+01
  1.329502e-01,  7.039841e+00
  1.316395e-01,  5.069277e+00
  1.319736e-01,  4.815983e+00
  1.321371e-01,  6.118546e+00
  1.321732e-01,  8.501938e+00
  1.336061e-01,  1.024459e+01
  1.355249e-01,  9.759607e+00
  1.354384e-01,  7.948932e+00
  1.337700e-01,  7.386233e+00
  1.342961e-01,  9.134952e+00
  1.380949e-01,  1.117789e+01
  1.403688e-01,  1.147003e+01
  1.380938e-01,  1.048676e+01
  1.349995e-01,  9.916568e+00
  1.353427e-01,  1.046446e+01
  1.374819e-01,  1.146551e+01
  1.378118e-01,  1.261668e+01
  1.377628e-01,  1.423678e+01
  1.407747e-01,  1.568051e+01
  1.444021e-01,  1.530920e+01
  1.427895e-01,  1.250144e+01
  1.362264e-01,  8.601025e+00
  1.312816e-01,  6.415434e+00
  1.322457e-01,  7.364625e+00
  1.365243e-01,  9.394390e+00
  1.386201e-01,  1.011217e+01
  1.376295e-01,  9.254781e+00
  1.366801e-01,  7.931267e+00
  1.366305e-01,  7.138275e+00
  1.354617e-01,  7.156998e+00
  1.331919e-01,  7.965312e+00
  1.329443e-01,  9.275689e+00
  1.358449e-01,  1.037451e+01
  1.384350e-01,  1.067777e+01
  1.375353e-01,  1.004690e+01
  1.349291e-01,  8.706256e+00
  1.344513e-01,  7.577861e+00
  1.364457e-01,  7.785795e+00
  1.381936e-01,  8.984946e+00
  1.379746e-01,  9.418206e+00
  1.365420e-01,  8.545498e+00
  1.357260e-01,  8.808848e+00
  1.373150e-01,  1.237981e+01
  1.417932e-01,  1.648999e+01
  1.445713e-01,  1.633915e+01
  1.421045e-01,  1.164431e+01
  1.371853e-01,  7.146818e+00
  1.342860e-01,  7.187412e+00
  1.363681e-01,  9.925809e+00
  1.403069e-01,  1.082032e+01
  1.411390e-01,  9.672840e+00
  1.388103e-01,  9.209333e+00
  1.362250e-01,  1.036329e+01
  1.348814e-01,  1.159353e+01
  1.344600e-01,  1.191339e+01
  1.349907e-01,  1.148395e+01
  1.359882e-01,  9.958644e+00
  1.358427e-01,  7.451485e+00
  1.341988e-01,  6.190064e+00
  1.335337e-01,  8.075904e+00
  1.361768e-01,  1.083689e+01
  1.391823e-01,  1.093749e+01
  1.389601e-01,  9.326636e+00
  1.369366e-01,  9.668084e+00
  1.371041e-01,  1.209986e+01
  1.389427e-01,  1.255986e+01
  1.382518e-01,  9.858113e+00
  1.351837e-01,  7.789392e+00
  1.342967e-01,  9.350613e+00
  1.381999e-01,  1.179943e+01
  1.417377e-01,  1.153582e+01
  1.400191e-01,  9.833108e+00
  1.358559e-01,  9.780656e+00
  1.351887e-01,  1.102328e+01
  1.378220e-01,  1.041047e+01
  1.385535e-01,  7.985716e+00
  1.358827e-01,  7.246606e+00
  1.342655e-01,  1.009796e+01
  1.372779e-01,  1.365782e+01
  1.409259e-01,  1.438785e+01
  1.405027e-01,  1.248197e+01
  1.369774e-01,  1.002100e+01
  1.338785e-01,  8.442441e+00
  1.328293e-01,  8.044532e+00
  1.331556e-01,  8.562836e+00
  1.338933e-01,  9.286045e+00
  1.346057e-01,  9.430051e+00
  1.353146e-01,  9.299476e+00
  1.365143e-01,  1.001742e+01
  1.384449e-01,  1.140404e+01
  1.398298e-01,  1.170320e+01
  1.390849e-01,  1.029188e+01
  1.368560e-01,  9.047576e+00
  1.354051e-01,  1.001285e+01
  1.362977e-01,  1.248968e+01
  1.384406e-01,  1.432962e+01
  1.399877e-01,  1.518624e+01
  1.410489e-01,  1.602626e+01
  1.423357e-01,  1.651975e+01
  1.428435e-01,  1.512398e+01
  1.410845e-01,  1.166456e+01
  1.375208e-01,  8.215946e+00
  1.345841e-01,  7.141884e+00
  1.350086e-01,  8.601686e+00
  1.383537e-01,  1.065407e+01
  1.408266e-01,  1.184936e+01
  1.406018e-01,  1.216990e+01
  1.399580e-01,  1.202859e+01
  1.406902e-01,  1.161968e+01
  1.406730e-01,  1.092697e+01
  1.378281e-01,  9.959915e+00
  1.349385e-01,  9.179093e+00
  1.361391e-01,  9.477366e+00
  1.399508e-01,  1.081561e+01
  1.405599e-01,  1.164072e+01
  1.365584e-01,  1.055163e+01
  1.337585e-01,  8.571094e+00
  1.362314e-01,  8.834069e+00
  1.407234e-01,  1.165554e+01
  1.416351e-01,  1.335562e+01
  1.381864e-01,  1.114547e+01
  1.354655e-01,  7.577797e+00
  1.355214e-01,  8.411608e+00
  1.374091e-01,  1.387493e+01
  1.391878e-01,  1.736077e+01
  1.380873e-01,  1.423650e+01
  1.366785e-01,  7.841700e+00
  1.359961e-01,  5.518425e+00
  1.358138e-01,  8.910126e+00
  1.372505e-01,  1.227409e+01
  1.376836e-01,  1.086399e+01
  1.358275e-01,  6.695371e+00
  1.326788e-01,  4.959650e+00
  1.308497e-01,  7.563727e+00
  1.330617e-01,  1.130445e+01
  1.376839e-01,  1.287794e+01
  1.418170e-01,  1.286335e+01
  1.442916e-01,  1.315691e+01
  1.444124e-01,  1.359568e+01
  1.414410e-01,  1.248430e+01
  1.368520e-01,  9.653652e+00
  1.339121e-01,  7.510690e+00
  1.334771e-01,  7.647209e+00
  1.331256e-01,  8.041837e+00
  1.307268e-01,  6.566430e+00
  1.283906e-01,  5.179029e+00
  1.295673e-01,  7.386801e+00
  1.345617e-01,  1.142674e+01
  1.383157e-01,  1.208352e+01
  1.377510e-01,  8.884310e+00
  1.360566e-01,  7.454683e+00
  1.371679e-01,  1.187640e+01
  1.423041e-01,  1.734120e+01
  1.449907e-01,  1.701353e+01
  1.425430e-01,  1.130452e+01
  1.390207e-01,  6.565714e+00
  1.371431e-01,  7.438147e+00
  1.389071e-01,  1.158281e+01
  1.418963e-01,  1.420696e+01
  1.419169e-01,  1.395840e+01
  1.394521e-01,  1.187186e+01
  1.378852e-01,  9.466747e+00
  1.382371e-01,  8.710621e+00
  1.387486e-01,  1.061337e+01
  1.388629e-01,  1.339450e+01
  1.394018e-01,  1.399237e+01
  1.405082e-01,  1.196081e+01
  1.405901e-01,  9.737404e+00
  1.381718e-01,  8.999347e+00
  1.353347e-01,  9.584461e+00
  1.355549e-01,  1.128546e+01
  1.389754e-01,  1.366096e+01
  1.415582e-01,  1.453477e+01
  1.399374e-01,  1.202423e+01
  1.364358e-01,  8.194258e+00
  1.349030e-01,  8.085205e+00
  1.370661e-01,  1.233661e+01
  1.405813e-01,  1.547648e+01
  1.409112e-01,  1.446342e+01
  1.395757e-01,  1.245860e+01
  1.402265e-01,  1.322114e+01
  1.424206e-01,  1.483233e+01
  1.417308e-01,  1.340357e+01
  1.378844e-01,  9.834501e+00
  1.353003e-01,  8.656947e+00
  1.363509e-01,  1.068966e+01
  1.379687e-01,  1.159191e+01
  1.361467e-01,  9.565417e+00
  1.332508e-01,  8.219419e+00
  1.340926e-01,  1.083362e+01
  1.390475e-01,  1.455756e+01
  1.419324e-01,  1.515573e+01
  1.401401e-01,  1.301136e+01
  1.384449e-01,  1.139166e+01
  1.405416e-01,  1.168707e+01
  1.436814e-01,  1.210783e+01
  1.428531e-01,  1.144105e+01
  1.385132e-01,  1.044153e+01
  1.356430e-01,  9.846521e+00
  1.364255e-01,  9.385577e+00
  1.380639e-01,  9.463108e+00
  1.384335e-01,  1.155871e+01
  1.397669e-01,  1.544519e+01
  1.430408e-01,  1.787011e+01
  1.442229e-01,  1.644109e+01
  1.411833e-01,  1.252652e+01
  1.368023e-01,  9.497226e+00
  1.348129e-01,  9.210546e+00
  1.357156e-01,  1.048500e+01
  1.369026e-01,  1.178337e+01
  1.372350e-01,  1.299332e+01
  1.379000e-01,  1.374932e+01
  1.388444e-01,  1.293220e+01
  1.389879e-01,  1.108396e+01
  1.391959e-01,  1.106714e+01
  1.418972e-01,  1.412903e+01
  1.461022e-01,  1.672454e+01
  1.457345e-01,  1.494344e+01
  1.399620e-01,  9.857471e+00
  1.348198e-01,  7.115617e+00
  1.357152e-01,  9.763611e+00
  1.419600e-01,  1.259735e+01
  1.446464e-01,  1.045502e+01
  1.400405e-01,  5.327648e+00
  1.327057e-01,  3.348371e+00
  1.293969e-01,  6.817230e+00
  1.317181e-01,  9.797186e+00
  1.328764e-01,  7.509478e+00
  1.307716e-01,  3.280395e+00
  1.294203e-01,  3.592994e+00
  1.334731e-01,  8.885729e+00
  1.404056e-01,  1.276200e+01
  1.420275e-01,  1.220701e+01
  1.384494e-01,  1.016032e+01
  1.359016e-01,  1.021330e+01
  1.369471e-01,  1.111609e+01
  1.375178e-01,  9.148781e+00
  1.346870e-01,  4.768961e+00
  1.306321e-01,  2.721647e+00
  1.293938e-01,  5.848850e+00
  1.330352e-01,  1.057925e+01
  1.372405e-01,  1.239288e+01
  1.383369e-01,  1.165689e+01
  1.382755e-01,  1.115187e+01
  1.400313e-01,  1.192096e+01
  1.425680e-01,  1.275444e+01
  1.418114e-01,  1.282465e+01
  1.369991e-01,  1.269573e+01
  1.331996e-01,  1.329671e+01
  1.354999e-01,  1.470743e+01
  1.416506e-01,  1.566484e+01
  1.437724e-01,  1.452999e+01
  1.388273e-01,  1.069410e+01
  1.328291e-01,  6.254012e+00
  1.314952e-01,  5.402124e+00
  1.342640e-01,  8.648906e+00
  1.372002e-01,  1.179485e+01
  1.379504e-01,  1.200599e+01
  1.383788e-01,  1.063151e+01
  1.389370e-01,  1.005334e+01
  1.372547e-01,  9.841749e+00
  1.336604e-01,  8.325226e+00
  1.321593e-01,  6.263182e+00
  1.339184e-01,  5.981147e+00
  1.353625e-01,  7.233948e+00
  1.340219e-01,  7.886584e+00
  1.325023e-01,  7.663432e+00
  1.344588e-01,  8.545905e+00
  1.389445e-01,  1.114359e+01
  1.418944e-01,  1.356012e+01
  1.417838e-01,  1.433263e+01
  1.414637e-01,  1.401970e+01
  1.429521e-01,  1.382462e+01
  1.441917e-01,  1.360802e+01
  1.428799e-01,  1.241754e+01
  1.404211e-01,  1.033196e+01
  1.392585e-01,  8.838575e+00
  1.388310e-01,  9.137892e+00
  1.377893e-01,  1.075955e+01
  1.375746e-01,  1.210278e+01
  1.400636e-01,  1.194679e+01
  1.429894e-01,  1.079479e+01
  1.418987e-01,  1.023123e+01
  1.373170e-01,  1.097752e+01
  1.347778e-01,  1.162097e+01
  1.362859e-01,  1.019641e+01
  1.381159e-01,  7.653423e+00
  1.374344e-01,  7.089786e+00
  1.369191e-01,  9.609782e+00
  1.391914e-01,  1.219797e+01
  1.404789e-01,  1.188023e+01
  1.375396e-01,  9.711265e+00
  1.333701e-01,  8.492256e+00
  1.329611e-01,  8.871377e+00
  1.365692e-01,  9.307321e+00
  1.396994e-01,  9.495405e+00
  1.393297e-01,  1.014878e+01
  1.368341e-01,  1.053303e+01
  1.353693e-01,  9.578677e+00
  1.366619e-01,  8.999703e+00
  1.398533e-01,  1.126086e+01
  1.428024e-01,  1.467075e+01
  1.424446e-01,  1.491632e+01
  1.389014e-01,  1.110984e+01
  1.360745e-01,  7.807297e+00
  1.357225e-01,  9.315433e+00
  1.380602e-01,  1.338531e+01
  1.405243e-01,  1.493809e+01
  1.408898e-01,  1.319989e+01
  1.402789e-01,  1.144035e+01
  1.401119e-01,  1.190042e+01
  1.410069e-01,  1.331778e+01
  1.423936e-01,  1.374893e+01
  1.433783e-01,  1.338098e+01
  1.434616e-01,  1.351901e+01
  1.426714e-01,  1.449567e+01
  1.416978e-01,  1.536058e+01
  1.413568e-01,  1.482742e+01
  1.416580e-01,  1.238052e+01
  1.412678e-01,  9.137174e+00
  1.385413e-01,  7.462772e+00
  1.347773e-01,  8.836303e+00
  1.343224e-01,  1.147735e+01
  1.377738e-01,  1.186184e+01
  1.405064e-01,  9.866073e+00
  1.391394e-01,  8.788081e+00
  1.363422e-01,  1.063763e+01
  1.369269e-01,  1.291896e+01
  1.389936e-01,  1.206253e+01
  1.379513e-01,  8.967374e+00
  1.347258e-01,  7.594458e+00
  1.348246e-01,  9.749752e+00
  1.394644e-01,  1.239894e+01
  1.415900e-01,  1.244847e+01
  1.374834e-01,  1.042393e+01
  1.328410e-01,  8.616435e+00
  1.334820e-01,  8.402720e+00
  1.370845e-01,  9.197158e+00
  1.380351e-01,  1.017831e+01
  1.365535e-01,  1.096371e+01
  1.368468e-01,  1.090269e+01
  1.388420e-01,  9.716207e+00
  1.384305e-01,  8.341365e+00
  1.351139e-01,  8.088538e+00
  1.336805e-01,  9.268723e+00
  1.366696e-01,  1.069843e+01
  1.399650e-01,  1.110879e+01
  1.388160e-01,  1.014063e+01
  1.343326e-01,  7.905379e+00
  1.311365e-01,  5.271657e+00
  1.309585e-01,  4.254369e+00
  1.322367e-01,  6.365078e+00
  1.345934e-01,  1.036376e+01
  1.381118e-01,  1.263002e+01
  1.408910e-01,  1.121177e+01
  1.412626e-01,  8.452429e+00
  1.392406e-01,  8.127066e+00
  1.374667e-01,  1.045044e+01
  1.376142e-01,  1.149278e+01
  1.376268e-01,  9.156134e+00
  1.361181e-01,  6.553460e+00
  1.343553e-01,  7.652004e+00
  1.357111e-01,  1.160911e+01
  1.396398e-01,  1.398388e+01
  1.416498e-01,  1.342917e+01
  1.407427e-01,  1.264225e+01
  1.400816e-01,  1.389026e+01
  1.421696e-01,  1.573704e+01
  1.445446e-01,  1.541342e+01
  1.435311e-01,  1.311452e+01
  1.395425e-01,  1.166670e+01
  1.366697e-01,  1.274497e+01
  1.379607e-01,  1.424924e+01
  1.411449e-01,  1.358997e+01
  1.426256e-01,  1.187992e+01
  1.421680e-01,  1.180956e+01
  1.418797e-01,  1.321583e+01
  1.415185e-01,  1.323613e+01
  1.390915e-01,  1.112633e+01
  1.359787e-01,  9.671749e+00
  1.361310e-01,  1.086069e+01
  1.402564e-01,  1.241069e+01
  1.430578e-01,  1.179308e+01
  1.410042e-01,  1.037793e+01
  1.374246e-01,  1.110787e+01
  1.375775e-01,  1.378164e+01
  1.404969e-01,  1.491887e+01
  1.410033e-01,  1.315663e+01
  1.385965e-01,  1.057194e+01
  1.371641e-01,  9.457633e+00
  1.387800e-01,  9.631197e+00
  1.407668e-01,  9.783722e+00
  1.399287e-01,  1.006805e+01
  1.373467e-01,  1.131490e+01
  1.363701e-01,  1.295008e+01
  1.376911e-01,  1.344509e+01
  1.395157e-01,  1.253110e+01
  1.406754e-01,  1.120353e+01
  1.408215e-01,  1.027813e+01
  1.395043e-01,  1.007145e+01
  1.372573e-01,  1.066646e+01
  1.361344e-01,  1.139589e+01
  1.369179e-01,  1.104168e+01
  1.378550e-01,  9.862990e+00
  1.378675e-01,  9.856239e+00
  1.385205e-01,  1.160586e+01
  1.398495e-01,  1.242986e+01
  1.381805e-01,  1.018673e+01
  1.331953e-01,  7.127456e+00
  1.302742e-01,  7.801233e+00
  1.346444e-01,  1.213803e+01
  1.423747e-01,  1.480101e+01
  1.447904e-01,  1.379149e+01
  1.422612e-01,  1.203551e+01
  1.407309e-01,  1.256240e+01
  1.413700e-01,  1.386529e+01
  1.398634e-01,  1.224941e+01
  1.360800e-01,  7.525839e+00
  1.342647e-01,  4.108569e+00
  1.349594e-01,  5.978286e+00
  1.373962e-01,  1.170179e+01
  1.412329e-01,  1.645135e+01
  1.445698e-01,  1.695353e+01
  1.448476e-01,  1.381636e+01
  1.408034e-01,  1.019830e+01
  1.352975e-01,  9.376299e+00
  1.347537e-01,  1.207619e+01
  1.406727e-01,  1.497181e+01
  1.455264e-01,  1.489640e+01
  1.435553e-01,  1.233842e+01
  1.381202e-01,  1.022089e+01
  1.359780e-01,  1.102482e+01
  1.391842e-01,  1.357007e+01
  1.427156e-01,  1.473911e+01
  1.416179e-01,  1.358696e+01
  1.378450e-01,  1.150384e+01
  1.365356e-01,  1.018503e+01
  1.386751e-01,  9.741734e+00
  1.401875e-01,  9.408365e+00
  1.383843e-01,  9.516235e+00
  1.361693e-01,  1.097834e+01
  1.370473e-01,  1.281299e+01
  1.386420e-01,  1.237820e+01
  1.370057e-01,  9.080325e+00
  1.336621e-01,  5.884184e+00
  1.325351e-01,  6.358341e+00
  1.348752e-01,  9.577610e+00
  1.376741e-01,  1.148085e+01
  1.387854e-01,  1.104382e+01
  1.400979e-01,  1.087319e+01
  1.422734e-01,  1.233752e+01
  1.427757e-01,  1.321817e+01
  1.402626e-01,  1.172598e+01
  1.376256e-01,  9.916595e+00
  1.372896e-01,  1.076438e+01
  1.386278e-01,  1.277569e+01
  1.393135e-01,  1.208114e+01
  1.390315e-01,  8.969257e+00
  1.385870e-01,  8.100861e+00
  1.381821e-01,  1.136244e+01
  1.377831e-01,  1.409824e+01
  1.354751e-01,  1.154382e+01
  1.326097e-01,  6.256248e+00
  1.313059e-01,  5.784956e+00
  1.346230e-01,  1.205146e+01
  1.430345e-01,  1.768084e+01
  1.475153e-01,  1.719519e+01
  1.445461e-01,  1.300464e+01
  1.394119e-01,  1.078832e+01
  1.380832e-01,  1.261878e+01
  1.409073e-01,  1.448040e+01
  1.420572e-01,  1.323552e+01
  1.394866e-01,  1.089132e+01
  1.370700e-01,  1.117484e+01
  1.387543e-01,  1.434698e+01
  1.427543e-01,  1.681407e+01
  1.437947e-01,  1.609017e+01
  1.414263e-01,  1.281594e+01
  1.392952e-01,  9.616657e+00
  1.389056e-01,  8.876449e+00
  1.391893e-01,  1.046260e+01
  1.392580e-01,  1.206602e+01
  1.391158e-01,  1.180880e+01
  1.390166e-01,  1.033788e+01
  1.385040e-01,  9.773279e+00
  1.374722e-01,  1.069631e+01
  1.369529e-01,  1.143290e+01
  1.373696e-01,  1.059950e+01
  1.377995e-01,  8.991732e+00
  1.371287e-01,  8.045399e+00
  1.359343e-01,  7.923109e+00
  1.359590e-01,  8.042219e+00
  1.375156e-01,  8.435137e+00
  1.388877e-01,  9.542424e+00
  1.388170e-01,  1.137212e+01
  1.386792e-01,  1.359029e+01
  1.407870e-01,  1.551521e+01
  1.441297e-01,  1.570023e+01
  1.443471e-01,  1.288603e+01
  1.399601e-01,  8.097457e+00
  1.346371e-01,  5.546333e+00
  1.335637e-01,  8.732460e+00
  1.389604e-01,  1.412889e+01
  1.437523e-01,  1.528264e+01
  1.418547e-01,  1.153535e+01
  1.372416e-01,  8.056068e+00
  1.359047e-01,  9.790721e+00
  1.398321e-01,  1.414448e+01
  1.427399e-01,  1.506422e+01
  1.395951e-01,  1.190167e+01
  1.349167e-01,  9.190576e+00
  1.352593e-01,  1.049299e+01
  1.411880e-01,  1.310332e+01
  1.450182e-01,  1.308399e+01
  1.418483e-01,  1.095057e+01
  1.364197e-01,  9.611992e+00
  1.355447e-01,  1.005933e+01
  1.387161e-01,  1.037666e+01
  1.400228e-01,  9.928792e+00
  1.381534e-01,  1.031187e+01
  1.373406e-01,  1.158262e+01
  1.382481e-01,  1.076215e+01
  1.365507e-01,  6.392445e+00
  1.316418e-01,  1.875987e+00
  1.280664e-01,  2.814626e+00
  1.316432e-01,  9.365420e+00
  1.397356e-01,  1.448898e+01
  1.420126e-01,  1.390872e+01
  1.377243e-01,  9.363131e+00
  1.338197e-01,  5.930583e+00
  1.334267e-01,  7.041955e+00
  1.356880e-01,  1.055038e+01
  1.381975e-01,  1.254917e+01
  1.399905e-01,  1.233908e+01
  1.415697e-01,  1.186067e+01
  1.422077e-01,  1.201977e+01
  1.406392e-01,  1.167646e+01
  1.374684e-01,  1.038451e+01
  1.353031e-01,  9.828089e+00
  1.358590e-01,  1.086814e+01
  1.374561e-01,  1.118047e+01
  1.367105e-01,  8.845074e+00
  1.338714e-01,  6.221024e+00
  1.326602e-01,  7.786390e+00
  1.370037e-01,  1.328941e+01
  1.443127e-01,  1.701959e+01
  1.470030e-01,  1.593061e+01
  1.442515e-01,  1.212575e+01
  1.403926e-01,  9.406019e+00
  1.384273e-01,  9.107102e+00
  1.388656e-01,  9.720495e+00
  1.404511e-01,  1.050176e+01
  1.417530e-01,  1.230326e+01
  1.423486e-01,  1.484064e+01
  1.426173e-01,  1.600844e+01
  1.428993e-01,  1.476610e+01
  1.428277e-01,  1.294573e+01
  1.416776e-01,  1.288372e+01
  1.409608e-01,  1.433494e+01
  1.422390e-01,  1.464010e+01
  1.427975e-01,  1.189041e+01
  1.389651e-01,  6.866882e+00
  1.320965e-01,  2.547004e+00
  1.278993e-01,  2.590307e+00
  1.305393e-01,  7.132702e+00
  1.368472e-01,  1.163648e+01
  1.398780e-01,  1.294324e+01
  1.393444e-01,  1.181820e+01
  1.390802e-01,  1.076441e+01
  1.390015e-01,  1.080060e+01
  1.370654e-01,  1.084311e+01
  1.350295e-01,  1.014024e+01
  1.363557e-01,  9.360033e+00
  1.396584e-01,  8.977118e+00
  1.400687e-01,  8.459427e+00
  1.367716e-01,  7.898099e+00
  1.343791e-01,  8.773519e+00
  1.366560e-01,  1.167404e+01
  1.417988e-01,  1.426447e+01
  1.444426e-01,  1.379664e+01
  1.423030e-01,  1.016584e+01
  1.377165e-01,  6.334970e+00
  1.342255e-01,  5.994770e+00
  1.353251e-01,  9.338248e+00
  1.402078e-01,  1.242097e+01
  1.423635e-01,  1.250708e+01
  1.391235e-01,  1.070625e+01
  1.355676e-01,  9.704654e+00
  1.367941e-01,  1.040177e+01
  1.403533e-01,  1.112693e+01
  1.404117e-01,  1.099831e+01
  1.377226e-01,  1.113755e+01
  1.380224e-01,  1.219130e+01
  1.413658e-01,  1.243423e+01
  1.411519e-01,  1.027675e+01
  1.354562e-01,  6.879147e+00
  1.303668e-01,  5.558609e+00
  1.314512e-01,  7.894836e+00
  1.369539e-01,  1.113846e+01
  1.406322e-01,  1.267967e+01
  1.406992e-01,  1.293632e+01
  1.398083e-01,  1.320701e+01
  1.391261e-01,  1.321180e+01
  1.381477e-01,  1.184868e+01
  1.379827e-01,  9.822928e+00
  1.396548e-01,  9.346384e+00
  1.413741e-01,  1.064089e+01
  1.406756e-01,  1.132861e+01
  1.382573e-01,  9.993334e+00
  1.372827e-01,  8.457285e+00
  1.379539e-01,  8.822764e+00
  1.374570e-01,  9.544371e+00
  1.344693e-01,  7.800517e+00
  1.316738e-01,  4.698305e+00
  1.311623e-01,  5.034678e+00
  1.329075e-01,  9.953467e+00
  1.358393e-01,  1.420591e+01
  1.372577e-01,  1.345902e+01
  1.380026e-01,  1.006840e+01
  1.392459e-01,  9.402528e+00
  1.406049e-01,  1.193366e+01
  1.410463e-01,  1.309468e+01
  1.394573e-01,  1.085236e+01
  1.373319e-01,  9.076450e+00
  1.371590e-01,  1.180795e+01
  1.407139e-01,  1.632548e+01
  1.431461e-01,  1.659172e+01
  1.393666e-01,  1.127000e+01
  1.328013e-01,  4.546423e+00
  1.291564e-01,  2.276173e+00
  1.313279e-01,  5.437577e+00
  1.360108e-01,  9.242867e+00
  1.362332e-01,  1.024861e+01
  1.330808e-01,  9.133081e+00
  1.336904e-01,  8.637090e+00
  1.389894e-01,  1.014352e+01
  1.424098e-01,  1.241083e+01
  1.403729e-01,  1.387901e+01
  1.375364e-01,  1.381005e+01
  1.384393e-01,  1.234709e+01
  1.404922e-01,  1.036720e+01
  1.400487e-01,  9.102957e+00
  1.393469e-01,  9.812618e+00
  1.417015e-01,  1.225532e+01
  1.440628e-01,  1.401467e+01
  1.416147e-01,  1.300276e+01
  1.369600e-01,  9.578101e+00
  1.350999e-01,  6.549238e+00
  1.342171e-01,  5.777206e+00
  1.309754e-01,  6.003521e+00
  1.287081e-01,  5.681676e+00
  1.321914e-01,  5.555246e+00
  1.372921e-01,  6.804071e+00
  1.361862e-01,  8.587069e+00
  1.315285e-01,  9.620038e+00
  1.338701e-01,  1.048053e+01
  1.429070e-01,  1.214850e+01
  1.447939e-01,  1.247242e+01
  1.350456e-01,  8.033449e+00
  1.296393e-01,  1.139888e+00
  1.353536e-01,  1.919566e+00
  1.412322e-01,  1.056827e+01
  1.387797e-01,  1.643515e+01
  1.339243e-01,  1.248779e+01
  1.404285e-01,  7.103057e+00
  1.449748e-01,  1.062298e+01
  1.354450e-01,  1.626379e+01
  1.260592e-01,  1.152284e+01
  1.388385e-01,  4.222453e+00
  1.504905e-01,  1.055620e+01
  1.388523e-01,  2.172188e+01
  1.185168e-01,  1.522386e+01
  1.369290e-01,  -2.402212e+00
  1.576730e-01,  5.642410e+00
  1.484338e-01,  2.909213e+01
  1.188863e-01,  2.928739e+01
  1.409216e-01,  -7.571917e+00
  1.760594e-01,  -4.865054e+00
  1.530082e-01,  3.479082e+01
  1.230463e-01,  5.551796e+01
  1.321375e-01,  -1.473376e+01
  2.166681e-01,  -2.219460e+01
  1.447002e-01,  3.470479e+01
  1.689520e-01,  8.789238e+01
  1.053284e-01,  -2.337558e+01
  3.055843e-01,  -4.030242e+01
  1.104229e-01,  3.475990e+01
  3.516986e-01,  1.092449e+02
  9.316302e-02,  2.681356e+01
  5.325189e-01,  -4.295748e+01
  9.252392e-02,  -2.006271e+01
  7.108068e-01,  1.259447e+02
  1.956388e-01,  8.258850e+01
  1.104983e+00,  -4.010953e+01
  1.367582e-01,  -8.863003e+01
  2.141866e+00,  1.379374e+02
  9.113164e-01,  -3.074815e+01
  6.637439e+00,  1.446964e+02
  2.200933e+01,  1.426465e+02
  2.324647e+01,  1.434770e+02
  2.085068e+01,  1.486402e+02
  2.049863e+01,  1.486387e+02
  1.885858e+01,  1.474126e+02
  1.425941e+01,  1.510784e+02
  1.015241e+01,  1.550951e+02
  7.839236e+00,  1.415912e+02
  5.126931e+00,  1.083121e+02
  4.258283e+00,  1.575920e+01
  9.785041e+00,  -1.709467e+01
  1.467455e+01,  -1.796311e+01
  1.936939e+01,  -1.906428e+01
  2.390580e+01,  -2.401440e+01
  2.606112e+01,  -2.565787e+01
  2.520570e+01,  -2.279683e+01
  2.360295e+01,  -2.414691e+01
  2.152152e+01,  -3.443434e+01
  1.757654e+01,  -4.520715e+01
  1.249675e+01,  -4.842752e+01
  9.246270e+00,  -4.845677e+01
  6.936532e+00,  -5.200732e+01
  3.774162e+00,  -2.767632e+01
  5.178431e+00,  3.239808e+01
  7.888080e+00,  3.781827e+01
  1.013555e+01,  3.588149e+01
  1.324201e+01,  3.714874e+01
  1.606504e+01,  3.555612e+01
  1.802890e+01,  3.120135e+01
  1.965731e+01,  2.969947e+01
  2.064722e+01,  3.175030e+01
  2.052426e+01,  3.317248e+01
  1.933101e+01,  3.219097e+01
  1.750715e+01,  3.108915e+01
  1.538472e+01,  3.101508e+01
  1.309259e+01,  2.945262e+01
  1.048339e+01,  2.512325e+01
  7.708627e+00,  1.664735e+01
  5.975841e+00,  -3.809358e+00
  5.700757e+00,  -3.166510e+01
  5.476429e+00,  -6.365428e+01
  6.836382e+00,  -8.787172e+01
  9.317097e+00,  -8.188122e+01
  1.095990e+01,  -7.132065e+01
  1.065907e+01,  -6.692044e+01
  1.144447e+01,  -5.764839e+01
  1.456183e+01,  -4.509479e+01
  1.613452e+01,  -3.683099e+01
  1.602203e+01,  -3.209160e+01
  1.754696e+01,  -3.196789e+01
  1.884761e+01,  -3.304865e+01
  1.682844e+01,  -3.352074e+01
  1.468478e+01,  -3.697218e+01
  1.470499e+01,  -4.278187e+01
  1.319814e+01,  -4.782295e+01
  9.889164e+00,  -5.537600e+01
  8.852482e+00,  -6.259890e+01
  8.960142e+00,  -6.653086e+01
  6.842504e+00,  -8.321224e+01
  5.621225e+00,  -1.253503e+02
  7.035423e+00,  -1.537599e+02
  9.634515e+00,  -1.712657e+02
  1.329325e+01,  1.780580e+02
  1.594758e+01,  1.738510e+02
  1.706980e+01,  1.705605e+02
  1.719246e+01,  1.661995e+02
  1.670096e+01,  1.619671e+02
  1.599317e+01,  1.572911e+02
  1.517520e+01,  1.509010e+02
  1.468721e+01,  1.449860e+02
  1.484550e+01,  1.428868e+02
  1.486527e+01,  1.430727e+02
  1.363464e+01,  1.428925e+02
  1.123094e+01,  1.440932e+02
  8.784231e+00,  1.509073e+02
  6.649118e+00,  1.635233e+02
  3.980748e+00,  -1.692367e+02
  4.320201e+00,  -1.117236e+02
  7.648942e+00,  -1.129213e+02
  1.111285e+01,  -1.269596e+02
  1.316174e+01,  -1.280575e+02
  1.526734e+01,  -1.237795e+02
  1.850257e+01,  -1.264437e+02
  1.992285e+01,  -1.303393e+02
  1.843512e+01,  -1.280704e+02
  1.726421e+01,  -1.231181e+02
  1.621964e+01,  -1.252530e+02
  1.310412e+01,  -1.320771e+02
  9.732594e+00,  -1.342782e+02
  8.975496e+00,  -1.352242e+02
  1.086195e+01,  -1.503322e+02
  1.418472e+01,  -1.639118e+02
  1.581914e+01,  -1.635801e+02
  1.707201e+01,  -1.562300e+02
  2.262522e+01,  -1.601319e+02
  2.156141e+01,  -1.701494e+02
  1.325745e+01,  1.659912e+01
  3.653074e+00,  -1.714589e+02
##END=