##TITLE= adiabatic_prepare
##JCAMP-DX= 5.00 Bruker JCAMP library
##DATA TYPE= Shape Data
##ORIGIN= Colm's GRAPE Pulses 
##OWNER= caryan
##DATE= 22-Jan-2014
##TIME= 21:47
##MINX= 5.889491e-01
##MAXX= 5.274604e+01
##MINY= 9.369344e-03
##MAXY= 3.595583e+02
##$SHAPE_EXMODE= None
##$SHAPE_TOTROT= 9.000000e+01
##$SHAPE_BWFAC= 1.000000e+00
##$SHAPE_INTEGFAC= 1.000000e+00
##$SHAPE_MODE= 1
##NPOINTS= 1000
##XYPOINTS= (XY..XY)
  1.424383e+01,  9.298967e+01
  1.855053e+01,  9.880044e+01
  2.147242e+01,  1.120405e+02
  1.995203e+01,  1.279638e+02
  1.498294e+01,  1.419635e+02
  6.872470e+00,  1.543375e+02
  1.688035e+00,  3.144545e+02
  6.165913e+00,  3.357254e+02
  4.661915e+00,  3.485177e+02
  3.584937e+00,  9.951440e+01
  1.202695e+01,  1.184164e+02
  2.040016e+01,  1.100788e+02
  2.736802e+01,  9.773344e+01
  3.152040e+01,  8.741512e+01
  3.001336e+01,  8.181072e+01
  2.174310e+01,  8.191573e+01
  1.027081e+01,  9.250674e+01
  3.222278e+00,  1.462738e+02
  2.155911e+00,  1.369930e+02
  1.102942e+01,  8.332910e+01
  2.685391e+01,  8.708732e+01
  4.198358e+01,  9.738090e+01
  5.082857e+01,  1.113975e+02
  5.108882e+01,  1.287569e+02
  4.373593e+01,  1.494697e+02
  3.176392e+01,  1.746219e+02
  1.952078e+01,  2.087285e+02
  1.167904e+01,  2.570896e+02
  6.676514e+00,  3.050336e+02
  2.993603e+00,  1.005472e+02
  1.518625e+01,  1.420226e+02
  2.615911e+01,  1.517180e+02
  3.076590e+01,  1.540412e+02
  2.852043e+01,  1.498405e+02
  2.311678e+01,  1.397421e+02
  1.780083e+01,  1.312206e+02
  1.278190e+01,  1.408777e+02
  1.175056e+01,  1.805367e+02
  1.661038e+01,  2.068976e+02
  2.002261e+01,  2.101976e+02
  2.044636e+01,  1.976813e+02
  2.284032e+01,  1.757333e+02
  2.895095e+01,  1.627306e+02
  3.373633e+01,  1.629067e+02
  3.366008e+01,  1.721390e+02
  2.925223e+01,  1.885736e+02
  2.383111e+01,  2.113773e+02
  2.058672e+01,  2.346309e+02
  1.974420e+01,  2.459941e+02
  2.104091e+01,  2.415583e+02
  2.466876e+01,  2.321430e+02
  2.710644e+01,  2.263640e+02
  2.411774e+01,  2.220959e+02
  1.610778e+01,  2.103545e+02
  1.051998e+01,  1.722776e+02
  1.204978e+01,  1.470895e+02
  1.241516e+01,  1.681379e+02
  1.627903e+01,  2.181525e+02
  2.626138e+01,  2.510251e+02
  3.289606e+01,  2.708347e+02
  3.024336e+01,  2.880251e+02
  1.866299e+01,  3.083722e+02
  4.430629e+00,  8.922513e+00
  1.145586e+01,  1.374226e+02
  1.869611e+01,  1.715310e+02
  2.099076e+01,  2.094130e+02
  2.353072e+01,  2.548787e+02
  2.967554e+01,  2.945684e+02
  3.498707e+01,  3.215056e+02
  3.355770e+01,  3.385327e+02
  2.383829e+01,  3.460412e+02
  1.104860e+01,  3.282160e+02
  1.052479e+01,  2.621519e+02
  1.501856e+01,  2.545108e+02
  1.442776e+01,  2.757370e+02
  1.504148e+01,  3.152351e+02
  2.012400e+01,  3.401475e+02
  2.441784e+01,  3.446899e+02
  2.624216e+01,  3.385502e+02
  2.614964e+01,  3.297057e+02
  2.327198e+01,  3.236525e+02
  1.718078e+01,  3.205759e+02
  1.043379e+01,  3.145786e+02
  7.545194e+00,  2.970857e+02
  1.011892e+01,  2.940133e+02
  1.527841e+01,  3.088699e+02
  1.982898e+01,  3.278394e+02
  2.111313e+01,  3.489396e+02
  1.812068e+01,  1.192466e+01
  1.060338e+01,  3.539687e+01
  1.483739e+00,  2.221493e+02
  1.602795e+01,  2.512006e+02
  2.799699e+01,  2.679778e+02
  3.149314e+01,  2.854968e+02
  2.503400e+01,  3.110646e+02
  1.712707e+01,  2.986846e+00
  1.951049e+01,  6.158377e+01
  1.975066e+01,  9.600215e+01
  1.160610e+01,  1.451993e+02
  1.637603e+01,  2.383768e+02
  2.985439e+01,  2.689548e+02
  3.371389e+01,  2.853819e+02
  2.607932e+01,  3.029040e+02
  1.434432e+01,  3.367250e+02
  1.102842e+01,  3.756907e+01
  1.182744e+01,  6.230407e+01
  9.312831e+00,  5.304307e+01
  7.620264e+00,  2.229245e+01
  6.100239e+00,  3.755232e+00
  1.415910e+00,  3.337370e+02
  5.527702e+00,  2.155444e+02
  1.077028e+01,  2.357723e+02
  1.545492e+01,  2.681098e+02
  2.068896e+01,  2.983925e+02
  2.342962e+01,  3.234344e+02
  2.140585e+01,  3.496691e+02
  1.757135e+01,  2.359951e+01
  1.559582e+01,  5.613182e+01
  1.253170e+01,  6.702170e+01
  8.676959e+00,  3.530860e+01
  1.224142e+01,  3.502954e+02
  1.541732e+01,  3.357063e+02
  1.255743e+01,  3.229315e+02
  8.088362e+00,  2.914188e+02
  7.214940e+00,  2.690570e+02
  7.898403e+00,  3.189600e+02
  1.941152e+01,  2.720993e+00
  3.361815e+01,  1.949459e+01
  4.007584e+01,  3.348919e+01
  3.506677e+01,  5.313045e+01
  2.490855e+01,  9.033978e+01
  2.299075e+01,  1.454101e+02
  2.532518e+01,  1.844830e+02
  2.070052e+01,  2.168773e+02
  1.289599e+01,  2.734907e+02
  1.634373e+01,  3.470245e+02
  2.286821e+01,  2.449159e+01
  2.466669e+01,  5.271819e+01
  2.326926e+01,  7.886110e+01
  2.001286e+01,  9.805895e+01
  1.493233e+01,  1.026590e+02
  1.120645e+01,  8.674805e+01
  1.159280e+01,  7.524952e+01
  1.319433e+01,  9.270812e+01
  1.720064e+01,  1.217515e+02
  2.221957e+01,  1.389271e+02
  2.307120e+01,  1.417719e+02
  1.944542e+01,  1.281824e+02
  1.786161e+01,  9.825026e+01
  1.995711e+01,  7.828125e+01
  1.894959e+01,  7.786719e+01
  1.422596e+01,  9.806195e+01
  1.290351e+01,  1.390577e+02
  1.600379e+01,  1.614152e+02
  1.774013e+01,  1.613353e+02
  1.777853e+01,  1.523684e+02
  1.591516e+01,  1.472454e+02
  1.021469e+01,  1.573825e+02
  4.930267e+00,  2.424838e+02
  1.386680e+01,  3.083757e+02
  2.277684e+01,  3.342651e+02
  2.794604e+01,  3.595583e+02
  2.912283e+01,  2.657380e+01
  2.588199e+01,  5.598597e+01
  1.934548e+01,  9.486598e+01
  1.610163e+01,  1.528534e+02
  1.871803e+01,  2.031673e+02
  1.886905e+01,  2.405412e+02
  1.637506e+01,  2.867579e+02
  1.917610e+01,  3.360242e+02
  2.358361e+01,  9.369344e-03
  2.175503e+01,  3.131471e+00
  1.601093e+01,  3.387988e+02
  1.872973e+01,  2.952344e+02
  2.614678e+01,  2.796625e+02
  2.838306e+01,  2.797212e+02
  2.535880e+01,  2.880845e+02
  2.179627e+01,  3.031177e+02
  2.143012e+01,  3.173290e+02
  2.385463e+01,  3.230332e+02
  2.709345e+01,  3.235424e+02
  2.903004e+01,  3.243403e+02
  2.808483e+01,  3.272432e+02
  2.422033e+01,  3.309517e+02
  1.853976e+01,  3.310884e+02
  1.285916e+01,  3.181082e+02
  1.083547e+01,  2.836897e+02
  1.353335e+01,  2.557285e+02
  1.625245e+01,  2.441513e+02
  1.694904e+01,  2.412263e+02
  1.654439e+01,  2.476991e+02
  1.764418e+01,  2.649406e+02
  2.207403e+01,  2.828505e+02
  2.723335e+01,  2.934573e+02
  2.868668e+01,  2.982136e+02
  2.417468e+01,  2.982283e+02
  1.544189e+01,  2.888405e+02
  9.222579e+00,  2.508663e+02
  1.098335e+01,  2.174611e+02
  1.267963e+01,  2.243442e+02
  1.304476e+01,  2.533487e+02
  1.444081e+01,  2.884270e+02
  1.542434e+01,  3.188612e+02
  1.413831e+01,  3.495133e+02
  1.165347e+01,  2.892968e+01
  1.072345e+01,  7.920433e+01
  1.254939e+01,  1.262404e+02
  1.589187e+01,  1.600532e+02
  1.883060e+01,  1.816382e+02
  1.945030e+01,  1.941008e+02
  1.679510e+01,  2.003961e+02
  1.137142e+01,  2.042729e+02
  4.748937e+00,  2.215070e+02
  4.739979e+00,  3.251719e+02
  1.127087e+01,  3.438786e+02
  1.584345e+01,  3.498957e+02
  1.660080e+01,  4.367562e-02
  1.440619e+01,  2.265467e+01
  1.412732e+01,  6.074528e+01
  1.787799e+01,  8.938200e+01
  2.066333e+01,  1.007810e+02
  1.967405e+01,  1.010164e+02
  1.627413e+01,  9.031000e+01
  1.432932e+01,  6.899990e+01
  1.568309e+01,  5.249022e+01
  1.795752e+01,  5.086188e+01
  1.953533e+01,  5.994412e+01
  2.048815e+01,  7.514553e+01
  2.116990e+01,  9.370421e+01
  2.172545e+01,  1.141209e+02
  2.196411e+01,  1.349002e+02
  2.092549e+01,  1.544739e+02
  1.710228e+01,  1.732947e+02
  9.990880e+00,  1.993063e+02
  5.525558e+00,  2.895956e+02
  1.342270e+01,  3.464863e+02
  1.998943e+01,  6.239066e+00
  2.136223e+01,  2.446687e+01
  1.877686e+01,  5.094742e+01
  1.765824e+01,  8.967854e+01
  2.092145e+01,  1.223494e+02
  2.396038e+01,  1.397289e+02
  2.343393e+01,  1.479466e+02
  1.972678e+01,  1.511728e+02
  1.508498e+01,  1.522653e+02
  1.162858e+01,  1.562083e+02
  1.045766e+01,  1.681964e+02
  1.170214e+01,  1.825370e+02
  1.424108e+01,  1.901575e+02
  1.697868e+01,  1.903758e+02
  1.993142e+01,  1.862798e+02
  2.345744e+01,  1.822282e+02
  2.715673e+01,  1.817919e+02
  2.992650e+01,  1.864627e+02
  3.082339e+01,  1.963514e+02
  2.979175e+01,  2.108990e+02
  2.759922e+01,  2.287859e+02
  2.483138e+01,  2.476024e+02
  2.097112e+01,  2.646858e+02
  1.478753e+01,  2.781951e+02
  5.643705e+00,  2.805189e+02
  6.767458e+00,  1.472165e+02
  1.920003e+01,  1.500573e+02
  3.006243e+01,  1.612382e+02
  3.724283e+01,  1.745557e+02
  3.981422e+01,  1.897129e+02
  3.812961e+01,  2.065535e+02
  3.343898e+01,  2.242057e+02
  2.727762e+01,  2.404652e+02
  2.099045e+01,  2.503411e+02
  1.630414e+01,  2.446615e+02
  1.683467e+01,  2.233045e+02
  2.275908e+01,  2.098639e+02
  2.916657e+01,  2.077016e+02
  3.273813e+01,  2.112351e+02
  3.284298e+01,  2.188115e+02
  3.100813e+01,  2.307442e+02
  2.945056e+01,  2.463149e+02
  2.867975e+01,  2.621538e+02
  2.679135e+01,  2.755273e+02
  2.176328e+01,  2.860927e+02
  1.361132e+01,  2.920334e+02
  5.374078e+00,  2.681415e+02
  8.284855e+00,  1.994875e+02
  1.571230e+01,  2.021709e+02
  2.157290e+01,  2.156421e+02
  2.416487e+01,  2.289866e+02
  2.225591e+01,  2.397786e+02
  1.677829e+01,  2.462476e+02
  1.133726e+01,  2.436332e+02
  1.040923e+01,  2.327216e+02
  1.492176e+01,  2.336226e+02
  2.223876e+01,  2.420538e+02
  2.836761e+01,  2.499869e+02
  2.955934e+01,  2.560337e+02
  2.493984e+01,  2.596965e+02
  1.741583e+01,  2.596509e+02
  1.173681e+01,  2.556321e+02
  1.069342e+01,  2.569957e+02
  1.351920e+01,  2.672971e+02
  1.692978e+01,  2.763045e+02
  1.707121e+01,  2.811627e+02
  1.286209e+01,  2.789378e+02
  7.911660e+00,  2.538508e+02
  9.116250e+00,  2.158890e+02
  1.323353e+01,  2.154996e+02
  1.668245e+01,  2.302109e+02
  1.837178e+01,  2.454160e+02
  1.644858e+01,  2.560357e+02
  1.047789e+01,  2.587193e+02
  3.881984e+00,  2.229677e+02
  6.250101e+00,  1.543231e+02
  9.696947e+00,  1.611755e+02
  1.290023e+01,  1.848740e+02
  1.828686e+01,  2.042097e+02
  2.435240e+01,  2.132826e+02
  2.830602e+01,  2.172480e+02
  2.806071e+01,  2.211288e+02
  2.288238e+01,  2.295664e+02
  1.468228e+01,  2.506440e+02
  8.708726e+00,  3.000116e+02
  7.180760e+00,  5.522277e+00
  8.178360e+00,  8.714451e+01
  1.766545e+01,  1.404294e+02
  2.906369e+01,  1.648626e+02
  3.534266e+01,  1.832234e+02
  3.392423e+01,  2.027822e+02
  2.678876e+01,  2.274420e+02
  1.769696e+01,  2.587698e+02
  7.637867e+00,  3.005539e+02
  6.931024e+00,  9.320309e+01
  2.051845e+01,  1.296742e+02
  3.030136e+01,  1.493035e+02
  3.217585e+01,  1.680856e+02
  2.730783e+01,  1.909971e+02
  2.072700e+01,  2.192663e+02
  1.479164e+01,  2.421113e+02
  8.378134e+00,  2.306286e+02
  1.130760e+01,  1.728405e+02
  2.005358e+01,  1.640060e+02
  2.357910e+01,  1.699132e+02
  2.031755e+01,  1.826286e+02
  1.420019e+01,  2.061384e+02
  1.082861e+01,  2.395888e+02
  9.784671e+00,  2.578580e+02
  7.815406e+00,  2.523756e+02
  5.085281e+00,  2.228026e+02
  4.527045e+00,  1.518509e+02
  9.036602e+00,  1.135940e+02
  1.343890e+01,  1.114753e+02
  1.498443e+01,  1.277788e+02
  1.538745e+01,  1.605759e+02
  1.746220e+01,  1.975943e+02
  1.857322e+01,  2.287875e+02
  1.587050e+01,  2.623663e+02
  1.242695e+01,  3.127350e+02
  1.306181e+01,  8.736978e+00
  1.360184e+01,  5.181262e+01
  1.178213e+01,  9.963498e+01
  1.192815e+01,  1.573827e+02
  1.344187e+01,  2.034761e+02
  1.264294e+01,  2.473377e+02
  1.281688e+01,  3.004074e+02
  1.571634e+01,  3.389597e+02
  1.559788e+01,  3.565758e+02
  1.091715e+01,  3.532676e+02
  8.873579e+00,  3.143735e+02
  1.297022e+01,  3.006803e+02
  1.591031e+01,  3.207362e+02
  1.896230e+01,  3.554324e+02
  2.335046e+01,  2.647057e+01
  2.448212e+01,  4.941358e+01
  1.892449e+01,  7.010023e+01
  8.372122e+00,  1.032405e+02
  6.440253e+00,  2.285488e+02
  1.388754e+01,  2.705950e+02
  1.665029e+01,  2.975623e+02
  1.580762e+01,  3.280367e+02
  1.420991e+01,  2.838710e+00
  1.285794e+01,  3.666860e+01
  1.124140e+01,  6.690060e+01
  9.462338e+00,  9.413453e+01
  7.865856e+00,  1.174713e+02
  6.296520e+00,  1.385381e+02
  4.795513e+00,  1.699944e+02
  5.134664e+00,  2.214397e+02
  7.671709e+00,  2.561321e+02
  8.615332e+00,  2.766853e+02
  5.198843e+00,  3.058266e+02
  5.633154e+00,  6.915874e+01
  1.621651e+01,  1.013886e+02
  2.465773e+01,  1.166761e+02
  2.699004e+01,  1.314671e+02
  2.326579e+01,  1.493694e+02
  1.696454e+01,  1.724904e+02
  1.166442e+01,  1.951109e+02
  8.213545e+00,  1.911911e+02
  1.108239e+01,  1.579143e+02
  1.921821e+01,  1.515677e+02
  2.534190e+01,  1.578704e+02
  2.595972e+01,  1.677805e+02
  2.112693e+01,  1.785684e+02
  1.329575e+01,  1.852196e+02
  6.814253e+00,  1.631225e+02
  9.257954e+00,  1.220461e+02
  1.465691e+01,  1.268025e+02
  1.795082e+01,  1.452057e+02
  1.886562e+01,  1.685309e+02
  1.841641e+01,  1.932912e+02
  1.687525e+01,  2.147603e+02
  1.322426e+01,  2.292385e+02
  7.175538e+00,  2.327123e+02
  2.014587e+00,  1.590037e+02
  5.920789e+00,  9.794628e+01
  7.347921e+00,  9.284606e+01
  4.823657e+00,  9.396493e+01
  1.200603e+00,  1.996571e+02
  7.057602e+00,  2.454901e+02
  1.265224e+01,  2.474864e+02
  1.605290e+01,  2.516316e+02
  1.661341e+01,  2.624756e+02
  1.557168e+01,  2.824421e+02
  1.512909e+01,  3.072613e+02
  1.504736e+01,  3.253261e+02
  1.351991e+01,  3.296885e+02
  1.169523e+01,  3.157758e+02
  1.337280e+01,  2.949934e+02
  1.769415e+01,  2.900378e+02
  2.145464e+01,  2.962899e+02
  2.293826e+01,  3.047763e+02
  2.121783e+01,  3.090237e+02
  1.729614e+01,  3.019932e+02
  1.573677e+01,  2.803162e+02
  1.891943e+01,  2.660694e+02
  2.250958e+01,  2.703339e+02
  2.453979e+01,  2.859386e+02
  2.569806e+01,  3.041091e+02
  2.490588e+01,  3.160065e+02
  2.044207e+01,  3.146439e+02
  1.578623e+01,  2.887241e+02
  1.919220e+01,  2.541665e+02
  2.592482e+01,  2.439981e+02
  2.930410e+01,  2.479603e+02
  2.947736e+01,  2.589354e+02
  2.915541e+01,  2.723379e+02
  2.922113e+01,  2.830001e+02
  2.803843e+01,  2.886280e+02
  2.402764e+01,  2.897474e+02
  1.749080e+01,  2.866523e+02
  1.059919e+01,  2.766449e+02
  6.631742e+00,  2.511929e+02
  7.807729e+00,  2.300417e+02
  1.252005e+01,  2.314470e+02
  1.873785e+01,  2.356997e+02
  2.348224e+01,  2.370706e+02
  2.426080e+01,  2.358678e+02
  2.070434e+01,  2.330317e+02
  1.470850e+01,  2.309785e+02
  9.263178e+00,  2.376052e+02
  7.193471e+00,  2.601159e+02
  7.802135e+00,  2.716631e+02
  7.257376e+00,  2.586408e+02
  6.660266e+00,  2.101171e+02
  1.147920e+01,  1.681820e+02
  1.710132e+01,  1.581714e+02
  1.858331e+01,  1.642148e+02
  1.629835e+01,  1.878635e+02
  1.597003e+01,  2.279313e+02
  1.776108e+01,  2.606944e+02
  1.503623e+01,  2.898147e+02
  1.082252e+01,  3.529713e+02
  1.996080e+01,  5.251860e+01
  3.070071e+01,  7.355588e+01
  3.345184e+01,  8.742047e+01
  2.796677e+01,  1.044875e+02
  2.071789e+01,  1.331117e+02
  1.826636e+01,  1.662755e+02
  1.643388e+01,  1.816726e+02
  1.046584e+01,  1.728786e+02
  6.768773e+00,  1.030004e+02
  1.333653e+01,  5.740667e+01
  1.823356e+01,  4.503190e+01
  1.860046e+01,  4.160715e+01
  1.600394e+01,  4.882294e+01
  1.459286e+01,  6.956380e+01
  1.666038e+01,  8.761626e+01
  1.841563e+01,  9.167636e+01
  1.644893e+01,  8.425778e+01
  1.176764e+01,  5.999213e+01
  1.058203e+01,  1.479634e+01
  1.359161e+01,  3.528953e+02
  1.595402e+01,  5.449209e-01
  2.034631e+01,  2.306692e+01
  2.876460e+01,  3.935716e+01
  3.660015e+01,  4.570343e+01
  3.912677e+01,  4.730060e+01
  3.466705e+01,  4.869232e+01
  2.484436e+01,  5.538449e+01
  1.494454e+01,  7.804612e+01
  1.115946e+01,  1.152852e+02
  8.415479e+00,  1.242379e+02
  6.147569e+00,  4.711943e+01
  1.860725e+01,  7.352064e+00
  3.184499e+01,  2.594147e+00
  3.859958e+01,  4.533170e+00
  3.703135e+01,  1.165889e+01
  3.086088e+01,  2.577141e+01
  2.635086e+01,  4.517758e+01
  2.510788e+01,  5.799422e+01
  2.419629e+01,  5.702755e+01
  2.293185e+01,  4.589550e+01
  2.200783e+01,  3.300861e+01
  2.119561e+01,  2.641250e+01
  2.105949e+01,  2.939330e+01
  2.350530e+01,  3.768624e+01
  2.844296e+01,  4.313984e+01
  3.274154e+01,  4.433014e+01
  3.285500e+01,  4.386784e+01
  2.727376e+01,  4.424517e+01
  1.795899e+01,  4.924492e+01
  1.016188e+01,  6.893702e+01
  8.754574e+00,  9.311556e+01
  1.115537e+01,  8.057965e+01
  1.671148e+01,  5.473779e+01
  2.359751e+01,  3.543567e+01
  2.834658e+01,  2.095355e+01
  2.960032e+01,  9.833001e+00
  2.752478e+01,  4.952898e+00
  2.361435e+01,  1.336721e+01
  2.293778e+01,  3.955845e+01
  2.884932e+01,  6.517753e+01
  3.461613e+01,  8.063972e+01
  3.341617e+01,  9.315313e+01
  2.453883e+01,  1.101056e+02
  1.379658e+01,  1.445084e+02
  9.574123e+00,  2.064765e+02
  8.782718e+00,  2.596425e+02
  8.094321e+00,  3.196008e+02
  1.063097e+01,  7.270404e+00
  1.085425e+01,  3.226418e+01
  6.195631e+00,  6.467191e+01
  6.357190e+00,  1.597726e+02
  1.290365e+01,  1.843934e+02
  1.546815e+01,  1.864372e+02
  1.292235e+01,  1.835879e+02
  6.861314e+00,  1.888628e+02
  4.610900e+00,  2.771844e+02
  1.233345e+01,  3.024257e+02
  1.754419e+01,  3.023227e+02
  1.606957e+01,  3.001636e+02
  7.283468e+00,  2.968123e+02
  5.468222e+00,  1.257664e+02
  1.639441e+01,  1.240735e+02
  2.110524e+01,  1.285722e+02
  1.925895e+01,  1.405120e+02
  1.551474e+01,  1.671067e+02
  1.602212e+01,  2.009595e+02
  1.910523e+01,  2.200761e+02
  2.041693e+01,  2.290897e+02
  1.895669e+01,  2.371151e+02
  1.576234e+01,  2.501675e+02
  1.236592e+01,  2.698657e+02
  8.559236e+00,  2.910410e+02
  2.594998e+00,  3.159344e+02
  5.385199e+00,  1.290062e+02
  1.162059e+01,  1.446638e+02
  1.247221e+01,  1.631463e+02
  9.038412e+00,  2.073122e+02
  1.234073e+01,  2.750202e+02
  1.883825e+01,  3.043534e+02
  1.867167e+01,  3.237138e+02
  1.157921e+01,  3.580520e+02
  1.135915e+01,  7.879411e+01
  1.938635e+01,  1.125098e+02
  2.104596e+01,  1.240791e+02
  1.486993e+01,  1.278400e+02
  6.073516e+00,  1.146951e+02
  3.245973e+00,  4.919041e+01
  2.877613e+00,  7.816099e+01
  7.652338e+00,  1.504439e+02
  1.492234e+01,  1.718743e+02
  1.821294e+01,  1.892906e+02
  1.614333e+01,  2.132417e+02
  1.202853e+01,  2.535326e+02
  1.079426e+01,  3.101408e+02
  1.255080e+01,  1.687846e+00
  1.561139e+01,  4.230584e+01
  1.837642e+01,  7.143842e+01
  1.821256e+01,  9.296783e+01
  1.447933e+01,  1.148755e+02
  1.038560e+01,  1.495590e+02
  1.039846e+01,  1.888506e+02
  1.142663e+01,  2.033150e+02
  9.300174e+00,  1.945671e+02
  6.713626e+00,  1.400850e+02
  1.328878e+01,  9.016682e+01
  2.160629e+01,  8.213836e+01
  2.510485e+01,  8.964181e+01
  2.390920e+01,  1.132663e+02
  2.582945e+01,  1.516748e+02
  3.360904e+01,  1.812869e+02
  3.828430e+01,  1.985406e+02
  3.402640e+01,  2.112096e+02
  2.183216e+01,  2.239766e+02
  7.336736e+00,  2.410522e+02
  3.593660e+00,  8.009286e+01
  1.005068e+01,  1.175451e+02
  1.584463e+01,  1.549010e+02
  2.067694e+01,  1.837850e+02
  2.111626e+01,  2.091414e+02
  1.727630e+01,  2.379499e+02
  1.176199e+01,  2.708143e+02
  3.708022e+00,  2.980257e+02
  9.329755e+00,  1.415704e+02
  2.475402e+01,  1.555800e+02
  3.595859e+01,  1.676130e+02
  3.769509e+01,  1.803933e+02
  3.053060e+01,  1.985953e+02
  2.210055e+01,  2.297757e+02
  2.012050e+01,  2.632333e+02
  1.966173e+01,  2.712929e+02
  1.850273e+01,  2.507676e+02
  2.234352e+01,  2.209775e+02
  2.804604e+01,  2.051015e+02
  2.971600e+01,  1.996677e+02
  2.712596e+01,  2.021758e+02
  2.415713e+01,  2.151403e+02
  2.548283e+01,  2.356420e+02
  3.079469e+01,  2.522277e+02
  3.490500e+01,  2.637286e+02
  3.371437e+01,  2.744687e+02
  2.676433e+01,  2.871625e+02
  1.645383e+01,  3.007508e+02
  5.643783e+00,  2.891449e+02
  1.081569e+01,  2.008391e+02
  2.388718e+01,  2.042813e+02
  3.262477e+01,  2.153352e+02
  3.318249e+01,  2.297531e+02
  2.746826e+01,  2.514865e+02
  2.280665e+01,  2.819644e+02
  2.231456e+01,  3.030942e+02
  2.231694e+01,  3.004004e+02
  2.443722e+01,  2.817029e+02
  2.838264e+01,  2.669129e+02
  2.751306e+01,  2.610282e+02
  1.900425e+01,  2.609082e+02
  7.240065e+00,  2.668766e+02
  5.889491e-01,  3.386024e+02
  3.383473e+00,  2.605063e+02
  1.556712e+01,  2.652527e+02
  2.924749e+01,  2.720954e+02
  3.637419e+01,  2.808642e+02
  3.370720e+01,  2.936751e+02
  2.459817e+01,  3.146263e+02
  1.585741e+01,  3.480508e+02
  9.934137e+00,  2.654868e+01
  3.580023e+00,  7.273175e+01
  4.464496e+00,  2.135593e+02
  7.584404e+00,  2.432204e+02
  5.720603e+00,  2.786699e+02
  6.107774e+00,  3.553733e+02
  1.021769e+01,  2.297298e+01
  1.036968e+01,  2.347794e+01
  6.656266e+00,  4.777577e+00
  3.006671e+00,  3.052631e+02
  4.153335e+00,  1.899781e+02
  1.118335e+01,  1.477009e+02
  1.813116e+01,  1.326755e+02
  1.906632e+01,  1.229987e+02
  1.247312e+01,  1.037196e+02
  9.313678e+00,  3.396716e+01
  1.652567e+01,  5.413485e+00
  1.841555e+01,  1.674017e+01
  1.751666e+01,  5.848016e+01
  2.475989e+01,  1.024708e+02
  3.204546e+01,  1.241709e+02
  2.925517e+01,  1.365812e+02
  1.574327e+01,  1.424744e+02
  5.217845e+00,  3.734165e+01
  2.103573e+01,  1.890320e+01
  3.320938e+01,  3.664013e+01
  4.137115e+01,  5.832367e+01
  4.533651e+01,  7.885520e+01
  4.300414e+01,  9.717832e+01
  3.406856e+01,  1.150773e+02
  2.201364e+01,  1.350531e+02
  1.144588e+01,  1.549374e+02
  4.522749e+00,  1.329418e+02
  9.808305e+00,  7.331988e+01
  1.872224e+01,  6.883246e+01
  2.440246e+01,  6.564873e+01
  2.576710e+01,  5.835011e+01
  2.448551e+01,  4.804157e+01
  2.193617e+01,  3.968837e+01
  1.805927e+01,  3.950278e+01
  1.409309e+01,  5.162100e+01
  1.281474e+01,  6.764527e+01
  1.428275e+01,  6.640003e+01
  1.879900e+01,  5.164807e+01
  2.591941e+01,  4.139271e+01
  3.143720e+01,  3.904759e+01
  3.192331e+01,  4.155974e+01
  2.745255e+01,  4.636929e+01
  2.105925e+01,  5.040611e+01
  1.658002e+01,  4.900579e+01
  1.635908e+01,  4.400502e+01
  1.892569e+01,  4.586724e+01
  2.052659e+01,  5.620577e+01
  1.877742e+01,  7.305598e+01
  1.362736e+01,  9.641207e+01
  6.105494e+00,  1.336797e+02
  5.475490e+00,  2.796454e+02
  1.662099e+01,  3.188139e+02
  2.654760e+01,  3.385187e+02
  3.118988e+01,  3.536404e+02
  2.877985e+01,  6.441836e+00
  2.104812e+01,  1.726765e+01
  1.255179e+01,  2.292539e+01
  8.633996e+00,  1.347730e+01
  1.184782e+01,  7.852184e+00
  1.872636e+01,  1.721809e+01
  2.444150e+01,  2.892752e+01
  2.506841e+01,  4.012147e+01
  1.962504e+01,  5.090489e+01
  1.047928e+01,  6.143058e+01
  1.826850e+00,  6.216120e+01
  3.109211e+00,  2.866900e+02
  3.707285e+00,  3.238933e+02
  4.781445e+00,  3.288463e+01
  7.848234e+00,  7.128734e+01
  8.906417e+00,  9.177732e+01
  6.607308e+00,  1.069475e+02
  1.929142e+00,  1.234119e+02
  3.067570e+00,  2.999214e+02
  6.495073e+00,  3.064721e+02
  8.073307e+00,  3.060787e+02
  8.978821e+00,  3.045349e+02
  1.015583e+01,  3.131300e+02
  1.214430e+01,  3.372076e+02
  1.614004e+01,  8.315784e+00
  2.178219e+01,  3.636181e+01
  2.670462e+01,  6.043679e+01
  2.859963e+01,  8.234424e+01
  2.621573e+01,  1.029543e+02
  1.959689e+01,  1.227355e+02
  1.043500e+01,  1.427191e+02
  1.784667e+00,  1.615987e+02
  3.948088e+00,  2.487099e+01
  8.112482e+00,  6.915999e+01
  1.395466e+01,  1.061936e+02
  1.905144e+01,  1.289063e+02
  1.864898e+01,  1.435570e+02
  1.102403e+01,  1.526112e+02
  1.681180e+00,  3.710142e+01
  1.205797e+01,  6.238045e+00
  1.674708e+01,  1.687184e+01
  1.437376e+01,  3.424620e+01
  8.766208e+00,  6.565394e+01
  5.065583e+00,  1.138283e+02
  1.268040e+00,  1.131506e+02
  7.692002e+00,  1.024332e+01
  1.809275e+01,  2.188620e+01
  2.591248e+01,  3.592048e+01
  2.842363e+01,  5.197351e+01
  2.617673e+01,  7.028236e+01
  2.115717e+01,  8.911030e+01
  1.440646e+01,  1.048859e+02
  6.542480e+00,  1.132072e+02
  1.135467e+00,  3.512143e+02
  5.460896e+00,  3.165648e+02
  6.744197e+00,  3.104710e+02
  6.145302e+00,  3.067994e+02
  5.594897e+00,  3.233602e+02
  8.145059e+00,  3.551026e+02
  1.352303e+01,  8.176638e+00
  1.777933e+01,  9.100023e+00
  1.840391e+01,  2.038792e+00
  1.647091e+01,  3.448712e+02
  1.581446e+01,  3.218849e+02
  1.650796e+01,  3.114402e+02
  1.586977e+01,  3.211379e+02
  1.540039e+01,  3.474922e+02
  1.655053e+01,  1.381055e+01
  1.587802e+01,  2.994408e+01
  1.110299e+01,  3.717064e+01
  4.225688e+00,  2.142726e+01
  4.476583e+00,  2.885908e+02
  7.839987e+00,  2.820308e+02
  8.683167e+00,  2.870997e+02
  8.704623e+00,  2.810307e+02
  1.168568e+01,  2.616916e+02
  1.905442e+01,  2.538604e+02
  2.654149e+01,  2.581044e+02
  2.943250e+01,  2.697995e+02
  2.651166e+01,  2.899412e+02
  2.158715e+01,  3.216919e+02
  1.852657e+01,  3.580379e+02
  1.349896e+01,  2.629967e+01
  2.399533e+00,  7.079040e+01
  1.353108e+01,  2.274206e+02
  2.643358e+01,  2.430003e+02
  3.071205e+01,  2.581768e+02
  2.537598e+01,  2.790491e+02
  1.616677e+01,  3.176101e+02
  1.303297e+01,  2.308550e+01
  1.555491e+01,  7.841858e+01
  1.875860e+01,  1.247069e+02
  2.380839e+01,  1.631083e+02
  2.811292e+01,  1.901304e+02
  2.793581e+01,  2.108750e+02
  2.340256e+01,  2.313965e+02
  1.773722e+01,  2.550366e+02
  1.289083e+01,  2.770785e+02
  7.491702e+00,  2.853357e+02
  2.637902e+00,  2.193556e+02
  7.772699e+00,  1.534963e+02
  1.244242e+01,  1.390205e+02
  1.455692e+01,  1.237865e+02
  1.529968e+01,  1.066835e+02
  1.544970e+01,  9.417389e+01
  1.467753e+01,  9.316609e+01
  1.403999e+01,  1.071822e+02
  1.606077e+01,  1.269897e+02
  1.980605e+01,  1.374844e+02
  2.196279e+01,  1.382379e+02
  2.101212e+01,  1.315262e+02
  1.838474e+01,  1.166256e+02
  1.761068e+01,  9.646090e+01
  2.018998e+01,  8.500543e+01
  2.453349e+01,  8.767523e+01
  2.915357e+01,  9.792386e+01
  3.167790e+01,  1.095656e+02
  2.889568e+01,  1.208785e+02
  1.963330e+01,  1.336818e+02
  6.521071e+00,  1.588808e+02
  7.037818e+00,  3.228481e+02
  1.739346e+01,  3.586475e+02
  2.822389e+01,  3.014579e+01
  4.110576e+01,  5.505473e+01
  5.134335e+01,  7.215813e+01
  5.274604e+01,  8.387535e+01
  4.342469e+01,  9.237514e+01
  2.707688e+01,  9.826656e+01
  1.073971e+01,  9.044460e+01
  8.702422e+00,  1.666288e+01
  1.863482e+01,  1.567296e+01
  2.891359e+01,  3.215948e+01
  3.668320e+01,  4.650364e+01
  3.816316e+01,  5.765650e+01
  3.254966e+01,  6.689072e+01
  2.309405e+01,  7.291226e+01
  1.531234e+01,  6.550538e+01
  1.581992e+01,  4.100631e+01
  2.362283e+01,  3.206208e+01
  3.076256e+01,  3.369047e+01
  3.167963e+01,  3.651418e+01
  2.491609e+01,  3.702948e+01
  1.414257e+01,  2.925201e+01
  7.438437e+00,  3.537903e+02
  8.645829e+00,  3.367722e+02
  1.351545e+01,  3.050585e+00
  2.263043e+01,  2.347981e+01
  3.055624e+01,  3.270155e+01
  3.201052e+01,  3.654000e+01
  2.595266e+01,  3.735982e+01
  1.540327e+01,  3.513319e+01
  5.076338e+00,  2.012669e+01
  3.597037e+00,  2.683384e+02
  7.150997e+00,  2.671796e+02
  1.045499e+01,  2.938891e+02
  1.603595e+01,  3.191147e+02
  2.177871e+01,  3.376714e+02
  2.449360e+01,  3.566921e+02
  2.400051e+01,  2.233787e+01
  2.306689e+01,  5.511253e+01
  2.193361e+01,  8.842954e+01
  1.758696e+01,  1.252453e+02
  1.420627e+01,  1.877614e+02
  2.164016e+01,  2.436883e+02
  2.883070e+01,  2.704658e+02
  2.659212e+01,  2.908289e+02
  1.602767e+01,  3.232883e+02
  1.224683e+01,  4.281395e+01
  1.902408e+01,  8.672054e+01
  1.840253e+01,  1.068901e+02
  9.685397e+00,  1.336207e+02
  6.107134e+00,  2.332226e+02
  1.091022e+01,  2.673426e+02
  9.321271e+00,  2.617592e+02
  7.567063e+00,  2.101574e+02
  1.221185e+01,  1.816212e+02
  1.320505e+01,  1.867905e+02
  8.744659e+00,  2.163279e+02
  6.863389e+00,  2.964986e+02
  1.085481e+01,  3.545951e+02
  1.383719e+01,  3.977267e+01
  1.806714e+01,  8.450196e+01
  2.344204e+01,  1.189635e+02
  2.606871e+01,  1.467596e+02
  2.506694e+01,  1.746198e+02
  2.266087e+01,  2.033690e+02
  1.934276e+01,  2.265218e+02
  1.326554e+01,  2.368909e+02
  5.749902e+00,  2.113109e+02
  7.814274e+00,  1.339284e+02
  1.307015e+01,  1.210060e+02
  1.510704e+01,  1.228738e+02
  1.544217e+01,  1.364148e+02
  1.808993e+01,  1.616225e+02
  2.523540e+01,  1.842857e+02
  3.311751e+01,  1.997870e+02
  3.624954e+01,  2.129508e+02
  3.169323e+01,  2.282588e+02
  2.099371e+01,  2.514648e+02
  9.983010e+00,  3.010922e+02
  9.120613e+00,  3.940581e+01
  1.589727e+01,  1.003315e+02
  2.443267e+01,  1.417298e+02
  3.281580e+01,  1.729470e+02
  3.745262e+01,  1.983655e+02
  3.606667e+01,  2.210355e+02
  2.868139e+01,  2.415703e+02
  1.692317e+01,  2.569298e+02
  5.124867e+00,  2.306323e+02
  1.125899e+01,  1.583031e+02
  1.915389e+01,  1.685570e+02
  2.186276e+01,  1.875651e+02
  2.007919e+01,  2.096582e+02
  1.570096e+01,  2.310361e+02
  1.006883e+01,  2.406976e+02
  6.891892e+00,  2.074791e+02
  1.189429e+01,  1.805399e+02
  1.727159e+01,  1.848463e+02
  1.835086e+01,  1.957971e+02
  1.440932e+01,  2.076788e+02
  7.234992e+00,  2.159779e+02
  1.569661e+00,  1.346688e+02
  5.809993e+00,  9.291032e+01
  7.184394e+00,  1.057765e+02
  5.795774e+00,  1.243055e+02
  4.001978e+00,  1.376956e+02
  4.580641e+00,  1.220630e+02
  9.472118e+00,  1.155074e+02
  1.582914e+01,  1.219271e+02
  1.914977e+01,  1.307463e+02
  1.606535e+01,  1.390631e+02
  6.787772e+00,  1.389707e+02
  6.142324e+00,  1.380441e+01
  1.557351e+01,  1.850126e+01
  2.059461e+01,  4.143357e+01
  2.344312e+01,  7.255410e+01
  2.645745e+01,  1.021676e+02
  2.692952e+01,  1.235630e+02
  2.185238e+01,  1.364011e+02
  1.285531e+01,  1.345126e+02
  8.623363e+00,  9.044223e+01
  1.388770e+01,  7.009788e+01
  1.873390e+01,  8.058061e+01
  2.087915e+01,  9.596169e+01
  1.981947e+01,  1.075344e+02
  1.638114e+01,  1.103050e+02
  1.408902e+01,  1.030424e+02
  1.583704e+01,  1.013196e+02
  2.080097e+01,  1.143073e+02
  2.700408e+01,  1.308547e+02
  3.018246e+01,  1.436870e+02
  2.626849e+01,  1.508465e+02
  1.603160e+01,  1.455593e+02
  9.732881e+00,  9.564836e+01
  1.545636e+01,  6.809603e+01
  1.985620e+01,  8.388756e+01
  2.454691e+01,  1.147140e+02
  3.209449e+01,  1.397275e+02
  3.718665e+01,  1.532536e+02
  3.586411e+01,  1.585762e+02
  2.984451e+01,  1.576586e+02
  2.371445e+01,  1.536072e+02
  2.012242e+01,  1.545269e+02
  1.901635e+01,  1.648653e+02
  1.900360e+01,  1.764153e+02
  1.749969e+01,  1.794170e+02
  1.475492e+01,  1.668242e+02
  1.562444e+01,  1.445782e+02
  2.045807e+01,  1.401030e+02
  2.595965e+01,  1.527952e+02
  3.119164e+01,  1.704923e+02
  3.341746e+01,  1.851046e+02
  2.874820e+01,  1.941821e+02
  1.699258e+01,  1.944399e+02
  5.888585e+00,  1.419815e+02
  1.158682e+01,  8.251335e+01
  1.459654e+01,  9.374717e+01
  1.544249e+01,  1.310656e+02
  2.157269e+01,  1.646341e+02
  2.769673e+01,  1.773129e+02
  2.825074e+01,  1.786810e+02
  2.338161e+01,  1.745244e+02
  1.550052e+01,  1.710673e+02
  6.986009e+00,  1.911408e+02
  7.678465e+00,  2.715037e+02
##END=
