1.204554e+00, 1.866623e+00
1.217972e+00, 5.597447e+00
1.231512e+00, 9.328271e+00
1.245175e+00, 1.305909e+01
1.258961e+00, 1.678992e+01
1.272872e+00, 2.052074e+01
1.286908e+00, 2.425157e+01
1.301070e+00, 2.798239e+01
1.315359e+00, 3.171322e+01
1.329774e+00, 3.544404e+01
1.344318e+00, 3.917486e+01
1.358991e+00, 4.290569e+01
1.373794e+00, 4.663651e+01
1.388726e+00, 5.036733e+01
1.403790e+00, 5.409816e+01
1.418986e+00, 5.782898e+01
1.434315e+00, 6.155981e+01
1.449776e+00, 6.529063e+01
1.465372e+00, 6.902146e+01
1.481103e+00, 7.275228e+01
1.496969e+00, 7.648310e+01
1.512972e+00, 8.021393e+01
1.529112e+00, 8.394475e+01
1.545390e+00, 8.767557e+01
1.561806e+00, 9.140640e+01
1.578361e+00, 9.513722e+01
1.595057e+00, 9.886805e+01
1.611893e+00, 1.025989e+02
1.628871e+00, 1.063297e+02
1.645991e+00, 1.100605e+02
1.663254e+00, 1.137913e+02
1.680661e+00, 1.175222e+02
1.698212e+00, 1.212530e+02
1.715908e+00, 1.249838e+02
1.733751e+00, 1.287146e+02
1.751740e+00, 1.324455e+02
1.769876e+00, 1.361763e+02
1.788160e+00, 1.399071e+02
1.806593e+00, 1.436379e+02
1.825175e+00, 1.473688e+02
1.843908e+00, 1.510996e+02
1.862791e+00, 1.548304e+02
1.881826e+00, 1.585612e+02
1.901013e+00, 1.622921e+02
1.920354e+00, 1.660229e+02
1.939847e+00, 1.697537e+02
1.959496e+00, 1.734845e+02
1.979299e+00, 1.772154e+02
1.999258e+00, -1.790538e+02
2.019373e+00, -1.753230e+02
2.039645e+00, -1.715922e+02
2.060076e+00, -1.678614e+02
2.080664e+00, -1.641305e+02
2.101412e+00, -1.603997e+02
2.122319e+00, -1.566689e+02
2.143387e+00, -1.529381e+02
2.164615e+00, -1.492072e+02
2.186006e+00, -1.454764e+02
2.207558e+00, -1.417456e+02
2.229274e+00, -1.380148e+02
2.251153e+00, -1.342839e+02
2.273197e+00, -1.305531e+02
2.295405e+00, -1.268223e+02
2.317779e+00, -1.230915e+02
2.340319e+00, -1.193606e+02
2.363025e+00, -1.156298e+02
2.385899e+00, -1.118990e+02
2.408941e+00, -1.081682e+02
2.432151e+00, -1.044373e+02
2.455530e+00, -1.007065e+02
2.479079e+00, -9.697570e+01
2.502798e+00, -9.324487e+01
2.526688e+00, -8.951405e+01
2.550749e+00, -8.578323e+01
2.574982e+00, -8.205240e+01
2.599388e+00, -7.832158e+01
2.623966e+00, -7.459075e+01
2.648719e+00, -7.085993e+01
2.673645e+00, -6.712910e+01
2.698746e+00, -6.339828e+01
2.724022e+00, -5.966746e+01
2.749473e+00, -5.593663e+01
2.775101e+00, -5.220581e+01
2.800905e+00, -4.847498e+01
2.826887e+00, -4.474416e+01
2.853046e+00, -4.101334e+01
2.879383e+00, -3.728251e+01
2.905899e+00, -3.355169e+01
2.932593e+00, -2.982087e+01
2.959467e+00, -2.609004e+01
2.986521e+00, -2.235922e+01
3.013756e+00, -1.862839e+01
3.041171e+00, -1.489757e+01
3.068767e+00, -1.116675e+01
3.096545e+00, -7.435921e+00
3.124505e+00, -3.705097e+00
3.152648e+00, 2.572700e-02
3.180973e+00, 3.756551e+00
3.209481e+00, 7.487375e+00
3.238173e+00, 1.121820e+01
3.267049e+00, 1.494902e+01
3.296109e+00, 1.867985e+01
3.325354e+00, 2.241067e+01
3.354783e+00, 2.614149e+01
3.384398e+00, 2.987232e+01
3.414198e+00, 3.360314e+01
3.444184e+00, 3.733397e+01
3.474357e+00, 4.106479e+01
3.504715e+00, 4.479561e+01
3.535261e+00, 4.852644e+01
3.565993e+00, 5.225726e+01
3.596913e+00, 5.598809e+01
3.628020e+00, 5.971891e+01
3.659315e+00, 6.344973e+01
3.690798e+00, 6.718056e+01
3.722469e+00, 7.091138e+01
3.754328e+00, 7.464221e+01
3.786376e+00, 7.837303e+01
3.818612e+00, 8.210385e+01
3.851038e+00, 8.583468e+01
3.883652e+00, 8.956550e+01
3.916456e+00, 9.329633e+01
3.949449e+00, 9.702715e+01
3.982631e+00, 1.007580e+02
4.016003e+00, 1.044888e+02
4.049564e+00, 1.082196e+02
4.083316e+00, 1.119504e+02
4.117257e+00, 1.156813e+02
4.151388e+00, 1.194121e+02
4.185709e+00, 1.231429e+02
4.220219e+00, 1.268737e+02
4.254920e+00, 1.306046e+02
4.289811e+00, 1.343354e+02
4.324892e+00, 1.380662e+02
4.360162e+00, 1.417970e+02
4.395623e+00, 1.455279e+02
4.431274e+00, 1.492587e+02
4.467114e+00, 1.529895e+02
4.503145e+00, 1.567203e+02
4.539365e+00, 1.604512e+02
4.575775e+00, 1.641820e+02
4.612374e+00, 1.679128e+02
4.649163e+00, 1.716436e+02
4.686141e+00, 1.753745e+02
4.723308e+00, 1.791053e+02
4.760664e+00, -1.771639e+02
4.798209e+00, -1.734331e+02
4.835942e+00, -1.697022e+02
4.873864e+00, -1.659714e+02
4.911974e+00, -1.622406e+02
4.950273e+00, -1.585098e+02
4.988759e+00, -1.547790e+02
5.027432e+00, -1.510481e+02
5.066293e+00, -1.473173e+02
5.105340e+00, -1.435865e+02
5.144574e+00, -1.398557e+02
5.183995e+00, -1.361248e+02
5.223601e+00, -1.323940e+02
5.263394e+00, -1.286632e+02
5.303371e+00, -1.249324e+02
5.343533e+00, -1.212015e+02
5.383880e+00, -1.174707e+02
5.424411e+00, -1.137399e+02
5.465126e+00, -1.100091e+02
5.506023e+00, -1.062782e+02
5.547104e+00, -1.025474e+02
5.588367e+00, -9.881659e+01
5.629812e+00, -9.508577e+01
5.671438e+00, -9.135495e+01
5.713245e+00, -8.762412e+01
5.755232e+00, -8.389330e+01
5.797399e+00, -8.016247e+01
5.839745e+00, -7.643165e+01
5.882269e+00, -7.270082e+01
5.924972e+00, -6.897000e+01
5.967852e+00, -6.523918e+01
6.010909e+00, -6.150835e+01
6.054142e+00, -5.777753e+01
6.097550e+00, -5.404671e+01
6.141133e+00, -5.031588e+01
6.184891e+00, -4.658506e+01
6.228821e+00, -4.285423e+01
6.272924e+00, -3.912341e+01
6.317199e+00, -3.539258e+01
6.361646e+00, -3.166176e+01
6.406262e+00, -2.793094e+01
6.451048e+00, -2.420011e+01
6.496003e+00, -2.046929e+01
6.541126e+00, -1.673847e+01
6.586416e+00, -1.300764e+01
6.631872e+00, -9.276817e+00
6.677493e+00, -5.545993e+00
6.723279e+00, -1.815169e+00
6.769228e+00, 1.915655e+00
6.815340e+00, 5.646479e+00
6.861614e+00, 9.377303e+00
6.908048e+00, 1.310813e+01
6.954642e+00, 1.683895e+01
7.001394e+00, 2.056977e+01
7.048305e+00, 2.430060e+01
7.095371e+00, 2.803142e+01
7.142594e+00, 3.176225e+01
7.189971e+00, 3.549307e+01
7.237501e+00, 3.922389e+01
7.285184e+00, 4.295472e+01
7.333018e+00, 4.668554e+01
7.381001e+00, 5.041637e+01
7.429134e+00, 5.414719e+01
7.477415e+00, 5.787801e+01
7.525842e+00, 6.160884e+01
7.574414e+00, 6.533966e+01
7.623130e+00, 6.907049e+01
7.671990e+00, 7.280131e+01
7.720990e+00, 7.653213e+01
7.770132e+00, 8.026296e+01
7.819412e+00, 8.399378e+01
7.868830e+00, 8.772461e+01
7.918384e+00, 9.145543e+01
7.968073e+00, 9.518626e+01
8.017896e+00, 9.891708e+01
8.067851e+00, 1.026479e+02
8.117936e+00, 1.063787e+02
8.168152e+00, 1.101096e+02
8.218495e+00, 1.138404e+02
8.268965e+00, 1.175712e+02
8.319560e+00, 1.213020e+02
8.370278e+00, 1.250328e+02
8.421118e+00, 1.287637e+02
8.472079e+00, 1.324945e+02
8.523159e+00, 1.362253e+02
8.574357e+00, 1.399561e+02
8.625670e+00, 1.436870e+02
8.677098e+00, 1.474178e+02
8.728638e+00, 1.511486e+02
8.780289e+00, 1.548794e+02
8.832050e+00, 1.586103e+02
8.883918e+00, 1.623411e+02
8.935892e+00, 1.660719e+02
8.987971e+00, 1.698027e+02
9.040152e+00, 1.735336e+02
9.092434e+00, 1.772644e+02
9.144815e+00, -1.790048e+02
9.197294e+00, -1.752740e+02
9.249868e+00, -1.715431e+02
9.302536e+00, -1.678123e+02
9.355297e+00, -1.640815e+02
9.408147e+00, -1.603507e+02
9.461085e+00, -1.566198e+02
9.514110e+00, -1.528890e+02
9.567220e+00, -1.491582e+02
9.620412e+00, -1.454274e+02
9.673685e+00, -1.416966e+02
9.727037e+00, -1.379657e+02
9.780466e+00, -1.342349e+02
9.833969e+00, -1.305041e+02
9.887546e+00, -1.267733e+02
9.941194e+00, -1.230424e+02
9.994910e+00, -1.193116e+02
1.004869e+01, -1.155808e+02
1.010254e+01, -1.118500e+02
1.015645e+01, -1.081191e+02
1.021043e+01, -1.043883e+02
1.026446e+01, -1.006575e+02
1.031854e+01, -9.692666e+01
1.037269e+01, -9.319584e+01
1.042688e+01, -8.946502e+01
1.048113e+01, -8.573419e+01
1.053542e+01, -8.200337e+01
1.058976e+01, -7.827254e+01
1.064414e+01, -7.454172e+01
1.069856e+01, -7.081090e+01
1.075302e+01, -6.708007e+01
1.080753e+01, -6.334925e+01
1.086206e+01, -5.961843e+01
1.091663e+01, -5.588760e+01
1.097123e+01, -5.215678e+01
1.102585e+01, -4.842595e+01
1.108050e+01, -4.469513e+01
1.113518e+01, -4.096431e+01
1.118988e+01, -3.723348e+01
1.124459e+01, -3.350266e+01
1.129932e+01, -2.977183e+01
1.135407e+01, -2.604101e+01
1.140882e+01, -2.231019e+01
1.146359e+01, -1.857936e+01
1.151836e+01, -1.484854e+01
1.157314e+01, -1.111771e+01
1.162792e+01, -7.386889e+00
1.168270e+01, -3.656065e+00
1.173748e+01, 7.475900e-02
1.179225e+01, 3.805583e+00
1.184702e+01, 7.536407e+00
1.190177e+01, 1.126723e+01
1.195651e+01, 1.499806e+01
1.201124e+01, 1.872888e+01
1.206595e+01, 2.245970e+01
1.212063e+01, 2.619053e+01
1.217530e+01, 2.992135e+01
1.222994e+01, 3.365217e+01
1.228455e+01, 3.738300e+01
1.233914e+01, 4.111382e+01
1.239368e+01, 4.484465e+01
1.244820e+01, 4.857547e+01
1.250267e+01, 5.230629e+01
1.255711e+01, 5.603712e+01
1.261150e+01, 5.976794e+01
1.266585e+01, 6.349877e+01
1.272015e+01, 6.722959e+01
1.277439e+01, 7.096041e+01
1.282859e+01, 7.469124e+01
1.288272e+01, 7.842206e+01
1.293680e+01, 8.215289e+01
1.299082e+01, 8.588371e+01
1.304477e+01, 8.961454e+01
1.309865e+01, 9.334536e+01
1.315247e+01, 9.707618e+01
1.320621e+01, 1.008070e+02
1.325988e+01, 1.045378e+02
1.331347e+01, 1.082687e+02
1.336698e+01, 1.119995e+02
1.342040e+01, 1.157303e+02
1.347374e+01, 1.194611e+02
1.352699e+01, 1.231920e+02
1.358015e+01, 1.269228e+02
1.363322e+01, 1.306536e+02
1.368619e+01, 1.343844e+02
1.373906e+01, 1.381152e+02
1.379182e+01, 1.418461e+02
1.384449e+01, 1.455769e+02
1.389704e+01, 1.493077e+02
1.394949e+01, 1.530385e+02
1.400182e+01, 1.567694e+02
1.405403e+01, 1.605002e+02
1.410613e+01, 1.642310e+02
1.415810e+01, 1.679618e+02
1.420995e+01, 1.716927e+02
1.426168e+01, 1.754235e+02
1.431327e+01, 1.791543e+02
1.436473e+01, -1.771149e+02
1.441606e+01, -1.733840e+02
1.446725e+01, -1.696532e+02
1.451829e+01, -1.659224e+02
1.456919e+01, -1.621916e+02
1.461995e+01, -1.584607e+02
1.467056e+01, -1.547299e+02
1.472101e+01, -1.509991e+02
1.477131e+01, -1.472683e+02
1.482146e+01, -1.435374e+02
1.487144e+01, -1.398066e+02
1.492126e+01, -1.360758e+02
1.497091e+01, -1.323450e+02
1.502040e+01, -1.286142e+02
1.506972e+01, -1.248833e+02
1.511885e+01, -1.211525e+02
1.516782e+01, -1.174217e+02
1.521660e+01, -1.136909e+02
1.526520e+01, -1.099600e+02
1.531362e+01, -1.062292e+02
1.536185e+01, -1.024984e+02
1.540989e+01, -9.876756e+01
1.545773e+01, -9.503674e+01
1.550538e+01, -9.130591e+01
1.555283e+01, -8.757509e+01
1.560008e+01, -8.384426e+01
1.564712e+01, -8.011344e+01
1.569396e+01, -7.638262e+01
1.574059e+01, -7.265179e+01
1.578700e+01, -6.892097e+01
1.583320e+01, -6.519015e+01
1.587919e+01, -6.145932e+01
1.592495e+01, -5.772850e+01
1.597049e+01, -5.399767e+01
1.601580e+01, -5.026685e+01
1.606089e+01, -4.653603e+01
1.610574e+01, -4.280520e+01
1.615037e+01, -3.907438e+01
1.619475e+01, -3.534355e+01
1.623890e+01, -3.161273e+01
1.628280e+01, -2.788190e+01
1.632646e+01, -2.415108e+01
1.636987e+01, -2.042026e+01
1.641304e+01, -1.668943e+01
1.645595e+01, -1.295861e+01
1.649861e+01, -9.227785e+00
1.654101e+01, -5.496961e+00
1.658315e+01, -1.766137e+00
1.662503e+01, 1.964687e+00
1.666664e+01, 5.695511e+00
1.670799e+01, 9.426335e+00
1.674907e+01, 1.315716e+01
1.678987e+01, 1.688798e+01
1.683040e+01, 2.061881e+01
1.687066e+01, 2.434963e+01
1.691063e+01, 2.808046e+01
1.695033e+01, 3.181128e+01
1.698973e+01, 3.554210e+01
1.702886e+01, 3.927293e+01
1.706769e+01, 4.300375e+01
1.710623e+01, 4.673457e+01
1.714447e+01, 5.046540e+01
1.718243e+01, 5.419622e+01
1.722008e+01, 5.792705e+01
1.725743e+01, 6.165787e+01
1.729447e+01, 6.538869e+01
1.733122e+01, 6.911952e+01
1.736765e+01, 7.285034e+01
1.740377e+01, 7.658117e+01
1.743959e+01, 8.031199e+01
1.747508e+01, 8.404282e+01
1.751026e+01, 8.777364e+01
1.754512e+01, 9.150446e+01
1.757966e+01, 9.523529e+01
1.761388e+01, 9.896611e+01
1.764777e+01, 1.026969e+02
1.768133e+01, 1.064278e+02
1.771456e+01, 1.101586e+02
1.774746e+01, 1.138894e+02
1.778003e+01, 1.176202e+02
1.781226e+01, 1.213511e+02
1.784416e+01, 1.250819e+02
1.787571e+01, 1.288127e+02
1.790692e+01, 1.325435e+02
1.793778e+01, 1.362744e+02
1.796830e+01, 1.400052e+02
1.799848e+01, 1.437360e+02
1.802830e+01, 1.474668e+02
1.805777e+01, 1.511976e+02
1.808688e+01, 1.549285e+02
1.811565e+01, 1.586593e+02
1.814405e+01, 1.623901e+02
1.817209e+01, 1.661209e+02
1.819978e+01, 1.698518e+02
1.822710e+01, 1.735826e+02
1.825405e+01, 1.773134e+02
1.828064e+01, -1.789558e+02
1.830686e+01, -1.752249e+02
1.833271e+01, -1.714941e+02
1.835819e+01, -1.677633e+02
1.838330e+01, -1.640325e+02
1.840803e+01, -1.603016e+02
1.843239e+01, -1.565708e+02
1.845637e+01, -1.528400e+02
1.847996e+01, -1.491092e+02
1.850318e+01, -1.453783e+02
1.852602e+01, -1.416475e+02
1.854847e+01, -1.379167e+02
1.857053e+01, -1.341859e+02
1.859221e+01, -1.304550e+02
1.861350e+01, -1.267242e+02
1.863440e+01, -1.229934e+02
1.865491e+01, -1.192626e+02
1.867503e+01, -1.155318e+02
1.869475e+01, -1.118009e+02
1.871408e+01, -1.080701e+02
1.873301e+01, -1.043393e+02
1.875154e+01, -1.006085e+02
1.876968e+01, -9.687763e+01
1.878741e+01, -9.314681e+01
1.880475e+01, -8.941599e+01
1.882168e+01, -8.568516e+01
1.883821e+01, -8.195434e+01
1.885433e+01, -7.822351e+01
1.887005e+01, -7.449269e+01
1.888536e+01, -7.076187e+01
1.890027e+01, -6.703104e+01
1.891476e+01, -6.330022e+01
1.892885e+01, -5.956939e+01
1.894252e+01, -5.583857e+01
1.895579e+01, -5.210775e+01
1.896864e+01, -4.837692e+01
1.898108e+01, -4.464610e+01
1.899310e+01, -4.091527e+01
1.900472e+01, -3.718445e+01
1.901591e+01, -3.345363e+01
1.902669e+01, -2.972280e+01
1.903705e+01, -2.599198e+01
1.904699e+01, -2.226115e+01
1.905652e+01, -1.853033e+01
1.906563e+01, -1.479950e+01
1.907431e+01, -1.106868e+01
1.908258e+01, -7.337857e+00
1.909043e+01, -3.607033e+00
1.909785e+01, 1.237910e-01
1.910486e+01, 3.854615e+00
1.911144e+01, 7.585439e+00
1.911760e+01, 1.131626e+01
1.912334e+01, 1.504709e+01
1.912865e+01, 1.877791e+01
1.913354e+01, 2.250874e+01
1.913800e+01, 2.623956e+01
1.914204e+01, 2.997038e+01
1.914566e+01, 3.370121e+01
1.914885e+01, 3.743203e+01
1.915162e+01, 4.116286e+01
1.915396e+01, 4.489368e+01
1.915587e+01, 4.862450e+01
1.915736e+01, 5.235533e+01
1.915843e+01, 5.608615e+01
1.915906e+01, 5.981697e+01
1.915928e+01, 6.354780e+01
1.915906e+01, 6.727862e+01
1.915843e+01, 7.100945e+01
1.915736e+01, 7.474027e+01
1.915587e+01, 7.847110e+01
1.915396e+01, 8.220192e+01
1.915162e+01, 8.593274e+01
1.914885e+01, 8.966357e+01
1.914566e+01, 9.339439e+01
1.914204e+01, 9.712521e+01
1.913800e+01, 1.008560e+02
1.913354e+01, 1.045869e+02
1.912865e+01, 1.083177e+02
1.912334e+01, 1.120485e+02
1.911760e+01, 1.157793e+02
1.911144e+01, 1.195102e+02
1.910486e+01, 1.232410e+02
1.909785e+01, 1.269718e+02
1.909043e+01, 1.307026e+02
1.908258e+01, 1.344335e+02
1.907431e+01, 1.381643e+02
1.906563e+01, 1.418951e+02
1.905652e+01, 1.456259e+02
1.904699e+01, 1.493568e+02
1.903705e+01, 1.530876e+02
1.902669e+01, 1.568184e+02
1.901591e+01, 1.605492e+02
1.900472e+01, 1.642800e+02
1.899310e+01, 1.680109e+02
1.898108e+01, 1.717417e+02
1.896864e+01, 1.754725e+02
1.895579e+01, 1.792033e+02
1.894252e+01, -1.770658e+02
1.892885e+01, -1.733350e+02
1.891476e+01, -1.696042e+02
1.890027e+01, -1.658734e+02
1.888536e+01, -1.621425e+02
1.887005e+01, -1.584117e+02
1.885433e+01, -1.546809e+02
1.883821e+01, -1.509501e+02
1.882168e+01, -1.472192e+02
1.880475e+01, -1.434884e+02
1.878741e+01, -1.397576e+02
1.876968e+01, -1.360268e+02
1.875154e+01, -1.322959e+02
1.873301e+01, -1.285651e+02
1.871408e+01, -1.248343e+02
1.869475e+01, -1.211035e+02
1.867503e+01, -1.173726e+02
1.865491e+01, -1.136418e+02
1.863440e+01, -1.099110e+02
1.861350e+01, -1.061802e+02
1.859221e+01, -1.024494e+02
1.857053e+01, -9.871853e+01
1.854847e+01, -9.498771e+01
1.852602e+01, -9.125688e+01
1.850318e+01, -8.752606e+01
1.847996e+01, -8.379523e+01
1.845637e+01, -8.006441e+01
1.843239e+01, -7.633358e+01
1.840803e+01, -7.260276e+01
1.838330e+01, -6.887194e+01
1.835819e+01, -6.514111e+01
1.833271e+01, -6.141029e+01
1.830686e+01, -5.767947e+01
1.828064e+01, -5.394864e+01
1.825405e+01, -5.021782e+01
1.822710e+01, -4.648699e+01
1.819978e+01, -4.275617e+01
1.817209e+01, -3.902535e+01
1.814405e+01, -3.529452e+01
1.811565e+01, -3.156370e+01
1.808688e+01, -2.783287e+01
1.805777e+01, -2.410205e+01
1.802830e+01, -2.037122e+01
1.799848e+01, -1.664040e+01
1.796830e+01, -1.290958e+01
1.793778e+01, -9.178753e+00
1.790692e+01, -5.447929e+00
1.787571e+01, -1.717105e+00
1.784416e+01, 2.013719e+00
1.781226e+01, 5.744543e+00
1.778003e+01, 9.475367e+00
1.774746e+01, 1.320619e+01
1.771456e+01, 1.693701e+01
1.768133e+01, 2.066784e+01
1.764777e+01, 2.439866e+01
1.761388e+01, 2.812949e+01
1.757966e+01, 3.186031e+01
1.754512e+01, 3.559114e+01
1.751026e+01, 3.932196e+01
1.747508e+01, 4.305278e+01
1.743959e+01, 4.678361e+01
1.740377e+01, 5.051443e+01
1.736765e+01, 5.424526e+01
1.733122e+01, 5.797608e+01
1.729447e+01, 6.170690e+01
1.725743e+01, 6.543773e+01
1.722008e+01, 6.916855e+01
1.718243e+01, 7.289938e+01
1.714447e+01, 7.663020e+01
1.710623e+01, 8.036102e+01
1.706769e+01, 8.409185e+01
1.702886e+01, 8.782267e+01
1.698973e+01, 9.155349e+01
1.695033e+01, 9.528432e+01
1.691063e+01, 9.901514e+01
1.687066e+01, 1.027460e+02
1.683040e+01, 1.064768e+02
1.678987e+01, 1.102076e+02
1.674907e+01, 1.139384e+02
1.670799e+01, 1.176693e+02
1.666664e+01, 1.214001e+02
1.662503e+01, 1.251309e+02
1.658315e+01, 1.288617e+02
1.654101e+01, 1.325926e+02
1.649861e+01, 1.363234e+02
1.645595e+01, 1.400542e+02
1.641304e+01, 1.437850e+02
1.636987e+01, 1.475159e+02
1.632646e+01, 1.512467e+02
1.628280e+01, 1.549775e+02
1.623890e+01, 1.587083e+02
1.619475e+01, 1.624392e+02
1.615037e+01, 1.661700e+02
1.610574e+01, 1.699008e+02
1.606089e+01, 1.736316e+02
1.601580e+01, 1.773624e+02
1.597049e+01, -1.789067e+02
1.592495e+01, -1.751759e+02
1.587919e+01, -1.714451e+02
1.583320e+01, -1.677143e+02
1.578700e+01, -1.639834e+02
1.574059e+01, -1.602526e+02
1.569396e+01, -1.565218e+02
1.564712e+01, -1.527910e+02
1.560008e+01, -1.490601e+02
1.555283e+01, -1.453293e+02
1.550538e+01, -1.415985e+02
1.545773e+01, -1.378677e+02
1.540989e+01, -1.341368e+02
1.536185e+01, -1.304060e+02
1.531362e+01, -1.266752e+02
1.526520e+01, -1.229444e+02
1.521660e+01, -1.192135e+02
1.516782e+01, -1.154827e+02
1.511885e+01, -1.117519e+02
1.506972e+01, -1.080211e+02
1.502040e+01, -1.042902e+02
1.497091e+01, -1.005594e+02
1.492126e+01, -9.682860e+01
1.487144e+01, -9.309778e+01
1.482146e+01, -8.936695e+01
1.477131e+01, -8.563613e+01
1.472101e+01, -8.190530e+01
1.467056e+01, -7.817448e+01
1.461995e+01, -7.444366e+01
1.456919e+01, -7.071283e+01
1.451829e+01, -6.698201e+01
1.446725e+01, -6.325118e+01
1.441606e+01, -5.952036e+01
1.436473e+01, -5.578954e+01
1.431327e+01, -5.205871e+01
1.426168e+01, -4.832789e+01
1.420995e+01, -4.459707e+01
1.415810e+01, -4.086624e+01
1.410613e+01, -3.713542e+01
1.405403e+01, -3.340459e+01
1.400182e+01, -2.967377e+01
1.394949e+01, -2.594295e+01
1.389704e+01, -2.221212e+01
1.384449e+01, -1.848130e+01
1.379182e+01, -1.475047e+01
1.373906e+01, -1.101965e+01
1.368619e+01, -7.288825e+00
1.363322e+01, -3.558001e+00
1.358015e+01, 1.728230e-01
1.352699e+01, 3.903647e+00
1.347374e+01, 7.634471e+00
1.342040e+01, 1.136529e+01
1.336698e+01, 1.509612e+01
1.331347e+01, 1.882694e+01
1.325988e+01, 2.255777e+01
1.320621e+01, 2.628859e+01
1.315247e+01, 3.001941e+01
1.309865e+01, 3.375024e+01
1.304477e+01, 3.748106e+01
1.299082e+01, 4.121189e+01
1.293680e+01, 4.494271e+01
1.288272e+01, 4.867354e+01
1.282859e+01, 5.240436e+01
1.277439e+01, 5.613518e+01
1.272015e+01, 5.986601e+01
1.266585e+01, 6.359683e+01
1.261150e+01, 6.732765e+01
1.255711e+01, 7.105848e+01
1.250267e+01, 7.478930e+01
1.244820e+01, 7.852013e+01
1.239368e+01, 8.225095e+01
1.233914e+01, 8.598177e+01
1.228455e+01, 8.971260e+01
1.222994e+01, 9.344342e+01
1.217530e+01, 9.717425e+01
1.212063e+01, 1.009051e+02
1.206595e+01, 1.046359e+02
1.201124e+01, 1.083667e+02
1.195651e+01, 1.120975e+02
1.190177e+01, 1.158284e+02
1.184702e+01, 1.195592e+02
1.179225e+01, 1.232900e+02
1.173748e+01, 1.270208e+02
1.168270e+01, 1.307517e+02
1.162792e+01, 1.344825e+02
1.157314e+01, 1.382133e+02
1.151836e+01, 1.419441e+02
1.146359e+01, 1.456750e+02
1.140882e+01, 1.494058e+02
1.135407e+01, 1.531366e+02
1.129932e+01, 1.568674e+02
1.124459e+01, 1.605983e+02
1.118988e+01, 1.643291e+02
1.113518e+01, 1.680599e+02
1.108050e+01, 1.717907e+02
1.102585e+01, 1.755216e+02
1.097123e+01, 1.792524e+02
1.091663e+01, -1.770168e+02
1.086206e+01, -1.732860e+02
1.080753e+01, -1.695552e+02
1.075302e+01, -1.658243e+02
1.069856e+01, -1.620935e+02
1.064414e+01, -1.583627e+02
1.058976e+01, -1.546319e+02
1.053542e+01, -1.509010e+02
1.048113e+01, -1.471702e+02
1.042688e+01, -1.434394e+02
1.037269e+01, -1.397086e+02
1.031854e+01, -1.359777e+02
1.026446e+01, -1.322469e+02
1.021043e+01, -1.285161e+02
1.015645e+01, -1.247853e+02
1.010254e+01, -1.210544e+02
1.004869e+01, -1.173236e+02
9.994910e+00, -1.135928e+02
9.941194e+00, -1.098620e+02
9.887546e+00, -1.061311e+02
9.833969e+00, -1.024003e+02
9.780466e+00, -9.866950e+01
9.727037e+00, -9.493867e+01
9.673685e+00, -9.120785e+01
9.620412e+00, -8.747702e+01
9.567220e+00, -8.374620e+01
9.514110e+00, -8.001538e+01
9.461085e+00, -7.628455e+01
9.408147e+00, -7.255373e+01
9.355297e+00, -6.882291e+01
9.302536e+00, -6.509208e+01
9.249868e+00, -6.136126e+01
9.197294e+00, -5.763043e+01
9.144815e+00, -5.389961e+01
9.092434e+00, -5.016878e+01
9.040152e+00, -4.643796e+01
8.987971e+00, -4.270714e+01
8.935892e+00, -3.897631e+01
8.883918e+00, -3.524549e+01
8.832050e+00, -3.151467e+01
8.780289e+00, -2.778384e+01
8.728638e+00, -2.405302e+01
8.677098e+00, -2.032219e+01
8.625670e+00, -1.659137e+01
8.574357e+00, -1.286055e+01
8.523159e+00, -9.129721e+00
8.472079e+00, -5.398897e+00
8.421118e+00, -1.668073e+00
8.370278e+00, 2.062751e+00
8.319560e+00, 5.793575e+00
8.268965e+00, 9.524399e+00
8.218495e+00, 1.325522e+01
8.168152e+00, 1.698605e+01
8.117936e+00, 2.071687e+01
8.067851e+00, 2.444769e+01
8.017896e+00, 2.817852e+01
7.968073e+00, 3.190934e+01
7.918384e+00, 3.564017e+01
7.868830e+00, 3.937099e+01
7.819412e+00, 4.310182e+01
7.770132e+00, 4.683264e+01
7.720990e+00, 5.056346e+01
7.671990e+00, 5.429429e+01
7.623130e+00, 5.802511e+01
7.574414e+00, 6.175594e+01
7.525842e+00, 6.548676e+01
7.477415e+00, 6.921758e+01
7.429134e+00, 7.294841e+01
7.381001e+00, 7.667923e+01
7.333018e+00, 8.041005e+01
7.285184e+00, 8.414088e+01
7.237501e+00, 8.787170e+01
7.189971e+00, 9.160253e+01
7.142594e+00, 9.533335e+01
7.095371e+00, 9.906418e+01
7.048305e+00, 1.027950e+02
7.001394e+00, 1.065258e+02
6.954642e+00, 1.102566e+02
6.908048e+00, 1.139875e+02
6.861614e+00, 1.177183e+02
6.815340e+00, 1.214491e+02
6.769228e+00, 1.251799e+02
6.723279e+00, 1.289108e+02
6.677493e+00, 1.326416e+02
6.631872e+00, 1.363724e+02
6.586416e+00, 1.401032e+02
6.541126e+00, 1.438341e+02
6.496003e+00, 1.475649e+02
6.451048e+00, 1.512957e+02
6.406262e+00, 1.550265e+02
6.361646e+00, 1.587574e+02
6.317199e+00, 1.624882e+02
6.272924e+00, 1.662190e+02
6.228821e+00, 1.699498e+02
6.184891e+00, 1.736807e+02
6.141133e+00, 1.774115e+02
6.097550e+00, -1.788577e+02
6.054142e+00, -1.751269e+02
6.010909e+00, -1.713960e+02
5.967852e+00, -1.676652e+02
5.924972e+00, -1.639344e+02
5.882269e+00, -1.602036e+02
5.839745e+00, -1.564728e+02
5.797399e+00, -1.527419e+02
5.755232e+00, -1.490111e+02
5.713245e+00, -1.452803e+02
5.671438e+00, -1.415495e+02
5.629812e+00, -1.378186e+02
5.588367e+00, -1.340878e+02
5.547104e+00, -1.303570e+02
5.506023e+00, -1.266262e+02
5.465126e+00, -1.228953e+02
5.424411e+00, -1.191645e+02
5.383880e+00, -1.154337e+02
5.343533e+00, -1.117029e+02
5.303371e+00, -1.079720e+02
5.263394e+00, -1.042412e+02
5.223601e+00, -1.005104e+02
5.183995e+00, -9.677957e+01
5.144574e+00, -9.304874e+01
5.105340e+00, -8.931792e+01
5.066293e+00, -8.558710e+01
5.027432e+00, -8.185627e+01
4.988759e+00, -7.812545e+01
4.950273e+00, -7.439463e+01
4.911974e+00, -7.066380e+01
4.873864e+00, -6.693298e+01
4.835942e+00, -6.320215e+01
4.798209e+00, -5.947133e+01
4.760664e+00, -5.574050e+01
4.723308e+00, -5.200968e+01
4.686141e+00, -4.827886e+01
4.649163e+00, -4.454803e+01
4.612374e+00, -4.081721e+01
4.575775e+00, -3.708638e+01
4.539365e+00, -3.335556e+01
4.503145e+00, -2.962474e+01
4.467114e+00, -2.589391e+01
4.431274e+00, -2.216309e+01
4.395623e+00, -1.843227e+01
4.360162e+00, -1.470144e+01
4.324892e+00, -1.097062e+01
4.289811e+00, -7.239793e+00
4.254920e+00, -3.508969e+00
4.220219e+00, 2.218550e-01
4.185709e+00, 3.952679e+00
4.151388e+00, 7.683503e+00
4.117257e+00, 1.141433e+01
4.083316e+00, 1.514515e+01
4.049564e+00, 1.887598e+01
4.016003e+00, 2.260680e+01
3.982631e+00, 2.633762e+01
3.949449e+00, 3.006845e+01
3.916456e+00, 3.379927e+01
3.883652e+00, 3.753010e+01
3.851038e+00, 4.126092e+01
3.818612e+00, 4.499174e+01
3.786376e+00, 4.872257e+01
3.754328e+00, 5.245339e+01
3.722469e+00, 5.618422e+01
3.690798e+00, 5.991504e+01
3.659315e+00, 6.364586e+01
3.628020e+00, 6.737669e+01
3.596913e+00, 7.110751e+01
3.565993e+00, 7.483834e+01
3.535261e+00, 7.856916e+01
3.504715e+00, 8.229998e+01
3.474357e+00, 8.603081e+01
3.444184e+00, 8.976163e+01
3.414198e+00, 9.349246e+01
3.384398e+00, 9.722328e+01
3.354783e+00, 1.009541e+02
3.325354e+00, 1.046849e+02
3.296109e+00, 1.084158e+02
3.267049e+00, 1.121466e+02
3.238173e+00, 1.158774e+02
3.209481e+00, 1.196082e+02
3.180973e+00, 1.233390e+02
3.152648e+00, 1.270699e+02
3.124505e+00, 1.308007e+02
3.096545e+00, 1.345315e+02
3.068767e+00, 1.382623e+02
3.041171e+00, 1.419932e+02
3.013756e+00, 1.457240e+02
2.986521e+00, 1.494548e+02
2.959467e+00, 1.531856e+02
2.932593e+00, 1.569165e+02
2.905899e+00, 1.606473e+02
2.879383e+00, 1.643781e+02
2.853046e+00, 1.681089e+02
2.826887e+00, 1.718398e+02
2.800905e+00, 1.755706e+02
2.775101e+00, 1.793014e+02
2.749473e+00, -1.769678e+02
2.724022e+00, -1.732369e+02
2.698746e+00, -1.695061e+02
2.673645e+00, -1.657753e+02
2.648719e+00, -1.620445e+02
2.623966e+00, -1.583136e+02
2.599388e+00, -1.545828e+02
2.574982e+00, -1.508520e+02
2.550749e+00, -1.471212e+02
2.526688e+00, -1.433904e+02
2.502798e+00, -1.396595e+02
2.479079e+00, -1.359287e+02
2.455530e+00, -1.321979e+02
2.432151e+00, -1.284671e+02
2.408941e+00, -1.247362e+02
2.385899e+00, -1.210054e+02
2.363025e+00, -1.172746e+02
2.340319e+00, -1.135438e+02
2.317779e+00, -1.098129e+02
2.295405e+00, -1.060821e+02
2.273197e+00, -1.023513e+02
2.251153e+00, -9.862046e+01
2.229274e+00, -9.488964e+01
2.207558e+00, -9.115882e+01
2.186006e+00, -8.742799e+01
2.164615e+00, -8.369717e+01
2.143387e+00, -7.996635e+01
2.122319e+00, -7.623552e+01
2.101412e+00, -7.250470e+01
2.080664e+00, -6.877387e+01
2.060076e+00, -6.504305e+01
2.039645e+00, -6.131222e+01
2.019373e+00, -5.758140e+01
1.999258e+00, -5.385058e+01
1.979299e+00, -5.011975e+01
1.959496e+00, -4.638893e+01
1.939847e+00, -4.265810e+01
1.920354e+00, -3.892728e+01
1.901013e+00, -3.519646e+01
1.881826e+00, -3.146563e+01
1.862791e+00, -2.773481e+01
1.843908e+00, -2.400399e+01
1.825175e+00, -2.027316e+01
1.806593e+00, -1.654234e+01
1.788160e+00, -1.281151e+01
1.769876e+00, -9.080689e+00
1.751740e+00, -5.349865e+00
1.733751e+00, -1.619041e+00
1.715908e+00, 2.111783e+00
1.698212e+00, 5.842607e+00
1.680661e+00, 9.573431e+00
1.663254e+00, 1.330425e+01
1.645991e+00, 1.703508e+01
1.628871e+00, 2.076590e+01
1.611893e+00, 2.449673e+01
1.595057e+00, 2.822755e+01
1.578361e+00, 3.195838e+01
1.561806e+00, 3.568920e+01
1.545390e+00, 3.942002e+01
1.529112e+00, 4.315085e+01
1.512972e+00, 4.688167e+01
1.496969e+00, 5.061250e+01
1.481103e+00, 5.434332e+01
1.465372e+00, 5.807414e+01
1.449776e+00, 6.180497e+01
1.434315e+00, 6.553579e+01
1.418986e+00, 6.926662e+01
1.403790e+00, 7.299744e+01
1.388726e+00, 7.672826e+01
1.373794e+00, 8.045909e+01
1.358991e+00, 8.418991e+01
1.344318e+00, 8.792073e+01
1.329774e+00, 9.165156e+01
1.315359e+00, 9.538238e+01
1.301070e+00, 9.911321e+01
1.286908e+00, 1.028440e+02
1.272872e+00, 1.065749e+02
1.258961e+00, 1.103057e+02
1.245175e+00, 1.140365e+02
1.231512e+00, 1.177673e+02
1.217972e+00, 1.214982e+02
1.204554e+00, 1.252290e+02
1.191257e+00, 1.289598e+02
