##TITLE= Croton_90x4.txt
##JCAMP-DX= 5.00 Bruker JCAMP library
##DATA TYPE= Shape Data
##ORIGIN= Colm's GRAPE Pulses 
##OWNER= caryan
##DATE= 16-Sep-2014
##TIME= 17:14
##MINX= 2.914703e+00
##MAXX= 1.850358e+02
##MINY= 3.883435e+00
##MAXY= 3.575252e+02
##$SHAPE_EXMODE= None
##$SHAPE_TOTROT= 9.000000e+01
##$SHAPE_BWFAC= 1.000000e+00
##$SHAPE_INTEGFAC= 1.000000e+00
##$SHAPE_MODE= 1
##NPOINTS= 250
##XYPOINTS= (XY..XY)
  1.393519e+01,  2.886670e+02
  2.052601e+01,  3.193494e+02
  7.361934e+01,  2.798953e+02
  1.568495e+02,  2.685188e+02
  1.850358e+02,  2.684528e+02
  1.765671e+02,  2.698430e+02
  1.513453e+02,  2.726100e+02
  1.201205e+02,  2.772700e+02
  8.586544e+01,  2.850636e+02
  5.155947e+01,  3.009547e+02
  2.721604e+01,  3.494732e+02
  3.992700e+01,  5.538355e+01
  6.900389e+01,  7.782425e+01
  9.728980e+01,  8.819622e+01
  1.214774e+02,  9.513771e+01
  1.402776e+02,  1.008004e+02
  1.530038e+02,  1.060055e+02
  1.593474e+02,  1.111929e+02
  1.593239e+02,  1.166657e+02
  1.532559e+02,  1.226715e+02
  1.417599e+02,  1.294465e+02
  1.257271e+02,  1.372699e+02
  1.063018e+02,  1.465704e+02
  8.489540e+01,  1.581783e+02
  6.335020e+01,  1.739728e+02
  4.464120e+01,  1.984021e+02
  3.458893e+01,  2.375515e+02
  3.842309e+01,  2.795721e+02
  5.041891e+01,  3.071263e+02
  6.347918e+01,  3.245964e+02
  7.464866e+01,  3.373741e+02
  8.283778e+01,  3.479048e+02
  8.769556e+01,  3.573464e+02
  8.927048e+01,  6.371046e+00
  8.789681e+01,  1.547218e+01
  8.414798e+01,  2.508976e+01
  7.880826e+01,  3.565427e+01
  7.283512e+01,  4.756072e+01
  6.727390e+01,  6.104044e+01
  6.307083e+01,  7.592530e+01
  6.077314e+01,  9.147548e+01
  6.026887e+01,  1.065944e+02
  6.081404e+01,  1.203878e+02
  6.134535e+01,  1.325141e+02
  6.080983e+01,  1.430835e+02
  5.834393e+01,  1.523869e+02
  5.333017e+01,  1.606890e+02
  4.540642e+01,  1.680878e+02
  3.447134e+01,  1.742702e+02
  2.072982e+01,  1.772139e+02
  5.723176e+00,  1.483410e+02
  1.527243e+01,  4.047755e+01
  3.458755e+01,  3.864693e+01
  5.442017e+01,  4.317148e+01
  7.355069e+01,  4.881954e+01
  9.089626e+01,  5.460060e+01
  1.054513e+02,  6.012025e+01
  1.163602e+02,  6.513592e+01
  1.230066e+02,  6.945743e+01
  1.250990e+02,  7.291940e+01
  1.227275e+02,  7.537536e+01
  1.163697e+02,  7.670043e+01
  1.068201e+02,  7.679759e+01
  9.504306e+01,  7.560000e+01
  8.198458e+01,  7.304801e+01
  6.842196e+01,  6.898903e+01
  5.496474e+01,  6.289713e+01
  4.232982e+01,  5.322981e+01
  3.206274e+01,  3.647426e+01
  2.748980e+01,  9.923916e+00
  3.121956e+01,  3.442368e+02
  4.047173e+01,  3.307464e+02
  5.146153e+01,  3.267525e+02
  6.223369e+01,  3.280185e+02
  7.186018e+01,  3.321651e+02
  7.980171e+01,  3.378662e+02
  8.564083e+01,  3.443047e+02
  8.900550e+01,  3.509593e+02
  8.957920e+01,  3.575252e+02
  8.717528e+01,  3.883435e+00
  8.181216e+01,  1.009290e+01
  7.374300e+01,  1.640990e+01
  6.343496e+01,  2.336894e+01
  5.154261e+01,  3.202200e+01
  3.899986e+01,  4.465469e+01
  2.762166e+01,  6.681077e+01
  2.205652e+01,  1.068643e+02
  2.751692e+01,  1.487066e+02
  4.004474e+01,  1.732615e+02
  5.488438e+01,  1.880766e+02
  7.012618e+01,  1.987997e+02
  8.479823e+01,  2.075131e+02
  9.815978e+01,  2.149551e+02
  1.095543e+02,  2.213575e+02
  1.184369e+02,  2.267512e+02
  1.244643e+02,  2.310948e+02
  1.275870e+02,  2.343421e+02
  1.280869e+02,  2.364889e+02
  1.265194e+02,  2.376144e+02
  1.235514e+02,  2.379128e+02
  1.197404e+02,  2.376954e+02
  1.153498e+02,  2.373411e+02
  1.102936e+02,  2.371966e+02
  1.042330e+02,  2.374947e+02
  9.675502e+01,  2.383087e+02
  8.754389e+01,  2.395516e+02
  7.648925e+01,  2.409889e+02
  6.372973e+01,  2.422140e+02
  4.965941e+01,  2.424871e+02
  3.495736e+01,  2.400834e+02
  2.089252e+01,  2.292349e+02
  1.185147e+01,  1.869760e+02
  1.678845e+01,  1.344054e+02
  2.716210e+01,  1.193479e+02
  3.662112e+01,  1.158944e+02
  4.375759e+01,  1.160095e+02
  4.802540e+01,  1.175649e+02
  4.917658e+01,  1.197752e+02
  4.717487e+01,  1.222697e+02
  4.218285e+01,  1.248575e+02
  3.455592e+01,  1.275046e+02
  2.482175e+01,  1.305486e+02
  1.365692e+01,  1.362134e+02
  2.914703e+00,  1.896382e+02
  1.156052e+01,  2.907019e+02
  2.391527e+01,  2.957515e+02
  3.629116e+01,  2.955751e+02
  4.866715e+01,  2.941501e+02
  6.106060e+01,  2.926157e+02
  7.328906e+01,  2.916219e+02
  8.489081e+01,  2.915852e+02
  9.519264e+01,  2.927489e+02
  1.034770e+02,  2.952317e+02
  1.091638e+02,  2.990678e+02
  1.119310e+02,  3.042284e+02
  1.117303e+02,  3.106267e+02
  1.087038e+02,  3.181196e+02
  1.030492e+02,  3.265250e+02
  9.491140e+01,  3.356739e+02
  8.436544e+01,  3.455096e+02
  7.151009e+01,  3.562699e+02
  5.666721e+01,  8.902389e+00
  4.080052e+01,  2.636121e+01
  2.704752e+01,  5.783802e+01
  2.483403e+01,  1.114137e+02
  3.769609e+01,  1.494365e+02
  5.576771e+01,  1.679450e+02
  7.423688e+01,  1.790311e+02
  9.130479e+01,  1.871027e+02
  1.059635e+02,  1.937991e+02
  1.175352e+02,  1.998828e+02
  1.255735e+02,  2.057819e+02
  1.298338e+02,  2.117677e+02
  1.302535e+02,  2.180346e+02
  1.269339e+02,  2.247373e+02
  1.201231e+02,  2.320193e+02
  1.102082e+02,  2.400470e+02
  9.772386e+01,  2.490698e+02
  8.338659e+01,  2.595281e+02
  6.817449e+01,  2.722665e+02
  5.350676e+01,  2.889105e+02
  4.159594e+01,  3.120863e+02
  3.550232e+01,  3.428115e+02
  3.666177e+01,  1.398210e+01
  4.214829e+01,  3.751080e+01
  4.800521e+01,  5.371830e+01
  5.182600e+01,  6.534721e+01
  5.241513e+01,  7.421219e+01
  4.926214e+01,  8.124937e+01
  4.230883e+01,  8.684444e+01
  3.185956e+01,  9.086380e+01
  1.855744e+01,  9.167695e+01
  4.068788e+00,  5.930115e+01
  1.393557e+01,  2.993670e+02
  3.024552e+01,  2.949657e+02
  4.566563e+01,  2.941380e+02
  5.938302e+01,  2.931862e+02
  7.102885e+01,  2.914664e+02
  8.060466e+01,  2.889045e+02
  8.832388e+01,  2.857098e+02
  9.435658e+01,  2.822699e+02
  9.860131e+01,  2.790259e+02
  1.006278e+02,  2.763333e+02
  9.983158e+01,  2.743610e+02
  9.570835e+01,  2.730476e+02
  8.811472e+01,  2.720755e+02
  7.743525e+01,  2.707957e+02
  6.467591e+01,  2.680168e+02
  5.161362e+01,  2.615790e+02
  4.118265e+01,  2.482663e+02
  3.737100e+01,  2.278231e+02
  4.167500e+01,  2.093788e+02
  5.071306e+01,  1.995633e+02
  6.073184e+01,  1.963831e+02
  6.966504e+01,  1.968278e+02
  7.651543e+01,  1.990988e+02
  8.082832e+01,  2.022468e+02
  8.246470e+01,  2.057991e+02
  8.149545e+01,  2.095750e+02
  7.813090e+01,  2.136029e+02
  7.266285e+01,  2.180851e+02
  6.542465e+01,  2.233918e+02
  5.678307e+01,  2.300989e+02
  4.718657e+01,  2.391306e+02
  3.728932e+01,  2.521463e+02
  2.825991e+01,  2.723662e+02
  2.244216e+01,  3.042893e+02
  2.288116e+01,  3.435381e+02
  2.904326e+01,  1.496817e+01
  3.772365e+01,  3.679061e+01
  4.694139e+01,  5.334118e+01
  5.577975e+01,  6.717106e+01
  6.370935e+01,  7.940744e+01
  7.032071e+01,  9.055568e+01
  7.525477e+01,  1.008790e+02
  7.821309e+01,  1.105646e+02
  7.899374e+01,  1.198002e+02
  7.752305e+01,  1.288158e+02
  7.387107e+01,  1.379173e+02
  6.825421e+01,  1.475321e+02
  6.104354e+01,  1.582895e+02
  5.281321e+01,  1.711716e+02
  4.448712e+01,  1.877412e+02
  3.764181e+01,  2.100939e+02
  3.466497e+01,  2.387971e+02
  3.742195e+01,  2.688206e+02
  4.516353e+01,  2.938034e+02
  5.568449e+01,  3.130308e+02
  6.722913e+01,  3.284359e+02
  7.872054e+01,  3.416288e+02
  8.951529e+01,  3.535562e+02
  9.925160e+01,  4.726938e+00
  1.077816e+02,  1.538680e+01
  1.151295e+02,  2.561189e+01
  1.214460e+02,  3.535753e+01
  1.269542e+02,  4.449174e+01
  1.318983e+02,  5.282896e+01
  1.365109e+02,  6.016982e+01
  1.410074e+02,  6.634475e+01
  1.455962e+02,  7.125471e+01
  1.504762e+02,  7.490088e+01
  1.557936e+02,  7.739481e+01
  1.615512e+02,  7.894131e+01
  1.674906e+02,  7.979285e+01
  1.728949e+02,  8.018195e+01
  1.750375e+02,  8.018493e+01
  1.548185e+02,  7.870761e+01
  5.623550e+01,  5.309704e+01
  3.302997e+01,  3.446902e+02
  1.898548e+01,  3.183784e+02
##END=
