##TITLE= twqubit_C1234690withPC_H_25000_NoBufferfix4
##JCAMP-DX= 5.00 Bruker JCAMP library
##DATA TYPE= Shape Data
##ORIGIN= Colm Fixed Pulses 
##OWNER= d29lu
##DATE= 18-May-2015
##TIME= 18:49
##MINX= 9.162848e-01
##MAXX= 2.870251e+01
##MINY= 2.118422e+00
##MAXY= 3.468980e+02
##$SHAPE_EXMODE= None
##$SHAPE_TOTROT= 9.000000e+01
##$SHAPE_BWFAC= 1.000000e+00
##$SHAPE_INTEGFAC= 1.000000e+00
##$SHAPE_MODE= 1
##NPOINTS= 100
##XYPOINTS= (XY..XY)
  1.314350e+00,  1.812802e+02
  4.263110e+00,  2.363411e+02
  5.671918e+00,  2.687076e+02
  5.945728e+00,  3.468980e+02
  1.102636e+01,  2.347079e+01
  1.646448e+01,  3.677318e+01
  2.104915e+01,  4.317411e+01
  2.422769e+01,  4.638011e+01
  2.660065e+01,  4.881824e+01
  2.667847e+01,  4.985348e+01
  2.504086e+01,  4.972693e+01
  2.257468e+01,  4.794135e+01
  2.052526e+01,  4.572087e+01
  1.868671e+01,  4.240413e+01
  1.679398e+01,  3.750377e+01
  1.457756e+01,  3.182225e+01
  1.197759e+01,  2.685086e+01
  9.083524e+00,  2.202367e+01
  6.004036e+00,  1.870390e+01
  3.141691e+00,  1.324025e+01
  9.162848e-01,  3.401127e+02
  1.303221e+00,  2.314353e+02
  2.824483e+00,  2.265786e+02
  4.318922e+00,  2.268506e+02
  5.813979e+00,  2.274335e+02
  7.292182e+00,  2.280329e+02
  8.839064e+00,  2.273947e+02
  1.061030e+01,  2.236872e+02
  1.232644e+01,  2.185680e+02
  1.347373e+01,  2.140943e+02
  1.417152e+01,  2.132565e+02
  1.511442e+01,  2.160460e+02
  1.637701e+01,  2.204084e+02
  1.763376e+01,  2.245674e+02
  1.901440e+01,  2.289674e+02
  2.049214e+01,  2.333739e+02
  2.139059e+01,  2.355799e+02
  2.136166e+01,  2.345533e+02
  2.075744e+01,  2.316620e+02
  1.958202e+01,  2.288184e+02
  1.746382e+01,  2.269989e+02
  1.426547e+01,  2.260448e+02
  1.013915e+01,  2.258821e+02
  5.531733e+00,  2.241239e+02
  1.040687e+00,  1.833994e+02
  3.975054e+00,  6.468806e+01
  8.232467e+00,  6.249340e+01
  1.183426e+01,  6.358051e+01
  1.461773e+01,  6.457527e+01
  1.638706e+01,  6.562441e+01
  1.702318e+01,  6.528806e+01
  1.637594e+01,  6.336402e+01
  1.440481e+01,  6.006442e+01
  1.116073e+01,  5.528431e+01
  6.962588e+00,  4.467383e+01
  2.801906e+00,  2.118422e+00
  4.428717e+00,  2.691136e+02
  9.076915e+00,  2.485190e+02
  1.390588e+01,  2.397131e+02
  1.862517e+01,  2.345850e+02
  2.264798e+01,  2.309596e+02
  2.571881e+01,  2.293913e+02
  2.703991e+01,  2.288765e+02
  2.621364e+01,  2.290125e+02
  2.348351e+01,  2.302456e+02
  2.069522e+01,  2.340003e+02
  1.796829e+01,  2.388359e+02
  1.558157e+01,  2.424165e+02
  1.363254e+01,  2.436903e+02
  1.249462e+01,  2.429076e+02
  1.228419e+01,  2.385557e+02
  1.238754e+01,  2.317801e+02
  1.224171e+01,  2.228325e+02
  1.170333e+01,  2.127665e+02
  1.079296e+01,  2.021839e+02
  9.529566e+00,  1.908808e+02
  7.998666e+00,  1.767849e+02
  6.258061e+00,  1.569998e+02
  4.622251e+00,  1.251964e+02
  3.838894e+00,  7.419872e+01
  5.332738e+00,  2.691665e+01
  7.917276e+00,  7.163520e+00
  9.919030e+00,  3.003539e+00
  1.116488e+01,  7.850663e+00
  1.246229e+01,  1.890635e+01
  1.460184e+01,  3.134378e+01
  1.781804e+01,  4.268135e+01
  2.173795e+01,  5.078454e+01
  2.600104e+01,  5.667689e+01
  2.870251e+01,  5.972699e+01
  2.861468e+01,  6.068046e+01
  2.604368e+01,  5.970849e+01
  2.212388e+01,  5.590118e+01
  1.788578e+01,  4.983605e+01
  1.274423e+01,  3.737577e+01
  8.148880e+00,  7.876016e+00
  7.221985e+00,  3.146229e+02
  1.026114e+01,  2.755172e+02
  1.207715e+01,  2.465763e+02
  3.212620e+00,  1.829280e+02
##END=