##TITLE= twqubit_C23180_C_25000_NoBufferfix3
##JCAMP-DX= 5.00 Bruker JCAMP library
##DATA TYPE= Shape Data
##ORIGIN= Colm Fixed Pulses 
##OWNER= d29lu
##DATE= 18-May-2015
##TIME= 17:46
##MINX= 2.287633e-01
##MAXX= 3.237564e+01
##MINY= 3.427981e+00
##MAXY= 3.597890e+02
##$SHAPE_EXMODE= None
##$SHAPE_TOTROT= 9.000000e+01
##$SHAPE_BWFAC= 1.000000e+00
##$SHAPE_INTEGFAC= 1.000000e+00
##$SHAPE_MODE= 1
##NPOINTS= 200
##XYPOINTS= (XY..XY)
  2.420271e-01,  2.298305e+02
  2.566989e+00,  2.852353e+02
  3.951417e+00,  3.073494e+02
  3.930620e+00,  7.040062e+01
  1.300593e+01,  1.016774e+02
  1.632799e+01,  1.085796e+02
  1.286700e+01,  1.135748e+02
  6.876181e+00,  1.345334e+02
  6.204189e+00,  1.801960e+02
  8.822094e+00,  1.866234e+02
  1.079381e+01,  1.707267e+02
  1.298657e+01,  1.532051e+02
  1.598319e+01,  1.497992e+02
  1.888762e+01,  1.644512e+02
  2.091109e+01,  1.899383e+02
  2.198023e+01,  2.190836e+02
  2.160979e+01,  2.424250e+02
  1.565125e+01,  2.521787e+02
  3.269459e+00,  2.120225e+02
  1.174251e+01,  1.069373e+02
  1.730244e+01,  1.003203e+02
  1.294156e+01,  8.392551e+01
  6.687711e+00,  3.102184e+01
  6.445042e+00,  3.294082e+02
  4.241549e+00,  2.607878e+02
  1.024283e+01,  1.834466e+02
  1.676840e+01,  1.644130e+02
  1.449542e+01,  1.514201e+02
  4.371168e+00,  1.407391e+02
  5.877635e+00,  2.965568e+02
  1.363187e+01,  2.901851e+02
  1.273091e+01,  2.791424e+02
  3.604256e+00,  2.407315e+02
  8.530399e+00,  1.206254e+02
  1.312273e+01,  1.111226e+02
  6.650726e+00,  9.666857e+01
  4.961756e+00,  3.141865e+02
  1.319473e+01,  2.961574e+02
  1.257610e+01,  2.770545e+02
  8.968947e+00,  2.339094e+02
  9.583304e+00,  2.011980e+02
  7.088791e+00,  2.157802e+02
  7.650494e+00,  2.907011e+02
  1.369772e+01,  3.252434e+02
  1.319857e+01,  3.324853e+02
  7.657501e+00,  3.133254e+02
  6.854790e+00,  2.753273e+02
  8.711909e+00,  2.892240e+02
  1.247342e+01,  3.309174e+02
  1.675916e+01,  3.427981e+00
  1.639653e+01,  2.947280e+01
  1.195207e+01,  5.684153e+01
  6.698084e+00,  8.192741e+01
  1.406209e+00,  5.256343e+01
  6.259920e+00,  3.193043e+02
  1.093921e+01,  3.088265e+02
  1.066778e+01,  2.828629e+02
  9.522472e+00,  2.411734e+02
  7.146550e+00,  1.925357e+02
  9.550685e+00,  1.188626e+02
  1.712801e+01,  9.468984e+01
  1.740459e+01,  8.555860e+01
  9.096221e+00,  7.884094e+01
  1.551437e+00,  1.848360e+02
  9.518206e+00,  2.072774e+02
  1.755830e+01,  1.961548e+02
  2.387535e+01,  1.958537e+02
  2.585915e+01,  2.144628e+02
  2.676222e+01,  2.473647e+02
  2.539448e+01,  2.771164e+02
  1.341265e+01,  3.049810e+02
  1.045133e+01,  8.378254e+01
  2.760613e+01,  1.173832e+02
  3.237564e+01,  1.271025e+02
  2.905221e+01,  1.276159e+02
  2.628672e+01,  1.244101e+02
  2.581136e+01,  1.331382e+02
  2.417119e+01,  1.572017e+02
  1.914193e+01,  1.882387e+02
  9.094466e+00,  2.157209e+02
  1.404719e+00,  6.167616e+01
  7.688754e+00,  9.351388e+01
  8.336534e+00,  1.444044e+02
  1.053471e+01,  2.010766e+02
  1.135468e+01,  2.273991e+02
  6.484085e+00,  2.171754e+02
  6.320100e+00,  1.450416e+02
  1.011780e+01,  1.230276e+02
  9.020573e+00,  1.059874e+02
  9.551235e+00,  8.612412e+01
  1.347707e+01,  1.012099e+02
  1.771188e+01,  1.371669e+02
  2.091779e+01,  1.780954e+02
  2.182975e+01,  2.137741e+02
  1.670572e+01,  2.387861e+02
  6.953584e+00,  2.673995e+02
  3.569535e+00,  3.504526e+02
  3.043748e+00,  1.759581e+01
  1.586295e+00,  2.822847e+02
  5.390209e+00,  2.545000e+02
  5.328363e+00,  2.685792e+02
  4.724115e+00,  3.313777e+02
  9.863368e+00,  8.656220e+00
  1.325152e+01,  1.971606e+01
  1.213001e+01,  2.983777e+01
  8.376452e+00,  5.206241e+01
  7.504231e+00,  9.499986e+01
  1.110958e+01,  1.176696e+02
  1.285528e+01,  1.173634e+02
  8.848730e+00,  9.708121e+01
  5.608507e+00,  1.740017e+01
  1.228118e+01,  3.362038e+02
  1.443757e+01,  3.376839e+02
  1.002831e+01,  9.094853e+00
  1.101227e+01,  8.208622e+01
  1.723902e+01,  1.179855e+02
  1.682841e+01,  1.232645e+02
  1.100906e+01,  8.971155e+01
  1.342182e+01,  3.552834e+01
  1.445234e+01,  1.601925e+01
  5.602985e+00,  3.526065e+02
  5.837634e+00,  2.246114e+02
  9.283080e+00,  2.171340e+02
  1.848983e+00,  2.304416e+02
  8.473550e+00,  3.631811e+01
  1.413620e+01,  4.290955e+01
  9.950706e+00,  3.927862e+01
  2.335595e+00,  2.000814e+01
  2.287633e-01,  3.018274e+02
  4.241490e+00,  5.594844e+01
  1.279058e+01,  5.095251e+01
  1.694369e+01,  4.613954e+01
  1.378364e+01,  3.426330e+01
  8.233230e+00,  3.597890e+02
  6.160391e+00,  3.267690e+02
  1.793138e+00,  3.613866e+01
  1.168423e+01,  1.106579e+02
  1.963836e+01,  1.211702e+02
  1.793762e+01,  1.204332e+02
  8.916927e+00,  9.800400e+01
  8.063955e+00,  9.343526e+00
  1.938920e+01,  3.968547e+00
  2.765573e+01,  2.947753e+01
  3.041276e+01,  6.272727e+01
  2.472420e+01,  9.940134e+01
  1.429303e+01,  1.535688e+02
  1.350523e+01,  2.343884e+02
  1.472422e+01,  2.812750e+02
  7.433451e+00,  3.268906e+02
  6.071432e+00,  9.540137e+01
  1.151776e+01,  1.542982e+02
  1.008813e+01,  2.110090e+02
  1.111857e+01,  2.949983e+02
  1.684133e+01,  3.566132e+02
  2.076483e+01,  3.949049e+01
  2.139253e+01,  6.508074e+01
  1.710138e+01,  6.687279e+01
  1.240177e+01,  3.930011e+01
  1.333715e+01,  1.209328e+01
  1.466297e+01,  1.319955e+01
  1.323296e+01,  3.409982e+01
  1.107618e+01,  6.937307e+01
  1.081872e+01,  1.055377e+02
  1.085140e+01,  1.203779e+02
  9.853098e+00,  1.087105e+02
  9.664092e+00,  8.144185e+01
  9.550951e+00,  5.569643e+01
  8.203412e+00,  2.699808e+01
  7.957906e+00,  3.555441e+02
  8.128838e+00,  3.434073e+02
  6.100364e+00,  3.546515e+02
  3.474098e+00,  3.834902e+01
  2.617522e+00,  1.097965e+02
  2.523066e+00,  1.853608e+02
  3.877748e+00,  2.653639e+02
  8.320367e+00,  3.198910e+02
  1.510734e+01,  3.529949e+02
  2.048553e+01,  1.241005e+01
  2.104549e+01,  2.596552e+01
  1.610484e+01,  4.026200e+01
  8.733130e+00,  6.552397e+01
  5.522138e+00,  1.157191e+02
  5.286447e+00,  1.277363e+02
  6.465075e+00,  8.794766e+01
  1.043682e+01,  5.787982e+01
  1.229526e+01,  2.671103e+01
  1.645647e+01,  3.521153e+02
  2.020804e+01,  3.440046e+02
  1.609808e+01,  6.365390e+00
  1.606310e+01,  7.234206e+01
  2.507632e+01,  1.074010e+02
  2.552207e+01,  1.129796e+02
  1.641017e+01,  9.575357e+01
  1.092121e+01,  3.445779e+01
  1.484032e+01,  5.696903e+00
  1.203040e+01,  2.149698e+01
  1.152955e+01,  9.902160e+01
  2.049053e+01,  1.464110e+02
  8.327760e+00,  1.727676e+02
  1.418999e+00,  3.257133e+02
##END=