##TITLE= twqubit_C6180_C_25000_NoBufferfix5
##JCAMP-DX= 5.00 Bruker JCAMP library
##DATA TYPE= Shape Data
##ORIGIN= Colm Fixed Pulses 
##OWNER= d29lu
##DATE= 18-May-2015
##TIME= 17:29
##MINX= 9.380544e-01
##MAXX= 6.785423e+01
##MINY= 7.468233e-01
##MAXY= 3.588849e+02
##$SHAPE_EXMODE= None
##$SHAPE_TOTROT= 9.000000e+01
##$SHAPE_BWFAC= 1.000000e+00
##$SHAPE_INTEGFAC= 1.000000e+00
##$SHAPE_MODE= 1
##NPOINTS= 200
##XYPOINTS= (XY..XY)
  1.140240e+00,  6.516370e+01
  1.817983e+00,  7.790918e+01
  9.133011e+00,  2.020165e+02
  1.981607e+01,  2.017793e+02
  6.184485e+00,  1.855295e+02
  1.976725e+01,  7.699301e-01
  3.493494e+01,  7.468233e-01
  2.743325e+01,  3.588849e+02
  4.795855e+00,  2.514385e+02
  2.857038e+01,  2.291687e+02
  3.554057e+01,  2.667935e+02
  2.876098e+01,  3.157822e+02
  2.341587e+01,  3.194325e+01
  2.436001e+01,  9.188767e+01
  1.368338e+01,  1.619648e+02
  1.672535e+01,  2.623268e+02
  4.541132e+00,  2.596070e+02
  2.693473e+01,  1.417260e+02
  3.383543e+01,  1.522437e+02
  1.624566e+01,  1.734655e+02
  7.036137e+00,  2.802185e+02
  9.977225e+00,  2.890305e+02
  1.035982e+01,  2.387231e+02
  1.012799e+01,  2.055084e+02
  5.183536e+00,  1.457419e+02
  2.135618e+00,  6.125297e+01
  1.580289e+01,  3.224706e+02
  2.990425e+01,  3.278978e+02
  2.134963e+01,  3.256412e+02
  7.749853e+00,  1.784315e+02
  2.840998e+01,  1.555319e+02
  2.498814e+01,  1.423797e+02
  1.344933e+01,  4.957983e+01
  3.335548e+01,  1.798196e+01
  2.828172e+01,  3.023701e+01
  7.186769e+00,  1.043553e+02
  1.614307e+01,  2.246683e+02
  2.284519e+01,  2.882958e+02
  2.580309e+01,  3.016242e+02
  3.238883e+01,  2.466849e+02
  4.765028e+01,  2.278931e+02
  3.113769e+01,  2.240498e+02
  7.180576e+00,  1.264914e+02
  2.058943e+01,  7.712644e+01
  1.469385e+01,  6.206182e+01
  1.407289e+00,  1.631209e+02
  1.237941e+01,  2.210362e+02
  9.742081e+00,  2.481863e+02
  6.063721e+00,  3.210771e+02
  5.983266e+00,  3.399416e+02
  5.769356e+00,  2.861994e+02
  9.641447e+00,  2.739990e+02
  1.387670e+01,  3.134714e+02
  2.360888e+01,  3.364953e+02
  2.787028e+01,  3.310858e+02
  2.329027e+01,  3.093987e+02
  1.628659e+01,  2.646185e+02
  1.153229e+01,  2.032867e+02
  1.419041e+01,  1.129330e+02
  2.606018e+01,  7.404181e+01
  2.856216e+01,  5.726355e+01
  1.897348e+01,  4.461793e+01
  7.004146e+00,  8.659117e+00
  3.207310e+00,  3.524745e+02
  1.000681e+01,  6.716079e+01
  2.176103e+01,  7.698478e+01
  2.275661e+01,  7.061781e+01
  1.391835e+01,  3.525304e+01
  1.486150e+01,  3.294839e+02
  1.840831e+01,  2.984608e+02
  1.733129e+01,  2.695519e+02
  1.245452e+01,  2.364968e+02
  6.222063e+00,  1.641048e+02
  1.358270e+01,  1.182303e+02
  1.876831e+01,  1.391488e+02
  1.833591e+01,  1.804568e+02
  1.258920e+01,  2.451669e+02
  1.451911e+01,  3.309623e+02
  1.316468e+01,  2.078463e+01
  6.468085e+00,  1.541233e+02
  2.496921e+01,  2.272209e+02
  3.082079e+01,  2.780447e+02
  3.365304e+01,  3.373907e+02
  3.050881e+01,  2.499802e+01
  1.777805e+01,  8.631216e+01
  1.980733e+01,  1.907763e+02
  3.210695e+01,  2.474559e+02
  3.663170e+01,  2.702714e+02
  2.989900e+01,  2.465129e+02
  3.018985e+01,  2.033723e+02
  2.119105e+01,  1.959352e+02
  8.306965e+00,  2.161176e+02
  1.927158e+00,  1.482493e+02
  4.483434e+00,  1.166460e+02
  6.230487e+00,  1.758592e+02
  1.509809e+01,  1.996169e+02
  1.531088e+01,  2.022961e+02
  3.465069e+00,  1.080040e+02
  4.450909e+00,  4.259252e+01
  1.802239e+00,  2.482728e+02
  7.544380e+00,  3.489661e+02
  1.822032e+01,  3.261550e+02
  2.157189e+01,  2.834378e+02
  1.880694e+01,  2.190129e+02
  1.298580e+01,  1.481334e+02
  2.014365e+01,  6.467037e+01
  2.937068e+01,  3.971695e+01
  1.566394e+01,  1.663945e+01
  2.400278e+01,  2.434484e+02
  4.737066e+01,  2.522447e+02
  3.943272e+01,  2.903582e+02
  3.469695e+01,  2.104453e+01
  5.674256e+01,  7.437673e+01
  4.536936e+01,  1.001512e+02
  1.922843e+01,  1.624338e+02
  3.066534e+01,  2.425374e+02
  3.148874e+01,  2.333230e+02
  2.826041e+01,  1.913219e+02
  1.783287e+01,  1.656145e+02
  4.168672e+00,  2.749742e+01
  1.359660e+01,  3.505922e+02
  8.630729e+00,  3.082436e+02
  1.016768e+01,  2.430688e+02
  6.290368e+00,  2.404148e+02
  7.722530e+00,  1.283570e+01
  1.652659e+01,  1.983422e+01
  1.762756e+01,  3.561714e+02
  1.862486e+01,  3.322101e+02
  1.034113e+01,  2.967649e+02
  9.751110e+00,  1.683848e+02
  2.522733e+01,  1.339561e+02
  2.600599e+01,  1.235113e+02
  1.177121e+01,  6.747124e+01
  2.723306e+01,  1.708635e+01
  2.940757e+01,  4.104227e+01
  1.871760e+01,  1.102388e+02
  1.882947e+01,  2.147822e+02
  2.810750e+01,  2.984831e+02
  2.752146e+01,  3.266753e+02
  1.928582e+01,  2.319686e+02
  4.156104e+01,  2.156385e+02
  2.643497e+01,  2.178914e+02
  8.516135e+00,  9.767269e+01
  2.204218e+01,  7.442344e+01
  1.400211e+01,  7.215261e+01
  8.942652e+00,  1.775035e+02
  2.273446e+01,  2.124583e+02
  1.951335e+01,  2.354277e+02
  1.087447e+01,  2.808730e+02
  1.004176e+01,  3.100042e+02
  1.052383e+01,  2.876854e+02
  1.345421e+01,  2.749978e+02
  1.729931e+01,  3.021932e+02
  2.653386e+01,  3.316061e+02
  2.987340e+01,  3.457885e+02
  1.870866e+01,  3.494275e+02
  6.830218e+00,  2.474811e+02
  1.581547e+01,  2.119210e+02
  9.479365e+00,  1.331311e+02
  2.865429e+01,  8.426420e+01
  3.404972e+01,  8.315009e+01
  1.624939e+01,  8.636864e+01
  8.308417e+00,  2.856615e+02
  1.592294e+01,  2.992505e+02
  5.600009e+00,  1.976698e+00
  1.446083e+01,  9.104554e+01
  1.207452e+01,  9.279836e+01
  6.731545e+00,  3.345971e+02
  1.966693e+01,  3.138340e+02
  1.658593e+01,  3.050769e+02
  6.233920e+00,  2.285577e+02
  1.433764e+01,  1.642615e+02
  1.409972e+01,  1.376962e+02
  9.694802e+00,  1.000760e+02
  4.775796e+00,  9.303570e+01
  5.138894e+00,  2.126629e+02
  1.087619e+01,  2.480209e+02
  1.099506e+01,  2.784542e+02
  1.118675e+01,  3.057474e+02
  8.847011e+00,  3.080689e+02
  6.346942e+00,  2.629046e+02
  6.977913e+00,  2.844207e+02
  1.057603e+01,  2.031404e+00
  1.435802e+01,  5.942730e+01
  1.675750e+01,  1.150502e+02
  1.932429e+01,  1.816548e+02
  3.376702e+01,  2.450510e+02
  5.564932e+01,  2.647271e+02
  6.785423e+01,  2.457521e+02
  6.709351e+01,  2.078729e+02
  5.007739e+01,  1.911983e+02
  2.359282e+01,  2.049286e+02
  4.532470e+00,  2.239490e+02
  3.752934e+00,  1.282737e+01
  4.613663e+00,  3.470279e+02
  1.083318e+00,  2.416524e+02
  5.441433e+00,  1.357603e+02
  1.210348e+01,  8.291912e+01
  2.703178e+00,  1.129517e+02
  9.380544e-01,  2.554510e+02
##END=