##TITLE= twqubit_C156180_H_25000_NoBufferfix3
##JCAMP-DX= 5.00 Bruker JCAMP library
##DATA TYPE= Shape Data
##ORIGIN= Colm Fixed Pulses 
##OWNER= d29lu
##DATE= 18-May-2015
##TIME= 19:26
##MINX= 1.763818e-01
##MAXX= 2.080934e+01
##MINY= 5.984601e-02
##MAXY= 3.553769e+02
##$SHAPE_EXMODE= None
##$SHAPE_TOTROT= 9.000000e+01
##$SHAPE_BWFAC= 1.000000e+00
##$SHAPE_INTEGFAC= 1.000000e+00
##$SHAPE_MODE= 1
##NPOINTS= 200
##XYPOINTS= (XY..XY)
  2.041768e-01,  8.126093e+01
  5.487245e+00,  2.187452e+02
  1.183237e+01,  2.049288e+02
  1.338424e+01,  1.855985e+02
  1.302948e+01,  1.796509e+02
  1.193033e+01,  1.767080e+02
  1.070107e+01,  1.683543e+02
  9.818085e+00,  1.554460e+02
  9.701862e+00,  1.415944e+02
  1.050084e+01,  1.282218e+02
  1.208711e+01,  1.155523e+02
  1.417420e+01,  1.040831e+02
  1.618981e+01,  9.610742e+01
  1.759433e+01,  9.060559e+01
  1.795189e+01,  8.551707e+01
  1.713423e+01,  7.943502e+01
  1.544916e+01,  7.227564e+01
  1.341131e+01,  6.574645e+01
  1.130118e+01,  6.324388e+01
  9.356480e+00,  6.498568e+01
  7.686049e+00,  7.080525e+01
  6.466737e+00,  8.196766e+01
  6.238416e+00,  9.893918e+01
  7.233663e+00,  1.128093e+02
  8.510917e+00,  1.215767e+02
  9.301319e+00,  1.280889e+02
  9.814557e+00,  1.342853e+02
  1.054056e+01,  1.393971e+02
  1.139032e+01,  1.428295e+02
  1.204384e+01,  1.448101e+02
  1.238887e+01,  1.465764e+02
  1.246302e+01,  1.484344e+02
  1.213883e+01,  1.504108e+02
  1.124765e+01,  1.522581e+02
  1.000949e+01,  1.537661e+02
  8.934670e+00,  1.534765e+02
  8.285583e+00,  1.507914e+02
  8.013732e+00,  1.467209e+02
  8.172347e+00,  1.425956e+02
  8.930173e+00,  1.397603e+02
  1.007370e+01,  1.390503e+02
  1.106926e+01,  1.402195e+02
  1.160615e+01,  1.436427e+02
  1.167980e+01,  1.492979e+02
  1.127215e+01,  1.569232e+02
  1.045510e+01,  1.666071e+02
  9.514695e+00,  1.800888e+02
  8.883603e+00,  1.986461e+02
  9.043002e+00,  2.198056e+02
  1.020024e+01,  2.388231e+02
  1.198434e+01,  2.525225e+02
  1.388685e+01,  2.605293e+02
  1.544937e+01,  2.657637e+02
  1.619746e+01,  2.689269e+02
  1.595715e+01,  2.704325e+02
  1.513736e+01,  2.702721e+02
  1.395888e+01,  2.685153e+02
  1.209597e+01,  2.654366e+02
  9.715383e+00,  2.594137e+02
  7.184702e+00,  2.499966e+02
  4.817814e+00,  2.321576e+02
  3.634900e+00,  1.949637e+02
  4.528195e+00,  1.628518e+02
  6.083345e+00,  1.504314e+02
  7.237024e+00,  1.431097e+02
  7.732512e+00,  1.358738e+02
  7.614235e+00,  1.275781e+02
  6.981720e+00,  1.171965e+02
  6.245882e+00,  1.033666e+02
  5.950655e+00,  8.701287e+01
  6.089712e+00,  7.350048e+01
  6.418697e+00,  6.436051e+01
  6.794607e+00,  6.032217e+01
  7.289095e+00,  6.069105e+01
  7.857799e+00,  6.327467e+01
  8.116678e+00,  6.657182e+01
  7.848939e+00,  7.103023e+01
  7.467330e+00,  7.695366e+01
  7.446489e+00,  8.338514e+01
  7.689438e+00,  8.869990e+01
  7.928009e+00,  9.252069e+01
  8.151327e+00,  9.550214e+01
  8.211542e+00,  9.458799e+01
  7.942143e+00,  8.715356e+01
  7.613651e+00,  7.552618e+01
  7.404756e+00,  6.485952e+01
  7.269307e+00,  5.536001e+01
  7.282770e+00,  4.438987e+01
  7.370173e+00,  3.372294e+01
  7.422731e+00,  2.700891e+01
  7.567061e+00,  2.507733e+01
  7.806051e+00,  2.539103e+01
  7.980565e+00,  2.560458e+01
  8.033821e+00,  2.566083e+01
  8.112178e+00,  2.519063e+01
  8.375559e+00,  2.325111e+01
  8.923451e+00,  2.024558e+01
  9.778487e+00,  1.679731e+01
  1.080803e+01,  1.306772e+01
  1.186696e+01,  9.103055e+00
  1.288675e+01,  5.312830e+00
  1.412163e+01,  3.149737e+00
  1.523975e+01,  2.801300e+00
  1.541883e+01,  3.627104e+00
  1.439391e+01,  4.586204e+00
  1.280129e+01,  5.811688e+00
  1.126667e+01,  7.897613e+00
  9.940735e+00,  1.139486e+01
  8.743950e+00,  1.878270e+01
  7.852707e+00,  3.058435e+01
  7.626882e+00,  4.418013e+01
  8.161946e+00,  5.605938e+01
  9.121310e+00,  6.507684e+01
  9.994003e+00,  7.137916e+01
  1.059088e+01,  7.521159e+01
  1.103726e+01,  7.629657e+01
  1.101633e+01,  7.522576e+01
  9.914676e+00,  7.205181e+01
  7.885582e+00,  6.732745e+01
  6.066198e+00,  6.131262e+01
  5.171986e+00,  5.640387e+01
  4.814023e+00,  5.570618e+01
  4.510456e+00,  5.901518e+01
  4.191679e+00,  6.834786e+01
  4.000289e+00,  8.357278e+01
  3.978685e+00,  9.953751e+01
  4.010281e+00,  1.121880e+02
  4.020649e+00,  1.226738e+02
  4.013570e+00,  1.374231e+02
  4.395879e+00,  1.590384e+02
  5.248276e+00,  1.760336e+02
  5.666358e+00,  1.832519e+02
  5.432759e+00,  1.843918e+02
  5.107193e+00,  1.835113e+02
  4.665653e+00,  1.817904e+02
  3.620495e+00,  1.749684e+02
  2.154927e+00,  1.504157e+02
  1.661445e+00,  7.854590e+01
  3.352940e+00,  3.988703e+01
  5.378046e+00,  3.101620e+01
  6.633191e+00,  2.771850e+01
  6.822808e+00,  2.581960e+01
  6.034150e+00,  2.575441e+01
  4.492878e+00,  2.668334e+01
  2.330290e+00,  3.026705e+01
  5.031489e-01,  1.294068e+02
  2.634865e+00,  1.932581e+02
  4.114141e+00,  1.994865e+02
  4.981365e+00,  2.034746e+02
  5.858433e+00,  2.062179e+02
  7.092499e+00,  2.066831e+02
  8.543789e+00,  2.061617e+02
  9.925959e+00,  2.060917e+02
  1.107905e+01,  2.063300e+02
  1.210930e+01,  2.048986e+02
  1.310845e+01,  2.001025e+02
  1.395319e+01,  1.946306e+02
  1.468068e+01,  1.895693e+02
  1.544173e+01,  1.845012e+02
  1.587748e+01,  1.784218e+02
  1.538229e+01,  1.711514e+02
  1.428100e+01,  1.647745e+02
  1.333265e+01,  1.616677e+02
  1.251677e+01,  1.615123e+02
  1.126899e+01,  1.609608e+02
  9.320517e+00,  1.593959e+02
  7.246110e+00,  1.573737e+02
  5.520206e+00,  1.585883e+02
  3.911349e+00,  1.627481e+02
  1.952332e+00,  1.663384e+02
  6.052454e-01,  3.372657e+02
  3.357421e+00,  3.553769e+02
  5.763916e+00,  5.984601e-02
  7.531928e+00,  5.669284e+00
  8.793262e+00,  1.421476e+01
  9.981249e+00,  2.455229e+01
  1.137092e+01,  3.472023e+01
  1.310655e+01,  4.322303e+01
  1.519178e+01,  5.098643e+01
  1.733804e+01,  5.869300e+01
  1.916548e+01,  6.593592e+01
  2.040315e+01,  7.156435e+01
  2.080934e+01,  7.538154e+01
  2.053858e+01,  7.802422e+01
  2.009668e+01,  7.938278e+01
  1.946744e+01,  7.861142e+01
  1.808877e+01,  7.540610e+01
  1.600195e+01,  6.905890e+01
  1.371737e+01,  6.012407e+01
  1.155482e+01,  4.964088e+01
  9.442131e+00,  3.773264e+01
  7.224940e+00,  2.329737e+01
  5.191542e+00,  5.763362e-01
  3.998938e+00,  3.221968e+02
  4.384357e+00,  2.778143e+02
  6.232405e+00,  2.477210e+02
  8.961706e+00,  2.306314e+02
  1.321914e+01,  2.203095e+02
  9.242513e+00,  2.142807e+02
  1.763818e-01,  2.705885e+02
##END=