##TITLE= twqubit_C234790withPC_H_25000_NoBufferfix6
##JCAMP-DX= 5.00 Bruker JCAMP library
##DATA TYPE= Shape Data
##ORIGIN= Colm Fixed Pulses 
##OWNER= d29lu
##DATE= 18-May-2015
##TIME= 18:41
##MINX= 5.520161e-01
##MAXX= 2.067873e+01
##MINY= 1.068425e+00
##MAXY= 3.567085e+02
##$SHAPE_EXMODE= None
##$SHAPE_TOTROT= 9.000000e+01
##$SHAPE_BWFAC= 1.000000e+00
##$SHAPE_INTEGFAC= 1.000000e+00
##$SHAPE_MODE= 1
##NPOINTS= 100
##XYPOINTS= (XY..XY)
  2.122616e+00,  3.157365e+02
  1.942137e+00,  2.565321e+02
  4.411323e+00,  2.109801e+02
  6.671729e+00,  1.958944e+02
  8.221155e+00,  1.872806e+02
  9.331513e+00,  1.784931e+02
  1.035284e+01,  1.686358e+02
  1.138609e+01,  1.590231e+02
  1.237399e+01,  1.491173e+02
  1.347934e+01,  1.380943e+02
  1.478355e+01,  1.284093e+02
  1.608621e+01,  1.206121e+02
  1.719708e+01,  1.147053e+02
  1.819506e+01,  1.100568e+02
  1.917926e+01,  1.063829e+02
  2.004690e+01,  1.037949e+02
  2.057547e+01,  1.018900e+02
  2.067873e+01,  1.005655e+02
  2.027040e+01,  9.991528e+01
  1.934299e+01,  9.985900e+01
  1.783251e+01,  1.003507e+02
  1.582890e+01,  1.023618e+02
  1.363740e+01,  1.081981e+02
  1.174405e+01,  1.193654e+02
  1.054451e+01,  1.339963e+02
  1.013142e+01,  1.504516e+02
  1.060954e+01,  1.659823e+02
  1.186016e+01,  1.778981e+02
  1.323373e+01,  1.853004e+02
  1.408470e+01,  1.899194e+02
  1.419120e+01,  1.928489e+02
  1.364478e+01,  1.949576e+02
  1.254328e+01,  1.972111e+02
  1.111292e+01,  1.988975e+02
  9.435230e+00,  2.013368e+02
  7.596399e+00,  2.038866e+02
  5.683056e+00,  2.063225e+02
  3.734370e+00,  2.074506e+02
  1.697612e+00,  2.093867e+02
  5.520161e-01,  3.338709e+02
  2.444927e+00,  1.316711e+01
  4.160435e+00,  1.593115e+01
  5.549254e+00,  1.545962e+01
  6.440155e+00,  1.430680e+01
  6.857627e+00,  1.437440e+01
  7.015991e+00,  1.648210e+01
  7.152149e+00,  1.990085e+01
  7.378972e+00,  2.419732e+01
  7.680227e+00,  2.867829e+01
  7.987883e+00,  3.170655e+01
  8.138704e+00,  3.299687e+01
  7.965705e+00,  3.238632e+01
  7.477886e+00,  2.922993e+01
  6.877924e+00,  2.255205e+01
  6.362928e+00,  1.182799e+01
  6.187143e+00,  3.567085e+02
  6.716035e+00,  3.393755e+02
  7.856669e+00,  3.252862e+02
  9.324970e+00,  3.147925e+02
  1.098232e+01,  3.074854e+02
  1.273811e+01,  3.023641e+02
  1.445131e+01,  2.982928e+02
  1.593759e+01,  2.950034e+02
  1.726073e+01,  2.924433e+02
  1.855971e+01,  2.902543e+02
  1.955447e+01,  2.876641e+02
  1.995227e+01,  2.843347e+02
  1.983031e+01,  2.805283e+02
  1.921773e+01,  2.772725e+02
  1.799437e+01,  2.749224e+02
  1.632847e+01,  2.734950e+02
  1.447937e+01,  2.744560e+02
  1.258814e+01,  2.798686e+02
  1.107060e+01,  2.894153e+02
  1.032091e+01,  3.030536e+02
  1.036117e+01,  3.180909e+02
  1.091942e+01,  3.321715e+02
  1.183802e+01,  3.443539e+02
  1.302825e+01,  3.539101e+02
  1.424856e+01,  1.068425e+00
  1.518178e+01,  6.265579e+00
  1.546990e+01,  1.079908e+01
  1.496775e+01,  1.470349e+01
  1.378312e+01,  1.827085e+01
  1.196816e+01,  2.190668e+01
  9.560774e+00,  2.509081e+01
  6.725091e+00,  2.992329e+01
  3.800076e+00,  3.980865e+01
  1.417622e+00,  8.789208e+01
  2.924865e+00,  1.744595e+02
  5.457073e+00,  1.892269e+02
  7.550196e+00,  1.938097e+02
  8.889352e+00,  1.969962e+02
  9.445266e+00,  1.993197e+02
  9.317528e+00,  2.013745e+02
  8.546526e+00,  2.038320e+02
  7.184300e+00,  2.076022e+02
  5.402060e+00,  2.146626e+02
  3.215726e+00,  2.381671e+02
  3.619758e+00,  3.208444e+02
##END=