##TITLE= twqubit_C234790withPC_H_25000_NoBufferfix3
##JCAMP-DX= 5.00 Bruker JCAMP library
##DATA TYPE= Shape Data
##ORIGIN= Colm Fixed Pulses 
##OWNER= d29lu
##DATE= 18-May-2015
##TIME= 18:40
##MINX= 5.513772e-01
##MAXX= 2.067858e+01
##MINY= 1.059359e+00
##MAXY= 3.566885e+02
##$SHAPE_EXMODE= None
##$SHAPE_TOTROT= 9.000000e+01
##$SHAPE_BWFAC= 1.000000e+00
##$SHAPE_INTEGFAC= 1.000000e+00
##$SHAPE_MODE= 1
##NPOINTS= 100
##XYPOINTS= (XY..XY)
  2.123745e+00,  3.156920e+02
  1.943141e+00,  2.565896e+02
  4.408584e+00,  2.110355e+02
  6.670817e+00,  1.958772e+02
  8.219845e+00,  1.872810e+02
  9.333253e+00,  1.784834e+02
  1.035458e+01,  1.686460e+02
  1.138988e+01,  1.590271e+02
  1.237329e+01,  1.491232e+02
  1.347748e+01,  1.380890e+02
  1.478372e+01,  1.284164e+02
  1.608405e+01,  1.206257e+02
  1.719504e+01,  1.146989e+02
  1.819499e+01,  1.100381e+02
  1.917807e+01,  1.063815e+02
  2.004992e+01,  1.037756e+02
  2.057158e+01,  1.019085e+02
  2.067858e+01,  1.005622e+02
  2.026922e+01,  9.994433e+01
  1.934242e+01,  9.987835e+01
  1.782906e+01,  1.003256e+02
  1.582890e+01,  1.023337e+02
  1.363832e+01,  1.081966e+02
  1.174576e+01,  1.193682e+02
  1.054356e+01,  1.340083e+02
  1.013296e+01,  1.504474e+02
  1.060866e+01,  1.659793e+02
  1.185744e+01,  1.779287e+02
  1.323353e+01,  1.852965e+02
  1.408645e+01,  1.899104e+02
  1.419361e+01,  1.928624e+02
  1.364497e+01,  1.949602e+02
  1.254283e+01,  1.972232e+02
  1.111437e+01,  1.989192e+02
  9.437094e+00,  2.013450e+02
  7.594006e+00,  2.038641e+02
  5.683013e+00,  2.063372e+02
  3.735049e+00,  2.074964e+02
  1.699480e+00,  2.093299e+02
  5.513772e-01,  3.339355e+02
  2.445663e+00,  1.314976e+01
  4.161053e+00,  1.587125e+01
  5.548824e+00,  1.546901e+01
  6.438480e+00,  1.431057e+01
  6.856286e+00,  1.435442e+01
  7.014072e+00,  1.650402e+01
  7.151445e+00,  1.990779e+01
  7.378290e+00,  2.421069e+01
  7.681050e+00,  2.871147e+01
  7.986003e+00,  3.170008e+01
  8.137152e+00,  3.301341e+01
  7.965583e+00,  3.237874e+01
  7.477810e+00,  2.925935e+01
  6.876417e+00,  2.256361e+01
  6.363916e+00,  1.184890e+01
  6.188011e+00,  3.566885e+02
  6.714987e+00,  3.394015e+02
  7.855562e+00,  3.252987e+02
  9.324592e+00,  3.148011e+02
  1.097902e+01,  3.074725e+02
  1.273857e+01,  3.023297e+02
  1.445231e+01,  2.983071e+02
  1.593909e+01,  2.949895e+02
  1.725897e+01,  2.924332e+02
  1.855617e+01,  2.902548e+02
  1.955459e+01,  2.876502e+02
  1.995427e+01,  2.843216e+02
  1.982940e+01,  2.805165e+02
  1.921471e+01,  2.772729e+02
  1.799403e+01,  2.749459e+02
  1.632958e+01,  2.734958e+02
  1.447754e+01,  2.744645e+02
  1.258981e+01,  2.798445e+02
  1.107082e+01,  2.894292e+02
  1.032173e+01,  3.030459e+02
  1.036123e+01,  3.181043e+02
  1.092031e+01,  3.321805e+02
  1.183580e+01,  3.443572e+02
  1.302487e+01,  3.539193e+02
  1.424847e+01,  1.059359e+00
  1.518462e+01,  6.245603e+00
  1.546946e+01,  1.080528e+01
  1.496679e+01,  1.468072e+01
  1.378350e+01,  1.830368e+01
  1.196803e+01,  2.192515e+01
  9.560352e+00,  2.506063e+01
  6.726175e+00,  2.992751e+01
  3.800217e+00,  3.981631e+01
  1.419034e+00,  8.786199e+01
  2.927264e+00,  1.744919e+02
  5.453174e+00,  1.892447e+02
  7.549922e+00,  1.937972e+02
  8.890121e+00,  1.969956e+02
  9.444735e+00,  1.992771e+02
  9.316982e+00,  2.013991e+02
  8.546322e+00,  2.038151e+02
  7.185914e+00,  2.076060e+02
  5.400308e+00,  2.146396e+02
  3.218396e+00,  2.381659e+02
  3.620527e+00,  3.208122e+02
##END=