##TITLE= twqubit_C290_H_25000_NoBufferfix6
##JCAMP-DX= 5.00 Bruker JCAMP library
##DATA TYPE= Shape Data
##ORIGIN= Colm Fixed Pulses 
##OWNER= d29lu
##DATE= 18-May-2015
##TIME= 18:32
##MINX= 3.948922e-01
##MAXX= 2.696346e+01
##MINY= 4.665810e+00
##MAXY= 3.475762e+02
##$SHAPE_EXMODE= None
##$SHAPE_TOTROT= 9.000000e+01
##$SHAPE_BWFAC= 1.000000e+00
##$SHAPE_INTEGFAC= 1.000000e+00
##$SHAPE_MODE= 1
##NPOINTS= 100
##XYPOINTS= (XY..XY)
  9.862468e-01,  1.636924e+02
  2.608827e+00,  1.985716e+02
  3.362067e+00,  1.766785e+02
  4.848227e+00,  1.138845e+02
  8.425403e+00,  9.034429e+01
  1.199950e+01,  8.001087e+01
  1.533226e+01,  7.282950e+01
  1.771329e+01,  6.821256e+01
  1.920760e+01,  6.579822e+01
  2.051349e+01,  6.684827e+01
  2.167803e+01,  7.159228e+01
  2.212186e+01,  7.755855e+01
  2.173761e+01,  8.267082e+01
  2.097927e+01,  8.587467e+01
  2.025101e+01,  8.732946e+01
  1.888960e+01,  8.663919e+01
  1.627140e+01,  8.253131e+01
  1.342543e+01,  7.593287e+01
  1.112147e+01,  7.056241e+01
  8.978688e+00,  6.562159e+01
  6.931968e+00,  5.697605e+01
  5.547091e+00,  4.235755e+01
  4.715913e+00,  2.054606e+01
  4.572800e+00,  3.465080e+02
  6.038550e+00,  3.154735e+02
  8.138300e+00,  2.995574e+02
  9.550630e+00,  2.917244e+02
  1.015428e+01,  2.863315e+02
  1.049129e+01,  2.821979e+02
  1.088368e+01,  2.775808e+02
  1.112964e+01,  2.699822e+02
  1.138463e+01,  2.606202e+02
  1.192059e+01,  2.546478e+02
  1.249301e+01,  2.543330e+02
  1.288474e+01,  2.574728e+02
  1.297870e+01,  2.639205e+02
  1.293167e+01,  2.726394e+02
  1.313525e+01,  2.812164e+02
  1.374294e+01,  2.873347e+02
  1.458298e+01,  2.900337e+02
  1.521272e+01,  2.902272e+02
  1.505659e+01,  2.903376e+02
  1.397580e+01,  2.927549e+02
  1.242137e+01,  2.973320e+02
  1.051534e+01,  3.013337e+02
  7.974046e+00,  3.050554e+02
  5.098243e+00,  3.114755e+02
  2.697869e+00,  3.237796e+02
  1.267881e+00,  3.431229e+02
  4.893347e-01,  4.665810e+00
  3.948922e-01,  1.892487e+02
  2.871783e+00,  2.451374e+02
  7.432707e+00,  2.573581e+02
  1.273015e+01,  2.631723e+02
  1.752215e+01,  2.659815e+02
  2.154819e+01,  2.670152e+02
  2.467706e+01,  2.671234e+02
  2.696346e+01,  2.673573e+02
  2.620402e+01,  2.666720e+02
  2.328567e+01,  2.657388e+02
  2.043422e+01,  2.662636e+02
  1.729415e+01,  2.681828e+02
  1.398436e+01,  2.718992e+02
  1.091406e+01,  2.772716e+02
  7.818469e+00,  2.821483e+02
  4.277651e+00,  2.925333e+02
  1.940556e+00,  3.475762e+02
  3.095638e+00,  4.404987e+01
  4.205083e+00,  5.907329e+01
  4.894322e+00,  7.065146e+01
  5.358004e+00,  8.062340e+01
  5.597773e+00,  8.803668e+01
  5.881016e+00,  9.205053e+01
  6.447441e+00,  8.931303e+01
  7.426326e+00,  8.121343e+01
  8.733205e+00,  7.307663e+01
  1.005888e+01,  6.716771e+01
  1.140071e+01,  6.316789e+01
  1.284136e+01,  5.991719e+01
  1.442169e+01,  5.759742e+01
  1.640820e+01,  5.700322e+01
  1.884924e+01,  5.915592e+01
  2.101776e+01,  6.405032e+01
  2.178050e+01,  7.105487e+01
  2.063992e+01,  7.837978e+01
  1.836560e+01,  8.294117e+01
  1.600816e+01,  8.284404e+01
  1.366422e+01,  8.138621e+01
  1.085317e+01,  8.170033e+01
  7.790223e+00,  8.042317e+01
  4.787564e+00,  7.285963e+01
  1.953765e+00,  3.989361e+01
  2.566337e+00,  3.002555e+02
  5.767586e+00,  2.852573e+02
  8.828349e+00,  2.806540e+02
  1.128709e+01,  2.778205e+02
  1.285522e+01,  2.754099e+02
  1.304228e+01,  2.725702e+02
  9.849281e+00,  2.503265e+02
  2.912100e+00,  2.073880e+02
##END=