##TITLE= twqubit_C2Y5X90_H_25000_NoBufferfix7
##JCAMP-DX= 5.00 Bruker JCAMP library
##DATA TYPE= Shape Data
##ORIGIN= Colm Fixed Pulses 
##OWNER= d29lu
##DATE= 18-May-2015
##TIME= 18:54
##MINX= 9.218666e-01
##MAXX= 3.060843e+01
##MINY= 5.226964e+00
##MAXY= 3.599993e+02
##$SHAPE_EXMODE= None
##$SHAPE_TOTROT= 9.000000e+01
##$SHAPE_BWFAC= 1.000000e+00
##$SHAPE_INTEGFAC= 1.000000e+00
##$SHAPE_MODE= 1
##NPOINTS= 100
##XYPOINTS= (XY..XY)
  9.218666e-01,  1.588976e+02
  5.339802e+00,  2.511724e+02
  1.081207e+01,  2.538829e+02
  9.190132e+00,  2.394304e+02
  6.370051e+00,  2.093911e+02
  6.165765e+00,  1.642983e+02
  8.739520e+00,  1.357669e+02
  1.221251e+01,  1.252900e+02
  1.617960e+01,  1.223013e+02
  2.037763e+01,  1.234567e+02
  2.378600e+01,  1.246595e+02
  2.551783e+01,  1.247963e+02
  2.375925e+01,  1.220766e+02
  2.040610e+01,  1.186249e+02
  1.612583e+01,  1.152976e+02
  1.187020e+01,  1.154819e+02
  8.273014e+00,  1.233441e+02
  6.081538e+00,  1.471181e+02
  6.474666e+00,  1.780290e+02
  8.658103e+00,  1.942597e+02
  1.086851e+01,  1.990545e+02
  1.247327e+01,  1.991277e+02
  1.418284e+01,  1.942752e+02
  1.684461e+01,  1.859290e+02
  1.971285e+01,  1.757622e+02
  2.123396e+01,  1.654859e+02
  2.170599e+01,  1.552129e+02
  2.173255e+01,  1.457525e+02
  2.098149e+01,  1.367427e+02
  1.995026e+01,  1.284612e+02
  1.949991e+01,  1.239905e+02
  1.908994e+01,  1.248217e+02
  1.821482e+01,  1.291277e+02
  1.761493e+01,  1.335096e+02
  1.796745e+01,  1.352725e+02
  1.877900e+01,  1.327318e+02
  1.912518e+01,  1.261266e+02
  1.852971e+01,  1.161840e+02
  1.711629e+01,  1.024110e+02
  1.556136e+01,  8.436267e+01
  1.484805e+01,  6.293147e+01
  1.550463e+01,  4.216817e+01
  1.697177e+01,  2.568184e+01
  1.854766e+01,  1.362639e+01
  1.979278e+01,  5.226964e+00
  2.004338e+01,  3.580853e+02
  1.880175e+01,  3.487586e+02
  1.660369e+01,  3.369737e+02
  1.424982e+01,  3.285959e+02
  1.209291e+01,  3.334240e+02
  1.163187e+01,  3.556426e+02
  1.496123e+01,  2.131708e+01
  2.056251e+01,  3.731569e+01
  2.505979e+01,  4.590775e+01
  2.714864e+01,  5.064857e+01
  2.485656e+01,  5.088231e+01
  2.176321e+01,  4.770513e+01
  1.934235e+01,  4.131703e+01
  1.790525e+01,  3.239066e+01
  1.652886e+01,  2.225688e+01
  1.399061e+01,  1.191768e+01
  1.041699e+01,  3.599993e+02
  7.287715e+00,  3.404587e+02
  6.097824e+00,  3.103731e+02
  7.549979e+00,  2.845930e+02
  1.054586e+01,  2.744535e+02
  1.381686e+01,  2.709832e+02
  1.620549e+01,  2.692501e+02
  1.681731e+01,  2.671022e+02
  1.530947e+01,  2.634654e+02
  1.243068e+01,  2.587512e+02
  1.032404e+01,  2.534696e+02
  1.043949e+01,  2.542104e+02
  1.178513e+01,  2.596046e+02
  1.248526e+01,  2.653621e+02
  1.260898e+01,  2.691691e+02
  1.285504e+01,  2.691455e+02
  1.262443e+01,  2.657806e+02
  1.202924e+01,  2.600520e+02
  1.253277e+01,  2.528465e+02
  1.433978e+01,  2.449324e+02
  1.569419e+01,  2.367927e+02
  1.552910e+01,  2.278912e+02
  1.417932e+01,  2.193254e+02
  1.229456e+01,  2.136822e+02
  1.039347e+01,  2.112353e+02
  8.766997e+00,  2.152880e+02
  7.848635e+00,  2.267044e+02
  8.154799e+00,  2.420714e+02
  9.734937e+00,  2.546496e+02
  1.206040e+01,  2.625037e+02
  1.489476e+01,  2.670391e+02
  1.831641e+01,  2.711297e+02
  2.214977e+01,  2.737606e+02
  2.638237e+01,  2.752825e+02
  2.941067e+01,  2.751487e+02
  3.060843e+01,  2.744870e+02
  2.876520e+01,  2.729329e+02
  1.575172e+01,  2.670278e+02
  2.740002e+00,  1.410163e+02
##END=