##TITLE= twqubit_C57180_H_25000_NoBufferfix5
##JCAMP-DX= 5.00 Bruker JCAMP library
##DATA TYPE= Shape Data
##ORIGIN= Colm Fixed Pulses 
##OWNER= d29lu
##DATE= 18-May-2015
##TIME= 19:14
##MINX= 3.378352e-01
##MAXX= 2.602196e+01
##MINY= 1.826717e+00
##MAXY= 3.593219e+02
##$SHAPE_EXMODE= None
##$SHAPE_TOTROT= 9.000000e+01
##$SHAPE_BWFAC= 1.000000e+00
##$SHAPE_INTEGFAC= 1.000000e+00
##$SHAPE_MODE= 1
##NPOINTS= 200
##XYPOINTS= (XY..XY)
  3.431587e-01,  3.302492e+02
  3.793872e+00,  2.059603e+01
  9.424878e+00,  1.842346e+01
  1.229531e+01,  1.680088e+01
  1.321742e+01,  1.472288e+01
  1.329774e+01,  1.418333e+01
  1.272034e+01,  1.285298e+01
  1.186293e+01,  9.436978e+00
  1.084575e+01,  5.895256e+00
  9.290852e+00,  6.135001e+00
  7.035886e+00,  1.273900e+01
  4.518177e+00,  2.883041e+01
  2.603295e+00,  6.813520e+01
  3.152183e+00,  1.310465e+02
  5.584979e+00,  1.551332e+02
  8.413098e+00,  1.622625e+02
  1.096715e+01,  1.661708e+02
  1.313716e+01,  1.687973e+02
  1.531259e+01,  1.697549e+02
  1.782959e+01,  1.675705e+02
  2.036397e+01,  1.623750e+02
  2.238257e+01,  1.554725e+02
  2.378894e+01,  1.474203e+02
  2.482786e+01,  1.392821e+02
  2.602196e+01,  1.328301e+02
  2.570359e+01,  1.268797e+02
  2.397713e+01,  1.211694e+02
  2.199295e+01,  1.173767e+02
  1.936255e+01,  1.152816e+02
  1.624872e+01,  1.143960e+02
  1.271410e+01,  1.139751e+02
  8.839909e+00,  1.134217e+02
  4.787688e+00,  1.125016e+02
  6.549609e-01,  9.718512e+01
  3.531422e+00,  2.911942e+02
  7.427248e+00,  2.908098e+02
  1.088549e+01,  2.893732e+02
  1.393977e+01,  2.872772e+02
  1.657194e+01,  2.850377e+02
  1.864344e+01,  2.813086e+02
  1.992874e+01,  2.758630e+02
  2.033981e+01,  2.700144e+02
  2.026646e+01,  2.639994e+02
  1.991410e+01,  2.580386e+02
  1.906164e+01,  2.527756e+02
  1.772503e+01,  2.496471e+02
  1.655790e+01,  2.491806e+02
  1.583444e+01,  2.509169e+02
  1.541784e+01,  2.542235e+02
  1.524751e+01,  2.587025e+02
  1.491401e+01,  2.630711e+02
  1.384369e+01,  2.669457e+02
  1.222179e+01,  2.718227e+02
  1.058825e+01,  2.774217e+02
  8.840765e+00,  2.832377e+02
  7.029189e+00,  2.904534e+02
  5.772960e+00,  3.001079e+02
  4.915733e+00,  3.041577e+02
  3.439204e+00,  2.935783e+02
  1.857479e+00,  2.368302e+02
  3.560416e+00,  1.722658e+02
  6.741167e+00,  1.565696e+02
  1.046860e+01,  1.503013e+02
  1.444551e+01,  1.463714e+02
  1.781713e+01,  1.432192e+02
  1.989477e+01,  1.391748e+02
  2.070734e+01,  1.339381e+02
  2.059058e+01,  1.274795e+02
  1.987311e+01,  1.199690e+02
  1.918848e+01,  1.119946e+02
  1.895000e+01,  1.044257e+02
  1.882983e+01,  9.904484e+01
  1.807157e+01,  9.642593e+01
  1.629780e+01,  9.711338e+01
  1.398652e+01,  1.018862e+02
  1.183415e+01,  1.105979e+02
  1.002597e+01,  1.220725e+02
  8.534280e+00,  1.389921e+02
  7.872430e+00,  1.628257e+02
  8.390107e+00,  1.859823e+02
  9.186350e+00,  2.017658e+02
  9.628363e+00,  2.121191e+02
  9.908573e+00,  2.193160e+02
  1.014829e+01,  2.236891e+02
  1.009397e+01,  2.244706e+02
  9.420419e+00,  2.221138e+02
  8.163685e+00,  2.160540e+02
  6.635018e+00,  2.039503e+02
  5.430670e+00,  1.819086e+02
  5.043383e+00,  1.515413e+02
  5.603491e+00,  1.220024e+02
  6.857922e+00,  1.004081e+02
  8.246591e+00,  8.617454e+01
  9.424786e+00,  7.592307e+01
  1.020578e+01,  6.769038e+01
  1.039389e+01,  6.087134e+01
  9.972211e+00,  5.477222e+01
  9.017420e+00,  4.878786e+01
  7.692685e+00,  4.119900e+01
  6.248258e+00,  3.131793e+01
  5.053276e+00,  1.850193e+01
  4.227078e+00,  5.484242e+00
  3.647651e+00,  3.537169e+02
  3.250836e+00,  3.465328e+02
  3.097375e+00,  3.529040e+02
  3.628513e+00,  1.400996e+01
  5.113394e+00,  3.307780e+01
  7.194940e+00,  4.182776e+01
  9.525261e+00,  4.499201e+01
  1.191982e+01,  4.491357e+01
  1.412711e+01,  4.219820e+01
  1.599113e+01,  3.849431e+01
  1.744570e+01,  3.420450e+01
  1.849573e+01,  2.960928e+01
  1.928397e+01,  2.508905e+01
  1.970727e+01,  2.144300e+01
  1.947771e+01,  1.864951e+01
  1.839584e+01,  1.739802e+01
  1.658242e+01,  1.771130e+01
  1.422975e+01,  2.024769e+01
  1.154322e+01,  2.642039e+01
  8.914888e+00,  3.752568e+01
  6.927887e+00,  5.718376e+01
  6.211301e+00,  8.532997e+01
  6.913777e+00,  1.111290e+02
  8.405764e+00,  1.289213e+02
  1.000456e+01,  1.400508e+02
  1.129932e+01,  1.477432e+02
  1.201221e+01,  1.539644e+02
  1.195600e+01,  1.597338e+02
  1.099178e+01,  1.657699e+02
  9.364626e+00,  1.732279e+02
  7.648851e+00,  1.815781e+02
  6.289533e+00,  1.885047e+02
  5.265837e+00,  1.922722e+02
  4.277351e+00,  1.954242e+02
  3.229158e+00,  1.952370e+02
  2.201020e+00,  1.848100e+02
  1.297687e+00,  1.621868e+02
  3.378352e-01,  7.529071e+01
  1.448154e+00,  3.593219e+02
  3.191644e+00,  1.826717e+00
  5.032324e+00,  6.483341e+00
  6.839960e+00,  8.120816e+00
  8.756568e+00,  8.895468e+00
  1.088920e+01,  1.161564e+01
  1.313676e+01,  1.560861e+01
  1.530632e+01,  2.013971e+01
  1.720947e+01,  2.362471e+01
  1.884031e+01,  2.531381e+01
  2.003298e+01,  2.440685e+01
  2.034933e+01,  2.111628e+01
  1.973490e+01,  1.585327e+01
  1.870162e+01,  1.047049e+01
  1.759270e+01,  6.162535e+00
  1.643029e+01,  3.489968e+00
  1.535226e+01,  2.664300e+00
  1.444063e+01,  4.266438e+00
  1.325202e+01,  7.627687e+00
  1.131011e+01,  1.142399e+01
  8.697602e+00,  1.552942e+01
  5.799990e+00,  2.305019e+01
  3.113821e+00,  4.259081e+01
  2.203055e+00,  1.082309e+02
  4.094626e+00,  1.485130e+02
  6.145659e+00,  1.578168e+02
  7.655646e+00,  1.604372e+02
  8.600941e+00,  1.630784e+02
  9.122694e+00,  1.657720e+02
  9.085149e+00,  1.673305e+02
  8.278928e+00,  1.686359e+02
  6.907593e+00,  1.720236e+02
  5.563572e+00,  1.798279e+02
  4.599492e+00,  1.898739e+02
  3.772416e+00,  1.996563e+02
  2.864589e+00,  2.113344e+02
  2.119176e+00,  2.275811e+02
  1.718260e+00,  2.436911e+02
  1.385307e+00,  2.448359e+02
  1.111770e+00,  2.203677e+02
  1.372132e+00,  1.884513e+02
  2.254104e+00,  1.757350e+02
  3.966936e+00,  1.735801e+02
  6.745564e+00,  1.731700e+02
  1.030580e+01,  1.729816e+02
  1.410604e+01,  1.732360e+02
  1.763775e+01,  1.748602e+02
  2.058470e+01,  1.770252e+02
  2.265855e+01,  1.793970e+02
  2.361445e+01,  1.816983e+02
  2.346156e+01,  1.843167e+02
  2.234661e+01,  1.867389e+02
  2.019578e+01,  1.886476e+02
  1.710068e+01,  1.895376e+02
  1.364518e+01,  1.892873e+02
  1.026464e+01,  1.880241e+02
  6.855604e+00,  1.839413e+02
  3.121164e+00,  1.690289e+02
  2.010205e+00,  4.915916e+01
  8.303022e-01,  3.498938e+02
##END=