##TITLE= twqubit_C6180_H_25000_NoBufferfix10
##JCAMP-DX= 5.00 Bruker JCAMP library
##DATA TYPE= Shape Data
##ORIGIN= Colm Fixed Pulses 
##OWNER= d29lu
##DATE= 18-May-2015
##TIME= 19:7
##MINX= 5.704590e-01
##MAXX= 3.536465e+01
##MINY= 5.843975e+00
##MAXY= 3.590824e+02
##$SHAPE_EXMODE= None
##$SHAPE_TOTROT= 9.000000e+01
##$SHAPE_BWFAC= 1.000000e+00
##$SHAPE_INTEGFAC= 1.000000e+00
##$SHAPE_MODE= 1
##NPOINTS= 200
##XYPOINTS= (XY..XY)
  5.704590e-01,  7.912386e+01
  1.781765e+00,  2.618147e+01
  9.804027e+00,  3.325317e+02
  2.222700e+01,  3.151937e+02
  2.770664e+01,  3.017323e+02
  2.564987e+01,  2.883278e+02
  2.101657e+01,  2.790152e+02
  1.608276e+01,  2.762900e+02
  1.123630e+01,  2.808997e+02
  6.959704e+00,  2.931342e+02
  3.317320e+00,  3.206543e+02
  2.068729e+00,  4.478541e+01
  3.806034e+00,  9.553049e+01
  5.585968e+00,  1.165853e+02
  7.580764e+00,  1.298898e+02
  9.644606e+00,  1.367214e+02
  1.115172e+01,  1.364560e+02
  1.226483e+01,  1.297715e+02
  1.360258e+01,  1.179036e+02
  1.544887e+01,  1.045313e+02
  1.786923e+01,  9.316205e+01
  2.017551e+01,  8.667342e+01
  2.144866e+01,  8.566107e+01
  2.108221e+01,  9.013933e+01
  1.927233e+01,  1.006720e+02
  1.748282e+01,  1.167642e+02
  1.700673e+01,  1.325093e+02
  1.721220e+01,  1.418999e+02
  1.682814e+01,  1.441224e+02
  1.520467e+01,  1.403610e+02
  1.263361e+01,  1.299058e+02
  1.050024e+01,  1.101362e+02
  1.030069e+01,  8.553867e+01
  1.171804e+01,  6.717190e+01
  1.365012e+01,  5.515606e+01
  1.550344e+01,  4.909137e+01
  1.654156e+01,  4.777702e+01
  1.624909e+01,  5.020686e+01
  1.532647e+01,  5.578787e+01
  1.506109e+01,  6.231054e+01
  1.540705e+01,  6.490386e+01
  1.528229e+01,  6.111137e+01
  1.444860e+01,  5.232056e+01
  1.351568e+01,  4.012066e+01
  1.299129e+01,  2.627579e+01
  1.272733e+01,  1.151423e+01
  1.239297e+01,  3.550113e+02
  1.189801e+01,  3.368449e+02
  1.100912e+01,  3.196642e+02
  9.759265e+00,  3.019799e+02
  8.712241e+00,  2.811811e+02
  8.494286e+00,  2.560352e+02
  9.563144e+00,  2.317861e+02
  1.162106e+01,  2.157118e+02
  1.404696e+01,  2.072081e+02
  1.644721e+01,  2.042001e+02
  1.822786e+01,  2.040020e+02
  1.887742e+01,  2.056388e+02
  1.865142e+01,  2.095212e+02
  1.803811e+01,  2.162545e+02
  1.737902e+01,  2.253685e+02
  1.727981e+01,  2.351804e+02
  1.791134e+01,  2.417268e+02
  1.859580e+01,  2.436868e+02
  1.877634e+01,  2.418414e+02
  1.830169e+01,  2.366800e+02
  1.714608e+01,  2.286957e+02
  1.542903e+01,  2.181199e+02
  1.341461e+01,  2.047112e+02
  1.153437e+01,  1.865335e+02
  1.053951e+01,  1.624591e+02
  1.044521e+01,  1.378173e+02
  1.059717e+01,  1.147078e+02
  1.097580e+01,  9.123994e+01
  1.206238e+01,  6.832359e+01
  1.388016e+01,  4.829318e+01
  1.601721e+01,  3.285676e+01
  1.809473e+01,  2.137623e+01
  1.986481e+01,  1.300668e+01
  2.101608e+01,  7.932657e+00
  2.141197e+01,  5.843975e+00
  2.094771e+01,  7.182969e+00
  1.978082e+01,  1.228086e+01
  1.841425e+01,  2.124416e+01
  1.723383e+01,  3.174107e+01
  1.597211e+01,  4.112417e+01
  1.384992e+01,  4.759149e+01
  1.021163e+01,  5.011991e+01
  4.867072e+00,  3.934188e+01
  4.026822e+00,  2.872373e+02
  1.154957e+01,  2.706841e+02
  1.864451e+01,  2.734751e+02
  2.411357e+01,  2.800851e+02
  2.907520e+01,  2.889359e+02
  3.227518e+01,  2.969688e+02
  3.481025e+01,  3.026546e+02
  3.536465e+01,  3.048108e+02
  2.098808e+01,  3.070572e+02
  1.333290e+01,  1.324619e+02
  2.535001e+00,  5.093990e+01
  4.971432e+00,  6.241591e+01
  7.546234e+00,  4.199150e+01
  1.339507e+01,  3.516306e+02
  2.196849e+01,  3.216852e+02
  2.376429e+01,  3.009815e+02
  2.109870e+01,  2.832883e+02
  1.716359e+01,  2.702496e+02
  1.235799e+01,  2.593496e+02
  7.742604e+00,  2.457292e+02
  3.994669e+00,  2.226394e+02
  2.555169e+00,  1.620265e+02
  4.002785e+00,  1.284731e+02
  5.330353e+00,  1.247412e+02
  6.380920e+00,  1.274483e+02
  7.893800e+00,  1.311351e+02
  9.626333e+00,  1.316731e+02
  1.102657e+01,  1.263328e+02
  1.276328e+01,  1.156034e+02
  1.533561e+01,  1.036836e+02
  1.817990e+01,  9.282380e+01
  2.084475e+01,  8.428153e+01
  2.271256e+01,  8.022636e+01
  2.292603e+01,  8.131539e+01
  2.135383e+01,  8.848071e+01
  1.908618e+01,  1.030948e+02
  1.805454e+01,  1.239024e+02
  1.926434e+01,  1.415852e+02
  2.102405e+01,  1.499337e+02
  2.121103e+01,  1.505236e+02
  1.920964e+01,  1.458229e+02
  1.606807e+01,  1.355171e+02
  1.355148e+01,  1.179755e+02
  1.280435e+01,  9.519697e+01
  1.387283e+01,  7.513254e+01
  1.560264e+01,  6.401394e+01
  1.682625e+01,  6.076689e+01
  1.695765e+01,  6.215185e+01
  1.601858e+01,  6.358542e+01
  1.476033e+01,  6.034069e+01
  1.447304e+01,  5.087357e+01
  1.527382e+01,  4.108376e+01
  1.573741e+01,  3.443411e+01
  1.539054e+01,  2.847692e+01
  1.494276e+01,  2.147424e+01
  1.476656e+01,  1.459768e+01
  1.451758e+01,  7.953389e+00
  1.381350e+01,  3.590824e+02
  1.263787e+01,  3.475622e+02
  1.096073e+01,  3.347022e+02
  8.822286e+00,  3.193473e+02
  6.836975e+00,  2.965276e+02
  5.928872e+00,  2.619536e+02
  7.029064e+00,  2.267657e+02
  9.408893e+00,  2.083668e+02
  1.195975e+01,  2.019037e+02
  1.454720e+01,  2.001795e+02
  1.684615e+01,  2.009207e+02
  1.824029e+01,  2.032442e+02
  1.884516e+01,  2.079046e+02
  1.923710e+01,  2.143624e+02
  1.955740e+01,  2.212924e+02
  1.997035e+01,  2.273634e+02
  2.061059e+01,  2.317039e+02
  2.098836e+01,  2.331028e+02
  2.061198e+01,  2.314896e+02
  1.946860e+01,  2.276891e+02
  1.765547e+01,  2.220990e+02
  1.536584e+01,  2.146282e+02
  1.290322e+01,  2.040279e+02
  1.076446e+01,  1.873640e+02
  9.626136e+00,  1.647905e+02
  9.326646e+00,  1.420979e+02
  9.345610e+00,  1.198267e+02
  9.871277e+00,  9.679650e+01
  1.115181e+01,  7.570041e+01
  1.305814e+01,  5.797301e+01
  1.523956e+01,  4.443251e+01
  1.737392e+01,  3.405086e+01
  1.923502e+01,  2.646440e+01
  2.052636e+01,  2.126437e+01
  2.106586e+01,  1.860054e+01
  2.074980e+01,  1.874300e+01
  1.961471e+01,  2.207242e+01
  1.796701e+01,  2.817778e+01
  1.610356e+01,  3.574232e+01
  1.387691e+01,  4.360015e+01
  1.087300e+01,  5.114232e+01
  6.844744e+00,  5.844238e+01
  1.709297e+00,  8.106487e+01
  5.135828e+00,  2.331200e+02
  1.199466e+01,  2.456845e+02
  1.837802e+01,  2.553253e+02
  2.339819e+01,  2.658557e+02
  2.803005e+01,  2.781146e+02
  3.145242e+01,  2.898363e+02
  3.441875e+01,  2.991659e+02
  3.222310e+01,  3.068935e+02
  1.450768e+01,  3.145307e+02
  3.144121e+00,  1.293631e+02
  7.509875e-01,  7.306810e+01
##END=