##TITLE= twqubit_C6180_H_25000_NoBufferfix7
##JCAMP-DX= 5.00 Bruker JCAMP library
##DATA TYPE= Shape Data
##ORIGIN= Colm Fixed Pulses 
##OWNER= d29lu
##DATE= 18-May-2015
##TIME= 19:6
##MINX= 5.720393e-01
##MAXX= 3.536601e+01
##MINY= 5.854224e+00
##MAXY= 3.591138e+02
##$SHAPE_EXMODE= None
##$SHAPE_TOTROT= 9.000000e+01
##$SHAPE_BWFAC= 1.000000e+00
##$SHAPE_INTEGFAC= 1.000000e+00
##$SHAPE_MODE= 1
##NPOINTS= 200
##XYPOINTS= (XY..XY)
  5.720393e-01,  7.916953e+01
  1.781646e+00,  2.625764e+01
  9.804372e+00,  3.325478e+02
  2.222876e+01,  3.152320e+02
  2.770960e+01,  3.017430e+02
  2.564767e+01,  2.883330e+02
  2.101694e+01,  2.790238e+02
  1.608282e+01,  2.763000e+02
  1.123834e+01,  2.809192e+02
  6.959983e+00,  2.931479e+02
  3.318721e+00,  3.206691e+02
  2.069480e+00,  4.480073e+01
  3.806307e+00,  9.552282e+01
  5.586968e+00,  1.166049e+02
  7.580409e+00,  1.299143e+02
  9.645337e+00,  1.367342e+02
  1.115146e+01,  1.364690e+02
  1.226570e+01,  1.297932e+02
  1.360378e+01,  1.179214e+02
  1.544916e+01,  1.045526e+02
  1.787045e+01,  9.318805e+01
  2.017528e+01,  8.669743e+01
  2.144988e+01,  8.567624e+01
  2.108330e+01,  9.015641e+01
  1.927293e+01,  1.006836e+02
  1.748400e+01,  1.167912e+02
  1.700731e+01,  1.325175e+02
  1.721284e+01,  1.419200e+02
  1.682934e+01,  1.441354e+02
  1.520441e+01,  1.403856e+02
  1.263476e+01,  1.299170e+02
  1.050142e+01,  1.101596e+02
  1.030067e+01,  8.556774e+01
  1.171918e+01,  6.719133e+01
  1.365089e+01,  5.516249e+01
  1.550391e+01,  4.910551e+01
  1.654238e+01,  4.778616e+01
  1.624960e+01,  5.022358e+01
  1.532812e+01,  5.580308e+01
  1.506146e+01,  6.233173e+01
  1.540819e+01,  6.491077e+01
  1.528324e+01,  6.112693e+01
  1.444927e+01,  5.234755e+01
  1.351598e+01,  4.014138e+01
  1.299169e+01,  2.628571e+01
  1.272862e+01,  1.153243e+01
  1.239301e+01,  3.550368e+02
  1.189880e+01,  3.368640e+02
  1.100963e+01,  3.196817e+02
  9.759267e+00,  3.019964e+02
  8.712087e+00,  2.811914e+02
  8.493488e+00,  2.560541e+02
  9.564049e+00,  2.318160e+02
  1.162216e+01,  2.157242e+02
  1.404782e+01,  2.072236e+02
  1.644847e+01,  2.042176e+02
  1.822915e+01,  2.040240e+02
  1.887922e+01,  2.056457e+02
  1.865217e+01,  2.095286e+02
  1.803820e+01,  2.162763e+02
  1.738042e+01,  2.253724e+02
  1.728186e+01,  2.351926e+02
  1.791185e+01,  2.417468e+02
  1.859757e+01,  2.436943e+02
  1.877743e+01,  2.418469e+02
  1.830189e+01,  2.366952e+02
  1.714790e+01,  2.287121e+02
  1.542917e+01,  2.181438e+02
  1.341655e+01,  2.047286e+02
  1.153573e+01,  1.865334e+02
  1.053843e+01,  1.624859e+02
  1.044518e+01,  1.378255e+02
  1.059758e+01,  1.147293e+02
  1.097645e+01,  9.125284e+01
  1.206204e+01,  6.833782e+01
  1.387993e+01,  4.829994e+01
  1.601840e+01,  3.286585e+01
  1.809475e+01,  2.139455e+01
  1.986548e+01,  1.300667e+01
  2.101677e+01,  7.943355e+00
  2.141248e+01,  5.854224e+00
  2.094841e+01,  7.187214e+00
  1.978108e+01,  1.228819e+01
  1.841531e+01,  2.126526e+01
  1.723426e+01,  3.176162e+01
  1.597291e+01,  4.113269e+01
  1.384990e+01,  4.759743e+01
  1.021220e+01,  5.013102e+01
  4.867072e+00,  3.936323e+01
  4.027718e+00,  2.872749e+02
  1.155058e+01,  2.706906e+02
  1.864533e+01,  2.735052e+02
  2.411556e+01,  2.800987e+02
  2.907669e+01,  2.889561e+02
  3.227020e+01,  2.969825e+02
  3.481131e+01,  3.026721e+02
  3.536601e+01,  3.048190e+02
  2.098844e+01,  3.070671e+02
  1.333264e+01,  1.324762e+02
  2.535709e+00,  5.099825e+01
  4.971447e+00,  6.241658e+01
  7.546913e+00,  4.200515e+01
  1.339495e+01,  3.516473e+02
  2.197013e+01,  3.216990e+02
  2.376505e+01,  3.009942e+02
  2.110020e+01,  2.833013e+02
  1.716378e+01,  2.702553e+02
  1.235943e+01,  2.593517e+02
  7.744248e+00,  2.457445e+02
  3.995549e+00,  2.226477e+02
  2.554377e+00,  1.620559e+02
  4.002518e+00,  1.284827e+02
  5.329807e+00,  1.247765e+02
  6.381247e+00,  1.274422e+02
  7.893930e+00,  1.311529e+02
  9.625821e+00,  1.316922e+02
  1.102740e+01,  1.263514e+02
  1.276303e+01,  1.156179e+02
  1.533733e+01,  1.036934e+02
  1.818085e+01,  9.284153e+01
  2.084657e+01,  8.428437e+01
  2.271352e+01,  8.023677e+01
  2.292710e+01,  8.133054e+01
  2.135395e+01,  8.849983e+01
  1.908594e+01,  1.031096e+02
  1.805527e+01,  1.239270e+02
  1.926565e+01,  1.415965e+02
  2.102534e+01,  1.499588e+02
  2.121343e+01,  1.505377e+02
  1.921073e+01,  1.458394e+02
  1.606860e+01,  1.355355e+02
  1.355280e+01,  1.179944e+02
  1.280575e+01,  9.520806e+01
  1.387333e+01,  7.514202e+01
  1.560304e+01,  6.402733e+01
  1.682714e+01,  6.078536e+01
  1.695960e+01,  6.216116e+01
  1.601917e+01,  6.361018e+01
  1.476168e+01,  6.034722e+01
  1.447374e+01,  5.090050e+01
  1.527551e+01,  4.109440e+01
  1.573709e+01,  3.444118e+01
  1.539114e+01,  2.849874e+01
  1.494338e+01,  2.149018e+01
  1.476663e+01,  1.462980e+01
  1.451956e+01,  7.965274e+00
  1.381365e+01,  3.591138e+02
  1.263842e+01,  3.475733e+02
  1.096011e+01,  3.347171e+02
  8.822342e+00,  3.193648e+02
  6.837977e+00,  2.965505e+02
  5.929205e+00,  2.619733e+02
  7.029197e+00,  2.267708e+02
  9.409188e+00,  2.083883e+02
  1.196042e+01,  2.019124e+02
  1.454928e+01,  2.001963e+02
  1.684732e+01,  2.009312e+02
  1.824026e+01,  2.032654e+02
  1.884607e+01,  2.079238e+02
  1.923858e+01,  2.143789e+02
  1.955880e+01,  2.213128e+02
  1.997146e+01,  2.273802e+02
  2.061320e+01,  2.317313e+02
  2.098927e+01,  2.331207e+02
  2.061276e+01,  2.315084e+02
  1.946978e+01,  2.276960e+02
  1.765644e+01,  2.221005e+02
  1.536727e+01,  2.146493e+02
  1.290415e+01,  2.040441e+02
  1.076471e+01,  1.873945e+02
  9.627578e+00,  1.648148e+02
  9.327113e+00,  1.421038e+02
  9.346134e+00,  1.198454e+02
  9.870963e+00,  9.681240e+01
  1.115276e+01,  7.571768e+01
  1.305841e+01,  5.797218e+01
  1.524019e+01,  4.444052e+01
  1.737426e+01,  3.406130e+01
  1.923620e+01,  2.648043e+01
  2.052682e+01,  2.127921e+01
  2.106775e+01,  1.862803e+01
  2.075149e+01,  1.875272e+01
  1.961573e+01,  2.208561e+01
  1.796732e+01,  2.818124e+01
  1.610500e+01,  3.575498e+01
  1.387768e+01,  4.361094e+01
  1.087356e+01,  5.116007e+01
  6.844578e+00,  5.845267e+01
  1.709718e+00,  8.107076e+01
  5.135645e+00,  2.331318e+02
  1.199647e+01,  2.456982e+02
  1.837970e+01,  2.553442e+02
  2.340001e+01,  2.658622e+02
  2.802951e+01,  2.781281e+02
  3.145201e+01,  2.898446e+02
  3.442020e+01,  2.991906e+02
  3.222225e+01,  3.068986e+02
  1.450539e+01,  3.145415e+02
  3.144387e+00,  1.293633e+02
  7.511058e-01,  7.322061e+01
##END=