##TITLE= twqubit_C1234690withPC_C_25000_NoBufferfix1
##JCAMP-DX= 5.00 Bruker JCAMP library
##DATA TYPE= Shape Data
##ORIGIN= Colm Fixed Pulses 
##OWNER= d29lu
##DATE= 18-May-2015
##TIME= 17:8
##MINX= 4.014021e-01
##MAXX= 2.756609e+01
##MINY= 1.436364e+00
##MAXY= 3.599996e+02
##$SHAPE_EXMODE= None
##$SHAPE_TOTROT= 9.000000e+01
##$SHAPE_BWFAC= 1.000000e+00
##$SHAPE_INTEGFAC= 1.000000e+00
##$SHAPE_MODE= 1
##NPOINTS= 100
##XYPOINTS= (XY..XY)
  4.014021e-01,  2.107198e+02
  6.949011e+00,  2.767976e+00
  1.810555e+01,  2.850529e+01
  2.087663e+01,  4.986713e+01
  1.192895e+01,  6.508659e+01
  5.482376e+00,  1.910225e+02
  1.773153e+01,  2.244101e+02
  1.902170e+01,  2.259169e+02
  9.708949e+00,  2.231628e+02
  2.936022e+00,  3.512837e+02
  1.378192e+01,  4.043835e+00
  2.175769e+01,  3.569911e+02
  2.299227e+01,  3.599996e+02
  1.491054e+01,  1.900868e+01
  5.102666e+00,  9.098034e+01
  8.262700e+00,  1.914594e+02
  1.020866e+01,  2.574653e+02
  1.507185e+01,  3.293926e+02
  2.179813e+01,  1.724123e+01
  2.308623e+01,  5.485713e+01
  1.936634e+01,  9.310401e+01
  1.293135e+01,  1.326674e+02
  6.772090e+00,  1.837445e+02
  4.788974e+00,  2.278182e+02
  3.608248e+00,  1.887587e+02
  8.820959e+00,  1.494445e+02
  1.180266e+01,  1.408249e+02
  7.528745e+00,  1.144534e+02
  8.808753e+00,  2.573953e+01
  1.919885e+01,  1.436364e+00
  2.405129e+01,  3.523351e+02
  2.112095e+01,  3.449262e+02
  1.273492e+01,  3.261336e+02
  5.956846e+00,  2.810810e+02
  1.091027e+00,  2.129293e+02
  7.180934e+00,  7.726094e+01
  1.541208e+01,  7.101032e+01
  1.697362e+01,  6.383563e+01
  1.200578e+01,  5.270378e+01
  5.269451e+00,  6.138049e+01
  6.530758e+00,  1.210834e+02
  9.205527e+00,  1.223404e+02
  5.635236e+00,  8.142031e+01
  7.900176e+00,  3.589341e+02
  1.086611e+01,  3.373113e+02
  3.928147e+00,  3.422886e+02
  9.988024e+00,  1.103584e+02
  2.242463e+01,  1.098312e+02
  2.756609e+01,  9.703785e+01
  2.699132e+01,  8.026180e+01
  2.238253e+01,  7.061922e+01
  1.308252e+01,  9.147455e+01
  1.414964e+01,  1.663658e+02
  2.241014e+01,  1.986957e+02
  2.146921e+01,  2.194329e+02
  1.157735e+01,  2.545692e+02
  9.324683e+00,  3.534764e+02
  1.497467e+01,  3.573528e+01
  1.079991e+01,  4.345811e+01
  2.576125e+00,  3.438371e+02
  6.612834e+00,  2.706802e+02
  5.535701e+00,  2.603312e+02
  9.299883e-01,  1.088248e+02
  8.584509e+00,  8.105056e+01
  1.360991e+01,  7.014045e+01
  1.523749e+01,  5.771690e+01
  1.217597e+01,  5.123250e+01
  4.379910e+00,  8.462646e+01
  9.950622e+00,  1.846523e+02
  1.731532e+01,  2.079305e+02
  1.822701e+01,  2.259184e+02
  1.571797e+01,  2.521773e+02
  1.300919e+01,  2.890655e+02
  9.897207e+00,  3.362707e+02
  1.005781e+01,  4.230149e+01
  1.325381e+01,  8.239850e+01
  9.898827e+00,  1.020096e+02
  3.306265e+00,  2.049758e+02
  1.573175e+01,  2.595960e+02
  2.366276e+01,  2.613710e+02
  2.451840e+01,  2.555490e+02
  2.102486e+01,  2.532037e+02
  1.501110e+01,  2.635823e+02
  9.431162e+00,  2.927817e+02
  7.717869e+00,  3.329826e+02
  7.414305e+00,  3.537285e+02
  7.407107e+00,  3.538071e+02
  9.349736e+00,  3.503157e+02
  1.189770e+01,  3.499451e+02
  1.220467e+01,  3.447394e+02
  9.002568e+00,  3.198498e+02
  8.986958e+00,  2.587601e+02
  1.312863e+01,  2.295169e+02
  8.449386e+00,  2.008373e+02
  1.045463e+01,  1.065604e+02
  2.015755e+01,  9.891362e+01
  1.539947e+01,  1.153861e+02
  1.063074e+01,  2.301368e+02
  1.679411e+01,  2.715608e+02
  4.117918e+00,  5.468309e+01
##END=