##TITLE= twqubit_C4180_C_25000_NoBufferfix4
##JCAMP-DX= 5.00 Bruker JCAMP library
##DATA TYPE= Shape Data
##ORIGIN= Colm Fixed Pulses 
##OWNER= d29lu
##DATE= 18-May-2015
##TIME= 17:33
##MINX= 4.851473e-01
##MAXX= 4.478923e+01
##MINY= 2.237903e+00
##MAXY= 3.582852e+02
##$SHAPE_EXMODE= None
##$SHAPE_TOTROT= 9.000000e+01
##$SHAPE_BWFAC= 1.000000e+00
##$SHAPE_INTEGFAC= 1.000000e+00
##$SHAPE_MODE= 1
##NPOINTS= 200
##XYPOINTS= (XY..XY)
  9.741669e-01,  1.808133e+02
  6.355967e+00,  1.440671e+02
  7.815566e+00,  7.523500e+01
  3.095676e+01,  4.063724e+01
  4.478923e+01,  6.169996e+01
  3.550901e+01,  1.001476e+02
  1.653234e+01,  1.809487e+02
  2.460321e+01,  2.835287e+02
  2.474320e+01,  3.239903e+02
  7.450161e+00,  1.841191e+01
  1.738737e+01,  1.438799e+02
  2.352870e+01,  1.701851e+02
  1.458650e+01,  2.059813e+02
  1.144735e+01,  2.979798e+02
  1.607179e+01,  3.450309e+02
  1.099696e+01,  1.025837e+01
  4.899104e+00,  5.994080e+01
  8.658128e+00,  9.469186e+01
  1.682169e+01,  9.500276e+01
  2.018149e+01,  9.859489e+01
  1.168099e+01,  1.162691e+02
  9.142683e+00,  2.275968e+02
  1.797754e+01,  2.601115e+02
  1.075001e+01,  2.646746e+02
  5.990808e+00,  9.484739e+01
  1.815038e+01,  1.060564e+02
  1.416719e+01,  1.348465e+02
  1.593470e+01,  2.216293e+02
  2.594919e+01,  2.584675e+02
  1.963231e+01,  2.787065e+02
  2.070429e+00,  2.819480e+01
  1.627754e+01,  1.106243e+02
  1.266638e+01,  1.265016e+02
  4.101406e+00,  3.234368e+02
  2.041412e+01,  3.462053e+02
  2.352525e+01,  3.582852e+02
  1.366076e+01,  2.616183e+00
  2.464072e+00,  1.029349e+02
  1.222964e+01,  1.469057e+02
  1.446439e+01,  1.361382e+02
  1.298580e+01,  1.041253e+02
  1.650844e+01,  8.383005e+01
  2.106615e+01,  9.969347e+01
  2.341767e+01,  1.289550e+02
  1.811690e+01,  1.551276e+02
  2.728950e+00,  1.520324e+02
  1.303037e+01,  3.518934e+01
  1.669900e+01,  5.661071e+01
  5.522762e+00,  9.599058e+01
  1.194347e+01,  2.386872e+02
  1.887836e+01,  2.616756e+02
  1.166611e+01,  2.709170e+02
  1.319536e+00,  1.528200e+02
  9.426042e+00,  1.180937e+02
  7.662045e+00,  1.071432e+02
  4.773225e+00,  2.849260e+01
  9.824702e+00,  3.213616e+00
  7.172533e+00,  1.479134e+01
  3.325280e+00,  1.372442e+02
  1.142008e+01,  1.800925e+02
  1.047766e+01,  1.959406e+02
  2.970989e+00,  2.691438e+02
  9.626635e+00,  3.476961e+02
  8.693632e+00,  3.509907e+02
  6.008248e+00,  2.278835e+02
  2.435844e+01,  2.181741e+02
  3.128820e+01,  2.298975e+02
  2.016017e+01,  2.567571e+02
  1.222106e+01,  1.402485e+01
  2.791660e+01,  6.341331e+01
  2.335821e+01,  8.103853e+01
  6.205977e+00,  1.582235e+02
  2.085617e+01,  2.340429e+02
  2.214193e+01,  2.285247e+02
  1.728311e+01,  1.872872e+02
  1.723133e+01,  1.497361e+02
  1.077574e+01,  1.179497e+02
  6.898411e+00,  2.580410e+01
  1.482862e+01,  3.473003e+02
  1.705637e+01,  3.384265e+02
  1.379867e+01,  3.372287e+02
  8.933055e+00,  3.369115e+02
  5.072502e+00,  3.240415e+02
  2.295981e+00,  2.500059e+02
  1.012376e+01,  1.791547e+02
  1.937733e+01,  1.750667e+02
  1.791068e+01,  1.749339e+02
  4.104778e+00,  1.451965e+02
  1.450820e+01,  2.373376e+01
  2.273817e+01,  2.158950e+01
  1.538669e+01,  1.313211e+01
  6.490866e+00,  2.866468e+02
  1.531251e+01,  2.479045e+02
  1.377440e+01,  2.354779e+02
  5.323456e+00,  1.795677e+02
  1.018262e+01,  1.070814e+02
  1.122472e+01,  1.090850e+02
  3.903250e+00,  1.528412e+02
  5.583819e+00,  2.766748e+02
  7.177536e+00,  3.215270e+02
  3.690397e+00,  1.219802e+01
  2.514290e+00,  1.951001e+02
  1.358496e+01,  2.495541e+02
  2.376263e+01,  2.791935e+02
  2.580994e+01,  3.061956e+02
  2.211420e+01,  3.555454e+02
  3.111290e+01,  5.876409e+01
  3.974827e+01,  9.296978e+01
  2.884287e+01,  1.208719e+02
  9.596158e+00,  2.190224e+02
  2.988455e+01,  2.949891e+02
  3.170292e+01,  3.182920e+02
  1.386881e+01,  3.577793e+02
  1.575178e+01,  1.129144e+02
  2.182921e+01,  1.352023e+02
  1.324903e+01,  1.284649e+02
  3.154638e+00,  6.530856e+01
  4.898732e+00,  2.918141e+02
  1.440520e+01,  2.505775e+02
  2.068652e+01,  2.355225e+02
  1.710776e+01,  2.162799e+02
  9.227486e+00,  1.619893e+02
  1.208589e+01,  9.804371e+01
  1.384719e+01,  7.364826e+01
  1.088095e+01,  3.882883e+01
  1.193766e+01,  3.554824e+02
  1.440607e+01,  3.494519e+02
  1.267739e+01,  1.187457e+01
  8.607253e+00,  5.218061e+01
  4.763126e+00,  1.331800e+02
  1.061211e+01,  2.097916e+02
  1.573949e+01,  2.309448e+02
  1.249155e+01,  2.292278e+02
  5.485448e+00,  1.712837e+02
  1.202370e+01,  1.124385e+02
  1.580313e+01,  9.915577e+01
  1.274692e+01,  7.408333e+01
  9.394871e+00,  2.065766e+01
  1.089540e+01,  3.321537e+02
  1.114524e+01,  3.047928e+02
  1.010444e+01,  2.828347e+02
  9.613857e+00,  2.626427e+02
  7.627949e+00,  2.381854e+02
  3.249858e+00,  1.782981e+02
  8.725591e+00,  8.495943e+01
  1.861629e+01,  7.128801e+01
  2.399397e+01,  5.970887e+01
  2.332450e+01,  4.377022e+01
  1.857317e+01,  2.882367e+01
  1.307792e+01,  2.874844e+01
  1.089804e+01,  5.243684e+01
  1.104041e+01,  7.554668e+01
  8.156259e+00,  9.611505e+01
  5.939675e+00,  1.483165e+02
  1.076269e+01,  1.851052e+02
  1.463688e+01,  1.934457e+02
  1.225651e+01,  1.943093e+02
  3.560072e+00,  1.800766e+02
  5.109716e+00,  2.491260e+01
  9.056295e+00,  2.237903e+00
  6.633473e+00,  3.201678e+02
  1.029195e+01,  2.567229e+02
  1.712004e+01,  2.550362e+02
  1.224018e+01,  2.785523e+02
  1.219098e+01,  4.431270e+01
  3.026897e+01,  8.326599e+01
  3.083323e+01,  9.435187e+01
  1.294198e+01,  7.122990e+01
  1.598802e+01,  3.236628e+02
  2.381015e+01,  3.069884e+02
  1.727884e+01,  3.005523e+02
  6.753854e+00,  3.007571e+02
  6.521522e+00,  3.290564e+02
  1.527855e+01,  3.283818e+02
  2.103190e+01,  3.197360e+02
  1.815064e+01,  3.081503e+02
  7.473874e+00,  2.860672e+02
  4.401017e+00,  1.477229e+02
  9.726957e+00,  1.258762e+02
  4.991083e+00,  1.233807e+02
  5.204198e+00,  2.698206e+02
  1.568653e+01,  2.726203e+02
  1.926086e+01,  2.680195e+02
  1.525133e+01,  2.688155e+02
  7.242553e+00,  2.664345e+02
  5.262475e+00,  2.158958e+02
  1.215807e+01,  2.161809e+02
  1.878832e+01,  2.379721e+02
  2.347514e+01,  2.599210e+02
  2.835420e+01,  2.806864e+02
  3.230422e+01,  3.021126e+02
  2.836032e+01,  3.327319e+02
  1.656740e+01,  3.295919e+01
  2.183129e+01,  1.216978e+02
  2.792927e+01,  1.485474e+02
  2.155311e+01,  1.475763e+02
  1.089253e+01,  1.325118e+02
  1.223338e+00,  1.912957e+02
  3.503670e+00,  2.331029e+02
  4.851473e-01,  1.659464e+02
##END=