##TITLE= twqubit_C2347andH180_C_25000_NoBufferfix8
##JCAMP-DX= 5.00 Bruker JCAMP library
##DATA TYPE= Shape Data
##ORIGIN= Colm Fixed Pulses 
##OWNER= d29lu
##DATE= 18-May-2015
##TIME= 17:57
##MINX= 6.190952e-01
##MAXX= 5.994620e+01
##MINY= 1.309001e+00
##MAXY= 3.590875e+02
##$SHAPE_EXMODE= None
##$SHAPE_TOTROT= 9.000000e+01
##$SHAPE_BWFAC= 1.000000e+00
##$SHAPE_INTEGFAC= 1.000000e+00
##$SHAPE_MODE= 1
##NPOINTS= 200
##XYPOINTS= (XY..XY)
  8.383092e-01,  3.407886e+02
  3.991186e+00,  7.492980e+01
  1.097883e+01,  8.903708e+01
  1.604251e+01,  1.286168e+02
  1.893441e+01,  1.561049e+02
  1.287485e+01,  1.705391e+02
  6.973558e+00,  1.860122e+02
  2.502237e+00,  2.860173e+02
  1.258629e+01,  3.590082e+02
  2.376614e+01,  2.545975e+01
  2.642913e+01,  5.503730e+01
  1.852011e+01,  9.439691e+01
  4.827681e+00,  1.800045e+02
  1.238041e+01,  2.992805e+02
  8.473305e+00,  3.518617e+02
  1.669671e+01,  1.205661e+02
  2.866686e+01,  1.375544e+02
  1.875800e+01,  1.158580e+02
  1.335949e+01,  1.118214e+01
  2.700278e+01,  3.098189e+02
  3.450409e+01,  2.580516e+02
  4.196664e+01,  2.060317e+02
  3.659917e+01,  1.843597e+02
  7.285416e+00,  2.425451e+02
  2.995283e+01,  3.472388e+02
  2.846012e+01,  1.875052e+01
  1.732138e+01,  1.161810e+02
  3.034411e+01,  1.879732e+02
  2.118527e+01,  2.344167e+02
  1.767616e+01,  3.572192e+02
  3.102657e+01,  3.894442e+01
  2.453084e+01,  4.232224e+01
  1.766353e+01,  2.847748e+01
  1.871283e+01,  5.803433e+01
  3.225015e+01,  8.640844e+01
  4.215085e+01,  9.540858e+01
  3.299968e+01,  1.225856e+02
  2.371783e+01,  1.884061e+02
  1.433832e+01,  2.404523e+02
  1.065823e+01,  3.067181e+01
  2.583512e+01,  5.260911e+01
  2.876248e+01,  4.346858e+01
  2.420691e+01,  3.431779e+01
  1.350930e+01,  3.641288e+01
  8.908280e+00,  1.188272e+02
  2.854306e+01,  1.734121e+02
  3.831380e+01,  2.069660e+02
  2.734217e+01,  2.641520e+02
  2.696196e+01,  3.563948e+02
  2.801247e+01,  3.653976e+01
  1.230148e+01,  1.993023e+01
  7.276208e+00,  3.197187e+02
  4.018294e+00,  1.128520e+02
  1.682997e+01,  1.265886e+02
  1.384775e+01,  1.356823e+02
  5.964120e+00,  2.109265e+02
  1.328700e+01,  2.537761e+02
  1.131388e+01,  2.302014e+02
  1.520599e+01,  1.616763e+02
  2.566273e+01,  1.402306e+02
  2.403131e+01,  1.334242e+02
  1.609810e+01,  1.491221e+02
  2.158643e+01,  1.740875e+02
  3.169457e+01,  1.683934e+02
  3.174847e+01,  1.710496e+02
  1.988604e+01,  1.926788e+02
  6.497701e+00,  2.209234e+02
  1.475589e+00,  1.144618e+02
  2.477569e+00,  1.197397e+02
  2.644392e+00,  3.579749e+02
  6.702653e+00,  2.790539e+01
  5.125150e+00,  1.429528e+02
  1.842763e+01,  2.250304e+02
  2.299471e+01,  2.702869e+02
  1.789868e+01,  3.324341e+02
  1.376896e+01,  4.568175e+01
  1.409120e+01,  1.587655e+02
  3.236265e+01,  2.040864e+02
  3.897873e+01,  2.088057e+02
  3.212546e+01,  2.129348e+02
  2.311619e+01,  2.493657e+02
  2.084242e+01,  2.882024e+02
  2.727296e+00,  4.260792e+01
  3.026655e+01,  1.083239e+02
  3.475849e+01,  9.669297e+01
  1.981828e+01,  5.015461e+01
  2.577716e+01,  3.278861e+02
  3.249702e+01,  2.932091e+02
  2.630247e+01,  2.494785e+02
  1.925104e+01,  1.942237e+02
  2.201175e+01,  1.379229e+02
  2.576436e+01,  1.147528e+02
  1.422358e+01,  1.021323e+02
  8.251322e+00,  2.163545e+02
  2.441498e+01,  2.177488e+02
  2.584819e+01,  1.984353e+02
  1.603971e+01,  1.575216e+02
  1.785707e+01,  9.607921e+01
  2.124858e+01,  7.399251e+01
  1.682436e+01,  4.834544e+01
  1.489366e+01,  1.653472e+01
  1.283460e+01,  1.319719e+01
  1.895381e+00,  1.582474e+01
  1.283467e+01,  2.070980e+02
  1.964456e+01,  2.005387e+02
  1.795509e+01,  1.625284e+02
  2.678682e+01,  1.287224e+02
  3.016779e+01,  1.307453e+02
  1.917517e+01,  1.487007e+02
  1.957986e+00,  2.593305e+02
  1.547930e+01,  3.564111e+02
  1.245452e+01,  5.713876e+01
  3.126198e+01,  1.498913e+02
  4.686881e+01,  1.715071e+02
  4.308669e+01,  2.014044e+02
  4.177054e+01,  2.713438e+02
  5.994620e+01,  3.184867e+02
  4.690007e+01,  3.519713e+02
  3.089990e+01,  3.966970e+01
  1.683394e+01,  7.614794e+01
  4.290273e+00,  1.777168e+02
  1.277918e+01,  2.242265e+02
  9.003911e+00,  2.191186e+02
  4.746022e+00,  2.341420e+02
  1.663097e+01,  2.702344e+02
  3.029066e+01,  2.774489e+02
  2.525200e+01,  2.839176e+02
  3.502276e+00,  3.590875e+02
  1.934450e+01,  9.421369e+01
  1.501933e+01,  1.041081e+02
  3.186122e+00,  2.716734e+02
  1.403779e+01,  2.934461e+02
  7.409986e+00,  3.059420e+02
  6.059659e+00,  7.804746e+01
  1.550026e+01,  8.864251e+01
  1.495886e+01,  9.315979e+01
  9.647537e+00,  1.575768e+02
  2.281695e+01,  2.072520e+02
  2.647297e+01,  2.056136e+02
  1.723462e+01,  1.668022e+02
  2.053461e+01,  9.378334e+01
  2.471452e+01,  6.428818e+01
  1.458666e+01,  2.660165e+01
  1.322964e+01,  2.972841e+02
  1.893694e+01,  2.552409e+02
  1.893186e+01,  2.196155e+02
  1.598596e+01,  1.961167e+02
  4.589574e+00,  2.184231e+02
  1.451900e+01,  3.345213e+02
  2.511054e+01,  3.402124e+02
  2.463351e+01,  3.326347e+02
  1.877051e+01,  3.058387e+02
  1.712426e+01,  2.571891e+02
  1.998457e+01,  2.105023e+02
  2.364783e+01,  1.737198e+02
  2.124996e+01,  1.439544e+02
  1.191352e+01,  9.134241e+01
  1.354102e+01,  1.025820e+01
  1.445915e+01,  3.415872e+02
  2.260140e+00,  3.004011e+02
  1.226346e+01,  1.711143e+02
  1.911823e+01,  1.817848e+02
  2.173670e+01,  2.002794e+02
  2.561028e+01,  2.169251e+02
  2.572974e+01,  2.274626e+02
  1.689394e+01,  2.297264e+02
  3.607629e+00,  2.140134e+02
  4.025749e+00,  1.814216e+01
  1.080825e+01,  3.558942e+02
  1.317356e+01,  3.493852e+00
  1.202906e+01,  4.926858e+01
  1.714986e+01,  1.028210e+02
  1.781505e+01,  1.357895e+02
  6.950133e+00,  1.977694e+02
  1.791225e+01,  3.215619e+02
  2.775114e+01,  1.309001e+00
  2.078991e+01,  3.995478e+01
  8.828716e+00,  1.445233e+02
  2.328997e+01,  2.167982e+02
  2.697921e+01,  2.161928e+02
  2.826213e+01,  1.853391e+02
  2.375693e+01,  1.713047e+02
  3.118264e+00,  2.454798e+02
  1.924773e+01,  3.287912e+02
  1.061650e+01,  3.164949e+02
  2.020810e+01,  1.772291e+02
  3.892638e+01,  1.676380e+02
  3.460296e+01,  1.458849e+02
  2.967313e+01,  1.018921e+02
  2.580534e+01,  7.737434e+01
  9.565334e+00,  6.360959e+01
  5.407395e+00,  2.771632e+02
  1.064212e+01,  3.111467e+02
  1.772520e+01,  2.112382e+01
  2.320244e+01,  7.411753e+01
  2.713028e+01,  1.692916e+02
  4.671609e+01,  2.334021e+02
  2.645489e+01,  3.467265e+02
  5.661833e+00,  2.942697e+02
  6.190952e-01,  7.757868e+01
##END=