##TITLE= twqubit_C23180_H_25000_NoBufferfix7
##JCAMP-DX= 5.00 Bruker JCAMP library
##DATA TYPE= Shape Data
##ORIGIN= Colm Fixed Pulses 
##OWNER= d29lu
##DATE= 18-May-2015
##TIME= 19:23
##MINX= 1.474602e-01
##MAXX= 2.326868e+01
##MINY= 9.625211e+00
##MAXY= 3.562123e+02
##$SHAPE_EXMODE= None
##$SHAPE_TOTROT= 9.000000e+01
##$SHAPE_BWFAC= 1.000000e+00
##$SHAPE_INTEGFAC= 1.000000e+00
##$SHAPE_MODE= 1
##NPOINTS= 200
##XYPOINTS= (XY..XY)
  1.474602e-01,  3.275402e+02
  2.262157e+00,  1.803189e+02
  7.645297e+00,  1.805210e+02
  1.258634e+01,  1.742244e+02
  1.511034e+01,  1.635768e+02
  1.640988e+01,  1.527766e+02
  1.680096e+01,  1.424280e+02
  1.632450e+01,  1.331559e+02
  1.520353e+01,  1.253915e+02
  1.349512e+01,  1.194901e+02
  1.135983e+01,  1.159391e+02
  9.319212e+00,  1.117941e+02
  7.924573e+00,  1.028358e+02
  7.626943e+00,  8.824160e+01
  8.544713e+00,  7.589208e+01
  1.011667e+01,  7.063240e+01
  1.185664e+01,  7.156799e+01
  1.357151e+01,  7.729796e+01
  1.514863e+01,  8.703241e+01
  1.645841e+01,  9.668602e+01
  1.741386e+01,  1.031386e+02
  1.823731e+01,  1.059043e+02
  1.889199e+01,  1.055721e+02
  1.904160e+01,  1.033518e+02
  1.872622e+01,  9.875682e+01
  1.812657e+01,  9.185930e+01
  1.687823e+01,  8.479470e+01
  1.470370e+01,  7.902225e+01
  1.201791e+01,  7.544138e+01
  9.267328e+00,  7.339039e+01
  6.501347e+00,  7.803977e+01
  4.437333e+00,  1.030304e+02
  4.847171e+00,  1.416793e+02
  6.916942e+00,  1.597293e+02
  9.352288e+00,  1.654827e+02
  1.172526e+01,  1.660379e+02
  1.348066e+01,  1.630350e+02
  1.431620e+01,  1.576054e+02
  1.457639e+01,  1.505943e+02
  1.454342e+01,  1.434779e+02
  1.396111e+01,  1.362601e+02
  1.274703e+01,  1.275347e+02
  1.121622e+01,  1.155164e+02
  9.689256e+00,  9.818593e+01
  8.971286e+00,  7.293084e+01
  1.027771e+01,  4.610390e+01
  1.312344e+01,  2.822653e+01
  1.587231e+01,  1.829425e+01
  1.731208e+01,  1.265107e+01
  1.703643e+01,  9.625211e+00
  1.521171e+01,  9.834464e+00
  1.256071e+01,  1.599985e+01
  1.015577e+01,  3.017602e+01
  9.213395e+00,  5.524266e+01
  1.060635e+01,  8.227090e+01
  1.376813e+01,  1.002203e+02
  1.730839e+01,  1.104570e+02
  2.027217e+01,  1.159629e+02
  2.229327e+01,  1.187462e+02
  2.326868e+01,  1.196991e+02
  2.275913e+01,  1.195735e+02
  2.062307e+01,  1.183522e+02
  1.756584e+01,  1.156879e+02
  1.447590e+01,  1.104676e+02
  1.175537e+01,  1.027212e+02
  9.911020e+00,  9.024257e+01
  9.599377e+00,  7.644670e+01
  1.061074e+01,  6.692612e+01
  1.181367e+01,  6.163574e+01
  1.199768e+01,  5.766384e+01
  1.061192e+01,  5.230605e+01
  8.107386e+00,  4.220428e+01
  5.780431e+00,  2.266369e+01
  5.242763e+00,  3.562123e+02
  6.486053e+00,  3.450975e+02
  8.303397e+00,  3.460273e+02
  9.647830e+00,  3.471493e+02
  9.758953e+00,  3.425154e+02
  8.966679e+00,  3.288467e+02
  8.894703e+00,  3.057549e+02
  1.064880e+01,  2.847548e+02
  1.322866e+01,  2.720910e+02
  1.538796e+01,  2.643458e+02
  1.661681e+01,  2.580139e+02
  1.681150e+01,  2.511523e+02
  1.638647e+01,  2.427174e+02
  1.606654e+01,  2.333451e+02
  1.597662e+01,  2.238005e+02
  1.588097e+01,  2.130920e+02
  1.604001e+01,  2.009627e+02
  1.664354e+01,  1.902753e+02
  1.727544e+01,  1.833923e+02
  1.738136e+01,  1.808855e+02
  1.660315e+01,  1.833631e+02
  1.513589e+01,  1.909594e+02
  1.346658e+01,  2.024619e+02
  1.188592e+01,  2.169315e+02
  1.084373e+01,  2.342525e+02
  1.097950e+01,  2.534230e+02
  1.210963e+01,  2.691150e+02
  1.352867e+01,  2.791679e+02
  1.480170e+01,  2.852042e+02
  1.559085e+01,  2.870836e+02
  1.548707e+01,  2.853871e+02
  1.437148e+01,  2.812116e+02
  1.250662e+01,  2.755467e+02
  1.049284e+01,  2.666367e+02
  8.626695e+00,  2.562301e+02
  6.795344e+00,  2.461864e+02
  4.834889e+00,  2.383241e+02
  3.133391e+00,  2.332421e+02
  2.362932e+00,  2.293465e+02
  2.663105e+00,  2.203449e+02
  3.550157e+00,  2.085847e+02
  4.669516e+00,  1.967195e+02
  6.347099e+00,  1.839282e+02
  8.650888e+00,  1.698396e+02
  1.081140e+01,  1.534110e+02
  1.217361e+01,  1.345663e+02
  1.282867e+01,  1.161687e+02
  1.319303e+01,  1.031177e+02
  1.349806e+01,  9.636200e+01
  1.380036e+01,  9.463689e+01
  1.424122e+01,  9.739257e+01
  1.492962e+01,  1.035876e+02
  1.556181e+01,  1.096041e+02
  1.564017e+01,  1.130963e+02
  1.514615e+01,  1.143023e+02
  1.438076e+01,  1.148764e+02
  1.349888e+01,  1.152466e+02
  1.262437e+01,  1.154066e+02
  1.194972e+01,  1.153434e+02
  1.155769e+01,  1.154710e+02
  1.129407e+01,  1.165715e+02
  1.081467e+01,  1.181362e+02
  9.953293e+00,  1.193852e+02
  8.711697e+00,  1.206947e+02
  6.812222e+00,  1.232938e+02
  4.123823e+00,  1.294176e+02
  1.209047e+00,  1.610497e+02
  2.773639e+00,  2.803490e+02
  6.077258e+00,  2.920056e+02
  9.173826e+00,  2.919965e+02
  1.128301e+01,  2.881468e+02
  1.173215e+01,  2.805877e+02
  1.045305e+01,  2.678719e+02
  8.387595e+00,  2.470168e+02
  6.873344e+00,  2.149618e+02
  6.920789e+00,  1.770021e+02
  8.412063e+00,  1.463510e+02
  1.051185e+01,  1.254407e+02
  1.275973e+01,  1.111707e+02
  1.477090e+01,  1.022239e+02
  1.620692e+01,  9.771726e+01
  1.707266e+01,  9.622688e+01
  1.768809e+01,  9.689013e+01
  1.856911e+01,  9.860073e+01
  1.989661e+01,  9.964620e+01
  2.104811e+01,  9.941118e+01
  2.117914e+01,  9.759372e+01
  1.993950e+01,  9.464468e+01
  1.752530e+01,  9.197423e+01
  1.435826e+01,  9.134526e+01
  1.108920e+01,  9.605205e+01
  8.672699e+00,  1.080994e+02
  7.595143e+00,  1.228278e+02
  6.956154e+00,  1.316433e+02
  5.823285e+00,  1.367888e+02
  4.528480e+00,  1.449175e+02
  4.077900e+00,  1.600660e+02
  4.856274e+00,  1.704202e+02
  6.331085e+00,  1.695530e+02
  8.132673e+00,  1.618172e+02
  1.010521e+01,  1.518921e+02
  1.211846e+01,  1.422409e+02
  1.408369e+01,  1.329192e+02
  1.598405e+01,  1.254555e+02
  1.786059e+01,  1.195423e+02
  1.973438e+01,  1.146218e+02
  2.126062e+01,  1.102836e+02
  2.196631e+01,  1.066257e+02
  2.149360e+01,  1.044991e+02
  1.980190e+01,  1.055270e+02
  1.707291e+01,  1.110986e+02
  1.397565e+01,  1.237039e+02
  1.188638e+01,  1.462405e+02
  1.196040e+01,  1.720448e+02
  1.339912e+01,  1.916899e+02
  1.495645e+01,  2.050414e+02
  1.600766e+01,  2.136577e+02
  1.614481e+01,  2.187572e+02
  1.557343e+01,  2.210045e+02
  1.518522e+01,  2.205022e+02
  1.539302e+01,  2.186635e+02
  1.559529e+01,  2.168783e+02
  1.524912e+01,  2.151806e+02
  1.441511e+01,  2.125855e+02
  1.255010e+01,  2.091687e+02
  5.278450e+00,  1.986693e+02
  5.846254e-01,  3.387899e+02
##END=