##TITLE= twqubit_C23456180_C_25000_NoBufferfix5
##JCAMP-DX= 5.00 Bruker JCAMP library
##DATA TYPE= Shape Data
##ORIGIN= Colm Fixed Pulses 
##OWNER= d29lu
##DATE= 18-May-2015
##TIME= 18:0
##MINX= 2.694517e-01
##MAXX= 3.611595e+01
##MINY= 6.779728e-01
##MAXY= 3.597517e+02
##$SHAPE_EXMODE= None
##$SHAPE_TOTROT= 9.000000e+01
##$SHAPE_BWFAC= 1.000000e+00
##$SHAPE_INTEGFAC= 1.000000e+00
##$SHAPE_MODE= 1
##NPOINTS= 200
##XYPOINTS= (XY..XY)
  2.694517e-01,  2.936074e+02
  7.344539e+00,  3.359650e+02
  1.475869e+01,  3.359069e+02
  1.026195e+01,  3.236561e+02
  5.263149e+00,  3.243390e+02
  7.350381e+00,  1.913726e+01
  1.534618e+01,  4.005426e+01
  1.824970e+01,  4.625186e+01
  1.302428e+01,  5.227754e+01
  4.733414e+00,  9.942310e+01
  1.202411e+01,  1.695926e+02
  2.160921e+01,  1.749638e+02
  2.636104e+01,  1.744036e+02
  2.465711e+01,  1.779021e+02
  1.569166e+01,  1.852761e+02
  1.196922e+00,  2.193622e+02
  1.167987e+01,  1.822033e+01
  1.806545e+01,  3.847519e+01
  1.648293e+01,  6.953072e+01
  1.643985e+01,  1.271028e+02
  2.479679e+01,  1.701382e+02
  2.887933e+01,  1.894358e+02
  2.142550e+01,  1.988043e+02
  5.388837e+00,  1.971935e+02
  5.251383e+00,  2.519536e+01
  5.813099e+00,  1.478779e+01
  3.148014e+00,  2.661814e+02
  1.001515e+01,  2.300151e+02
  9.556885e+00,  2.190424e+02
  2.244904e+00,  1.848799e+02
  5.347901e+00,  3.729167e+01
  1.007793e+01,  6.111468e+00
  1.287001e+01,  3.337660e+02
  1.333098e+01,  3.099266e+02
  6.851970e+00,  2.929746e+02
  3.937379e+00,  1.169783e+02
  1.435911e+01,  1.125079e+02
  1.478463e+01,  1.117338e+02
  4.406873e+00,  1.168716e+02
  8.453463e+00,  2.795342e+02
  1.725176e+01,  2.884374e+02
  1.555477e+01,  2.942197e+02
  6.168594e+00,  3.110097e+02
  3.589011e+00,  8.099086e+01
  5.966538e+00,  1.237258e+02
  3.884819e+00,  2.084975e+02
  1.197899e+01,  2.842377e+02
  2.025330e+01,  3.110866e+02
  2.204471e+01,  3.251990e+02
  1.669882e+01,  3.360512e+02
  6.886129e+00,  3.584764e+02
  3.379875e+00,  9.750691e+01
  3.911350e+00,  1.407168e+02
  1.430347e+00,  2.358741e+02
  6.681131e+00,  2.875779e+02
  1.280695e+01,  2.832068e+02
  1.912225e+01,  2.762962e+02
  2.292563e+01,  2.801341e+02
  2.207167e+01,  2.978856e+02
  2.050433e+01,  3.280684e+02
  1.980997e+01,  3.565159e+02
  1.508011e+01,  2.247626e+01
  9.863279e+00,  8.267929e+01
  1.748299e+01,  1.438249e+02
  2.215758e+01,  1.761737e+02
  1.978625e+01,  2.261463e+02
  2.465935e+01,  2.920004e+02
  2.919143e+01,  3.365255e+02
  2.317264e+01,  2.858112e+01
  2.440582e+01,  1.050157e+02
  2.994303e+01,  1.502640e+02
  2.155063e+01,  1.814860e+02
  9.016968e+00,  2.501686e+02
  1.316230e+01,  3.126549e+02
  1.045591e+01,  2.966413e+02
  1.318367e+01,  2.398573e+02
  1.772184e+01,  2.272585e+02
  1.126621e+01,  2.359477e+02
  5.590097e+00,  3.284717e+02
  1.299446e+01,  1.143524e+01
  1.167518e+01,  1.652343e+01
  3.480940e+00,  5.394612e+00
  2.634200e+00,  2.324382e+02
  2.652290e+00,  2.378257e+02
  3.080209e+00,  3.597517e+02
  9.166064e+00,  2.110556e+01
  1.013373e+01,  2.943751e+01
  5.137493e+00,  5.625155e+01
  7.100989e+00,  1.482650e+02
  1.446202e+01,  1.723819e+02
  1.560669e+01,  1.823312e+02
  1.037005e+01,  1.969575e+02
  5.267686e+00,  2.458923e+02
  5.379386e+00,  2.916701e+02
  3.481177e+00,  2.856463e+02
  3.296571e+00,  2.247712e+02
  4.645877e+00,  2.186400e+02
  4.482134e+00,  2.640747e+02
  7.804670e+00,  3.103880e+02
  9.829183e+00,  3.251285e+02
  5.393757e+00,  3.179231e+02
  5.685059e+00,  2.076478e+02
  1.666272e+01,  2.033537e+02
  2.207345e+01,  2.144272e+02
  2.225162e+01,  2.336574e+02
  2.279321e+01,  2.623515e+02
  2.574625e+01,  2.901692e+02
  2.648939e+01,  3.137637e+02
  2.247061e+01,  3.421058e+02
  1.677467e+01,  2.897505e+01
  1.609829e+01,  9.250345e+01
  1.820778e+01,  1.452644e+02
  1.769836e+01,  1.911398e+02
  1.651898e+01,  2.407077e+02
  1.675623e+01,  2.835968e+02
  1.425334e+01,  3.150789e+02
  9.713557e+00,  3.547218e+02
  1.047674e+01,  4.312438e+01
  1.253609e+01,  6.346545e+01
  9.600252e+00,  7.522588e+01
  4.153275e+00,  1.452817e+02
  1.357455e+01,  2.141110e+02
  2.204961e+01,  2.261754e+02
  2.241033e+01,  2.314656e+02
  1.511079e+01,  2.419429e+02
  5.981229e+00,  2.895097e+02
  8.261571e+00,  1.034157e+01
  1.072807e+01,  3.923638e+01
  8.548241e+00,  5.767056e+01
  2.830484e+00,  7.256816e+01
  4.798809e+00,  2.679355e+02
  1.482860e+01,  2.793904e+02
  1.964166e+01,  2.901816e+02
  1.455083e+01,  3.071219e+02
  5.807444e+00,  3.971165e+01
  1.979325e+01,  1.086344e+02
  2.533312e+01,  1.286768e+02
  1.591662e+01,  1.475352e+02
  3.620553e+00,  2.913216e+02
  1.833866e+01,  3.446129e+02
  2.011092e+01,  1.317827e+01
  1.703538e+01,  6.711882e+01
  2.473494e+01,  1.139863e+02
  3.072643e+01,  1.268448e+02
  2.923779e+01,  1.304016e+02
  2.323478e+01,  1.450896e+02
  2.238725e+01,  1.868171e+02
  3.040596e+01,  2.228105e+02
  3.312260e+01,  2.499041e+02
  2.604170e+01,  2.922853e+02
  2.712267e+01,  3.618670e+00
  3.611595e+01,  4.930017e+01
  3.240904e+01,  8.675122e+01
  2.737776e+01,  1.404017e+02
  3.237360e+01,  1.709674e+02
  3.267067e+01,  1.676144e+02
  2.658846e+01,  1.532306e+02
  1.553251e+01,  1.304585e+02
  7.505559e+00,  7.363394e+01
  7.451827e+00,  1.941406e+01
  5.790014e+00,  6.779728e-01
  3.723605e+00,  4.323722e+01
  1.047141e+01,  8.115430e+01
  1.933337e+01,  8.783103e+01
  2.272180e+01,  9.331647e+01
  1.891168e+01,  1.048322e+02
  1.186322e+01,  1.219808e+02
  5.801082e+00,  1.292590e+02
  4.527001e+00,  7.978984e+01
  8.954715e+00,  7.060675e+01
  1.065175e+01,  9.786479e+01
  1.155737e+01,  1.467355e+02
  1.228197e+01,  1.891584e+02
  5.118023e+00,  2.429040e+02
  1.442860e+01,  1.647148e+01
  2.969041e+01,  4.724055e+01
  3.229004e+01,  7.478043e+01
  2.576706e+01,  1.197088e+02
  2.518945e+01,  1.763975e+02
  2.317607e+01,  2.072982e+02
  9.510248e+00,  1.982687e+02
  1.406118e+01,  1.062520e+02
  2.522466e+01,  1.137797e+02
  2.473954e+01,  1.383750e+02
  1.904598e+01,  1.825576e+02
  1.912855e+01,  2.337412e+02
  1.867950e+01,  2.594473e+02
  1.157880e+01,  2.640704e+02
  3.685052e+00,  2.357128e+02
  2.683278e+00,  1.894155e+02
  2.779967e+00,  2.433117e+02
  4.883757e+00,  2.865256e+02
  3.167775e+00,  3.310584e+02
  6.680669e+00,  7.199627e+01
  1.427750e+01,  9.211522e+01
  1.374690e+01,  8.985719e+01
  8.107806e+00,  3.434647e+01
  2.008838e+01,  3.451100e+02
  1.091068e+01,  3.496046e+02
  1.377894e+00,  1.401568e+02
##END=