##TITLE= twqubit_C23456180_C_25000_NoBufferfix7
##JCAMP-DX= 5.00 Bruker JCAMP library
##DATA TYPE= Shape Data
##ORIGIN= Colm Fixed Pulses 
##OWNER= d29lu
##DATE= 18-May-2015
##TIME= 18:1
##MINX= 2.683127e-01
##MAXX= 3.611665e+01
##MINY= 6.745709e-01
##MAXY= 3.597546e+02
##$SHAPE_EXMODE= None
##$SHAPE_TOTROT= 9.000000e+01
##$SHAPE_BWFAC= 1.000000e+00
##$SHAPE_INTEGFAC= 1.000000e+00
##$SHAPE_MODE= 1
##NPOINTS= 200
##XYPOINTS= (XY..XY)
  2.683127e-01,  2.935033e+02
  7.344159e+00,  3.359693e+02
  1.476038e+01,  3.359060e+02
  1.026124e+01,  3.236620e+02
  5.262790e+00,  3.243490e+02
  7.349936e+00,  1.912786e+01
  1.534610e+01,  4.005029e+01
  1.824954e+01,  4.624850e+01
  1.302460e+01,  5.227624e+01
  4.732222e+00,  9.945131e+01
  1.202327e+01,  1.695761e+02
  2.160952e+01,  1.749613e+02
  2.636164e+01,  1.744094e+02
  2.465621e+01,  1.779003e+02
  1.569227e+01,  1.852746e+02
  1.196658e+00,  2.193026e+02
  1.167954e+01,  1.823065e+01
  1.806621e+01,  3.846945e+01
  1.648264e+01,  6.952982e+01
  1.643987e+01,  1.271055e+02
  2.479673e+01,  1.701372e+02
  2.887987e+01,  1.894338e+02
  2.142617e+01,  1.988057e+02
  5.388589e+00,  1.972010e+02
  5.249280e+00,  2.520502e+01
  5.812438e+00,  1.478597e+01
  3.148510e+00,  2.661742e+02
  1.001446e+01,  2.300173e+02
  9.556390e+00,  2.190475e+02
  2.243758e+00,  1.848831e+02
  5.348114e+00,  3.729546e+01
  1.007734e+01,  6.117893e+00
  1.287014e+01,  3.337689e+02
  1.333202e+01,  3.099220e+02
  6.850984e+00,  2.929754e+02
  3.938879e+00,  1.169779e+02
  1.435640e+01,  1.125046e+02
  1.478618e+01,  1.117390e+02
  4.408096e+00,  1.168697e+02
  8.453143e+00,  2.795327e+02
  1.725241e+01,  2.884457e+02
  1.555472e+01,  2.942168e+02
  6.169214e+00,  3.110107e+02
  3.587682e+00,  8.100078e+01
  5.966835e+00,  1.237274e+02
  3.884587e+00,  2.085025e+02
  1.197918e+01,  2.842484e+02
  2.025441e+01,  3.110934e+02
  2.204567e+01,  3.252056e+02
  1.669983e+01,  3.360544e+02
  6.885795e+00,  3.584776e+02
  3.381541e+00,  9.751242e+01
  3.910419e+00,  1.407358e+02
  1.430740e+00,  2.359336e+02
  6.680004e+00,  2.875926e+02
  1.280673e+01,  2.831991e+02
  1.912387e+01,  2.762983e+02
  2.292603e+01,  2.801398e+02
  2.207164e+01,  2.978824e+02
  2.050503e+01,  3.280694e+02
  1.981033e+01,  3.565203e+02
  1.508085e+01,  2.247272e+01
  9.863933e+00,  8.268324e+01
  1.748260e+01,  1.438294e+02
  2.215741e+01,  1.761733e+02
  1.978725e+01,  2.261457e+02
  2.465972e+01,  2.919985e+02
  2.919238e+01,  3.365302e+02
  2.317403e+01,  2.857952e+01
  2.440644e+01,  1.050221e+02
  2.994420e+01,  1.502614e+02
  2.155104e+01,  1.814774e+02
  9.017183e+00,  2.501710e+02
  1.316199e+01,  3.126634e+02
  1.045635e+01,  2.966378e+02
  1.318376e+01,  2.398542e+02
  1.772397e+01,  2.272543e+02
  1.126605e+01,  2.359532e+02
  5.590234e+00,  3.284681e+02
  1.299407e+01,  1.143309e+01
  1.167566e+01,  1.652299e+01
  3.482188e+00,  5.418861e+00
  2.634376e+00,  2.324450e+02
  2.653715e+00,  2.378221e+02
  3.080470e+00,  3.597546e+02
  9.163116e+00,  2.111606e+01
  1.013518e+01,  2.943640e+01
  5.137576e+00,  5.626584e+01
  7.099969e+00,  1.482663e+02
  1.446180e+01,  1.723794e+02
  1.560779e+01,  1.823272e+02
  1.036912e+01,  1.969529e+02
  5.268394e+00,  2.458960e+02
  5.379572e+00,  2.916827e+02
  3.481768e+00,  2.856557e+02
  3.296003e+00,  2.247920e+02
  4.645978e+00,  2.186596e+02
  4.482508e+00,  2.640468e+02
  7.804266e+00,  3.103915e+02
  9.829600e+00,  3.251327e+02
  5.392292e+00,  3.179120e+02
  5.684358e+00,  2.076445e+02
  1.666319e+01,  2.033556e+02
  2.207440e+01,  2.144380e+02
  2.225213e+01,  2.336598e+02
  2.279293e+01,  2.623565e+02
  2.574635e+01,  2.901724e+02
  2.649076e+01,  3.137612e+02
  2.247190e+01,  3.421094e+02
  1.677490e+01,  2.897866e+01
  1.609814e+01,  9.249710e+01
  1.820668e+01,  1.452701e+02
  1.769884e+01,  1.911428e+02
  1.651850e+01,  2.407161e+02
  1.675661e+01,  2.835995e+02
  1.425398e+01,  3.150813e+02
  9.712153e+00,  3.547228e+02
  1.047510e+01,  4.313090e+01
  1.253629e+01,  6.346695e+01
  9.599617e+00,  7.523157e+01
  4.152861e+00,  1.452902e+02
  1.357556e+01,  2.141146e+02
  2.205006e+01,  2.261774e+02
  2.241010e+01,  2.314639e+02
  1.511112e+01,  2.419372e+02
  5.981970e+00,  2.895080e+02
  8.259715e+00,  1.035820e+01
  1.072790e+01,  3.923288e+01
  8.548624e+00,  5.767921e+01
  2.831369e+00,  7.254177e+01
  4.798955e+00,  2.679439e+02
  1.482781e+01,  2.793975e+02
  1.964110e+01,  2.901755e+02
  1.455071e+01,  3.071244e+02
  5.806390e+00,  3.971744e+01
  1.979314e+01,  1.086354e+02
  2.533466e+01,  1.286769e+02
  1.591601e+01,  1.475412e+02
  3.619666e+00,  2.913294e+02
  1.833941e+01,  3.446127e+02
  2.011205e+01,  1.318025e+01
  1.703483e+01,  6.711307e+01
  2.473439e+01,  1.139878e+02
  3.072781e+01,  1.268478e+02
  2.923836e+01,  1.303976e+02
  2.323545e+01,  1.450939e+02
  2.238618e+01,  1.868159e+02
  3.040777e+01,  2.228133e+02
  3.312408e+01,  2.499054e+02
  2.604157e+01,  2.922813e+02
  2.712326e+01,  3.619821e+00
  3.611665e+01,  4.930048e+01
  3.241030e+01,  8.675652e+01
  2.737875e+01,  1.403957e+02
  3.237622e+01,  1.709703e+02
  3.267206e+01,  1.676116e+02
  2.658978e+01,  1.532328e+02
  1.553411e+01,  1.304613e+02
  7.505307e+00,  7.363982e+01
  7.450978e+00,  1.941118e+01
  5.789810e+00,  6.745709e-01
  3.723152e+00,  4.325481e+01
  1.047121e+01,  8.117027e+01
  1.933328e+01,  8.783789e+01
  2.272365e+01,  9.331859e+01
  1.891108e+01,  1.048256e+02
  1.186383e+01,  1.219832e+02
  5.800574e+00,  1.292711e+02
  4.528121e+00,  7.980256e+01
  8.954676e+00,  7.060894e+01
  1.065261e+01,  9.786951e+01
  1.155685e+01,  1.467399e+02
  1.228237e+01,  1.891618e+02
  5.118591e+00,  2.429101e+02
  1.442789e+01,  1.647399e+01
  2.969066e+01,  4.724459e+01
  3.229096e+01,  7.477612e+01
  2.576691e+01,  1.197122e+02
  2.519102e+01,  1.763933e+02
  2.317531e+01,  2.072982e+02
  9.511832e+00,  1.982754e+02
  1.406117e+01,  1.062580e+02
  2.522563e+01,  1.137840e+02
  2.473998e+01,  1.383726e+02
  1.904780e+01,  1.825587e+02
  1.912990e+01,  2.337401e+02
  1.867928e+01,  2.594474e+02
  1.157975e+01,  2.640704e+02
  3.687153e+00,  2.356926e+02
  2.684149e+00,  1.894137e+02
  2.779893e+00,  2.433374e+02
  4.883615e+00,  2.865330e+02
  3.167131e+00,  3.310479e+02
  6.679154e+00,  7.200619e+01
  1.427772e+01,  9.212488e+01
  1.374837e+01,  8.985551e+01
  8.108381e+00,  3.435636e+01
  2.008758e+01,  3.451150e+02
  1.091123e+01,  3.495933e+02
  1.377861e+00,  1.401986e+02
##END=