##TITLE= twqubit_C4180_H_25000_NoBufferfix8
##JCAMP-DX= 5.00 Bruker JCAMP library
##DATA TYPE= Shape Data
##ORIGIN= Colm Fixed Pulses 
##OWNER= d29lu
##DATE= 18-May-2015
##TIME= 19:11
##MINX= 1.498736e-01
##MAXX= 2.068396e+01
##MINY= 4.558511e+00
##MAXY= 3.560837e+02
##$SHAPE_EXMODE= None
##$SHAPE_TOTROT= 9.000000e+01
##$SHAPE_BWFAC= 1.000000e+00
##$SHAPE_INTEGFAC= 1.000000e+00
##$SHAPE_MODE= 1
##NPOINTS= 200
##XYPOINTS= (XY..XY)
  5.378796e-01,  1.053839e+02
  3.234497e-01,  2.954731e+02
  4.164975e+00,  3.015479e+02
  9.163427e+00,  3.003951e+02
  1.282171e+01,  3.004858e+02
  1.532417e+01,  2.999654e+02
  1.669987e+01,  2.979446e+02
  1.678627e+01,  2.953015e+02
  1.543191e+01,  2.932160e+02
  1.307655e+01,  2.929087e+02
  1.064485e+01,  2.952899e+02
  8.602574e+00,  3.014024e+02
  6.990386e+00,  3.117252e+02
  5.932750e+00,  3.247311e+02
  5.264360e+00,  3.322650e+02
  4.507385e+00,  3.280161e+02
  3.802566e+00,  3.113661e+02
  3.559714e+00,  2.869051e+02
  3.925853e+00,  2.649795e+02
  4.362689e+00,  2.531222e+02
  4.330329e+00,  2.488928e+02
  4.017669e+00,  2.483094e+02
  3.895515e+00,  2.513019e+02
  4.206460e+00,  2.561655e+02
  4.831584e+00,  2.580319e+02
  5.521009e+00,  2.557474e+02
  6.151669e+00,  2.510693e+02
  6.614089e+00,  2.454394e+02
  6.572026e+00,  2.388691e+02
  6.064347e+00,  2.299273e+02
  5.528162e+00,  2.173641e+02
  4.977449e+00,  2.021291e+02
  4.241364e+00,  1.775274e+02
  4.503155e+00,  1.420493e+02
  6.094265e+00,  1.206182e+02
  7.776609e+00,  1.124160e+02
  9.085898e+00,  1.093152e+02
  1.019357e+01,  1.073224e+02
  1.105111e+01,  1.063863e+02
  1.146308e+01,  1.075813e+02
  1.154584e+01,  1.104280e+02
  1.169117e+01,  1.132001e+02
  1.210194e+01,  1.148304e+02
  1.289824e+01,  1.142557e+02
  1.432488e+01,  1.120154e+02
  1.620346e+01,  1.095730e+02
  1.761649e+01,  1.078098e+02
  1.796769e+01,  1.063862e+02
  1.763266e+01,  1.047995e+02
  1.695525e+01,  1.029243e+02
  1.561619e+01,  1.017533e+02
  1.346276e+01,  1.029995e+02
  1.106915e+01,  1.076853e+02
  9.004573e+00,  1.135028e+02
  7.353708e+00,  1.217022e+02
  6.227371e+00,  1.370257e+02
  5.828676e+00,  1.565345e+02
  5.901031e+00,  1.743713e+02
  6.122985e+00,  1.895945e+02
  6.460014e+00,  2.021263e+02
  6.871528e+00,  2.126960e+02
  7.358765e+00,  2.218166e+02
  7.859326e+00,  2.294544e+02
  8.300355e+00,  2.351342e+02
  8.614713e+00,  2.399293e+02
  8.667527e+00,  2.429694e+02
  8.174266e+00,  2.433147e+02
  6.979061e+00,  2.413248e+02
  5.082326e+00,  2.391420e+02
  2.474369e+00,  2.316704e+02
  1.056332e+00,  8.577066e+01
  4.569384e+00,  7.056531e+01
  8.074202e+00,  6.818505e+01
  1.096229e+01,  6.754378e+01
  1.284309e+01,  6.559875e+01
  1.386901e+01,  6.200415e+01
  1.443274e+01,  5.843979e+01
  1.446572e+01,  5.572579e+01
  1.374634e+01,  5.225305e+01
  1.245507e+01,  4.616885e+01
  1.118241e+01,  3.590344e+01
  1.017050e+01,  2.467670e+01
  9.192389e+00,  1.423055e+01
  8.051025e+00,  4.558511e+00
  6.690428e+00,  3.560837e+02
  5.137492e+00,  3.503233e+02
  3.370891e+00,  3.531698e+02
  1.849235e+00,  3.225683e+01
  2.847482e+00,  9.697660e+01
  4.815700e+00,  1.111324e+02
  6.514363e+00,  1.100231e+02
  7.920504e+00,  1.054810e+02
  8.832853e+00,  1.009852e+02
  9.065949e+00,  9.526513e+01
  8.838002e+00,  8.785152e+01
  8.563156e+00,  7.999348e+01
  8.442739e+00,  7.381889e+01
  8.360985e+00,  7.011945e+01
  8.123151e+00,  6.852436e+01
  7.639062e+00,  6.904174e+01
  6.921114e+00,  7.235592e+01
  6.042109e+00,  8.004336e+01
  5.248597e+00,  9.363300e+01
  4.992061e+00,  1.153397e+02
  5.637992e+00,  1.364688e+02
  6.860905e+00,  1.475013e+02
  8.221034e+00,  1.509574e+02
  9.423496e+00,  1.497729e+02
  1.014694e+01,  1.450350e+02
  1.034543e+01,  1.374332e+02
  1.046495e+01,  1.293888e+02
  1.065888e+01,  1.227112e+02
  1.075625e+01,  1.170881e+02
  1.083855e+01,  1.113404e+02
  1.123266e+01,  1.062397e+02
  1.174493e+01,  1.024138e+02
  1.195074e+01,  9.914128e+01
  1.183409e+01,  9.606557e+01
  1.149486e+01,  9.278787e+01
  1.051426e+01,  8.864022e+01
  8.764549e+00,  8.300023e+01
  6.817450e+00,  7.494319e+01
  5.234319e+00,  6.229138e+01
  4.181952e+00,  4.062728e+01
  3.803670e+00,  1.073101e+01
  4.160692e+00,  3.432299e+02
  4.867599e+00,  3.269850e+02
  5.442454e+00,  3.194981e+02
  5.746152e+00,  3.156884e+02
  5.809914e+00,  3.138273e+02
  5.719991e+00,  3.118293e+02
  5.571488e+00,  3.092566e+02
  5.313286e+00,  3.072821e+02
  4.829669e+00,  3.065576e+02
  4.281108e+00,  3.051769e+02
  3.949925e+00,  2.981143e+02
  4.081079e+00,  2.855497e+02
  4.578289e+00,  2.763550e+02
  5.104419e+00,  2.743952e+02
  5.690771e+00,  2.752357e+02
  6.762144e+00,  2.745678e+02
  8.438407e+00,  2.751583e+02
  1.050142e+01,  2.786716e+02
  1.268057e+01,  2.834982e+02
  1.491559e+01,  2.876134e+02
  1.717905e+01,  2.906030e+02
  1.923394e+01,  2.929646e+02
  2.051893e+01,  2.953477e+02
  2.068396e+01,  2.970818e+02
  1.977579e+01,  2.970280e+02
  1.797428e+01,  2.950542e+02
  1.552421e+01,  2.910379e+02
  1.275547e+01,  2.855135e+02
  9.915001e+00,  2.788753e+02
  7.045961e+00,  2.712024e+02
  4.344280e+00,  2.614951e+02
  2.085244e+00,  2.416896e+02
  9.113269e-01,  1.518905e+02
  2.348073e+00,  1.038997e+02
  3.986225e+00,  9.330083e+01
  5.424006e+00,  8.621572e+01
  6.638684e+00,  7.840116e+01
  7.617629e+00,  7.100585e+01
  8.171038e+00,  6.473473e+01
  8.167790e+00,  5.932727e+01
  7.772983e+00,  5.450545e+01
  7.058291e+00,  5.160185e+01
  5.893195e+00,  5.121178e+01
  4.362283e+00,  5.112509e+01
  2.657005e+00,  5.362077e+01
  1.026234e+00,  7.311077e+01
  1.227902e+00,  1.838600e+02
  2.718322e+00,  2.122199e+02
  4.167580e+00,  2.236912e+02
  5.622073e+00,  2.335337e+02
  7.163786e+00,  2.411421e+02
  8.638256e+00,  2.455041e+02
  9.828855e+00,  2.468949e+02
  1.069225e+01,  2.467276e+02
  1.127607e+01,  2.456023e+02
  1.149869e+01,  2.433843e+02
  1.157779e+01,  2.412282e+02
  1.189461e+01,  2.404348e+02
  1.247610e+01,  2.405246e+02
  1.309476e+01,  2.400132e+02
  1.359350e+01,  2.396455e+02
  1.397528e+01,  2.397477e+02
  1.400104e+01,  2.398243e+02
  1.315685e+01,  2.392251e+02
  1.087215e+01,  2.375690e+02
  7.276941e+00,  2.339048e+02
  3.380801e+00,  2.269039e+02
  1.498736e-01,  7.306128e+01
  2.445323e+00,  4.306704e+01
  3.728492e+00,  3.793399e+01
  3.977237e+00,  3.201574e+01
  3.744537e+00,  2.588855e+01
  3.336722e+00,  2.738109e+01
  1.955255e+00,  9.004044e+01
  1.534606e+00,  1.367687e+02
##END=