##TITLE= twqubit_C23456180_H_25000_NoBufferfix6
##JCAMP-DX= 5.00 Bruker JCAMP library
##DATA TYPE= Shape Data
##ORIGIN= Colm Fixed Pulses 
##OWNER= d29lu
##DATE= 18-May-2015
##TIME= 19:36
##MINX= 4.942585e-01
##MAXX= 2.357088e+01
##MINY= 5.871231e-01
##MAXY= 3.586788e+02
##$SHAPE_EXMODE= None
##$SHAPE_TOTROT= 9.000000e+01
##$SHAPE_BWFAC= 1.000000e+00
##$SHAPE_INTEGFAC= 1.000000e+00
##$SHAPE_MODE= 1
##NPOINTS= 200
##XYPOINTS= (XY..XY)
  4.942585e-01,  1.074914e+02
  3.898389e+00,  2.494866e+01
  8.019430e+00,  1.261557e+01
  5.707138e+00,  3.526269e+02
  2.551524e+00,  3.174326e+02
  1.027588e+00,  2.318725e+02
  2.521051e+00,  1.691285e+02
  4.731666e+00,  1.592076e+02
  6.836027e+00,  1.549188e+02
  8.590956e+00,  1.529147e+02
  9.844984e+00,  1.519088e+02
  1.060922e+01,  1.516345e+02
  1.101887e+01,  1.530401e+02
  1.128008e+01,  1.573112e+02
  1.138804e+01,  1.629393e+02
  1.098806e+01,  1.679959e+02
  9.748180e+00,  1.721433e+02
  7.864351e+00,  1.766043e+02
  5.828334e+00,  1.822429e+02
  3.763773e+00,  1.893094e+02
  1.566233e+00,  2.099456e+02
  1.420659e+00,  3.227235e+02
  3.001096e+00,  3.586788e+02
  4.104190e+00,  2.020764e+01
  5.373931e+00,  3.916690e+01
  7.082479e+00,  5.033475e+01
  8.929776e+00,  5.635514e+01
  1.065763e+01,  5.947241e+01
  1.211446e+01,  5.994892e+01
  1.313285e+01,  5.698387e+01
  1.361957e+01,  5.216653e+01
  1.386595e+01,  4.549194e+01
  1.427883e+01,  3.709043e+01
  1.462195e+01,  2.816613e+01
  1.456123e+01,  1.961577e+01
  1.426665e+01,  1.278328e+01
  1.385109e+01,  8.344590e+00
  1.317443e+01,  4.583911e+00
  1.218717e+01,  5.871231e-01
  1.108778e+01,  3.562708e+02
  1.027007e+01,  3.525364e+02
  1.003421e+01,  3.475768e+02
  1.033347e+01,  3.410692e+02
  1.094298e+01,  3.357074e+02
  1.159737e+01,  3.337766e+02
  1.201365e+01,  3.361477e+02
  1.210380e+01,  3.429371e+02
  1.228273e+01,  3.551707e+02
  1.328462e+01,  1.183306e+01
  1.537549e+01,  2.943578e+01
  1.814818e+01,  4.466088e+01
  2.091796e+01,  5.601978e+01
  2.296074e+01,  6.349216e+01
  2.357088e+01,  6.754748e+01
  2.245767e+01,  6.866576e+01
  1.988516e+01,  6.777177e+01
  1.648235e+01,  6.546556e+01
  1.275010e+01,  6.291473e+01
  8.783748e+00,  5.980351e+01
  4.612725e+00,  5.422360e+01
  7.309783e-01,  3.437093e+02
  3.769909e+00,  2.489482e+02
  7.176784e+00,  2.434924e+02
  9.890752e+00,  2.409065e+02
  1.185546e+01,  2.386487e+02
  1.317506e+01,  2.354740e+02
  1.396961e+01,  2.328377e+02
  1.425278e+01,  2.314930e+02
  1.392728e+01,  2.321891e+02
  1.311917e+01,  2.337945e+02
  1.193300e+01,  2.354937e+02
  1.040924e+01,  2.349374e+02
  8.802454e+00,  2.308837e+02
  7.507906e+00,  2.220443e+02
  6.777405e+00,  2.083922e+02
  6.692730e+00,  1.935014e+02
  6.777695e+00,  1.825773e+02
  6.680279e+00,  1.749195e+02
  6.598922e+00,  1.680128e+02
  6.667681e+00,  1.617211e+02
  6.848697e+00,  1.562992e+02
  7.390387e+00,  1.523193e+02
  8.383215e+00,  1.508517e+02
  9.624045e+00,  1.506356e+02
  1.105937e+01,  1.509301e+02
  1.270162e+01,  1.516863e+02
  1.433276e+01,  1.528152e+02
  1.572016e+01,  1.545844e+02
  1.677366e+01,  1.565537e+02
  1.734988e+01,  1.590106e+02
  1.725626e+01,  1.619860e+02
  1.639434e+01,  1.650496e+02
  1.488031e+01,  1.688158e+02
  1.304361e+01,  1.731983e+02
  1.122987e+01,  1.783411e+02
  9.630782e+00,  1.840210e+02
  8.366664e+00,  1.905842e+02
  7.602227e+00,  1.970473e+02
  7.336679e+00,  2.012023e+02
  7.448710e+00,  2.011282e+02
  7.830268e+00,  1.974904e+02
  8.344150e+00,  1.926764e+02
  8.800303e+00,  1.884282e+02
  9.000259e+00,  1.865802e+02
  8.643479e+00,  1.872285e+02
  7.756985e+00,  1.889247e+02
  6.602996e+00,  1.901441e+02
  5.319372e+00,  1.896698e+02
  4.028710e+00,  1.823214e+02
  3.293601e+00,  1.593300e+02
  3.780166e+00,  1.316969e+02
  4.879658e+00,  1.160986e+02
  5.648272e+00,  1.081453e+02
  5.735120e+00,  1.036589e+02
  5.282052e+00,  1.025628e+02
  4.510039e+00,  1.069233e+02
  3.622962e+00,  1.196495e+02
  3.084921e+00,  1.442322e+02
  3.645594e+00,  1.721800e+02
  5.388297e+00,  1.876412e+02
  7.830771e+00,  1.921020e+02
  1.054155e+01,  1.924052e+02
  1.325092e+01,  1.902150e+02
  1.578343e+01,  1.870590e+02
  1.792640e+01,  1.843058e+02
  1.923182e+01,  1.823377e+02
  1.932158e+01,  1.809842e+02
  1.828053e+01,  1.793277e+02
  1.641005e+01,  1.758392e+02
  1.406456e+01,  1.689182e+02
  1.178375e+01,  1.568849e+02
  1.036641e+01,  1.382756e+02
  1.035394e+01,  1.186260e+02
  1.145286e+01,  1.047231e+02
  1.271939e+01,  9.637344e+01
  1.328055e+01,  9.265449e+01
  1.260994e+01,  9.532124e+01
  1.094874e+01,  1.062070e+02
  9.221352e+00,  1.264051e+02
  8.502598e+00,  1.531657e+02
  9.185294e+00,  1.775287e+02
  1.036448e+01,  1.933283e+02
  1.076402e+01,  2.028483e+02
  9.526963e+00,  2.090622e+02
  6.886073e+00,  2.180771e+02
  4.529165e+00,  2.437610e+02
  4.670366e+00,  2.823852e+02
  6.313573e+00,  2.995713e+02
  7.676111e+00,  3.013168e+02
  8.383594e+00,  2.963888e+02
  8.644532e+00,  2.901286e+02
  8.960602e+00,  2.891057e+02
  1.008257e+01,  2.970662e+02
  1.275908e+01,  3.089027e+02
  1.678477e+01,  3.184201e+02
  2.072930e+01,  3.237834e+02
  2.289059e+01,  3.247666e+02
  2.261850e+01,  3.229143e+02
  2.056774e+01,  3.205174e+02
  1.770222e+01,  3.201646e+02
  1.458152e+01,  3.226806e+02
  1.158632e+01,  3.297888e+02
  9.232135e+00,  3.413357e+02
  7.649691e+00,  3.572239e+02
  6.416617e+00,  1.577638e+01
  5.374356e+00,  3.917713e+01
  5.100062e+00,  6.819452e+01
  5.754833e+00,  9.316318e+01
  6.685525e+00,  1.079322e+02
  7.333734e+00,  1.158769e+02
  7.610859e+00,  1.197763e+02
  7.585261e+00,  1.197901e+02
  7.553630e+00,  1.153492e+02
  7.710486e+00,  1.075881e+02
  7.761955e+00,  9.856327e+01
  7.036648e+00,  8.723978e+01
  5.394796e+00,  6.301863e+01
  5.445573e+00,  1.014968e+01
  9.471100e+00,  3.361159e+02
  1.480986e+01,  3.234050e+02
  1.942636e+01,  3.184302e+02
  2.198374e+01,  3.165719e+02
  2.237139e+01,  3.159300e+02
  2.138082e+01,  3.165045e+02
  1.981364e+01,  3.187152e+02
  1.794826e+01,  3.228025e+02
  1.610745e+01,  3.284739e+02
  1.469623e+01,  3.353963e+02
  1.367514e+01,  3.418777e+02
  1.250519e+01,  3.463142e+02
  1.087928e+01,  3.469067e+02
  8.981096e+00,  3.437251e+02
  7.170938e+00,  3.351115e+02
  5.847281e+00,  3.197830e+02
  5.274671e+00,  2.975027e+02
  5.472268e+00,  2.720359e+02
  6.616477e+00,  2.456428e+02
  9.161372e+00,  2.223622e+02
  7.672338e+00,  2.028750e+02
  1.125757e+00,  1.146933e+02
##END=