##TITLE= twqubit_C234790_C_25000_NoBufferfix6
##JCAMP-DX= 5.00 Bruker JCAMP library
##DATA TYPE= Shape Data
##ORIGIN= Colm Fixed Pulses 
##OWNER= d29lu
##DATE= 18-May-2015
##TIME= 16:56
##MINX= 2.101532e-01
##MAXX= 3.623287e+01
##MINY= 5.832330e+00
##MAXY= 3.506802e+02
##$SHAPE_EXMODE= None
##$SHAPE_TOTROT= 9.000000e+01
##$SHAPE_BWFAC= 1.000000e+00
##$SHAPE_INTEGFAC= 1.000000e+00
##$SHAPE_MODE= 1
##NPOINTS= 100
##XYPOINTS= (XY..XY)
  1.066878e+00,  9.567442e+01
  9.972779e+00,  2.093805e+02
  1.880566e+01,  2.486351e+02
  1.697994e+01,  3.054216e+02
  1.150146e+01,  2.162431e+01
  1.590327e+01,  1.051783e+02
  1.768567e+01,  1.432919e+02
  7.568517e+00,  1.691316e+02
  5.624714e+00,  3.393224e+02
  1.250945e+01,  1.656170e+01
  9.550213e+00,  6.069851e+01
  9.050173e+00,  1.377939e+02
  1.063019e+01,  1.775694e+02
  4.577839e+00,  1.888133e+02
  3.751791e+00,  4.801616e+01
  9.703630e+00,  6.307829e+01
  1.190766e+01,  1.063285e+02
  1.665305e+01,  1.579664e+02
  1.823142e+01,  1.975073e+02
  1.024772e+01,  2.519556e+02
  1.382885e+01,  9.895093e+00
  2.387406e+01,  5.500596e+01
  2.042389e+01,  8.926138e+01
  1.336488e+01,  1.566455e+02
  1.845552e+01,  2.095278e+02
  1.609676e+01,  2.048523e+02
  1.434500e+01,  1.524028e+02
  1.850751e+01,  1.259565e+02
  1.307071e+01,  1.190049e+02
  2.101532e-01,  1.247623e+02
  8.723657e+00,  2.834847e+02
  1.049437e+01,  2.554172e+02
  1.180288e+01,  2.078739e+02
  1.501242e+01,  1.737731e+02
  1.436015e+01,  1.400140e+02
  1.333381e+01,  9.687269e+01
  1.217483e+01,  5.766949e+01
  1.053698e+01,  8.140280e+00
  1.306088e+01,  3.251362e+02
  1.348143e+01,  3.006139e+02
  1.003816e+01,  2.680588e+02
  1.078177e+01,  2.348614e+02
  1.296024e+01,  2.452583e+02
  1.407667e+01,  2.834774e+02
  1.410139e+01,  3.284045e+02
  1.228883e+01,  2.551291e+01
  1.461866e+01,  8.489432e+01
  1.483594e+01,  1.088252e+02
  8.124813e+00,  7.706064e+01
  1.553934e+01,  1.836103e+01
  2.234626e+01,  1.573515e+01
  1.550870e+01,  1.859085e+01
  3.905445e-01,  1.502270e+02
  1.279683e+01,  1.993976e+02
  1.512029e+01,  2.063619e+02
  8.533294e+00,  2.085807e+02
  2.383010e+00,  1.793611e+02
  3.319821e+00,  1.400872e+02
  4.342359e+00,  1.619054e+02
  2.149265e+00,  2.091210e+02
  5.801685e+00,  3.298387e+02
  1.397164e+01,  3.489512e+02
  1.469099e+01,  3.506802e+02
  6.181770e+00,  3.240015e+02
  8.934810e+00,  2.211849e+02
  1.399274e+01,  2.092027e+02
  4.868945e+00,  1.812561e+02
  1.404942e+01,  5.743145e+01
  2.541313e+01,  5.829381e+01
  1.922571e+01,  6.326450e+01
  3.739718e+00,  1.898995e+02
  2.471625e+01,  2.336508e+02
  2.800361e+01,  2.345083e+02
  1.277418e+01,  2.026590e+02
  1.753525e+01,  1.085488e+02
  2.138314e+01,  1.069985e+02
  8.865676e+00,  1.583471e+02
  1.680425e+01,  2.573550e+02
  1.784481e+01,  2.897270e+02
  7.086456e+00,  5.832330e+00
  1.777996e+01,  1.056641e+02
  2.598315e+01,  1.445381e+02
  3.019711e+01,  1.751612e+02
  3.395775e+01,  1.933509e+02
  3.613461e+01,  1.983172e+02
  3.623287e+01,  1.971706e+02
  3.177395e+01,  2.034868e+02
  1.877982e+01,  2.269022e+02
  7.204532e+00,  3.208715e+02
  1.364057e+01,  4.432994e+01
  1.343548e+01,  1.146905e+02
  2.390629e+01,  1.879007e+02
  3.322315e+01,  2.202642e+02
  2.753276e+01,  2.466200e+02
  1.275823e+01,  3.092006e+02
  2.301382e+01,  4.311465e+01
  3.224131e+01,  7.576487e+01
  2.705638e+01,  1.067008e+02
  1.483256e+01,  1.679186e+02
  4.952062e+00,  2.665989e+02
##END=