##TITLE= twqubit_C27180_C_25000_NoBufferfix8
##JCAMP-DX= 5.00 Bruker JCAMP library
##DATA TYPE= Shape Data
##ORIGIN= Colm Fixed Pulses 
##OWNER= d29lu
##DATE= 18-May-2015
##TIME= 18:5
##MINX= 2.742004e-01
##MAXX= 2.817159e+01
##MINY= 9.408578e-01
##MAXY= 3.576371e+02
##$SHAPE_EXMODE= None
##$SHAPE_TOTROT= 9.000000e+01
##$SHAPE_BWFAC= 1.000000e+00
##$SHAPE_INTEGFAC= 1.000000e+00
##$SHAPE_MODE= 1
##NPOINTS= 200
##XYPOINTS= (XY..XY)
  3.073446e-01,  3.030339e+02
  4.850776e+00,  3.426593e+02
  1.256996e+01,  9.848192e+00
  1.448663e+01,  3.432115e+01
  1.049760e+01,  4.507989e+01
  5.530732e+00,  4.654749e+01
  1.594149e+00,  5.835962e+01
  1.697893e+00,  2.039170e+02
  4.405900e+00,  2.207132e+02
  3.325491e+00,  2.323123e+02
  1.316962e+00,  5.908899e+01
  9.471474e+00,  7.690924e+01
  1.628237e+01,  9.929888e+01
  1.779594e+01,  1.192911e+02
  1.488469e+01,  1.364605e+02
  1.152609e+01,  1.523386e+02
  9.925425e+00,  1.646609e+02
  8.801318e+00,  1.595150e+02
  1.005031e+01,  1.323348e+02
  1.550083e+01,  1.236512e+02
  1.726836e+01,  1.394816e+02
  1.198569e+01,  1.787784e+02
  1.036260e+01,  2.639841e+02
  1.632044e+01,  3.160283e+02
  1.513826e+01,  3.367041e+02
  6.149117e+00,  3.433145e+02
  1.877546e+00,  1.557785e+02
  6.767684e+00,  1.388151e+02
  9.561850e+00,  1.059374e+02
  1.316115e+01,  7.652438e+01
  1.618772e+01,  6.128327e+01
  1.590868e+01,  5.975221e+01
  1.179478e+01,  6.827531e+01
  5.614199e+00,  8.399386e+01
  2.742004e-01,  3.173141e+01
  4.700569e+00,  3.147759e+02
  5.866764e+00,  3.360650e+02
  1.705840e+00,  5.168443e+01
  9.048792e+00,  1.544602e+02
  1.592262e+01,  1.679640e+02
  1.347449e+01,  1.544270e+02
  1.197092e+01,  8.873059e+01
  2.248957e+01,  6.048647e+01
  2.405386e+01,  5.924952e+01
  1.172051e+01,  5.755317e+01
  4.788564e+00,  2.595030e+02
  1.444965e+01,  2.564736e+02
  1.084064e+01,  2.510621e+02
  5.017055e+00,  1.667517e+02
  1.422809e+01,  1.378558e+02
  1.524824e+01,  1.491455e+02
  8.777084e+00,  1.867844e+02
  8.809411e+00,  2.646207e+02
  1.177208e+01,  3.009151e+02
  1.009512e+01,  3.183855e+02
  7.071652e+00,  3.343659e+02
  6.788065e+00,  3.563532e+02
  9.439701e+00,  1.747645e+01
  1.214823e+01,  3.960932e+01
  1.303595e+01,  6.929372e+01
  1.349779e+01,  1.052887e+02
  1.341430e+01,  1.339184e+02
  9.339215e+00,  1.479155e+02
  2.733344e+00,  1.290031e+02
  4.993449e+00,  5.701101e+01
  8.742518e+00,  8.519018e+01
  1.274484e+01,  1.361937e+02
  1.945930e+01,  1.772918e+02
  2.348069e+01,  1.992166e+02
  2.033986e+01,  2.050391e+02
  1.234777e+01,  1.914571e+02
  6.872955e+00,  1.594533e+02
  4.729153e+00,  1.538022e+02
  4.351042e+00,  2.087183e+02
  6.494008e+00,  2.505812e+02
  4.011601e+00,  2.825597e+02
  4.399336e+00,  7.328818e+01
  1.523385e+01,  1.134055e+02
  2.267526e+01,  1.459958e+02
  2.647885e+01,  1.852038e+02
  2.817159e+01,  2.264108e+02
  2.546293e+01,  2.640299e+02
  1.695025e+01,  3.026485e+02
  9.086031e+00,  4.331717e+00
  9.450233e+00,  6.023596e+01
  7.944613e+00,  6.409197e+01
  6.079956e+00,  3.583266e+01
  4.061892e+00,  1.635662e+01
  9.544378e-01,  2.286836e+02
  7.194249e+00,  2.105724e+02
  8.502306e+00,  2.252264e+02
  4.239628e+00,  2.814033e+02
  8.231708e+00,  1.082981e+01
  1.187782e+01,  4.314106e+01
  8.205748e+00,  7.951032e+01
  7.011319e+00,  1.667971e+02
  1.221210e+01,  2.139194e+02
  1.070250e+01,  2.372956e+02
  4.063683e+00,  3.027898e+02
  1.107575e+01,  2.461901e+01
  1.594983e+01,  3.451984e+01
  1.143626e+01,  1.869911e+01
  7.498171e+00,  3.004290e+02
  1.655715e+01,  2.625202e+02
  1.974616e+01,  2.576318e+02
  1.369388e+01,  2.590570e+02
  3.259788e+00,  2.790591e+02
  3.790924e+00,  4.610472e+01
  3.866356e+00,  4.212161e+01
  3.763142e+00,  3.078739e+02
  1.121219e+01,  2.864697e+02
  1.559831e+01,  2.913340e+02
  1.602092e+01,  3.034325e+02
  1.553868e+01,  3.179846e+02
  1.438323e+01,  3.238549e+02
  1.122221e+01,  3.148190e+02
  7.604416e+00,  2.867574e+02
  6.711400e+00,  2.457250e+02
  7.533988e+00,  2.202381e+02
  7.655680e+00,  2.150910e+02
  7.347238e+00,  2.297697e+02
  8.704633e+00,  2.565316e+02
  1.195032e+01,  2.781154e+02
  1.511482e+01,  2.925918e+02
  1.694724e+01,  3.018630e+02
  1.743298e+01,  3.080323e+02
  1.657818e+01,  3.126332e+02
  1.332789e+01,  3.148246e+02
  7.120560e+00,  3.099509e+02
  1.477168e+00,  2.647721e+02
  3.177257e+00,  1.742844e+02
  3.933833e+00,  1.704833e+02
  2.507611e+00,  1.926993e+02
  3.224482e+00,  2.525380e+02
  7.100113e+00,  2.705886e+02
  1.111809e+01,  2.778073e+02
  1.204940e+01,  2.808981e+02
  7.336593e+00,  2.787828e+02
  6.044819e-01,  5.257404e+01
  7.958052e+00,  8.174860e+01
  1.059676e+01,  7.738905e+01
  5.833488e+00,  5.104866e+01
  6.507230e+00,  3.122562e+02
  1.425043e+01,  3.012331e+02
  1.465517e+01,  3.173381e+02
  8.516632e+00,  3.576371e+02
  6.290653e+00,  9.932706e+01
  1.174059e+01,  1.698791e+02
  1.267460e+01,  2.163861e+02
  5.965378e+00,  2.791860e+02
  1.146838e+01,  4.494464e+01
  2.210357e+01,  7.907289e+01
  2.203387e+01,  8.220903e+01
  1.553378e+01,  4.902442e+01
  1.643454e+01,  3.568008e+02
  1.812587e+01,  3.315087e+02
  1.195882e+01,  3.092025e+02
  5.394583e+00,  2.206418e+02
  1.397467e+01,  1.645545e+02
  1.797931e+01,  1.516999e+02
  1.326473e+01,  1.455212e+02
  3.449457e+00,  1.338438e+02
  3.206434e+00,  3.267482e+02
  5.113871e+00,  3.179172e+02
  1.488694e+00,  2.349191e+00
  7.409372e+00,  9.516588e+01
  1.508358e+01,  1.003900e+02
  1.588548e+01,  1.011175e+02
  7.891982e+00,  1.035212e+02
  3.585070e+00,  2.517843e+02
  1.332922e+01,  2.670787e+02
  1.503403e+01,  2.637790e+02
  8.905214e+00,  2.411746e+02
  5.358331e+00,  1.735700e+02
  4.554528e+00,  1.401400e+02
  1.847345e+00,  3.443878e+02
  1.075690e+01,  3.354605e+02
  1.241905e+01,  3.468603e+02
  4.615297e+00,  2.503867e+01
  7.799005e+00,  1.497002e+02
  1.212256e+01,  1.818749e+02
  7.480012e+00,  2.164882e+02
  6.154580e+00,  3.101622e+02
  1.102137e+01,  3.482134e+02
  8.565029e+00,  9.408578e-01
  1.322304e+00,  8.984647e+01
  9.891459e+00,  1.668825e+02
  1.453958e+01,  1.749856e+02
  1.123902e+01,  1.738934e+02
  4.825359e+00,  1.673975e+02
  1.796776e+00,  2.075624e+02
  5.440992e+00,  2.428671e+02
  8.630022e+00,  2.464642e+02
  5.338368e+00,  2.476534e+02
  2.641049e+00,  4.693008e+01
  1.234257e+01,  5.652834e+01
  1.584343e+01,  5.721924e+01
  1.095809e+01,  5.459903e+01
  3.627893e+00,  6.486054e+01
  2.853648e-01,  1.710385e+02
##END=