##TITLE= twqubit_C27180_H_25000_NoBufferfix5
##JCAMP-DX= 5.00 Bruker JCAMP library
##DATA TYPE= Shape Data
##ORIGIN= Colm Fixed Pulses 
##OWNER= d29lu
##DATE= 18-May-2015
##TIME= 19:40
##MINX= 2.096982e-01
##MAXX= 2.185494e+01
##MINY= 1.711753e+01
##MAXY= 3.546694e+02
##$SHAPE_EXMODE= None
##$SHAPE_TOTROT= 9.000000e+01
##$SHAPE_BWFAC= 1.000000e+00
##$SHAPE_INTEGFAC= 1.000000e+00
##$SHAPE_MODE= 1
##NPOINTS= 200
##XYPOINTS= (XY..XY)
  2.096982e-01,  1.965646e+02
  2.978612e+00,  2.276892e+02
  9.315047e+00,  2.191485e+02
  1.423771e+01,  2.111896e+02
  1.527805e+01,  2.039997e+02
  1.502398e+01,  1.973958e+02
  1.458193e+01,  1.917258e+02
  1.415093e+01,  1.870422e+02
  1.374842e+01,  1.837639e+02
  1.342341e+01,  1.827372e+02
  1.320563e+01,  1.839877e+02
  1.312437e+01,  1.846618e+02
  1.302314e+01,  1.818244e+02
  1.280707e+01,  1.747559e+02
  1.256465e+01,  1.652648e+02
  1.223559e+01,  1.551283e+02
  1.148735e+01,  1.455291e+02
  1.011591e+01,  1.359344e+02
  8.143091e+00,  1.265681e+02
  5.674791e+00,  1.194196e+02
  3.057808e+00,  1.183622e+02
  1.110144e+00,  1.666223e+02
  2.754079e+00,  2.415609e+02
  5.277517e+00,  2.493846e+02
  7.984265e+00,  2.473097e+02
  1.084990e+01,  2.437773e+02
  1.366199e+01,  2.400113e+02
  1.612369e+01,  2.368215e+02
  1.814852e+01,  2.331183e+02
  1.980889e+01,  2.280666e+02
  2.105638e+01,  2.222721e+02
  2.164576e+01,  2.174189e+02
  2.138246e+01,  2.143589e+02
  2.054776e+01,  2.131755e+02
  1.951526e+01,  2.136853e+02
  1.828877e+01,  2.150066e+02
  1.678921e+01,  2.162335e+02
  1.503676e+01,  2.175029e+02
  1.294083e+01,  2.190565e+02
  1.027916e+01,  2.198582e+02
  7.011947e+00,  2.200187e+02
  3.564200e+00,  2.208416e+02
  4.589646e-01,  2.033271e+02
  2.539938e+00,  5.332451e+01
  5.952942e+00,  6.204704e+01
  9.821847e+00,  6.741941e+01
  1.360304e+01,  7.208203e+01
  1.690814e+01,  7.712134e+01
  1.948959e+01,  8.183030e+01
  2.086317e+01,  8.596314e+01
  2.093308e+01,  8.883545e+01
  2.000438e+01,  8.954158e+01
  1.816296e+01,  8.728582e+01
  1.534141e+01,  8.162809e+01
  1.203190e+01,  7.297438e+01
  8.927486e+00,  5.956789e+01
  6.494549e+00,  4.048087e+01
  4.881795e+00,  1.711753e+01
  3.803789e+00,  3.546694e+02
  2.841942e+00,  3.386557e+02
  1.517247e+00,  3.382401e+02
  1.330405e+00,  7.663961e+01
  4.026341e+00,  1.020445e+02
  6.982333e+00,  1.027105e+02
  9.736555e+00,  1.014452e+02
  1.248556e+01,  1.004876e+02
  1.542553e+01,  9.910994e+01
  1.800733e+01,  9.854378e+01
  1.958580e+01,  9.896530e+01
  2.029678e+01,  1.009997e+02
  2.083408e+01,  1.034125e+02
  2.146998e+01,  1.044118e+02
  2.176501e+01,  1.038815e+02
  2.125074e+01,  1.025468e+02
  1.980255e+01,  1.004666e+02
  1.739451e+01,  9.741108e+01
  1.402061e+01,  9.297548e+01
  1.007147e+01,  8.603719e+01
  6.279877e+00,  6.987478e+01
  4.030575e+00,  2.416702e+01
  5.471962e+00,  3.343447e+02
  8.429428e+00,  3.149841e+02
  1.121842e+01,  3.067694e+02
  1.355430e+01,  3.016319e+02
  1.505576e+01,  2.981958e+02
  1.556677e+01,  2.956947e+02
  1.540112e+01,  2.940325e+02
  1.484690e+01,  2.927930e+02
  1.407143e+01,  2.917783e+02
  1.315850e+01,  2.919756e+02
  1.211876e+01,  2.946821e+02
  1.107456e+01,  2.985700e+02
  1.019480e+01,  3.036583e+02
  9.660951e+00,  3.096059e+02
  9.612020e+00,  3.155825e+02
  9.989626e+00,  3.197550e+02
  1.059809e+01,  3.218475e+02
  1.122406e+01,  3.219673e+02
  1.169345e+01,  3.203451e+02
  1.173331e+01,  3.172547e+02
  1.106388e+01,  3.125962e+02
  9.658385e+00,  3.051769e+02
  8.215356e+00,  2.917262e+02
  7.691461e+00,  2.727892e+02
  7.987936e+00,  2.547737e+02
  8.260483e+00,  2.374274e+02
  8.642265e+00,  2.182989e+02
  9.517388e+00,  2.009092e+02
  1.054242e+01,  1.879105e+02
  1.132322e+01,  1.783253e+02
  1.158317e+01,  1.724685e+02
  1.094496e+01,  1.712192e+02
  9.442153e+00,  1.760008e+02
  7.664303e+00,  1.891090e+02
  6.431474e+00,  2.122751e+02
  6.277906e+00,  2.409427e+02
  7.214336e+00,  2.661591e+02
  9.112611e+00,  2.847257e+02
  1.169915e+01,  2.954817e+02
  1.440628e+01,  3.002741e+02
  1.649166e+01,  3.026862e+02
  1.751052e+01,  3.031210e+02
  1.745777e+01,  3.015377e+02
  1.667514e+01,  2.974392e+02
  1.585354e+01,  2.903976e+02
  1.573866e+01,  2.815492e+02
  1.631093e+01,  2.739951e+02
  1.668142e+01,  2.693991e+02
  1.630083e+01,  2.682018e+02
  1.547458e+01,  2.695344e+02
  1.466930e+01,  2.712514e+02
  1.391835e+01,  2.715279e+02
  1.298454e+01,  2.711389e+02
  1.186626e+01,  2.708146e+02
  1.058162e+01,  2.682242e+02
  8.940456e+00,  2.621097e+02
  6.722516e+00,  2.528501e+02
  4.109275e+00,  2.407602e+02
  1.567652e+00,  2.084069e+02
  1.850506e+00,  1.034189e+02
  4.198044e+00,  8.928806e+01
  6.489113e+00,  8.571576e+01
  8.528024e+00,  8.363709e+01
  1.018708e+01,  8.358482e+01
  1.141126e+01,  8.634889e+01
  1.225670e+01,  9.173754e+01
  1.290113e+01,  9.833846e+01
  1.342316e+01,  1.052259e+02
  1.378484e+01,  1.111250e+02
  1.390849e+01,  1.156787e+02
  1.393976e+01,  1.182485e+02
  1.397255e+01,  1.174921e+02
  1.374788e+01,  1.132385e+02
  1.306602e+01,  1.066738e+02
  1.212159e+01,  9.936407e+01
  1.126577e+01,  9.058091e+01
  1.062630e+01,  8.048284e+01
  1.016056e+01,  7.003690e+01
  9.609968e+00,  6.046087e+01
  9.042246e+00,  5.157152e+01
  8.676007e+00,  4.367964e+01
  8.386368e+00,  3.808955e+01
  7.930271e+00,  3.424962e+01
  7.216990e+00,  3.204066e+01
  6.226476e+00,  3.328644e+01
  5.071493e+00,  3.906533e+01
  4.078635e+00,  5.465332e+01
  4.007498e+00,  8.231807e+01
  5.203729e+00,  1.052936e+02
  7.103056e+00,  1.170771e+02
  9.410466e+00,  1.235199e+02
  1.204959e+01,  1.259921e+02
  1.462001e+01,  1.250094e+02
  1.635501e+01,  1.232842e+02
  1.701676e+01,  1.212724e+02
  1.689589e+01,  1.182271e+02
  1.616119e+01,  1.135265e+02
  1.477381e+01,  1.072947e+02
  1.296310e+01,  9.976474e+01
  1.113626e+01,  9.011138e+01
  9.760341e+00,  7.769756e+01
  9.265233e+00,  6.498410e+01
  9.610304e+00,  5.550643e+01
  1.061369e+01,  5.056297e+01
  1.218571e+01,  4.968530e+01
  1.412271e+01,  5.152031e+01
  1.626645e+01,  5.543145e+01
  1.846814e+01,  5.967263e+01
  2.032463e+01,  6.392297e+01
  2.147739e+01,  6.934053e+01
  2.185494e+01,  7.599360e+01
  2.127516e+01,  8.336295e+01
  1.967348e+01,  9.157378e+01
  1.716811e+01,  1.020781e+02
  1.418725e+01,  1.165579e+02
  1.141710e+01,  1.389324e+02
  9.971140e+00,  1.703531e+02
  1.045694e+01,  2.055842e+02
  6.922149e+00,  2.396607e+02
  4.349446e-01,  2.604545e+02
##END=