##TITLE= twqubit_C57180_H_25000_NoBufferfix10
##JCAMP-DX= 5.00 Bruker JCAMP library
##DATA TYPE= Shape Data
##ORIGIN= Colm Fixed Pulses 
##OWNER= d29lu
##DATE= 18-May-2015
##TIME= 19:16
##MINX= 3.342678e-01
##MAXX= 2.602331e+01
##MINY= 1.811231e+00
##MAXY= 3.592667e+02
##$SHAPE_EXMODE= None
##$SHAPE_TOTROT= 9.000000e+01
##$SHAPE_BWFAC= 1.000000e+00
##$SHAPE_INTEGFAC= 1.000000e+00
##$SHAPE_MODE= 1
##NPOINTS= 200
##XYPOINTS= (XY..XY)
  3.428036e-01,  3.300175e+02
  3.793302e+00,  2.063929e+01
  9.424885e+00,  1.842597e+01
  1.229460e+01,  1.679759e+01
  1.321908e+01,  1.474568e+01
  1.329561e+01,  1.417764e+01
  1.271993e+01,  1.286401e+01
  1.186220e+01,  9.450566e+00
  1.084653e+01,  5.888949e+00
  9.289460e+00,  6.161905e+00
  7.036243e+00,  1.272952e+01
  4.517620e+00,  2.885609e+01
  2.602850e+00,  6.816351e+01
  3.150385e+00,  1.311007e+02
  5.585802e+00,  1.551392e+02
  8.413170e+00,  1.622671e+02
  1.096544e+01,  1.661867e+02
  1.313616e+01,  1.688235e+02
  1.531333e+01,  1.697677e+02
  1.782989e+01,  1.675924e+02
  2.036553e+01,  1.623769e+02
  2.238213e+01,  1.554873e+02
  2.378797e+01,  1.474441e+02
  2.482745e+01,  1.392931e+02
  2.602331e+01,  1.328495e+02
  2.570815e+01,  1.269023e+02
  2.397844e+01,  1.211812e+02
  2.199176e+01,  1.173948e+02
  1.936147e+01,  1.152930e+02
  1.624731e+01,  1.144147e+02
  1.271426e+01,  1.139963e+02
  8.839120e+00,  1.134273e+02
  4.787756e+00,  1.125167e+02
  6.549917e-01,  9.708615e+01
  3.531826e+00,  2.912091e+02
  7.426681e+00,  2.908208e+02
  1.088610e+01,  2.893864e+02
  1.393933e+01,  2.872852e+02
  1.657222e+01,  2.850342e+02
  1.864380e+01,  2.813072e+02
  1.992756e+01,  2.758639e+02
  2.034062e+01,  2.700163e+02
  2.026511e+01,  2.639920e+02
  1.991514e+01,  2.580499e+02
  1.906076e+01,  2.527856e+02
  1.772496e+01,  2.496450e+02
  1.655618e+01,  2.491847e+02
  1.583437e+01,  2.509313e+02
  1.541906e+01,  2.542323e+02
  1.524679e+01,  2.587073e+02
  1.491178e+01,  2.630804e+02
  1.384278e+01,  2.669445e+02
  1.222243e+01,  2.718299e+02
  1.058949e+01,  2.774156e+02
  8.840426e+00,  2.832605e+02
  7.030218e+00,  2.904664e+02
  5.773277e+00,  3.001040e+02
  4.916058e+00,  3.041576e+02
  3.439336e+00,  2.936133e+02
  1.858568e+00,  2.368499e+02
  3.560243e+00,  1.722627e+02
  6.743919e+00,  1.565879e+02
  1.046881e+01,  1.503192e+02
  1.444715e+01,  1.463450e+02
  1.781503e+01,  1.432359e+02
  1.989467e+01,  1.391882e+02
  2.070762e+01,  1.339387e+02
  2.059075e+01,  1.274920e+02
  1.987390e+01,  1.199877e+02
  1.918834e+01,  1.120020e+02
  1.894898e+01,  1.044336e+02
  1.882934e+01,  9.906631e+01
  1.807063e+01,  9.642308e+01
  1.629819e+01,  9.712400e+01
  1.398560e+01,  1.018904e+02
  1.183226e+01,  1.106139e+02
  1.002589e+01,  1.220902e+02
  8.533576e+00,  1.389929e+02
  7.873965e+00,  1.628249e+02
  8.389819e+00,  1.859618e+02
  9.186261e+00,  2.017770e+02
  9.630196e+00,  2.121305e+02
  9.906592e+00,  2.193302e+02
  1.014777e+01,  2.236874e+02
  1.009258e+01,  2.244944e+02
  9.421288e+00,  2.221087e+02
  8.164595e+00,  2.160553e+02
  6.636800e+00,  2.039429e+02
  5.431153e+00,  1.819315e+02
  5.042610e+00,  1.515389e+02
  5.603462e+00,  1.220020e+02
  6.858733e+00,  1.004064e+02
  8.246213e+00,  8.618301e+01
  9.424333e+00,  7.593190e+01
  1.020553e+01,  6.769647e+01
  1.039302e+01,  6.088920e+01
  9.973189e+00,  5.478513e+01
  9.017695e+00,  4.879682e+01
  7.692366e+00,  4.119935e+01
  6.249359e+00,  3.133265e+01
  5.054729e+00,  1.851732e+01
  4.226534e+00,  5.476478e+00
  3.649129e+00,  3.537192e+02
  3.249604e+00,  3.465433e+02
  3.096331e+00,  3.528957e+02
  3.629010e+00,  1.401868e+01
  5.113935e+00,  3.306516e+01
  7.193864e+00,  4.182683e+01
  9.525341e+00,  4.500020e+01
  1.191888e+01,  4.490636e+01
  1.412630e+01,  4.221166e+01
  1.599101e+01,  3.850456e+01
  1.744507e+01,  3.420100e+01
  1.849461e+01,  2.961899e+01
  1.928271e+01,  2.509229e+01
  1.970832e+01,  2.145565e+01
  1.947684e+01,  1.865371e+01
  1.839678e+01,  1.740378e+01
  1.658306e+01,  1.771899e+01
  1.422900e+01,  2.026773e+01
  1.154270e+01,  2.643194e+01
  8.914011e+00,  3.752384e+01
  6.926881e+00,  5.720958e+01
  6.210998e+00,  8.534712e+01
  6.914108e+00,  1.111236e+02
  8.404582e+00,  1.289412e+02
  1.000546e+01,  1.400490e+02
  1.129857e+01,  1.477485e+02
  1.201273e+01,  1.539825e+02
  1.195443e+01,  1.597376e+02
  1.099080e+01,  1.657787e+02
  9.364327e+00,  1.732464e+02
  7.649507e+00,  1.815611e+02
  6.290001e+00,  1.884940e+02
  5.264957e+00,  1.922722e+02
  4.275648e+00,  1.954295e+02
  3.228623e+00,  1.952622e+02
  2.201851e+00,  1.848480e+02
  1.298143e+00,  1.622473e+02
  3.342678e-01,  7.490836e+01
  1.448154e+00,  3.592667e+02
  3.193454e+00,  1.811231e+00
  5.030869e+00,  6.490620e+00
  6.839427e+00,  8.109858e+00
  8.756866e+00,  8.901145e+00
  1.088929e+01,  1.161320e+01
  1.313766e+01,  1.563432e+01
  1.530467e+01,  2.014911e+01
  1.721024e+01,  2.363536e+01
  1.884027e+01,  2.532384e+01
  2.003163e+01,  2.440538e+01
  2.034977e+01,  2.111800e+01
  1.973427e+01,  1.585793e+01
  1.870187e+01,  1.047495e+01
  1.759260e+01,  6.179175e+00
  1.642743e+01,  3.512952e+00
  1.535127e+01,  2.690853e+00
  1.443999e+01,  4.273917e+00
  1.325212e+01,  7.628019e+00
  1.131087e+01,  1.145444e+01
  8.695543e+00,  1.551138e+01
  5.799751e+00,  2.309026e+01
  3.110577e+00,  4.260788e+01
  2.202183e+00,  1.082551e+02
  4.094820e+00,  1.485108e+02
  6.145432e+00,  1.578367e+02
  7.652787e+00,  1.604493e+02
  8.601945e+00,  1.630877e+02
  9.123581e+00,  1.657584e+02
  9.083515e+00,  1.673326e+02
  8.279517e+00,  1.686460e+02
  6.907128e+00,  1.720544e+02
  5.561918e+00,  1.798645e+02
  4.599997e+00,  1.899068e+02
  3.771868e+00,  1.996613e+02
  2.864821e+00,  2.113517e+02
  2.119279e+00,  2.275924e+02
  1.717694e+00,  2.436919e+02
  1.385108e+00,  2.448633e+02
  1.112555e+00,  2.203187e+02
  1.371490e+00,  1.884399e+02
  2.253613e+00,  1.757581e+02
  3.966401e+00,  1.735661e+02
  6.745848e+00,  1.731801e+02
  1.030572e+01,  1.729868e+02
  1.410640e+01,  1.732448e+02
  1.763714e+01,  1.748571e+02
  2.058410e+01,  1.770337e+02
  2.265884e+01,  1.794138e+02
  2.361302e+01,  1.817034e+02
  2.346257e+01,  1.843265e+02
  2.234573e+01,  1.867514e+02
  2.019519e+01,  1.886541e+02
  1.710047e+01,  1.895491e+02
  1.364511e+01,  1.893066e+02
  1.026476e+01,  1.880505e+02
  6.855516e+00,  1.839475e+02
  3.120934e+00,  1.690084e+02
  2.010078e+00,  4.920434e+01
  8.316634e-01,  3.499785e+02
##END=