##TITLE= twqubit_C1180_H_25000_NoBufferfix4
##JCAMP-DX= 5.00 Bruker JCAMP library
##DATA TYPE= Shape Data
##ORIGIN= Colm Fixed Pulses 
##OWNER= d29lu
##DATE= 18-May-2015
##TIME= 19:18
##MINX= 2.679324e-01
##MAXX= 3.663327e+01
##MINY= 1.191893e+00
##MAXY= 3.531862e+02
##$SHAPE_EXMODE= None
##$SHAPE_TOTROT= 9.000000e+01
##$SHAPE_BWFAC= 1.000000e+00
##$SHAPE_INTEGFAC= 1.000000e+00
##$SHAPE_MODE= 1
##NPOINTS= 200
##XYPOINTS= (XY..XY)
  2.679324e-01,  1.368829e+01
  7.590263e-01,  9.524335e+01
  8.767582e+00,  2.210764e+02
  2.590543e+01,  2.303464e+02
  3.376541e+01,  2.354555e+02
  3.155851e+01,  2.410481e+02
  2.642015e+01,  2.465923e+02
  2.282673e+01,  2.520026e+02
  2.261523e+01,  2.565349e+02
  2.409368e+01,  2.594359e+02
  2.676160e+01,  2.630338e+02
  2.866794e+01,  2.657567e+02
  2.934263e+01,  2.665176e+02
  2.773652e+01,  2.645821e+02
  2.352915e+01,  2.589924e+02
  1.960820e+01,  2.499057e+02
  1.660930e+01,  2.348362e+02
  1.566054e+01,  2.149298e+02
  1.711297e+01,  1.961759e+02
  1.994503e+01,  1.832032e+02
  2.229242e+01,  1.754407e+02
  2.298255e+01,  1.707609e+02
  2.196128e+01,  1.681573e+02
  1.979588e+01,  1.684682e+02
  1.715657e+01,  1.738186e+02
  1.524646e+01,  1.852148e+02
  1.518786e+01,  1.997937e+02
  1.698580e+01,  2.132239e+02
  1.972001e+01,  2.232058e+02
  2.192506e+01,  2.283871e+02
  2.246717e+01,  2.271720e+02
  2.157038e+01,  2.207561e+02
  2.036155e+01,  2.121370e+02
  1.917519e+01,  2.044989e+02
  1.800859e+01,  1.970538e+02
  1.787014e+01,  1.869896e+02
  1.959195e+01,  1.777945e+02
  2.203785e+01,  1.737411e+02
  2.424195e+01,  1.734586e+02
  2.700666e+01,  1.741991e+02
  2.862811e+01,  1.731785e+02
  2.892352e+01,  1.714469e+02
  2.794340e+01,  1.698993e+02
  2.597226e+01,  1.685522e+02
  2.355421e+01,  1.668104e+02
  2.234056e+01,  1.660899e+02
  2.184519e+01,  1.669045e+02
  2.173452e+01,  1.701183e+02
  2.194604e+01,  1.759018e+02
  2.236242e+01,  1.829087e+02
  2.258057e+01,  1.893541e+02
  2.245308e+01,  1.937417e+02
  2.190968e+01,  1.954367e+02
  2.050539e+01,  1.926338e+02
  1.853853e+01,  1.832317e+02
  1.752185e+01,  1.670520e+02
  1.818615e+01,  1.497655e+02
  1.978003e+01,  1.354992e+02
  2.138716e+01,  1.255840e+02
  2.246819e+01,  1.199639e+02
  2.293838e+01,  1.187756e+02
  2.309090e+01,  1.217132e+02
  2.336691e+01,  1.280221e+02
  2.392841e+01,  1.364214e+02
  2.463019e+01,  1.451327e+02
  2.526955e+01,  1.514835e+02
  2.549422e+01,  1.541402e+02
  2.490105e+01,  1.532135e+02
  2.358744e+01,  1.508652e+02
  2.246655e+01,  1.490411e+02
  2.181854e+01,  1.455985e+02
  2.108105e+01,  1.373808e+02
  2.048863e+01,  1.263125e+02
  2.080271e+01,  1.167381e+02
  2.207243e+01,  1.073440e+02
  2.375949e+01,  9.770103e+01
  2.467270e+01,  9.254387e+01
  2.444121e+01,  9.556332e+01
  2.409546e+01,  1.031817e+02
  2.311634e+01,  1.080377e+02
  2.120299e+01,  1.076700e+02
  1.998804e+01,  1.040053e+02
  2.057203e+01,  9.957947e+01
  2.218925e+01,  9.604054e+01
  2.368861e+01,  9.256892e+01
  2.477746e+01,  8.838257e+01
  2.549009e+01,  8.329282e+01
  2.537514e+01,  7.867121e+01
  2.447431e+01,  7.617548e+01
  2.377370e+01,  7.643870e+01
  2.401485e+01,  7.796511e+01
  2.447472e+01,  7.945659e+01
  2.410393e+01,  8.158000e+01
  2.294183e+01,  8.485847e+01
  2.143788e+01,  8.781024e+01
  1.994869e+01,  8.903151e+01
  1.895124e+01,  8.885593e+01
  1.856934e+01,  8.702180e+01
  1.823419e+01,  8.251501e+01
  1.732582e+01,  7.641582e+01
  1.582656e+01,  7.146167e+01
  1.433333e+01,  6.786503e+01
  1.361034e+01,  6.213423e+01
  1.371857e+01,  5.227700e+01
  1.421144e+01,  3.990389e+01
  1.526522e+01,  2.778222e+01
  1.769424e+01,  1.896547e+01
  2.127750e+01,  1.508255e+01
  2.499110e+01,  1.508257e+01
  2.895792e+01,  1.822417e+01
  3.046153e+01,  2.291864e+01
  2.855986e+01,  2.997849e+01
  2.355567e+01,  4.064873e+01
  2.029718e+01,  5.561271e+01
  1.881544e+01,  6.964161e+01
  1.758865e+01,  8.266942e+01
  1.638412e+01,  9.502719e+01
  1.496064e+01,  9.936515e+01
  1.289025e+01,  9.361536e+01
  1.089590e+01,  8.341560e+01
  9.808254e+00,  7.081531e+01
  1.050928e+01,  5.325930e+01
  1.325600e+01,  3.446426e+01
  1.688577e+01,  2.110667e+01
  1.969879e+01,  1.296120e+01
  2.092177e+01,  8.338184e+00
  2.095422e+01,  5.666179e+00
  2.043737e+01,  3.943575e+00
  2.008323e+01,  3.350805e+00
  2.031283e+01,  5.297043e+00
  2.054872e+01,  8.330045e+00
  2.009318e+01,  9.869418e+00
  1.950966e+01,  9.502814e+00
  1.946665e+01,  8.603688e+00
  1.963744e+01,  8.521180e+00
  1.948464e+01,  9.225424e+00
  1.927304e+01,  1.034875e+01
  1.975801e+01,  1.051948e+01
  2.130719e+01,  9.835135e+00
  2.349195e+01,  9.445829e+00
  2.620779e+01,  9.557238e+00
  2.940019e+01,  1.006503e+01
  3.181216e+01,  9.852744e+00
  3.289722e+01,  8.887635e+00
  3.269374e+01,  6.107547e+00
  3.065595e+01,  1.191893e+00
  2.607726e+01,  3.531862e+02
  2.146769e+01,  3.415996e+02
  1.948174e+01,  3.281483e+02
  1.992320e+01,  3.168458e+02
  2.141252e+01,  3.096001e+02
  2.289652e+01,  3.062814e+02
  2.379307e+01,  3.069680e+02
  2.376525e+01,  3.117219e+02
  2.269230e+01,  3.190960e+02
  2.095742e+01,  3.268784e+02
  1.958384e+01,  3.334559e+02
  1.946083e+01,  3.384002e+02
  2.024482e+01,  3.428486e+02
  2.105757e+01,  3.471142e+02
  2.171833e+01,  3.493183e+02
  2.175849e+01,  3.460651e+02
  2.056337e+01,  3.366969e+02
  1.879642e+01,  3.237844e+02
  1.723076e+01,  3.098480e+02
  1.612360e+01,  2.941349e+02
  1.609141e+01,  2.771086e+02
  1.680312e+01,  2.658365e+02
  1.727576e+01,  2.644015e+02
  1.779787e+01,  2.700863e+02
  1.858577e+01,  2.779456e+02
  1.959168e+01,  2.856004e+02
  2.118955e+01,  2.933361e+02
  2.333018e+01,  2.999954e+02
  2.484523e+01,  3.048421e+02
  2.488312e+01,  3.076525e+02
  2.410600e+01,  3.087451e+02
  2.366359e+01,  3.091808e+02
  2.318171e+01,  3.084392e+02
  2.210237e+01,  3.041387e+02
  2.124011e+01,  2.974333e+02
  2.117302e+01,  2.908302e+02
  2.128944e+01,  2.847296e+02
  2.068090e+01,  2.787029e+02
  1.881778e+01,  2.737973e+02
  1.623424e+01,  2.708695e+02
  1.394119e+01,  2.716226e+02
  1.242873e+01,  2.746591e+02
  1.197826e+01,  2.734816e+02
  1.310275e+01,  2.671814e+02
  1.571932e+01,  2.618467e+02
  1.886400e+01,  2.597813e+02
  2.245113e+01,  2.585876e+02
  2.820229e+01,  2.593605e+02
  3.377156e+01,  2.612092e+02
  3.663327e+01,  2.646219e+02
  3.052087e+01,  2.651205e+02
  1.097095e+01,  2.490201e+02
  3.948506e+00,  3.724220e+01
  5.385985e-01,  4.504964e+01
##END=