##TITLE= twqubit_C234790withPC_H_25000_NoBufferfix4
##JCAMP-DX= 5.00 Bruker JCAMP library
##DATA TYPE= Shape Data
##ORIGIN= Colm Fixed Pulses 
##OWNER= d29lu
##DATE= 18-May-2015
##TIME= 18:40
##MINX= 5.516716e-01
##MAXX= 2.067942e+01
##MINY= 1.060229e+00
##MAXY= 3.566962e+02
##$SHAPE_EXMODE= None
##$SHAPE_TOTROT= 9.000000e+01
##$SHAPE_BWFAC= 1.000000e+00
##$SHAPE_INTEGFAC= 1.000000e+00
##$SHAPE_MODE= 1
##NPOINTS= 100
##XYPOINTS= (XY..XY)
  2.123155e+00,  3.157199e+02
  1.943592e+00,  2.565163e+02
  4.409717e+00,  2.109857e+02
  6.671342e+00,  1.958716e+02
  8.221147e+00,  1.872672e+02
  9.330649e+00,  1.784814e+02
  1.035373e+01,  1.686386e+02
  1.138694e+01,  1.590138e+02
  1.237382e+01,  1.491066e+02
  1.347910e+01,  1.380776e+02
  1.478346e+01,  1.284136e+02
  1.608533e+01,  1.206096e+02
  1.719607e+01,  1.147012e+02
  1.819509e+01,  1.100395e+02
  1.917972e+01,  1.063805e+02
  2.004773e+01,  1.037722e+02
  2.057492e+01,  1.018864e+02
  2.067942e+01,  1.005556e+02
  2.027006e+01,  9.991469e+01
  1.934282e+01,  9.985845e+01
  1.783167e+01,  1.003290e+02
  1.582989e+01,  1.023458e+02
  1.363794e+01,  1.081986e+02
  1.174460e+01,  1.193525e+02
  1.054468e+01,  1.340015e+02
  1.013128e+01,  1.504450e+02
  1.060896e+01,  1.659808e+02
  1.185980e+01,  1.779044e+02
  1.323394e+01,  1.852966e+02
  1.408560e+01,  1.899040e+02
  1.419300e+01,  1.928473e+02
  1.364473e+01,  1.949562e+02
  1.254272e+01,  1.972158e+02
  1.111345e+01,  1.989080e+02
  9.436858e+00,  2.013341e+02
  7.596601e+00,  2.038825e+02
  5.683611e+00,  2.063183e+02
  3.733077e+00,  2.074643e+02
  1.698424e+00,  2.093525e+02
  5.516716e-01,  3.338423e+02
  2.444133e+00,  1.313436e+01
  4.160670e+00,  1.591405e+01
  5.548409e+00,  1.545156e+01
  6.439369e+00,  1.431528e+01
  6.858212e+00,  1.436266e+01
  7.015070e+00,  1.648293e+01
  7.151275e+00,  1.989338e+01
  7.378219e+00,  2.419183e+01
  7.680594e+00,  2.868044e+01
  7.987448e+00,  3.170039e+01
  8.138663e+00,  3.300425e+01
  7.966470e+00,  3.238119e+01
  7.476720e+00,  2.922680e+01
  6.877348e+00,  2.253654e+01
  6.363054e+00,  1.182058e+01
  6.187240e+00,  3.566962e+02
  6.716138e+00,  3.393721e+02
  7.856939e+00,  3.252902e+02
  9.324685e+00,  3.147841e+02
  1.098307e+01,  3.074718e+02
  1.273792e+01,  3.023493e+02
  1.445120e+01,  2.982920e+02
  1.593857e+01,  2.949926e+02
  1.725926e+01,  2.924326e+02
  1.855872e+01,  2.902569e+02
  1.955303e+01,  2.876636e+02
  1.995303e+01,  2.843248e+02
  1.983023e+01,  2.805117e+02
  1.921590e+01,  2.772671e+02
  1.799475e+01,  2.749263e+02
  1.632861e+01,  2.734842e+02
  1.447933e+01,  2.744462e+02
  1.258753e+01,  2.798623e+02
  1.106996e+01,  2.894101e+02
  1.032158e+01,  3.030382e+02
  1.036133e+01,  3.180939e+02
  1.092090e+01,  3.321707e+02
  1.183778e+01,  3.443508e+02
  1.302775e+01,  3.539027e+02
  1.424792e+01,  1.060229e+00
  1.518186e+01,  6.248940e+00
  1.546964e+01,  1.080323e+01
  1.496717e+01,  1.469135e+01
  1.378359e+01,  1.826858e+01
  1.196786e+01,  2.190470e+01
  9.560157e+00,  2.506725e+01
  6.725160e+00,  2.991693e+01
  3.799589e+00,  3.979437e+01
  1.418903e+00,  8.787564e+01
  2.926039e+00,  1.744668e+02
  5.456641e+00,  1.892118e+02
  7.550334e+00,  1.937832e+02
  8.889288e+00,  1.969948e+02
  9.444906e+00,  1.992949e+02
  9.316315e+00,  2.013678e+02
  8.546828e+00,  2.038175e+02
  7.185523e+00,  2.075879e+02
  5.402465e+00,  2.146485e+02
  3.217197e+00,  2.381505e+02
  3.620529e+00,  3.208310e+02
##END=