##TITLE= twqubit_C4180_C_25000_NoBufferfix6
##JCAMP-DX= 5.00 Bruker JCAMP library
##DATA TYPE= Shape Data
##ORIGIN= Colm Fixed Pulses 
##OWNER= d29lu
##DATE= 18-May-2015
##TIME= 17:34
##MINX= 4.853479e-01
##MAXX= 4.479264e+01
##MINY= 2.234597e+00
##MAXY= 3.582956e+02
##$SHAPE_EXMODE= None
##$SHAPE_TOTROT= 9.000000e+01
##$SHAPE_BWFAC= 1.000000e+00
##$SHAPE_INTEGFAC= 1.000000e+00
##$SHAPE_MODE= 1
##NPOINTS= 200
##XYPOINTS= (XY..XY)
  9.740233e-01,  1.807601e+02
  6.357453e+00,  1.440716e+02
  7.815696e+00,  7.523198e+01
  3.095669e+01,  4.064285e+01
  4.479264e+01,  6.170373e+01
  3.550695e+01,  1.001524e+02
  1.653319e+01,  1.809602e+02
  2.460113e+01,  2.835254e+02
  2.474412e+01,  3.239932e+02
  7.450075e+00,  1.843520e+01
  1.738821e+01,  1.438908e+02
  2.353044e+01,  1.701828e+02
  1.458836e+01,  2.059943e+02
  1.144667e+01,  2.979914e+02
  1.607284e+01,  3.450282e+02
  1.099656e+01,  1.026258e+01
  4.898814e+00,  5.994367e+01
  8.656305e+00,  9.471266e+01
  1.682053e+01,  9.501060e+01
  2.018372e+01,  9.860242e+01
  1.168002e+01,  1.162751e+02
  9.144442e+00,  2.276001e+02
  1.797891e+01,  2.601193e+02
  1.074955e+01,  2.646734e+02
  5.990521e+00,  9.485645e+01
  1.815020e+01,  1.060652e+02
  1.416719e+01,  1.348403e+02
  1.593656e+01,  2.216307e+02
  2.595152e+01,  2.584644e+02
  1.963287e+01,  2.787229e+02
  2.070171e+00,  2.812087e+01
  1.627717e+01,  1.106403e+02
  1.266488e+01,  1.264869e+02
  4.101914e+00,  3.234288e+02
  2.041414e+01,  3.462020e+02
  2.352646e+01,  3.582956e+02
  1.366166e+01,  2.623382e+00
  2.465827e+00,  1.030214e+02
  1.222882e+01,  1.469057e+02
  1.446480e+01,  1.361498e+02
  1.298594e+01,  1.041174e+02
  1.650928e+01,  8.383767e+01
  2.106680e+01,  9.969582e+01
  2.341845e+01,  1.289660e+02
  1.811732e+01,  1.551326e+02
  2.731490e+00,  1.520015e+02
  1.303097e+01,  3.518733e+01
  1.669815e+01,  5.661836e+01
  5.524804e+00,  9.600788e+01
  1.194105e+01,  2.386770e+02
  1.887962e+01,  2.616775e+02
  1.166713e+01,  2.709403e+02
  1.322131e+00,  1.527590e+02
  9.424237e+00,  1.181015e+02
  7.662365e+00,  1.071428e+02
  4.772301e+00,  2.855035e+01
  9.823612e+00,  3.211954e+00
  7.170832e+00,  1.480583e+01
  3.325038e+00,  1.372627e+02
  1.141734e+01,  1.800861e+02
  1.047920e+01,  1.959484e+02
  2.969403e+00,  2.691622e+02
  9.626625e+00,  3.476930e+02
  8.693545e+00,  3.509979e+02
  6.007463e+00,  2.279084e+02
  2.435800e+01,  2.181742e+02
  3.128841e+01,  2.298957e+02
  2.015838e+01,  2.567586e+02
  1.221865e+01,  1.402959e+01
  2.791452e+01,  6.341948e+01
  2.335856e+01,  8.104426e+01
  6.205765e+00,  1.582313e+02
  2.085823e+01,  2.340505e+02
  2.214086e+01,  2.285310e+02
  1.728329e+01,  1.872841e+02
  1.723044e+01,  1.497417e+02
  1.077374e+01,  1.179619e+02
  6.897963e+00,  2.583033e+01
  1.482726e+01,  3.473124e+02
  1.705594e+01,  3.384344e+02
  1.379815e+01,  3.372288e+02
  8.932127e+00,  3.369193e+02
  5.073147e+00,  3.240620e+02
  2.294320e+00,  2.499870e+02
  1.012332e+01,  1.791533e+02
  1.937703e+01,  1.750727e+02
  1.791020e+01,  1.749437e+02
  4.104164e+00,  1.452123e+02
  1.450955e+01,  2.374000e+01
  2.274042e+01,  2.159849e+01
  1.538549e+01,  1.313387e+01
  6.489715e+00,  2.866671e+02
  1.531340e+01,  2.478990e+02
  1.377492e+01,  2.354863e+02
  5.323516e+00,  1.795706e+02
  1.018205e+01,  1.070930e+02
  1.122289e+01,  1.091045e+02
  3.903921e+00,  1.528385e+02
  5.584230e+00,  2.766752e+02
  7.177818e+00,  3.215307e+02
  3.689028e+00,  1.222744e+01
  2.514444e+00,  1.951854e+02
  1.358440e+01,  2.495540e+02
  2.376332e+01,  2.792073e+02
  2.581043e+01,  3.062008e+02
  2.211406e+01,  3.555478e+02
  3.111280e+01,  5.878045e+01
  3.974904e+01,  9.296851e+01
  2.884559e+01,  1.208751e+02
  9.596526e+00,  2.190429e+02
  2.988510e+01,  2.949950e+02
  3.170408e+01,  3.183043e+02
  1.386932e+01,  3.577813e+02
  1.575190e+01,  1.129177e+02
  2.183071e+01,  1.352185e+02
  1.324702e+01,  1.284736e+02
  3.155900e+00,  6.533122e+01
  4.898543e+00,  2.918424e+02
  1.440448e+01,  2.505809e+02
  2.068769e+01,  2.355276e+02
  1.710842e+01,  2.162795e+02
  9.226464e+00,  1.620078e+02
  1.208358e+01,  9.803567e+01
  1.384696e+01,  7.364350e+01
  1.087923e+01,  3.883821e+01
  1.193723e+01,  3.554845e+02
  1.440513e+01,  3.494505e+02
  1.267763e+01,  1.189363e+01
  8.606165e+00,  5.217526e+01
  4.762468e+00,  1.331679e+02
  1.061259e+01,  2.097926e+02
  1.574095e+01,  2.309458e+02
  1.248893e+01,  2.292212e+02
  5.485964e+00,  1.712956e+02
  1.202283e+01,  1.124309e+02
  1.580442e+01,  9.916609e+01
  1.274667e+01,  7.407264e+01
  9.395810e+00,  2.066598e+01
  1.089376e+01,  3.321632e+02
  1.114368e+01,  3.048036e+02
  1.010242e+01,  2.828530e+02
  9.614036e+00,  2.626609e+02
  7.626588e+00,  2.381881e+02
  3.250991e+00,  1.782880e+02
  8.724547e+00,  8.497027e+01
  1.861642e+01,  7.128768e+01
  2.399543e+01,  5.971627e+01
  2.332296e+01,  4.376780e+01
  1.857376e+01,  2.882901e+01
  1.307717e+01,  2.873845e+01
  1.089765e+01,  5.243738e+01
  1.103988e+01,  7.554874e+01
  8.155961e+00,  9.612041e+01
  5.939603e+00,  1.483093e+02
  1.076340e+01,  1.850971e+02
  1.463550e+01,  1.934456e+02
  1.225680e+01,  1.943243e+02
  3.561753e+00,  1.800670e+02
  5.110519e+00,  2.493091e+01
  9.053990e+00,  2.234597e+00
  6.632426e+00,  3.201681e+02
  1.029085e+01,  2.567377e+02
  1.711932e+01,  2.550336e+02
  1.224006e+01,  2.785595e+02
  1.219085e+01,  4.430902e+01
  3.026744e+01,  8.327075e+01
  3.083343e+01,  9.435103e+01
  1.294031e+01,  7.124522e+01
  1.598855e+01,  3.236767e+02
  2.380804e+01,  3.070018e+02
  1.727703e+01,  3.005557e+02
  6.751251e+00,  3.007600e+02
  6.522783e+00,  3.290861e+02
  1.527665e+01,  3.283831e+02
  2.103482e+01,  3.197400e+02
  1.814893e+01,  3.081465e+02
  7.471633e+00,  2.860986e+02
  4.401095e+00,  1.477409e+02
  9.726059e+00,  1.258690e+02
  4.992197e+00,  1.233891e+02
  5.206205e+00,  2.698241e+02
  1.568576e+01,  2.726283e+02
  1.926207e+01,  2.680346e+02
  1.525118e+01,  2.688143e+02
  7.242936e+00,  2.664347e+02
  5.261627e+00,  2.159125e+02
  1.215705e+01,  2.161796e+02
  1.878860e+01,  2.379813e+02
  2.347489e+01,  2.599278e+02
  2.835367e+01,  2.806915e+02
  3.230290e+01,  3.021143e+02
  2.836196e+01,  3.327355e+02
  1.656677e+01,  3.296612e+01
  2.183357e+01,  1.217063e+02
  2.792934e+01,  1.485371e+02
  2.155340e+01,  1.475785e+02
  1.089112e+01,  1.325117e+02
  1.221212e+00,  1.912697e+02
  3.504440e+00,  2.331145e+02
  4.853479e-01,  1.657739e+02
##END=