##TITLE= twqubit_C2347andH180_H_25000_NoBufferfix7
##JCAMP-DX= 5.00 Bruker JCAMP library
##DATA TYPE= Shape Data
##ORIGIN= Colm Fixed Pulses 
##OWNER= d29lu
##DATE= 18-May-2015
##TIME= 19:32
##MINX= 2.312650e-01
##MAXX= 5.517115e+01
##MINY= 1.794803e+00
##MAXY= 3.590128e+02
##$SHAPE_EXMODE= None
##$SHAPE_TOTROT= 9.000000e+01
##$SHAPE_BWFAC= 1.000000e+00
##$SHAPE_INTEGFAC= 1.000000e+00
##$SHAPE_MODE= 1
##NPOINTS= 200
##XYPOINTS= (XY..XY)
  2.312650e-01,  3.396398e+02
  2.425106e+00,  3.581172e+02
  1.216495e+00,  2.693393e+02
  7.234940e+00,  1.952504e+02
  1.144320e+01,  1.941770e+02
  1.384221e+01,  2.002166e+02
  1.319753e+01,  2.049095e+02
  9.571383e+00,  2.067940e+02
  4.571653e+00,  2.106105e+02
  1.249906e+00,  2.948559e+00
  7.634178e+00,  3.563992e+01
  1.439543e+01,  4.470202e+01
  1.951301e+01,  5.202206e+01
  2.195375e+01,  6.272414e+01
  2.297824e+01,  8.036538e+01
  2.318494e+01,  1.010768e+02
  2.202502e+01,  1.199212e+02
  2.107810e+01,  1.344061e+02
  1.987795e+01,  1.412095e+02
  1.578010e+01,  1.369501e+02
  1.282462e+01,  1.181142e+02
  1.517861e+01,  1.095012e+02
  1.849332e+01,  1.127705e+02
  1.979633e+01,  1.064562e+02
  2.051796e+01,  8.832855e+01
  2.259405e+01,  6.898150e+01
  2.484314e+01,  5.692578e+01
  2.470648e+01,  5.495186e+01
  2.161826e+01,  6.413067e+01
  1.828162e+01,  8.598405e+01
  1.679279e+01,  1.168166e+02
  1.609852e+01,  1.528552e+02
  1.792290e+01,  1.946109e+02
  2.427979e+01,  2.253378e+02
  3.249964e+01,  2.430699e+02
  3.640602e+01,  2.523756e+02
  3.473841e+01,  2.558685e+02
  2.755303e+01,  2.504444e+02
  1.886131e+01,  2.306256e+02
  1.388410e+01,  2.031752e+02
  7.995189e+00,  1.845471e+02
  1.122576e+00,  3.559348e+02
  8.453672e+00,  3.559430e+02
  1.046927e+01,  3.568838e+02
  8.836694e+00,  3.590128e+02
  6.450544e+00,  3.575500e+02
  4.297989e+00,  3.425960e+02
  3.110636e+00,  2.918385e+02
  5.342354e+00,  2.470787e+02
  8.209353e+00,  2.367170e+02
  9.220031e+00,  2.344247e+02
  7.707282e+00,  2.298907e+02
  4.184440e+00,  2.035413e+02
  5.459962e+00,  1.155580e+02
  1.223886e+01,  9.855615e+01
  1.800023e+01,  9.890379e+01
  2.105555e+01,  1.029600e+02
  2.033265e+01,  1.084652e+02
  1.505076e+01,  1.150173e+02
  6.086191e+00,  1.250898e+02
  5.235210e+00,  2.835215e+02
  1.621925e+01,  2.902135e+02
  2.484978e+01,  2.883524e+02
  2.940219e+01,  2.831290e+02
  2.744355e+01,  2.744432e+02
  2.259780e+01,  2.657440e+02
  1.923312e+01,  2.619629e+02
  1.758401e+01,  2.624772e+02
  1.739805e+01,  2.652873e+02
  1.807130e+01,  2.696807e+02
  1.913051e+01,  2.759319e+02
  1.982229e+01,  2.828925e+02
  1.928246e+01,  2.887513e+02
  1.810504e+01,  2.954085e+02
  1.807190e+01,  3.083713e+02
  2.094521e+01,  3.268698e+02
  2.814624e+01,  3.422521e+02
  3.563071e+01,  3.488566e+02
  4.029423e+01,  3.514399e+02
  3.709364e+01,  3.527109e+02
  2.557797e+01,  3.535793e+02
  1.060246e+01,  3.575056e+02
  3.631610e+00,  1.421458e+02
  1.382592e+01,  1.639166e+02
  2.053469e+01,  1.659790e+02
  2.390320e+01,  1.645774e+02
  2.344840e+01,  1.612672e+02
  1.922861e+01,  1.560770e+02
  1.560195e+01,  1.506429e+02
  1.495445e+01,  1.528220e+02
  1.466499e+01,  1.627353e+02
  1.325354e+01,  1.729780e+02
  1.172941e+01,  1.759193e+02
  1.086729e+01,  1.675420e+02
  1.042796e+01,  1.508466e+02
  1.140095e+01,  1.286989e+02
  1.470200e+01,  1.143146e+02
  1.743143e+01,  1.133606e+02
  1.848268e+01,  1.214765e+02
  2.032798e+01,  1.340691e+02
  2.294446e+01,  1.467338e+02
  2.461865e+01,  1.613091e+02
  2.731749e+01,  1.777723e+02
  2.984707e+01,  1.869760e+02
  2.991438e+01,  1.856666e+02
  2.824201e+01,  1.768265e+02
  2.632440e+01,  1.643630e+02
  2.299209e+01,  1.475580e+02
  1.985915e+01,  1.260256e+02
  1.700164e+01,  1.051000e+02
  1.270802e+01,  8.598706e+01
  8.540444e+00,  5.434306e+01
  8.149026e+00,  1.373527e+01
  8.556419e+00,  3.560622e+02
  7.082961e+00,  8.531721e+00
  9.401849e+00,  5.816559e+01
  1.816161e+01,  8.029412e+01
  2.663729e+01,  8.879988e+01
  2.870814e+01,  9.214135e+01
  2.267582e+01,  8.789492e+01
  1.555231e+01,  6.411473e+01
  1.685352e+01,  2.030148e+01
  2.533743e+01,  1.794803e+00
  3.276291e+01,  2.179487e+00
  3.305782e+01,  9.631798e+00
  2.603113e+01,  2.111879e+01
  1.383991e+01,  4.647890e+01
  1.268954e+01,  1.375866e+02
  3.090582e+01,  1.743141e+02
  4.722579e+01,  1.865556e+02
  5.517115e+01,  1.933667e+02
  5.318000e+01,  1.967570e+02
  4.335127e+01,  1.962053e+02
  3.055819e+01,  1.929507e+02
  1.892664e+01,  1.907251e+02
  1.199445e+01,  2.002031e+02
  9.822086e+00,  2.221091e+02
  1.133859e+01,  2.404903e+02
  1.456225e+01,  2.426779e+02
  1.954835e+01,  2.349038e+02
  2.580249e+01,  2.279488e+02
  3.027970e+01,  2.251128e+02
  2.840896e+01,  2.201710e+02
  2.232359e+01,  2.108750e+02
  1.572014e+01,  1.973714e+02
  1.149422e+01,  1.738698e+02
  1.231949e+01,  1.516791e+02
  1.496428e+01,  1.433775e+02
  1.691232e+01,  1.436370e+02
  1.834227e+01,  1.505984e+02
  1.864564e+01,  1.611300e+02
  1.578884e+01,  1.704786e+02
  9.816820e+00,  1.830862e+02
  4.944765e+00,  2.267658e+02
  6.186744e+00,  2.840398e+02
  8.558593e+00,  3.037159e+02
  1.149511e+01,  3.143089e+02
  1.499431e+01,  3.188496e+02
  1.637559e+01,  3.217588e+02
  1.463801e+01,  3.245116e+02
  1.102383e+01,  3.275221e+02
  6.468135e+00,  3.260653e+02
  2.335960e+00,  2.684637e+02
  6.777791e+00,  2.042583e+02
  1.196378e+01,  2.044623e+02
  1.381020e+01,  2.123508e+02
  1.216229e+01,  2.274590e+02
  9.226045e+00,  2.527597e+02
  8.653142e+00,  3.007323e+02
  1.362426e+01,  3.366432e+02
  2.003602e+01,  3.523966e+02
  2.511419e+01,  1.795272e+00
  2.848729e+01,  8.951692e+00
  2.582727e+01,  1.294312e+01
  1.806622e+01,  1.875984e+01
  8.967554e+00,  5.367535e+01
  1.308289e+01,  1.286037e+02
  2.327013e+01,  1.476993e+02
  2.954437e+01,  1.532794e+02
  3.004848e+01,  1.508705e+02
  2.884245e+01,  1.412373e+02
  2.619665e+01,  1.264272e+02
  2.058571e+01,  1.058532e+02
  1.515970e+01,  7.489852e+01
  1.318231e+01,  3.198506e+01
  1.619131e+01,  3.521096e+02
  2.016517e+01,  3.370256e+02
  1.969126e+01,  3.459490e+02
  1.925728e+01,  9.098868e+00
  1.924434e+01,  2.473594e+01
  1.694736e+01,  3.432275e+01
  1.463789e+01,  4.527957e+01
  1.358381e+01,  5.745315e+01
  1.384313e+01,  6.680261e+01
  1.507470e+01,  6.450434e+01
  1.686927e+01,  4.570025e+01
  1.968864e+01,  1.862380e+01
  1.269441e+01,  3.514679e+02
  6.819956e+00,  3.225391e+02
  3.276573e-01,  1.083964e+02
##END=