##TITLE= twqubit_C23180_H_25000_NoBufferfix4
##JCAMP-DX= 5.00 Bruker JCAMP library
##DATA TYPE= Shape Data
##ORIGIN= Colm Fixed Pulses 
##OWNER= d29lu
##DATE= 18-May-2015
##TIME= 19:22
##MINX= 1.524802e-01
##MAXX= 2.326887e+01
##MINY= 9.627547e+00
##MAXY= 3.562406e+02
##$SHAPE_EXMODE= None
##$SHAPE_TOTROT= 9.000000e+01
##$SHAPE_BWFAC= 1.000000e+00
##$SHAPE_INTEGFAC= 1.000000e+00
##$SHAPE_MODE= 1
##NPOINTS= 200
##XYPOINTS= (XY..XY)
  1.524802e-01,  3.438513e+02
  2.264834e+00,  1.803695e+02
  7.644086e+00,  1.805203e+02
  1.258683e+01,  1.742138e+02
  1.511029e+01,  1.635938e+02
  1.640933e+01,  1.527781e+02
  1.680190e+01,  1.424327e+02
  1.632412e+01,  1.331421e+02
  1.520411e+01,  1.253952e+02
  1.349458e+01,  1.194892e+02
  1.135988e+01,  1.159436e+02
  9.318742e+00,  1.118069e+02
  7.925342e+00,  1.028325e+02
  7.625660e+00,  8.824773e+01
  8.543877e+00,  7.589646e+01
  1.011677e+01,  7.061455e+01
  1.185715e+01,  7.157430e+01
  1.357222e+01,  7.728739e+01
  1.514892e+01,  8.702646e+01
  1.645957e+01,  9.668990e+01
  1.741362e+01,  1.031144e+02
  1.823564e+01,  1.059120e+02
  1.889350e+01,  1.055832e+02
  1.904169e+01,  1.033565e+02
  1.872559e+01,  9.875802e+01
  1.812711e+01,  9.186632e+01
  1.687939e+01,  8.480382e+01
  1.470350e+01,  7.902499e+01
  1.201983e+01,  7.543912e+01
  9.267136e+00,  7.339339e+01
  6.503575e+00,  7.802869e+01
  4.437389e+00,  1.030492e+02
  4.847154e+00,  1.416431e+02
  6.917498e+00,  1.597317e+02
  9.353781e+00,  1.654870e+02
  1.172406e+01,  1.660483e+02
  1.348162e+01,  1.630414e+02
  1.431652e+01,  1.576011e+02
  1.457569e+01,  1.506032e+02
  1.454495e+01,  1.434845e+02
  1.396035e+01,  1.362649e+02
  1.274642e+01,  1.275445e+02
  1.121503e+01,  1.155261e+02
  9.689111e+00,  9.819202e+01
  8.971073e+00,  7.293206e+01
  1.027652e+01,  4.612151e+01
  1.312595e+01,  2.821554e+01
  1.587315e+01,  1.830217e+01
  1.731282e+01,  1.264759e+01
  1.703821e+01,  9.627547e+00
  1.521075e+01,  9.839270e+00
  1.256019e+01,  1.600617e+01
  1.015554e+01,  3.017989e+01
  9.213929e+00,  5.524938e+01
  1.060682e+01,  8.228299e+01
  1.376818e+01,  1.002166e+02
  1.730932e+01,  1.104393e+02
  2.027266e+01,  1.159729e+02
  2.229391e+01,  1.187481e+02
  2.326887e+01,  1.196875e+02
  2.276175e+01,  1.195832e+02
  2.062416e+01,  1.183487e+02
  1.756679e+01,  1.156932e+02
  1.447610e+01,  1.104645e+02
  1.175598e+01,  1.027184e+02
  9.910109e+00,  9.023145e+01
  9.599247e+00,  7.644232e+01
  1.060951e+01,  6.692673e+01
  1.181349e+01,  6.162769e+01
  1.199881e+01,  5.765933e+01
  1.061106e+01,  5.231370e+01
  8.107342e+00,  4.221658e+01
  5.780495e+00,  2.264640e+01
  5.242209e+00,  3.562406e+02
  6.487732e+00,  3.450989e+02
  8.304361e+00,  3.460250e+02
  9.648108e+00,  3.471729e+02
  9.758968e+00,  3.425376e+02
  8.967292e+00,  3.288450e+02
  8.894439e+00,  3.057680e+02
  1.064851e+01,  2.847560e+02
  1.322698e+01,  2.720981e+02
  1.538756e+01,  2.643451e+02
  1.661661e+01,  2.580059e+02
  1.681235e+01,  2.511551e+02
  1.638594e+01,  2.427260e+02
  1.606375e+01,  2.333486e+02
  1.597527e+01,  2.238016e+02
  1.587908e+01,  2.130971e+02
  1.603981e+01,  2.009617e+02
  1.664609e+01,  1.902837e+02
  1.727591e+01,  1.834011e+02
  1.738155e+01,  1.808905e+02
  1.660250e+01,  1.833464e+02
  1.513649e+01,  1.909546e+02
  1.346827e+01,  2.024733e+02
  1.188672e+01,  2.169273e+02
  1.084493e+01,  2.342463e+02
  1.097819e+01,  2.534285e+02
  1.210760e+01,  2.691311e+02
  1.352770e+01,  2.791685e+02
  1.480212e+01,  2.852109e+02
  1.559005e+01,  2.870978e+02
  1.548740e+01,  2.853930e+02
  1.437151e+01,  2.811957e+02
  1.250631e+01,  2.755641e+02
  1.049283e+01,  2.666333e+02
  8.624525e+00,  2.562317e+02
  6.796181e+00,  2.461809e+02
  4.834403e+00,  2.383173e+02
  3.133748e+00,  2.332393e+02
  2.362768e+00,  2.293798e+02
  2.662845e+00,  2.203339e+02
  3.549358e+00,  2.086067e+02
  4.669008e+00,  1.966994e+02
  6.345131e+00,  1.839243e+02
  8.651444e+00,  1.698503e+02
  1.081090e+01,  1.534306e+02
  1.217445e+01,  1.345574e+02
  1.282960e+01,  1.161743e+02
  1.319341e+01,  1.031181e+02
  1.349924e+01,  9.636049e+01
  1.380176e+01,  9.463974e+01
  1.424081e+01,  9.740301e+01
  1.492857e+01,  1.035892e+02
  1.556188e+01,  1.095964e+02
  1.564118e+01,  1.130939e+02
  1.514730e+01,  1.142967e+02
  1.438188e+01,  1.148844e+02
  1.350072e+01,  1.152470e+02
  1.262530e+01,  1.154158e+02
  1.194982e+01,  1.153570e+02
  1.155834e+01,  1.154722e+02
  1.129482e+01,  1.165740e+02
  1.081461e+01,  1.181437e+02
  9.952746e+00,  1.193826e+02
  8.711057e+00,  1.207095e+02
  6.812784e+00,  1.232838e+02
  4.124383e+00,  1.293975e+02
  1.210775e+00,  1.610537e+02
  2.772495e+00,  2.803685e+02
  6.075804e+00,  2.920078e+02
  9.174848e+00,  2.919981e+02
  1.128214e+01,  2.881597e+02
  1.173199e+01,  2.805796e+02
  1.045504e+01,  2.678733e+02
  8.388971e+00,  2.470102e+02
  6.872983e+00,  2.149482e+02
  6.921350e+00,  1.770028e+02
  8.413326e+00,  1.463492e+02
  1.051097e+01,  1.254468e+02
  1.275924e+01,  1.111720e+02
  1.477173e+01,  1.022203e+02
  1.620670e+01,  9.772723e+01
  1.707368e+01,  9.622517e+01
  1.768851e+01,  9.689686e+01
  1.856997e+01,  9.862118e+01
  1.989889e+01,  9.964552e+01
  2.104849e+01,  9.942729e+01
  2.118022e+01,  9.759056e+01
  1.993999e+01,  9.463562e+01
  1.752805e+01,  9.197684e+01
  1.435822e+01,  9.132971e+01
  1.108962e+01,  9.603941e+01
  8.673732e+00,  1.080928e+02
  7.595437e+00,  1.228044e+02
  6.955587e+00,  1.316366e+02
  5.823423e+00,  1.367906e+02
  4.528981e+00,  1.448962e+02
  4.077950e+00,  1.600493e+02
  4.857530e+00,  1.704484e+02
  6.331639e+00,  1.695492e+02
  8.132764e+00,  1.618006e+02
  1.010577e+01,  1.518984e+02
  1.211926e+01,  1.422409e+02
  1.408555e+01,  1.329327e+02
  1.598434e+01,  1.254548e+02
  1.785939e+01,  1.195343e+02
  1.973573e+01,  1.146331e+02
  2.126062e+01,  1.102824e+02
  2.196624e+01,  1.066080e+02
  2.149422e+01,  1.044928e+02
  1.980252e+01,  1.055290e+02
  1.707278e+01,  1.111169e+02
  1.397608e+01,  1.236964e+02
  1.188697e+01,  1.462462e+02
  1.196188e+01,  1.720264e+02
  1.339736e+01,  1.916933e+02
  1.495570e+01,  2.050413e+02
  1.600775e+01,  2.136580e+02
  1.614442e+01,  2.187600e+02
  1.557504e+01,  2.210118e+02
  1.518573e+01,  2.204964e+02
  1.539386e+01,  2.186561e+02
  1.559654e+01,  2.168611e+02
  1.524879e+01,  2.151730e+02
  1.441495e+01,  2.125941e+02
  1.255002e+01,  2.091696e+02
  5.279270e+00,  1.986614e+02
  5.865034e-01,  3.386739e+02
##END=