##TITLE= twqubit_C2347andH180_H_25000_NoBufferfix4
##JCAMP-DX= 5.00 Bruker JCAMP library
##DATA TYPE= Shape Data
##ORIGIN= Colm Fixed Pulses 
##OWNER= d29lu
##DATE= 18-May-2015
##TIME= 19:31
##MINX= 2.419146e-01
##MAXX= 5.517103e+01
##MINY= 1.774385e+00
##MAXY= 3.589959e+02
##$SHAPE_EXMODE= None
##$SHAPE_TOTROT= 9.000000e+01
##$SHAPE_BWFAC= 1.000000e+00
##$SHAPE_INTEGFAC= 1.000000e+00
##$SHAPE_MODE= 1
##NPOINTS= 200
##XYPOINTS= (XY..XY)
  2.419146e-01,  3.469275e+02
  2.420802e+00,  3.580707e+02
  1.218570e+00,  2.694284e+02
  7.235645e+00,  1.952237e+02
  1.144462e+01,  1.941626e+02
  1.384202e+01,  2.001887e+02
  1.319585e+01,  2.049096e+02
  9.571337e+00,  2.067652e+02
  4.573452e+00,  2.105993e+02
  1.252202e+00,  2.952178e+00
  7.635626e+00,  3.561243e+01
  1.439880e+01,  4.469420e+01
  1.951445e+01,  5.201473e+01
  2.195418e+01,  6.271745e+01
  2.297747e+01,  8.035977e+01
  2.318534e+01,  1.010641e+02
  2.202344e+01,  1.198964e+02
  2.107731e+01,  1.343883e+02
  1.987880e+01,  1.412106e+02
  1.577903e+01,  1.369467e+02
  1.282560e+01,  1.180823e+02
  1.517912e+01,  1.094845e+02
  1.849430e+01,  1.127526e+02
  1.979725e+01,  1.064444e+02
  2.051788e+01,  8.831154e+01
  2.259644e+01,  6.897399e+01
  2.484361e+01,  5.691463e+01
  2.470612e+01,  5.494599e+01
  2.161968e+01,  6.410624e+01
  1.828197e+01,  8.597048e+01
  1.679368e+01,  1.167986e+02
  1.610079e+01,  1.528331e+02
  1.792337e+01,  1.946037e+02
  2.428285e+01,  2.253223e+02
  3.250164e+01,  2.430759e+02
  3.640316e+01,  2.523458e+02
  3.473993e+01,  2.558620e+02
  2.754829e+01,  2.504073e+02
  1.886228e+01,  2.306122e+02
  1.388415e+01,  2.031755e+02
  7.994654e+00,  1.845326e+02
  1.121352e+00,  3.558805e+02
  8.453889e+00,  3.559368e+02
  1.047064e+01,  3.568657e+02
  8.838415e+00,  3.589959e+02
  6.451108e+00,  3.575383e+02
  4.298256e+00,  3.425906e+02
  3.108449e+00,  2.918094e+02
  5.342158e+00,  2.470849e+02
  8.208306e+00,  2.366971e+02
  9.219712e+00,  2.344164e+02
  7.705443e+00,  2.298659e+02
  4.183902e+00,  2.035059e+02
  5.456709e+00,  1.155422e+02
  1.224078e+01,  9.853231e+01
  1.800104e+01,  9.889078e+01
  2.105686e+01,  1.029734e+02
  2.033159e+01,  1.084482e+02
  1.505121e+01,  1.150002e+02
  6.086808e+00,  1.250988e+02
  5.233394e+00,  2.835201e+02
  1.622000e+01,  2.902007e+02
  2.485420e+01,  2.883408e+02
  2.940373e+01,  2.831193e+02
  2.743971e+01,  2.744346e+02
  2.259690e+01,  2.657264e+02
  1.923362e+01,  2.619526e+02
  1.758417e+01,  2.624592e+02
  1.739991e+01,  2.652812e+02
  1.807165e+01,  2.696540e+02
  1.913183e+01,  2.759156e+02
  1.982287e+01,  2.828871e+02
  1.928272e+01,  2.887544e+02
  1.810662e+01,  2.954041e+02
  1.807369e+01,  3.083458e+02
  2.094565e+01,  3.268530e+02
  2.814658e+01,  3.422362e+02
  3.563039e+01,  3.488416e+02
  4.029100e+01,  3.514394e+02
  3.709019e+01,  3.526804e+02
  2.554989e+01,  3.535317e+02
  1.060352e+01,  3.574806e+02
  3.632125e+00,  1.421135e+02
  1.382692e+01,  1.639156e+02
  2.053658e+01,  1.659529e+02
  2.390462e+01,  1.645595e+02
  2.344965e+01,  1.612444e+02
  1.923080e+01,  1.560559e+02
  1.560060e+01,  1.506388e+02
  1.495297e+01,  1.527939e+02
  1.466638e+01,  1.627135e+02
  1.325563e+01,  1.729765e+02
  1.173069e+01,  1.759181e+02
  1.086915e+01,  1.675286e+02
  1.042636e+01,  1.508169e+02
  1.139836e+01,  1.286838e+02
  1.470263e+01,  1.142949e+02
  1.743330e+01,  1.133459e+02
  1.848299e+01,  1.214678e+02
  2.032949e+01,  1.340430e+02
  2.294657e+01,  1.467194e+02
  2.461837e+01,  1.612985e+02
  2.731887e+01,  1.777554e+02
  2.984483e+01,  1.869668e+02
  2.991197e+01,  1.856560e+02
  2.823952e+01,  1.768120e+02
  2.632195e+01,  1.643349e+02
  2.299240e+01,  1.475338e+02
  1.986103e+01,  1.260123e+02
  1.700280e+01,  1.050792e+02
  1.270783e+01,  8.596358e+01
  8.541559e+00,  5.432497e+01
  8.150503e+00,  1.370985e+01
  8.556486e+00,  3.560666e+02
  7.082091e+00,  8.499719e+00
  9.406114e+00,  5.814663e+01
  1.816232e+01,  8.028380e+01
  2.663940e+01,  8.877013e+01
  2.870531e+01,  9.215787e+01
  2.267461e+01,  8.788131e+01
  1.555565e+01,  6.409042e+01
  1.685526e+01,  2.028195e+01
  2.534247e+01,  1.774385e+00
  3.276405e+01,  2.172429e+00
  3.305953e+01,  9.615664e+00
  2.601488e+01,  2.107171e+01
  1.383953e+01,  4.646554e+01
  1.269120e+01,  1.375678e+02
  3.090809e+01,  1.742970e+02
  4.722632e+01,  1.865433e+02
  5.517103e+01,  1.933545e+02
  5.317545e+01,  1.967359e+02
  4.334568e+01,  1.961792e+02
  3.055440e+01,  1.929246e+02
  1.892725e+01,  1.907207e+02
  1.199238e+01,  2.002009e+02
  9.821826e+00,  2.221066e+02
  1.133985e+01,  2.405072e+02
  1.456327e+01,  2.426505e+02
  1.954800e+01,  2.348754e+02
  2.580840e+01,  2.279211e+02
  3.027937e+01,  2.250979e+02
  2.840274e+01,  2.201581e+02
  2.232442e+01,  2.108622e+02
  1.571960e+01,  1.973567e+02
  1.149105e+01,  1.738435e+02
  1.232032e+01,  1.516661e+02
  1.496704e+01,  1.433716e+02
  1.691329e+01,  1.436163e+02
  1.834432e+01,  1.505694e+02
  1.864616e+01,  1.611054e+02
  1.579015e+01,  1.704691e+02
  9.817571e+00,  1.830573e+02
  4.943575e+00,  2.267385e+02
  6.187833e+00,  2.840162e+02
  8.559234e+00,  3.036971e+02
  1.149670e+01,  3.142917e+02
  1.499452e+01,  3.188429e+02
  1.637811e+01,  3.217540e+02
  1.464102e+01,  3.244828e+02
  1.102468e+01,  3.275095e+02
  6.470008e+00,  3.260801e+02
  2.333556e+00,  2.684666e+02
  6.776336e+00,  2.042336e+02
  1.196584e+01,  2.044467e+02
  1.381046e+01,  2.123229e+02
  1.216318e+01,  2.274548e+02
  9.226318e+00,  2.527381e+02
  8.652929e+00,  3.007031e+02
  1.362580e+01,  3.366204e+02
  2.003915e+01,  3.523883e+02
  2.511525e+01,  1.785675e+00
  2.848431e+01,  8.945405e+00
  2.580436e+01,  1.289676e+01
  1.806418e+01,  1.873181e+01
  8.968277e+00,  5.366486e+01
  1.308356e+01,  1.285911e+02
  2.327413e+01,  1.476953e+02
  2.954493e+01,  1.532603e+02
  3.004409e+01,  1.508543e+02
  2.883936e+01,  1.412303e+02
  2.619168e+01,  1.264042e+02
  2.058750e+01,  1.058275e+02
  1.515881e+01,  7.491066e+01
  1.317982e+01,  3.197296e+01
  1.619303e+01,  3.521160e+02
  2.016596e+01,  3.370264e+02
  1.968860e+01,  3.459382e+02
  1.925965e+01,  9.087635e+00
  1.924535e+01,  2.473174e+01
  1.694636e+01,  3.431628e+01
  1.463763e+01,  4.526663e+01
  1.358317e+01,  5.745523e+01
  1.384443e+01,  6.680397e+01
  1.507387e+01,  6.450308e+01
  1.686792e+01,  4.568734e+01
  1.968831e+01,  1.862689e+01
  1.269607e+01,  3.514373e+02
  6.819865e+00,  3.225359e+02
  3.283615e-01,  1.082792e+02
##END=