##TITLE= twqubit_C590_C_25000_NoBufferfix1
##JCAMP-DX= 5.00 Bruker JCAMP library
##DATA TYPE= Shape Data
##ORIGIN= Colm Fixed Pulses 
##OWNER= d29lu
##DATE= 18-May-2015
##TIME= 17:19
##MINX= 4.341292e-01
##MAXX= 5.616346e+01
##MINY= 3.535894e+00
##MAXY= 3.585108e+02
##$SHAPE_EXMODE= None
##$SHAPE_TOTROT= 9.000000e+01
##$SHAPE_BWFAC= 1.000000e+00
##$SHAPE_INTEGFAC= 1.000000e+00
##$SHAPE_MODE= 1
##NPOINTS= 100
##XYPOINTS= (XY..XY)
  4.341292e-01,  2.782055e+02
  1.758671e+00,  1.091404e+02
  1.315887e+01,  8.965783e+01
  2.145625e+01,  6.520874e+01
  2.181418e+01,  1.534407e+01
  2.717175e+01,  3.475133e+02
  2.139543e+01,  3.549700e+02
  5.659429e+00,  3.924948e+01
  1.017667e+01,  1.711635e+02
  1.026523e+01,  2.130967e+02
  7.918634e+00,  3.222713e+02
  1.978596e+01,  3.322346e+01
  2.774396e+01,  5.406211e+01
  2.395247e+01,  3.669371e+01
  1.828266e+01,  3.585108e+02
  1.640904e+01,  3.416813e+02
  1.956007e+01,  3.535894e+00
  1.664260e+01,  3.067521e+01
  3.971072e+00,  1.355785e+02
  1.880106e+01,  2.198423e+02
  1.975915e+01,  2.371035e+02
  5.879226e+00,  2.371815e+02
  8.264529e+00,  7.865024e+01
  1.796550e+01,  6.873563e+01
  2.346903e+01,  5.458316e+01
  1.911729e+01,  4.850693e+01
  4.518680e+00,  6.046931e+01
  3.496086e+00,  1.776536e+02
  5.110868e+00,  7.874315e+01
  1.833634e+01,  5.917473e+01
  2.412503e+01,  4.932252e+01
  1.780664e+01,  2.643795e+01
  9.209792e+00,  3.039870e+02
  1.892893e+01,  2.429560e+02
  2.214410e+01,  2.104594e+02
  2.339779e+01,  1.574816e+02
  3.167453e+01,  1.182225e+02
  3.203768e+01,  9.176539e+01
  2.645706e+01,  5.688704e+01
  2.310403e+01,  2.124234e+01
  1.797968e+01,  3.543784e+02
  1.175995e+01,  3.177040e+02
  8.973235e+00,  2.866020e+02
  4.075380e+00,  3.087216e+02
  8.507114e+00,  4.062305e+01
  1.741667e+01,  4.875596e+01
  2.158601e+01,  5.068555e+01
  1.909265e+01,  7.461238e+01
  1.681115e+01,  1.360962e+02
  2.267835e+01,  1.934135e+02
  2.255245e+01,  2.240118e+02
  1.143860e+01,  2.424845e+02
  8.765997e-01,  2.844371e+01
  7.251583e+00,  9.129710e+01
  1.141733e+01,  1.254218e+02
  1.342778e+01,  1.579580e+02
  1.149194e+01,  1.860580e+02
  4.209945e+00,  2.319028e+02
  1.027905e+01,  3.450932e+02
  2.059310e+01,  3.582578e+02
  2.374777e+01,  3.480967e+02
  2.102612e+01,  3.225624e+02
  1.528772e+01,  2.807269e+02
  1.250723e+01,  2.282853e+02
  8.051472e+00,  1.896703e+02
  2.973733e+00,  4.702496e+01
  1.184428e+01,  1.416024e+01
  9.428098e+00,  5.001141e+00
  2.029856e+00,  2.344656e+02
  8.336533e+00,  2.322476e+02
  1.716306e+01,  3.201845e+02
  4.325734e+01,  3.419824e+02
  5.561585e+01,  3.254559e+02
  5.616346e+01,  3.054514e+02
  4.096933e+01,  2.883789e+02
  1.451160e+01,  3.281017e+02
  1.860580e+01,  5.263733e+01
  1.220676e+01,  6.309857e+01
  8.635864e+00,  2.565551e+02
  2.609361e+01,  2.570324e+02
  2.616693e+01,  2.526123e+02
  1.084818e+01,  2.208876e+02
  1.652951e+01,  1.104490e+02
  2.654189e+01,  9.798132e+01
  1.756508e+01,  8.236621e+01
  9.458331e+00,  3.422021e+02
  1.632614e+01,  2.983766e+02
  1.211876e+01,  2.537889e+02
  1.567762e+01,  1.859657e+02
  2.226043e+01,  1.614651e+02
  1.870627e+01,  1.416782e+02
  1.283516e+01,  9.572414e+01
  1.496492e+01,  4.782061e+01
  1.654614e+01,  1.933303e+01
  1.387471e+01,  3.580699e+02
  5.702070e+00,  3.206966e+02
  8.185336e+00,  2.217591e+02
  1.166859e+01,  2.097837e+02
  5.094806e+00,  1.198418e+02
  5.135219e-01,  3.252575e+02
##END=