##TITLE= twqubit_C2347andH180_H_25000_NoBufferfix8
##JCAMP-DX= 5.00 Bruker JCAMP library
##DATA TYPE= Shape Data
##ORIGIN= Colm Fixed Pulses 
##OWNER= d29lu
##DATE= 18-May-2015
##TIME= 19:32
##MINX= 2.283177e-01
##MAXX= 5.517174e+01
##MINY= 1.801528e+00
##MAXY= 3.590203e+02
##$SHAPE_EXMODE= None
##$SHAPE_TOTROT= 9.000000e+01
##$SHAPE_BWFAC= 1.000000e+00
##$SHAPE_INTEGFAC= 1.000000e+00
##$SHAPE_MODE= 1
##NPOINTS= 200
##XYPOINTS= (XY..XY)
  2.283177e-01,  3.379625e+02
  2.426223e+00,  3.581113e+02
  1.217054e+00,  2.693374e+02
  7.236135e+00,  1.952552e+02
  1.144297e+01,  1.941899e+02
  1.384300e+01,  2.002236e+02
  1.319715e+01,  2.049171e+02
  9.571105e+00,  2.068093e+02
  4.572343e+00,  2.106095e+02
  1.249863e+00,  2.924173e+00
  7.633619e+00,  3.565187e+01
  1.439550e+01,  4.470980e+01
  1.951327e+01,  5.202950e+01
  2.195289e+01,  6.273241e+01
  2.297798e+01,  8.036871e+01
  2.318456e+01,  1.010817e+02
  2.202443e+01,  1.199300e+02
  2.107788e+01,  1.344103e+02
  1.987754e+01,  1.412155e+02
  1.577948e+01,  1.369578e+02
  1.282472e+01,  1.181271e+02
  1.517857e+01,  1.095106e+02
  1.849281e+01,  1.127837e+02
  1.979768e+01,  1.064595e+02
  2.051772e+01,  8.833637e+01
  2.259369e+01,  6.898621e+01
  2.484255e+01,  5.692630e+01
  2.470656e+01,  5.495588e+01
  2.161725e+01,  6.413988e+01
  1.828103e+01,  8.599276e+01
  1.679277e+01,  1.168166e+02
  1.609846e+01,  1.528667e+02
  1.792162e+01,  1.946211e+02
  2.428003e+01,  2.253439e+02
  3.249966e+01,  2.430721e+02
  3.640692e+01,  2.523844e+02
  3.473922e+01,  2.558759e+02
  2.755468e+01,  2.504523e+02
  1.886097e+01,  2.306364e+02
  1.388425e+01,  2.031812e+02
  7.994970e+00,  1.845562e+02
  1.122406e+00,  3.559359e+02
  8.453697e+00,  3.559497e+02
  1.046899e+01,  3.568943e+02
  8.836492e+00,  3.590203e+02
  6.449644e+00,  3.575617e+02
  4.298045e+00,  3.426070e+02
  3.111334e+00,  2.918506e+02
  5.341866e+00,  2.470874e+02
  8.209334e+00,  2.367248e+02
  9.220607e+00,  2.344252e+02
  7.707210e+00,  2.298964e+02
  4.184829e+00,  2.035443e+02
  5.460356e+00,  1.155674e+02
  1.223840e+01,  9.856654e+01
  1.799963e+01,  9.891534e+01
  2.105585e+01,  1.029662e+02
  2.033212e+01,  1.084693e+02
  1.505024e+01,  1.150222e+02
  6.086538e+00,  1.251046e+02
  5.235988e+00,  2.835177e+02
  1.621873e+01,  2.902171e+02
  2.484915e+01,  2.883581e+02
  2.940171e+01,  2.831409e+02
  2.744430e+01,  2.744467e+02
  2.259707e+01,  2.657579e+02
  1.923293e+01,  2.619666e+02
  1.758372e+01,  2.624860e+02
  1.739787e+01,  2.652907e+02
  1.807204e+01,  2.696889e+02
  1.913097e+01,  2.759358e+02
  1.982194e+01,  2.829009e+02
  1.928180e+01,  2.887557e+02
  1.810561e+01,  2.954122e+02
  1.807181e+01,  3.083776e+02
  2.094488e+01,  3.268792e+02
  2.814629e+01,  3.422609e+02
  3.563028e+01,  3.488671e+02
  4.029502e+01,  3.514451e+02
  3.709390e+01,  3.527206e+02
  2.558400e+01,  3.535944e+02
  1.060135e+01,  3.575156e+02
  3.631207e+00,  1.421604e+02
  1.382510e+01,  1.639196e+02
  2.053482e+01,  1.659863e+02
  2.390319e+01,  1.645845e+02
  2.344829e+01,  1.612711e+02
  1.922899e+01,  1.560921e+02
  1.560184e+01,  1.506406e+02
  1.495476e+01,  1.528278e+02
  1.466431e+01,  1.627434e+02
  1.325368e+01,  1.729825e+02
  1.172966e+01,  1.759291e+02
  1.086688e+01,  1.675540e+02
  1.042844e+01,  1.508533e+02
  1.140114e+01,  1.287054e+02
  1.470197e+01,  1.143197e+02
  1.743184e+01,  1.133675e+02
  1.848217e+01,  1.214825e+02
  2.032685e+01,  1.340770e+02
  2.294377e+01,  1.467424e+02
  2.461872e+01,  1.613148e+02
  2.731693e+01,  1.777772e+02
  2.984746e+01,  1.869759e+02
  2.991417e+01,  1.856749e+02
  2.824293e+01,  1.768368e+02
  2.632506e+01,  1.643689e+02
  2.299190e+01,  1.475636e+02
  1.985850e+01,  1.260329e+02
  1.700066e+01,  1.051056e+02
  1.270816e+01,  8.599566e+01
  8.539907e+00,  5.435044e+01
  8.148232e+00,  1.374265e+01
  8.556717e+00,  3.560673e+02
  7.082879e+00,  8.542864e+00
  9.401932e+00,  5.817453e+01
  1.816171e+01,  8.030372e+01
  2.663796e+01,  8.881213e+01
  2.870895e+01,  9.214375e+01
  2.267692e+01,  8.790258e+01
  1.555197e+01,  6.411723e+01
  1.685260e+01,  2.030782e+01
  2.533748e+01,  1.804142e+00
  3.276319e+01,  2.183838e+00
  3.305693e+01,  9.635167e+00
  2.603505e+01,  2.112904e+01
  1.384001e+01,  4.648543e+01
  1.268860e+01,  1.375987e+02
  3.090513e+01,  1.743225e+02
  4.722505e+01,  1.865624e+02
  5.517174e+01,  1.933744e+02
  5.318096e+01,  1.967678e+02
  4.335218e+01,  1.962162e+02
  3.055973e+01,  1.929584e+02
  1.892699e+01,  1.907335e+02
  1.199439e+01,  2.002131e+02
  9.822228e+00,  2.221120e+02
  1.133801e+01,  2.404923e+02
  1.456230e+01,  2.426956e+02
  1.954808e+01,  2.349128e+02
  2.580265e+01,  2.279599e+02
  3.027893e+01,  2.251179e+02
  2.841057e+01,  2.201779e+02
  2.232460e+01,  2.108852e+02
  1.572115e+01,  1.973796e+02
  1.149466e+01,  1.738804e+02
  1.231865e+01,  1.516871e+02
  1.496344e+01,  1.433872e+02
  1.691250e+01,  1.436486e+02
  1.834164e+01,  1.506126e+02
  1.864541e+01,  1.611401e+02
  1.578926e+01,  1.704908e+02
  9.816590e+00,  1.830946e+02
  4.944961e+00,  2.267771e+02
  6.185789e+00,  2.840552e+02
  8.558414e+00,  3.037179e+02
  1.149440e+01,  3.143173e+02
  1.499413e+01,  3.188552e+02
  1.637483e+01,  3.217668e+02
  1.463733e+01,  3.245226e+02
  1.102358e+01,  3.275316e+02
  6.467916e+00,  3.260707e+02
  2.336521e+00,  2.684581e+02
  6.777327e+00,  2.042684e+02
  1.196437e+01,  2.044665e+02
  1.380875e+01,  2.123622e+02
  1.216238e+01,  2.274673e+02
  9.225412e+00,  2.527708e+02
  8.653860e+00,  3.007394e+02
  1.362468e+01,  3.366521e+02
  2.003527e+01,  3.524036e+02
  2.511355e+01,  1.801528e+00
  2.848707e+01,  8.956848e+00
  2.583190e+01,  1.295487e+01
  1.806650e+01,  1.876872e+01
  8.967063e+00,  5.369044e+01
  1.308240e+01,  1.286093e+02
  2.326928e+01,  1.476991e+02
  2.954410e+01,  1.532859e+02
  3.004960e+01,  1.508835e+02
  2.884271e+01,  1.412450e+02
  2.619837e+01,  1.264355e+02
  2.058618e+01,  1.058590e+02
  1.515926e+01,  7.490530e+01
  1.318250e+01,  3.198619e+01
  1.619191e+01,  3.521074e+02
  2.016490e+01,  3.370282e+02
  1.969152e+01,  3.459587e+02
  1.925640e+01,  9.100755e+00
  1.924417e+01,  2.474461e+01
  1.694724e+01,  3.432859e+01
  1.463721e+01,  4.528427e+01
  1.358339e+01,  5.745553e+01
  1.384259e+01,  6.681020e+01
  1.507466e+01,  6.451199e+01
  1.686987e+01,  4.570968e+01
  1.968842e+01,  1.862648e+01
  1.269428e+01,  3.514787e+02
  6.819646e+00,  3.225361e+02
  3.269196e-01,  1.084017e+02
##END=