##TITLE= twqubit_C23180_H_25000_NoBufferfix2
##JCAMP-DX= 5.00 Bruker JCAMP library
##DATA TYPE= Shape Data
##ORIGIN= Colm Fixed Pulses 
##OWNER= d29lu
##DATE= 18-May-2015
##TIME= 19:22
##MINX= 1.608835e-01
##MAXX= 2.327504e+01
##MINY= 9.604694e+00
##MAXY= 3.563028e+02
##$SHAPE_EXMODE= None
##$SHAPE_TOTROT= 9.000000e+01
##$SHAPE_BWFAC= 1.000000e+00
##$SHAPE_INTEGFAC= 1.000000e+00
##$SHAPE_MODE= 1
##NPOINTS= 200
##XYPOINTS= (XY..XY)
  1.608835e-01,  5.369520e+01
  2.268519e+00,  1.805888e+02
  7.635199e+00,  1.804211e+02
  1.259426e+01,  1.740523e+02
  1.511395e+01,  1.636078e+02
  1.641632e+01,  1.527436e+02
  1.680450e+01,  1.424517e+02
  1.632649e+01,  1.331889e+02
  1.519972e+01,  1.254030e+02
  1.349282e+01,  1.195196e+02
  1.135846e+01,  1.159553e+02
  9.321085e+00,  1.117194e+02
  7.927675e+00,  1.028487e+02
  7.629612e+00,  8.818178e+01
  8.543961e+00,  7.585381e+01
  1.011705e+01,  7.056022e+01
  1.185241e+01,  7.163518e+01
  1.357257e+01,  7.729143e+01
  1.516111e+01,  8.701376e+01
  1.646253e+01,  9.668093e+01
  1.741661e+01,  1.030913e+02
  1.823555e+01,  1.058481e+02
  1.889112e+01,  1.055941e+02
  1.904537e+01,  1.033795e+02
  1.871806e+01,  9.874893e+01
  1.812391e+01,  9.190191e+01
  1.688039e+01,  8.476688e+01
  1.470955e+01,  7.896352e+01
  1.201716e+01,  7.535387e+01
  9.271709e+00,  7.346058e+01
  6.502096e+00,  7.793305e+01
  4.448591e+00,  1.029630e+02
  4.841686e+00,  1.414946e+02
  6.929289e+00,  1.596478e+02
  9.350389e+00,  1.654720e+02
  1.173469e+01,  1.660450e+02
  1.348578e+01,  1.630249e+02
  1.431189e+01,  1.575714e+02
  1.457513e+01,  1.506054e+02
  1.454615e+01,  1.435461e+02
  1.395662e+01,  1.362743e+02
  1.274002e+01,  1.274740e+02
  1.121223e+01,  1.154882e+02
  9.687703e+00,  9.825834e+01
  8.976089e+00,  7.297103e+01
  1.027617e+01,  4.611195e+01
  1.312929e+01,  2.820738e+01
  1.587213e+01,  1.831098e+01
  1.731567e+01,  1.259737e+01
  1.703384e+01,  9.604694e+00
  1.521481e+01,  9.874217e+00
  1.254835e+01,  1.599690e+01
  1.016235e+01,  3.019901e+01
  9.208469e+00,  5.514241e+01
  1.061265e+01,  8.216060e+01
  1.377812e+01,  1.000802e+02
  1.731732e+01,  1.103820e+02
  2.026860e+01,  1.160108e+02
  2.229363e+01,  1.187325e+02
  2.327504e+01,  1.196551e+02
  2.275773e+01,  1.195800e+02
  2.062666e+01,  1.183003e+02
  1.756959e+01,  1.156603e+02
  1.447616e+01,  1.104317e+02
  1.175588e+01,  1.026179e+02
  9.907503e+00,  9.020045e+01
  9.591851e+00,  7.643071e+01
  1.061227e+01,  6.686111e+01
  1.181611e+01,  6.161961e+01
  1.199691e+01,  5.761299e+01
  1.061726e+01,  5.228244e+01
  8.109284e+00,  4.209827e+01
  5.782229e+00,  2.260155e+01
  5.240772e+00,  3.563028e+02
  6.493403e+00,  3.450629e+02
  8.299818e+00,  3.459991e+02
  9.643271e+00,  3.471562e+02
  9.765405e+00,  3.425952e+02
  8.968928e+00,  3.288194e+02
  8.890981e+00,  3.057265e+02
  1.064497e+01,  2.848044e+02
  1.322474e+01,  2.721294e+02
  1.539219e+01,  2.643337e+02
  1.661370e+01,  2.579333e+02
  1.681949e+01,  2.511123e+02
  1.637993e+01,  2.427187e+02
  1.606274e+01,  2.333222e+02
  1.597453e+01,  2.237638e+02
  1.588622e+01,  2.129930e+02
  1.603931e+01,  2.009381e+02
  1.665473e+01,  1.902776e+02
  1.728148e+01,  1.833841e+02
  1.738593e+01,  1.808619e+02
  1.661118e+01,  1.833270e+02
  1.514183e+01,  1.908847e+02
  1.346998e+01,  2.024272e+02
  1.188313e+01,  2.168616e+02
  1.084466e+01,  2.342476e+02
  1.097953e+01,  2.534140e+02
  1.211623e+01,  2.691816e+02
  1.352103e+01,  2.791339e+02
  1.480899e+01,  2.851611e+02
  1.558465e+01,  2.870816e+02
  1.549046e+01,  2.853390e+02
  1.437498e+01,  2.813023e+02
  1.250492e+01,  2.754654e+02
  1.049426e+01,  2.666171e+02
  8.629335e+00,  2.562136e+02
  6.802185e+00,  2.462058e+02
  4.828046e+00,  2.383158e+02
  3.129293e+00,  2.332109e+02
  2.366942e+00,  2.293467e+02
  2.663440e+00,  2.203309e+02
  3.552616e+00,  2.086493e+02
  4.667839e+00,  1.967047e+02
  6.349294e+00,  1.838417e+02
  8.659113e+00,  1.698604e+02
  1.080880e+01,  1.533776e+02
  1.217773e+01,  1.345374e+02
  1.282865e+01,  1.161504e+02
  1.319287e+01,  1.030481e+02
  1.349223e+01,  9.637294e+01
  1.380966e+01,  9.461455e+01
  1.424080e+01,  9.744911e+01
  1.493187e+01,  1.035651e+02
  1.556610e+01,  1.095265e+02
  1.564108e+01,  1.130297e+02
  1.515616e+01,  1.142062e+02
  1.437864e+01,  1.149014e+02
  1.350540e+01,  1.152190e+02
  1.262730e+01,  1.153423e+02
  1.195742e+01,  1.153362e+02
  1.155297e+01,  1.154495e+02
  1.129647e+01,  1.165243e+02
  1.081851e+01,  1.181570e+02
  9.957842e+00,  1.193362e+02
  8.711231e+00,  1.206463e+02
  6.822337e+00,  1.232646e+02
  4.124541e+00,  1.294274e+02
  1.213074e+00,  1.611931e+02
  2.772249e+00,  2.802691e+02
  6.074091e+00,  2.919619e+02
  9.176443e+00,  2.919154e+02
  1.128486e+01,  2.881301e+02
  1.172745e+01,  2.805542e+02
  1.045338e+01,  2.678321e+02
  8.388795e+00,  2.470565e+02
  6.870475e+00,  2.149425e+02
  6.925349e+00,  1.770903e+02
  8.418653e+00,  1.463428e+02
  1.050887e+01,  1.254815e+02
  1.275838e+01,  1.111719e+02
  1.477513e+01,  1.022941e+02
  1.621179e+01,  9.778981e+01
  1.707204e+01,  9.626081e+01
  1.769196e+01,  9.681865e+01
  1.857447e+01,  9.854565e+01
  1.990612e+01,  9.961598e+01
  2.105049e+01,  9.942384e+01
  2.118141e+01,  9.755651e+01
  1.994550e+01,  9.464399e+01
  1.752810e+01,  9.193347e+01
  1.436478e+01,  9.126467e+01
  1.109138e+01,  9.606962e+01
  8.675312e+00,  1.079793e+02
  7.596610e+00,  1.228025e+02
  6.953881e+00,  1.315172e+02
  5.823006e+00,  1.367052e+02
  4.533816e+00,  1.448047e+02
  4.075135e+00,  1.601205e+02
  4.858998e+00,  1.704927e+02
  6.333768e+00,  1.695049e+02
  8.126366e+00,  1.618060e+02
  1.010258e+01,  1.519067e+02
  1.212367e+01,  1.422360e+02
  1.408796e+01,  1.328804e+02
  1.597877e+01,  1.254305e+02
  1.785878e+01,  1.195282e+02
  1.973462e+01,  1.146164e+02
  2.126133e+01,  1.102547e+02
  2.195979e+01,  1.065735e+02
  2.149058e+01,  1.044864e+02
  1.980338e+01,  1.055422e+02
  1.707916e+01,  1.110887e+02
  1.397185e+01,  1.236747e+02
  1.189676e+01,  1.461971e+02
  1.196019e+01,  1.720253e+02
  1.339873e+01,  1.916826e+02
  1.495704e+01,  2.049877e+02
  1.601491e+01,  2.136196e+02
  1.614683e+01,  2.188169e+02
  1.557682e+01,  2.209884e+02
  1.518336e+01,  2.204436e+02
  1.540513e+01,  2.186787e+02
  1.559619e+01,  2.167899e+02
  1.524436e+01,  2.151633e+02
  1.441717e+01,  2.125565e+02
  1.254784e+01,  2.091412e+02
  5.285120e+00,  1.986710e+02
  5.972197e-01,  3.389830e+02
##END=