##TITLE= twqubit_C2347andH180_H_25000_NoBufferfix2
##JCAMP-DX= 5.00 Bruker JCAMP library
##DATA TYPE= Shape Data
##ORIGIN= Colm Fixed Pulses 
##OWNER= d29lu
##DATE= 18-May-2015
##TIME= 19:30
##MINX= 2.672597e-01
##MAXX= 5.513931e+01
##MINY= 1.712669e+00
##MAXY= 3.589013e+02
##$SHAPE_EXMODE= None
##$SHAPE_TOTROT= 9.000000e+01
##$SHAPE_BWFAC= 1.000000e+00
##$SHAPE_INTEGFAC= 1.000000e+00
##$SHAPE_MODE= 1
##NPOINTS= 200
##XYPOINTS= (XY..XY)
  2.672597e-01,  2.721711e+01
  2.411990e+00,  3.577947e+02
  1.205612e+00,  2.694106e+02
  7.227783e+00,  1.951264e+02
  1.145548e+01,  1.941387e+02
  1.384635e+01,  2.002144e+02
  1.321431e+01,  2.048606e+02
  9.564558e+00,  2.068034e+02
  4.594635e+00,  2.106404e+02
  1.250552e+00,  2.878160e+00
  7.638803e+00,  3.555215e+01
  1.440302e+01,  4.465738e+01
  1.952432e+01,  5.194878e+01
  2.198140e+01,  6.273049e+01
  2.297884e+01,  8.032122e+01
  2.319236e+01,  1.009561e+02
  2.203897e+01,  1.199007e+02
  2.109683e+01,  1.343877e+02
  1.988068e+01,  1.411757e+02
  1.578347e+01,  1.369038e+02
  1.282338e+01,  1.180466e+02
  1.518038e+01,  1.095051e+02
  1.849395e+01,  1.127392e+02
  1.980124e+01,  1.064963e+02
  2.051687e+01,  8.829239e+01
  2.260280e+01,  6.896604e+01
  2.485069e+01,  5.685450e+01
  2.470613e+01,  5.494986e+01
  2.162193e+01,  6.411953e+01
  1.828231e+01,  8.588995e+01
  1.680852e+01,  1.167699e+02
  1.610388e+01,  1.527681e+02
  1.792720e+01,  1.945239e+02
  2.429004e+01,  2.253857e+02
  3.252898e+01,  2.430083e+02
  3.638194e+01,  2.523264e+02
  3.473996e+01,  2.557835e+02
  2.752900e+01,  2.504061e+02
  1.885045e+01,  2.306524e+02
  1.388483e+01,  2.031639e+02
  7.988785e+00,  1.845284e+02
  1.124577e+00,  3.556251e+02
  8.455094e+00,  3.559335e+02
  1.047569e+01,  3.568342e+02
  8.832455e+00,  3.589013e+02
  6.452671e+00,  3.575265e+02
  4.291139e+00,  3.426542e+02
  3.117360e+00,  2.918697e+02
  5.338001e+00,  2.469661e+02
  8.211363e+00,  2.366280e+02
  9.226175e+00,  2.343500e+02
  7.704747e+00,  2.298501e+02
  4.180934e+00,  2.036317e+02
  5.464939e+00,  1.153554e+02
  1.224198e+01,  9.853228e+01
  1.800183e+01,  9.882284e+01
  2.106381e+01,  1.029319e+02
  2.033972e+01,  1.084690e+02
  1.504972e+01,  1.149374e+02
  6.095208e+00,  1.250235e+02
  5.231492e+00,  2.833913e+02
  1.621971e+01,  2.902498e+02
  2.486126e+01,  2.883257e+02
  2.939949e+01,  2.830124e+02
  2.740428e+01,  2.744031e+02
  2.258740e+01,  2.656434e+02
  1.924248e+01,  2.619847e+02
  1.758804e+01,  2.624437e+02
  1.740568e+01,  2.652434e+02
  1.808020e+01,  2.696005e+02
  1.913971e+01,  2.758301e+02
  1.982474e+01,  2.828973e+02
  1.928649e+01,  2.887706e+02
  1.811413e+01,  2.954431e+02
  1.808092e+01,  3.083279e+02
  2.094486e+01,  3.268930e+02
  2.814132e+01,  3.422545e+02
  3.561633e+01,  3.488039e+02
  4.026122e+01,  3.513353e+02
  3.705173e+01,  3.526426e+02
  2.541575e+01,  3.533573e+02
  1.061208e+01,  3.573901e+02
  3.639358e+00,  1.419779e+02
  1.382610e+01,  1.639376e+02
  2.053972e+01,  1.659067e+02
  2.390789e+01,  1.645707e+02
  2.345191e+01,  1.612211e+02
  1.923693e+01,  1.560646e+02
  1.560345e+01,  1.506111e+02
  1.495828e+01,  1.527012e+02
  1.468526e+01,  1.627206e+02
  1.325413e+01,  1.729471e+02
  1.173647e+01,  1.758201e+02
  1.086801e+01,  1.675257e+02
  1.042142e+01,  1.507839e+02
  1.139823e+01,  1.287341e+02
  1.470689e+01,  1.142035e+02
  1.744213e+01,  1.132284e+02
  1.847959e+01,  1.214574e+02
  2.033752e+01,  1.340334e+02
  2.296019e+01,  1.466673e+02
  2.463277e+01,  1.613284e+02
  2.731230e+01,  1.777338e+02
  2.983049e+01,  1.869418e+02
  2.990142e+01,  1.856679e+02
  2.822438e+01,  1.767713e+02
  2.631899e+01,  1.642905e+02
  2.298380e+01,  1.475194e+02
  1.987691e+01,  1.260480e+02
  1.700621e+01,  1.050675e+02
  1.271897e+01,  8.594380e+01
  8.540102e+00,  5.434619e+01
  8.147804e+00,  1.367095e+01
  8.568021e+00,  3.560424e+02
  7.084958e+00,  8.374387e+00
  9.406370e+00,  5.807036e+01
  1.816668e+01,  8.018731e+01
  2.663297e+01,  8.869202e+01
  2.867621e+01,  9.208355e+01
  2.266656e+01,  8.778512e+01
  1.555809e+01,  6.411027e+01
  1.685739e+01,  2.029857e+01
  2.534608e+01,  1.712669e+00
  3.276311e+01,  2.137806e+00
  3.305265e+01,  9.620014e+00
  2.589149e+01,  2.089162e+01
  1.385304e+01,  4.638433e+01
  1.270940e+01,  1.374530e+02
  3.091974e+01,  1.743012e+02
  4.720811e+01,  1.865270e+02
  5.513931e+01,  1.932283e+02
  5.314886e+01,  1.966888e+02
  4.329782e+01,  1.960937e+02
  3.051804e+01,  1.928130e+02
  1.892721e+01,  1.906767e+02
  1.201362e+01,  2.001573e+02
  9.827243e+00,  2.221264e+02
  1.135017e+01,  2.404769e+02
  1.456963e+01,  2.426717e+02
  1.955070e+01,  2.349239e+02
  2.587709e+01,  2.279852e+02
  3.028562e+01,  2.250624e+02
  2.837108e+01,  2.201819e+02
  2.233325e+01,  2.108451e+02
  1.573175e+01,  1.973857e+02
  1.149796e+01,  1.738550e+02
  1.232088e+01,  1.516165e+02
  1.497435e+01,  1.433751e+02
  1.691262e+01,  1.435013e+02
  1.835020e+01,  1.506070e+02
  1.865063e+01,  1.610319e+02
  1.580196e+01,  1.704772e+02
  9.827190e+00,  1.830175e+02
  4.949120e+00,  2.267710e+02
  6.197922e+00,  2.838989e+02
  8.549260e+00,  3.038294e+02
  1.149302e+01,  3.142748e+02
  1.499940e+01,  3.187952e+02
  1.638040e+01,  3.217889e+02
  1.464495e+01,  3.243528e+02
  1.103251e+01,  3.275250e+02
  6.474011e+00,  3.261397e+02
  2.329580e+00,  2.683940e+02
  6.764700e+00,  2.042637e+02
  1.198507e+01,  2.043625e+02
  1.381208e+01,  2.122103e+02
  1.216951e+01,  2.274662e+02
  9.219617e+00,  2.526938e+02
  8.661641e+00,  3.006635e+02
  1.363188e+01,  3.366277e+02
  2.004295e+01,  3.523542e+02
  2.511302e+01,  1.758099e+00
  2.846759e+01,  8.889041e+00
  2.568203e+01,  1.267646e+01
  1.806233e+01,  1.864494e+01
  8.977602e+00,  5.355842e+01
  1.308021e+01,  1.285143e+02
  2.330060e+01,  1.475899e+02
  2.954185e+01,  1.532802e+02
  3.001803e+01,  1.507575e+02
  2.882431e+01,  1.411836e+02
  2.615847e+01,  1.262750e+02
  2.057702e+01,  1.058489e+02
  1.516096e+01,  7.486131e+01
  1.317379e+01,  3.197984e+01
  1.620447e+01,  3.520549e+02
  2.016185e+01,  3.369487e+02
  1.970259e+01,  3.459205e+02
  1.925357e+01,  8.999678e+00
  1.925201e+01,  2.469627e+01
  1.695404e+01,  3.429021e+01
  1.464269e+01,  4.524562e+01
  1.358153e+01,  5.743304e+01
  1.384758e+01,  6.675423e+01
  1.508769e+01,  6.449059e+01
  1.686978e+01,  4.568907e+01
  1.968543e+01,  1.866134e+01
  1.269047e+01,  3.514178e+02
  6.824167e+00,  3.224245e+02
  3.414871e-01,  1.090448e+02
##END=