##TITLE= twqubit_C590_H_25000_NoBufferfix9
##JCAMP-DX= 5.00 Bruker JCAMP library
##DATA TYPE= Shape Data
##ORIGIN= Colm Fixed Pulses 
##OWNER= d29lu
##DATE= 18-May-2015
##TIME= 18:58
##MINX= 2.330404e-01
##MAXX= 3.475226e+01
##MINY= 6.210504e+00
##MAXY= 3.590481e+02
##$SHAPE_EXMODE= None
##$SHAPE_TOTROT= 9.000000e+01
##$SHAPE_BWFAC= 1.000000e+00
##$SHAPE_INTEGFAC= 1.000000e+00
##$SHAPE_MODE= 1
##NPOINTS= 100
##XYPOINTS= (XY..XY)
  3.994611e-01,  2.532039e+02
  5.101404e+00,  3.454904e+02
  1.684216e+01,  3.531443e+02
  2.815981e+01,  3.569975e+02
  3.018583e+01,  3.563911e+02
  2.593775e+01,  3.551700e+02
  2.087845e+01,  3.553425e+02
  1.711047e+01,  3.590481e+02
  1.393088e+01,  6.210504e+00
  1.135198e+01,  2.040407e+01
  1.009942e+01,  4.311173e+01
  1.073807e+01,  7.272208e+01
  1.368747e+01,  1.016241e+02
  1.849964e+01,  1.217027e+02
  2.295028e+01,  1.309730e+02
  2.597344e+01,  1.340252e+02
  2.561661e+01,  1.332406e+02
  2.234415e+01,  1.308847e+02
  1.807330e+01,  1.297184e+02
  1.328076e+01,  1.280092e+02
  9.574462e+00,  1.221745e+02
  7.964095e+00,  1.101711e+02
  7.759505e+00,  9.746661e+01
  8.103397e+00,  8.501450e+01
  9.334581e+00,  7.575226e+01
  1.167967e+01,  7.476216e+01
  1.451243e+01,  7.917183e+01
  1.695025e+01,  8.492307e+01
  1.845512e+01,  9.001164e+01
  1.871333e+01,  9.454550e+01
  1.727914e+01,  9.805455e+01
  1.473975e+01,  9.899767e+01
  1.240682e+01,  9.746142e+01
  1.069302e+01,  9.403540e+01
  9.933872e+00,  9.063388e+01
  1.100440e+01,  8.676953e+01
  1.248839e+01,  8.062398e+01
  1.243710e+01,  7.025898e+01
  1.329124e+01,  6.210501e+01
  1.752487e+01,  6.737989e+01
  2.313831e+01,  7.617565e+01
  2.703176e+01,  8.299034e+01
  2.716206e+01,  8.729639e+01
  2.522302e+01,  9.099435e+01
  2.174931e+01,  9.309409e+01
  1.764943e+01,  9.404150e+01
  1.324431e+01,  9.595538e+01
  8.877470e+00,  1.071388e+02
  5.875089e+00,  1.455354e+02
  7.625380e+00,  1.934886e+02
  1.162272e+01,  2.115271e+02
  1.501591e+01,  2.176825e+02
  1.675046e+01,  2.223012e+02
  1.661701e+01,  2.276492e+02
  1.519241e+01,  2.343119e+02
  1.342530e+01,  2.414507e+02
  1.184070e+01,  2.465202e+02
  1.044160e+01,  2.458440e+02
  9.208961e+00,  2.404009e+02
  8.566578e+00,  2.318918e+02
  9.364453e+00,  2.193355e+02
  1.194648e+01,  2.039028e+02
  1.534877e+01,  1.886544e+02
  1.841891e+01,  1.775384e+02
  2.066125e+01,  1.718755e+02
  2.200548e+01,  1.710550e+02
  2.248525e+01,  1.731733e+02
  2.226384e+01,  1.787777e+02
  2.149435e+01,  1.872727e+02
  1.980184e+01,  1.957663e+02
  1.647236e+01,  2.021685e+02
  1.113791e+01,  2.043831e+02
  5.885407e+00,  1.997969e+02
  3.824389e+00,  2.104355e+02
  5.443118e+00,  2.428044e+02
  7.599564e+00,  2.606364e+02
  8.821203e+00,  2.752539e+02
  9.854905e+00,  2.892992e+02
  1.108699e+01,  3.034992e+02
  1.269955e+01,  3.146465e+02
  1.455488e+01,  3.185319e+02
  1.643274e+01,  3.172404e+02
  1.793219e+01,  3.159350e+02
  1.799653e+01,  3.164696e+02
  1.622223e+01,  3.169206e+02
  1.344797e+01,  3.167929e+02
  1.025670e+01,  3.218847e+02
  7.295904e+00,  3.449745e+02
  7.278409e+00,  2.568949e+01
  9.623786e+00,  4.808488e+01
  1.232685e+01,  5.617719e+01
  1.604944e+01,  5.772421e+01
  2.057697e+01,  5.627614e+01
  2.458361e+01,  5.247020e+01
  2.893688e+01,  4.877299e+01
  3.253152e+01,  4.601113e+01
  3.475226e+01,  4.518261e+01
  2.720959e+01,  5.013919e+01
  7.674047e+00,  1.206551e+02
  2.330404e-01,  1.517189e+02
##END=