##TITLE= twqubit_C234790withPC_C_25000_NoBufferfix4
##JCAMP-DX= 5.00 Bruker JCAMP library
##DATA TYPE= Shape Data
##ORIGIN= Colm Fixed Pulses 
##OWNER= d29lu
##DATE= 18-May-2015
##TIME= 17:0
##MINX= 5.242555e-01
##MAXX= 2.457003e+01
##MINY= 2.852623e+00
##MAXY= 3.597038e+02
##$SHAPE_EXMODE= None
##$SHAPE_TOTROT= 9.000000e+01
##$SHAPE_BWFAC= 1.000000e+00
##$SHAPE_INTEGFAC= 1.000000e+00
##$SHAPE_MODE= 1
##NPOINTS= 100
##XYPOINTS= (XY..XY)
  1.685100e+00,  3.514234e+02
  3.448771e+00,  2.585826e+02
  5.064973e+00,  2.078862e+02
  8.985316e+00,  1.093309e+02
  1.870598e+01,  7.980587e+01
  1.985786e+01,  6.037689e+01
  1.235920e+01,  2.599072e+01
  9.301980e+00,  3.065852e+02
  1.302222e+01,  2.590877e+02
  1.237158e+01,  2.182678e+02
  1.294231e+01,  1.697255e+02
  1.503671e+01,  1.409496e+02
  1.265269e+01,  1.308838e+02
  6.575377e+00,  1.458048e+02
  5.407207e+00,  2.081609e+02
  6.909799e+00,  2.345531e+02
  3.895898e+00,  2.561071e+02
  3.453139e+00,  3.551409e+02
  7.145473e+00,  1.174506e+01
  5.936427e+00,  3.418508e+02
  9.484949e+00,  2.727959e+02
  1.734539e+01,  2.536588e+02
  1.722436e+01,  2.440977e+02
  8.636746e+00,  2.109164e+02
  1.115832e+01,  1.314715e+02
  1.720896e+01,  1.222704e+02
  1.262781e+01,  1.313251e+02
  3.515237e+00,  2.172857e+02
  1.344817e+01,  2.966548e+02
  1.854467e+01,  3.181623e+02
  1.548524e+01,  3.350459e+02
  7.717667e+00,  3.463870e+02
  1.302233e+00,  3.213757e+02
  1.709800e+00,  2.366095e+02
  1.400430e+00,  1.196324e+02
  1.080740e+01,  1.059126e+02
  2.140835e+01,  1.207404e+02
  2.457003e+01,  1.372989e+02
  1.802107e+01,  1.690407e+02
  1.506518e+01,  2.426894e+02
  2.191535e+01,  2.927773e+02
  2.006546e+01,  3.204248e+02
  9.414937e+00,  2.852623e+00
  9.820137e+00,  1.007180e+02
  1.331940e+01,  1.368632e+02
  8.028296e+00,  1.588708e+02
  2.229361e+00,  2.460360e+02
  4.652322e+00,  3.116786e+02
  2.884581e+00,  3.252867e+02
  5.242555e-01,  1.513979e+02
  2.262268e+00,  1.366045e+02
  2.443789e+00,  9.853191e+01
  3.530916e+00,  7.395191e+01
  3.681929e+00,  1.010553e+02
  5.590142e+00,  1.522436e+02
  7.523221e+00,  1.752198e+02
  3.771072e+00,  1.779027e+02
  3.693549e+00,  2.828581e+01
  1.064984e+01,  2.422955e+01
  9.312113e+00,  2.117637e+01
  1.278405e+00,  2.997237e+02
  1.098955e+01,  2.153255e+02
  1.588445e+01,  2.032345e+02
  1.358543e+01,  1.737898e+02
  1.281423e+01,  1.230475e+02
  1.442891e+01,  8.316830e+01
  1.313300e+01,  4.264195e+01
  1.340286e+01,  3.531815e+02
  1.541548e+01,  3.171630e+02
  1.468855e+01,  2.896621e+02
  1.101765e+01,  2.636252e+02
  4.659233e+00,  2.357533e+02
  3.072745e+00,  9.497048e+01
  1.015749e+01,  7.742011e+01
  1.325272e+01,  8.290120e+01
  1.217993e+01,  9.216539e+01
  9.524699e+00,  9.397490e+01
  8.494718e+00,  7.109866e+01
  1.164657e+01,  4.731531e+01
  1.323030e+01,  3.693038e+01
  8.767375e+00,  1.828790e+01
  5.505616e+00,  3.009099e+02
  1.124072e+01,  2.621778e+02
  1.090629e+01,  2.503348e+02
  3.567689e+00,  2.101073e+02
  7.980460e+00,  1.048058e+02
  1.376167e+01,  9.355621e+01
  1.297008e+01,  8.045711e+01
  1.013415e+01,  5.483616e+01
  8.291042e+00,  3.305660e+01
  3.516091e+00,  2.746560e+01
  3.856378e+00,  2.170548e+02
  1.308887e+01,  2.318046e+02
  1.790162e+01,  2.493831e+02
  1.612945e+01,  2.679962e+02
  9.788771e+00,  2.983718e+02
  8.991480e+00,  3.597038e+02
  1.398100e+01,  2.328115e+01
  1.484128e+01,  1.699084e+01
  4.579889e+00,  3.426383e+02
##END=