##TITLE= twqubit_C2180_H_25000_NoBufferfix4
##JCAMP-DX= 5.00 Bruker JCAMP library
##DATA TYPE= Shape Data
##ORIGIN= Colm Fixed Pulses 
##OWNER= d29lu
##DATE= 18-May-2015
##TIME= 19:1
##MINX= 1.975959e-01
##MAXX= 3.303449e+01
##MINY= 2.693742e+00
##MAXY= 3.577031e+02
##$SHAPE_EXMODE= None
##$SHAPE_TOTROT= 9.000000e+01
##$SHAPE_BWFAC= 1.000000e+00
##$SHAPE_INTEGFAC= 1.000000e+00
##$SHAPE_MODE= 1
##NPOINTS= 200
##XYPOINTS= (XY..XY)
  1.975959e-01,  3.577031e+02
  1.121926e+00,  2.323674e+02
  1.966951e+00,  2.014700e+02
  3.319269e+00,  1.048873e+02
  8.833996e+00,  7.403651e+01
  1.498631e+01,  6.485729e+01
  2.066967e+01,  6.080831e+01
  2.561139e+01,  5.950141e+01
  2.869505e+01,  5.928061e+01
  2.987266e+01,  6.133369e+01
  2.942671e+01,  6.598531e+01
  2.792564e+01,  7.329786e+01
  2.613449e+01,  8.105473e+01
  2.393276e+01,  8.632458e+01
  2.221638e+01,  8.982103e+01
  1.987339e+01,  9.139450e+01
  1.641353e+01,  8.989050e+01
  1.249692e+01,  8.482740e+01
  9.222669e+00,  7.503575e+01
  6.825464e+00,  5.723350e+01
  6.384543e+00,  2.390411e+01
  8.920267e+00,  3.573985e+02
  1.258896e+01,  3.445088e+02
  1.574457e+01,  3.337841e+02
  1.762257e+01,  3.233921e+02
  1.850641e+01,  3.131240e+02
  1.882169e+01,  3.047809e+02
  1.872356e+01,  2.989622e+02
  1.853124e+01,  2.958594e+02
  1.821565e+01,  2.928905e+02
  1.737921e+01,  2.857469e+02
  1.634074e+01,  2.748596e+02
  1.548780e+01,  2.657152e+02
  1.458613e+01,  2.614516e+02
  1.356753e+01,  2.623339e+02
  1.261390e+01,  2.689831e+02
  1.244648e+01,  2.804334e+02
  1.354886e+01,  2.906461e+02
  1.527595e+01,  2.968266e+02
  1.689078e+01,  2.993088e+02
  1.770367e+01,  3.002583e+02
  1.717766e+01,  3.032358e+02
  1.552305e+01,  3.100218e+02
  1.333386e+01,  3.199048e+02
  1.065089e+01,  3.313399e+02
  7.551883e+00,  3.443796e+02
  4.841583e+00,  7.283817e+00
  3.852266e+00,  4.101966e+01
  3.726174e+00,  5.878318e+01
  3.435183e+00,  6.308591e+01
  3.133659e+00,  7.040185e+01
  2.058179e+00,  8.381727e+01
  1.417009e+00,  2.410051e+02
  6.591893e+00,  2.642271e+02
  1.255667e+01,  2.667922e+02
  1.902482e+01,  2.654931e+02
  2.597833e+01,  2.645023e+02
  3.129625e+01,  2.620704e+02
  3.303449e+01,  2.587057e+02
  3.133813e+01,  2.556282e+02
  2.685263e+01,  2.535695e+02
  2.048775e+01,  2.534834e+02
  1.425628e+01,  2.597137e+02
  9.179342e+00,  2.780882e+02
  6.632071e+00,  3.174770e+02
  8.225064e+00,  2.693742e+00
  1.225032e+01,  2.295059e+01
  1.501007e+01,  2.762586e+01
  1.461164e+01,  2.816104e+01
  1.194387e+01,  2.893625e+01
  8.617735e+00,  2.956769e+01
  5.352899e+00,  3.031909e+01
  2.779503e+00,  3.445776e+01
  1.744031e+00,  4.854150e+01
  2.118626e+00,  4.454985e+01
  3.272396e+00,  2.990846e+01
  4.792787e+00,  2.306456e+01
  6.624755e+00,  2.255642e+01
  8.711666e+00,  2.402437e+01
  1.111220e+01,  2.662549e+01
  1.422261e+01,  3.292212e+01
  1.819115e+01,  4.363789e+01
  2.222086e+01,  5.492796e+01
  2.464390e+01,  6.456802e+01
  2.425364e+01,  7.009435e+01
  2.217534e+01,  6.986210e+01
  2.036882e+01,  6.535574e+01
  1.841785e+01,  6.173142e+01
  1.515627e+01,  5.861814e+01
  1.158315e+01,  5.178269e+01
  8.595443e+00,  3.723768e+01
  6.138453e+00,  1.061113e+01
  6.657378e+00,  3.318398e+02
  9.875733e+00,  3.185345e+02
  1.295366e+01,  3.181057e+02
  1.506676e+01,  3.188320e+02
  1.618722e+01,  3.184064e+02
  1.564578e+01,  3.144468e+02
  1.071403e+01,  2.950214e+02
  3.678422e+00,  2.441263e+02
  7.621508e+00,  2.336657e+02
  9.135289e+00,  2.263231e+02
  7.972462e+00,  2.105173e+02
  6.550534e+00,  1.739302e+02
  7.652406e+00,  1.323561e+02
  1.055054e+01,  1.047306e+02
  1.406010e+01,  8.850398e+01
  1.713740e+01,  7.930821e+01
  1.951363e+01,  7.313018e+01
  2.116950e+01,  7.088606e+01
  2.191846e+01,  7.434367e+01
  2.206497e+01,  8.068542e+01
  2.185453e+01,  8.498213e+01
  2.131505e+01,  8.594708e+01
  2.065517e+01,  8.579565e+01
  1.923226e+01,  8.401477e+01
  1.630995e+01,  7.806304e+01
  1.288160e+01,  7.059497e+01
  9.619240e+00,  6.723635e+01
  6.268161e+00,  6.929953e+01
  3.089226e+00,  7.407252e+01
  9.775741e-01,  1.184037e+02
  2.252794e+00,  2.085367e+02
  4.481118e+00,  2.331529e+02
  6.856427e+00,  2.487382e+02
  8.936998e+00,  2.586786e+02
  1.032302e+01,  2.633729e+02
  1.077646e+01,  2.633756e+02
  1.076893e+01,  2.590704e+02
  1.098946e+01,  2.535048e+02
  1.128219e+01,  2.499789e+02
  1.113914e+01,  2.488781e+02
  1.077280e+01,  2.512457e+02
  1.084252e+01,  2.584457e+02
  1.154311e+01,  2.683601e+02
  1.226052e+01,  2.776929e+02
  1.271017e+01,  2.851700e+02
  1.315972e+01,  2.903923e+02
  1.361624e+01,  2.927259e+02
  1.360760e+01,  2.920848e+02
  1.267349e+01,  2.892515e+02
  1.086436e+01,  2.866575e+02
  8.889803e+00,  2.890160e+02
  7.368326e+00,  2.967809e+02
  5.747107e+00,  3.023042e+02
  3.232696e+00,  2.936398e+02
  1.534429e+00,  2.049739e+02
  4.236360e+00,  1.624910e+02
  6.994719e+00,  1.569603e+02
  9.119955e+00,  1.563633e+02
  1.006194e+01,  1.603020e+02
  9.584666e+00,  1.757396e+02
  9.736051e+00,  2.071758e+02
  1.243959e+01,  2.358468e+02
  1.621518e+01,  2.520377e+02
  2.014917e+01,  2.623645e+02
  2.362200e+01,  2.685902e+02
  2.642502e+01,  2.722501e+02
  2.704642e+01,  2.724988e+02
  2.647795e+01,  2.705830e+02
  2.509821e+01,  2.670596e+02
  2.340937e+01,  2.629845e+02
  2.130156e+01,  2.602505e+02
  1.837049e+01,  2.584255e+02
  1.484755e+01,  2.551156e+02
  1.097274e+01,  2.499276e+02
  7.205263e+00,  2.415635e+02
  4.489330e+00,  2.294858e+02
  3.733248e+00,  2.118960e+02
  4.442192e+00,  1.998629e+02
  5.513986e+00,  1.940951e+02
  6.539545e+00,  1.897171e+02
  7.194990e+00,  1.851526e+02
  6.882351e+00,  1.756455e+02
  5.865940e+00,  1.538404e+02
  5.736142e+00,  1.218278e+02
  6.664772e+00,  9.713347e+01
  8.067899e+00,  8.074682e+01
  9.769217e+00,  7.009408e+01
  1.160223e+01,  6.354240e+01
  1.387077e+01,  6.023796e+01
  1.701829e+01,  6.172860e+01
  2.084212e+01,  6.726239e+01
  2.392814e+01,  7.532742e+01
  2.462159e+01,  8.396563e+01
  2.309446e+01,  9.136962e+01
  2.095903e+01,  9.649475e+01
  1.873056e+01,  1.008843e+02
  1.599143e+01,  1.061749e+02
  1.271197e+01,  1.113176e+02
  9.264649e+00,  1.143396e+02
  5.695439e+00,  1.180978e+02
  2.090407e+00,  1.267107e+02
  1.162925e+00,  2.834324e+02
  3.011592e+00,  3.053297e+02
  3.804509e+00,  3.047028e+02
  4.374312e+00,  2.917971e+02
  3.725430e+00,  2.575301e+02
  3.592660e+00,  1.596317e+02
  4.633887e-01,  1.056355e+02
##END=