##TITLE= twqubit_C2180_H_25000_NoBufferfix2
##JCAMP-DX= 5.00 Bruker JCAMP library
##DATA TYPE= Shape Data
##ORIGIN= Colm Fixed Pulses 
##OWNER= d29lu
##DATE= 18-May-2015
##TIME= 19:0
##MINX= 2.580580e-01
##MAXX= 3.301523e+01
##MINY= 2.657965e+00
##MAXY= 3.574190e+02
##$SHAPE_EXMODE= None
##$SHAPE_TOTROT= 9.000000e+01
##$SHAPE_BWFAC= 1.000000e+00
##$SHAPE_INTEGFAC= 1.000000e+00
##$SHAPE_MODE= 1
##NPOINTS= 200
##XYPOINTS= (XY..XY)
  2.580580e-01,  1.766855e+01
  1.127678e+00,  2.318884e+02
  1.964481e+00,  2.016510e+02
  3.318699e+00,  1.047984e+02
  8.834229e+00,  7.409957e+01
  1.498581e+01,  6.489132e+01
  2.067312e+01,  6.090301e+01
  2.559288e+01,  5.953854e+01
  2.867243e+01,  5.931595e+01
  2.984617e+01,  6.123696e+01
  2.939602e+01,  6.595526e+01
  2.789625e+01,  7.324030e+01
  2.610740e+01,  8.106718e+01
  2.392658e+01,  8.634934e+01
  2.221929e+01,  8.979558e+01
  1.986962e+01,  9.135586e+01
  1.640939e+01,  8.999727e+01
  1.249391e+01,  8.489289e+01
  9.228035e+00,  7.504233e+01
  6.822676e+00,  5.726846e+01
  6.379186e+00,  2.389519e+01
  8.920004e+00,  3.574190e+02
  1.258327e+01,  3.445124e+02
  1.575045e+01,  3.338606e+02
  1.761649e+01,  3.234621e+02
  1.851349e+01,  3.131220e+02
  1.882455e+01,  3.048256e+02
  1.872663e+01,  2.989135e+02
  1.853059e+01,  2.958349e+02
  1.821096e+01,  2.929577e+02
  1.738051e+01,  2.857516e+02
  1.634530e+01,  2.748870e+02
  1.548661e+01,  2.656930e+02
  1.458411e+01,  2.614707e+02
  1.355866e+01,  2.623722e+02
  1.261321e+01,  2.690155e+02
  1.244613e+01,  2.804563e+02
  1.355027e+01,  2.907126e+02
  1.527638e+01,  2.969361e+02
  1.689725e+01,  2.992497e+02
  1.770506e+01,  3.003010e+02
  1.717420e+01,  3.032539e+02
  1.552927e+01,  3.100457e+02
  1.333961e+01,  3.199140e+02
  1.065472e+01,  3.313998e+02
  7.557681e+00,  3.444072e+02
  4.838659e+00,  7.237928e+00
  3.858689e+00,  4.097432e+01
  3.730271e+00,  5.892273e+01
  3.433236e+00,  6.310081e+01
  3.130756e+00,  7.035129e+01
  2.057240e+00,  8.378684e+01
  1.414818e+00,  2.411332e+02
  6.598752e+00,  2.642377e+02
  1.255447e+01,  2.667857e+02
  1.903084e+01,  2.656057e+02
  2.598070e+01,  2.645571e+02
  3.128300e+01,  2.620440e+02
  3.301523e+01,  2.587395e+02
  3.131160e+01,  2.555913e+02
  2.682584e+01,  2.535894e+02
  2.048259e+01,  2.535677e+02
  1.425774e+01,  2.597229e+02
  9.181316e+00,  2.781482e+02
  6.632548e+00,  3.175616e+02
  8.220737e+00,  2.657965e+00
  1.225407e+01,  2.292326e+01
  1.500937e+01,  2.760032e+01
  1.461072e+01,  2.821256e+01
  1.194477e+01,  2.898800e+01
  8.615221e+00,  2.952816e+01
  5.352848e+00,  3.035943e+01
  2.780599e+00,  3.440559e+01
  1.744818e+00,  4.875336e+01
  2.123264e+00,  4.447836e+01
  3.272674e+00,  2.986841e+01
  4.801925e+00,  2.309604e+01
  6.621191e+00,  2.251820e+01
  8.718677e+00,  2.411724e+01
  1.111315e+01,  2.660255e+01
  1.422644e+01,  3.295604e+01
  1.819682e+01,  4.361946e+01
  2.222215e+01,  5.494896e+01
  2.464124e+01,  6.456857e+01
  2.425407e+01,  7.009002e+01
  2.217294e+01,  6.994037e+01
  2.035943e+01,  6.531549e+01
  1.842095e+01,  6.179988e+01
  1.515811e+01,  5.861348e+01
  1.157941e+01,  5.186615e+01
  8.590270e+00,  3.727227e+01
  6.137766e+00,  1.064726e+01
  6.657276e+00,  3.318552e+02
  9.870042e+00,  3.186094e+02
  1.295435e+01,  3.180823e+02
  1.507172e+01,  3.188413e+02
  1.618924e+01,  3.184443e+02
  1.564448e+01,  3.145153e+02
  1.072107e+01,  2.950252e+02
  3.680577e+00,  2.442437e+02
  7.621779e+00,  2.336559e+02
  9.135402e+00,  2.263942e+02
  7.977187e+00,  2.105711e+02
  6.549979e+00,  1.739836e+02
  7.649582e+00,  1.325123e+02
  1.055021e+01,  1.047175e+02
  1.405844e+01,  8.854242e+01
  1.713757e+01,  7.932431e+01
  1.951435e+01,  7.316928e+01
  2.115898e+01,  7.096242e+01
  2.192163e+01,  7.438656e+01
  2.206066e+01,  8.066607e+01
  2.186173e+01,  8.509026e+01
  2.131102e+01,  8.591465e+01
  2.065633e+01,  8.583855e+01
  1.923514e+01,  8.399052e+01
  1.630672e+01,  7.808151e+01
  1.288016e+01,  7.056727e+01
  9.616558e+00,  6.727447e+01
  6.273212e+00,  6.931469e+01
  3.092241e+00,  7.417073e+01
  9.946174e-01,  1.188111e+02
  2.253500e+00,  2.087081e+02
  4.481173e+00,  2.330736e+02
  6.851800e+00,  2.488091e+02
  8.941460e+00,  2.586467e+02
  1.032666e+01,  2.634652e+02
  1.078047e+01,  2.633781e+02
  1.077212e+01,  2.591406e+02
  1.099190e+01,  2.535373e+02
  1.128233e+01,  2.499964e+02
  1.113713e+01,  2.489040e+02
  1.076681e+01,  2.512233e+02
  1.084682e+01,  2.584960e+02
  1.153677e+01,  2.683792e+02
  1.226061e+01,  2.777285e+02
  1.270995e+01,  2.851905e+02
  1.316436e+01,  2.903853e+02
  1.362972e+01,  2.927469e+02
  1.361126e+01,  2.921479e+02
  1.267844e+01,  2.892784e+02
  1.085892e+01,  2.866522e+02
  8.896847e+00,  2.890797e+02
  7.369393e+00,  2.968256e+02
  5.744158e+00,  3.023172e+02
  3.236519e+00,  2.937301e+02
  1.529810e+00,  2.048051e+02
  4.237944e+00,  1.625609e+02
  6.995228e+00,  1.569618e+02
  9.124134e+00,  1.564275e+02
  1.006195e+01,  1.603409e+02
  9.588119e+00,  1.757839e+02
  9.744145e+00,  2.071426e+02
  1.244379e+01,  2.359033e+02
  1.621901e+01,  2.520464e+02
  2.015307e+01,  2.624104e+02
  2.362887e+01,  2.686444e+02
  2.641114e+01,  2.722829e+02
  2.701624e+01,  2.724843e+02
  2.645712e+01,  2.705631e+02
  2.500412e+01,  2.669336e+02
  2.340519e+01,  2.630339e+02
  2.129789e+01,  2.602294e+02
  1.837459e+01,  2.584567e+02
  1.485008e+01,  2.550664e+02
  1.096901e+01,  2.499438e+02
  7.204712e+00,  2.414791e+02
  4.491948e+00,  2.294833e+02
  3.725032e+00,  2.117977e+02
  4.441206e+00,  2.000154e+02
  5.511493e+00,  1.941366e+02
  6.536082e+00,  1.897631e+02
  7.192367e+00,  1.851600e+02
  6.886467e+00,  1.756935e+02
  5.857766e+00,  1.538911e+02
  5.737625e+00,  1.218160e+02
  6.663201e+00,  9.710908e+01
  8.066921e+00,  8.078790e+01
  9.768007e+00,  7.013034e+01
  1.160789e+01,  6.355401e+01
  1.386765e+01,  6.023800e+01
  1.701918e+01,  6.181373e+01
  2.084812e+01,  6.725471e+01
  2.393036e+01,  7.539667e+01
  2.462344e+01,  8.402076e+01
  2.307892e+01,  9.140617e+01
  2.096284e+01,  9.656215e+01
  1.872495e+01,  1.008733e+02
  1.599127e+01,  1.061504e+02
  1.271013e+01,  1.113604e+02
  9.258218e+00,  1.143295e+02
  5.699405e+00,  1.181478e+02
  2.095404e+00,  1.267145e+02
  1.162837e+00,  2.832444e+02
  3.014761e+00,  3.054423e+02
  3.801808e+00,  3.047666e+02
  4.376286e+00,  2.918202e+02
  3.721766e+00,  2.575772e+02
  3.588082e+00,  1.597202e+02
  4.884531e-01,  1.073713e+02
##END=