##TITLE= twqubit_C27180_C_25000_NoBufferfix3
##JCAMP-DX= 5.00 Bruker JCAMP library
##DATA TYPE= Shape Data
##ORIGIN= Colm Fixed Pulses 
##OWNER= d29lu
##DATE= 18-May-2015
##TIME= 18:3
##MINX= 2.866164e-01
##MAXX= 2.816834e+01
##MINY= 9.462218e-01
##MAXY= 3.576264e+02
##$SHAPE_EXMODE= None
##$SHAPE_TOTROT= 9.000000e+01
##$SHAPE_BWFAC= 1.000000e+00
##$SHAPE_INTEGFAC= 1.000000e+00
##$SHAPE_MODE= 1
##NPOINTS= 200
##XYPOINTS= (XY..XY)
  3.072110e-01,  3.027528e+02
  4.854163e+00,  3.426349e+02
  1.257041e+01,  9.871211e+00
  1.448821e+01,  3.433134e+01
  1.049995e+01,  4.507812e+01
  5.528696e+00,  4.653428e+01
  1.595239e+00,  5.830330e+01
  1.698499e+00,  2.039245e+02
  4.404204e+00,  2.207057e+02
  3.327374e+00,  2.323295e+02
  1.316293e+00,  5.916110e+01
  9.477965e+00,  7.689826e+01
  1.627827e+01,  9.930405e+01
  1.779114e+01,  1.193037e+02
  1.488094e+01,  1.364387e+02
  1.152573e+01,  1.523423e+02
  9.925236e+00,  1.646700e+02
  8.801802e+00,  1.595142e+02
  1.005366e+01,  1.323201e+02
  1.549823e+01,  1.236367e+02
  1.726339e+01,  1.394753e+02
  1.198660e+01,  1.787813e+02
  1.036559e+01,  2.639606e+02
  1.631589e+01,  3.160449e+02
  1.513793e+01,  3.367053e+02
  6.147360e+00,  3.433449e+02
  1.875104e+00,  1.557617e+02
  6.767796e+00,  1.388047e+02
  9.564370e+00,  1.059488e+02
  1.316363e+01,  7.650996e+01
  1.618693e+01,  6.127538e+01
  1.591016e+01,  5.975177e+01
  1.179627e+01,  6.826106e+01
  5.616953e+00,  8.401991e+01
  2.885092e-01,  3.102660e+01
  4.699890e+00,  3.147635e+02
  5.868313e+00,  3.360473e+02
  1.706178e+00,  5.176516e+01
  9.055647e+00,  1.544747e+02
  1.592121e+01,  1.679405e+02
  1.347442e+01,  1.544218e+02
  1.197473e+01,  8.875801e+01
  2.248514e+01,  6.047290e+01
  2.405569e+01,  5.925337e+01
  1.172281e+01,  5.759720e+01
  4.786868e+00,  2.594406e+02
  1.445014e+01,  2.564666e+02
  1.084328e+01,  2.510427e+02
  5.016165e+00,  1.666972e+02
  1.422708e+01,  1.378415e+02
  1.524656e+01,  1.491580e+02
  8.775088e+00,  1.867860e+02
  8.808948e+00,  2.646071e+02
  1.177237e+01,  3.008920e+02
  1.009571e+01,  3.183725e+02
  7.070231e+00,  3.343481e+02
  6.792280e+00,  3.563244e+02
  9.443102e+00,  1.747937e+01
  1.214558e+01,  3.966781e+01
  1.303573e+01,  6.929390e+01
  1.349568e+01,  1.052858e+02
  1.341781e+01,  1.339062e+02
  9.339383e+00,  1.479018e+02
  2.731690e+00,  1.289325e+02
  4.994068e+00,  5.693522e+01
  8.746380e+00,  8.516318e+01
  1.274569e+01,  1.362032e+02
  1.946013e+01,  1.772778e+02
  2.347558e+01,  1.991974e+02
  2.033717e+01,  2.050316e+02
  1.235121e+01,  1.914490e+02
  6.876377e+00,  1.594426e+02
  4.729086e+00,  1.537867e+02
  4.353950e+00,  2.087041e+02
  6.494422e+00,  2.505798e+02
  4.015396e+00,  2.825142e+02
  4.399130e+00,  7.324622e+01
  1.523909e+01,  1.134152e+02
  2.267464e+01,  1.460159e+02
  2.647392e+01,  1.852019e+02
  2.816834e+01,  2.264013e+02
  2.546017e+01,  2.640350e+02
  1.694871e+01,  3.026328e+02
  9.088179e+00,  4.310546e+00
  9.452442e+00,  6.023578e+01
  7.944611e+00,  6.409638e+01
  6.078110e+00,  3.580706e+01
  4.060994e+00,  1.635596e+01
  9.517719e-01,  2.287528e+02
  7.197941e+00,  2.105482e+02
  8.501425e+00,  2.252287e+02
  4.237393e+00,  2.814193e+02
  8.235182e+00,  1.078312e+01
  1.187776e+01,  4.316052e+01
  8.204956e+00,  7.946286e+01
  7.012252e+00,  1.668029e+02
  1.221236e+01,  2.138974e+02
  1.070363e+01,  2.373033e+02
  4.063603e+00,  3.027213e+02
  1.108115e+01,  2.459275e+01
  1.595027e+01,  3.452556e+01
  1.143300e+01,  1.869280e+01
  7.499827e+00,  3.004116e+02
  1.655981e+01,  2.625056e+02
  1.974262e+01,  2.576210e+02
  1.369669e+01,  2.590441e+02
  3.257207e+00,  2.790456e+02
  3.789019e+00,  4.605172e+01
  3.867887e+00,  4.206489e+01
  3.767152e+00,  3.078107e+02
  1.121542e+01,  2.864497e+02
  1.559536e+01,  2.913195e+02
  1.602130e+01,  3.034272e+02
  1.553725e+01,  3.179973e+02
  1.438427e+01,  3.238442e+02
  1.122341e+01,  3.147952e+02
  7.602894e+00,  2.867423e+02
  6.712229e+00,  2.457387e+02
  7.537669e+00,  2.202458e+02
  7.656860e+00,  2.150359e+02
  7.348204e+00,  2.297462e+02
  8.709511e+00,  2.565157e+02
  1.194937e+01,  2.781374e+02
  1.511596e+01,  2.925520e+02
  1.694639e+01,  3.018572e+02
  1.743224e+01,  3.079971e+02
  1.657418e+01,  3.126308e+02
  1.332557e+01,  3.148220e+02
  7.120320e+00,  3.098967e+02
  1.473512e+00,  2.649743e+02
  3.177751e+00,  1.742186e+02
  3.931225e+00,  1.704871e+02
  2.505895e+00,  1.926867e+02
  3.223228e+00,  2.524869e+02
  7.103269e+00,  2.705625e+02
  1.112045e+01,  2.777903e+02
  1.205025e+01,  2.809104e+02
  7.336175e+00,  2.787640e+02
  5.988083e-01,  5.253569e+01
  7.961890e+00,  8.171020e+01
  1.059598e+01,  7.737790e+01
  5.834909e+00,  5.105376e+01
  6.508473e+00,  3.122375e+02
  1.424968e+01,  3.012220e+02
  1.465280e+01,  3.173337e+02
  8.521220e+00,  3.576264e+02
  6.294363e+00,  9.929165e+01
  1.174276e+01,  1.698795e+02
  1.267210e+01,  2.163869e+02
  5.966096e+00,  2.791715e+02
  1.147026e+01,  4.492191e+01
  2.210100e+01,  7.908031e+01
  2.203109e+01,  8.220228e+01
  1.553185e+01,  4.901925e+01
  1.643017e+01,  3.567932e+02
  1.812593e+01,  3.314941e+02
  1.195635e+01,  3.091954e+02
  5.391774e+00,  2.206147e+02
  1.397427e+01,  1.645508e+02
  1.797619e+01,  1.516912e+02
  1.326575e+01,  1.455106e+02
  3.445812e+00,  1.338548e+02
  3.202028e+00,  3.267974e+02
  5.116963e+00,  3.177998e+02
  1.491493e+00,  2.428437e+00
  7.410113e+00,  9.509333e+01
  1.508345e+01,  1.004028e+02
  1.587888e+01,  1.011025e+02
  7.894054e+00,  1.035372e+02
  3.584804e+00,  2.516768e+02
  1.333125e+01,  2.670725e+02
  1.503318e+01,  2.637941e+02
  8.911005e+00,  2.411548e+02
  5.356883e+00,  1.735214e+02
  4.551868e+00,  1.401216e+02
  1.844616e+00,  3.443630e+02
  1.075996e+01,  3.354757e+02
  1.241960e+01,  3.468706e+02
  4.615980e+00,  2.498007e+01
  7.806732e+00,  1.496735e+02
  1.212462e+01,  1.819021e+02
  7.478494e+00,  2.164852e+02
  6.152110e+00,  3.101706e+02
  1.102750e+01,  3.481843e+02
  8.566388e+00,  9.462218e-01
  1.320390e+00,  8.995407e+01
  9.894760e+00,  1.668423e+02
  1.454253e+01,  1.749922e+02
  1.123999e+01,  1.738903e+02
  4.822884e+00,  1.673774e+02
  1.797049e+00,  2.076894e+02
  5.439160e+00,  2.428649e+02
  8.635155e+00,  2.464644e+02
  5.337100e+00,  2.476670e+02
  2.638804e+00,  4.689257e+01
  1.234490e+01,  5.654030e+01
  1.584381e+01,  5.721347e+01
  1.095949e+01,  5.459269e+01
  3.626911e+00,  6.482436e+01
  2.866164e-01,  1.709266e+02
##END=