##TITLE= twqubit_C2Y5X90_H_25000_NoBufferfix4
##JCAMP-DX= 5.00 Bruker JCAMP library
##DATA TYPE= Shape Data
##ORIGIN= Colm Fixed Pulses 
##OWNER= d29lu
##DATE= 18-May-2015
##TIME= 18:53
##MINX= 9.222444e-01
##MAXX= 3.060347e+01
##MINY= 5.226834e+00
##MAXY= 3.599948e+02
##$SHAPE_EXMODE= None
##$SHAPE_TOTROT= 9.000000e+01
##$SHAPE_BWFAC= 1.000000e+00
##$SHAPE_INTEGFAC= 1.000000e+00
##$SHAPE_MODE= 1
##NPOINTS= 100
##XYPOINTS= (XY..XY)
  9.222444e-01,  1.589170e+02
  5.339371e+00,  2.511542e+02
  1.081324e+01,  2.538587e+02
  9.189922e+00,  2.394350e+02
  6.368916e+00,  2.093935e+02
  6.165089e+00,  1.643075e+02
  8.739242e+00,  1.357711e+02
  1.221285e+01,  1.253129e+02
  1.617968e+01,  1.222936e+02
  2.037950e+01,  1.234546e+02
  2.378595e+01,  1.246727e+02
  2.548413e+01,  1.247751e+02
  2.375889e+01,  1.220914e+02
  2.040670e+01,  1.186148e+02
  1.612707e+01,  1.152978e+02
  1.187277e+01,  1.154847e+02
  8.273068e+00,  1.233554e+02
  6.081259e+00,  1.471120e+02
  6.474210e+00,  1.780409e+02
  8.659179e+00,  1.942573e+02
  1.086829e+01,  1.990438e+02
  1.247324e+01,  1.991272e+02
  1.418350e+01,  1.942771e+02
  1.684577e+01,  1.859283e+02
  1.971388e+01,  1.757642e+02
  2.123504e+01,  1.654878e+02
  2.170500e+01,  1.552254e+02
  2.173363e+01,  1.457485e+02
  2.098251e+01,  1.367412e+02
  1.995005e+01,  1.284524e+02
  1.950113e+01,  1.239888e+02
  1.908911e+01,  1.248152e+02
  1.821606e+01,  1.291327e+02
  1.761456e+01,  1.335074e+02
  1.796883e+01,  1.352796e+02
  1.877900e+01,  1.327290e+02
  1.912620e+01,  1.261266e+02
  1.853105e+01,  1.161866e+02
  1.711511e+01,  1.024225e+02
  1.556241e+01,  8.436695e+01
  1.484737e+01,  6.293039e+01
  1.550547e+01,  4.216023e+01
  1.697064e+01,  2.568499e+01
  1.854857e+01,  1.362570e+01
  1.979295e+01,  5.226834e+00
  2.004522e+01,  3.580837e+02
  1.880079e+01,  3.487645e+02
  1.660449e+01,  3.369704e+02
  1.425006e+01,  3.286006e+02
  1.209439e+01,  3.334212e+02
  1.163287e+01,  3.556375e+02
  1.496260e+01,  2.132775e+01
  2.056177e+01,  3.731532e+01
  2.506177e+01,  4.589228e+01
  2.714432e+01,  5.064773e+01
  2.482959e+01,  5.085478e+01
  2.176140e+01,  4.770958e+01
  1.934161e+01,  4.131316e+01
  1.790563e+01,  3.238092e+01
  1.652888e+01,  2.224035e+01
  1.399199e+01,  1.192620e+01
  1.041719e+01,  3.599948e+02
  7.287294e+00,  3.404702e+02
  6.097974e+00,  3.103661e+02
  7.549891e+00,  2.846087e+02
  1.054603e+01,  2.744807e+02
  1.381750e+01,  2.709728e+02
  1.620476e+01,  2.692533e+02
  1.681753e+01,  2.671100e+02
  1.530879e+01,  2.634635e+02
  1.243020e+01,  2.587546e+02
  1.032382e+01,  2.534760e+02
  1.043912e+01,  2.542086e+02
  1.178555e+01,  2.596125e+02
  1.248666e+01,  2.653616e+02
  1.260799e+01,  2.691693e+02
  1.285582e+01,  2.691503e+02
  1.262552e+01,  2.657710e+02
  1.202900e+01,  2.600666e+02
  1.253202e+01,  2.528308e+02
  1.433988e+01,  2.449505e+02
  1.569499e+01,  2.367842e+02
  1.553006e+01,  2.278924e+02
  1.418030e+01,  2.193280e+02
  1.229431e+01,  2.136855e+02
  1.039295e+01,  2.112371e+02
  8.767344e+00,  2.152932e+02
  7.846646e+00,  2.267207e+02
  8.155724e+00,  2.420708e+02
  9.735630e+00,  2.546620e+02
  1.206137e+01,  2.625101e+02
  1.489459e+01,  2.670485e+02
  1.831787e+01,  2.711308e+02
  2.215135e+01,  2.737642e+02
  2.637107e+01,  2.752730e+02
  2.940557e+01,  2.751524e+02
  3.060347e+01,  2.744842e+02
  2.875655e+01,  2.729199e+02
  1.575041e+01,  2.670625e+02
  2.739816e+00,  1.410422e+02
##END=