##TITLE= twqubit_C234790withPC_C_25000_NoBufferfix9
##JCAMP-DX= 5.00 Bruker JCAMP library
##DATA TYPE= Shape Data
##ORIGIN= Colm Fixed Pulses 
##OWNER= d29lu
##DATE= 18-May-2015
##TIME= 17:1
##MINX= 5.253796e-01
##MAXX= 2.457049e+01
##MINY= 2.866915e+00
##MAXY= 3.597122e+02
##$SHAPE_EXMODE= None
##$SHAPE_TOTROT= 9.000000e+01
##$SHAPE_BWFAC= 1.000000e+00
##$SHAPE_INTEGFAC= 1.000000e+00
##$SHAPE_MODE= 1
##NPOINTS= 100
##XYPOINTS= (XY..XY)
  1.685259e+00,  3.514163e+02
  3.448519e+00,  2.585973e+02
  5.066162e+00,  2.079102e+02
  8.981519e+00,  1.093202e+02
  1.870415e+01,  7.981807e+01
  1.985604e+01,  6.038426e+01
  1.235790e+01,  2.597795e+01
  9.300946e+00,  3.066008e+02
  1.302288e+01,  2.590760e+02
  1.236887e+01,  2.182704e+02
  1.294146e+01,  1.697273e+02
  1.503560e+01,  1.409560e+02
  1.265203e+01,  1.308767e+02
  6.574402e+00,  1.458058e+02
  5.406666e+00,  2.081546e+02
  6.908456e+00,  2.345419e+02
  3.896962e+00,  2.561347e+02
  3.453949e+00,  3.551253e+02
  7.144034e+00,  1.174374e+01
  5.933824e+00,  3.418695e+02
  9.484072e+00,  2.728021e+02
  1.734482e+01,  2.536471e+02
  1.722346e+01,  2.440971e+02
  8.633890e+00,  2.109111e+02
  1.115681e+01,  1.314733e+02
  1.720824e+01,  1.222754e+02
  1.262641e+01,  1.313186e+02
  3.515759e+00,  2.173063e+02
  1.344817e+01,  2.966635e+02
  1.854305e+01,  3.181729e+02
  1.548472e+01,  3.350532e+02
  7.715466e+00,  3.463808e+02
  1.302633e+00,  3.212294e+02
  1.708802e+00,  2.366303e+02
  1.400373e+00,  1.195340e+02
  1.080260e+01,  1.059352e+02
  2.140794e+01,  1.207404e+02
  2.457049e+01,  1.372924e+02
  1.802294e+01,  1.690369e+02
  1.506507e+01,  2.426883e+02
  2.191360e+01,  2.927745e+02
  2.006619e+01,  3.204220e+02
  9.411098e+00,  2.866915e+00
  9.818312e+00,  1.007204e+02
  1.331832e+01,  1.368564e+02
  8.029137e+00,  1.588727e+02
  2.230906e+00,  2.460739e+02
  4.651331e+00,  3.116858e+02
  2.885216e+00,  3.252943e+02
  5.253796e-01,  1.511617e+02
  2.263950e+00,  1.366030e+02
  2.445929e+00,  9.850050e+01
  3.530215e+00,  7.398522e+01
  3.683094e+00,  1.010574e+02
  5.589486e+00,  1.522790e+02
  7.520017e+00,  1.752223e+02
  3.771765e+00,  1.779130e+02
  3.695476e+00,  2.832441e+01
  1.064543e+01,  2.424407e+01
  9.309829e+00,  2.118638e+01
  1.277765e+00,  2.996430e+02
  1.098674e+01,  2.153274e+02
  1.588546e+01,  2.032374e+02
  1.358465e+01,  1.737734e+02
  1.281050e+01,  1.230427e+02
  1.442778e+01,  8.317456e+01
  1.313348e+01,  4.262628e+01
  1.339988e+01,  3.531987e+02
  1.541530e+01,  3.171587e+02
  1.468670e+01,  2.896706e+02
  1.101596e+01,  2.636111e+02
  4.659113e+00,  2.357651e+02
  3.073355e+00,  9.500607e+01
  1.015555e+01,  7.741732e+01
  1.325251e+01,  8.289049e+01
  1.217786e+01,  9.216289e+01
  9.522125e+00,  9.397032e+01
  8.492190e+00,  7.109756e+01
  1.164345e+01,  4.730657e+01
  1.323041e+01,  3.692516e+01
  8.765947e+00,  1.828613e+01
  5.504332e+00,  3.009461e+02
  1.123699e+01,  2.621855e+02
  1.090688e+01,  2.503250e+02
  3.568381e+00,  2.101149e+02
  7.978747e+00,  1.048132e+02
  1.376005e+01,  9.355797e+01
  1.297188e+01,  8.046523e+01
  1.013132e+01,  5.483552e+01
  8.287546e+00,  3.305825e+01
  3.516444e+00,  2.750542e+01
  3.856773e+00,  2.170914e+02
  1.308819e+01,  2.318024e+02
  1.790328e+01,  2.494012e+02
  1.612792e+01,  2.679883e+02
  9.787704e+00,  2.983709e+02
  8.991269e+00,  3.597122e+02
  1.397800e+01,  2.327531e+01
  1.484247e+01,  1.698889e+01
  4.579337e+00,  3.426877e+02
##END=