##TITLE= twqubit_C4180_H_25000_NoBufferfix6
##JCAMP-DX= 5.00 Bruker JCAMP library
##DATA TYPE= Shape Data
##ORIGIN= Colm Fixed Pulses 
##OWNER= d29lu
##DATE= 18-May-2015
##TIME= 19:10
##MINX= 1.519170e-01
##MAXX= 2.068495e+01
##MINY= 4.563506e+00
##MAXY= 3.560830e+02
##$SHAPE_EXMODE= None
##$SHAPE_TOTROT= 9.000000e+01
##$SHAPE_BWFAC= 1.000000e+00
##$SHAPE_INTEGFAC= 1.000000e+00
##$SHAPE_MODE= 1
##NPOINTS= 200
##XYPOINTS= (XY..XY)
  5.393769e-01,  1.052962e+02
  3.224169e-01,  2.954473e+02
  4.165669e+00,  3.015542e+02
  9.163209e+00,  3.003948e+02
  1.282151e+01,  3.004921e+02
  1.532480e+01,  2.999728e+02
  1.670049e+01,  2.979537e+02
  1.678587e+01,  2.953129e+02
  1.543214e+01,  2.932212e+02
  1.307652e+01,  2.929167e+02
  1.064480e+01,  2.953001e+02
  8.602175e+00,  3.014099e+02
  6.991116e+00,  3.117294e+02
  5.933559e+00,  3.247419e+02
  5.264319e+00,  3.322713e+02
  4.507962e+00,  3.280268e+02
  3.802156e+00,  3.113851e+02
  3.559340e+00,  2.869137e+02
  3.925476e+00,  2.649792e+02
  4.362294e+00,  2.531300e+02
  4.330049e+00,  2.489010e+02
  4.017356e+00,  2.483262e+02
  3.895475e+00,  2.513021e+02
  4.206544e+00,  2.561667e+02
  4.831914e+00,  2.580540e+02
  5.520431e+00,  2.557552e+02
  6.150863e+00,  2.510773e+02
  6.614070e+00,  2.454434e+02
  6.572366e+00,  2.388734e+02
  6.064277e+00,  2.299379e+02
  5.528051e+00,  2.173683e+02
  4.977161e+00,  2.021308e+02
  4.241689e+00,  1.775366e+02
  4.503127e+00,  1.420486e+02
  6.094166e+00,  1.206242e+02
  7.777418e+00,  1.124125e+02
  9.084852e+00,  1.093189e+02
  1.019314e+01,  1.073166e+02
  1.105133e+01,  1.063897e+02
  1.146340e+01,  1.075841e+02
  1.154677e+01,  1.104261e+02
  1.169065e+01,  1.132112e+02
  1.210203e+01,  1.148424e+02
  1.289837e+01,  1.142630e+02
  1.432661e+01,  1.120197e+02
  1.620297e+01,  1.095736e+02
  1.761642e+01,  1.078230e+02
  1.796800e+01,  1.063831e+02
  1.763267e+01,  1.048053e+02
  1.695557e+01,  1.029234e+02
  1.561533e+01,  1.017531e+02
  1.346253e+01,  1.030057e+02
  1.106990e+01,  1.076821e+02
  9.004574e+00,  1.135112e+02
  7.352666e+00,  1.217096e+02
  6.227032e+00,  1.370428e+02
  5.829716e+00,  1.565486e+02
  5.901731e+00,  1.743903e+02
  6.122723e+00,  1.895919e+02
  6.460369e+00,  2.021220e+02
  6.871299e+00,  2.126955e+02
  7.358087e+00,  2.218224e+02
  7.859448e+00,  2.294616e+02
  8.300381e+00,  2.351493e+02
  8.614985e+00,  2.399303e+02
  8.667188e+00,  2.429668e+02
  8.174491e+00,  2.433233e+02
  6.979114e+00,  2.413191e+02
  5.081687e+00,  2.391473e+02
  2.474848e+00,  2.316957e+02
  1.055725e+00,  8.574694e+01
  4.569568e+00,  7.055985e+01
  8.073815e+00,  6.819063e+01
  1.096268e+01,  6.754181e+01
  1.284243e+01,  6.559911e+01
  1.386906e+01,  6.201236e+01
  1.443223e+01,  5.844559e+01
  1.446720e+01,  5.572454e+01
  1.374668e+01,  5.225793e+01
  1.245546e+01,  4.616308e+01
  1.118288e+01,  3.590834e+01
  1.017059e+01,  2.468404e+01
  9.192035e+00,  1.423296e+01
  8.050703e+00,  4.563506e+00
  6.690400e+00,  3.560830e+02
  5.137301e+00,  3.503335e+02
  3.371284e+00,  3.531772e+02
  1.850048e+00,  3.226274e+01
  2.847723e+00,  9.699412e+01
  4.816061e+00,  1.111297e+02
  6.514745e+00,  1.100312e+02
  7.919938e+00,  1.054846e+02
  8.832426e+00,  1.009864e+02
  9.066678e+00,  9.526967e+01
  8.838405e+00,  8.785467e+01
  8.563939e+00,  7.998963e+01
  8.443129e+00,  7.382548e+01
  8.360762e+00,  7.012602e+01
  8.124080e+00,  6.851562e+01
  7.638806e+00,  6.904444e+01
  6.920689e+00,  7.235757e+01
  6.042835e+00,  8.004789e+01
  5.248032e+00,  9.362504e+01
  4.993005e+00,  1.153424e+02
  5.638089e+00,  1.364786e+02
  6.860190e+00,  1.474968e+02
  8.221263e+00,  1.509555e+02
  9.423560e+00,  1.497775e+02
  1.014810e+01,  1.450299e+02
  1.034489e+01,  1.374290e+02
  1.046611e+01,  1.293894e+02
  1.065785e+01,  1.227096e+02
  1.075694e+01,  1.171006e+02
  1.083914e+01,  1.113520e+02
  1.123309e+01,  1.062460e+02
  1.174486e+01,  1.024185e+02
  1.195148e+01,  9.913808e+01
  1.183399e+01,  9.607222e+01
  1.149669e+01,  9.278853e+01
  1.051389e+01,  8.864290e+01
  8.764128e+00,  8.300251e+01
  6.817268e+00,  7.494557e+01
  5.234800e+00,  6.228769e+01
  4.182119e+00,  4.062377e+01
  3.803568e+00,  1.073452e+01
  4.160623e+00,  3.432191e+02
  4.867859e+00,  3.269919e+02
  5.442580e+00,  3.195051e+02
  5.746085e+00,  3.156844e+02
  5.808512e+00,  3.138295e+02
  5.719795e+00,  3.118307e+02
  5.572021e+00,  3.092670e+02
  5.313652e+00,  3.072851e+02
  4.829697e+00,  3.065539e+02
  4.282378e+00,  3.051693e+02
  3.949664e+00,  2.981303e+02
  4.081305e+00,  2.855509e+02
  4.579334e+00,  2.763520e+02
  5.104605e+00,  2.743950e+02
  5.691314e+00,  2.752455e+02
  6.762790e+00,  2.745682e+02
  8.437008e+00,  2.751612e+02
  1.050204e+01,  2.786782e+02
  1.268148e+01,  2.834936e+02
  1.491622e+01,  2.876087e+02
  1.717927e+01,  2.906055e+02
  1.923494e+01,  2.929663e+02
  2.051979e+01,  2.953511e+02
  2.068495e+01,  2.970875e+02
  1.977604e+01,  2.970329e+02
  1.797555e+01,  2.950540e+02
  1.552446e+01,  2.910425e+02
  1.275559e+01,  2.855119e+02
  9.915071e+00,  2.788807e+02
  7.046287e+00,  2.712014e+02
  4.344429e+00,  2.614858e+02
  2.085232e+00,  2.416808e+02
  9.112982e-01,  1.519378e+02
  2.349440e+00,  1.039176e+02
  3.986061e+00,  9.329438e+01
  5.424358e+00,  8.621890e+01
  6.638852e+00,  7.839199e+01
  7.618216e+00,  7.101495e+01
  8.170277e+00,  6.473909e+01
  8.167887e+00,  5.933793e+01
  7.773035e+00,  5.450058e+01
  7.057900e+00,  5.160785e+01
  5.893220e+00,  5.121516e+01
  4.363510e+00,  5.110624e+01
  2.656393e+00,  5.362901e+01
  1.027991e+00,  7.315840e+01
  1.228871e+00,  1.838578e+02
  2.718528e+00,  2.122339e+02
  4.167186e+00,  2.236882e+02
  5.621279e+00,  2.335329e+02
  7.164962e+00,  2.411461e+02
  8.639116e+00,  2.455003e+02
  9.829115e+00,  2.468885e+02
  1.069241e+01,  2.467381e+02
  1.127759e+01,  2.455991e+02
  1.149895e+01,  2.433882e+02
  1.157734e+01,  2.412230e+02
  1.189538e+01,  2.404398e+02
  1.247615e+01,  2.405148e+02
  1.309474e+01,  2.400216e+02
  1.359413e+01,  2.396603e+02
  1.397553e+01,  2.397537e+02
  1.400129e+01,  2.398192e+02
  1.315765e+01,  2.392318e+02
  1.087317e+01,  2.375703e+02
  7.277641e+00,  2.338957e+02
  3.381166e+00,  2.269111e+02
  1.519170e-01,  7.363357e+01
  2.445156e+00,  4.306321e+01
  3.728356e+00,  3.793834e+01
  3.977643e+00,  3.202438e+01
  3.744602e+00,  2.588965e+01
  3.336107e+00,  2.738227e+01
  1.955036e+00,  9.003526e+01
  1.536240e+00,  1.367856e+02
##END=