##TITLE= twqubit_C1234690withPC_H_25000_NoBufferfix1
##JCAMP-DX= 5.00 Bruker JCAMP library
##DATA TYPE= Shape Data
##ORIGIN= Colm Fixed Pulses 
##OWNER= d29lu
##DATE= 18-May-2015
##TIME= 18:48
##MINX= 9.336775e-01
##MAXX= 2.856104e+01
##MINY= 2.354589e+00
##MAXY= 3.464359e+02
##$SHAPE_EXMODE= None
##$SHAPE_TOTROT= 9.000000e+01
##$SHAPE_BWFAC= 1.000000e+00
##$SHAPE_INTEGFAC= 1.000000e+00
##$SHAPE_MODE= 1
##NPOINTS= 100
##XYPOINTS= (XY..XY)
  1.346947e+00,  1.812775e+02
  4.275152e+00,  2.363137e+02
  5.710781e+00,  2.685530e+02
  5.967132e+00,  3.464359e+02
  1.105976e+01,  2.369526e+01
  1.648211e+01,  3.699908e+01
  2.106038e+01,  4.337556e+01
  2.423844e+01,  4.649262e+01
  2.646163e+01,  4.860650e+01
  2.649222e+01,  4.964599e+01
  2.465897e+01,  4.918244e+01
  2.257782e+01,  4.796961e+01
  2.050866e+01,  4.577432e+01
  1.868642e+01,  4.255426e+01
  1.680042e+01,  3.752174e+01
  1.458147e+01,  3.191910e+01
  1.198988e+01,  2.705098e+01
  9.096867e+00,  2.198853e+01
  6.014744e+00,  1.873622e+01
  3.146592e+00,  1.308589e+01
  9.336775e-01,  3.404562e+02
  1.332129e+00,  2.312183e+02
  2.840981e+00,  2.268397e+02
  4.324690e+00,  2.268070e+02
  5.820025e+00,  2.274896e+02
  7.303315e+00,  2.280440e+02
  8.843838e+00,  2.275370e+02
  1.061466e+01,  2.237601e+02
  1.233837e+01,  2.187388e+02
  1.348909e+01,  2.141626e+02
  1.418507e+01,  2.133050e+02
  1.513338e+01,  2.161390e+02
  1.638187e+01,  2.204634e+02
  1.764741e+01,  2.246248e+02
  1.902691e+01,  2.290508e+02
  2.049320e+01,  2.335197e+02
  2.138619e+01,  2.355705e+02
  2.135659e+01,  2.347020e+02
  2.075077e+01,  2.316383e+02
  1.958394e+01,  2.289696e+02
  1.745457e+01,  2.271152e+02
  1.426881e+01,  2.261768e+02
  1.014904e+01,  2.258810e+02
  5.547512e+00,  2.244088e+02
  1.042236e+00,  1.831418e+02
  3.971414e+00,  6.466689e+01
  8.230906e+00,  6.259820e+01
  1.184807e+01,  6.372350e+01
  1.462150e+01,  6.476000e+01
  1.639001e+01,  6.581881e+01
  1.702319e+01,  6.538626e+01
  1.637737e+01,  6.353992e+01
  1.440414e+01,  6.019985e+01
  1.117425e+01,  5.536475e+01
  6.971841e+00,  4.481811e+01
  2.790105e+00,  2.354589e+00
  4.414864e+00,  2.693053e+02
  9.073126e+00,  2.486238e+02
  1.391900e+01,  2.397413e+02
  1.864020e+01,  2.347138e+02
  2.264960e+01,  2.310033e+02
  2.531364e+01,  2.291791e+02
  2.685443e+01,  2.286727e+02
  2.596896e+01,  2.289727e+02
  2.344105e+01,  2.301821e+02
  2.068658e+01,  2.340658e+02
  1.796372e+01,  2.390346e+02
  1.558392e+01,  2.425267e+02
  1.363648e+01,  2.437359e+02
  1.249468e+01,  2.428104e+02
  1.229306e+01,  2.384915e+02
  1.239139e+01,  2.318716e+02
  1.223809e+01,  2.230108e+02
  1.171423e+01,  2.128676e+02
  1.080271e+01,  2.023228e+02
  9.537833e+00,  1.910011e+02
  7.993639e+00,  1.769468e+02
  6.267969e+00,  1.571778e+02
  4.633437e+00,  1.254199e+02
  3.813296e+00,  7.433361e+01
  5.317654e+00,  2.715561e+01
  7.931621e+00,  7.155641e+00
  9.917499e+00,  3.078825e+00
  1.117056e+01,  7.859694e+00
  1.248453e+01,  1.879296e+01
  1.462788e+01,  3.151819e+01
  1.783099e+01,  4.281069e+01
  2.175158e+01,  5.090104e+01
  2.550640e+01,  5.603976e+01
  2.856104e+01,  5.964322e+01
  2.836604e+01,  6.041647e+01
  2.575731e+01,  5.945693e+01
  2.210200e+01,  5.594291e+01
  1.788857e+01,  4.988722e+01
  1.273110e+01,  3.750434e+01
  8.139619e+00,  8.062771e+00
  7.210858e+00,  3.147466e+02
  1.027199e+01,  2.756866e+02
  1.209223e+01,  2.466039e+02
  3.210302e+00,  1.833430e+02
##END=