##TITLE= twqubit_C2Y5X90_H_25000_NoBufferfix3
##JCAMP-DX= 5.00 Bruker JCAMP library
##DATA TYPE= Shape Data
##ORIGIN= Colm Fixed Pulses 
##OWNER= d29lu
##DATE= 18-May-2015
##TIME= 18:53
##MINX= 9.217925e-01
##MAXX= 3.059852e+01
##MINY= 7.315155e-04
##MAXY= 3.581156e+02
##$SHAPE_EXMODE= None
##$SHAPE_TOTROT= 9.000000e+01
##$SHAPE_BWFAC= 1.000000e+00
##$SHAPE_INTEGFAC= 1.000000e+00
##$SHAPE_MODE= 1
##NPOINTS= 100
##XYPOINTS= (XY..XY)
  9.217925e-01,  1.590171e+02
  5.339152e+00,  2.511399e+02
  1.081315e+01,  2.538887e+02
  9.190381e+00,  2.394537e+02
  6.366505e+00,  2.094182e+02
  6.166661e+00,  1.643384e+02
  8.740405e+00,  1.357889e+02
  1.221360e+01,  1.253771e+02
  1.618090e+01,  1.223226e+02
  2.038045e+01,  1.234760e+02
  2.378709e+01,  1.247045e+02
  2.544471e+01,  1.247589e+02
  2.375761e+01,  1.221165e+02
  2.040786e+01,  1.186284e+02
  1.612621e+01,  1.153080e+02
  1.187706e+01,  1.155062e+02
  8.273171e+00,  1.233597e+02
  6.080402e+00,  1.471042e+02
  6.475845e+00,  1.780832e+02
  8.659912e+00,  1.942830e+02
  1.086911e+01,  1.990611e+02
  1.247077e+01,  1.991456e+02
  1.418382e+01,  1.943235e+02
  1.684626e+01,  1.859564e+02
  1.971389e+01,  1.757795e+02
  2.123641e+01,  1.655200e+02
  2.170613e+01,  1.552519e+02
  2.173213e+01,  1.457681e+02
  2.098576e+01,  1.367494e+02
  1.994989e+01,  1.284635e+02
  1.950325e+01,  1.240306e+02
  1.908876e+01,  1.248167e+02
  1.821561e+01,  1.291642e+02
  1.761490e+01,  1.335316e+02
  1.796853e+01,  1.353287e+02
  1.877972e+01,  1.327549e+02
  1.912388e+01,  1.261556e+02
  1.853217e+01,  1.162041e+02
  1.711306e+01,  1.024534e+02
  1.556434e+01,  8.438181e+01
  1.484653e+01,  6.294250e+01
  1.550583e+01,  4.218306e+01
  1.696939e+01,  2.569715e+01
  1.854941e+01,  1.363394e+01
  1.979387e+01,  5.259969e+00
  2.004448e+01,  3.581156e+02
  1.879936e+01,  3.487923e+02
  1.660159e+01,  3.370075e+02
  1.425097e+01,  3.286303e+02
  1.209474e+01,  3.334616e+02
  1.163236e+01,  3.556771e+02
  1.496222e+01,  2.136778e+01
  2.056310e+01,  3.733946e+01
  2.506564e+01,  4.589744e+01
  2.713738e+01,  5.068059e+01
  2.480928e+01,  5.084852e+01
  2.175970e+01,  4.772024e+01
  1.934228e+01,  4.133613e+01
  1.790690e+01,  3.243736e+01
  1.652779e+01,  2.224434e+01
  1.399406e+01,  1.193745e+01
  1.041841e+01,  7.315155e-04
  7.284839e+00,  3.404642e+02
  6.096335e+00,  3.103858e+02
  7.547866e+00,  2.846484e+02
  1.054620e+01,  2.745033e+02
  1.381824e+01,  2.709694e+02
  1.620714e+01,  2.692866e+02
  1.681576e+01,  2.671311e+02
  1.530850e+01,  2.635059e+02
  1.243040e+01,  2.587753e+02
  1.032234e+01,  2.535252e+02
  1.044021e+01,  2.542484e+02
  1.178380e+01,  2.596530e+02
  1.248711e+01,  2.653676e+02
  1.260772e+01,  2.691842e+02
  1.285736e+01,  2.691632e+02
  1.262499e+01,  2.657827e+02
  1.202797e+01,  2.600904e+02
  1.253026e+01,  2.528113e+02
  1.434194e+01,  2.449935e+02
  1.569619e+01,  2.368212e+02
  1.552838e+01,  2.279110e+02
  1.417850e+01,  2.193700e+02
  1.229379e+01,  2.137147e+02
  1.039123e+01,  2.112612e+02
  8.766585e+00,  2.153159e+02
  7.846703e+00,  2.267564e+02
  8.156703e+00,  2.420662e+02
  9.736953e+00,  2.546754e+02
  1.206032e+01,  2.625309e+02
  1.489465e+01,  2.670561e+02
  1.831926e+01,  2.711539e+02
  2.215244e+01,  2.737730e+02
  2.635619e+01,  2.752829e+02
  2.940217e+01,  2.751663e+02
  3.059852e+01,  2.745023e+02
  2.874511e+01,  2.729160e+02
  1.574892e+01,  2.671263e+02
  2.739851e+00,  1.411333e+02
##END=