##TITLE= twqubit_C790_H_25000_NoBufferfix1
##JCAMP-DX= 5.00 Bruker JCAMP library
##DATA TYPE= Shape Data
##ORIGIN= Colm Fixed Pulses 
##OWNER= d29lu
##DATE= 18-May-2015
##TIME= 18:26
##MINX= 1.527090e+00
##MAXX= 2.917090e+01
##MINY= 3.834363e+01
##MAXY= 3.581602e+02
##$SHAPE_EXMODE= None
##$SHAPE_TOTROT= 9.000000e+01
##$SHAPE_BWFAC= 1.000000e+00
##$SHAPE_INTEGFAC= 1.000000e+00
##$SHAPE_MODE= 1
##NPOINTS= 100
##XYPOINTS= (XY..XY)
  1.527090e+00,  3.581602e+02
  7.014532e+00,  4.066356e+01
  1.782378e+01,  4.805867e+01
  2.396633e+01,  5.175229e+01
  2.493821e+01,  5.570671e+01
  2.390790e+01,  5.851453e+01
  2.184577e+01,  6.142962e+01
  1.878010e+01,  6.424428e+01
  1.518943e+01,  6.411251e+01
  1.147452e+01,  5.706043e+01
  7.337629e+00,  3.834363e+01
  3.848285e+00,  3.375633e+02
  7.821444e+00,  2.728148e+02
  1.438221e+01,  2.594462e+02
  2.037304e+01,  2.537944e+02
  2.505535e+01,  2.499894e+02
  2.860093e+01,  2.489163e+02
  2.917090e+01,  2.493949e+02
  2.809761e+01,  2.473235e+02
  2.507249e+01,  2.399141e+02
  2.103574e+01,  2.296260e+02
  1.660989e+01,  2.210370e+02
  1.258544e+01,  2.147167e+02
  8.972179e+00,  2.082449e+02
  5.115146e+00,  2.107012e+02
  2.987134e+00,  2.655380e+02
  5.746329e+00,  3.041172e+02
  9.207038e+00,  3.073748e+02
  1.292007e+01,  3.066490e+02
  1.649022e+01,  3.045577e+02
  1.956160e+01,  3.017872e+02
  2.196059e+01,  3.004631e+02
  2.327260e+01,  3.012500e+02
  2.307516e+01,  3.031088e+02
  2.175381e+01,  3.045934e+02
  1.981098e+01,  3.053519e+02
  1.732107e+01,  3.057700e+02
  1.443806e+01,  3.050073e+02
  1.143865e+01,  3.020760e+02
  8.774777e+00,  2.931425e+02
  6.899694e+00,  2.743502e+02
  5.947413e+00,  2.460010e+02
  5.981764e+00,  2.121681e+02
  7.652941e+00,  1.891407e+02
  9.957970e+00,  1.873435e+02
  1.163905e+01,  1.940723e+02
  1.233386e+01,  2.022158e+02
  1.325023e+01,  2.122222e+02
  1.521672e+01,  2.234781e+02
  1.717465e+01,  2.317098e+02
  1.849121e+01,  2.360385e+02
  1.966924e+01,  2.362502e+02
  2.016429e+01,  2.343809e+02
  1.914278e+01,  2.319146e+02
  1.759660e+01,  2.289742e+02
  1.641327e+01,  2.244524e+02
  1.453193e+01,  2.198436e+02
  1.198293e+01,  2.153553e+02
  1.028550e+01,  2.115581e+02
  9.198118e+00,  2.085114e+02
  7.181398e+00,  1.978907e+02
  5.215274e+00,  1.661649e+02
  6.081534e+00,  1.228378e+02
  9.516697e+00,  1.002880e+02
  1.369899e+01,  9.199960e+01
  1.720395e+01,  8.954172e+01
  1.941620e+01,  8.772357e+01
  2.018310e+01,  8.541793e+01
  1.965320e+01,  8.241718e+01
  1.831702e+01,  7.802482e+01
  1.684227e+01,  7.136518e+01
  1.607629e+01,  6.372319e+01
  1.601414e+01,  5.802513e+01
  1.563640e+01,  5.451427e+01
  1.420997e+01,  5.163602e+01
  1.186584e+01,  5.098183e+01
  9.020241e+00,  5.328058e+01
  5.715028e+00,  6.121129e+01
  2.426119e+00,  9.775196e+01
  4.015846e+00,  1.716974e+02
  7.463347e+00,  1.670870e+02
  1.131842e+01,  1.534191e+02
  1.516827e+01,  1.466785e+02
  1.846556e+01,  1.457853e+02
  2.144799e+01,  1.447107e+02
  2.342838e+01,  1.436463e+02
  2.347743e+01,  1.449562e+02
  2.197565e+01,  1.479193e+02
  1.911524e+01,  1.499152e+02
  1.519533e+01,  1.497335e+02
  1.177075e+01,  1.481369e+02
  9.639472e+00,  1.418224e+02
  8.742774e+00,  1.269358e+02
  1.025100e+01,  1.105997e+02
  1.399387e+01,  1.069548e+02
  1.790814e+01,  1.094289e+02
  1.981778e+01,  1.084067e+02
  1.579919e+01,  1.015217e+02
  1.635044e+00,  3.951410e+01
  1.755498e+00,  3.463727e+02
##END=