##TITLE= twqubit_C1234690withPC_C_25000_NoBuffer
##JCAMP-DX= 5.00 Bruker JCAMP library
##DATA TYPE= Shape Data
##ORIGIN= Colm's GRAPE Pulses 
##OWNER= Dawei.Lu
##DATE= 11-May-2015
##TIME= 12:58
##MINX= 5.811642e-01
##MAXX= 2.890310e+01
##MINY= 2.701029e+00
##MAXY= 3.598487e+02
##$SHAPE_EXMODE= None
##$SHAPE_TOTROT= 9.000000e+01
##$SHAPE_BWFAC= 1.000000e+00
##$SHAPE_INTEGFAC= 1.000000e+00
##$SHAPE_MODE= 1
##PULSE_WIDTH= 1000
##Calibration_Power= 25000
##NPOINTS= 100
##XYPOINTS= (XY..XY)
  5.811642e-01,  1.754170e+02
  7.282941e+00,  9.331850e+00
  1.777612e+01,  2.949478e+01
  2.063681e+01,  4.969278e+01
  1.207033e+01,  6.634649e+01
  5.717760e+00,  1.936841e+02
  1.739647e+01,  2.238433e+02
  1.897340e+01,  2.248939e+02
  1.007640e+01,  2.241105e+02
  3.141426e+00,  3.580325e+02
  1.375355e+01,  5.908350e+00
  2.188129e+01,  3.571973e+02
  2.321707e+01,  3.598487e+02
  1.496365e+01,  1.935176e+01
  5.466693e+00,  9.441304e+01
  8.424376e+00,  1.945126e+02
  1.002281e+01,  2.603065e+02
  1.477249e+01,  3.312994e+02
  2.168327e+01,  1.728063e+01
  2.313525e+01,  5.442021e+01
  1.948732e+01,  9.263879e+01
  1.320812e+01,  1.322842e+02
  7.221837e+00,  1.833019e+02
  5.251971e+00,  2.279104e+02
  4.488746e+00,  1.918560e+02
  9.437843e+00,  1.534716e+02
  1.224591e+01,  1.427614e+02
  8.347548e+00,  1.179657e+02
  9.371564e+00,  3.226781e+01
  1.937009e+01,  2.701029e+00
  2.455206e+01,  3.525559e+02
  2.156750e+01,  3.449389e+02
  1.319117e+01,  3.277830e+02
  6.607924e+00,  2.869069e+02
  1.658003e+00,  2.153796e+02
  7.795313e+00,  8.314380e+01
  1.571882e+01,  7.254164e+01
  1.741948e+01,  6.491250e+01
  1.260021e+01,  5.532679e+01
  6.145868e+00,  6.760753e+01
  7.278404e+00,  1.246788e+02
  9.838433e+00,  1.250040e+02
  6.537287e+00,  8.729228e+01
  8.377565e+00,  6.064590e+00
  1.101277e+01,  3.414894e+02
  4.404359e+00,  3.487288e+02
  1.039410e+01,  1.142918e+02
  2.299004e+01,  1.096382e+02
  2.890310e+01,  9.652123e+01
  2.856015e+01,  7.992066e+01
  2.353986e+01,  7.106553e+01
  1.378800e+01,  9.284519e+01
  1.443600e+01,  1.665180e+02
  2.283074e+01,  1.976475e+02
  2.182689e+01,  2.182436e+02
  1.167929e+01,  2.550276e+02
  9.340567e+00,  3.579536e+02
  1.501591e+01,  3.711155e+01
  1.128112e+01,  4.618152e+01
  3.325291e+00,  3.562212e+02
  6.934407e+00,  2.762613e+02
  6.018423e+00,  2.641258e+02
  1.593528e+00,  1.256017e+02
  9.139081e+00,  8.595428e+01
  1.410042e+01,  7.224191e+01
  1.577420e+01,  5.937987e+01
  1.274504e+01,  5.412145e+01
  5.205593e+00,  9.028393e+01
  1.033569e+01,  1.870715e+02
  1.753318e+01,  2.077373e+02
  1.851810e+01,  2.253929e+02
  1.586626e+01,  2.519360e+02
  1.309393e+01,  2.899057e+02
  1.005953e+01,  3.389459e+02
  1.025928e+01,  4.584115e+01
  1.353180e+01,  8.414286e+01
  1.049680e+01,  1.045679e+02
  3.667963e+00,  2.053820e+02
  1.568326e+01,  2.602873e+02
  2.417983e+01,  2.606663e+02
  2.543151e+01,  2.545905e+02
  2.181282e+01,  2.526479e+02
  1.548490e+01,  2.637009e+02
  9.865374e+00,  2.946725e+02
  8.143094e+00,  3.364804e+02
  7.945015e+00,  3.579602e+02
  8.036534e+00,  3.590810e+02
  9.865488e+00,  3.549938e+02
  1.229503e+01,  3.531499e+02
  1.258945e+01,  3.473850e+02
  9.519967e+00,  3.237839e+02
  9.530223e+00,  2.629612e+02
  1.349782e+01,  2.310223e+02
  9.120595e+00,  2.034489e+02
  1.110338e+01,  1.118122e+02
  2.070472e+01,  9.987836e+01
  1.590443e+01,  1.161532e+02
  1.050137e+01,  2.326426e+02
  1.640228e+01,  2.718945e+02
  4.327066e+00,  6.678491e+01
##END=
