##TITLE= twqubit_C590_C_25000_NoBufferfix5
##JCAMP-DX= 5.00 Bruker JCAMP library
##DATA TYPE= Shape Data
##ORIGIN= Colm Fixed Pulses 
##OWNER= d29lu
##DATE= 18-May-2015
##TIME= 17:20
##MINX= 2.415836e-01
##MAXX= 5.644284e+01
##MINY= 3.712834e+00
##MAXY= 3.584252e+02
##$SHAPE_EXMODE= None
##$SHAPE_TOTROT= 9.000000e+01
##$SHAPE_BWFAC= 1.000000e+00
##$SHAPE_INTEGFAC= 1.000000e+00
##$SHAPE_MODE= 1
##NPOINTS= 100
##XYPOINTS= (XY..XY)
  2.415836e-01,  2.828374e+02
  1.729157e+00,  1.123482e+02
  1.313884e+01,  8.961413e+01
  2.148621e+01,  6.521382e+01
  2.181811e+01,  1.528580e+01
  2.719567e+01,  3.474415e+02
  2.140247e+01,  3.549876e+02
  5.646470e+00,  3.949516e+01
  1.014287e+01,  1.713020e+02
  1.026083e+01,  2.130697e+02
  7.860647e+00,  3.224880e+02
  1.979137e+01,  3.320934e+01
  2.780908e+01,  5.393644e+01
  2.398536e+01,  3.664012e+01
  1.829457e+01,  3.584252e+02
  1.642603e+01,  3.418009e+02
  1.956006e+01,  3.712834e+00
  1.665097e+01,  3.066208e+01
  3.948077e+00,  1.365685e+02
  1.876794e+01,  2.198945e+02
  1.978319e+01,  2.371826e+02
  5.840919e+00,  2.372373e+02
  8.187115e+00,  7.916767e+01
  1.798504e+01,  6.874153e+01
  2.353106e+01,  5.470658e+01
  1.914372e+01,  4.851115e+01
  4.496224e+00,  6.215523e+01
  3.500016e+00,  1.777660e+02
  5.073946e+00,  8.023101e+01
  1.833612e+01,  5.907530e+01
  2.421471e+01,  4.925012e+01
  1.780899e+01,  2.652843e+01
  9.132770e+00,  3.044604e+02
  1.895071e+01,  2.429727e+02
  2.217113e+01,  2.104881e+02
  2.346652e+01,  1.574929e+02
  3.191413e+01,  1.182792e+02
  3.233539e+01,  9.172888e+01
  2.665319e+01,  5.691738e+01
  2.322748e+01,  2.138283e+01
  1.803656e+01,  3.543268e+02
  1.170637e+01,  3.178079e+02
  8.917831e+00,  2.867970e+02
  4.022602e+00,  3.102032e+02
  8.426024e+00,  4.078181e+01
  1.744773e+01,  4.860154e+01
  2.162564e+01,  5.081064e+01
  1.910919e+01,  7.455817e+01
  1.682096e+01,  1.360952e+02
  2.271223e+01,  1.932695e+02
  2.257770e+01,  2.240577e+02
  1.141765e+01,  2.425214e+02
  8.086859e-01,  3.722386e+01
  7.159921e+00,  9.182948e+01
  1.137043e+01,  1.253715e+02
  1.344056e+01,  1.578701e+02
  1.148619e+01,  1.861845e+02
  4.205284e+00,  2.320435e+02
  1.020475e+01,  3.453042e+02
  2.062601e+01,  3.583502e+02
  2.384389e+01,  3.481753e+02
  2.104003e+01,  3.225340e+02
  1.528584e+01,  2.806595e+02
  1.248186e+01,  2.283087e+02
  8.002807e+00,  1.902230e+02
  2.923356e+00,  5.068061e+01
  1.178315e+01,  1.431754e+01
  9.369623e+00,  5.316667e+00
  2.024075e+00,  2.373936e+02
  8.263364e+00,  2.325175e+02
  1.717802e+01,  3.201216e+02
  4.368042e+01,  3.419492e+02
  5.644284e+01,  3.254955e+02
  5.434266e+01,  3.034030e+02
  4.167868e+01,  2.884780e+02
  1.445492e+01,  3.274438e+02
  1.857342e+01,  5.260904e+01
  1.219313e+01,  6.295402e+01
  8.575433e+00,  2.571546e+02
  2.614422e+01,  2.569168e+02
  2.626284e+01,  2.525400e+02
  1.082019e+01,  2.209561e+02
  1.652230e+01,  1.106833e+02
  2.667187e+01,  9.798963e+01
  1.761568e+01,  8.234185e+01
  9.346145e+00,  3.430038e+02
  1.635645e+01,  2.985269e+02
  1.206239e+01,  2.535121e+02
  1.569939e+01,  1.859445e+02
  2.232272e+01,  1.615012e+02
  1.877298e+01,  1.416769e+02
  1.279282e+01,  9.562591e+01
  1.497120e+01,  4.786180e+01
  1.657695e+01,  1.936277e+01
  1.386332e+01,  3.583197e+02
  5.646452e+00,  3.215350e+02
  8.131172e+00,  2.223260e+02
  1.165527e+01,  2.097727e+02
  4.996084e+00,  1.216896e+02
  4.752697e-01,  3.222430e+02
##END=