##TITLE= twqubit_C57180_C_25000_NoBufferfix9
##JCAMP-DX= 5.00 Bruker JCAMP library
##DATA TYPE= Shape Data
##ORIGIN= Colm Fixed Pulses 
##OWNER= d29lu
##DATE= 18-May-2015
##TIME= 17:39
##MINX= 3.117968e-01
##MAXX= 3.106507e+01
##MINY= 4.111795e-01
##MAXY= 3.598377e+02
##$SHAPE_EXMODE= None
##$SHAPE_TOTROT= 9.000000e+01
##$SHAPE_BWFAC= 1.000000e+00
##$SHAPE_INTEGFAC= 1.000000e+00
##$SHAPE_MODE= 1
##NPOINTS= 200
##XYPOINTS= (XY..XY)
  4.430995e-01,  3.414883e+02
  6.693532e+00,  4.721556e+01
  9.791983e+00,  6.741234e+01
  3.677259e+00,  2.026047e+02
  1.660667e+01,  2.634477e+02
  2.143679e+01,  2.864465e+02
  1.508608e+01,  3.097533e+02
  4.643314e+00,  3.520707e+01
  1.387358e+01,  1.180743e+02
  1.739294e+01,  1.342233e+02
  1.238292e+01,  1.328974e+02
  6.201390e+00,  9.989046e+01
  5.841916e+00,  6.167146e+01
  2.384800e+00,  5.470675e+01
  4.939276e+00,  2.520624e+02
  1.239508e+01,  2.645971e+02
  1.193204e+01,  2.814630e+02
  3.104219e+00,  2.904323e+02
  9.147029e+00,  1.571876e+02
  1.905607e+01,  1.764391e+02
  1.688240e+01,  2.004221e+02
  1.039869e+01,  2.798756e+02
  2.374154e+01,  3.428995e+02
  2.956792e+01,  3.598377e+02
  2.096194e+01,  4.701028e+00
  4.538518e+00,  3.341298e+02
  8.104031e+00,  2.170209e+02
  8.480387e+00,  1.974488e+02
  6.652046e+00,  1.331699e+02
  1.078728e+01,  1.062635e+02
  7.517015e+00,  1.200632e+02
  5.167791e+00,  2.237178e+02
  1.204832e+01,  2.720801e+02
  1.076606e+01,  3.048977e+02
  8.298562e+00,  2.416592e+01
  1.528745e+01,  7.686925e+01
  1.476018e+01,  9.375075e+01
  4.245033e+00,  9.854808e+01
  5.486646e+00,  2.844460e+02
  8.360051e+00,  2.806268e+02
  4.469409e+00,  2.246382e+02
  9.914379e+00,  1.635889e+02
  1.093956e+01,  1.523235e+02
  2.029743e+00,  1.206430e+02
  1.054415e+01,  3.433685e+02
  1.814360e+01,  3.417856e+02
  1.529984e+01,  3.422104e+02
  5.398509e+00,  1.217045e+01
  1.083787e+01,  1.077868e+02
  1.825429e+01,  1.244410e+02
  1.479840e+01,  1.414811e+02
  6.644855e+00,  2.178403e+02
  1.585925e+01,  2.917631e+02
  1.748405e+01,  3.168552e+02
  7.179371e+00,  1.184376e+01
  1.834853e+01,  1.186415e+02
  3.106507e+01,  1.367082e+02
  3.010745e+01,  1.397451e+02
  1.615230e+01,  1.374206e+02
  2.581698e+00,  3.319335e+02
  1.554124e+01,  3.253099e+02
  1.613012e+01,  3.213515e+02
  1.022380e+01,  2.940512e+02
  1.073461e+01,  2.533834e+02
  1.188899e+01,  2.507866e+02
  7.324550e+00,  2.680186e+02
  1.937922e+00,  5.014042e+00
  8.182011e+00,  8.646035e+01
  1.408519e+01,  1.091442e+02
  1.499792e+01,  1.213192e+02
  9.584242e+00,  1.271864e+02
  4.834960e-01,  1.109019e+02
  7.710216e+00,  3.131534e+02
  1.250797e+01,  3.018319e+02
  1.315915e+01,  2.846401e+02
  1.070999e+01,  2.678688e+02
  5.463340e+00,  2.491750e+02
  1.115189e+00,  1.557479e+02
  4.885770e+00,  7.890448e+01
  7.063203e+00,  6.619908e+01
  6.395843e+00,  5.499790e+01
  4.585040e+00,  3.600126e+01
  3.255698e+00,  8.312620e+00
  2.636938e+00,  3.385417e+02
  2.042370e+00,  3.222824e+02
  3.117968e-01,  3.451203e+02
  3.371024e+00,  1.384605e+02
  8.670581e+00,  1.460867e+02
  1.161104e+01,  1.608543e+02
  9.555643e+00,  1.924392e+02
  8.358128e+00,  2.629521e+02
  1.250068e+01,  3.205712e+02
  1.208989e+01,  4.111795e-01
  8.297343e+00,  6.769464e+01
  1.304571e+01,  1.397393e+02
  1.541468e+01,  1.747249e+02
  9.997079e+00,  2.118000e+02
  8.488598e+00,  2.934918e+02
  1.367990e+01,  3.321328e+02
  1.270815e+01,  3.372285e+02
  7.455824e+00,  3.205518e+02
  2.551919e+00,  2.917667e+02
  3.289751e+00,  1.022466e+02
  1.303691e+01,  9.818776e+01
  1.918090e+01,  1.036773e+02
  1.706616e+01,  1.162836e+02
  8.896701e+00,  1.459135e+02
  5.094017e+00,  2.217454e+02
  3.648780e+00,  2.720377e+02
  2.122425e+00,  7.869949e+01
  8.722950e+00,  1.152843e+02
  9.986297e+00,  1.465100e+02
  8.422082e+00,  2.033083e+02
  1.160468e+01,  2.562933e+02
  1.150236e+01,  2.755054e+02
  5.016783e+00,  2.594440e+02
  5.656298e+00,  1.748679e+02
  7.659472e+00,  1.708361e+02
  2.443297e+00,  2.215697e+02
  8.643880e+00,  3.315892e+02
  1.483189e+01,  3.526546e+02
  1.299439e+01,  1.027976e+01
  7.508681e+00,  4.543247e+01
  6.341339e+00,  9.615263e+01
  4.598582e+00,  1.045052e+02
  3.167136e+00,  2.193386e+01
  8.687473e+00,  3.502054e+02
  9.957844e+00,  3.497562e+02
  4.678792e+00,  4.147083e+00
  4.245369e+00,  1.161329e+02
  1.087660e+01,  1.296736e+02
  1.501527e+01,  1.208394e+02
  1.766186e+01,  1.096467e+02
  1.724033e+01,  1.066432e+02
  1.110213e+01,  1.164082e+02
  4.726849e+00,  1.929724e+02
  1.245666e+01,  2.571500e+02
  1.757032e+01,  2.693772e+02
  1.584778e+01,  2.669066e+02
  9.256941e+00,  2.483551e+02
  5.516685e+00,  1.897000e+02
  7.552787e+00,  1.569373e+02
  5.472809e+00,  1.502007e+02
  9.877673e-01,  4.727209e+01
  8.133582e+00,  1.552094e+00
  1.364965e+01,  1.129417e+01
  1.385154e+01,  2.349194e+01
  8.512307e+00,  4.266005e+01
  4.768108e+00,  1.321012e+02
  1.368577e+01,  1.833333e+02
  2.022584e+01,  1.939679e+02
  2.058226e+01,  1.932874e+02
  1.584867e+01,  1.833296e+02
  9.461518e+00,  1.600785e+02
  4.988848e+00,  1.330439e+02
  1.681006e+00,  1.862489e+02
  8.811761e+00,  2.466531e+02
  1.782291e+01,  2.551346e+02
  2.104507e+01,  2.592858e+02
  1.673765e+01,  2.643919e+02
  8.254895e+00,  2.771002e+02
  3.373820e+00,  3.207541e+02
  2.072687e+00,  3.194055e+02
  5.101476e+00,  2.462878e+02
  1.171386e+01,  2.319545e+02
  1.506887e+01,  2.284891e+02
  1.279601e+01,  2.309359e+02
  6.769900e+00,  2.585511e+02
  8.906114e+00,  3.318835e+02
  1.593862e+01,  3.583048e+02
  1.698056e+01,  1.521556e+01
  1.159073e+01,  3.792590e+01
  4.653411e+00,  8.399188e+01
  3.553019e+00,  1.750417e+02
  4.556593e+00,  2.153006e+02
  3.816980e+00,  2.303284e+02
  2.538092e+00,  2.225733e+02
  2.227667e+00,  1.952658e+02
  1.969562e+00,  1.735096e+02
  1.173338e+00,  1.108761e+02
  3.835999e+00,  4.461561e+01
  7.698725e+00,  3.465312e+01
  9.091875e+00,  3.001609e+01
  6.014681e+00,  1.868472e+01
  2.117176e+00,  2.898280e+02
  8.827756e+00,  2.345598e+02
  1.324254e+01,  2.306055e+02
  1.020911e+01,  2.252169e+02
  3.105247e+00,  1.757683e+02
  7.510529e+00,  9.671573e+01
  9.160373e+00,  8.900846e+01
  3.393306e+00,  5.435950e+01
  8.552714e+00,  3.215247e+02
  1.511879e+01,  3.233307e+02
  1.279537e+01,  3.277823e+02
  3.577697e+00,  3.025367e+02
  8.017744e+00,  2.031316e+02
  1.174314e+01,  2.155067e+02
  4.516588e+00,  2.777206e+02
  7.021089e-01,  1.380540e+00
##END=