##TITLE= twqubit_C23456180_C_25000_NoBufferfix1
##JCAMP-DX= 5.00 Bruker JCAMP library
##DATA TYPE= Shape Data
##ORIGIN= Colm Fixed Pulses 
##OWNER= d29lu
##DATE= 18-May-2015
##TIME= 17:59
##MINX= 4.119210e-01
##MAXX= 3.584620e+01
##MINY= 3.103090e+00
##MAXY= 3.591992e+02
##$SHAPE_EXMODE= None
##$SHAPE_TOTROT= 9.000000e+01
##$SHAPE_BWFAC= 1.000000e+00
##$SHAPE_INTEGFAC= 1.000000e+00
##$SHAPE_MODE= 1
##NPOINTS= 200
##XYPOINTS= (XY..XY)
  4.119210e-01,  2.955625e+02
  7.395660e+00,  3.356832e+02
  1.476762e+01,  3.358332e+02
  1.028511e+01,  3.234365e+02
  5.329986e+00,  3.236832e+02
  7.422294e+00,  1.904973e+01
  1.533782e+01,  4.017740e+01
  1.824043e+01,  4.622144e+01
  1.305077e+01,  5.237099e+01
  4.763796e+00,  9.868247e+01
  1.204454e+01,  1.700338e+02
  2.158188e+01,  1.751156e+02
  2.629284e+01,  1.744446e+02
  2.459669e+01,  1.781528e+02
  1.568259e+01,  1.855001e+02
  1.098122e+00,  2.284437e+02
  1.171713e+01,  1.810823e+01
  1.806870e+01,  3.852615e+01
  1.644617e+01,  6.951990e+01
  1.642810e+01,  1.271912e+02
  2.474433e+01,  1.702697e+02
  2.879073e+01,  1.895284e+02
  2.141470e+01,  1.990182e+02
  5.387422e+00,  1.972633e+02
  5.316267e+00,  2.369016e+01
  5.875704e+00,  1.437665e+01
  3.178265e+00,  2.649207e+02
  1.005343e+01,  2.299809e+02
  9.593689e+00,  2.189166e+02
  2.215228e+00,  1.826194e+02
  5.411811e+00,  3.637275e+01
  1.013467e+01,  5.944327e+00
  1.290070e+01,  3.336774e+02
  1.334176e+01,  3.098671e+02
  6.907670e+00,  2.926023e+02
  3.977481e+00,  1.147148e+02
  1.437305e+01,  1.126538e+02
  1.476593e+01,  1.116724e+02
  4.434586e+00,  1.157691e+02
  8.526058e+00,  2.790502e+02
  1.727234e+01,  2.885016e+02
  1.551627e+01,  2.941837e+02
  6.215948e+00,  3.106808e+02
  3.657100e+00,  7.882940e+01
  6.042214e+00,  1.233799e+02
  3.877870e+00,  2.085347e+02
  1.201057e+01,  2.842842e+02
  2.024347e+01,  3.110965e+02
  2.199129e+01,  3.251581e+02
  1.671069e+01,  3.360901e+02
  6.935205e+00,  3.581060e+02
  3.405546e+00,  9.551194e+01
  3.910735e+00,  1.399150e+02
  1.380287e+00,  2.382193e+02
  6.737225e+00,  2.871144e+02
  1.280864e+01,  2.832278e+02
  1.910011e+01,  2.763245e+02
  2.290332e+01,  2.802025e+02
  2.205910e+01,  2.979520e+02
  2.049898e+01,  3.281016e+02
  1.981606e+01,  3.565411e+02
  1.511299e+01,  2.263910e+01
  9.931114e+00,  8.263715e+01
  1.746088e+01,  1.438872e+02
  2.211595e+01,  1.761733e+02
  1.977484e+01,  2.261784e+02
  2.467748e+01,  2.920189e+02
  2.914022e+01,  3.365804e+02
  2.317945e+01,  2.860590e+01
  2.440085e+01,  1.049746e+02
  2.980568e+01,  1.502901e+02
  2.153178e+01,  1.816863e+02
  9.034673e+00,  2.501875e+02
  1.317578e+01,  3.124715e+02
  1.047944e+01,  2.966055e+02
  1.319975e+01,  2.399423e+02
  1.768596e+01,  2.272633e+02
  1.129448e+01,  2.359822e+02
  5.649467e+00,  3.278352e+02
  1.302135e+01,  1.143140e+01
  1.170237e+01,  1.640080e+01
  3.506725e+00,  3.103090e+00
  2.656063e+00,  2.310320e+02
  2.682353e+00,  2.370223e+02
  3.154407e+00,  3.572167e+02
  9.229286e+00,  2.089535e+01
  1.015107e+01,  2.924975e+01
  5.202708e+00,  5.506129e+01
  7.159539e+00,  1.479083e+02
  1.446371e+01,  1.727094e+02
  1.557245e+01,  1.824593e+02
  1.037904e+01,  1.969573e+02
  5.295289e+00,  2.455121e+02
  5.421842e+00,  2.910598e+02
  3.468543e+00,  2.845776e+02
  3.292211e+00,  2.228985e+02
  4.676106e+00,  2.175891e+02
  4.493033e+00,  2.632259e+02
  7.859076e+00,  3.098163e+02
  9.871393e+00,  3.251685e+02
  5.440095e+00,  3.170893e+02
  5.745962e+00,  2.069828e+02
  1.665921e+01,  2.035078e+02
  2.200292e+01,  2.145596e+02
  2.220751e+01,  2.337236e+02
  2.278149e+01,  2.624498e+02
  2.569795e+01,  2.903872e+02
  2.643577e+01,  3.137783e+02
  2.243187e+01,  3.422017e+02
  1.679104e+01,  2.899442e+01
  1.609365e+01,  9.253065e+01
  1.818502e+01,  1.452957e+02
  1.768356e+01,  1.911188e+02
  1.653312e+01,  2.406151e+02
  1.674980e+01,  2.835808e+02
  1.426841e+01,  3.151227e+02
  9.780710e+00,  3.544883e+02
  1.052363e+01,  4.302224e+01
  1.255088e+01,  6.362522e+01
  9.659781e+00,  7.511710e+01
  4.140009e+00,  1.440981e+02
  1.360003e+01,  2.141979e+02
  2.198740e+01,  2.263346e+02
  2.236438e+01,  2.315668e+02
  1.510214e+01,  2.421219e+02
  6.011386e+00,  2.892086e+02
  8.334602e+00,  1.002594e+01
  1.077690e+01,  3.920547e+01
  8.612089e+00,  5.741878e+01
  2.824298e+00,  7.008766e+01
  4.853498e+00,  2.663763e+02
  1.483475e+01,  2.794045e+02
  1.959305e+01,  2.901828e+02
  1.455967e+01,  3.071224e+02
  5.885044e+00,  3.897149e+01
  1.976189e+01,  1.087155e+02
  2.520856e+01,  1.288443e+02
  1.588715e+01,  1.477240e+02
  3.734827e+00,  2.895597e+02
  1.836834e+01,  3.445785e+02
  2.006289e+01,  1.315405e+01
  1.701868e+01,  6.706667e+01
  2.462698e+01,  1.142774e+02
  3.044123e+01,  1.268531e+02
  2.894168e+01,  1.304740e+02
  2.304794e+01,  1.452983e+02
  2.229417e+01,  1.869648e+02
  3.022360e+01,  2.230263e+02
  3.291119e+01,  2.500328e+02
  2.598183e+01,  2.923819e+02
  2.706023e+01,  3.690039e+00
  3.584620e+01,  4.937353e+01
  3.213786e+01,  8.677436e+01
  2.721608e+01,  1.406384e+02
  3.206980e+01,  1.711721e+02
  3.222774e+01,  1.678069e+02
  2.631270e+01,  1.534867e+02
  1.543403e+01,  1.304613e+02
  7.565443e+00,  7.230835e+01
  7.530738e+00,  1.803523e+01
  5.874353e+00,  3.591992e+02
  3.726797e+00,  4.037766e+01
  1.053518e+01,  8.125307e+01
  1.924803e+01,  8.792590e+01
  2.259553e+01,  9.328709e+01
  1.880711e+01,  1.049210e+02
  1.185039e+01,  1.225987e+02
  5.785517e+00,  1.288283e+02
  4.567315e+00,  7.721936e+01
  9.047737e+00,  7.005307e+01
  1.067492e+01,  9.772680e+01
  1.155894e+01,  1.470074e+02
  1.227059e+01,  1.894444e+02
  5.120836e+00,  2.425795e+02
  1.445848e+01,  1.638942e+01
  2.949034e+01,  4.719327e+01
  3.200134e+01,  7.473709e+01
  2.562852e+01,  1.199339e+02
  2.513351e+01,  1.765531e+02
  2.312164e+01,  2.074845e+02
  9.535248e+00,  1.983226e+02
  1.407494e+01,  1.062003e+02
  2.510445e+01,  1.139217e+02
  2.459137e+01,  1.386739e+02
  1.903060e+01,  1.827036e+02
  1.912574e+01,  2.338710e+02
  1.866605e+01,  2.594848e+02
  1.158592e+01,  2.642486e+02
  3.659453e+00,  2.337450e+02
  2.637304e+00,  1.865496e+02
  2.775630e+00,  2.424269e+02
  4.916044e+00,  2.857099e+02
  3.196962e+00,  3.293832e+02
  6.782705e+00,  7.109824e+01
  1.427288e+01,  9.228797e+01
  1.373017e+01,  8.974433e+01
  8.195467e+00,  3.381121e+01
  2.005459e+01,  3.450699e+02
  1.096558e+01,  3.493457e+02
  1.323798e+00,  1.372556e+02
##END=