##TITLE= twqubit_C790_C_25000_NoBufferfix2
##JCAMP-DX= 5.00 Bruker JCAMP library
##DATA TYPE= Shape Data
##ORIGIN= Colm Fixed Pulses 
##OWNER= d29lu
##DATE= 18-May-2015
##TIME= 16:46
##MINX= 1.176824e+00
##MAXX= 4.350452e+01
##MINY= 3.168031e+00
##MAXY= 3.573549e+02
##$SHAPE_EXMODE= None
##$SHAPE_TOTROT= 9.000000e+01
##$SHAPE_BWFAC= 1.000000e+00
##$SHAPE_INTEGFAC= 1.000000e+00
##$SHAPE_MODE= 1
##NPOINTS= 100
##XYPOINTS= (XY..XY)
  1.176824e+00,  2.953996e+01
  4.970109e+00,  1.442243e+02
  1.500383e+01,  1.887128e+02
  1.959093e+01,  2.490458e+02
  2.387204e+01,  3.117208e+02
  2.247591e+01,  3.168031e+00
  1.172579e+01,  6.439119e+01
  2.042638e+01,  1.769453e+02
  3.608735e+01,  1.960004e+02
  4.178604e+01,  1.768224e+02
  4.350452e+01,  1.603494e+02
  2.114714e+01,  1.792675e+02
  2.110680e+01,  3.020157e+02
  2.924115e+01,  3.316370e+02
  9.158107e+00,  5.043043e+00
  2.162644e+01,  1.646304e+02
  3.364582e+01,  1.788522e+02
  2.331160e+01,  1.658569e+02
  1.420995e+01,  9.964623e+01
  2.517826e+01,  6.124508e+01
  2.878358e+01,  4.162830e+01
  1.888025e+01,  3.573050e+02
  1.216923e+01,  2.683171e+02
  2.058079e+01,  1.872888e+02
  3.005340e+01,  1.453289e+02
  2.951430e+01,  1.182539e+02
  1.141237e+01,  1.025822e+02
  1.291802e+01,  2.823578e+02
  2.170365e+01,  2.793606e+02
  7.687096e+00,  2.535270e+02
  1.207860e+01,  1.104555e+02
  1.743660e+01,  8.613246e+01
  1.841036e+01,  3.494622e+01
  2.591431e+01,  7.258558e+00
  2.301491e+01,  7.493753e+00
  1.195620e+01,  4.293032e+01
  1.200346e+01,  1.136367e+02
  1.073558e+01,  1.539863e+02
  7.965639e+00,  2.083599e+02
  3.960001e+00,  2.070169e+02
  1.206411e+01,  1.196093e+02
  1.839283e+01,  1.210063e+02
  5.774512e+00,  7.940922e+01
  2.582859e+01,  3.480515e+02
  3.714936e+01,  4.730144e+00
  2.306065e+01,  6.537309e+01
  2.820077e+01,  1.713329e+02
  3.426407e+01,  2.230885e+02
  1.313317e+01,  2.540040e+02
  1.987659e+01,  6.640371e+01
  2.918258e+01,  7.606381e+01
  1.082672e+01,  4.634808e+01
  1.664546e+01,  2.776745e+02
  2.233746e+01,  2.384315e+02
  2.379850e+01,  1.863938e+02
  2.652524e+01,  1.467879e+02
  1.841439e+01,  1.002891e+02
  2.187371e+01,  1.853535e+01
  3.296207e+01,  3.485266e+02
  2.976515e+01,  3.345265e+02
  1.506686e+01,  3.149988e+02
  3.043030e+00,  2.209177e+02
  8.120961e+00,  1.036198e+02
  1.667589e+01,  7.891291e+01
  1.272829e+01,  8.009646e+01
  6.111782e+00,  2.282099e+02
  2.480064e+01,  2.570414e+02
  2.249681e+01,  2.727681e+02
  2.889866e+00,  3.883901e+01
  2.609690e+01,  1.127439e+02
  2.893815e+01,  1.268490e+02
  1.169304e+01,  1.204179e+02
  1.171380e+01,  1.037132e+01
  1.738556e+01,  1.474119e+01
  3.167658e+00,  3.233300e+01
  1.603007e+01,  2.178475e+02
  2.069116e+01,  2.483406e+02
  1.021628e+01,  3.325636e+02
  2.344296e+01,  8.353516e+01
  3.296767e+01,  1.242574e+02
  2.123646e+01,  1.229423e+02
  1.607493e+01,  4.065773e+01
  2.565584e+01,  7.709224e+00
  2.527901e+01,  3.367413e+02
  2.401675e+01,  2.779760e+02
  2.599596e+01,  2.400297e+02
  1.214271e+01,  2.181434e+02
  1.028019e+01,  3.337400e+01
  2.489672e+01,  1.975085e+01
  2.181509e+01,  3.573549e+02
  8.863797e+00,  3.050264e+02
  1.326789e+01,  1.886030e+02
  2.774427e+01,  1.566163e+02
  3.619635e+01,  1.318740e+02
  4.008488e+01,  1.127677e+02
  3.605585e+01,  1.079323e+02
  1.871832e+01,  1.071847e+02
  6.386142e+00,  3.001025e+02
  9.926938e+00,  3.285292e+02
  3.492716e+00,  6.200138e+01
##END=