##TITLE= twqubit_C27180_C_25000_NoBufferfix9
##JCAMP-DX= 5.00 Bruker JCAMP library
##DATA TYPE= Shape Data
##ORIGIN= Colm Fixed Pulses 
##OWNER= d29lu
##DATE= 18-May-2015
##TIME= 18:5
##MINX= 2.733346e-01
##MAXX= 2.817150e+01
##MINY= 9.382349e-01
##MAXY= 3.576371e+02
##$SHAPE_EXMODE= None
##$SHAPE_TOTROT= 9.000000e+01
##$SHAPE_BWFAC= 1.000000e+00
##$SHAPE_INTEGFAC= 1.000000e+00
##$SHAPE_MODE= 1
##NPOINTS= 200
##XYPOINTS= (XY..XY)
  3.072037e-01,  3.030728e+02
  4.851059e+00,  3.426638e+02
  1.256928e+01,  9.848340e+00
  1.448711e+01,  3.432109e+01
  1.049688e+01,  4.507969e+01
  5.531003e+00,  4.655167e+01
  1.594392e+00,  5.835108e+01
  1.698094e+00,  2.039232e+02
  4.406154e+00,  2.207149e+02
  3.324846e+00,  2.323232e+02
  1.317207e+00,  5.908374e+01
  9.471243e+00,  7.691267e+01
  1.628204e+01,  9.929844e+01
  1.779670e+01,  1.192899e+02
  1.488475e+01,  1.364625e+02
  1.152575e+01,  1.523374e+02
  9.925642e+00,  1.646613e+02
  8.801072e+00,  1.595154e+02
  1.005023e+01,  1.323333e+02
  1.550179e+01,  1.236563e+02
  1.726882e+01,  1.394843e+02
  1.198549e+01,  1.787779e+02
  1.036278e+01,  2.639863e+02
  1.632008e+01,  3.160291e+02
  1.513861e+01,  3.367070e+02
  6.149683e+00,  3.433216e+02
  1.878003e+00,  1.557567e+02
  6.767783e+00,  1.388225e+02
  9.562327e+00,  1.059397e+02
  1.316095e+01,  7.652642e+01
  1.618784e+01,  6.128574e+01
  1.590910e+01,  5.974977e+01
  1.179459e+01,  6.827657e+01
  5.613805e+00,  8.399358e+01
  2.733346e-01,  3.171748e+01
  4.700578e+00,  3.147737e+02
  5.866805e+00,  3.360697e+02
  1.705452e+00,  5.169213e+01
  9.048045e+00,  1.544605e+02
  1.592289e+01,  1.679657e+02
  1.347425e+01,  1.544262e+02
  1.197080e+01,  8.872885e+01
  2.248992e+01,  6.048902e+01
  2.405346e+01,  5.925196e+01
  1.172036e+01,  5.755046e+01
  4.788328e+00,  2.595050e+02
  1.444973e+01,  2.564787e+02
  1.084083e+01,  2.510592e+02
  5.017084e+00,  1.667578e+02
  1.422838e+01,  1.378577e+02
  1.524922e+01,  1.491474e+02
  8.776928e+00,  1.867854e+02
  8.808648e+00,  2.646235e+02
  1.177227e+01,  3.009129e+02
  1.009477e+01,  3.183906e+02
  7.071367e+00,  3.343660e+02
  6.788068e+00,  3.563526e+02
  9.439003e+00,  1.747742e+01
  1.214859e+01,  3.960603e+01
  1.303601e+01,  6.929825e+01
  1.349760e+01,  1.052877e+02
  1.341402e+01,  1.339194e+02
  9.338998e+00,  1.479211e+02
  2.733028e+00,  1.290112e+02
  4.993459e+00,  5.701887e+01
  8.742559e+00,  8.518646e+01
  1.274498e+01,  1.361947e+02
  1.945966e+01,  1.772933e+02
  2.348081e+01,  1.992184e+02
  2.033951e+01,  2.050409e+02
  1.234762e+01,  1.914570e+02
  6.873258e+00,  1.594513e+02
  4.729337e+00,  1.538089e+02
  4.350823e+00,  2.087233e+02
  6.494083e+00,  2.505832e+02
  4.011280e+00,  2.825664e+02
  4.399065e+00,  7.329461e+01
  1.523304e+01,  1.134039e+02
  2.267518e+01,  1.459941e+02
  2.647930e+01,  1.852062e+02
  2.817150e+01,  2.264095e+02
  2.546320e+01,  2.640308e+02
  1.694967e+01,  3.026502e+02
  9.085420e+00,  4.331780e+00
  9.449992e+00,  6.024074e+01
  7.944174e+00,  6.409344e+01
  6.079145e+00,  3.583778e+01
  4.062271e+00,  1.635622e+01
  9.546004e-01,  2.287091e+02
  7.194321e+00,  2.105740e+02
  8.502371e+00,  2.252331e+02
  4.239702e+00,  2.814046e+02
  8.231111e+00,  1.083681e+01
  1.187703e+01,  4.314450e+01
  8.205936e+00,  7.951804e+01
  7.010981e+00,  1.668014e+02
  1.221214e+01,  2.139248e+02
  1.070292e+01,  2.372942e+02
  4.064508e+00,  3.027904e+02
  1.107558e+01,  2.462123e+01
  1.594983e+01,  3.452491e+01
  1.143662e+01,  1.869863e+01
  7.497776e+00,  3.004300e+02
  1.655739e+01,  2.625244e+02
  1.974625e+01,  2.576358e+02
  1.369394e+01,  2.590594e+02
  3.259668e+00,  2.790607e+02
  3.790497e+00,  4.610074e+01
  3.866738e+00,  4.212402e+01
  3.763264e+00,  3.078749e+02
  1.121141e+01,  2.864685e+02
  1.559886e+01,  2.913370e+02
  1.602075e+01,  3.034284e+02
  1.553858e+01,  3.179897e+02
  1.438314e+01,  3.238541e+02
  1.122167e+01,  3.148228e+02
  7.604139e+00,  2.867553e+02
  6.710856e+00,  2.457294e+02
  7.533815e+00,  2.202399e+02
  7.655861e+00,  2.150978e+02
  7.346507e+00,  2.297707e+02
  8.704296e+00,  2.565367e+02
  1.195045e+01,  2.781150e+02
  1.511453e+01,  2.925952e+02
  1.694779e+01,  3.018615e+02
  1.743302e+01,  3.080363e+02
  1.657841e+01,  3.126302e+02
  1.332793e+01,  3.148259e+02
  7.120484e+00,  3.099535e+02
  1.476929e+00,  2.647562e+02
  3.176860e+00,  1.742943e+02
  3.934000e+00,  1.704826e+02
  2.507586e+00,  1.926968e+02
  3.223981e+00,  2.525316e+02
  7.100088e+00,  2.705930e+02
  1.111824e+01,  2.778112e+02
  1.204984e+01,  2.808970e+02
  7.336299e+00,  2.787812e+02
  6.045055e-01,  5.258208e+01
  7.958226e+00,  8.175006e+01
  1.059629e+01,  7.738895e+01
  5.833546e+00,  5.105293e+01
  6.507144e+00,  3.122617e+02
  1.425004e+01,  3.012313e+02
  1.465465e+01,  3.173439e+02
  8.515724e+00,  3.576371e+02
  6.290489e+00,  9.932620e+01
  1.174028e+01,  1.698793e+02
  1.267404e+01,  2.163836e+02
  5.965195e+00,  2.791923e+02
  1.146799e+01,  4.495066e+01
  2.210392e+01,  7.907481e+01
  2.203411e+01,  8.220915e+01
  1.553404e+01,  4.902816e+01
  1.643433e+01,  3.568012e+02
  1.812568e+01,  3.315101e+02
  1.195878e+01,  3.092013e+02
  5.394717e+00,  2.206453e+02
  1.397432e+01,  1.645570e+02
  1.797964e+01,  1.517023e+02
  1.326491e+01,  1.455257e+02
  3.449556e+00,  1.338366e+02
  3.206629e+00,  3.267499e+02
  5.113573e+00,  3.179189e+02
  1.488613e+00,  2.352521e+00
  7.409388e+00,  9.517127e+01
  1.508348e+01,  1.003908e+02
  1.588602e+01,  1.011164e+02
  7.891263e+00,  1.035228e+02
  3.585010e+00,  2.517887e+02
  1.332908e+01,  2.670816e+02
  1.503407e+01,  2.637758e+02
  8.904654e+00,  2.411750e+02
  5.358020e+00,  1.735756e+02
  4.554843e+00,  1.401482e+02
  1.846929e+00,  3.444005e+02
  1.075650e+01,  3.354662e+02
  1.241863e+01,  3.468622e+02
  4.615301e+00,  2.504142e+01
  7.799317e+00,  1.497026e+02
  1.212247e+01,  1.818688e+02
  7.479746e+00,  2.164899e+02
  6.154450e+00,  3.101636e+02
  1.102077e+01,  3.482189e+02
  8.564560e+00,  9.382349e-01
  1.322950e+00,  8.984179e+01
  9.891523e+00,  1.668867e+02
  1.453888e+01,  1.749854e+02
  1.123908e+01,  1.738929e+02
  4.825547e+00,  1.673990e+02
  1.796871e+00,  2.075365e+02
  5.440979e+00,  2.428671e+02
  8.629793e+00,  2.464652e+02
  5.338334e+00,  2.476531e+02
  2.640595e+00,  4.693119e+01
  1.234267e+01,  5.652880e+01
  1.584392e+01,  5.721958e+01
  1.095777e+01,  5.460366e+01
  3.627983e+00,  6.485920e+01
  2.853666e-01,  1.710043e+02
##END=