##TITLE= twqubit_C156180_H_25000_NoBufferfix2
##JCAMP-DX= 5.00 Bruker JCAMP library
##DATA TYPE= Shape Data
##ORIGIN= Colm Fixed Pulses 
##OWNER= d29lu
##DATE= 18-May-2015
##TIME= 19:26
##MINX= 2.271426e-01
##MAXX= 2.081295e+01
##MINY= 1.455665e-01
##MAXY= 3.555050e+02
##$SHAPE_EXMODE= None
##$SHAPE_TOTROT= 9.000000e+01
##$SHAPE_BWFAC= 1.000000e+00
##$SHAPE_INTEGFAC= 1.000000e+00
##$SHAPE_MODE= 1
##NPOINTS= 200
##XYPOINTS= (XY..XY)
  2.425456e-01,  9.027978e+01
  5.491102e+00,  2.187805e+02
  1.183325e+01,  2.048906e+02
  1.339019e+01,  1.854934e+02
  1.302298e+01,  1.796612e+02
  1.193768e+01,  1.766916e+02
  1.068828e+01,  1.684230e+02
  9.824697e+00,  1.554136e+02
  9.701501e+00,  1.415699e+02
  1.050201e+01,  1.282354e+02
  1.209540e+01,  1.154769e+02
  1.417454e+01,  1.040678e+02
  1.618640e+01,  9.621636e+01
  1.760304e+01,  9.062167e+01
  1.794694e+01,  8.553718e+01
  1.713450e+01,  7.947131e+01
  1.545154e+01,  7.228473e+01
  1.341405e+01,  6.578610e+01
  1.129654e+01,  6.322287e+01
  9.359933e+00,  6.504645e+01
  7.679318e+00,  7.078364e+01
  6.473711e+00,  8.195514e+01
  6.234232e+00,  9.890889e+01
  7.231321e+00,  1.128313e+02
  8.507197e+00,  1.216411e+02
  9.300877e+00,  1.281346e+02
  9.813131e+00,  1.342884e+02
  1.054722e+01,  1.393646e+02
  1.138720e+01,  1.428125e+02
  1.204888e+01,  1.448719e+02
  1.238702e+01,  1.465385e+02
  1.246401e+01,  1.483799e+02
  1.213396e+01,  1.504205e+02
  1.125273e+01,  1.522430e+02
  1.000826e+01,  1.537552e+02
  8.929645e+00,  1.535460e+02
  8.284608e+00,  1.506879e+02
  8.010634e+00,  1.467701e+02
  8.170197e+00,  1.426230e+02
  8.938523e+00,  1.397294e+02
  1.007253e+01,  1.390210e+02
  1.107330e+01,  1.402416e+02
  1.160890e+01,  1.436417e+02
  1.168549e+01,  1.493189e+02
  1.127343e+01,  1.569289e+02
  1.045268e+01,  1.666413e+02
  9.520127e+00,  1.800795e+02
  8.879704e+00,  1.986656e+02
  9.039127e+00,  2.198112e+02
  1.020974e+01,  2.388176e+02
  1.198149e+01,  2.525551e+02
  1.387652e+01,  2.605931e+02
  1.545796e+01,  2.657980e+02
  1.620135e+01,  2.689510e+02
  1.595729e+01,  2.704805e+02
  1.513905e+01,  2.703040e+02
  1.395115e+01,  2.685325e+02
  1.209352e+01,  2.654357e+02
  9.712670e+00,  2.594180e+02
  7.180437e+00,  2.500154e+02
  4.818330e+00,  2.320674e+02
  3.634989e+00,  1.950322e+02
  4.528000e+00,  1.628741e+02
  6.084533e+00,  1.504282e+02
  7.232874e+00,  1.432366e+02
  7.739971e+00,  1.358934e+02
  7.612765e+00,  1.276153e+02
  6.984166e+00,  1.172518e+02
  6.246633e+00,  1.032935e+02
  5.948358e+00,  8.704295e+01
  6.096536e+00,  7.344124e+01
  6.409791e+00,  6.428555e+01
  6.798635e+00,  6.040198e+01
  7.288883e+00,  6.070172e+01
  7.856606e+00,  6.331559e+01
  8.114208e+00,  6.653246e+01
  7.852310e+00,  7.113407e+01
  7.471200e+00,  7.694316e+01
  7.448502e+00,  8.334173e+01
  7.680939e+00,  8.871739e+01
  7.930225e+00,  9.252756e+01
  8.155873e+00,  9.550692e+01
  8.218973e+00,  9.451046e+01
  7.945747e+00,  8.721232e+01
  7.615922e+00,  7.552743e+01
  7.404222e+00,  6.492149e+01
  7.262859e+00,  5.538783e+01
  7.280261e+00,  4.435068e+01
  7.358940e+00,  3.360714e+01
  7.426921e+00,  2.702015e+01
  7.567024e+00,  2.504236e+01
  7.805692e+00,  2.543563e+01
  7.978832e+00,  2.559336e+01
  8.036043e+00,  2.558890e+01
  8.111534e+00,  2.521344e+01
  8.370268e+00,  2.329015e+01
  8.926462e+00,  2.026039e+01
  9.779871e+00,  1.681984e+01
  1.081105e+01,  1.307067e+01
  1.187208e+01,  9.085531e+00
  1.287993e+01,  5.322873e+00
  1.412520e+01,  3.137079e+00
  1.523673e+01,  2.835102e+00
  1.542093e+01,  3.664884e+00
  1.439574e+01,  4.619013e+00
  1.280341e+01,  5.839747e+00
  1.127509e+01,  7.892137e+00
  9.944194e+00,  1.141594e+01
  8.743070e+00,  1.878772e+01
  7.853756e+00,  3.063995e+01
  7.618371e+00,  4.422144e+01
  8.170330e+00,  5.609150e+01
  9.127453e+00,  6.501281e+01
  9.990177e+00,  7.141077e+01
  1.059685e+01,  7.523701e+01
  1.103863e+01,  7.625916e+01
  1.101440e+01,  7.524782e+01
  9.919783e+00,  7.203833e+01
  7.886292e+00,  6.731724e+01
  6.068032e+00,  6.136501e+01
  5.173881e+00,  5.639140e+01
  4.808095e+00,  5.568998e+01
  4.516582e+00,  5.908385e+01
  4.195469e+00,  6.840012e+01
  4.002522e+00,  8.342296e+01
  3.979138e+00,  9.951713e+01
  4.013382e+00,  1.120915e+02
  4.023936e+00,  1.226495e+02
  4.004487e+00,  1.375258e+02
  4.400119e+00,  1.589415e+02
  5.244057e+00,  1.760652e+02
  5.657889e+00,  1.832496e+02
  5.435002e+00,  1.844343e+02
  5.111870e+00,  1.835892e+02
  4.666555e+00,  1.818815e+02
  3.627071e+00,  1.749221e+02
  2.158802e+00,  1.504863e+02
  1.661929e+00,  7.875421e+01
  3.356174e+00,  3.987325e+01
  5.374260e+00,  3.107261e+01
  6.636079e+00,  2.769085e+01
  6.817670e+00,  2.582734e+01
  6.038550e+00,  2.576000e+01
  4.492132e+00,  2.664391e+01
  2.330911e+00,  3.021448e+01
  5.222661e-01,  1.301197e+02
  2.642022e+00,  1.933611e+02
  4.108904e+00,  1.995461e+02
  4.983778e+00,  2.034247e+02
  5.857739e+00,  2.062475e+02
  7.093494e+00,  2.066337e+02
  8.537980e+00,  2.061537e+02
  9.916553e+00,  2.060870e+02
  1.107594e+01,  2.063334e+02
  1.210526e+01,  2.048897e+02
  1.310402e+01,  2.001035e+02
  1.395550e+01,  1.946345e+02
  1.468889e+01,  1.896426e+02
  1.544018e+01,  1.844509e+02
  1.588470e+01,  1.783928e+02
  1.538361e+01,  1.711739e+02
  1.427915e+01,  1.648477e+02
  1.332709e+01,  1.616335e+02
  1.251831e+01,  1.614630e+02
  1.127452e+01,  1.609469e+02
  9.318712e+00,  1.594287e+02
  7.258110e+00,  1.573786e+02
  5.521649e+00,  1.586319e+02
  3.914070e+00,  1.628238e+02
  1.961190e+00,  1.665263e+02
  6.157791e-01,  3.368269e+02
  3.364909e+00,  3.555050e+02
  5.765392e+00,  1.455665e-01
  7.538661e+00,  5.651721e+00
  8.790679e+00,  1.421756e+01
  9.984753e+00,  2.455666e+01
  1.137463e+01,  3.474882e+01
  1.311131e+01,  4.324060e+01
  1.520015e+01,  5.099825e+01
  1.734468e+01,  5.879793e+01
  1.916401e+01,  6.592944e+01
  2.040617e+01,  7.160289e+01
  2.081295e+01,  7.543470e+01
  2.053913e+01,  7.806445e+01
  2.009659e+01,  7.938871e+01
  1.946534e+01,  7.865923e+01
  1.808874e+01,  7.547056e+01
  1.600366e+01,  6.906586e+01
  1.371670e+01,  6.014480e+01
  1.155843e+01,  4.966591e+01
  9.435202e+00,  3.774166e+01
  7.227418e+00,  2.328576e+01
  5.187659e+00,  6.632485e-01
  3.998541e+00,  3.221752e+02
  4.387754e+00,  2.778160e+02
  6.227092e+00,  2.476912e+02
  8.960934e+00,  2.306078e+02
  1.321754e+01,  2.202621e+02
  9.240980e+00,  2.142613e+02
  2.271426e-01,  2.845333e+02
##END=