##TITLE= twqubit_C6180_H_25000_NoBufferfix3
##JCAMP-DX= 5.00 Bruker JCAMP library
##DATA TYPE= Shape Data
##ORIGIN= Colm Fixed Pulses 
##OWNER= d29lu
##DATE= 18-May-2015
##TIME= 19:5
##MINX= 5.794695e-01
##MAXX= 3.536932e+01
##MINY= 5.869388e+00
##MAXY= 3.591291e+02
##$SHAPE_EXMODE= None
##$SHAPE_TOTROT= 9.000000e+01
##$SHAPE_BWFAC= 1.000000e+00
##$SHAPE_INTEGFAC= 1.000000e+00
##$SHAPE_MODE= 1
##NPOINTS= 200
##XYPOINTS= (XY..XY)
  5.794695e-01,  7.933988e+01
  1.782845e+00,  2.633608e+01
  9.802237e+00,  3.325479e+02
  2.223164e+01,  3.152698e+02
  2.771106e+01,  3.017388e+02
  2.563595e+01,  2.883024e+02
  2.101141e+01,  2.790364e+02
  1.608403e+01,  2.762964e+02
  1.124083e+01,  2.808969e+02
  6.959772e+00,  2.931533e+02
  3.320502e+00,  3.206958e+02
  2.068270e+00,  4.481646e+01
  3.809896e+00,  9.549659e+01
  5.585478e+00,  1.166363e+02
  7.583527e+00,  1.299075e+02
  9.646088e+00,  1.367637e+02
  1.115308e+01,  1.364975e+02
  1.226312e+01,  1.298139e+02
  1.360462e+01,  1.179339e+02
  1.544936e+01,  1.045417e+02
  1.787126e+01,  9.322737e+01
  2.017487e+01,  8.672802e+01
  2.145233e+01,  8.568382e+01
  2.108577e+01,  9.015284e+01
  1.927374e+01,  1.006589e+02
  1.748510e+01,  1.167939e+02
  1.701288e+01,  1.325175e+02
  1.721403e+01,  1.419193e+02
  1.683142e+01,  1.441596e+02
  1.520203e+01,  1.403918e+02
  1.263752e+01,  1.299190e+02
  1.050092e+01,  1.101606e+02
  1.029924e+01,  8.558277e+01
  1.172299e+01,  6.720695e+01
  1.364987e+01,  5.515506e+01
  1.550378e+01,  4.910624e+01
  1.654596e+01,  4.779926e+01
  1.625379e+01,  5.022974e+01
  1.533027e+01,  5.581245e+01
  1.505998e+01,  6.238188e+01
  1.540908e+01,  6.493045e+01
  1.528562e+01,  6.113074e+01
  1.444909e+01,  5.235529e+01
  1.351620e+01,  4.017624e+01
  1.299329e+01,  2.625079e+01
  1.272629e+01,  1.157371e+01
  1.239747e+01,  3.550545e+02
  1.189883e+01,  3.368786e+02
  1.101307e+01,  3.196914e+02
  9.762845e+00,  3.020239e+02
  8.712037e+00,  2.811933e+02
  8.491886e+00,  2.560736e+02
  9.565613e+00,  2.318561e+02
  1.162299e+01,  2.157247e+02
  1.405262e+01,  2.072301e+02
  1.645085e+01,  2.042355e+02
  1.822769e+01,  2.040584e+02
  1.888287e+01,  2.056216e+02
  1.865344e+01,  2.095515e+02
  1.803980e+01,  2.162727e+02
  1.738472e+01,  2.253529e+02
  1.728330e+01,  2.352126e+02
  1.791183e+01,  2.417556e+02
  1.859912e+01,  2.436996e+02
  1.878302e+01,  2.418412e+02
  1.830095e+01,  2.367149e+02
  1.714957e+01,  2.287274e+02
  1.542714e+01,  2.181463e+02
  1.341975e+01,  2.047523e+02
  1.153844e+01,  1.865184e+02
  1.053878e+01,  1.624688e+02
  1.044720e+01,  1.378102e+02
  1.059844e+01,  1.147280e+02
  1.097963e+01,  9.124658e+01
  1.206278e+01,  6.832232e+01
  1.388325e+01,  4.832673e+01
  1.601826e+01,  3.286842e+01
  1.809575e+01,  2.139617e+01
  1.987026e+01,  1.301821e+01
  2.101766e+01,  7.919531e+00
  2.141302e+01,  5.869388e+00
  2.094531e+01,  7.173526e+00
  1.978106e+01,  1.228148e+01
  1.841268e+01,  2.124649e+01
  1.723376e+01,  3.177184e+01
  1.597445e+01,  4.112708e+01
  1.385307e+01,  4.758730e+01
  1.021157e+01,  5.014354e+01
  4.866655e+00,  3.937403e+01
  4.028592e+00,  2.872931e+02
  1.155176e+01,  2.707168e+02
  1.864635e+01,  2.735151e+02
  2.412045e+01,  2.801244e+02
  2.907098e+01,  2.889633e+02
  3.225842e+01,  2.970097e+02
  3.481175e+01,  3.026637e+02
  3.536932e+01,  3.048331e+02
  2.098755e+01,  3.070711e+02
  1.333276e+01,  1.324791e+02
  2.537428e+00,  5.114062e+01
  4.967683e+00,  6.238798e+01
  7.546974e+00,  4.202260e+01
  1.339344e+01,  3.516633e+02
  2.197148e+01,  3.217228e+02
  2.376827e+01,  3.010114e+02
  2.109949e+01,  2.833294e+02
  1.716061e+01,  2.702279e+02
  1.236224e+01,  2.593835e+02
  7.744927e+00,  2.457410e+02
  3.997367e+00,  2.226660e+02
  2.553245e+00,  1.620336e+02
  4.001424e+00,  1.284516e+02
  5.328900e+00,  1.248434e+02
  6.384983e+00,  1.274425e+02
  7.894255e+00,  1.311814e+02
  9.625172e+00,  1.317445e+02
  1.102884e+01,  1.263754e+02
  1.276595e+01,  1.156496e+02
  1.533924e+01,  1.036962e+02
  1.818207e+01,  9.286672e+01
  2.085037e+01,  8.424921e+01
  2.271461e+01,  8.022703e+01
  2.293010e+01,  8.132556e+01
  2.135393e+01,  8.852900e+01
  1.908616e+01,  1.031654e+02
  1.805948e+01,  1.239392e+02
  1.926492e+01,  1.416003e+02
  2.102972e+01,  1.499763e+02
  2.121701e+01,  1.505391e+02
  1.921082e+01,  1.458685e+02
  1.606774e+01,  1.355708e+02
  1.355584e+01,  1.180100e+02
  1.280884e+01,  9.522162e+01
  1.387138e+01,  7.517588e+01
  1.560391e+01,  6.404630e+01
  1.683042e+01,  6.081674e+01
  1.695938e+01,  6.218902e+01
  1.601995e+01,  6.363097e+01
  1.476161e+01,  6.031976e+01
  1.447540e+01,  5.094632e+01
  1.527680e+01,  4.111703e+01
  1.573875e+01,  3.442822e+01
  1.539377e+01,  2.851392e+01
  1.494384e+01,  2.151106e+01
  1.476719e+01,  1.464972e+01
  1.452018e+01,  7.996948e+00
  1.381532e+01,  3.591291e+02
  1.263978e+01,  3.475574e+02
  1.096184e+01,  3.347274e+02
  8.822339e+00,  3.193875e+02
  6.840255e+00,  2.965422e+02
  5.927688e+00,  2.619569e+02
  7.031373e+00,  2.267895e+02
  9.412678e+00,  2.083782e+02
  1.196068e+01,  2.019293e+02
  1.455403e+01,  2.001870e+02
  1.684689e+01,  2.009249e+02
  1.824024e+01,  2.032787e+02
  1.884750e+01,  2.079443e+02
  1.923833e+01,  2.143953e+02
  1.956402e+01,  2.213203e+02
  1.997125e+01,  2.273655e+02
  2.061706e+01,  2.317563e+02
  2.098981e+01,  2.331287e+02
  2.061464e+01,  2.315264e+02
  1.947031e+01,  2.276973e+02
  1.765904e+01,  2.220818e+02
  1.536931e+01,  2.146946e+02
  1.290870e+01,  2.040669e+02
  1.076358e+01,  1.874352e+02
  9.629286e+00,  1.648006e+02
  9.329933e+00,  1.421189e+02
  9.344584e+00,  1.198602e+02
  9.873286e+00,  9.683069e+01
  1.115310e+01,  7.574744e+01
  1.306082e+01,  5.801031e+01
  1.523891e+01,  4.445328e+01
  1.737257e+01,  3.407964e+01
  1.923872e+01,  2.649230e+01
  2.052497e+01,  2.131883e+01
  2.107114e+01,  1.864257e+01
  2.075164e+01,  1.874320e+01
  1.961692e+01,  2.206036e+01
  1.797267e+01,  2.819036e+01
  1.610554e+01,  3.574889e+01
  1.387945e+01,  4.364658e+01
  1.087244e+01,  5.118260e+01
  6.847115e+00,  5.848068e+01
  1.709349e+00,  8.111765e+01
  5.132068e+00,  2.331573e+02
  1.199601e+01,  2.457333e+02
  1.837985e+01,  2.553765e+02
  2.340651e+01,  2.658482e+02
  2.802831e+01,  2.781317e+02
  3.144484e+01,  2.898225e+02
  3.442514e+01,  2.991966e+02
  3.221610e+01,  3.068949e+02
  1.450185e+01,  3.145346e+02
  3.147192e+00,  1.292859e+02
  7.523816e-01,  7.331409e+01
##END=