##TITLE= twqubit_C134690andH90_H_25000_NoBufferfix8
##JCAMP-DX= 5.00 Bruker JCAMP library
##DATA TYPE= Shape Data
##ORIGIN= Colm Fixed Pulses 
##OWNER= d29lu
##DATE= 18-May-2015
##TIME= 18:46
##MINX= 1.151171e+00
##MAXX= 3.267817e+01
##MINY= 1.124036e+00
##MAXY= 3.590591e+02
##$SHAPE_EXMODE= None
##$SHAPE_TOTROT= 9.000000e+01
##$SHAPE_BWFAC= 1.000000e+00
##$SHAPE_INTEGFAC= 1.000000e+00
##$SHAPE_MODE= 1
##NPOINTS= 100
##XYPOINTS= (XY..XY)
  4.547333e+00,  3.782866e+01
  6.670041e+00,  1.269001e+02
  1.957039e+01,  1.512826e+02
  2.655809e+01,  1.556734e+02
  2.829498e+01,  1.591400e+02
  2.765491e+01,  1.627632e+02
  2.498648e+01,  1.647262e+02
  2.091721e+01,  1.644203e+02
  1.633239e+01,  1.643070e+02
  1.133792e+01,  1.656391e+02
  6.158400e+00,  1.696929e+02
  1.151171e+00,  2.113018e+02
  4.788117e+00,  3.289442e+02
  9.065512e+00,  3.339828e+02
  1.213490e+01,  3.344501e+02
  1.421137e+01,  3.323560e+02
  1.571806e+01,  3.302466e+02
  1.682454e+01,  3.285062e+02
  1.737899e+01,  3.268310e+02
  1.738175e+01,  3.242834e+02
  1.700977e+01,  3.209700e+02
  1.646624e+01,  3.175225e+02
  1.585012e+01,  3.141234e+02
  1.517286e+01,  3.100669e+02
  1.460915e+01,  3.041933e+02
  1.449087e+01,  2.979417e+02
  1.468510e+01,  2.943210e+02
  1.467574e+01,  2.945067e+02
  1.416292e+01,  2.976077e+02
  1.320599e+01,  3.025562e+02
  1.199981e+01,  3.096160e+02
  1.063376e+01,  3.185974e+02
  9.309949e+00,  3.308528e+02
  8.533749e+00,  3.441173e+02
  8.199358e+00,  3.540083e+02
  7.699412e+00,  1.124036e+00
  6.924978e+00,  1.003628e+01
  6.203517e+00,  2.176131e+01
  5.535685e+00,  3.205975e+01
  4.535367e+00,  4.037003e+01
  3.158984e+00,  4.744335e+01
  1.456324e+00,  6.057126e+01
  1.481883e+00,  1.839924e+02
  4.685089e+00,  2.092878e+02
  8.459161e+00,  2.156537e+02
  1.235735e+01,  2.201461e+02
  1.613982e+01,  2.230057e+02
  1.937089e+01,  2.260225e+02
  2.164863e+01,  2.281448e+02
  2.276929e+01,  2.291237e+02
  2.274268e+01,  2.286929e+02
  2.204702e+01,  2.272197e+02
  2.119265e+01,  2.254486e+02
  2.036780e+01,  2.236307e+02
  1.933360e+01,  2.225900e+02
  1.764048e+01,  2.228287e+02
  1.533044e+01,  2.248158e+02
  1.260837e+01,  2.297558e+02
  9.640567e+00,  2.388573e+02
  6.752418e+00,  2.575329e+02
  5.127249e+00,  2.938019e+02
  5.623614e+00,  3.321467e+02
  6.828562e+00,  3.559459e+02
  8.145668e+00,  1.191412e+01
  9.831467e+00,  2.036267e+01
  1.137692e+01,  2.243313e+01
  1.184946e+01,  2.119063e+01
  1.115497e+01,  1.772160e+01
  1.019433e+01,  1.078867e+01
  9.513899e+00,  3.590037e+02
  9.254745e+00,  3.425754e+02
  9.687080e+00,  3.249085e+02
  1.068101e+01,  3.118459e+02
  1.198593e+01,  3.038778e+02
  1.370767e+01,  2.990574e+02
  1.581143e+01,  2.970971e+02
  1.789996e+01,  2.966319e+02
  1.953201e+01,  2.968794e+02
  2.052238e+01,  2.984121e+02
  2.099763e+01,  3.016550e+02
  2.091144e+01,  3.067210e+02
  2.015885e+01,  3.131680e+02
  1.891796e+01,  3.209185e+02
  1.750533e+01,  3.304403e+02
  1.617739e+01,  3.411994e+02
  1.497424e+01,  3.515535e+02
  1.339571e+01,  3.590591e+02
  1.065693e+01,  4.313624e+00
  6.672524e+00,  1.108492e+01
  2.800475e+00,  4.570392e+01
  4.252945e+00,  1.266562e+02
  8.537435e+00,  1.427857e+02
  1.339634e+01,  1.487940e+02
  1.863048e+01,  1.540596e+02
  2.359968e+01,  1.584922e+02
  2.878566e+01,  1.635678e+02
  3.207460e+01,  1.681815e+02
  3.267817e+01,  1.729428e+02
  2.113391e+01,  1.760349e+02
  2.747793e+00,  1.389542e+01
##END=