##TITLE= twqubit_C57180_H_25000_NoBufferfix6
##JCAMP-DX= 5.00 Bruker JCAMP library
##DATA TYPE= Shape Data
##ORIGIN= Colm Fixed Pulses 
##OWNER= d29lu
##DATE= 18-May-2015
##TIME= 19:15
##MINX= 3.371243e-01
##MAXX= 2.602205e+01
##MINY= 1.831687e+00
##MAXY= 3.593075e+02
##$SHAPE_EXMODE= None
##$SHAPE_TOTROT= 9.000000e+01
##$SHAPE_BWFAC= 1.000000e+00
##$SHAPE_INTEGFAC= 1.000000e+00
##$SHAPE_MODE= 1
##NPOINTS= 200
##XYPOINTS= (XY..XY)
  3.431979e-01,  3.302435e+02
  3.793684e+00,  2.061035e+01
  9.425467e+00,  1.842729e+01
  1.229520e+01,  1.680326e+01
  1.321754e+01,  1.473128e+01
  1.329700e+01,  1.418668e+01
  1.272040e+01,  1.286109e+01
  1.186255e+01,  9.442755e+00
  1.084548e+01,  5.892109e+00
  9.290696e+00,  6.146951e+00
  7.035669e+00,  1.274234e+01
  4.518055e+00,  2.883530e+01
  2.603255e+00,  6.814079e+01
  3.151811e+00,  1.310497e+02
  5.585444e+00,  1.551389e+02
  8.412766e+00,  1.622667e+02
  1.096678e+01,  1.661722e+02
  1.313694e+01,  1.688081e+02
  1.531286e+01,  1.697569e+02
  1.782994e+01,  1.675762e+02
  2.036443e+01,  1.623726e+02
  2.238243e+01,  1.554793e+02
  2.378900e+01,  1.474269e+02
  2.482817e+01,  1.392851e+02
  2.602205e+01,  1.328377e+02
  2.570494e+01,  1.268889e+02
  2.397745e+01,  1.211743e+02
  2.199246e+01,  1.173807e+02
  1.936230e+01,  1.152874e+02
  1.624875e+01,  1.144005e+02
  1.271401e+01,  1.139796e+02
  8.839378e+00,  1.134229e+02
  4.787881e+00,  1.124987e+02
  6.548025e-01,  9.715731e+01
  3.531283e+00,  2.911947e+02
  7.427178e+00,  2.908124e+02
  1.088543e+01,  2.893820e+02
  1.393952e+01,  2.872823e+02
  1.657174e+01,  2.850409e+02
  1.864371e+01,  2.813083e+02
  1.992856e+01,  2.758670e+02
  2.034019e+01,  2.700145e+02
  2.026619e+01,  2.640041e+02
  1.991409e+01,  2.580388e+02
  1.906148e+01,  2.527796e+02
  1.772480e+01,  2.496485e+02
  1.655762e+01,  2.491792e+02
  1.583439e+01,  2.509216e+02
  1.541810e+01,  2.542228e+02
  1.524720e+01,  2.587088e+02
  1.491293e+01,  2.630796e+02
  1.384354e+01,  2.669464e+02
  1.222158e+01,  2.718260e+02
  1.058889e+01,  2.774212e+02
  8.840574e+00,  2.832439e+02
  7.029840e+00,  2.904645e+02
  5.772685e+00,  3.001100e+02
  4.916189e+00,  3.041651e+02
  3.438927e+00,  2.935827e+02
  1.857449e+00,  2.368274e+02
  3.560018e+00,  1.722686e+02
  6.741971e+00,  1.565771e+02
  1.046836e+01,  1.503118e+02
  1.444583e+01,  1.463657e+02
  1.781670e+01,  1.432242e+02
  1.989430e+01,  1.391796e+02
  2.070713e+01,  1.339374e+02
  2.059040e+01,  1.274793e+02
  1.987312e+01,  1.199721e+02
  1.918863e+01,  1.119952e+02
  1.894990e+01,  1.044258e+02
  1.882961e+01,  9.904980e+01
  1.807137e+01,  9.642843e+01
  1.629789e+01,  9.711380e+01
  1.398625e+01,  1.018881e+02
  1.183362e+01,  1.105979e+02
  1.002582e+01,  1.220806e+02
  8.533817e+00,  1.390000e+02
  7.872563e+00,  1.628248e+02
  8.389871e+00,  1.859780e+02
  9.186034e+00,  2.017670e+02
  9.628674e+00,  2.121223e+02
  9.907861e+00,  2.193230e+02
  1.014766e+01,  2.236930e+02
  1.009361e+01,  2.244756e+02
  9.420609e+00,  2.221127e+02
  8.163396e+00,  2.160549e+02
  6.635093e+00,  2.039542e+02
  5.430420e+00,  1.819149e+02
  5.043153e+00,  1.515352e+02
  5.603593e+00,  1.219998e+02
  6.857929e+00,  1.004067e+02
  8.246283e+00,  8.617549e+01
  9.425030e+00,  7.592235e+01
  1.020576e+01,  6.769406e+01
  1.039357e+01,  6.087681e+01
  9.972182e+00,  5.477744e+01
  9.017698e+00,  4.879037e+01
  7.692096e+00,  4.119448e+01
  6.248518e+00,  3.131833e+01
  5.053564e+00,  1.851387e+01
  4.227338e+00,  5.485549e+00
  3.647839e+00,  3.537227e+02
  3.250827e+00,  3.465451e+02
  3.097076e+00,  3.528997e+02
  3.628809e+00,  1.401736e+01
  5.113261e+00,  3.307466e+01
  7.194937e+00,  4.182633e+01
  9.524832e+00,  4.499203e+01
  1.191954e+01,  4.491197e+01
  1.412701e+01,  4.220506e+01
  1.599107e+01,  3.849338e+01
  1.744604e+01,  3.420494e+01
  1.849557e+01,  2.960554e+01
  1.928341e+01,  2.509525e+01
  1.970748e+01,  2.144519e+01
  1.947780e+01,  1.865064e+01
  1.839593e+01,  1.740311e+01
  1.658274e+01,  1.771295e+01
  1.422931e+01,  2.025267e+01
  1.154320e+01,  2.642261e+01
  8.914887e+00,  3.752869e+01
  6.927758e+00,  5.718737e+01
  6.211006e+00,  8.533482e+01
  6.913569e+00,  1.111286e+02
  8.405139e+00,  1.289243e+02
  1.000484e+01,  1.400519e+02
  1.129931e+01,  1.477409e+02
  1.201214e+01,  1.539678e+02
  1.195565e+01,  1.597345e+02
  1.099125e+01,  1.657772e+02
  9.364814e+00,  1.732303e+02
  7.648960e+00,  1.815744e+02
  6.289624e+00,  1.885024e+02
  5.265697e+00,  1.922765e+02
  4.277312e+00,  1.954245e+02
  3.229297e+00,  1.952465e+02
  2.201037e+00,  1.848190e+02
  1.297452e+00,  1.622206e+02
  3.371243e-01,  7.515717e+01
  1.448222e+00,  3.593075e+02
  3.192540e+00,  1.831687e+00
  5.032362e+00,  6.489678e+00
  6.839624e+00,  8.116655e+00
  8.757005e+00,  8.896684e+00
  1.088901e+01,  1.161442e+01
  1.313757e+01,  1.561785e+01
  1.530567e+01,  2.013992e+01
  1.721013e+01,  2.362731e+01
  1.884071e+01,  2.531327e+01
  2.003281e+01,  2.441094e+01
  2.034932e+01,  2.111338e+01
  1.973476e+01,  1.585138e+01
  1.870154e+01,  1.047179e+01
  1.759236e+01,  6.163312e+00
  1.643027e+01,  3.498291e+00
  1.535235e+01,  2.669983e+00
  1.444065e+01,  4.271551e+00
  1.325194e+01,  7.628092e+00
  1.131056e+01,  1.142799e+01
  8.697195e+00,  1.552536e+01
  5.799527e+00,  2.306245e+01
  3.113360e+00,  4.258843e+01
  2.203736e+00,  1.082287e+02
  4.094734e+00,  1.485070e+02
  6.145398e+00,  1.578208e+02
  7.655293e+00,  1.604418e+02
  8.601052e+00,  1.630802e+02
  9.122908e+00,  1.657716e+02
  9.084606e+00,  1.673319e+02
  8.279081e+00,  1.686375e+02
  6.907560e+00,  1.720313e+02
  5.563023e+00,  1.798345e+02
  4.599087e+00,  1.898859e+02
  3.771970e+00,  1.996496e+02
  2.864371e+00,  2.113435e+02
  2.118929e+00,  2.275928e+02
  1.718280e+00,  2.436698e+02
  1.385775e+00,  2.448375e+02
  1.112100e+00,  2.203315e+02
  1.372032e+00,  1.884645e+02
  2.254547e+00,  1.757291e+02
  3.966716e+00,  1.735675e+02
  6.745474e+00,  1.731758e+02
  1.030550e+01,  1.729851e+02
  1.410653e+01,  1.732371e+02
  1.763744e+01,  1.748612e+02
  2.058430e+01,  1.770286e+02
  2.265926e+01,  1.794028e+02
  2.361405e+01,  1.816986e+02
  2.346159e+01,  1.843170e+02
  2.234659e+01,  1.867409e+02
  2.019598e+01,  1.886463e+02
  1.710070e+01,  1.895408e+02
  1.364548e+01,  1.892882e+02
  1.026509e+01,  1.880259e+02
  6.855795e+00,  1.839410e+02
  3.121522e+00,  1.690227e+02
  2.009910e+00,  4.915054e+01
  8.304833e-01,  3.499034e+02
##END=