##TITLE= twqubit_C57180_H_25000_NoBufferfix8
##JCAMP-DX= 5.00 Bruker JCAMP library
##DATA TYPE= Shape Data
##ORIGIN= Colm Fixed Pulses 
##OWNER= d29lu
##DATE= 18-May-2015
##TIME= 19:15
##MINX= 3.360853e-01
##MAXX= 2.602270e+01
##MINY= 1.830105e+00
##MAXY= 3.592826e+02
##$SHAPE_EXMODE= None
##$SHAPE_TOTROT= 9.000000e+01
##$SHAPE_BWFAC= 1.000000e+00
##$SHAPE_INTEGFAC= 1.000000e+00
##$SHAPE_MODE= 1
##NPOINTS= 200
##XYPOINTS= (XY..XY)
  3.432376e-01,  3.302071e+02
  3.793440e+00,  2.063477e+01
  9.425532e+00,  1.843780e+01
  1.229540e+01,  1.679843e+01
  1.321859e+01,  1.474820e+01
  1.329654e+01,  1.418749e+01
  1.272058e+01,  1.286668e+01
  1.186274e+01,  9.453069e+00
  1.084602e+01,  5.898063e+00
  9.290308e+00,  6.158698e+00
  7.035711e+00,  1.273727e+01
  4.517432e+00,  2.885080e+01
  2.602888e+00,  6.815456e+01
  3.151108e+00,  1.310816e+02
  5.585251e+00,  1.551509e+02
  8.412864e+00,  1.622666e+02
  1.096580e+01,  1.661823e+02
  1.313634e+01,  1.688212e+02
  1.531312e+01,  1.697619e+02
  1.782988e+01,  1.675855e+02
  2.036507e+01,  1.623760e+02
  2.238254e+01,  1.554881e+02
  2.378826e+01,  1.474385e+02
  2.482763e+01,  1.392880e+02
  2.602270e+01,  1.328462e+02
  2.570703e+01,  1.269004e+02
  2.397777e+01,  1.211775e+02
  2.199221e+01,  1.173905e+02
  1.936216e+01,  1.152936e+02
  1.624791e+01,  1.144071e+02
  1.271425e+01,  1.139904e+02
  8.839199e+00,  1.134298e+02
  4.787615e+00,  1.125087e+02
  6.547036e-01,  9.709953e+01
  3.531592e+00,  2.912111e+02
  7.426569e+00,  2.908127e+02
  1.088606e+01,  2.893861e+02
  1.393883e+01,  2.872913e+02
  1.657255e+01,  2.850376e+02
  1.864380e+01,  2.813113e+02
  1.992759e+01,  2.758733e+02
  2.034015e+01,  2.700226e+02
  2.026584e+01,  2.640040e+02
  1.991430e+01,  2.580419e+02
  1.906105e+01,  2.527875e+02
  1.772466e+01,  2.496525e+02
  1.655632e+01,  2.491860e+02
  1.583484e+01,  2.509300e+02
  1.541858e+01,  2.542333e+02
  1.524719e+01,  2.587164e+02
  1.491198e+01,  2.630781e+02
  1.384342e+01,  2.669496e+02
  1.222203e+01,  2.718331e+02
  1.058913e+01,  2.774232e+02
  8.840689e+00,  2.832643e+02
  7.029750e+00,  2.904710e+02
  5.772814e+00,  3.001129e+02
  4.916348e+00,  3.041688e+02
  3.438532e+00,  2.935883e+02
  1.857783e+00,  2.368218e+02
  3.559839e+00,  1.722792e+02
  6.743060e+00,  1.565860e+02
  1.046861e+01,  1.503177e+02
  1.444645e+01,  1.463621e+02
  1.781585e+01,  1.432382e+02
  1.989467e+01,  1.391892e+02
  2.070750e+01,  1.339406e+02
  2.059081e+01,  1.274908e+02
  1.987308e+01,  1.199864e+02
  1.918860e+01,  1.120067e+02
  1.894943e+01,  1.044282e+02
  1.882982e+01,  9.906177e+01
  1.807135e+01,  9.643157e+01
  1.629803e+01,  9.712045e+01
  1.398604e+01,  1.018940e+02
  1.183260e+01,  1.106107e+02
  1.002577e+01,  1.220894e+02
  8.533741e+00,  1.389972e+02
  7.873417e+00,  1.628227e+02
  8.389855e+00,  1.859706e+02
  9.185959e+00,  2.017746e+02
  9.629618e+00,  2.121307e+02
  9.907310e+00,  2.193323e+02
  1.014769e+01,  2.236950e+02
  1.009329e+01,  2.244853e+02
  9.421013e+00,  2.221157e+02
  8.163733e+00,  2.160578e+02
  6.635975e+00,  2.039479e+02
  5.431013e+00,  1.819272e+02
  5.043145e+00,  1.515444e+02
  5.603442e+00,  1.219995e+02
  6.858432e+00,  1.004115e+02
  8.246150e+00,  8.618301e+01
  9.424753e+00,  7.593068e+01
  1.020560e+01,  6.769982e+01
  1.039335e+01,  6.088491e+01
  9.972863e+00,  5.478630e+01
  9.018067e+00,  4.880085e+01
  7.692171e+00,  4.119890e+01
  6.248986e+00,  3.133805e+01
  5.053957e+00,  1.851498e+01
  4.227049e+00,  5.481631e+00
  3.648513e+00,  3.537383e+02
  3.250204e+00,  3.465332e+02
  3.096989e+00,  3.528964e+02
  3.628330e+00,  1.401308e+01
  5.113253e+00,  3.307526e+01
  7.194343e+00,  4.182871e+01
  9.525496e+00,  4.500336e+01
  1.191943e+01,  4.491402e+01
  1.412657e+01,  4.221368e+01
  1.599105e+01,  3.850414e+01
  1.744551e+01,  3.420501e+01
  1.849515e+01,  2.961294e+01
  1.928315e+01,  2.509829e+01
  1.970814e+01,  2.145135e+01
  1.947691e+01,  1.864952e+01
  1.839679e+01,  1.740376e+01
  1.658290e+01,  1.772111e+01
  1.422928e+01,  2.026423e+01
  1.154277e+01,  2.643042e+01
  8.914753e+00,  3.753358e+01
  6.927290e+00,  5.720212e+01
  6.211267e+00,  8.534728e+01
  6.913408e+00,  1.111308e+02
  8.405248e+00,  1.289373e+02
  1.000492e+01,  1.400534e+02
  1.129921e+01,  1.477492e+02
  1.201180e+01,  1.539788e+02
  1.195504e+01,  1.597433e+02
  1.099045e+01,  1.657781e+02
  9.364044e+00,  1.732423e+02
  7.649397e+00,  1.815677e+02
  6.289741e+00,  1.885008e+02
  5.265071e+00,  1.922786e+02
  4.276287e+00,  1.954345e+02
  3.228858e+00,  1.952628e+02
  2.201046e+00,  1.848285e+02
  1.297469e+00,  1.622240e+02
  3.360853e-01,  7.500357e+01
  1.448027e+00,  3.592826e+02
  3.193553e+00,  1.830105e+00
  5.031316e+00,  6.487361e+00
  6.839433e+00,  8.117977e+00
  8.756812e+00,  8.900838e+00
  1.088873e+01,  1.162068e+01
  1.313802e+01,  1.562438e+01
  1.530504e+01,  2.014990e+01
  1.720993e+01,  2.363821e+01
  1.884050e+01,  2.532384e+01
  2.003199e+01,  2.441289e+01
  2.034957e+01,  2.111944e+01
  1.973393e+01,  1.585627e+01
  1.870179e+01,  1.047792e+01
  1.759263e+01,  6.178176e+00
  1.642925e+01,  3.507081e+00
  1.535145e+01,  2.683118e+00
  1.444008e+01,  4.278879e+00
  1.325222e+01,  7.629145e+00
  1.131099e+01,  1.144715e+01
  8.696358e+00,  1.551951e+01
  5.800037e+00,  2.307882e+01
  3.111915e+00,  4.260309e+01
  2.203495e+00,  1.082435e+02
  4.094804e+00,  1.485155e+02
  6.145221e+00,  1.578291e+02
  7.654420e+00,  1.604497e+02
  8.601482e+00,  1.630843e+02
  9.122948e+00,  1.657666e+02
  9.084291e+00,  1.673351e+02
  8.279035e+00,  1.686448e+02
  6.907087e+00,  1.720508e+02
  5.563020e+00,  1.798479e+02
  4.599218e+00,  1.898970e+02
  3.771743e+00,  1.996502e+02
  2.864538e+00,  2.113521e+02
  2.119268e+00,  2.276008e+02
  1.718105e+00,  2.436972e+02
  1.385100e+00,  2.448536e+02
  1.112712e+00,  2.203270e+02
  1.371684e+00,  1.884457e+02
  2.253713e+00,  1.757386e+02
  3.966544e+00,  1.735747e+02
  6.745719e+00,  1.731813e+02
  1.030569e+01,  1.729915e+02
  1.410658e+01,  1.732477e+02
  1.763683e+01,  1.748633e+02
  2.058478e+01,  1.770370e+02
  2.265871e+01,  1.794151e+02
  2.361349e+01,  1.817027e+02
  2.346231e+01,  1.843265e+02
  2.234600e+01,  1.867476e+02
  2.019496e+01,  1.886578e+02
  1.710016e+01,  1.895537e+02
  1.364549e+01,  1.892982e+02
  1.026468e+01,  1.880445e+02
  6.855492e+00,  1.839526e+02
  3.121141e+00,  1.690183e+02
  2.010357e+00,  4.918455e+01
  8.313213e-01,  3.499519e+02
##END=