##TITLE= twqubit_C27180_C_25000_NoBufferfix10
##JCAMP-DX= 5.00 Bruker JCAMP library
##DATA TYPE= Shape Data
##ORIGIN= Colm Fixed Pulses 
##OWNER= d29lu
##DATE= 18-May-2015
##TIME= 18:6
##MINX= 2.723301e-01
##MAXX= 2.817206e+01
##MINY= 9.386995e-01
##MAXY= 3.576354e+02
##$SHAPE_EXMODE= None
##$SHAPE_TOTROT= 9.000000e+01
##$SHAPE_BWFAC= 1.000000e+00
##$SHAPE_INTEGFAC= 1.000000e+00
##$SHAPE_MODE= 1
##NPOINTS= 200
##XYPOINTS= (XY..XY)
  3.071959e-01,  3.030663e+02
  4.850677e+00,  3.426692e+02
  1.256916e+01,  9.846808e+00
  1.448795e+01,  3.431879e+01
  1.049757e+01,  4.508116e+01
  5.531253e+00,  4.655221e+01
  1.594296e+00,  5.834583e+01
  1.698353e+00,  2.039238e+02
  4.405614e+00,  2.207173e+02
  3.324958e+00,  2.323197e+02
  1.317295e+00,  5.906850e+01
  9.470281e+00,  7.691138e+01
  1.628284e+01,  9.929768e+01
  1.779682e+01,  1.192876e+02
  1.488484e+01,  1.364666e+02
  1.152624e+01,  1.523347e+02
  9.925405e+00,  1.646604e+02
  8.800866e+00,  1.595150e+02
  1.004980e+01,  1.323328e+02
  1.550180e+01,  1.236549e+02
  1.726895e+01,  1.394851e+02
  1.198517e+01,  1.787804e+02
  1.036273e+01,  2.639877e+02
  1.632061e+01,  3.160303e+02
  1.513863e+01,  3.367079e+02
  6.150225e+00,  3.433251e+02
  1.878156e+00,  1.557475e+02
  6.767786e+00,  1.388292e+02
  9.563003e+00,  1.059409e+02
  1.316099e+01,  7.652868e+01
  1.618758e+01,  6.128604e+01
  1.590879e+01,  5.975405e+01
  1.179430e+01,  6.827572e+01
  5.614173e+00,  8.399134e+01
  2.723301e-01,  3.175410e+01
  4.700349e+00,  3.147834e+02
  5.866663e+00,  3.360724e+02
  1.705637e+00,  5.170891e+01
  9.047690e+00,  1.544611e+02
  1.592338e+01,  1.679680e+02
  1.347490e+01,  1.544247e+02
  1.197081e+01,  8.872830e+01
  2.248990e+01,  6.049000e+01
  2.405397e+01,  5.925356e+01
  1.172010e+01,  5.754744e+01
  4.787761e+00,  2.595034e+02
  1.444983e+01,  2.564788e+02
  1.084053e+01,  2.510603e+02
  5.017162e+00,  1.667611e+02
  1.422799e+01,  1.378605e+02
  1.525012e+01,  1.491460e+02
  8.777633e+00,  1.867856e+02
  8.808505e+00,  2.646266e+02
  1.177221e+01,  3.009144e+02
  1.009488e+01,  3.183914e+02
  7.071119e+00,  3.343630e+02
  6.788311e+00,  3.563541e+02
  9.438305e+00,  1.747839e+01
  1.214911e+01,  3.959739e+01
  1.303627e+01,  6.930020e+01
  1.349807e+01,  1.052886e+02
  1.341409e+01,  1.339211e+02
  9.338710e+00,  1.479229e+02
  2.732994e+00,  1.290142e+02
  4.993473e+00,  5.701841e+01
  8.742188e+00,  8.518749e+01
  1.274485e+01,  1.361946e+02
  1.946003e+01,  1.772941e+02
  2.348096e+01,  1.992196e+02
  2.033976e+01,  2.050391e+02
  1.234743e+01,  1.914611e+02
  6.873171e+00,  1.594460e+02
  4.729551e+00,  1.538075e+02
  4.350692e+00,  2.087238e+02
  6.494072e+00,  2.505804e+02
  4.011531e+00,  2.825692e+02
  4.398651e+00,  7.329552e+01
  1.523341e+01,  1.134007e+02
  2.267582e+01,  1.459925e+02
  2.647984e+01,  1.852080e+02
  2.817206e+01,  2.264097e+02
  2.546314e+01,  2.640305e+02
  1.694957e+01,  3.026513e+02
  9.084920e+00,  4.330981e+00
  9.449560e+00,  6.023807e+01
  7.944380e+00,  6.409110e+01
  6.078630e+00,  3.584076e+01
  4.062457e+00,  1.634749e+01
  9.547754e-01,  2.286868e+02
  7.194382e+00,  2.105791e+02
  8.502993e+00,  2.252284e+02
  4.240373e+00,  2.814109e+02
  8.231445e+00,  1.084502e+01
  1.187677e+01,  4.313946e+01
  8.205992e+00,  7.952035e+01
  7.010473e+00,  1.668023e+02
  1.221207e+01,  2.139255e+02
  1.070302e+01,  2.372956e+02
  4.064719e+00,  3.027970e+02
  1.107541e+01,  2.462058e+01
  1.595003e+01,  3.452338e+01
  1.143724e+01,  1.869633e+01
  7.497474e+00,  3.004339e+02
  1.655726e+01,  2.625242e+02
  1.974687e+01,  2.576316e+02
  1.369416e+01,  2.590608e+02
  3.259741e+00,  2.790683e+02
  3.790764e+00,  4.609358e+01
  3.866669e+00,  4.213542e+01
  3.763257e+00,  3.078824e+02
  1.121141e+01,  2.864694e+02
  1.559927e+01,  2.913353e+02
  1.602147e+01,  3.034280e+02
  1.553873e+01,  3.179901e+02
  1.438296e+01,  3.238591e+02
  1.122136e+01,  3.148207e+02
  7.604098e+00,  2.867526e+02
  6.710617e+00,  2.457303e+02
  7.533651e+00,  2.202403e+02
  7.655570e+00,  2.151061e+02
  7.346532e+00,  2.297689e+02
  8.704060e+00,  2.565386e+02
  1.195066e+01,  2.781133e+02
  1.511461e+01,  2.925949e+02
  1.694762e+01,  3.018616e+02
  1.743368e+01,  3.080370e+02
  1.657890e+01,  3.126281e+02
  1.332874e+01,  3.148244e+02
  7.120677e+00,  3.099555e+02
  1.477062e+00,  2.647412e+02
  3.176835e+00,  1.743046e+02
  3.933607e+00,  1.704881e+02
  2.507806e+00,  1.927046e+02
  3.223637e+00,  2.525397e+02
  7.099680e+00,  2.705955e+02
  1.111874e+01,  2.778142e+02
  1.205037e+01,  2.808952e+02
  7.336386e+00,  2.787850e+02
  6.045731e-01,  5.256411e+01
  7.957906e+00,  8.175111e+01
  1.059631e+01,  7.738936e+01
  5.833679e+00,  5.105623e+01
  6.507064e+00,  3.122641e+02
  1.425058e+01,  3.012325e+02
  1.465507e+01,  3.173433e+02
  8.515440e+00,  3.576354e+02
  6.290397e+00,  9.932867e+01
  1.174011e+01,  1.698790e+02
  1.267398e+01,  2.163822e+02
  5.964993e+00,  2.791913e+02
  1.146774e+01,  4.495226e+01
  2.210446e+01,  7.906963e+01
  2.203450e+01,  8.220866e+01
  1.553429e+01,  4.903126e+01
  1.643499e+01,  3.568008e+02
  1.812600e+01,  3.315101e+02
  1.195853e+01,  3.092025e+02
  5.395438e+00,  2.206557e+02
  1.397424e+01,  1.645592e+02
  1.797975e+01,  1.517052e+02
  1.326531e+01,  1.455258e+02
  3.450008e+00,  1.338323e+02
  3.206995e+00,  3.267509e+02
  5.113967e+00,  3.179309e+02
  1.488400e+00,  2.351423e+00
  7.409235e+00,  9.517391e+01
  1.508358e+01,  1.003929e+02
  1.588605e+01,  1.011153e+02
  7.891252e+00,  1.035295e+02
  3.584319e+00,  2.517922e+02
  1.332921e+01,  2.670797e+02
  1.503415e+01,  2.637769e+02
  8.904039e+00,  2.411743e+02
  5.358194e+00,  1.735829e+02
  4.554955e+00,  1.401445e+02
  1.846451e+00,  3.443889e+02
  1.075634e+01,  3.354638e+02
  1.241890e+01,  3.468601e+02
  4.615528e+00,  2.504623e+01
  7.799202e+00,  1.497013e+02
  1.212247e+01,  1.818692e+02
  7.479172e+00,  2.164886e+02
  6.154384e+00,  3.101691e+02
  1.102020e+01,  3.482198e+02
  8.564859e+00,  9.386995e-01
  1.322833e+00,  8.981111e+01
  9.891660e+00,  1.668925e+02
  1.453928e+01,  1.749869e+02
  1.123844e+01,  1.738889e+02
  4.824886e+00,  1.674061e+02
  1.797257e+00,  2.075190e+02
  5.441025e+00,  2.428688e+02
  8.629518e+00,  2.464670e+02
  5.338489e+00,  2.476550e+02
  2.640469e+00,  4.692420e+01
  1.234330e+01,  5.653078e+01
  1.584435e+01,  5.721769e+01
  1.095734e+01,  5.460559e+01
  3.628320e+00,  6.484886e+01
  2.854138e-01,  1.710970e+02
##END=