##TITLE= twqubit_C57180_H_25000_NoBufferfix7
##JCAMP-DX= 5.00 Bruker JCAMP library
##DATA TYPE= Shape Data
##ORIGIN= Colm Fixed Pulses 
##OWNER= d29lu
##DATE= 18-May-2015
##TIME= 19:15
##MINX= 3.364909e-01
##MAXX= 2.602228e+01
##MINY= 1.830804e+00
##MAXY= 3.593019e+02
##$SHAPE_EXMODE= None
##$SHAPE_TOTROT= 9.000000e+01
##$SHAPE_BWFAC= 1.000000e+00
##$SHAPE_INTEGFAC= 1.000000e+00
##$SHAPE_MODE= 1
##NPOINTS= 200
##XYPOINTS= (XY..XY)
  3.431984e-01,  3.302128e+02
  3.793776e+00,  2.062666e+01
  9.425227e+00,  1.843063e+01
  1.229537e+01,  1.680102e+01
  1.321796e+01,  1.474083e+01
  1.329693e+01,  1.418789e+01
  1.272066e+01,  1.286397e+01
  1.186255e+01,  9.446646e+00
  1.084557e+01,  5.897492e+00
  9.290281e+00,  6.156341e+00
  7.035484e+00,  1.273834e+01
  4.518081e+00,  2.884076e+01
  2.603189e+00,  6.815397e+01
  3.151543e+00,  1.310644e+02
  5.584983e+00,  1.551462e+02
  8.412850e+00,  1.622624e+02
  1.096633e+01,  1.661776e+02
  1.313634e+01,  1.688151e+02
  1.531298e+01,  1.697617e+02
  1.782976e+01,  1.675829e+02
  2.036420e+01,  1.623770e+02
  2.238239e+01,  1.554868e+02
  2.378863e+01,  1.474332e+02
  2.482791e+01,  1.392869e+02
  2.602228e+01,  1.328428e+02
  2.570585e+01,  1.268988e+02
  2.397763e+01,  1.211739e+02
  2.199202e+01,  1.173868e+02
  1.936223e+01,  1.152905e+02
  1.624829e+01,  1.144049e+02
  1.271398e+01,  1.139834e+02
  8.839074e+00,  1.134258e+02
  4.787565e+00,  1.125053e+02
  6.547773e-01,  9.714745e+01
  3.531514e+00,  2.912062e+02
  7.427088e+00,  2.908097e+02
  1.088568e+01,  2.893866e+02
  1.393945e+01,  2.872867e+02
  1.657244e+01,  2.850394e+02
  1.864364e+01,  2.813116e+02
  1.992822e+01,  2.758730e+02
  2.034044e+01,  2.700195e+02
  2.026567e+01,  2.640044e+02
  1.991432e+01,  2.580388e+02
  1.906083e+01,  2.527828e+02
  1.772458e+01,  2.496488e+02
  1.655704e+01,  2.491835e+02
  1.583500e+01,  2.509301e+02
  1.541801e+01,  2.542264e+02
  1.524726e+01,  2.587124e+02
  1.491257e+01,  2.630804e+02
  1.384362e+01,  2.669462e+02
  1.222149e+01,  2.718319e+02
  1.058966e+01,  2.774218e+02
  8.840940e+00,  2.832500e+02
  7.029563e+00,  2.904651e+02
  5.773131e+00,  3.001093e+02
  4.916010e+00,  3.041682e+02
  3.438464e+00,  2.935844e+02
  1.857541e+00,  2.368190e+02
  3.559712e+00,  1.722734e+02
  6.742376e+00,  1.565831e+02
  1.046858e+01,  1.503168e+02
  1.444650e+01,  1.463657e+02
  1.781633e+01,  1.432307e+02
  1.989481e+01,  1.391869e+02
  2.070689e+01,  1.339393e+02
  2.059025e+01,  1.274873e+02
  1.987360e+01,  1.199770e+02
  1.918853e+01,  1.120021e+02
  1.894943e+01,  1.044241e+02
  1.882982e+01,  9.905456e+01
  1.807156e+01,  9.643290e+01
  1.629797e+01,  9.711732e+01
  1.398611e+01,  1.018904e+02
  1.183303e+01,  1.106064e+02
  1.002571e+01,  1.220842e+02
  8.533910e+00,  1.390004e+02
  7.872904e+00,  1.628244e+02
  8.389784e+00,  1.859766e+02
  9.185953e+00,  2.017720e+02
  9.629177e+00,  2.121287e+02
  9.907970e+00,  2.193279e+02
  1.014804e+01,  2.236976e+02
  1.009364e+01,  2.244811e+02
  9.420658e+00,  2.221177e+02
  8.162940e+00,  2.160595e+02
  6.635828e+00,  2.039546e+02
  5.431049e+00,  1.819233e+02
  5.042920e+00,  1.515419e+02
  5.603641e+00,  1.220028e+02
  6.858207e+00,  1.004077e+02
  8.246123e+00,  8.618263e+01
  9.424478e+00,  7.592172e+01
  1.020568e+01,  6.769694e+01
  1.039325e+01,  6.088228e+01
  9.972611e+00,  5.478224e+01
  9.017635e+00,  4.879840e+01
  7.692322e+00,  4.120085e+01
  6.248508e+00,  3.132835e+01
  5.053898e+00,  1.851523e+01
  4.226662e+00,  5.477490e+00
  3.648230e+00,  3.537306e+02
  3.250768e+00,  3.465373e+02
  3.097042e+00,  3.529042e+02
  3.628347e+00,  1.401161e+01
  5.113445e+00,  3.307943e+01
  7.194809e+00,  4.183039e+01
  9.524937e+00,  4.499535e+01
  1.191972e+01,  4.491264e+01
  1.412690e+01,  4.220720e+01
  1.599091e+01,  3.850414e+01
  1.744635e+01,  3.420458e+01
  1.849506e+01,  2.960473e+01
  1.928313e+01,  2.509537e+01
  1.970771e+01,  2.144838e+01
  1.947757e+01,  1.865309e+01
  1.839653e+01,  1.740523e+01
  1.658282e+01,  1.771960e+01
  1.422912e+01,  2.025777e+01
  1.154297e+01,  2.643137e+01
  8.915213e+00,  3.753451e+01
  6.927539e+00,  5.719374e+01
  6.211038e+00,  8.533995e+01
  6.913270e+00,  1.111313e+02
  8.404969e+00,  1.289325e+02
  1.000500e+01,  1.400557e+02
  1.129923e+01,  1.477443e+02
  1.201168e+01,  1.539726e+02
  1.195531e+01,  1.597408e+02
  1.099094e+01,  1.657825e+02
  9.364389e+00,  1.732356e+02
  7.649181e+00,  1.815723e+02
  6.289808e+00,  1.884989e+02
  5.265106e+00,  1.922806e+02
  4.276671e+00,  1.954345e+02
  3.229064e+00,  1.952537e+02
  2.201139e+00,  1.848193e+02
  1.297495e+00,  1.622177e+02
  3.364909e-01,  7.504604e+01
  1.448503e+00,  3.593019e+02
  3.193320e+00,  1.830804e+00
  5.031932e+00,  6.492795e+00
  6.839793e+00,  8.116568e+00
  8.757241e+00,  8.898811e+00
  1.088888e+01,  1.161783e+01
  1.313756e+01,  1.562657e+01
  1.530545e+01,  2.014348e+01
  1.721016e+01,  2.363238e+01
  1.884054e+01,  2.532011e+01
  2.003211e+01,  2.441706e+01
  2.034987e+01,  2.112007e+01
  1.973469e+01,  1.585142e+01
  1.870164e+01,  1.047640e+01
  1.759253e+01,  6.170018e+00
  1.642925e+01,  3.505635e+00
  1.535181e+01,  2.679012e+00
  1.444013e+01,  4.277664e+00
  1.325192e+01,  7.630845e+00
  1.131070e+01,  1.143849e+01
  8.696921e+00,  1.552181e+01
  5.799791e+00,  2.306943e+01
  3.112710e+00,  4.259726e+01
  2.203374e+00,  1.082351e+02
  4.094930e+00,  1.485163e+02
  6.145482e+00,  1.578251e+02
  7.654902e+00,  1.604472e+02
  8.600992e+00,  1.630832e+02
  9.122840e+00,  1.657672e+02
  9.084489e+00,  1.673339e+02
  8.279127e+00,  1.686389e+02
  6.907195e+00,  1.720450e+02
  5.562912e+00,  1.798412e+02
  4.599511e+00,  1.898935e+02
  3.771426e+00,  1.996539e+02
  2.864114e+00,  2.113556e+02
  2.119450e+00,  2.275996e+02
  1.718239e+00,  2.436925e+02
  1.385515e+00,  2.448597e+02
  1.112217e+00,  2.203263e+02
  1.371981e+00,  1.884590e+02
  2.253853e+00,  1.757346e+02
  3.966521e+00,  1.735773e+02
  6.745629e+00,  1.731800e+02
  1.030599e+01,  1.729880e+02
  1.410644e+01,  1.732459e+02
  1.763701e+01,  1.748661e+02
  2.058435e+01,  1.770317e+02
  2.265856e+01,  1.794074e+02
  2.361376e+01,  1.816992e+02
  2.346200e+01,  1.843196e+02
  2.234581e+01,  1.867431e+02
  2.019553e+01,  1.886544e+02
  1.710031e+01,  1.895471e+02
  1.364548e+01,  1.892962e+02
  1.026481e+01,  1.880343e+02
  6.856132e+00,  1.839461e+02
  3.121278e+00,  1.690203e+02
  2.010061e+00,  4.916988e+01
  8.307719e-01,  3.499144e+02
##END=