##TITLE= twqubit_C27180_C_25000_NoBufferfix2
##JCAMP-DX= 5.00 Bruker JCAMP library
##DATA TYPE= Shape Data
##ORIGIN= Colm Fixed Pulses 
##OWNER= d29lu
##DATE= 18-May-2015
##TIME= 18:3
##MINX= 2.646790e-01
##MAXX= 2.816411e+01
##MINY= 9.257431e-01
##MAXY= 3.576354e+02
##$SHAPE_EXMODE= None
##$SHAPE_TOTROT= 9.000000e+01
##$SHAPE_BWFAC= 1.000000e+00
##$SHAPE_INTEGFAC= 1.000000e+00
##$SHAPE_MODE= 1
##NPOINTS= 200
##XYPOINTS= (XY..XY)
  3.008883e-01,  3.039530e+02
  4.855411e+00,  3.425267e+02
  1.257420e+01,  9.832040e+00
  1.448665e+01,  3.431637e+01
  1.050028e+01,  4.510054e+01
  5.544998e+00,  4.642678e+01
  1.588042e+00,  5.823819e+01
  1.702045e+00,  2.038658e+02
  4.398476e+00,  2.205947e+02
  3.321948e+00,  2.322839e+02
  1.311731e+00,  5.972006e+01
  9.489054e+00,  7.686697e+01
  1.627617e+01,  9.930317e+01
  1.778316e+01,  1.193208e+02
  1.488187e+01,  1.364619e+02
  1.153355e+01,  1.523517e+02
  9.939568e+00,  1.646077e+02
  8.808616e+00,  1.594770e+02
  1.006331e+01,  1.323160e+02
  1.548873e+01,  1.236416e+02
  1.726382e+01,  1.394671e+02
  1.198863e+01,  1.788096e+02
  1.036099e+01,  2.639579e+02
  1.631438e+01,  3.160503e+02
  1.513815e+01,  3.366923e+02
  6.145709e+00,  3.432236e+02
  1.865346e+00,  1.556671e+02
  6.778609e+00,  1.387586e+02
  9.576129e+00,  1.059174e+02
  1.317150e+01,  7.647278e+01
  1.618508e+01,  6.129391e+01
  1.590507e+01,  5.969793e+01
  1.179049e+01,  6.827990e+01
  5.619747e+00,  8.400910e+01
  3.502119e-01,  3.185481e+01
  4.706599e+00,  3.146761e+02
  5.878987e+00,  3.359921e+02
  1.706582e+00,  5.170552e+01
  9.064219e+00,  1.543971e+02
  1.591484e+01,  1.679207e+02
  1.346642e+01,  1.543992e+02
  1.197844e+01,  8.880499e+01
  2.247610e+01,  6.050798e+01
  2.404601e+01,  5.921435e+01
  1.172909e+01,  5.768035e+01
  4.787159e+00,  2.593869e+02
  1.444863e+01,  2.565007e+02
  1.084082e+01,  2.510369e+02
  5.026207e+00,  1.664872e+02
  1.423267e+01,  1.378521e+02
  1.524224e+01,  1.491501e+02
  8.774372e+00,  1.867864e+02
  8.814104e+00,  2.645781e+02
  1.177261e+01,  3.008857e+02
  1.010065e+01,  3.183560e+02
  7.081788e+00,  3.343120e+02
  6.795978e+00,  3.563317e+02
  9.450958e+00,  1.750768e+01
  1.215099e+01,  3.968680e+01
  1.303496e+01,  6.931767e+01
  1.349659e+01,  1.052637e+02
  1.341896e+01,  1.339266e+02
  9.344409e+00,  1.478912e+02
  2.735534e+00,  1.289083e+02
  5.003233e+00,  5.673787e+01
  8.752244e+00,  8.519442e+01
  1.274350e+01,  1.362054e+02
  1.945776e+01,  1.772589e+02
  2.346917e+01,  1.992392e+02
  2.032909e+01,  2.050415e+02
  1.235347e+01,  1.914903e+02
  6.876150e+00,  1.593938e+02
  4.732099e+00,  1.536635e+02
  4.346826e+00,  2.085744e+02
  6.501058e+00,  2.504998e+02
  4.012939e+00,  2.826324e+02
  4.396479e+00,  7.294498e+01
  1.524173e+01,  1.134103e+02
  2.266472e+01,  1.459934e+02
  2.646215e+01,  1.852041e+02
  2.816411e+01,  2.264188e+02
  2.544674e+01,  2.640102e+02
  1.694242e+01,  3.026083e+02
  9.093312e+00,  4.326326e+00
  9.461874e+00,  6.023627e+01
  7.942319e+00,  6.407968e+01
  6.088131e+00,  3.568320e+01
  4.060449e+00,  1.616056e+01
  9.573828e-01,  2.291441e+02
  7.208669e+00,  2.105102e+02
  8.509013e+00,  2.252253e+02
  4.235441e+00,  2.814105e+02
  8.244535e+00,  1.069925e+01
  1.188389e+01,  4.310073e+01
  8.215265e+00,  7.946024e+01
  7.014416e+00,  1.667584e+02
  1.221291e+01,  2.139192e+02
  1.070730e+01,  2.372731e+02
  4.061123e+00,  3.026164e+02
  1.108566e+01,  2.457059e+01
  1.594371e+01,  3.458624e+01
  1.143377e+01,  1.864955e+01
  7.502849e+00,  3.003729e+02
  1.655706e+01,  2.624760e+02
  1.973311e+01,  2.576169e+02
  1.369535e+01,  2.590408e+02
  3.242768e+00,  2.791044e+02
  3.788512e+00,  4.597535e+01
  3.872030e+00,  4.200415e+01
  3.755497e+00,  3.076376e+02
  1.122321e+01,  2.864814e+02
  1.559311e+01,  2.912940e+02
  1.601575e+01,  3.034159e+02
  1.553114e+01,  3.179845e+02
  1.438070e+01,  3.238521e+02
  1.122552e+01,  3.148026e+02
  7.604084e+00,  2.867282e+02
  6.715856e+00,  2.456768e+02
  7.539131e+00,  2.201412e+02
  7.661022e+00,  2.149808e+02
  7.346012e+00,  2.297520e+02
  8.709948e+00,  2.564773e+02
  1.194995e+01,  2.781947e+02
  1.510987e+01,  2.925795e+02
  1.694331e+01,  3.018313e+02
  1.741956e+01,  3.080496e+02
  1.657800e+01,  3.126702e+02
  1.332419e+01,  3.147906e+02
  7.124077e+00,  3.098227e+02
  1.476906e+00,  2.653280e+02
  3.180049e+00,  1.742301e+02
  3.921407e+00,  1.702943e+02
  2.507347e+00,  1.927049e+02
  3.223253e+00,  2.522969e+02
  7.107400e+00,  2.705478e+02
  1.111792e+01,  2.778364e+02
  1.205219e+01,  2.809209e+02
  7.339568e+00,  2.787989e+02
  5.998678e-01,  5.268962e+01
  7.973065e+00,  8.167030e+01
  1.060702e+01,  7.737863e+01
  5.838531e+00,  5.105764e+01
  6.512956e+00,  3.121364e+02
  1.425230e+01,  3.011954e+02
  1.463985e+01,  3.173424e+02
  8.532775e+00,  3.576354e+02
  6.300478e+00,  9.915420e+01
  1.175284e+01,  1.698943e+02
  1.266845e+01,  2.163949e+02
  5.965490e+00,  2.791135e+02
  1.147437e+01,  4.488809e+01
  2.210037e+01,  7.907535e+01
  2.201609e+01,  8.220414e+01
  1.552303e+01,  4.904606e+01
  1.642591e+01,  3.568150e+02
  1.811945e+01,  3.314889e+02
  1.195893e+01,  3.092381e+02
  5.395115e+00,  2.205161e+02
  1.398047e+01,  1.645237e+02
  1.797452e+01,  1.516919e+02
  1.325818e+01,  1.455640e+02
  3.443850e+00,  1.337659e+02
  3.189080e+00,  3.266329e+02
  5.126265e+00,  3.176786e+02
  1.485816e+00,  2.893930e+00
  7.414465e+00,  9.500629e+01
  1.508296e+01,  1.003910e+02
  1.587399e+01,  1.011223e+02
  7.894271e+00,  1.035071e+02
  3.586363e+00,  2.515133e+02
  1.333218e+01,  2.671449e+02
  1.502685e+01,  2.638103e+02
  8.912699e+00,  2.411651e+02
  5.363822e+00,  1.734558e+02
  4.548307e+00,  1.399954e+02
  1.840045e+00,  3.443678e+02
  1.077787e+01,  3.354643e+02
  1.241597e+01,  3.468853e+02
  4.617616e+00,  2.495941e+01
  7.814823e+00,  1.496315e+02
  1.212378e+01,  1.820164e+02
  7.474384e+00,  2.164481e+02
  6.156476e+00,  3.100843e+02
  1.103619e+01,  3.482367e+02
  8.560802e+00,  9.257431e-01
  1.324033e+00,  9.020355e+01
  9.895577e+00,  1.668311e+02
  1.454169e+01,  1.750172e+02
  1.123742e+01,  1.738629e+02
  4.820727e+00,  1.673013e+02
  1.793540e+00,  2.077224e+02
  5.440301e+00,  2.428123e+02
  8.648064e+00,  2.464560e+02
  5.334972e+00,  2.475888e+02
  2.638085e+00,  4.688877e+01
  1.235525e+01,  5.658183e+01
  1.583143e+01,  5.724626e+01
  1.097134e+01,  5.453742e+01
  3.626350e+00,  6.477587e+01
  2.646790e-01,  1.685089e+02
##END=