##TITLE= twqubit_C57180_H_25000_NoBufferfix1
##JCAMP-DX= 5.00 Bruker JCAMP library
##DATA TYPE= Shape Data
##ORIGIN= Colm Fixed Pulses 
##OWNER= d29lu
##DATE= 18-May-2015
##TIME= 19:13
##MINX= 4.134616e-01
##MAXX= 2.594892e+01
##MINY= 2.221795e+00
##MAXY= 3.584497e+02
##$SHAPE_EXMODE= None
##$SHAPE_TOTROT= 9.000000e+01
##$SHAPE_BWFAC= 1.000000e+00
##$SHAPE_INTEGFAC= 1.000000e+00
##$SHAPE_MODE= 1
##NPOINTS= 200
##XYPOINTS= (XY..XY)
  4.134616e-01,  3.330376e+02
  3.784328e+00,  2.080985e+01
  9.426150e+00,  1.840433e+01
  1.230456e+01,  1.686356e+01
  1.323221e+01,  1.479240e+01
  1.330399e+01,  1.427623e+01
  1.273184e+01,  1.290181e+01
  1.185439e+01,  9.616050e+00
  1.085363e+01,  5.898857e+00
  9.299385e+00,  6.142202e+00
  7.050358e+00,  1.263761e+01
  4.548802e+00,  2.882015e+01
  2.637858e+00,  6.815184e+01
  3.173669e+00,  1.307878e+02
  5.568522e+00,  1.551360e+02
  8.400214e+00,  1.621458e+02
  1.097108e+01,  1.662435e+02
  1.314795e+01,  1.686636e+02
  1.532569e+01,  1.698074e+02
  1.784660e+01,  1.676693e+02
  2.037242e+01,  1.625950e+02
  2.239367e+01,  1.556310e+02
  2.380512e+01,  1.476403e+02
  2.484046e+01,  1.392200e+02
  2.594892e+01,  1.328315e+02
  2.557584e+01,  1.269576e+02
  2.396074e+01,  1.211260e+02
  2.199546e+01,  1.174594e+02
  1.935107e+01,  1.153746e+02
  1.624892e+01,  1.144672e+02
  1.272790e+01,  1.139793e+02
  8.850545e+00,  1.135052e+02
  4.802806e+00,  1.125825e+02
  7.589351e-01,  1.015390e+02
  3.526579e+00,  2.909955e+02
  7.398320e+00,  2.910060e+02
  1.088213e+01,  2.893924e+02
  1.395091e+01,  2.873150e+02
  1.657975e+01,  2.851236e+02
  1.865470e+01,  2.812843e+02
  1.993613e+01,  2.759260e+02
  2.033695e+01,  2.700621e+02
  2.027252e+01,  2.640442e+02
  1.991704e+01,  2.580282e+02
  1.906415e+01,  2.528043e+02
  1.771167e+01,  2.497743e+02
  1.656530e+01,  2.492904e+02
  1.585436e+01,  2.509492e+02
  1.542490e+01,  2.542378e+02
  1.525599e+01,  2.587130e+02
  1.491748e+01,  2.631090e+02
  1.385060e+01,  2.670166e+02
  1.221190e+01,  2.718537e+02
  1.058645e+01,  2.775638e+02
  8.841693e+00,  2.833074e+02
  7.038762e+00,  2.903610e+02
  5.770459e+00,  3.002085e+02
  4.913361e+00,  3.041242e+02
  3.440263e+00,  2.937578e+02
  1.842196e+00,  2.368195e+02
  3.546613e+00,  1.722487e+02
  6.747488e+00,  1.565952e+02
  1.046229e+01,  1.504566e+02
  1.446458e+01,  1.465362e+02
  1.782745e+01,  1.433174e+02
  1.990711e+01,  1.393309e+02
  2.070133e+01,  1.338547e+02
  2.059504e+01,  1.275919e+02
  1.987148e+01,  1.202016e+02
  1.919960e+01,  1.119351e+02
  1.894775e+01,  1.045159e+02
  1.884889e+01,  9.889590e+01
  1.809036e+01,  9.624527e+01
  1.631757e+01,  9.706267e+01
  1.399572e+01,  1.019001e+02
  1.184620e+01,  1.107305e+02
  1.003312e+01,  1.219409e+02
  8.551705e+00,  1.389564e+02
  7.884837e+00,  1.626517e+02
  8.400350e+00,  1.858089e+02
  9.188734e+00,  2.016695e+02
  9.631886e+00,  2.120595e+02
  9.909238e+00,  2.192510e+02
  1.014284e+01,  2.237510e+02
  1.009372e+01,  2.245364e+02
  9.427352e+00,  2.221048e+02
  8.169869e+00,  2.160929e+02
  6.638365e+00,  2.038071e+02
  5.420958e+00,  1.820462e+02
  5.045000e+00,  1.514855e+02
  5.599566e+00,  1.220128e+02
  6.859200e+00,  1.003202e+02
  8.247451e+00,  8.614507e+01
  9.438798e+00,  7.583004e+01
  1.020314e+01,  6.754828e+01
  1.039952e+01,  6.078887e+01
  9.982065e+00,  5.484281e+01
  9.020216e+00,  4.878939e+01
  7.700495e+00,  4.114180e+01
  6.245603e+00,  3.137707e+01
  5.064547e+00,  1.822585e+01
  4.227854e+00,  5.598846e+00
  3.660847e+00,  3.538661e+02
  3.247603e+00,  3.466990e+02
  3.109934e+00,  3.528507e+02
  3.633842e+00,  1.407286e+01
  5.128406e+00,  3.290539e+01
  7.189034e+00,  4.172560e+01
  9.533461e+00,  4.491194e+01
  1.191845e+01,  4.501604e+01
  1.414683e+01,  4.209310e+01
  1.599211e+01,  3.854028e+01
  1.745077e+01,  3.426428e+01
  1.850596e+01,  2.951903e+01
  1.928523e+01,  2.529195e+01
  1.971056e+01,  2.147403e+01
  1.947412e+01,  1.865802e+01
  1.839715e+01,  1.734667e+01
  1.658995e+01,  1.777174e+01
  1.423391e+01,  2.025468e+01
  1.154921e+01,  2.639537e+01
  8.940167e+00,  3.746815e+01
  6.942458e+00,  5.706946e+01
  6.221524e+00,  8.522838e+01
  6.930989e+00,  1.110299e+02
  8.406795e+00,  1.288047e+02
  1.001486e+01,  1.400313e+02
  1.130180e+01,  1.476323e+02
  1.201701e+01,  1.540252e+02
  1.195505e+01,  1.597678e+02
  1.100016e+01,  1.656094e+02
  9.378143e+00,  1.730959e+02
  7.656109e+00,  1.815898e+02
  6.302882e+00,  1.881060e+02
  5.250755e+00,  1.922337e+02
  4.280186e+00,  1.953577e+02
  3.231646e+00,  1.952685e+02
  2.217658e+00,  1.850188e+02
  1.327988e+00,  1.621785e+02
  4.642131e-01,  8.660040e+01
  1.451822e+00,  3.584497e+02
  3.195808e+00,  2.221795e+00
  5.035438e+00,  6.345818e+00
  6.832293e+00,  7.989198e+00
  8.760473e+00,  8.845630e+00
  1.089312e+01,  1.152320e+01
  1.315283e+01,  1.566975e+01
  1.531079e+01,  2.014290e+01
  1.722358e+01,  2.362783e+01
  1.884607e+01,  2.523282e+01
  2.002363e+01,  2.445509e+01
  2.034707e+01,  2.113243e+01
  1.972976e+01,  1.583360e+01
  1.870853e+01,  1.045312e+01
  1.758558e+01,  6.151030e+00
  1.643267e+01,  3.484558e+00
  1.536385e+01,  2.656298e+00
  1.445243e+01,  4.371077e+00
  1.325419e+01,  7.662588e+00
  1.132388e+01,  1.148657e+01
  8.702710e+00,  1.551224e+01
  5.820878e+00,  2.306055e+01
  3.134553e+00,  4.248287e+01
  2.237211e+00,  1.082424e+02
  4.106867e+00,  1.486149e+02
  6.147422e+00,  1.574021e+02
  7.648660e+00,  1.603107e+02
  8.614080e+00,  1.629835e+02
  9.126681e+00,  1.658070e+02
  9.095378e+00,  1.674217e+02
  8.280495e+00,  1.684999e+02
  6.922808e+00,  1.720651e+02
  5.569013e+00,  1.798082e+02
  4.603282e+00,  1.899793e+02
  3.781472e+00,  1.998949e+02
  2.890969e+00,  2.115328e+02
  2.130059e+00,  2.275023e+02
  1.729424e+00,  2.438610e+02
  1.394637e+00,  2.453888e+02
  1.125701e+00,  2.206405e+02
  1.387776e+00,  1.885926e+02
  2.251870e+00,  1.759671e+02
  3.967956e+00,  1.734616e+02
  6.740864e+00,  1.730065e+02
  1.031632e+01,  1.730807e+02
  1.413059e+01,  1.729848e+02
  1.765491e+01,  1.749269e+02
  2.060344e+01,  1.771796e+02
  2.266268e+01,  1.794415e+02
  2.363133e+01,  1.818090e+02
  2.347156e+01,  1.843538e+02
  2.234290e+01,  1.867323e+02
  2.021454e+01,  1.886272e+02
  1.710292e+01,  1.895423e+02
  1.365552e+01,  1.892735e+02
  1.027429e+01,  1.881179e+02
  6.860881e+00,  1.838169e+02
  3.130492e+00,  1.692498e+02
  2.030430e+00,  4.862707e+01
  8.229077e-01,  3.501667e+02
##END=