##TITLE= twqubit_C2Y5X90_C_25000_NoBufferfix5
##JCAMP-DX= 5.00 Bruker JCAMP library
##DATA TYPE= Shape Data
##ORIGIN= Colm Fixed Pulses 
##OWNER= d29lu
##DATE= 18-May-2015
##TIME= 17:14
##MINX= 6.878351e-01
##MAXX= 2.954163e+01
##MINY= 4.086505e-01
##MAXY= 3.472186e+02
##$SHAPE_EXMODE= None
##$SHAPE_TOTROT= 9.000000e+01
##$SHAPE_BWFAC= 1.000000e+00
##$SHAPE_INTEGFAC= 1.000000e+00
##$SHAPE_MODE= 1
##NPOINTS= 100
##XYPOINTS= (XY..XY)
  6.878351e-01,  1.156758e+02
  1.199877e+00,  1.510636e+02
  1.751717e+00,  3.252938e+02
  1.122111e+01,  3.375134e+02
  1.740468e+01,  3.472186e+02
  1.966704e+01,  2.782502e+00
  2.245803e+01,  2.351098e+01
  2.700965e+01,  3.573647e+01
  2.954163e+01,  3.704387e+01
  2.702804e+01,  3.683236e+01
  1.926505e+01,  4.252983e+01
  9.625273e+00,  5.335930e+01
  2.425826e+00,  5.497989e+01
  2.250250e+00,  3.305601e+02
  4.206652e+00,  3.306753e+02
  3.111764e+00,  3.310912e+02
  1.177825e+00,  2.349178e+02
  4.561590e+00,  1.818916e+02
  5.432306e+00,  1.468130e+02
  9.205096e+00,  8.596728e+01
  1.807248e+01,  5.776694e+01
  2.330400e+01,  3.276943e+01
  2.535686e+01,  4.086505e-01
  2.614662e+01,  3.325454e+02
  2.076498e+01,  3.104830e+02
  1.108603e+01,  2.652216e+02
  1.199131e+01,  1.951661e+02
  1.351419e+01,  1.684325e+02
  6.573013e+00,  1.285073e+02
  9.649453e+00,  4.072937e+01
  1.418293e+01,  3.655670e+01
  6.698695e+00,  6.396220e+01
  1.094583e+01,  1.933170e+02
  2.239865e+01,  2.279906e+02
  2.303488e+01,  2.630280e+02
  2.170533e+01,  3.208992e+02
  2.706191e+01,  1.153389e+01
  2.648060e+01,  4.260600e+01
  1.630543e+01,  7.525780e+01
  9.405381e+00,  1.496563e+02
  1.243049e+01,  2.042893e+02
  9.639578e+00,  2.362133e+02
  6.563198e+00,  2.942895e+02
  7.240463e+00,  3.285887e+02
  3.884860e+00,  2.957430e+02
  1.026905e+01,  2.166293e+02
  2.069770e+01,  2.075075e+02
  2.464620e+01,  2.015650e+02
  2.227202e+01,  1.950745e+02
  1.772243e+01,  1.931485e+02
  1.539266e+01,  2.048841e+02
  1.778517e+01,  2.256033e+02
  2.234806e+01,  2.420522e+02
  2.512073e+01,  2.534498e+02
  2.540171e+01,  2.627152e+02
  2.482236e+01,  2.717108e+02
  2.399241e+01,  2.778162e+02
  2.179591e+01,  2.788978e+02
  1.673940e+01,  2.764878e+02
  7.364585e+00,  2.623365e+02
  4.857914e+00,  1.442125e+02
  1.337817e+01,  1.290035e+02
  1.657373e+01,  1.489044e+02
  1.932759e+01,  1.935760e+02
  2.267775e+01,  2.328555e+02
  1.758661e+01,  2.637746e+02
  6.172470e+00,  3.146933e+02
  5.536282e+00,  7.250407e+01
  7.183750e+00,  1.525711e+02
  1.592171e+01,  2.239523e+02
  2.592075e+01,  2.531547e+02
  2.588259e+01,  2.559306e+02
  1.853245e+01,  2.170193e+02
  2.070271e+01,  1.660467e+02
  1.780051e+01,  1.369156e+02
  8.438237e+00,  8.259708e+01
  9.325928e+00,  3.463876e+02
  1.672301e+01,  2.947275e+02
  2.473930e+01,  2.642202e+02
  2.830199e+01,  2.402342e+02
  2.741104e+01,  2.111574e+02
  2.606268e+01,  1.899378e+02
  2.201674e+01,  1.954738e+02
  1.820567e+01,  2.248344e+02
  1.507349e+01,  2.545874e+02
  7.848286e+00,  2.798095e+02
  2.980824e+00,  3.282382e+01
  8.545283e+00,  8.354516e+01
  7.971343e+00,  1.066584e+02
  5.075569e+00,  1.816288e+02
  1.298728e+01,  2.327505e+02
  1.844664e+01,  2.339619e+02
  1.840659e+01,  2.149756e+02
  1.626288e+01,  1.878022e+02
  1.125608e+01,  1.636981e+02
  3.213515e+00,  1.331084e+02
  3.785584e+00,  3.393782e+02
  8.065335e+00,  3.103145e+02
  8.061548e+00,  2.788649e+02
  8.207267e-01,  1.773696e+02
##END=