##TITLE= twqubit_C290_C_25000_NoBufferfix6
##JCAMP-DX= 5.00 Bruker JCAMP library
##DATA TYPE= Shape Data
##ORIGIN= Colm Fixed Pulses 
##OWNER= d29lu
##DATE= 18-May-2015
##TIME= 16:51
##MINX= 1.295556e+00
##MAXX= 3.718361e+01
##MINY= 1.601322e+00
##MAXY= 3.570867e+02
##$SHAPE_EXMODE= None
##$SHAPE_TOTROT= 9.000000e+01
##$SHAPE_BWFAC= 1.000000e+00
##$SHAPE_INTEGFAC= 1.000000e+00
##$SHAPE_MODE= 1
##NPOINTS= 100
##XYPOINTS= (XY..XY)
  1.295556e+00,  1.018611e+02
  1.336344e+01,  1.533664e+02
  2.805455e+01,  2.197398e+02
  3.718361e+01,  2.535923e+02
  2.524037e+01,  2.606185e+02
  1.812847e+01,  2.411710e+02
  7.591524e+00,  2.031950e+02
  9.448161e+00,  6.664632e+01
  2.177803e+01,  3.688978e+01
  2.640891e+01,  1.328799e+01
  2.092709e+01,  3.548534e+02
  1.334483e+01,  2.907750e+02
  2.288584e+01,  2.440672e+02
  2.064569e+01,  2.236929e+02
  8.517536e+00,  1.765099e+02
  7.563141e+00,  6.441972e+01
  1.684505e+01,  1.110879e+01
  1.992083e+01,  8.944203e+00
  6.295676e+00,  6.015410e+01
  1.790082e+01,  1.903813e+02
  2.310905e+01,  2.193951e+02
  7.699630e+00,  2.621183e+02
  1.627962e+01,  4.647362e+01
  2.241009e+01,  6.689299e+01
  1.347003e+01,  5.389746e+01
  1.124618e+01,  2.851467e+01
  1.609633e+01,  6.075614e+01
  1.902164e+01,  8.230864e+01
  7.197540e+00,  6.997477e+01
  1.507880e+01,  3.092729e+02
  2.495665e+01,  3.000983e+02
  1.881703e+01,  2.729656e+02
  1.832508e+01,  2.286432e+02
  1.793084e+01,  2.356567e+02
  1.493055e+01,  2.958772e+02
  2.062599e+01,  3.498089e+02
  1.882808e+01,  1.890220e+01
  9.833346e+00,  4.737304e+01
  3.834014e+00,  6.238764e+01
  1.128970e+01,  1.601322e+00
  2.801050e+01,  8.367189e+00
  3.125346e+01,  2.391705e+01
  1.465888e+01,  5.895217e+01
  1.683905e+01,  1.897341e+02
  2.619981e+01,  2.226957e+02
  1.259597e+01,  2.438122e+02
  1.199465e+01,  6.103218e+01
  2.415562e+01,  8.780624e+01
  1.458821e+01,  1.172372e+02
  1.208379e+01,  2.453282e+02
  2.564594e+01,  2.807928e+02
  2.425274e+01,  2.803356e+02
  1.851166e+01,  2.550936e+02
  9.883419e+00,  2.458353e+02
  6.817566e+00,  1.661301e+01
  1.594516e+01,  3.434781e+01
  1.026254e+01,  1.613375e+01
  8.789883e+00,  2.930642e+02
  1.659778e+01,  2.727732e+02
  1.517214e+01,  2.590345e+02
  5.635329e+00,  2.166253e+02
  8.034573e+00,  8.344855e+01
  1.944231e+01,  5.872739e+01
  2.527100e+01,  4.681097e+01
  1.964782e+01,  4.781717e+01
  4.108031e+00,  1.404811e+02
  2.318139e+01,  2.187126e+02
  3.011099e+01,  2.336443e+02
  2.024912e+01,  2.587014e+02
  1.292090e+01,  3.444929e+02
  1.813934e+01,  4.057900e+01
  9.667774e+00,  8.374004e+01
  1.066642e+01,  1.984603e+02
  1.666955e+01,  2.254787e+02
  1.072748e+01,  2.197051e+02
  3.237464e+00,  1.557515e+02
  4.831979e+00,  9.132566e+01
  2.475935e+00,  1.073231e+02
  4.585272e+00,  2.120698e+02
  1.069967e+01,  2.269182e+02
  1.445525e+01,  2.383239e+02
  1.847052e+01,  2.552048e+02
  2.525185e+01,  2.616896e+02
  3.144192e+01,  2.558965e+02
  3.137931e+01,  2.510779e+02
  2.191560e+01,  2.408963e+02
  1.189064e+01,  1.881542e+02
  1.146613e+01,  1.267455e+02
  8.902274e+00,  5.555341e+01
  1.457105e+01,  3.570867e+02
  1.433140e+01,  3.267657e+02
  6.034911e+00,  2.537884e+02
  1.555667e+01,  1.730000e+02
  2.385136e+01,  1.550728e+02
  2.569789e+01,  1.411911e+02
  2.675191e+01,  1.453232e+02
  2.719031e+01,  1.803012e+02
  2.600544e+01,  2.394675e+02
  1.760707e+01,  3.263515e+02
  3.842153e+00,  9.917083e+01
##END=