##TITLE= twqubit_C234790withPC_C_25000_NoBufferfix2
##JCAMP-DX= 5.00 Bruker JCAMP library
##DATA TYPE= Shape Data
##ORIGIN= Colm Fixed Pulses 
##OWNER= d29lu
##DATE= 18-May-2015
##TIME= 16:59
##MINX= 5.342016e-01
##MAXX= 2.456373e+01
##MINY= 2.905723e+00
##MAXY= 3.596593e+02
##$SHAPE_EXMODE= None
##$SHAPE_TOTROT= 9.000000e+01
##$SHAPE_BWFAC= 1.000000e+00
##$SHAPE_INTEGFAC= 1.000000e+00
##$SHAPE_MODE= 1
##NPOINTS= 100
##XYPOINTS= (XY..XY)
  1.688952e+00,  3.514915e+02
  3.449348e+00,  2.586126e+02
  5.073583e+00,  2.078683e+02
  9.000031e+00,  1.093542e+02
  1.870296e+01,  7.982381e+01
  1.985218e+01,  6.033817e+01
  1.236315e+01,  2.599474e+01
  9.310974e+00,  3.065467e+02
  1.302625e+01,  2.590917e+02
  1.237742e+01,  2.182893e+02
  1.295277e+01,  1.697717e+02
  1.504300e+01,  1.409362e+02
  1.265540e+01,  1.308617e+02
  6.579642e+00,  1.457456e+02
  5.412980e+00,  2.081466e+02
  6.915460e+00,  2.344869e+02
  3.892141e+00,  2.560443e+02
  3.451989e+00,  3.551004e+02
  7.155450e+00,  1.180236e+01
  5.944652e+00,  3.417580e+02
  9.497180e+00,  2.727943e+02
  1.734688e+01,  2.537225e+02
  1.722054e+01,  2.441076e+02
  8.648933e+00,  2.108936e+02
  1.116759e+01,  1.314540e+02
  1.720963e+01,  1.223073e+02
  1.262309e+01,  1.313343e+02
  3.510666e+00,  2.172524e+02
  1.345532e+01,  2.966522e+02
  1.854299e+01,  3.181758e+02
  1.548650e+01,  3.350230e+02
  7.724568e+00,  3.463484e+02
  1.305563e+00,  3.219429e+02
  1.709495e+00,  2.367544e+02
  1.392692e+00,  1.199471e+02
  1.082593e+01,  1.059720e+02
  2.140878e+01,  1.207539e+02
  2.456373e+01,  1.373243e+02
  1.802683e+01,  1.690750e+02
  1.506624e+01,  2.426895e+02
  2.192043e+01,  2.928064e+02
  2.006558e+01,  3.203992e+02
  9.424460e+00,  2.905723e+00
  9.832742e+00,  1.007173e+02
  1.331820e+01,  1.369119e+02
  8.029617e+00,  1.588693e+02
  2.232835e+00,  2.459297e+02
  4.658138e+00,  3.116337e+02
  2.885544e+00,  3.252536e+02
  5.342016e-01,  1.523534e+02
  2.265310e+00,  1.365629e+02
  2.437211e+00,  9.859091e+01
  3.529721e+00,  7.397046e+01
  3.680647e+00,  1.009364e+02
  5.593342e+00,  1.521646e+02
  7.526279e+00,  1.751918e+02
  3.762533e+00,  1.778004e+02
  3.693080e+00,  2.815416e+01
  1.066088e+01,  2.421449e+01
  9.321709e+00,  2.122256e+01
  1.273983e+00,  3.002569e+02
  1.099910e+01,  2.153170e+02
  1.588294e+01,  2.032165e+02
  1.359116e+01,  1.738184e+02
  1.282290e+01,  1.230469e+02
  1.443388e+01,  8.318764e+01
  1.313766e+01,  4.264525e+01
  1.341109e+01,  3.531701e+02
  1.541879e+01,  3.171733e+02
  1.468816e+01,  2.896773e+02
  1.103514e+01,  2.635868e+02
  4.658955e+00,  2.356637e+02
  3.070252e+00,  9.477175e+01
  1.016908e+01,  7.749155e+01
  1.325018e+01,  8.290733e+01
  1.218453e+01,  9.220811e+01
  9.537762e+00,  9.398404e+01
  8.506302e+00,  7.101363e+01
  1.165902e+01,  4.729165e+01
  1.323065e+01,  3.695781e+01
  8.780455e+00,  1.823318e+01
  5.516183e+00,  3.007798e+02
  1.124726e+01,  2.621963e+02
  1.091035e+01,  2.502983e+02
  3.558664e+00,  2.099665e+02
  7.991644e+00,  1.047925e+02
  1.376991e+01,  9.355348e+01
  1.297315e+01,  8.047651e+01
  1.014082e+01,  5.488098e+01
  8.307900e+00,  3.299749e+01
  3.517795e+00,  2.733209e+01
  3.851444e+00,  2.169714e+02
  1.309210e+01,  2.317658e+02
  1.789682e+01,  2.493989e+02
  1.612969e+01,  2.679884e+02
  9.798599e+00,  2.983201e+02
  9.002221e+00,  3.596593e+02
  1.398391e+01,  2.332364e+01
  1.483973e+01,  1.697822e+01
  4.574130e+00,  3.424610e+02
##END=