##TITLE= twqubit_C2180_H_25000_NoBufferfix6
##JCAMP-DX= 5.00 Bruker JCAMP library
##DATA TYPE= Shape Data
##ORIGIN= Colm Fixed Pulses 
##OWNER= d29lu
##DATE= 18-May-2015
##TIME= 19:1
##MINX= 1.875703e-01
##MAXX= 3.303539e+01
##MINY= 2.674383e+00
##MAXY= 3.573846e+02
##$SHAPE_EXMODE= None
##$SHAPE_TOTROT= 9.000000e+01
##$SHAPE_BWFAC= 1.000000e+00
##$SHAPE_INTEGFAC= 1.000000e+00
##$SHAPE_MODE= 1
##NPOINTS= 200
##XYPOINTS= (XY..XY)
  1.875703e-01,  3.549381e+02
  1.121784e+00,  2.324164e+02
  1.966524e+00,  2.014335e+02
  3.319194e+00,  1.048972e+02
  8.835299e+00,  7.402384e+01
  1.498623e+01,  6.483792e+01
  2.066817e+01,  6.079024e+01
  2.561138e+01,  5.949515e+01
  2.869715e+01,  5.928436e+01
  2.987384e+01,  6.132153e+01
  2.943021e+01,  6.598672e+01
  2.792747e+01,  7.327686e+01
  2.613642e+01,  8.105203e+01
  2.393385e+01,  8.631818e+01
  2.221522e+01,  8.981434e+01
  1.987102e+01,  9.138011e+01
  1.641349e+01,  8.989086e+01
  1.249720e+01,  8.481486e+01
  9.222743e+00,  7.503285e+01
  6.825088e+00,  5.722311e+01
  6.383968e+00,  2.389413e+01
  8.920255e+00,  3.573846e+02
  1.258769e+01,  3.445110e+02
  1.574448e+01,  3.337979e+02
  1.762187e+01,  3.233781e+02
  1.850483e+01,  3.131168e+02
  1.882017e+01,  3.047683e+02
  1.872151e+01,  2.989511e+02
  1.853051e+01,  2.958501e+02
  1.821605e+01,  2.928793e+02
  1.737738e+01,  2.857417e+02
  1.634196e+01,  2.748403e+02
  1.548561e+01,  2.657150e+02
  1.458555e+01,  2.614431e+02
  1.356671e+01,  2.623111e+02
  1.261210e+01,  2.689754e+02
  1.244798e+01,  2.804289e+02
  1.354874e+01,  2.906366e+02
  1.527688e+01,  2.968201e+02
  1.689121e+01,  2.992825e+02
  1.770390e+01,  3.002600e+02
  1.717595e+01,  3.032140e+02
  1.552275e+01,  3.100140e+02
  1.333188e+01,  3.198901e+02
  1.065080e+01,  3.313410e+02
  7.551521e+00,  3.443540e+02
  4.842453e+00,  7.304134e+00
  3.850184e+00,  4.099494e+01
  3.726689e+00,  5.876946e+01
  3.434448e+00,  6.307941e+01
  3.134273e+00,  7.041140e+01
  2.056818e+00,  8.383472e+01
  1.417434e+00,  2.410408e+02
  6.591302e+00,  2.642181e+02
  1.255680e+01,  2.667900e+02
  1.902358e+01,  2.654774e+02
  2.597716e+01,  2.644943e+02
  3.129665e+01,  2.620651e+02
  3.303539e+01,  2.586876e+02
  3.134104e+01,  2.556285e+02
  2.685682e+01,  2.535569e+02
  2.048610e+01,  2.534607e+02
  1.425662e+01,  2.596970e+02
  9.178713e+00,  2.780984e+02
  6.632402e+00,  3.174554e+02
  8.224814e+00,  2.674383e+00
  1.224993e+01,  2.293389e+01
  1.500959e+01,  2.760869e+01
  1.461176e+01,  2.814781e+01
  1.194288e+01,  2.892083e+01
  8.615822e+00,  2.954840e+01
  5.352852e+00,  3.030868e+01
  2.778713e+00,  3.445640e+01
  1.742563e+00,  4.848496e+01
  2.118063e+00,  4.455288e+01
  3.272646e+00,  2.989238e+01
  4.791783e+00,  2.305353e+01
  6.622376e+00,  2.255751e+01
  8.711388e+00,  2.400908e+01
  1.111065e+01,  2.661893e+01
  1.422163e+01,  3.290899e+01
  1.819103e+01,  4.362843e+01
  2.221958e+01,  5.492040e+01
  2.464156e+01,  6.455762e+01
  2.425400e+01,  7.009849e+01
  2.217504e+01,  6.985075e+01
  2.036848e+01,  6.534301e+01
  1.841664e+01,  6.171781e+01
  1.515551e+01,  5.861687e+01
  1.158060e+01,  5.176991e+01
  8.594439e+00,  3.722068e+01
  6.138017e+00,  1.058727e+01
  6.656889e+00,  3.318406e+02
  9.875664e+00,  3.185246e+02
  1.295278e+01,  3.180943e+02
  1.506557e+01,  3.188134e+02
  1.618746e+01,  3.183980e+02
  1.564432e+01,  3.144390e+02
  1.071306e+01,  2.950180e+02
  3.677135e+00,  2.440995e+02
  7.621417e+00,  2.336746e+02
  9.135888e+00,  2.263159e+02
  7.970838e+00,  2.105101e+02
  6.549399e+00,  1.739263e+02
  7.653714e+00,  1.323409e+02
  1.054974e+01,  1.047121e+02
  1.405959e+01,  8.849119e+01
  1.713567e+01,  7.930344e+01
  1.951271e+01,  7.311711e+01
  2.116725e+01,  7.087241e+01
  2.191719e+01,  7.434581e+01
  2.206321e+01,  8.068394e+01
  2.185342e+01,  8.497636e+01
  2.131358e+01,  8.593888e+01
  2.065337e+01,  8.577745e+01
  1.923299e+01,  8.400385e+01
  1.631005e+01,  7.805518e+01
  1.287968e+01,  7.057580e+01
  9.618671e+00,  6.723448e+01
  6.268127e+00,  6.929774e+01
  3.089363e+00,  7.408190e+01
  9.755597e-01,  1.183352e+02
  2.252264e+00,  2.085397e+02
  4.479913e+00,  2.331500e+02
  6.855270e+00,  2.487402e+02
  8.935597e+00,  2.586648e+02
  1.032230e+01,  2.633701e+02
  1.077579e+01,  2.633779e+02
  1.076869e+01,  2.590579e+02
  1.098846e+01,  2.535075e+02
  1.128211e+01,  2.499662e+02
  1.113887e+01,  2.488629e+02
  1.077152e+01,  2.512525e+02
  1.084195e+01,  2.584392e+02
  1.154330e+01,  2.683562e+02
  1.225982e+01,  2.776829e+02
  1.270977e+01,  2.851593e+02
  1.316032e+01,  2.903723e+02
  1.361533e+01,  2.927155e+02
  1.360860e+01,  2.920893e+02
  1.267298e+01,  2.892340e+02
  1.086253e+01,  2.866430e+02
  8.888288e+00,  2.890125e+02
  7.369033e+00,  2.967738e+02
  5.746707e+00,  3.022828e+02
  3.232816e+00,  2.936421e+02
  1.534747e+00,  2.049668e+02
  4.235269e+00,  1.624764e+02
  6.993793e+00,  1.569558e+02
  9.120409e+00,  1.563701e+02
  1.006114e+01,  1.603077e+02
  9.583581e+00,  1.757343e+02
  9.736241e+00,  2.071638e+02
  1.244008e+01,  2.358415e+02
  1.621431e+01,  2.520337e+02
  2.014825e+01,  2.623663e+02
  2.362035e+01,  2.685731e+02
  2.642588e+01,  2.722420e+02
  2.704913e+01,  2.724888e+02
  2.648105e+01,  2.705773e+02
  2.511489e+01,  2.670772e+02
  2.340906e+01,  2.629803e+02
  2.129960e+01,  2.602418e+02
  1.836942e+01,  2.584125e+02
  1.484694e+01,  2.551102e+02
  1.097307e+01,  2.499019e+02
  7.206601e+00,  2.415676e+02
  4.490175e+00,  2.294701e+02
  3.732070e+00,  2.118715e+02
  4.440712e+00,  1.998870e+02
  5.512924e+00,  1.940577e+02
  6.538863e+00,  1.897171e+02
  7.195924e+00,  1.851373e+02
  6.880932e+00,  1.756340e+02
  5.866425e+00,  1.538384e+02
  5.735554e+00,  1.218155e+02
  6.665414e+00,  9.711958e+01
  8.066923e+00,  8.073201e+01
  9.769164e+00,  7.009740e+01
  1.160155e+01,  6.352759e+01
  1.386800e+01,  6.021837e+01
  1.701670e+01,  6.172438e+01
  2.084174e+01,  6.726668e+01
  2.392870e+01,  7.532985e+01
  2.462014e+01,  8.395584e+01
  2.309377e+01,  9.136266e+01
  2.095852e+01,  9.649103e+01
  1.873026e+01,  1.008732e+02
  1.599060e+01,  1.061587e+02
  1.271104e+01,  1.113058e+02
  9.263021e+00,  1.143422e+02
  5.694801e+00,  1.180767e+02
  2.089450e+00,  1.267383e+02
  1.163056e+00,  2.834335e+02
  3.010382e+00,  3.053266e+02
  3.803839e+00,  3.046958e+02
  4.374893e+00,  2.918029e+02
  3.724031e+00,  2.575250e+02
  3.591740e+00,  1.596351e+02
  4.619946e-01,  1.053727e+02
##END=