##TITLE= twqubit_C1234690withPC_C_25000_NoBufferfix6
##JCAMP-DX= 5.00 Bruker JCAMP library
##DATA TYPE= Shape Data
##ORIGIN= Colm Fixed Pulses 
##OWNER= d29lu
##DATE= 18-May-2015
##TIME= 17:9
##MINX= 4.033766e-01
##MAXX= 2.768678e+01
##MINY= 1.478448e+00
##MAXY= 3.598853e+02
##$SHAPE_EXMODE= None
##$SHAPE_TOTROT= 9.000000e+01
##$SHAPE_BWFAC= 1.000000e+00
##$SHAPE_INTEGFAC= 1.000000e+00
##$SHAPE_MODE= 1
##NPOINTS= 100
##XYPOINTS= (XY..XY)
  4.033766e-01,  2.027934e+02
  6.856218e+00,  3.206698e+00
  1.810055e+01,  2.849623e+01
  2.091034e+01,  4.995627e+01
  1.190788e+01,  6.506704e+01
  5.454850e+00,  1.913795e+02
  1.772936e+01,  2.244054e+02
  1.903768e+01,  2.259357e+02
  9.648253e+00,  2.231542e+02
  2.890926e+00,  3.528859e+02
  1.376144e+01,  3.951061e+00
  2.178193e+01,  3.569323e+02
  2.300818e+01,  3.598853e+02
  1.490718e+01,  1.892337e+01
  5.080499e+00,  9.153023e+01
  8.221787e+00,  1.915931e+02
  1.017972e+01,  2.574366e+02
  1.508367e+01,  3.292861e+02
  2.181997e+01,  1.717167e+01
  2.309853e+01,  5.480090e+01
  1.936897e+01,  9.313352e+01
  1.292673e+01,  1.326316e+02
  6.760214e+00,  1.839113e+02
  4.796726e+00,  2.283056e+02
  3.613772e+00,  1.902423e+02
  8.749332e+00,  1.495621e+02
  1.178335e+01,  1.406102e+02
  7.454400e+00,  1.150034e+02
  8.709115e+00,  2.610050e+01
  1.920558e+01,  1.478448e+00
  2.410618e+01,  3.524183e+02
  2.114026e+01,  3.449302e+02
  1.272912e+01,  3.260254e+02
  5.892463e+00,  2.818300e+02
  1.228747e+00,  2.163194e+02
  7.105073e+00,  7.789668e+01
  1.541034e+01,  7.094631e+01
  1.699073e+01,  6.388184e+01
  1.197064e+01,  5.228029e+01
  5.208317e+00,  6.217706e+01
  6.475055e+00,  1.214856e+02
  9.169099e+00,  1.222799e+02
  5.556936e+00,  8.223366e+01
  7.821856e+00,  3.594567e+02
  1.080869e+01,  3.375345e+02
  3.903043e+00,  3.439306e+02
  9.922042e+00,  1.104946e+02
  2.247803e+01,  1.097778e+02
  2.768678e+01,  9.706629e+01
  2.714098e+01,  8.013695e+01
  2.248489e+01,  7.062840e+01
  1.307895e+01,  9.124931e+01
  1.414273e+01,  1.661829e+02
  2.245986e+01,  1.985723e+02
  2.149433e+01,  2.193735e+02
  1.155236e+01,  2.545372e+02
  9.256115e+00,  3.537489e+02
  1.497202e+01,  3.561714e+01
  1.079234e+01,  4.366298e+01
  2.539592e+00,  3.476911e+02
  6.568400e+00,  2.713816e+02
  5.500165e+00,  2.608536e+02
  1.068754e+00,  1.194542e+02
  8.500493e+00,  8.117918e+01
  1.360745e+01,  7.009975e+01
  1.523154e+01,  5.762701e+01
  1.214861e+01,  5.099499e+01
  4.357066e+00,  8.608289e+01
  9.878809e+00,  1.846380e+02
  1.732722e+01,  2.078329e+02
  1.825767e+01,  2.258589e+02
  1.570555e+01,  2.521793e+02
  1.299837e+01,  2.891804e+02
  9.864090e+00,  3.362843e+02
  1.000041e+01,  4.235153e+01
  1.324943e+01,  8.237399e+01
  9.867388e+00,  1.021226e+02
  3.296273e+00,  2.055282e+02
  1.572300e+01,  2.595914e+02
  2.371758e+01,  2.613572e+02
  2.457397e+01,  2.552799e+02
  2.107970e+01,  2.530800e+02
  1.501659e+01,  2.634294e+02
  9.404292e+00,  2.927964e+02
  7.663073e+00,  3.334233e+02
  7.348382e+00,  3.539617e+02
  7.349796e+00,  3.543812e+02
  9.278734e+00,  3.505418e+02
  1.187466e+01,  3.498093e+02
  1.218565e+01,  3.446411e+02
  8.941039e+00,  3.201414e+02
  8.918621e+00,  2.591371e+02
  1.313149e+01,  2.294444e+02
  8.376584e+00,  2.011107e+02
  1.035539e+01,  1.068316e+02
  2.020514e+01,  9.889097e+01
  1.541757e+01,  1.154393e+02
  1.059024e+01,  2.303407e+02
  1.678404e+01,  2.714241e+02
  4.029028e+00,  5.610684e+01
##END=