##TITLE= twqubit_C790_C_25000_NoBufferfix8
##JCAMP-DX= 5.00 Bruker JCAMP library
##DATA TYPE= Shape Data
##ORIGIN= Colm Fixed Pulses 
##OWNER= d29lu
##DATE= 18-May-2015
##TIME= 16:48
##MINX= 1.172050e+00
##MAXX= 4.353578e+01
##MINY= 3.231475e+00
##MAXY= 3.573397e+02
##$SHAPE_EXMODE= None
##$SHAPE_TOTROT= 9.000000e+01
##$SHAPE_BWFAC= 1.000000e+00
##$SHAPE_INTEGFAC= 1.000000e+00
##$SHAPE_MODE= 1
##NPOINTS= 100
##XYPOINTS= (XY..XY)
  1.172050e+00,  2.888405e+01
  4.963319e+00,  1.443706e+02
  1.499823e+01,  1.887252e+02
  1.959733e+01,  2.490073e+02
  2.387867e+01,  3.117331e+02
  2.247237e+01,  3.231475e+00
  1.171860e+01,  6.438632e+01
  2.042296e+01,  1.769383e+02
  3.609408e+01,  1.959676e+02
  4.182547e+01,  1.767989e+02
  4.353578e+01,  1.603000e+02
  2.115649e+01,  1.792143e+02
  2.110422e+01,  3.020644e+02
  2.924922e+01,  3.316548e+02
  9.159124e+00,  5.074704e+00
  2.163245e+01,  1.646754e+02
  3.366375e+01,  1.787870e+02
  2.332509e+01,  1.659078e+02
  1.422072e+01,  9.961563e+01
  2.519263e+01,  6.121890e+01
  2.879977e+01,  4.166637e+01
  1.888486e+01,  3.573397e+02
  1.216819e+01,  2.682468e+02
  2.059455e+01,  1.872795e+02
  3.006848e+01,  1.452582e+02
  2.954149e+01,  1.183195e+02
  1.140694e+01,  1.025340e+02
  1.291949e+01,  2.823422e+02
  2.170078e+01,  2.793850e+02
  7.680275e+00,  2.536464e+02
  1.207538e+01,  1.104418e+02
  1.743379e+01,  8.611525e+01
  1.841281e+01,  3.491776e+01
  2.593022e+01,  7.308525e+00
  2.301708e+01,  7.548361e+00
  1.195137e+01,  4.290164e+01
  1.199814e+01,  1.136390e+02
  1.073662e+01,  1.539029e+02
  7.959979e+00,  2.083726e+02
  3.975558e+00,  2.069794e+02
  1.204589e+01,  1.195846e+02
  1.839986e+01,  1.209316e+02
  5.770767e+00,  7.944001e+01
  2.584334e+01,  3.480599e+02
  3.716724e+01,  4.743619e+00
  2.305668e+01,  6.536501e+01
  2.820414e+01,  1.713428e+02
  3.426412e+01,  2.230408e+02
  1.313741e+01,  2.539922e+02
  1.986993e+01,  6.639840e+01
  2.919105e+01,  7.604565e+01
  1.080474e+01,  4.632737e+01
  1.664560e+01,  2.776731e+02
  2.233755e+01,  2.384075e+02
  2.381046e+01,  1.863469e+02
  2.654116e+01,  1.467424e+02
  1.842191e+01,  1.002205e+02
  2.188065e+01,  1.852558e+01
  3.297184e+01,  3.484988e+02
  2.977822e+01,  3.345257e+02
  1.506206e+01,  3.149615e+02
  3.053160e+00,  2.209350e+02
  8.118076e+00,  1.036671e+02
  1.667296e+01,  7.888230e+01
  1.271651e+01,  8.008076e+01
  6.118201e+00,  2.282936e+02
  2.479670e+01,  2.570804e+02
  2.250992e+01,  2.727663e+02
  2.880949e+00,  3.906370e+01
  2.610107e+01,  1.127226e+02
  2.894987e+01,  1.268157e+02
  1.168248e+01,  1.203384e+02
  1.169419e+01,  1.035097e+01
  1.739584e+01,  1.476657e+01
  3.178561e+00,  3.228579e+01
  1.601907e+01,  2.178091e+02
  2.069738e+01,  2.483362e+02
  1.021018e+01,  3.326076e+02
  2.343800e+01,  8.348095e+01
  3.297976e+01,  1.242612e+02
  2.124473e+01,  1.229298e+02
  1.606186e+01,  4.066618e+01
  2.566367e+01,  7.670149e+00
  2.528301e+01,  3.367428e+02
  2.401697e+01,  2.779864e+02
  2.600398e+01,  2.399908e+02
  1.213121e+01,  2.179881e+02
  1.025881e+01,  3.349612e+01
  2.489783e+01,  1.973060e+01
  2.182419e+01,  3.573162e+02
  8.846647e+00,  3.050688e+02
  1.326070e+01,  1.886219e+02
  2.775478e+01,  1.565791e+02
  3.622532e+01,  1.318456e+02
  4.012300e+01,  1.127819e+02
  3.609296e+01,  1.079295e+02
  1.872714e+01,  1.071560e+02
  6.376569e+00,  3.002084e+02
  9.918651e+00,  3.286171e+02
  3.486448e+00,  6.201274e+01
##END=