##TITLE= twqubit_C134690andH90_C_25000_NoBufferfix1
##JCAMP-DX= 5.00 Bruker JCAMP library
##DATA TYPE= Shape Data
##ORIGIN= Colm Fixed Pulses 
##OWNER= d29lu
##DATE= 18-May-2015
##TIME= 17:4
##MINX= 8.540689e-01
##MAXX= 2.617840e+01
##MINY= 1.888540e-01
##MAXY= 3.581554e+02
##$SHAPE_EXMODE= None
##$SHAPE_TOTROT= 9.000000e+01
##$SHAPE_BWFAC= 1.000000e+00
##$SHAPE_INTEGFAC= 1.000000e+00
##$SHAPE_MODE= 1
##NPOINTS= 100
##XYPOINTS= (XY..XY)
  2.718659e+00,  3.030178e+02
  4.643763e+00,  1.498576e+02
  5.308216e+00,  1.791045e+02
  1.359210e+01,  2.926155e+02
  1.981209e+01,  3.041116e+02
  1.280209e+01,  2.971087e+02
  5.159882e+00,  2.098740e+02
  1.252997e+01,  1.715832e+02
  1.100271e+01,  1.756254e+02
  3.462040e+00,  2.522909e+02
  1.306339e+01,  3.311734e+02
  2.002953e+01,  3.475711e+02
  2.058383e+01,  1.888540e-01
  1.749606e+01,  1.427394e+01
  1.254904e+01,  2.105936e+01
  7.870903e+00,  3.581554e+02
  8.256193e+00,  3.236972e+02
  7.045302e+00,  3.161205e+02
  8.540689e-01,  3.498132e+02
  5.723741e+00,  1.316248e+02
  7.960274e+00,  1.435564e+02
  3.074455e+00,  1.560822e+02
  3.876176e+00,  3.312559e+02
  1.007724e+01,  3.512435e+02
  1.169728e+01,  6.632964e+00
  1.010361e+01,  1.536822e+01
  8.122837e+00,  6.342257e+00
  8.779140e+00,  3.470376e+02
  9.524552e+00,  3.428909e+02
  6.008630e+00,  1.682140e+00
  6.094919e+00,  8.934884e+01
  1.417204e+01,  1.174356e+02
  1.763825e+01,  1.119938e+02
  1.728148e+01,  8.544537e+01
  1.897497e+01,  5.109727e+01
  1.971248e+01,  2.901098e+01
  1.380479e+01,  8.078190e+00
  6.425988e+00,  3.039785e+02
  9.875436e+00,  2.455385e+02
  8.262329e+00,  2.360940e+02
  2.300566e+00,  3.472670e+02
  1.450695e+01,  3.379224e+01
  2.127318e+01,  4.307940e+01
  1.863101e+01,  5.480627e+01
  1.046582e+01,  7.986826e+01
  6.566081e+00,  1.266617e+02
  5.561836e+00,  1.180405e+02
  1.011719e+01,  7.580218e+01
  1.530762e+01,  7.050757e+01
  1.199886e+01,  7.491081e+01
  2.300281e+00,  1.184300e+02
  6.430982e+00,  2.299251e+02
  5.829977e+00,  2.253218e+02
  4.606259e+00,  1.343805e+02
  1.006945e+01,  1.150468e+02
  6.472270e+00,  1.286518e+02
  6.106431e+00,  2.571689e+02
  1.633682e+01,  2.912297e+02
  1.717304e+01,  3.142026e+02
  1.290829e+01,  4.163670e+00
  1.798666e+01,  6.082982e+01
  2.180789e+01,  7.978128e+01
  1.639301e+01,  8.056797e+01
  5.220023e+00,  4.117290e+01
  9.326463e+00,  3.088274e+02
  1.336826e+01,  3.009115e+02
  8.575325e+00,  2.897946e+02
  2.802589e+00,  2.085722e+02
  7.226382e+00,  1.582875e+02
  6.850210e+00,  1.566375e+02
  1.257613e+00,  1.719596e+02
  3.986711e+00,  3.361496e+02
  7.637701e+00,  3.467718e+02
  8.465078e+00,  3.463416e+02
  9.240754e+00,  3.331959e+02
  1.186370e+01,  3.206765e+02
  1.380778e+01,  3.147226e+02
  1.202089e+01,  3.050910e+02
  7.907550e+00,  2.761148e+02
  7.386831e+00,  2.338082e+02
  6.989350e+00,  2.251378e+02
  4.073044e+00,  2.698265e+02
  8.482706e+00,  3.331189e+02
  1.385248e+01,  3.438659e+02
  1.602510e+01,  3.364213e+02
  1.832403e+01,  3.225436e+02
  2.228572e+01,  3.148796e+02
  2.579540e+01,  3.163067e+02
  2.617840e+01,  3.238483e+02
  1.999456e+01,  3.345859e+02
  5.561343e+00,  3.489950e+02
  9.127372e+00,  1.677649e+02
  1.689527e+01,  1.891816e+02
  1.199510e+01,  2.155589e+02
  9.468861e+00,  3.097074e+02
  1.943945e+01,  3.537904e+02
  1.795069e+01,  3.334017e+00
  4.375097e+00,  3.131249e+02
  1.402369e+01,  2.258561e+02
  6.576793e+00,  7.348116e+01
##END=