##TITLE= twqubit_C590_C_25000_NoBufferfix3
##JCAMP-DX= 5.00 Bruker JCAMP library
##DATA TYPE= Shape Data
##ORIGIN= Colm Fixed Pulses 
##OWNER= d29lu
##DATE= 18-May-2015
##TIME= 17:19
##MINX= 2.462139e-01
##MAXX= 5.642204e+01
##MINY= 3.719947e+00
##MAXY= 3.584027e+02
##$SHAPE_EXMODE= None
##$SHAPE_TOTROT= 9.000000e+01
##$SHAPE_BWFAC= 1.000000e+00
##$SHAPE_INTEGFAC= 1.000000e+00
##$SHAPE_MODE= 1
##NPOINTS= 100
##XYPOINTS= (XY..XY)
  2.462139e-01,  2.822936e+02
  1.725614e+00,  1.123089e+02
  1.314314e+01,  8.962033e+01
  2.148159e+01,  6.520522e+01
  2.182217e+01,  1.527714e+01
  2.719285e+01,  3.474301e+02
  2.140175e+01,  3.550076e+02
  5.645385e+00,  3.946153e+01
  1.014647e+01,  1.713424e+02
  1.025924e+01,  2.130679e+02
  7.861725e+00,  3.224620e+02
  1.979716e+01,  3.322332e+01
  2.780931e+01,  5.394583e+01
  2.398651e+01,  3.665306e+01
  1.829366e+01,  3.584027e+02
  1.642599e+01,  3.418308e+02
  1.955899e+01,  3.719947e+00
  1.665025e+01,  3.066764e+01
  3.946950e+00,  1.365249e+02
  1.876613e+01,  2.198854e+02
  1.978421e+01,  2.371802e+02
  5.843580e+00,  2.372350e+02
  8.191113e+00,  7.918257e+01
  1.798225e+01,  6.873373e+01
  2.353090e+01,  5.468983e+01
  1.914359e+01,  4.850133e+01
  4.498675e+00,  6.208042e+01
  3.499967e+00,  1.777895e+02
  5.073014e+00,  8.022852e+01
  1.834036e+01,  5.907768e+01
  2.421277e+01,  4.926908e+01
  1.780938e+01,  2.652182e+01
  9.133750e+00,  3.044178e+02
  1.895007e+01,  2.429667e+02
  2.217148e+01,  2.104904e+02
  2.346411e+01,  1.574692e+02
  3.191137e+01,  1.182695e+02
  3.233247e+01,  9.174550e+01
  2.664614e+01,  5.692864e+01
  2.322775e+01,  2.135479e+01
  1.803515e+01,  3.543345e+02
  1.170342e+01,  3.177757e+02
  8.920200e+00,  2.867904e+02
  4.020322e+00,  3.101377e+02
  8.428075e+00,  4.074906e+01
  1.744996e+01,  4.861203e+01
  2.162604e+01,  5.081761e+01
  1.910975e+01,  7.456893e+01
  1.682103e+01,  1.360962e+02
  2.271224e+01,  1.932791e+02
  2.257833e+01,  2.240777e+02
  1.141562e+01,  2.425205e+02
  8.116500e-01,  3.692055e+01
  7.160720e+00,  9.174354e+01
  1.137037e+01,  1.253681e+02
  1.344184e+01,  1.578210e+02
  1.148386e+01,  1.861909e+02
  4.209913e+00,  2.320776e+02
  1.020897e+01,  3.452932e+02
  2.063136e+01,  3.583535e+02
  2.384067e+01,  3.481518e+02
  2.104321e+01,  3.225166e+02
  1.528603e+01,  2.806555e+02
  1.248327e+01,  2.283225e+02
  8.004821e+00,  1.902494e+02
  2.922256e+00,  5.072086e+01
  1.178562e+01,  1.428197e+01
  9.367426e+00,  5.338920e+00
  2.020986e+00,  2.375307e+02
  8.270192e+00,  2.324860e+02
  1.717914e+01,  3.201199e+02
  4.367715e+01,  3.419391e+02
  5.642204e+01,  3.254629e+02
  5.438012e+01,  3.034302e+02
  4.166708e+01,  2.884854e+02
  1.444568e+01,  3.274567e+02
  1.857378e+01,  5.259974e+01
  1.219694e+01,  6.299008e+01
  8.579956e+00,  2.571475e+02
  2.613828e+01,  2.569042e+02
  2.625859e+01,  2.525327e+02
  1.082317e+01,  2.209625e+02
  1.651839e+01,  1.106631e+02
  2.667528e+01,  9.797449e+01
  1.760866e+01,  8.235836e+01
  9.349492e+00,  3.429984e+02
  1.635918e+01,  2.985512e+02
  1.206625e+01,  2.534934e+02
  1.570062e+01,  1.859321e+02
  2.232137e+01,  1.614823e+02
  1.877098e+01,  1.416758e+02
  1.279598e+01,  9.560127e+01
  1.497188e+01,  4.785223e+01
  1.657858e+01,  1.938101e+01
  1.386396e+01,  3.583094e+02
  5.649243e+00,  3.215217e+02
  8.133448e+00,  2.222836e+02
  1.165419e+01,  2.097740e+02
  4.993431e+00,  1.216918e+02
  4.698807e-01,  3.220673e+02
##END=