##TITLE= twqubit_C23456180_H_25000_NoBufferfix5
##JCAMP-DX= 5.00 Bruker JCAMP library
##DATA TYPE= Shape Data
##ORIGIN= Colm Fixed Pulses 
##OWNER= d29lu
##DATE= 18-May-2015
##TIME= 19:36
##MINX= 4.943656e-01
##MAXX= 2.356937e+01
##MINY= 5.880541e-01
##MAXY= 3.586790e+02
##$SHAPE_EXMODE= None
##$SHAPE_TOTROT= 9.000000e+01
##$SHAPE_BWFAC= 1.000000e+00
##$SHAPE_INTEGFAC= 1.000000e+00
##$SHAPE_MODE= 1
##NPOINTS= 200
##XYPOINTS= (XY..XY)
  4.943656e-01,  1.075429e+02
  3.898574e+00,  2.494287e+01
  8.018785e+00,  1.261448e+01
  5.706452e+00,  3.526236e+02
  2.551634e+00,  3.174304e+02
  1.027873e+00,  2.318851e+02
  2.521420e+00,  1.691217e+02
  4.731167e+00,  1.591968e+02
  6.835673e+00,  1.549208e+02
  8.590838e+00,  1.529053e+02
  9.844154e+00,  1.519090e+02
  1.060908e+01,  1.516344e+02
  1.101809e+01,  1.530384e+02
  1.127935e+01,  1.573150e+02
  1.138695e+01,  1.629346e+02
  1.098764e+01,  1.680008e+02
  9.747304e+00,  1.721435e+02
  7.863770e+00,  1.766019e+02
  5.827584e+00,  1.822492e+02
  3.764038e+00,  1.893140e+02
  1.565908e+00,  2.099441e+02
  1.420403e+00,  3.227053e+02
  3.001528e+00,  3.586790e+02
  4.103649e+00,  2.020626e+01
  5.373520e+00,  3.916202e+01
  7.081997e+00,  5.033001e+01
  8.928684e+00,  5.634791e+01
  1.065680e+01,  5.947201e+01
  1.211321e+01,  5.994460e+01
  1.313156e+01,  5.698250e+01
  1.361904e+01,  5.216843e+01
  1.386488e+01,  4.549322e+01
  1.427784e+01,  3.708537e+01
  1.462073e+01,  2.816975e+01
  1.456007e+01,  1.961096e+01
  1.426591e+01,  1.278448e+01
  1.384963e+01,  8.341814e+00
  1.317295e+01,  4.583802e+00
  1.218603e+01,  5.880541e-01
  1.108704e+01,  3.562698e+02
  1.026965e+01,  3.525376e+02
  1.003361e+01,  3.475734e+02
  1.033287e+01,  3.410638e+02
  1.094237e+01,  3.357055e+02
  1.159679e+01,  3.337705e+02
  1.201272e+01,  3.361467e+02
  1.210291e+01,  3.429375e+02
  1.228190e+01,  3.551692e+02
  1.328337e+01,  1.183025e+01
  1.537430e+01,  2.943544e+01
  1.814669e+01,  4.466186e+01
  2.091684e+01,  5.601889e+01
  2.295821e+01,  6.348829e+01
  2.356937e+01,  6.754382e+01
  2.245576e+01,  6.866756e+01
  1.988346e+01,  6.777316e+01
  1.648090e+01,  6.546152e+01
  1.274889e+01,  6.291261e+01
  8.783547e+00,  5.979751e+01
  4.612768e+00,  5.421000e+01
  7.305772e-01,  3.436840e+02
  3.769876e+00,  2.489490e+02
  7.176610e+00,  2.434902e+02
  9.890048e+00,  2.409041e+02
  1.185439e+01,  2.386448e+02
  1.317434e+01,  2.354679e+02
  1.396824e+01,  2.328361e+02
  1.425180e+01,  2.314910e+02
  1.392627e+01,  2.321848e+02
  1.311818e+01,  2.337888e+02
  1.193282e+01,  2.354917e+02
  1.040868e+01,  2.349341e+02
  8.802047e+00,  2.308842e+02
  7.507811e+00,  2.220395e+02
  6.777087e+00,  2.083868e+02
  6.692183e+00,  1.935086e+02
  6.777004e+00,  1.825700e+02
  6.679979e+00,  1.749117e+02
  6.599029e+00,  1.680110e+02
  6.667236e+00,  1.617194e+02
  6.848522e+00,  1.562991e+02
  7.389943e+00,  1.523167e+02
  8.382979e+00,  1.508496e+02
  9.622825e+00,  1.506329e+02
  1.105868e+01,  1.509307e+02
  1.270037e+01,  1.516846e+02
  1.433130e+01,  1.528127e+02
  1.571954e+01,  1.545782e+02
  1.677206e+01,  1.565539e+02
  1.734879e+01,  1.590104e+02
  1.725542e+01,  1.619835e+02
  1.639323e+01,  1.650435e+02
  1.487950e+01,  1.688145e+02
  1.304297e+01,  1.731967e+02
  1.122886e+01,  1.783383e+02
  9.630595e+00,  1.840167e+02
  8.366222e+00,  1.905810e+02
  7.602036e+00,  1.970413e+02
  7.335802e+00,  2.012007e+02
  7.449355e+00,  2.011225e+02
  7.829566e+00,  1.974850e+02
  8.343919e+00,  1.926766e+02
  8.799767e+00,  1.884169e+02
  8.999612e+00,  1.865825e+02
  8.642752e+00,  1.872291e+02
  7.756055e+00,  1.889201e+02
  6.602749e+00,  1.901452e+02
  5.318835e+00,  1.896615e+02
  4.028541e+00,  1.823248e+02
  3.293241e+00,  1.593373e+02
  3.780021e+00,  1.316895e+02
  4.879412e+00,  1.160997e+02
  5.648080e+00,  1.081422e+02
  5.734740e+00,  1.036659e+02
  5.281903e+00,  1.025624e+02
  4.509020e+00,  1.069321e+02
  3.622403e+00,  1.196340e+02
  3.084715e+00,  1.442420e+02
  3.645094e+00,  1.721776e+02
  5.388573e+00,  1.876376e+02
  7.830039e+00,  1.920926e+02
  1.054099e+01,  1.923985e+02
  1.325020e+01,  1.902123e+02
  1.578207e+01,  1.870540e+02
  1.792532e+01,  1.843062e+02
  1.923025e+01,  1.823330e+02
  1.932006e+01,  1.809808e+02
  1.827931e+01,  1.793293e+02
  1.640823e+01,  1.758341e+02
  1.406405e+01,  1.689131e+02
  1.178279e+01,  1.568808e+02
  1.036528e+01,  1.382793e+02
  1.035306e+01,  1.186235e+02
  1.145211e+01,  1.047239e+02
  1.271844e+01,  9.637449e+01
  1.327982e+01,  9.265545e+01
  1.260940e+01,  9.532768e+01
  1.094804e+01,  1.062064e+02
  9.221114e+00,  1.264077e+02
  8.501977e+00,  1.531632e+02
  9.184317e+00,  1.775292e+02
  1.036365e+01,  1.933241e+02
  1.076394e+01,  2.028473e+02
  9.526233e+00,  2.090586e+02
  6.885838e+00,  2.180772e+02
  4.529253e+00,  2.437720e+02
  4.670375e+00,  2.823771e+02
  6.313303e+00,  2.995665e+02
  7.675901e+00,  3.013202e+02
  8.382604e+00,  2.963856e+02
  8.644160e+00,  2.901316e+02
  8.960038e+00,  2.891073e+02
  1.008201e+01,  2.970620e+02
  1.275865e+01,  3.089022e+02
  1.678372e+01,  3.184171e+02
  2.072808e+01,  3.237839e+02
  2.288878e+01,  3.247703e+02
  2.261679e+01,  3.229104e+02
  2.056680e+01,  3.205132e+02
  1.770127e+01,  3.201612e+02
  1.458023e+01,  3.226801e+02
  1.158584e+01,  3.297837e+02
  9.232153e+00,  3.413358e+02
  7.649333e+00,  3.572205e+02
  6.416317e+00,  1.577389e+01
  5.374220e+00,  3.918008e+01
  5.099660e+00,  6.819486e+01
  5.754671e+00,  9.317041e+01
  6.685439e+00,  1.079303e+02
  7.333272e+00,  1.158731e+02
  7.610366e+00,  1.197784e+02
  7.584530e+00,  1.197843e+02
  7.553024e+00,  1.153498e+02
  7.710496e+00,  1.075876e+02
  7.761443e+00,  9.855543e+01
  7.036011e+00,  8.723889e+01
  5.394554e+00,  6.301704e+01
  5.445391e+00,  1.014362e+01
  9.470318e+00,  3.361211e+02
  1.480857e+01,  3.234029e+02
  1.942460e+01,  3.184273e+02
  2.198199e+01,  3.165699e+02
  2.236961e+01,  3.159271e+02
  2.137900e+01,  3.164980e+02
  1.981187e+01,  3.187129e+02
  1.794686e+01,  3.227965e+02
  1.610657e+01,  3.284717e+02
  1.469546e+01,  3.353896e+02
  1.367404e+01,  3.418770e+02
  1.250444e+01,  3.463128e+02
  1.087804e+01,  3.469074e+02
  8.980382e+00,  3.437271e+02
  7.170538e+00,  3.351121e+02
  5.847307e+00,  3.197753e+02
  5.274720e+00,  2.974975e+02
  5.471913e+00,  2.720390e+02
  6.616399e+00,  2.456367e+02
  9.160435e+00,  2.223566e+02
  7.672338e+00,  2.028734e+02
  1.126069e+00,  1.147132e+02
##END=