##TITLE= twqubit_C790_H_25000_NoBufferfix8
##JCAMP-DX= 5.00 Bruker JCAMP library
##DATA TYPE= Shape Data
##ORIGIN= Colm Fixed Pulses 
##OWNER= d29lu
##DATE= 18-May-2015
##TIME= 18:28
##MINX= 1.515976e+00
##MAXX= 2.940675e+01
##MINY= 3.828232e+01
##MAXY= 3.585995e+02
##$SHAPE_EXMODE= None
##$SHAPE_TOTROT= 9.000000e+01
##$SHAPE_BWFAC= 1.000000e+00
##$SHAPE_INTEGFAC= 1.000000e+00
##$SHAPE_MODE= 1
##NPOINTS= 100
##XYPOINTS= (XY..XY)
  1.515976e+00,  3.585995e+02
  7.036825e+00,  4.068092e+01
  1.776954e+01,  4.791623e+01
  2.394420e+01,  5.165990e+01
  2.525965e+01,  5.603162e+01
  2.393690e+01,  5.874286e+01
  2.186946e+01,  6.132048e+01
  1.877679e+01,  6.417712e+01
  1.519381e+01,  6.413028e+01
  1.147404e+01,  5.716496e+01
  7.341290e+00,  3.828232e+01
  3.864805e+00,  3.374911e+02
  7.845084e+00,  2.728089e+02
  1.434982e+01,  2.593177e+02
  2.034500e+01,  2.538512e+02
  2.538967e+01,  2.502876e+02
  2.875774e+01,  2.492212e+02
  2.940675e+01,  2.495675e+02
  2.830191e+01,  2.476585e+02
  2.542272e+01,  2.404494e+02
  2.105914e+01,  2.298320e+02
  1.662138e+01,  2.210435e+02
  1.257981e+01,  2.147573e+02
  8.952190e+00,  2.082289e+02
  5.088609e+00,  2.106365e+02
  2.963013e+00,  2.654395e+02
  5.739424e+00,  3.039811e+02
  9.203200e+00,  3.074666e+02
  1.290198e+01,  3.066628e+02
  1.647799e+01,  3.045100e+02
  1.954537e+01,  3.017363e+02
  2.195725e+01,  3.004117e+02
  2.327122e+01,  3.013278e+02
  2.307825e+01,  3.031600e+02
  2.176134e+01,  3.045090e+02
  1.980720e+01,  3.053792e+02
  1.731343e+01,  3.057886e+02
  1.442685e+01,  3.048999e+02
  1.144274e+01,  3.019639e+02
  8.779413e+00,  2.929888e+02
  6.892288e+00,  2.742028e+02
  5.952019e+00,  2.459445e+02
  5.990542e+00,  2.120292e+02
  7.653014e+00,  1.891494e+02
  9.949082e+00,  1.873222e+02
  1.162687e+01,  1.940297e+02
  1.232292e+01,  2.021122e+02
  1.322421e+01,  2.122266e+02
  1.519111e+01,  2.233437e+02
  1.715797e+01,  2.316197e+02
  1.849562e+01,  2.359676e+02
  1.966687e+01,  2.362194e+02
  2.016435e+01,  2.342655e+02
  1.914875e+01,  2.319466e+02
  1.760432e+01,  2.288832e+02
  1.640358e+01,  2.245879e+02
  1.452942e+01,  2.197804e+02
  1.197625e+01,  2.152829e+02
  1.028617e+01,  2.115350e+02
  9.172953e+00,  2.084572e+02
  7.173532e+00,  1.978215e+02
  5.212547e+00,  1.660474e+02
  6.103003e+00,  1.227514e+02
  9.515895e+00,  1.002523e+02
  1.368259e+01,  9.202310e+01
  1.719622e+01,  8.944056e+01
  1.941096e+01,  8.768063e+01
  2.019303e+01,  8.541009e+01
  1.966173e+01,  8.242392e+01
  1.832429e+01,  7.798456e+01
  1.685222e+01,  7.124397e+01
  1.606899e+01,  6.362990e+01
  1.600994e+01,  5.798567e+01
  1.563594e+01,  5.446163e+01
  1.420647e+01,  5.164106e+01
  1.185930e+01,  5.103833e+01
  9.013256e+00,  5.321066e+01
  5.696986e+00,  6.111975e+01
  2.388783e+00,  9.758368e+01
  3.992072e+00,  1.714606e+02
  7.466613e+00,  1.671840e+02
  1.131049e+01,  1.533521e+02
  1.516078e+01,  1.466088e+02
  1.845893e+01,  1.457599e+02
  2.146066e+01,  1.446447e+02
  2.344735e+01,  1.437385e+02
  2.351148e+01,  1.448790e+02
  2.199779e+01,  1.479750e+02
  1.913700e+01,  1.498737e+02
  1.520456e+01,  1.496874e+02
  1.176492e+01,  1.480466e+02
  9.638598e+00,  1.417695e+02
  8.746902e+00,  1.269297e+02
  1.024915e+01,  1.105545e+02
  1.398716e+01,  1.066865e+02
  1.788616e+01,  1.094112e+02
  1.982508e+01,  1.084077e+02
  1.581077e+01,  1.014016e+02
  1.707707e+00,  3.994973e+01
  1.686844e+00,  3.469171e+02
##END=