##TITLE= twqubit_C6180_H_25000_NoBufferfix4
##JCAMP-DX= 5.00 Bruker JCAMP library
##DATA TYPE= Shape Data
##ORIGIN= Colm Fixed Pulses 
##OWNER= d29lu
##DATE= 18-May-2015
##TIME= 19:5
##MINX= 5.763879e-01
##MAXX= 3.536613e+01
##MINY= 5.863967e+00
##MAXY= 3.591272e+02
##$SHAPE_EXMODE= None
##$SHAPE_TOTROT= 9.000000e+01
##$SHAPE_BWFAC= 1.000000e+00
##$SHAPE_INTEGFAC= 1.000000e+00
##$SHAPE_MODE= 1
##NPOINTS= 200
##XYPOINTS= (XY..XY)
  5.763879e-01,  7.924587e+01
  1.781663e+00,  2.628629e+01
  9.804266e+00,  3.325516e+02
  2.223016e+01,  3.152613e+02
  2.771095e+01,  3.017431e+02
  2.564264e+01,  2.883329e+02
  2.101538e+01,  2.790257e+02
  1.608330e+01,  2.763079e+02
  1.124032e+01,  2.809210e+02
  6.959996e+00,  2.931565e+02
  3.318822e+00,  3.206722e+02
  2.068596e+00,  4.482241e+01
  3.808101e+00,  9.553947e+01
  5.586817e+00,  1.166152e+02
  7.579858e+00,  1.299431e+02
  9.645959e+00,  1.367540e+02
  1.115046e+01,  1.364883e+02
  1.226500e+01,  1.298155e+02
  1.360439e+01,  1.179363e+02
  1.544995e+01,  1.045466e+02
  1.787182e+01,  9.321443e+01
  2.017424e+01,  8.669790e+01
  2.145055e+01,  8.569018e+01
  2.108391e+01,  9.015982e+01
  1.927400e+01,  1.006741e+02
  1.748388e+01,  1.167962e+02
  1.701089e+01,  1.325233e+02
  1.721388e+01,  1.419143e+02
  1.683029e+01,  1.441626e+02
  1.520522e+01,  1.403949e+02
  1.263544e+01,  1.299145e+02
  1.050224e+01,  1.101694e+02
  1.030045e+01,  8.558866e+01
  1.171963e+01,  6.718728e+01
  1.365153e+01,  5.517495e+01
  1.550407e+01,  4.910554e+01
  1.654383e+01,  4.779758e+01
  1.625069e+01,  5.023406e+01
  1.533028e+01,  5.581660e+01
  1.506022e+01,  6.235199e+01
  1.540973e+01,  6.492575e+01
  1.528525e+01,  6.113838e+01
  1.445000e+01,  5.236341e+01
  1.351791e+01,  4.016930e+01
  1.299205e+01,  2.628042e+01
  1.272835e+01,  1.157564e+01
  1.239438e+01,  3.550523e+02
  1.190011e+01,  3.368781e+02
  1.100954e+01,  3.196874e+02
  9.760346e+00,  3.020157e+02
  8.712083e+00,  2.812110e+02
  8.492154e+00,  2.560572e+02
  9.564585e+00,  2.318441e+02
  1.162418e+01,  2.157509e+02
  1.404978e+01,  2.072287e+02
  1.644922e+01,  2.042393e+02
  1.822942e+01,  2.040333e+02
  1.888054e+01,  2.056446e+02
  1.865319e+01,  2.095394e+02
  1.803968e+01,  2.162853e+02
  1.738331e+01,  2.253772e+02
  1.728409e+01,  2.351934e+02
  1.791141e+01,  2.417631e+02
  1.859985e+01,  2.437016e+02
  1.878036e+01,  2.418561e+02
  1.830184e+01,  2.367080e+02
  1.714893e+01,  2.287346e+02
  1.542898e+01,  2.181655e+02
  1.341921e+01,  2.047443e+02
  1.153677e+01,  1.865266e+02
  1.053839e+01,  1.624933e+02
  1.044577e+01,  1.378137e+02
  1.059837e+01,  1.147440e+02
  1.097749e+01,  9.125002e+01
  1.206239e+01,  6.833848e+01
  1.388217e+01,  4.830603e+01
  1.601795e+01,  3.287933e+01
  1.809552e+01,  2.139225e+01
  1.986618e+01,  1.300558e+01
  2.101674e+01,  7.949817e+00
  2.141233e+01,  5.863967e+00
  2.094720e+01,  7.189916e+00
  1.978208e+01,  1.229120e+01
  1.841517e+01,  2.127689e+01
  1.723356e+01,  3.176635e+01
  1.597440e+01,  4.113051e+01
  1.385097e+01,  4.761087e+01
  1.021205e+01,  5.014331e+01
  4.865990e+00,  3.938262e+01
  4.028927e+00,  2.872799e+02
  1.155013e+01,  2.707089e+02
  1.864557e+01,  2.735140e+02
  2.411786e+01,  2.801199e+02
  2.907539e+01,  2.889711e+02
  3.226279e+01,  2.970039e+02
  3.481208e+01,  3.026815e+02
  3.536613e+01,  3.048214e+02
  2.098831e+01,  3.070733e+02
  1.333271e+01,  1.324826e+02
  2.536868e+00,  5.105741e+01
  4.969074e+00,  6.242076e+01
  7.546083e+00,  4.201462e+01
  1.339466e+01,  3.516563e+02
  2.197086e+01,  3.217230e+02
  2.376585e+01,  3.010055e+02
  2.110076e+01,  2.833101e+02
  1.716347e+01,  2.702564e+02
  1.236093e+01,  2.593770e+02
  7.744244e+00,  2.457760e+02
  3.997398e+00,  2.226648e+02
  2.554379e+00,  1.620608e+02
  4.002286e+00,  1.284755e+02
  5.330277e+00,  1.248068e+02
  6.383934e+00,  1.274497e+02
  7.894183e+00,  1.311765e+02
  9.626394e+00,  1.317081e+02
  1.102659e+01,  1.263670e+02
  1.276308e+01,  1.156318e+02
  1.533881e+01,  1.037061e+02
  1.818110e+01,  9.285641e+01
  2.084854e+01,  8.427711e+01
  2.271312e+01,  8.022204e+01
  2.292973e+01,  8.133615e+01
  2.135377e+01,  8.852234e+01
  1.908670e+01,  1.031342e+02
  1.805674e+01,  1.239427e+02
  1.926558e+01,  1.415978e+02
  2.102668e+01,  1.499790e+02
  2.121468e+01,  1.505476e+02
  1.920992e+01,  1.458699e+02
  1.606868e+01,  1.355464e+02
  1.355432e+01,  1.180017e+02
  1.280599e+01,  9.520915e+01
  1.387274e+01,  7.516245e+01
  1.560311e+01,  6.403636e+01
  1.682824e+01,  6.080796e+01
  1.695987e+01,  6.217389e+01
  1.601959e+01,  6.362811e+01
  1.476224e+01,  6.034422e+01
  1.447587e+01,  5.092264e+01
  1.527628e+01,  4.110881e+01
  1.573646e+01,  3.444327e+01
  1.539250e+01,  2.851891e+01
  1.494215e+01,  2.150005e+01
  1.476621e+01,  1.465444e+01
  1.452101e+01,  7.992738e+00
  1.381499e+01,  3.591272e+02
  1.263928e+01,  3.475727e+02
  1.096106e+01,  3.347161e+02
  8.821748e+00,  3.193752e+02
  6.838390e+00,  2.965559e+02
  5.928584e+00,  2.619669e+02
  7.029763e+00,  2.267897e+02
  9.410377e+00,  2.084099e+02
  1.196110e+01,  2.019145e+02
  1.455113e+01,  2.001995e+02
  1.684675e+01,  2.009372e+02
  1.824012e+01,  2.032864e+02
  1.884752e+01,  2.079348e+02
  1.923918e+01,  2.143939e+02
  1.956213e+01,  2.213128e+02
  1.997161e+01,  2.273833e+02
  2.061347e+01,  2.317524e+02
  2.099069e+01,  2.331424e+02
  2.061418e+01,  2.315198e+02
  1.947024e+01,  2.276934e+02
  1.765844e+01,  2.221031e+02
  1.536874e+01,  2.146671e+02
  1.290568e+01,  2.040564e+02
  1.076595e+01,  1.874243e+02
  9.629049e+00,  1.648281e+02
  9.328831e+00,  1.421133e+02
  9.345675e+00,  1.198660e+02
  9.872313e+00,  9.681375e+01
  1.115218e+01,  7.573502e+01
  1.305966e+01,  5.798251e+01
  1.524126e+01,  4.444559e+01
  1.737441e+01,  3.407284e+01
  1.923690e+01,  2.649641e+01
  2.052632e+01,  2.129743e+01
  2.106845e+01,  1.864197e+01
  2.075364e+01,  1.876120e+01
  1.961612e+01,  2.208335e+01
  1.797070e+01,  2.818936e+01
  1.610560e+01,  3.575564e+01
  1.387887e+01,  4.361649e+01
  1.087346e+01,  5.118156e+01
  6.844671e+00,  5.847023e+01
  1.708885e+00,  8.109050e+01
  5.133922e+00,  2.331636e+02
  1.199650e+01,  2.457100e+02
  1.838019e+01,  2.553666e+02
  2.340259e+01,  2.658445e+02
  2.802880e+01,  2.781378e+02
  3.144928e+01,  2.898432e+02
  3.442331e+01,  2.991986e+02
  3.222147e+01,  3.069005e+02
  1.450281e+01,  3.145432e+02
  3.145805e+00,  1.293345e+02
  7.505040e-01,  7.330333e+01
##END=