##TITLE= twqubit_C23456180_H_25000_NoBufferfix2
##JCAMP-DX= 5.00 Bruker JCAMP library
##DATA TYPE= Shape Data
##ORIGIN= Colm Fixed Pulses 
##OWNER= d29lu
##DATE= 18-May-2015
##TIME= 19:35
##MINX= 4.951819e-01
##MAXX= 2.354919e+01
##MINY= 5.908072e-01
##MAXY= 3.586865e+02
##$SHAPE_EXMODE= None
##$SHAPE_TOTROT= 9.000000e+01
##$SHAPE_BWFAC= 1.000000e+00
##$SHAPE_INTEGFAC= 1.000000e+00
##$SHAPE_MODE= 1
##NPOINTS= 200
##XYPOINTS= (XY..XY)
  4.951819e-01,  1.080016e+02
  3.887536e+00,  2.495714e+01
  8.016934e+00,  1.262102e+01
  5.697891e+00,  3.526786e+02
  2.551297e+00,  3.175253e+02
  1.030620e+00,  2.319526e+02
  2.517891e+00,  1.689849e+02
  4.729273e+00,  1.592243e+02
  6.828386e+00,  1.549253e+02
  8.584734e+00,  1.529192e+02
  9.833262e+00,  1.519649e+02
  1.060379e+01,  1.515700e+02
  1.101339e+01,  1.530292e+02
  1.126716e+01,  1.573477e+02
  1.137714e+01,  1.629088e+02
  1.098148e+01,  1.679956e+02
  9.746950e+00,  1.721243e+02
  7.859642e+00,  1.765979e+02
  5.824224e+00,  1.823117e+02
  3.763492e+00,  1.892063e+02
  1.573475e+00,  2.100220e+02
  1.427154e+00,  3.226281e+02
  3.008714e+00,  3.586865e+02
  4.110487e+00,  2.016196e+01
  5.367648e+00,  3.920127e+01
  7.079461e+00,  5.029026e+01
  8.926972e+00,  5.635868e+01
  1.064674e+01,  5.950661e+01
  1.210492e+01,  5.993273e+01
  1.312904e+01,  5.695081e+01
  1.360922e+01,  5.213807e+01
  1.384863e+01,  4.553266e+01
  1.426752e+01,  3.714703e+01
  1.460954e+01,  2.812064e+01
  1.454643e+01,  1.961600e+01
  1.425228e+01,  1.280756e+01
  1.383572e+01,  8.308710e+00
  1.316867e+01,  4.565923e+00
  1.217923e+01,  5.908072e-01
  1.107497e+01,  3.562454e+02
  1.025230e+01,  3.525909e+02
  1.002726e+01,  3.475366e+02
  1.032682e+01,  3.410486e+02
  1.093529e+01,  3.357868e+02
  1.158580e+01,  3.337211e+02
  1.200994e+01,  3.361170e+02
  1.209585e+01,  3.429278e+02
  1.227778e+01,  3.551448e+02
  1.327463e+01,  1.175856e+01
  1.536850e+01,  2.948159e+01
  1.812979e+01,  4.467695e+01
  2.090157e+01,  5.607459e+01
  2.293827e+01,  6.348639e+01
  2.354919e+01,  6.751855e+01
  2.243755e+01,  6.872157e+01
  1.986776e+01,  6.778963e+01
  1.646757e+01,  6.544808e+01
  1.273879e+01,  6.286334e+01
  8.774948e+00,  5.977122e+01
  4.609643e+00,  5.414012e+01
  7.247841e-01,  3.434965e+02
  3.768530e+00,  2.490070e+02
  7.171073e+00,  2.434121e+02
  9.882673e+00,  2.409491e+02
  1.184016e+01,  2.387063e+02
  1.316965e+01,  2.354730e+02
  1.395890e+01,  2.328465e+02
  1.424433e+01,  2.315096e+02
  1.391589e+01,  2.321535e+02
  1.310708e+01,  2.337661e+02
  1.192615e+01,  2.354730e+02
  1.040207e+01,  2.349188e+02
  8.788239e+00,  2.308732e+02
  7.513089e+00,  2.220176e+02
  6.775002e+00,  2.082772e+02
  6.687583e+00,  1.935013e+02
  6.781602e+00,  1.825348e+02
  6.680482e+00,  1.748708e+02
  6.597250e+00,  1.679696e+02
  6.662912e+00,  1.617426e+02
  6.842867e+00,  1.563026e+02
  7.383455e+00,  1.523340e+02
  8.385199e+00,  1.508570e+02
  9.618807e+00,  1.505828e+02
  1.104675e+01,  1.508968e+02
  1.269072e+01,  1.516818e+02
  1.431887e+01,  1.528422e+02
  1.570789e+01,  1.545293e+02
  1.676201e+01,  1.564896e+02
  1.733425e+01,  1.590106e+02
  1.724721e+01,  1.620252e+02
  1.637475e+01,  1.650053e+02
  1.486633e+01,  1.688546e+02
  1.303072e+01,  1.732337e+02
  1.122191e+01,  1.783193e+02
  9.625940e+00,  1.839724e+02
  8.358795e+00,  1.905924e+02
  7.604937e+00,  1.970565e+02
  7.330292e+00,  2.012331e+02
  7.445037e+00,  2.010534e+02
  7.825635e+00,  1.975523e+02
  8.333701e+00,  1.925891e+02
  8.795629e+00,  1.884424e+02
  8.993199e+00,  1.866076e+02
  8.643065e+00,  1.872403e+02
  7.753473e+00,  1.888997e+02
  6.603333e+00,  1.901845e+02
  5.320990e+00,  1.895854e+02
  4.025614e+00,  1.823094e+02
  3.283744e+00,  1.593517e+02
  3.781760e+00,  1.316672e+02
  4.873769e+00,  1.161044e+02
  5.642050e+00,  1.081034e+02
  5.730290e+00,  1.037057e+02
  5.284906e+00,  1.025876e+02
  4.504911e+00,  1.068704e+02
  3.625997e+00,  1.195519e+02
  3.085693e+00,  1.443768e+02
  3.646880e+00,  1.721753e+02
  5.387413e+00,  1.877055e+02
  7.825020e+00,  1.920850e+02
  1.053602e+01,  1.923766e+02
  1.324025e+01,  1.902445e+02
  1.577333e+01,  1.870705e+02
  1.790365e+01,  1.842895e+02
  1.921427e+01,  1.822923e+02
  1.930181e+01,  1.809967e+02
  1.825790e+01,  1.792714e+02
  1.638826e+01,  1.758502e+02
  1.405392e+01,  1.689323e+02
  1.176828e+01,  1.568601e+02
  1.035762e+01,  1.382710e+02
  1.035111e+01,  1.186210e+02
  1.144543e+01,  1.047488e+02
  1.270914e+01,  9.638669e+01
  1.327125e+01,  9.264637e+01
  1.260397e+01,  9.538404e+01
  1.094709e+01,  1.061192e+02
  9.216754e+00,  1.264206e+02
  8.499987e+00,  1.531696e+02
  9.173411e+00,  1.775700e+02
  1.034802e+01,  1.933847e+02
  1.075924e+01,  2.027652e+02
  9.524883e+00,  2.089724e+02
  6.886290e+00,  2.181378e+02
  4.529647e+00,  2.438010e+02
  4.673125e+00,  2.823120e+02
  6.308955e+00,  2.993161e+02
  7.674521e+00,  3.013250e+02
  8.378536e+00,  2.963641e+02
  8.634908e+00,  2.901901e+02
  8.945708e+00,  2.890371e+02
  1.007643e+01,  2.971056e+02
  1.274776e+01,  3.087966e+02
  1.677695e+01,  3.183850e+02
  2.071190e+01,  3.237297e+02
  2.286064e+01,  3.246915e+02
  2.259443e+01,  3.228783e+02
  2.054258e+01,  3.205000e+02
  1.768435e+01,  3.201026e+02
  1.456583e+01,  3.227466e+02
  1.157394e+01,  3.296775e+02
  9.230314e+00,  3.412927e+02
  7.648338e+00,  3.572325e+02
  6.407870e+00,  1.570683e+01
  5.376086e+00,  3.917564e+01
  5.090143e+00,  6.825167e+01
  5.751550e+00,  9.314771e+01
  6.679733e+00,  1.079107e+02
  7.323236e+00,  1.158575e+02
  7.604949e+00,  1.197145e+02
  7.584157e+00,  1.196944e+02
  7.546732e+00,  1.153233e+02
  7.704312e+00,  1.076791e+02
  7.758948e+00,  9.851646e+01
  7.027239e+00,  8.726663e+01
  5.393078e+00,  6.298374e+01
  5.442070e+00,  1.028345e+01
  9.458082e+00,  3.362028e+02
  1.480067e+01,  3.234394e+02
  1.940949e+01,  3.183629e+02
  2.196298e+01,  3.165708e+02
  2.235014e+01,  3.159218e+02
  2.135873e+01,  3.164765e+02
  1.979322e+01,  3.186883e+02
  1.793487e+01,  3.228066e+02
  1.609452e+01,  3.284473e+02
  1.468656e+01,  3.354337e+02
  1.367386e+01,  3.417723e+02
  1.249238e+01,  3.462504e+02
  1.086258e+01,  3.469077e+02
  8.975174e+00,  3.437638e+02
  7.172768e+00,  3.350537e+02
  5.844779e+00,  3.197548e+02
  5.273789e+00,  2.973694e+02
  5.468786e+00,  2.721413e+02
  6.611312e+00,  2.456029e+02
  9.156117e+00,  2.223931e+02
  7.672722e+00,  2.029602e+02
  1.118978e+00,  1.145271e+02
##END=