##TITLE= twqubit_C134690andH90_H_25000_NoBufferfix4
##JCAMP-DX= 5.00 Bruker JCAMP library
##DATA TYPE= Shape Data
##ORIGIN= Colm Fixed Pulses 
##OWNER= d29lu
##DATE= 18-May-2015
##TIME= 18:44
##MINX= 1.153898e+00
##MAXX= 3.266703e+01
##MINY= 1.135229e+00
##MAXY= 3.590641e+02
##$SHAPE_EXMODE= None
##$SHAPE_TOTROT= 9.000000e+01
##$SHAPE_BWFAC= 1.000000e+00
##$SHAPE_INTEGFAC= 1.000000e+00
##$SHAPE_MODE= 1
##NPOINTS= 100
##XYPOINTS= (XY..XY)
  4.547201e+00,  3.777464e+01
  6.668207e+00,  1.268650e+02
  1.957222e+01,  1.512719e+02
  2.655255e+01,  1.556651e+02
  2.828646e+01,  1.590911e+02
  2.764602e+01,  1.627353e+02
  2.495867e+01,  1.646730e+02
  2.091304e+01,  1.644119e+02
  1.633068e+01,  1.642961e+02
  1.133802e+01,  1.656355e+02
  6.157969e+00,  1.696880e+02
  1.153898e+00,  2.113399e+02
  4.789200e+00,  3.289485e+02
  9.064285e+00,  3.339742e+02
  1.213462e+01,  3.344476e+02
  1.421163e+01,  3.323575e+02
  1.571741e+01,  3.302239e+02
  1.682449e+01,  3.284894e+02
  1.737887e+01,  3.268184e+02
  1.738255e+01,  3.242614e+02
  1.700933e+01,  3.209597e+02
  1.646574e+01,  3.175207e+02
  1.584978e+01,  3.141072e+02
  1.517178e+01,  3.100634e+02
  1.460855e+01,  3.041898e+02
  1.449101e+01,  2.979414e+02
  1.468523e+01,  2.943180e+02
  1.467522e+01,  2.944968e+02
  1.416324e+01,  2.975751e+02
  1.320530e+01,  3.025459e+02
  1.199872e+01,  3.096013e+02
  1.063373e+01,  3.185902e+02
  9.309723e+00,  3.308437e+02
  8.533436e+00,  3.441057e+02
  8.199879e+00,  3.539929e+02
  7.698528e+00,  1.135229e+00
  6.926519e+00,  1.001399e+01
  6.203889e+00,  2.174767e+01
  5.536849e+00,  3.204790e+01
  4.534169e+00,  4.036658e+01
  3.159945e+00,  4.743520e+01
  1.455918e+00,  6.052909e+01
  1.482425e+00,  1.839505e+02
  4.686149e+00,  2.092615e+02
  8.459470e+00,  2.156480e+02
  1.235659e+01,  2.201225e+02
  1.613973e+01,  2.230086e+02
  1.937033e+01,  2.260062e+02
  2.164752e+01,  2.281428e+02
  2.277032e+01,  2.291141e+02
  2.274239e+01,  2.286899e+02
  2.204607e+01,  2.272167e+02
  2.119056e+01,  2.254452e+02
  2.036616e+01,  2.236103e+02
  1.933380e+01,  2.225848e+02
  1.764048e+01,  2.228185e+02
  1.533000e+01,  2.248108e+02
  1.260840e+01,  2.297503e+02
  9.641570e+00,  2.388359e+02
  6.752448e+00,  2.575416e+02
  5.126842e+00,  2.937782e+02
  5.622120e+00,  3.321432e+02
  6.828725e+00,  3.559165e+02
  8.146189e+00,  1.192674e+01
  9.832539e+00,  2.034373e+01
  1.137628e+01,  2.241724e+01
  1.185087e+01,  2.118415e+01
  1.115411e+01,  1.770324e+01
  1.019308e+01,  1.077410e+01
  9.515441e+00,  3.589830e+02
  9.255463e+00,  3.425617e+02
  9.685791e+00,  3.249017e+02
  1.068131e+01,  3.118386e+02
  1.198654e+01,  3.038829e+02
  1.370650e+01,  2.990492e+02
  1.581231e+01,  2.970854e+02
  1.789828e+01,  2.966192e+02
  1.953151e+01,  2.968735e+02
  2.052213e+01,  2.983988e+02
  2.099624e+01,  3.016258e+02
  2.091122e+01,  3.067101e+02
  2.015779e+01,  3.131515e+02
  1.891839e+01,  3.209199e+02
  1.750516e+01,  3.304520e+02
  1.617610e+01,  3.411833e+02
  1.497476e+01,  3.515687e+02
  1.339745e+01,  3.590641e+02
  1.065789e+01,  4.305942e+00
  6.672783e+00,  1.109028e+01
  2.801864e+00,  4.570213e+01
  4.252778e+00,  1.266605e+02
  8.538071e+00,  1.427726e+02
  1.339768e+01,  1.487965e+02
  1.863035e+01,  1.540605e+02
  2.359972e+01,  1.584965e+02
  2.877986e+01,  1.635280e+02
  3.206610e+01,  1.681556e+02
  3.266703e+01,  1.729108e+02
  2.113042e+01,  1.760139e+02
  2.749522e+00,  1.387894e+01
##END=