##TITLE= twqubit_C27180_H_25000_NoBufferfix7
##JCAMP-DX= 5.00 Bruker JCAMP library
##DATA TYPE= Shape Data
##ORIGIN= Colm Fixed Pulses 
##OWNER= d29lu
##DATE= 18-May-2015
##TIME= 19:41
##MINX= 2.056917e-01
##MAXX= 2.185467e+01
##MINY= 1.711138e+01
##MAXY= 3.546550e+02
##$SHAPE_EXMODE= None
##$SHAPE_TOTROT= 9.000000e+01
##$SHAPE_BWFAC= 1.000000e+00
##$SHAPE_INTEGFAC= 1.000000e+00
##$SHAPE_MODE= 1
##NPOINTS= 200
##XYPOINTS= (XY..XY)
  2.056917e-01,  1.957781e+02
  2.978395e+00,  2.277099e+02
  9.315295e+00,  2.191451e+02
  1.423714e+01,  2.111992e+02
  1.527793e+01,  2.040001e+02
  1.502386e+01,  1.973923e+02
  1.458265e+01,  1.917202e+02
  1.414998e+01,  1.870531e+02
  1.374864e+01,  1.837621e+02
  1.342287e+01,  1.827415e+02
  1.320620e+01,  1.839865e+02
  1.312472e+01,  1.846652e+02
  1.302236e+01,  1.818210e+02
  1.280858e+01,  1.747599e+02
  1.256452e+01,  1.652744e+02
  1.223471e+01,  1.551294e+02
  1.148741e+01,  1.455320e+02
  1.011697e+01,  1.359250e+02
  8.143308e+00,  1.265655e+02
  5.675463e+00,  1.194185e+02
  3.057948e+00,  1.183624e+02
  1.109443e+00,  1.666440e+02
  2.755028e+00,  2.415646e+02
  5.276791e+00,  2.493787e+02
  7.984970e+00,  2.473127e+02
  1.085086e+01,  2.437842e+02
  1.366221e+01,  2.400044e+02
  1.612383e+01,  2.368205e+02
  1.814869e+01,  2.331183e+02
  1.980872e+01,  2.280639e+02
  2.105672e+01,  2.222777e+02
  2.164595e+01,  2.174196e+02
  2.138254e+01,  2.143629e+02
  2.054798e+01,  2.131764e+02
  1.951484e+01,  2.136848e+02
  1.828941e+01,  2.150012e+02
  1.678955e+01,  2.162322e+02
  1.503695e+01,  2.175089e+02
  1.294165e+01,  2.190579e+02
  1.027893e+01,  2.198564e+02
  7.012644e+00,  2.200173e+02
  3.563263e+00,  2.208551e+02
  4.570770e-01,  2.032889e+02
  2.540328e+00,  5.333093e+01
  5.952653e+00,  6.204361e+01
  9.822312e+00,  6.742176e+01
  1.360258e+01,  7.208783e+01
  1.690767e+01,  7.712355e+01
  1.949039e+01,  8.183201e+01
  2.086348e+01,  8.596282e+01
  2.093364e+01,  8.883415e+01
  2.000439e+01,  8.954868e+01
  1.816287e+01,  8.729101e+01
  1.534157e+01,  8.163181e+01
  1.203133e+01,  7.297878e+01
  8.928805e+00,  5.956647e+01
  6.494527e+00,  4.048086e+01
  4.881900e+00,  1.711138e+01
  3.803607e+00,  3.546550e+02
  2.842009e+00,  3.386513e+02
  1.516698e+00,  3.382630e+02
  1.330039e+00,  7.665210e+01
  4.026302e+00,  1.020468e+02
  6.981802e+00,  1.027132e+02
  9.736798e+00,  1.014481e+02
  1.248566e+01,  1.004805e+02
  1.542584e+01,  9.911173e+01
  1.800682e+01,  9.854157e+01
  1.958646e+01,  9.897310e+01
  2.029620e+01,  1.010015e+02
  2.083454e+01,  1.034046e+02
  2.147017e+01,  1.044132e+02
  2.176527e+01,  1.038840e+02
  2.125056e+01,  1.025399e+02
  1.980272e+01,  1.004671e+02
  1.739377e+01,  9.740691e+01
  1.402035e+01,  9.298508e+01
  1.007096e+01,  8.603658e+01
  6.279949e+00,  6.987688e+01
  4.030371e+00,  2.416548e+01
  5.472477e+00,  3.343506e+02
  8.429352e+00,  3.149802e+02
  1.121844e+01,  3.067660e+02
  1.355353e+01,  3.016312e+02
  1.505549e+01,  2.981940e+02
  1.556677e+01,  2.956951e+02
  1.540016e+01,  2.940361e+02
  1.484614e+01,  2.927996e+02
  1.407161e+01,  2.917819e+02
  1.315762e+01,  2.919823e+02
  1.211868e+01,  2.946758e+02
  1.107377e+01,  2.985802e+02
  1.019434e+01,  3.036606e+02
  9.661347e+00,  3.095979e+02
  9.611856e+00,  3.155795e+02
  9.989777e+00,  3.197574e+02
  1.059811e+01,  3.218465e+02
  1.122494e+01,  3.219665e+02
  1.169329e+01,  3.203465e+02
  1.173372e+01,  3.172577e+02
  1.106297e+01,  3.126116e+02
  9.658668e+00,  3.051752e+02
  8.214527e+00,  2.917317e+02
  7.691193e+00,  2.727962e+02
  7.988429e+00,  2.547708e+02
  8.260799e+00,  2.374297e+02
  8.642347e+00,  2.182974e+02
  9.517325e+00,  2.009125e+02
  1.054201e+01,  1.879217e+02
  1.132347e+01,  1.783303e+02
  1.158265e+01,  1.724782e+02
  1.094549e+01,  1.712202e+02
  9.442387e+00,  1.760109e+02
  7.664046e+00,  1.891184e+02
  6.432088e+00,  2.122839e+02
  6.277398e+00,  2.409409e+02
  7.214797e+00,  2.661645e+02
  9.111920e+00,  2.847290e+02
  1.169891e+01,  2.954901e+02
  1.440665e+01,  3.002815e+02
  1.649193e+01,  3.026891e+02
  1.751074e+01,  3.031242e+02
  1.745735e+01,  3.015414e+02
  1.667561e+01,  2.974381e+02
  1.585366e+01,  2.903990e+02
  1.573857e+01,  2.815648e+02
  1.631061e+01,  2.739941e+02
  1.668125e+01,  2.694043e+02
  1.630084e+01,  2.681982e+02
  1.547469e+01,  2.695415e+02
  1.466962e+01,  2.712461e+02
  1.391792e+01,  2.715390e+02
  1.298514e+01,  2.711496e+02
  1.186624e+01,  2.708127e+02
  1.058129e+01,  2.682281e+02
  8.939896e+00,  2.621164e+02
  6.721975e+00,  2.528478e+02
  4.109501e+00,  2.407771e+02
  1.568073e+00,  2.083969e+02
  1.851933e+00,  1.034189e+02
  4.198438e+00,  8.929290e+01
  6.489094e+00,  8.571344e+01
  8.527945e+00,  8.363722e+01
  1.018703e+01,  8.359116e+01
  1.141077e+01,  8.634316e+01
  1.225680e+01,  9.174332e+01
  1.290147e+01,  9.834038e+01
  1.342336e+01,  1.052357e+02
  1.378455e+01,  1.111186e+02
  1.390854e+01,  1.156819e+02
  1.393967e+01,  1.182520e+02
  1.397182e+01,  1.174898e+02
  1.374832e+01,  1.132329e+02
  1.306596e+01,  1.066743e+02
  1.212220e+01,  9.936242e+01
  1.126519e+01,  9.058327e+01
  1.062713e+01,  8.048053e+01
  1.015987e+01,  7.002761e+01
  9.611304e+00,  6.046018e+01
  9.042169e+00,  5.157920e+01
  8.675941e+00,  4.369100e+01
  8.386439e+00,  3.808933e+01
  7.930105e+00,  3.424167e+01
  7.217243e+00,  3.204628e+01
  6.226955e+00,  3.328369e+01
  5.071586e+00,  3.905921e+01
  4.078529e+00,  5.464615e+01
  4.007111e+00,  8.231622e+01
  5.202445e+00,  1.053073e+02
  7.103950e+00,  1.170783e+02
  9.409569e+00,  1.235192e+02
  1.205030e+01,  1.259935e+02
  1.461990e+01,  1.250047e+02
  1.635552e+01,  1.232915e+02
  1.701635e+01,  1.212760e+02
  1.689565e+01,  1.182333e+02
  1.616148e+01,  1.135339e+02
  1.477383e+01,  1.073016e+02
  1.296327e+01,  9.975885e+01
  1.113660e+01,  9.011244e+01
  9.760299e+00,  7.769857e+01
  9.264319e+00,  6.499031e+01
  9.611544e+00,  5.549844e+01
  1.061392e+01,  5.055804e+01
  1.218516e+01,  4.969424e+01
  1.412240e+01,  5.152313e+01
  1.626654e+01,  5.542973e+01
  1.846791e+01,  5.967311e+01
  2.032542e+01,  6.392881e+01
  2.147763e+01,  6.934048e+01
  2.185467e+01,  7.598952e+01
  2.127573e+01,  8.336251e+01
  1.967292e+01,  9.158577e+01
  1.716753e+01,  1.020783e+02
  1.418645e+01,  1.165633e+02
  1.141676e+01,  1.389325e+02
  9.971034e+00,  1.703555e+02
  1.045659e+01,  2.055833e+02
  6.921440e+00,  2.396582e+02
  4.319907e-01,  2.600166e+02
##END=