##TITLE= twqubit_C57180_C_25000_NoBufferfix8
##JCAMP-DX= 5.00 Bruker JCAMP library
##DATA TYPE= Shape Data
##ORIGIN= Colm Fixed Pulses 
##OWNER= d29lu
##DATE= 18-May-2015
##TIME= 17:39
##MINX= 3.122109e-01
##MAXX= 3.106410e+01
##MINY= 4.080912e-01
##MAXY= 3.598370e+02
##$SHAPE_EXMODE= None
##$SHAPE_TOTROT= 9.000000e+01
##$SHAPE_BWFAC= 1.000000e+00
##$SHAPE_INTEGFAC= 1.000000e+00
##$SHAPE_MODE= 1
##NPOINTS= 200
##XYPOINTS= (XY..XY)
  4.432552e-01,  3.414703e+02
  6.693432e+00,  4.720305e+01
  9.791892e+00,  6.740908e+01
  3.677459e+00,  2.025940e+02
  1.660684e+01,  2.634426e+02
  2.143588e+01,  2.864436e+02
  1.508570e+01,  3.097553e+02
  4.643379e+00,  3.519899e+01
  1.387367e+01,  1.180747e+02
  1.739356e+01,  1.342236e+02
  1.238265e+01,  1.328963e+02
  6.201844e+00,  9.988513e+01
  5.842439e+00,  6.165904e+01
  2.384721e+00,  5.469863e+01
  4.939433e+00,  2.520593e+02
  1.239519e+01,  2.645958e+02
  1.193199e+01,  2.814556e+02
  3.103364e+00,  2.904390e+02
  9.147567e+00,  1.571847e+02
  1.905632e+01,  1.764403e+02
  1.688221e+01,  2.004209e+02
  1.039833e+01,  2.798721e+02
  2.374188e+01,  3.428965e+02
  2.956698e+01,  3.598370e+02
  2.096204e+01,  4.700745e+00
  4.538137e+00,  3.341252e+02
  8.103559e+00,  2.170174e+02
  8.480238e+00,  1.974450e+02
  6.651328e+00,  1.331693e+02
  1.078847e+01,  1.062620e+02
  7.516664e+00,  1.200559e+02
  5.167765e+00,  2.237123e+02
  1.204716e+01,  2.720831e+02
  1.076623e+01,  3.048925e+02
  8.298421e+00,  2.416115e+01
  1.528716e+01,  7.686530e+01
  1.475962e+01,  9.374873e+01
  4.244799e+00,  9.854742e+01
  5.485840e+00,  2.844390e+02
  8.360843e+00,  2.806203e+02
  4.469202e+00,  2.246261e+02
  9.914935e+00,  1.635839e+02
  1.093918e+01,  1.523180e+02
  2.030390e+00,  1.206398e+02
  1.054368e+01,  3.433645e+02
  1.814356e+01,  3.417827e+02
  1.529985e+01,  3.422087e+02
  5.398669e+00,  1.216870e+01
  1.083796e+01,  1.077835e+02
  1.825360e+01,  1.244360e+02
  1.479803e+01,  1.414817e+02
  6.643905e+00,  2.178338e+02
  1.585943e+01,  2.917586e+02
  1.748287e+01,  3.168529e+02
  7.179293e+00,  1.183992e+01
  1.834890e+01,  1.186409e+02
  3.106410e+01,  1.367054e+02
  3.010705e+01,  1.397477e+02
  1.615146e+01,  1.374188e+02
  2.581595e+00,  3.319263e+02
  1.554160e+01,  3.253046e+02
  1.612941e+01,  3.213499e+02
  1.022351e+01,  2.940464e+02
  1.073505e+01,  2.533838e+02
  1.188885e+01,  2.507781e+02
  7.324896e+00,  2.680185e+02
  1.936708e+00,  5.021121e+00
  8.182169e+00,  8.645717e+01
  1.408564e+01,  1.091402e+02
  1.499716e+01,  1.213178e+02
  9.584311e+00,  1.271826e+02
  4.832472e-01,  1.108852e+02
  7.709573e+00,  3.131479e+02
  1.250795e+01,  3.018287e+02
  1.315864e+01,  2.846376e+02
  1.071068e+01,  2.678694e+02
  5.462968e+00,  2.491614e+02
  1.115464e+00,  1.558018e+02
  4.885731e+00,  7.890082e+01
  7.063137e+00,  6.619333e+01
  6.396308e+00,  5.499457e+01
  4.584978e+00,  3.598944e+01
  3.254614e+00,  8.305572e+00
  2.636675e+00,  3.385453e+02
  2.042214e+00,  3.222720e+02
  3.122109e-01,  3.450609e+02
  3.372159e+00,  1.384588e+02
  8.671210e+00,  1.460836e+02
  1.161084e+01,  1.608527e+02
  9.555806e+00,  1.924360e+02
  8.358152e+00,  2.629526e+02
  1.249999e+01,  3.205650e+02
  1.209014e+01,  4.080912e-01
  8.297506e+00,  6.769005e+01
  1.304577e+01,  1.397339e+02
  1.541491e+01,  1.747240e+02
  9.997263e+00,  2.118004e+02
  8.488182e+00,  2.934925e+02
  1.368011e+01,  3.321311e+02
  1.270775e+01,  3.372254e+02
  7.455996e+00,  3.205430e+02
  2.551513e+00,  2.917449e+02
  3.289536e+00,  1.022432e+02
  1.303646e+01,  9.818832e+01
  1.918102e+01,  1.036753e+02
  1.706536e+01,  1.162798e+02
  8.897932e+00,  1.459144e+02
  5.094278e+00,  2.217386e+02
  3.649077e+00,  2.720245e+02
  2.121502e+00,  7.870173e+01
  8.722761e+00,  1.152837e+02
  9.985864e+00,  1.465060e+02
  8.421801e+00,  2.033069e+02
  1.160505e+01,  2.562903e+02
  1.150268e+01,  2.755029e+02
  5.016122e+00,  2.594434e+02
  5.656394e+00,  1.748635e+02
  7.659636e+00,  1.708299e+02
  2.442844e+00,  2.215654e+02
  8.643912e+00,  3.315836e+02
  1.483145e+01,  3.526545e+02
  1.299427e+01,  1.028032e+01
  7.508388e+00,  4.542429e+01
  6.340833e+00,  9.615331e+01
  4.598908e+00,  1.045016e+02
  3.166006e+00,  2.191471e+01
  8.688249e+00,  3.501996e+02
  9.957203e+00,  3.497567e+02
  4.678779e+00,  4.135316e+00
  4.244696e+00,  1.161278e+02
  1.087775e+01,  1.296708e+02
  1.501461e+01,  1.208410e+02
  1.766175e+01,  1.096458e+02
  1.723977e+01,  1.066428e+02
  1.110282e+01,  1.164056e+02
  4.727123e+00,  1.929662e+02
  1.245627e+01,  2.571506e+02
  1.757062e+01,  2.693726e+02
  1.584798e+01,  2.669023e+02
  9.257118e+00,  2.483526e+02
  5.517422e+00,  1.896822e+02
  7.552584e+00,  1.569330e+02
  5.473102e+00,  1.501963e+02
  9.879091e-01,  4.729430e+01
  8.134127e+00,  1.547227e+00
  1.364927e+01,  1.128908e+01
  1.385207e+01,  2.348621e+01
  8.512011e+00,  4.265313e+01
  4.768382e+00,  1.321018e+02
  1.368596e+01,  1.833294e+02
  2.022577e+01,  1.939653e+02
  2.058198e+01,  1.932843e+02
  1.584850e+01,  1.833297e+02
  9.461792e+00,  1.600737e+02
  4.988675e+00,  1.330502e+02
  1.680335e+00,  1.862715e+02
  8.811940e+00,  2.466490e+02
  1.782228e+01,  2.551319e+02
  2.104428e+01,  2.592813e+02
  1.673823e+01,  2.643924e+02
  8.255154e+00,  2.770989e+02
  3.373622e+00,  3.207664e+02
  2.072404e+00,  3.193856e+02
  5.100942e+00,  2.462806e+02
  1.171403e+01,  2.319531e+02
  1.506843e+01,  2.284881e+02
  1.279580e+01,  2.309337e+02
  6.770234e+00,  2.585476e+02
  8.906688e+00,  3.318784e+02
  1.593773e+01,  3.583059e+02
  1.697998e+01,  1.521406e+01
  1.159053e+01,  3.792304e+01
  4.653634e+00,  8.399542e+01
  3.553366e+00,  1.750481e+02
  4.556070e+00,  2.152968e+02
  3.817069e+00,  2.303194e+02
  2.537730e+00,  2.225771e+02
  2.227309e+00,  1.952712e+02
  1.969555e+00,  1.735228e+02
  1.173290e+00,  1.108982e+02
  3.836866e+00,  4.461344e+01
  7.698407e+00,  3.464392e+01
  9.092228e+00,  3.001200e+01
  6.015007e+00,  1.868808e+01
  2.117070e+00,  2.898541e+02
  8.828050e+00,  2.345613e+02
  1.324274e+01,  2.306016e+02
  1.021043e+01,  2.252135e+02
  3.105327e+00,  1.757673e+02
  7.510779e+00,  9.670803e+01
  9.160849e+00,  8.900832e+01
  3.392517e+00,  5.435041e+01
  8.552894e+00,  3.215262e+02
  1.511839e+01,  3.233237e+02
  1.279480e+01,  3.277793e+02
  3.577995e+00,  3.025433e+02
  8.017823e+00,  2.031209e+02
  1.174264e+01,  2.155052e+02
  4.516603e+00,  2.777078e+02
  7.019382e-01,  1.392838e+00
##END=