##TITLE= twqubit_C1180_C_25000_NoBufferfix6
##JCAMP-DX= 5.00 Bruker JCAMP library
##DATA TYPE= Shape Data
##ORIGIN= Colm Fixed Pulses 
##OWNER= d29lu
##DATE= 18-May-2015
##TIME= 17:42
##MINX= 1.393762e-01
##MAXX= 6.002280e+01
##MINY= 2.433282e+00
##MAXY= 3.592777e+02
##$SHAPE_EXMODE= None
##$SHAPE_TOTROT= 9.000000e+01
##$SHAPE_BWFAC= 1.000000e+00
##$SHAPE_INTEGFAC= 1.000000e+00
##$SHAPE_MODE= 1
##NPOINTS= 200
##XYPOINTS= (XY..XY)
  1.393762e-01,  3.839168e+01
  6.327010e+00,  3.536210e+02
  2.458600e+01,  7.789579e+00
  3.461897e+01,  3.578737e+02
  3.297882e+01,  3.392900e+02
  1.976452e+01,  3.160508e+02
  1.338364e+01,  2.200539e+02
  2.901494e+01,  1.792246e+02
  3.903531e+01,  1.691991e+02
  3.734159e+01,  1.639407e+02
  2.782948e+01,  1.410082e+02
  2.651962e+01,  9.443926e+01
  2.955896e+01,  6.562822e+01
  2.228830e+01,  4.771396e+01
  7.191697e+00,  3.580589e+02
  1.274002e+01,  2.697976e+02
  1.804487e+01,  2.675370e+02
  1.800830e+01,  2.793523e+02
  1.774974e+01,  2.824186e+02
  1.887528e+01,  2.586042e+02
  2.101094e+01,  2.246020e+02
  2.089794e+01,  1.741997e+02
  2.970209e+01,  1.298272e+02
  3.134470e+01,  1.116687e+02
  1.300334e+01,  8.591554e+01
  1.852008e+01,  3.037952e+02
  3.400151e+01,  2.894573e+02
  3.219615e+01,  2.648764e+02
  3.198348e+01,  2.197992e+02
  3.290661e+01,  1.909615e+02
  2.337512e+01,  1.726814e+02
  1.847244e+01,  1.340562e+02
  3.006983e+01,  1.154291e+02
  3.624607e+01,  1.085996e+02
  2.816275e+01,  9.591605e+01
  1.305700e+01,  5.973410e+01
  1.083964e+01,  3.501136e+02
  8.109511e+00,  3.021914e+02
  1.551752e+01,  2.153336e+02
  2.860961e+01,  2.173514e+02
  2.850279e+01,  2.519252e+02
  1.883342e+01,  3.009890e+02
  8.684900e+00,  2.557971e+01
  4.915142e+00,  1.206089e+02
  5.969944e+00,  2.410831e+02
  7.998830e+00,  3.499935e+02
  2.114642e+01,  5.083952e+01
  2.046056e+01,  6.699480e+01
  4.395302e+00,  3.484744e+02
  2.144541e+01,  3.011481e+02
  2.020127e+01,  3.166161e+02
  2.543406e+00,  8.823448e+01
  2.311287e+01,  1.638187e+02
  2.179262e+01,  1.944000e+02
  1.211269e+01,  3.082096e+02
  3.096832e+01,  1.633199e+01
  3.336509e+01,  4.312737e+01
  1.766694e+01,  4.334935e+01
  6.747791e+00,  2.634363e+02
  2.439884e+01,  2.352522e+02
  2.922151e+01,  2.339664e+02
  2.085603e+01,  2.264387e+02
  1.011463e+01,  1.700915e+02
  1.282971e+01,  1.124806e+02
  1.021717e+01,  8.283799e+01
  1.115532e+01,  3.406830e+01
  2.216269e+01,  2.762366e+01
  3.167166e+01,  2.580724e+01
  3.618529e+01,  1.293749e+01
  4.001306e+01,  3.592777e+02
  3.516916e+01,  3.485119e+02
  1.607720e+01,  3.192189e+02
  1.191015e+01,  1.982509e+02
  1.966373e+01,  1.444844e+02
  3.040147e+01,  8.642386e+01
  4.511968e+01,  5.640854e+01
  4.339650e+01,  3.621060e+01
  3.552665e+01,  2.672604e+00
  3.975571e+01,  3.328081e+02
  3.760150e+01,  3.263904e+02
  2.069995e+01,  3.313624e+02
  3.341377e+00,  1.342508e+01
  2.942871e+00,  8.974499e+01
  2.657028e+00,  6.129192e+01
  8.971651e+00,  1.220913e+02
  2.532573e+01,  1.438707e+02
  3.001564e+01,  1.457577e+02
  1.855618e+01,  1.080146e+02
  2.920136e+01,  3.816294e+01
  3.731211e+01,  2.686445e+01
  2.368155e+01,  3.060103e+01
  1.276487e+00,  3.190713e+02
  1.529779e+01,  2.287996e+02
  1.837517e+01,  2.117313e+02
  1.878794e+01,  1.897995e+02
  1.577480e+01,  1.848755e+02
  6.684738e+00,  2.024280e+02
  3.335148e+00,  3.233178e+02
  7.636164e+00,  1.387834e+01
  9.597741e+00,  2.248296e+01
  1.153287e+01,  3.551963e+02
  1.539279e+01,  3.265969e+02
  1.338383e+01,  2.961303e+02
  1.015282e+01,  2.188055e+02
  2.291961e+01,  1.656499e+02
  3.474675e+01,  1.331661e+02
  4.279202e+01,  9.572450e+01
  4.200788e+01,  7.418426e+01
  1.849529e+01,  7.390214e+01
  9.896530e+00,  3.092030e+02
  3.287402e+01,  3.533740e+02
  4.760772e+01,  1.456352e+01
  4.681836e+01,  3.463341e+02
  6.002280e+01,  3.129966e+02
  3.827061e+01,  2.989070e+02
  9.232295e+00,  2.290414e+02
  2.857760e+01,  1.696513e+02
  2.192260e+01,  1.623382e+02
  1.718920e+01,  2.505976e+01
  4.930297e+01,  2.081783e+01
  4.647424e+01,  1.141299e+01
  4.054802e+01,  3.338101e+02
  3.243332e+01,  3.009880e+02
  2.181913e+01,  3.012940e+02
  1.252501e+01,  3.352004e+02
  3.773916e+00,  6.217632e+01
  1.777743e+01,  1.531120e+02
  2.914187e+01,  1.624961e+02
  2.437588e+01,  1.557805e+02
  1.508900e+01,  7.621812e+01
  3.179155e+01,  2.878088e+01
  3.073265e+01,  1.140267e+01
  1.542082e+01,  3.293141e+02
  2.017379e+01,  2.671676e+02
  2.235022e+01,  2.605122e+02
  1.103011e+01,  2.465071e+02
  8.349670e+00,  1.692749e+02
  1.339882e+01,  1.788386e+02
  1.172794e+01,  2.199625e+02
  7.265643e+00,  3.105233e+02
  2.199442e+01,  3.139817e+01
  3.265029e+01,  5.278648e+01
  2.118630e+01,  5.581725e+01
  1.237701e+01,  2.865421e+02
  3.126835e+01,  2.793647e+02
  1.911595e+01,  2.837691e+02
  1.451082e+01,  1.201917e+02
  3.287847e+01,  1.342624e+02
  2.296682e+01,  1.595683e+02
  9.339163e+00,  2.528625e+02
  1.794839e+01,  3.157555e+02
  1.284399e+01,  3.266276e+02
  3.393032e+00,  3.057700e+02
  4.074860e+00,  3.002977e+02
  1.132840e+01,  3.314504e+02
  1.671220e+01,  3.301730e+02
  1.925777e+01,  3.052915e+02
  2.339154e+01,  2.730120e+02
  2.546411e+01,  2.423347e+02
  1.458731e+01,  1.974353e+02
  2.231028e+01,  1.048146e+02
  3.429758e+01,  9.268682e+01
  2.828246e+01,  7.238995e+01
  2.123804e+01,  1.427740e+01
  2.164543e+01,  3.219668e+02
  2.159715e+01,  2.717704e+02
  2.761380e+01,  2.235029e+02
  3.155215e+01,  1.910162e+02
  2.268663e+01,  1.713578e+02
  6.044330e+00,  1.345605e+02
  4.621555e+00,  2.602231e+01
  3.841016e+00,  3.038325e+02
  1.197485e+01,  2.648433e+02
  1.555462e+01,  2.975383e+02
  2.375208e+01,  3.504331e+02
  3.424664e+01,  3.588842e+02
  4.074471e+01,  3.292628e+02
  5.069992e+01,  2.957580e+02
  4.593750e+01,  2.766820e+02
  2.865265e+01,  2.614988e+02
  9.711771e+00,  1.852137e+02
  1.206745e+01,  1.000610e+02
  2.622577e+01,  3.233789e+01
  4.299951e+01,  2.691075e+01
  3.995080e+01,  2.868982e+01
  2.337050e+01,  2.433282e+00
  1.904392e+01,  2.921217e+02
  2.499753e+01,  2.669868e+02
  2.137731e+01,  2.753260e+02
  6.870387e+00,  2.789471e+02
  1.256057e+01,  1.297263e+02
  2.260102e+01,  1.328948e+02
  1.628643e+01,  1.121124e+02
  2.212592e+01,  4.355905e+01
  3.157222e+01,  2.219758e+01
  1.794301e+01,  3.324177e+02
  3.658291e+01,  2.608013e+02
  2.124261e+01,  2.258091e+02
  1.152387e+01,  5.989033e+01
  1.373449e+00,  2.679780e+02
##END=