##TITLE= twqubit_C156180_C_25000_NoBufferfix5
##JCAMP-DX= 5.00 Bruker JCAMP library
##DATA TYPE= Shape Data
##ORIGIN= Colm Fixed Pulses 
##OWNER= d29lu
##DATE= 18-May-2015
##TIME= 17:51
##MINX= 5.863027e-01
##MAXX= 3.117536e+01
##MINY= 1.739818e+00
##MAXY= 3.576811e+02
##$SHAPE_EXMODE= None
##$SHAPE_TOTROT= 9.000000e+01
##$SHAPE_BWFAC= 1.000000e+00
##$SHAPE_INTEGFAC= 1.000000e+00
##$SHAPE_MODE= 1
##NPOINTS= 200
##XYPOINTS= (XY..XY)
  6.190130e-01,  9.732482e+01
  1.003541e+01,  1.273052e+02
  1.989194e+01,  1.399698e+02
  1.613203e+01,  1.783765e+02
  1.791759e+01,  2.642146e+02
  3.117536e+01,  3.112928e+02
  2.982214e+01,  3.260701e+02
  1.325194e+01,  3.143473e+02
  1.110551e+01,  1.997759e+02
  2.142714e+01,  1.841355e+02
  1.864334e+01,  1.823707e+02
  5.660303e+00,  1.693452e+02
  7.491876e+00,  2.749733e+01
  1.407553e+01,  2.796971e+01
  9.745496e+00,  2.976948e+01
  1.484509e+00,  2.620063e+02
  1.332911e+01,  2.424327e+02
  1.841355e+01,  2.544755e+02
  1.451248e+01,  2.672879e+02
  4.333271e+00,  2.933660e+02
  6.179435e+00,  6.858111e+01
  1.093585e+01,  8.232849e+01
  7.949569e+00,  6.804316e+01
  7.205805e+00,  3.576811e+02
  1.447803e+01,  3.314965e+02
  1.653185e+01,  3.270576e+02
  1.201024e+01,  3.169213e+02
  7.768715e+00,  2.788489e+02
  9.318062e+00,  2.460635e+02
  8.472986e+00,  2.386345e+02
  2.160217e+00,  2.286010e+02
  7.192539e+00,  7.782564e+01
  1.793752e+01,  8.093843e+01
  2.332865e+01,  8.181217e+01
  2.189996e+01,  8.119629e+01
  1.533541e+01,  8.271248e+01
  6.615387e+00,  9.860743e+01
  4.490269e+00,  1.878845e+02
  1.029332e+01,  2.188913e+02
  1.443525e+01,  2.232506e+02
  1.542337e+01,  2.229712e+02
  1.232922e+01,  2.268375e+02
  5.220874e+00,  2.503500e+02
  5.125752e+00,  7.447932e+00
  1.193825e+01,  4.523162e+01
  1.356685e+01,  7.607878e+01
  1.217550e+01,  1.236617e+02
  1.341508e+01,  1.765356e+02
  1.267785e+01,  2.165363e+02
  9.068913e+00,  2.660321e+02
  8.000246e+00,  3.220419e+02
  4.010758e+00,  6.291304e+00
  6.066636e+00,  1.443898e+02
  1.533897e+01,  1.672952e+02
  1.550473e+01,  1.676816e+02
  7.124855e+00,  1.228654e+02
  1.392239e+01,  4.908821e+01
  1.934853e+01,  4.290615e+01
  1.324570e+01,  5.851764e+01
  1.159149e+01,  1.377063e+02
  2.332188e+01,  1.694738e+02
  2.770946e+01,  1.671459e+02
  2.490710e+01,  1.515076e+02
  1.775407e+01,  1.359921e+02
  7.267340e+00,  1.347531e+02
  3.619030e+00,  2.102778e+02
  7.203518e+00,  2.200014e+02
  1.026275e+01,  2.034512e+02
  1.216711e+01,  2.016471e+02
  1.095264e+01,  2.256486e+02
  9.818401e+00,  2.752097e+02
  9.807812e+00,  3.344605e+02
  1.307571e+01,  4.197563e+01
  1.915035e+01,  8.815448e+01
  1.962396e+01,  1.210144e+02
  1.287431e+01,  1.566816e+02
  5.903949e+00,  2.308011e+02
  8.078597e+00,  3.131635e+02
  7.613871e+00,  3.520882e+02
  6.483314e-01,  3.277540e+01
  1.081134e+01,  2.204101e+02
  2.102947e+01,  2.365476e+02
  2.026811e+01,  2.392021e+02
  7.892628e+00,  2.182198e+02
  8.165338e+00,  8.544553e+01
  1.697784e+01,  6.872121e+01
  1.635520e+01,  4.900163e+01
  1.265091e+01,  4.393702e+00
  1.377513e+01,  3.167899e+02
  1.366726e+01,  2.899594e+02
  9.074020e+00,  2.673553e+02
  3.666508e+00,  2.372079e+02
  5.863027e-01,  1.462681e+02
  2.941391e+00,  3.875979e+01
  4.714844e+00,  2.992986e+01
  3.978990e+00,  4.808272e+01
  4.455492e+00,  1.002554e+02
  7.609390e+00,  1.235384e+02
  8.580601e+00,  1.255844e+02
  5.811045e+00,  1.202160e+02
  1.466802e+00,  1.292229e+02
  2.893670e+00,  2.395879e+02
  7.716493e+00,  2.331104e+02
  1.068446e+01,  2.271357e+02
  9.123685e+00,  2.259622e+02
  4.490047e+00,  2.523123e+02
  6.129859e+00,  3.236433e+02
  1.014244e+01,  3.380301e+02
  8.885427e+00,  3.357383e+02
  3.503843e+00,  3.343327e+02
  2.325765e+00,  8.235894e+01
  7.875531e+00,  7.707590e+01
  1.227168e+01,  6.032336e+01
  1.168966e+01,  4.232942e+01
  4.841348e+00,  1.071211e+01
  5.529631e+00,  2.295569e+02
  1.463418e+01,  1.981357e+02
  1.959173e+01,  1.694850e+02
  2.105073e+01,  1.421393e+02
  1.710187e+01,  1.289129e+02
  7.057416e+00,  1.575631e+02
  1.161562e+01,  2.477305e+02
  1.682612e+01,  2.698505e+02
  1.177921e+01,  2.829944e+02
  2.812504e+00,  3.210699e+02
  2.568891e+00,  1.136717e+02
  6.613244e+00,  1.821433e+02
  1.316757e+01,  2.141529e+02
  1.450978e+01,  2.199654e+02
  8.467715e+00,  1.942475e+02
  7.787625e+00,  1.112637e+02
  1.276368e+01,  7.863220e+01
  1.016702e+01,  5.350374e+01
  6.825926e+00,  3.373200e+02
  1.433379e+01,  2.967325e+02
  1.665162e+01,  2.975622e+02
  1.197277e+01,  3.290517e+02
  1.257088e+01,  3.874224e+01
  1.739153e+01,  8.639912e+01
  1.950656e+01,  1.290659e+02
  2.099494e+01,  1.688762e+02
  1.771283e+01,  1.985144e+02
  8.421814e+00,  2.318563e+02
  4.784590e+00,  3.137750e+02
  4.767004e+00,  3.264511e+02
  6.917577e+00,  2.696389e+02
  1.328711e+01,  2.610190e+02
  1.195901e+01,  2.683844e+02
  1.584386e+00,  3.071097e+02
  1.078239e+01,  9.822988e+01
  1.759823e+01,  1.113841e+02
  1.434949e+01,  1.113064e+02
  6.051603e+00,  7.258145e+01
  8.740833e+00,  1.739818e+00
  1.088573e+01,  3.495419e+02
  4.508021e+00,  3.193136e+02
  1.043193e+01,  2.116039e+02
  2.194457e+01,  2.091491e+02
  2.278334e+01,  2.132159e+02
  1.055745e+01,  2.051050e+02
  9.661898e+00,  6.961998e+01
  2.358081e+01,  6.078482e+01
  2.370358e+01,  5.587745e+01
  1.362420e+01,  3.592976e+01
  7.405538e+00,  3.271357e+02
  7.694630e+00,  2.689626e+02
  1.023778e+01,  2.010741e+02
  1.919767e+01,  1.767543e+02
  2.197145e+01,  1.745399e+02
  1.616981e+01,  1.775735e+02
  6.848351e+00,  1.703683e+02
  4.600569e+00,  1.223856e+02
  9.107069e+00,  1.331605e+02
  1.343221e+01,  1.688192e+02
  1.469313e+01,  2.144626e+02
  1.773667e+01,  2.761196e+02
  2.488821e+01,  3.219582e+02
  2.418243e+01,  3.454123e+02
  9.289543e+00,  3.401542e+02
  1.055441e+01,  2.218676e+02
  1.406346e+01,  2.234464e+02
  1.292566e+00,  4.782287e+00
  2.237893e+01,  5.713660e+01
  3.024632e+01,  6.798169e+01
  1.900098e+01,  6.880002e+01
  3.130355e+00,  3.033475e+02
  1.708290e+01,  2.604538e+02
  1.828756e+01,  2.410161e+02
  1.538946e+01,  1.888888e+02
  2.211551e+01,  1.446506e+02
  2.432061e+01,  1.313583e+02
  1.505855e+01,  1.257083e+02
  2.978560e+00,  4.018524e+01
  1.097292e+01,  3.405529e+02
  9.182978e+00,  3.201750e+02
  1.042856e+01,  2.450550e+02
  2.252167e+01,  2.371595e+02
  2.224060e+01,  2.444856e+02
  2.544599e+00,  2.569112e+02
  1.349839e+00,  3.163084e+01
##END=