##TITLE= twqubit_C790_C_25000_NoBufferfix3
##JCAMP-DX= 5.00 Bruker JCAMP library
##DATA TYPE= Shape Data
##ORIGIN= Colm Fixed Pulses 
##OWNER= d29lu
##DATE= 18-May-2015
##TIME= 16:46
##MINX= 1.168242e+00
##MAXX= 4.352768e+01
##MINY= 3.214733e+00
##MAXY= 3.573388e+02
##$SHAPE_EXMODE= None
##$SHAPE_TOTROT= 9.000000e+01
##$SHAPE_BWFAC= 1.000000e+00
##$SHAPE_INTEGFAC= 1.000000e+00
##$SHAPE_MODE= 1
##NPOINTS= 100
##XYPOINTS= (XY..XY)
  1.168242e+00,  2.900277e+01
  4.964512e+00,  1.443269e+02
  1.499623e+01,  1.887322e+02
  1.960056e+01,  2.490259e+02
  2.388078e+01,  3.117615e+02
  2.247005e+01,  3.214733e+00
  1.171808e+01,  6.436860e+01
  2.042590e+01,  1.769698e+02
  3.608874e+01,  1.959897e+02
  4.181568e+01,  1.768218e+02
  4.352768e+01,  1.603323e+02
  2.115569e+01,  1.792440e+02
  2.110425e+01,  3.020675e+02
  2.924697e+01,  3.316503e+02
  9.155764e+00,  5.081428e+00
  2.162922e+01,  1.646641e+02
  3.366124e+01,  1.788124e+02
  2.331856e+01,  1.658991e+02
  1.421645e+01,  9.962816e+01
  2.519096e+01,  6.120286e+01
  2.880007e+01,  4.166998e+01
  1.888374e+01,  3.573388e+02
  1.217074e+01,  2.682920e+02
  2.059421e+01,  1.872939e+02
  3.006523e+01,  1.452666e+02
  2.953431e+01,  1.182934e+02
  1.141046e+01,  1.025336e+02
  1.292051e+01,  2.823418e+02
  2.169869e+01,  2.794101e+02
  7.680050e+00,  2.535951e+02
  1.207246e+01,  1.104357e+02
  1.743344e+01,  8.612765e+01
  1.841138e+01,  3.495127e+01
  2.592887e+01,  7.318547e+00
  2.301821e+01,  7.543806e+00
  1.194916e+01,  4.290686e+01
  1.200226e+01,  1.136530e+02
  1.073644e+01,  1.539113e+02
  7.958726e+00,  2.083954e+02
  3.976374e+00,  2.069719e+02
  1.204889e+01,  1.196132e+02
  1.839664e+01,  1.209666e+02
  5.772572e+00,  7.940538e+01
  2.584010e+01,  3.480740e+02
  3.716264e+01,  4.753032e+00
  2.305550e+01,  6.537396e+01
  2.820098e+01,  1.713443e+02
  3.426694e+01,  2.230637e+02
  1.313883e+01,  2.539758e+02
  1.987017e+01,  6.639469e+01
  2.919614e+01,  7.605479e+01
  1.081274e+01,  4.631507e+01
  1.664757e+01,  2.776574e+02
  2.233585e+01,  2.384005e+02
  2.380696e+01,  1.863434e+02
  2.653809e+01,  1.467567e+02
  1.841894e+01,  1.002144e+02
  2.187782e+01,  1.853122e+01
  3.297029e+01,  3.485169e+02
  2.977508e+01,  3.345255e+02
  1.506221e+01,  3.149728e+02
  3.051321e+00,  2.209357e+02
  8.119442e+00,  1.036447e+02
  1.667423e+01,  7.888266e+01
  1.271509e+01,  8.007870e+01
  6.116193e+00,  2.283156e+02
  2.480003e+01,  2.570606e+02
  2.250931e+01,  2.727726e+02
  2.881709e+00,  3.903574e+01
  2.609988e+01,  1.127260e+02
  2.894935e+01,  1.268424e+02
  1.168793e+01,  1.203625e+02
  1.170193e+01,  1.035036e+01
  1.739651e+01,  1.476006e+01
  3.175235e+00,  3.231753e+01
  1.602155e+01,  2.178291e+02
  2.069313e+01,  2.483485e+02
  1.021065e+01,  3.326073e+02
  2.344202e+01,  8.347214e+01
  3.297884e+01,  1.242721e+02
  2.124301e+01,  1.229328e+02
  1.606632e+01,  4.066579e+01
  2.566124e+01,  7.696749e+00
  2.528135e+01,  3.367500e+02
  2.401741e+01,  2.779786e+02
  2.600022e+01,  2.400111e+02
  1.213759e+01,  2.180193e+02
  1.026540e+01,  3.349082e+01
  2.489964e+01,  1.975390e+01
  2.182498e+01,  3.573301e+02
  8.848933e+00,  3.050875e+02
  1.326347e+01,  1.886375e+02
  2.775186e+01,  1.565770e+02
  3.622450e+01,  1.318659e+02
  4.012334e+01,  1.127922e+02
  3.608545e+01,  1.079386e+02
  1.872761e+01,  1.071957e+02
  6.382586e+00,  3.002021e+02
  9.920878e+00,  3.286209e+02
  3.488917e+00,  6.194353e+01
##END=