##TITLE= twqubit_C1180_C_25000_NoBufferfix2
##JCAMP-DX= 5.00 Bruker JCAMP library
##DATA TYPE= Shape Data
##ORIGIN= Colm Fixed Pulses 
##OWNER= d29lu
##DATE= 18-May-2015
##TIME= 17:41
##MINX= 2.142150e-01
##MAXX= 6.001906e+01
##MINY= 2.436051e+00
##MAXY= 3.593290e+02
##$SHAPE_EXMODE= None
##$SHAPE_TOTROT= 9.000000e+01
##$SHAPE_BWFAC= 1.000000e+00
##$SHAPE_INTEGFAC= 1.000000e+00
##$SHAPE_MODE= 1
##NPOINTS= 200
##XYPOINTS= (XY..XY)
  2.142150e-01,  1.807508e+01
  6.337697e+00,  3.534880e+02
  2.458378e+01,  7.816694e+00
  3.460064e+01,  3.578571e+02
  3.297923e+01,  3.392837e+02
  1.975151e+01,  3.160530e+02
  1.338691e+01,  2.200660e+02
  2.900313e+01,  1.792515e+02
  3.900190e+01,  1.691542e+02
  3.733126e+01,  1.640023e+02
  2.781700e+01,  1.410573e+02
  2.650355e+01,  9.440221e+01
  2.955344e+01,  6.563677e+01
  2.227812e+01,  4.769537e+01
  7.199836e+00,  3.580299e+02
  1.273827e+01,  2.698809e+02
  1.804766e+01,  2.675442e+02
  1.801171e+01,  2.793114e+02
  1.774441e+01,  2.824319e+02
  1.887854e+01,  2.585730e+02
  2.101789e+01,  2.245885e+02
  2.089443e+01,  1.741893e+02
  2.968283e+01,  1.298019e+02
  3.133043e+01,  1.115832e+02
  1.297331e+01,  8.591155e+01
  1.850165e+01,  3.037309e+02
  3.399142e+01,  2.894306e+02
  3.218133e+01,  2.649005e+02
  3.196852e+01,  2.197887e+02
  3.289562e+01,  1.909016e+02
  2.336828e+01,  1.727326e+02
  1.845424e+01,  1.340947e+02
  3.004403e+01,  1.154187e+02
  3.621524e+01,  1.086561e+02
  2.812772e+01,  9.584135e+01
  1.305690e+01,  5.984016e+01
  1.083255e+01,  3.500148e+02
  8.115847e+00,  3.021615e+02
  1.551758e+01,  2.153456e+02
  2.859716e+01,  2.173404e+02
  2.850835e+01,  2.519313e+02
  1.882648e+01,  3.009794e+02
  8.689450e+00,  2.554406e+01
  4.916035e+00,  1.204792e+02
  5.972462e+00,  2.410977e+02
  8.012089e+00,  3.499689e+02
  2.114806e+01,  5.083470e+01
  2.046206e+01,  6.694143e+01
  4.408856e+00,  3.481422e+02
  2.144128e+01,  3.011707e+02
  2.020325e+01,  3.166612e+02
  2.545285e+00,  8.810767e+01
  2.310665e+01,  1.638311e+02
  2.178752e+01,  1.943751e+02
  1.211551e+01,  3.081351e+02
  3.096997e+01,  1.631059e+01
  3.336634e+01,  4.313017e+01
  1.766185e+01,  4.341544e+01
  6.765026e+00,  2.633106e+02
  2.438892e+01,  2.352740e+02
  2.921116e+01,  2.339280e+02
  2.085721e+01,  2.263998e+02
  1.011365e+01,  1.700140e+02
  1.282966e+01,  1.124621e+02
  1.022097e+01,  8.272466e+01
  1.117313e+01,  3.412649e+01
  2.217231e+01,  2.758555e+01
  3.165796e+01,  2.580174e+01
  3.616621e+01,  1.294014e+01
  3.998046e+01,  3.593290e+02
  3.516047e+01,  3.484612e+02
  1.605882e+01,  3.192688e+02
  1.192214e+01,  1.983243e+02
  1.967047e+01,  1.444357e+02
  3.037464e+01,  8.638966e+01
  4.507970e+01,  5.643015e+01
  4.338700e+01,  3.622458e+01
  3.550026e+01,  2.651248e+00
  3.974458e+01,  3.328267e+02
  3.757747e+01,  3.263585e+02
  2.069273e+01,  3.313398e+02
  3.340261e+00,  1.298241e+01
  2.935368e+00,  8.967126e+01
  2.654636e+00,  6.127140e+01
  8.995889e+00,  1.219662e+02
  2.531719e+01,  1.439261e+02
  2.999799e+01,  1.457656e+02
  1.853822e+01,  1.079476e+02
  2.918338e+01,  3.816667e+01
  3.729622e+01,  2.684889e+01
  2.367553e+01,  3.063616e+01
  1.285455e+00,  3.209308e+02
  1.529769e+01,  2.288072e+02
  1.835433e+01,  2.117312e+02
  1.877527e+01,  1.898522e+02
  1.576487e+01,  1.848651e+02
  6.699879e+00,  2.024821e+02
  3.328340e+00,  3.233695e+02
  7.641591e+00,  1.377378e+01
  9.607313e+00,  2.263267e+01
  1.154511e+01,  3.551614e+02
  1.539273e+01,  3.266282e+02
  1.339340e+01,  2.961503e+02
  1.015845e+01,  2.187835e+02
  2.292377e+01,  1.656362e+02
  3.472048e+01,  1.331651e+02
  4.275906e+01,  9.571227e+01
  4.195986e+01,  7.421886e+01
  1.847786e+01,  7.385149e+01
  9.904922e+00,  3.090335e+02
  3.286108e+01,  3.533511e+02
  4.757583e+01,  1.459640e+01
  4.678091e+01,  3.463794e+02
  6.001906e+01,  3.130015e+02
  3.824134e+01,  2.989120e+02
  9.226383e+00,  2.289724e+02
  2.856381e+01,  1.696268e+02
  2.191946e+01,  1.623651e+02
  1.717745e+01,  2.500371e+01
  4.925568e+01,  2.078708e+01
  4.644818e+01,  1.144519e+01
  4.053048e+01,  3.337742e+02
  3.242830e+01,  3.009847e+02
  2.181027e+01,  3.013040e+02
  1.252688e+01,  3.351945e+02
  3.761902e+00,  6.178123e+01
  1.779043e+01,  1.531002e+02
  2.913069e+01,  1.625097e+02
  2.436396e+01,  1.558001e+02
  1.508230e+01,  7.627766e+01
  3.176817e+01,  2.879933e+01
  3.074032e+01,  1.133959e+01
  1.540830e+01,  3.293326e+02
  2.016450e+01,  2.672062e+02
  2.235031e+01,  2.604856e+02
  1.102015e+01,  2.464565e+02
  8.355276e+00,  1.692785e+02
  1.339010e+01,  1.787838e+02
  1.172887e+01,  2.200355e+02
  7.274850e+00,  3.104541e+02
  2.199583e+01,  3.137756e+01
  3.263861e+01,  5.276791e+01
  2.119073e+01,  5.576897e+01
  1.239317e+01,  2.865203e+02
  3.123383e+01,  2.793401e+02
  1.911738e+01,  2.837659e+02
  1.449550e+01,  1.202529e+02
  3.286578e+01,  1.342351e+02
  2.294904e+01,  1.595734e+02
  9.325005e+00,  2.527910e+02
  1.795308e+01,  3.157165e+02
  1.283876e+01,  3.266132e+02
  3.380531e+00,  3.057234e+02
  4.077011e+00,  2.998440e+02
  1.134250e+01,  3.314866e+02
  1.670389e+01,  3.301483e+02
  1.926269e+01,  3.052467e+02
  2.337123e+01,  2.729935e+02
  2.545646e+01,  2.423674e+02
  1.456772e+01,  1.974824e+02
  2.230035e+01,  1.048443e+02
  3.426455e+01,  9.263881e+01
  2.826856e+01,  7.235111e+01
  2.122340e+01,  1.423112e+01
  2.165744e+01,  3.219029e+02
  2.159548e+01,  2.717503e+02
  2.760419e+01,  2.234854e+02
  3.154174e+01,  1.910089e+02
  2.267565e+01,  1.713683e+02
  6.028314e+00,  1.344675e+02
  4.622136e+00,  2.580161e+01
  3.837242e+00,  3.035974e+02
  1.198687e+01,  2.647921e+02
  1.556012e+01,  2.974962e+02
  2.374204e+01,  3.504670e+02
  3.423674e+01,  3.589006e+02
  4.071574e+01,  3.292167e+02
  5.066162e+01,  2.957750e+02
  4.590615e+01,  2.767038e+02
  2.862207e+01,  2.614549e+02
  9.721177e+00,  1.851252e+02
  1.207119e+01,  1.000652e+02
  2.621543e+01,  3.234281e+01
  4.297132e+01,  2.685850e+01
  3.991714e+01,  2.866157e+01
  2.332867e+01,  2.436051e+00
  1.904367e+01,  2.921653e+02
  2.498824e+01,  2.669291e+02
  2.137347e+01,  2.753029e+02
  6.858134e+00,  2.790084e+02
  1.258427e+01,  1.297276e+02
  2.258555e+01,  1.329156e+02
  1.628725e+01,  1.122038e+02
  2.213348e+01,  4.354150e+01
  3.155732e+01,  2.215663e+01
  1.793702e+01,  3.324514e+02
  3.656575e+01,  2.608049e+02
  2.124475e+01,  2.258358e+02
  1.156814e+01,  5.985481e+01
  1.374660e+00,  2.685281e+02
##END=