##TITLE= twqubit_C27180_H_25000_NoBufferfix4
##JCAMP-DX= 5.00 Bruker JCAMP library
##DATA TYPE= Shape Data
##ORIGIN= Colm Fixed Pulses 
##OWNER= d29lu
##DATE= 18-May-2015
##TIME= 19:40
##MINX= 2.131252e-01
##MAXX= 2.185540e+01
##MINY= 1.712489e+01
##MAXY= 3.546783e+02
##$SHAPE_EXMODE= None
##$SHAPE_TOTROT= 9.000000e+01
##$SHAPE_BWFAC= 1.000000e+00
##$SHAPE_INTEGFAC= 1.000000e+00
##$SHAPE_MODE= 1
##NPOINTS= 200
##XYPOINTS= (XY..XY)
  2.131252e-01,  1.972469e+02
  2.978732e+00,  2.276855e+02
  9.315165e+00,  2.191698e+02
  1.423752e+01,  2.111925e+02
  1.527778e+01,  2.039942e+02
  1.502425e+01,  1.974008e+02
  1.458176e+01,  1.917321e+02
  1.415173e+01,  1.870432e+02
  1.374798e+01,  1.837721e+02
  1.342537e+01,  1.827346e+02
  1.320545e+01,  1.839881e+02
  1.312495e+01,  1.846657e+02
  1.302338e+01,  1.818346e+02
  1.280703e+01,  1.747570e+02
  1.256567e+01,  1.652557e+02
  1.223570e+01,  1.551347e+02
  1.148788e+01,  1.455279e+02
  1.011540e+01,  1.359413e+02
  8.142982e+00,  1.265618e+02
  5.673728e+00,  1.194158e+02
  3.058349e+00,  1.183631e+02
  1.109134e+00,  1.666139e+02
  2.754833e+00,  2.415721e+02
  5.277454e+00,  2.493855e+02
  7.984458e+00,  2.473120e+02
  1.085003e+01,  2.437669e+02
  1.366143e+01,  2.400140e+02
  1.612420e+01,  2.368258e+02
  1.814977e+01,  2.331158e+02
  1.980801e+01,  2.280724e+02
  2.105561e+01,  2.222760e+02
  2.164556e+01,  2.174254e+02
  2.138366e+01,  2.143569e+02
  2.054802e+01,  2.131729e+02
  1.951504e+01,  2.136870e+02
  1.828855e+01,  2.150085e+02
  1.678965e+01,  2.162380e+02
  1.503672e+01,  2.175050e+02
  1.293991e+01,  2.190453e+02
  1.027892e+01,  2.198567e+02
  7.012511e+00,  2.200187e+02
  3.563587e+00,  2.208325e+02
  4.614641e-01,  2.033646e+02
  2.538531e+00,  5.333628e+01
  5.953401e+00,  6.204688e+01
  9.821302e+00,  6.741353e+01
  1.360363e+01,  7.208350e+01
  1.690839e+01,  7.712089e+01
  1.948868e+01,  8.183482e+01
  2.086281e+01,  8.597586e+01
  2.093256e+01,  8.883075e+01
  2.000425e+01,  8.954312e+01
  1.816219e+01,  8.728865e+01
  1.534114e+01,  8.162895e+01
  1.203216e+01,  7.297465e+01
  8.926474e+00,  5.956736e+01
  6.494961e+00,  4.047923e+01
  4.882387e+00,  1.712489e+01
  3.803230e+00,  3.546783e+02
  2.842922e+00,  3.386756e+02
  1.517495e+00,  3.382352e+02
  1.329702e+00,  7.663407e+01
  4.026797e+00,  1.020345e+02
  6.981813e+00,  1.027104e+02
  9.736146e+00,  1.014543e+02
  1.248590e+01,  1.004990e+02
  1.542545e+01,  9.911082e+01
  1.800785e+01,  9.854821e+01
  1.958588e+01,  9.895990e+01
  2.029661e+01,  1.010058e+02
  2.083408e+01,  1.034135e+02
  2.146917e+01,  1.044159e+02
  2.176612e+01,  1.038815e+02
  2.124987e+01,  1.025519e+02
  1.980139e+01,  1.004708e+02
  1.739478e+01,  9.740384e+01
  1.402107e+01,  9.297816e+01
  1.007055e+01,  8.603423e+01
  6.277782e+00,  6.987563e+01
  4.029442e+00,  2.419720e+01
  5.472096e+00,  3.343601e+02
  8.429041e+00,  3.149797e+02
  1.121956e+01,  3.067728e+02
  1.355367e+01,  3.016358e+02
  1.505544e+01,  2.981865e+02
  1.556750e+01,  2.956965e+02
  1.540183e+01,  2.940294e+02
  1.484732e+01,  2.927927e+02
  1.407252e+01,  2.917662e+02
  1.315873e+01,  2.919831e+02
  1.211894e+01,  2.946790e+02
  1.107505e+01,  2.985734e+02
  1.019494e+01,  3.036651e+02
  9.660554e+00,  3.095968e+02
  9.610358e+00,  3.155788e+02
  9.989012e+00,  3.197574e+02
  1.059896e+01,  3.218487e+02
  1.122391e+01,  3.219719e+02
  1.169402e+01,  3.203443e+02
  1.173261e+01,  3.172656e+02
  1.106446e+01,  3.125938e+02
  9.658487e+00,  3.051736e+02
  8.216187e+00,  2.917386e+02
  7.691986e+00,  2.727856e+02
  7.988138e+00,  2.547791e+02
  8.259769e+00,  2.374253e+02
  8.642554e+00,  2.183024e+02
  9.517565e+00,  2.009075e+02
  1.054225e+01,  1.879079e+02
  1.132461e+01,  1.783187e+02
  1.158245e+01,  1.724642e+02
  1.094475e+01,  1.712115e+02
  9.443820e+00,  1.760007e+02
  7.663841e+00,  1.891013e+02
  6.431101e+00,  2.122692e+02
  6.278162e+00,  2.409406e+02
  7.215033e+00,  2.661598e+02
  9.112696e+00,  2.847246e+02
  1.169914e+01,  2.954794e+02
  1.440608e+01,  3.002789e+02
  1.649241e+01,  3.026866e+02
  1.751078e+01,  3.031181e+02
  1.745813e+01,  3.015443e+02
  1.667506e+01,  2.974335e+02
  1.585418e+01,  2.903919e+02
  1.573890e+01,  2.815461e+02
  1.631071e+01,  2.740036e+02
  1.668074e+01,  2.693966e+02
  1.630138e+01,  2.682137e+02
  1.547504e+01,  2.695334e+02
  1.466994e+01,  2.712534e+02
  1.391978e+01,  2.715311e+02
  1.298425e+01,  2.711339e+02
  1.186646e+01,  2.708326e+02
  1.058216e+01,  2.682322e+02
  8.940819e+00,  2.621310e+02
  6.722769e+00,  2.528452e+02
  4.109683e+00,  2.407646e+02
  1.567246e+00,  2.083988e+02
  1.850035e+00,  1.034143e+02
  4.197826e+00,  8.927469e+01
  6.489681e+00,  8.571693e+01
  8.528257e+00,  8.364392e+01
  1.018784e+01,  8.359023e+01
  1.141181e+01,  8.634741e+01
  1.225669e+01,  9.173975e+01
  1.290141e+01,  9.833937e+01
  1.342345e+01,  1.052333e+02
  1.378452e+01,  1.111382e+02
  1.390806e+01,  1.156883e+02
  1.394044e+01,  1.182521e+02
  1.397333e+01,  1.174936e+02
  1.374708e+01,  1.132449e+02
  1.306517e+01,  1.066738e+02
  1.212143e+01,  9.935894e+01
  1.126614e+01,  9.057897e+01
  1.062549e+01,  8.049110e+01
  1.016096e+01,  7.003405e+01
  9.609773e+00,  6.046715e+01
  9.042666e+00,  5.156905e+01
  8.675058e+00,  4.367684e+01
  8.386802e+00,  3.808732e+01
  7.929632e+00,  3.425894e+01
  7.216880e+00,  3.203289e+01
  6.226243e+00,  3.329222e+01
  5.071702e+00,  3.906831e+01
  4.078338e+00,  5.464228e+01
  4.008913e+00,  8.232001e+01
  5.203757e+00,  1.052767e+02
  7.103056e+00,  1.170730e+02
  9.409914e+00,  1.235241e+02
  1.205014e+01,  1.259857e+02
  1.462086e+01,  1.250156e+02
  1.635483e+01,  1.232828e+02
  1.701652e+01,  1.212791e+02
  1.689600e+01,  1.182255e+02
  1.616142e+01,  1.135189e+02
  1.477329e+01,  1.072976e+02
  1.296248e+01,  9.977142e+01
  1.113627e+01,  9.010597e+01
  9.760351e+00,  7.770302e+01
  9.265175e+00,  6.498507e+01
  9.609674e+00,  5.550994e+01
  1.061352e+01,  5.056309e+01
  1.218599e+01,  4.968021e+01
  1.412311e+01,  5.152419e+01
  1.626641e+01,  5.542963e+01
  1.846937e+01,  5.967206e+01
  2.032406e+01,  6.392720e+01
  2.147642e+01,  6.933578e+01
  2.185540e+01,  7.598720e+01
  2.127373e+01,  8.336584e+01
  1.967322e+01,  9.156200e+01
  1.716875e+01,  1.020677e+02
  1.418802e+01,  1.165605e+02
  1.141607e+01,  1.389435e+02
  9.971617e+00,  1.703640e+02
  1.045687e+01,  2.055949e+02
  6.922674e+00,  2.396637e+02
  4.381000e-01,  2.608348e+02
##END=