##TITLE= twqubit_C290_H_25000_NoBufferfix7
##JCAMP-DX= 5.00 Bruker JCAMP library
##DATA TYPE= Shape Data
##ORIGIN= Colm Fixed Pulses 
##OWNER= d29lu
##DATE= 18-May-2015
##TIME= 18:33
##MINX= 3.946375e-01
##MAXX= 2.696453e+01
##MINY= 4.681974e+00
##MAXY= 3.475903e+02
##$SHAPE_EXMODE= None
##$SHAPE_TOTROT= 9.000000e+01
##$SHAPE_BWFAC= 1.000000e+00
##$SHAPE_INTEGFAC= 1.000000e+00
##$SHAPE_MODE= 1
##NPOINTS= 100
##XYPOINTS= (XY..XY)
  9.856677e-01,  1.636867e+02
  2.608758e+00,  1.985651e+02
  3.362367e+00,  1.766806e+02
  4.848318e+00,  1.138856e+02
  8.425553e+00,  9.034404e+01
  1.199972e+01,  8.001365e+01
  1.533254e+01,  7.282837e+01
  1.771321e+01,  6.821331e+01
  1.920775e+01,  6.579774e+01
  2.051302e+01,  6.685458e+01
  2.167825e+01,  7.159592e+01
  2.212194e+01,  7.755988e+01
  2.173779e+01,  8.266621e+01
  2.097939e+01,  8.587330e+01
  2.025128e+01,  8.732784e+01
  1.888937e+01,  8.663027e+01
  1.627168e+01,  8.253065e+01
  1.342588e+01,  7.593567e+01
  1.112179e+01,  7.056203e+01
  8.978317e+00,  6.562527e+01
  6.931766e+00,  5.697947e+01
  5.547327e+00,  4.235675e+01
  4.715608e+00,  2.055304e+01
  4.573402e+00,  3.465142e+02
  6.038644e+00,  3.154681e+02
  8.138686e+00,  2.995592e+02
  9.551101e+00,  2.917208e+02
  1.015421e+01,  2.863346e+02
  1.049137e+01,  2.821984e+02
  1.088370e+01,  2.775855e+02
  1.112953e+01,  2.699810e+02
  1.138445e+01,  2.606186e+02
  1.192058e+01,  2.546456e+02
  1.249304e+01,  2.543313e+02
  1.288451e+01,  2.574753e+02
  1.297874e+01,  2.639191e+02
  1.293173e+01,  2.726365e+02
  1.313502e+01,  2.812139e+02
  1.374288e+01,  2.873359e+02
  1.458314e+01,  2.900273e+02
  1.521338e+01,  2.902322e+02
  1.505666e+01,  2.903353e+02
  1.397597e+01,  2.927567e+02
  1.242132e+01,  2.973282e+02
  1.051544e+01,  3.013390e+02
  7.974005e+00,  3.050514e+02
  5.098631e+00,  3.114775e+02
  2.697791e+00,  3.237829e+02
  1.268023e+00,  3.430824e+02
  4.893266e-01,  4.681974e+00
  3.946375e-01,  1.892486e+02
  2.871416e+00,  2.451353e+02
  7.433036e+00,  2.573562e+02
  1.273003e+01,  2.631739e+02
  1.752238e+01,  2.659842e+02
  2.154797e+01,  2.670130e+02
  2.467745e+01,  2.671206e+02
  2.696453e+01,  2.673588e+02
  2.620604e+01,  2.666705e+02
  2.328614e+01,  2.657418e+02
  2.043411e+01,  2.662613e+02
  1.729419e+01,  2.681839e+02
  1.398428e+01,  2.719003e+02
  1.091334e+01,  2.772737e+02
  7.818768e+00,  2.821467e+02
  4.277716e+00,  2.925328e+02
  1.940371e+00,  3.475903e+02
  3.095571e+00,  4.404378e+01
  4.205228e+00,  5.908172e+01
  4.894143e+00,  7.064686e+01
  5.357675e+00,  8.061911e+01
  5.597937e+00,  8.803904e+01
  5.880970e+00,  9.205354e+01
  6.447021e+00,  8.931611e+01
  7.426260e+00,  8.121510e+01
  8.733064e+00,  7.307191e+01
  1.005858e+01,  6.716364e+01
  1.140131e+01,  6.317417e+01
  1.284124e+01,  5.991714e+01
  1.442143e+01,  5.759730e+01
  1.640800e+01,  5.700784e+01
  1.884949e+01,  5.915598e+01
  2.101821e+01,  6.404940e+01
  2.178082e+01,  7.105689e+01
  2.064035e+01,  7.837820e+01
  1.836544e+01,  8.294409e+01
  1.600784e+01,  8.284639e+01
  1.366403e+01,  8.138869e+01
  1.085284e+01,  8.170349e+01
  7.790450e+00,  8.042585e+01
  4.787452e+00,  7.285474e+01
  1.953667e+00,  3.989369e+01
  2.566208e+00,  3.002562e+02
  5.767655e+00,  2.852537e+02
  8.828737e+00,  2.806545e+02
  1.128740e+01,  2.778219e+02
  1.285519e+01,  2.754108e+02
  1.304200e+01,  2.725709e+02
  9.849099e+00,  2.503276e+02
  2.911916e+00,  2.073874e+02
##END=