##TITLE= twqubit_C27180_H_25000_NoBufferfix3
##JCAMP-DX= 5.00 Bruker JCAMP library
##DATA TYPE= Shape Data
##ORIGIN= Colm Fixed Pulses 
##OWNER= d29lu
##DATE= 18-May-2015
##TIME= 19:40
##MINX= 2.244380e-01
##MAXX= 2.185279e+01
##MINY= 1.710996e+01
##MAXY= 3.546877e+02
##$SHAPE_EXMODE= None
##$SHAPE_TOTROT= 9.000000e+01
##$SHAPE_BWFAC= 1.000000e+00
##$SHAPE_INTEGFAC= 1.000000e+00
##$SHAPE_MODE= 1
##NPOINTS= 200
##XYPOINTS= (XY..XY)
  2.244380e-01,  1.986979e+02
  2.979824e+00,  2.276914e+02
  9.314337e+00,  2.191979e+02
  1.423632e+01,  2.111993e+02
  1.527851e+01,  2.039923e+02
  1.502493e+01,  1.974386e+02
  1.458103e+01,  1.917229e+02
  1.415238e+01,  1.870729e+02
  1.374754e+01,  1.837757e+02
  1.342725e+01,  1.827139e+02
  1.320491e+01,  1.840009e+02
  1.312518e+01,  1.846789e+02
  1.302376e+01,  1.818502e+02
  1.280502e+01,  1.747626e+02
  1.256631e+01,  1.652248e+02
  1.223880e+01,  1.551376e+02
  1.148771e+01,  1.455171e+02
  1.011286e+01,  1.359579e+02
  8.142193e+00,  1.265326e+02
  5.673846e+00,  1.194330e+02
  3.057853e+00,  1.182688e+02
  1.110537e+00,  1.665705e+02
  2.755545e+00,  2.415491e+02
  5.275799e+00,  2.494009e+02
  7.984654e+00,  2.473265e+02
  1.084980e+01,  2.437560e+02
  1.365921e+01,  2.400108e+02
  1.612508e+01,  2.368116e+02
  1.815061e+01,  2.331157e+02
  1.980856e+01,  2.280540e+02
  2.105635e+01,  2.222773e+02
  2.164572e+01,  2.174324e+02
  2.138130e+01,  2.143377e+02
  2.054623e+01,  2.131820e+02
  1.951410e+01,  2.136844e+02
  1.828619e+01,  2.150006e+02
  1.678854e+01,  2.162345e+02
  1.503537e+01,  2.175148e+02
  1.293961e+01,  2.190232e+02
  1.027762e+01,  2.198643e+02
  7.013313e+00,  2.199998e+02
  3.561974e+00,  2.208143e+02
  4.661182e-01,  2.037244e+02
  2.536756e+00,  5.330136e+01
  5.956719e+00,  6.206572e+01
  9.823345e+00,  6.739289e+01
  1.360515e+01,  7.207611e+01
  1.690997e+01,  7.712059e+01
  1.949011e+01,  8.183576e+01
  2.086082e+01,  8.597346e+01
  2.093245e+01,  8.882799e+01
  2.000488e+01,  8.953508e+01
  1.816309e+01,  8.728988e+01
  1.534104e+01,  8.162364e+01
  1.203096e+01,  7.297590e+01
  8.924648e+00,  5.961814e+01
  6.497359e+00,  4.046255e+01
  4.881742e+00,  1.710996e+01
  3.801582e+00,  3.546877e+02
  2.844844e+00,  3.386456e+02
  1.514181e+00,  3.381669e+02
  1.329339e+00,  7.657095e+01
  4.029307e+00,  1.020526e+02
  6.981212e+00,  1.026904e+02
  9.735895e+00,  1.014849e+02
  1.248785e+01,  1.004880e+02
  1.542235e+01,  9.908691e+01
  1.800998e+01,  9.853586e+01
  1.958450e+01,  9.895829e+01
  2.029674e+01,  1.009771e+02
  2.083680e+01,  1.034014e+02
  2.146740e+01,  1.044158e+02
  2.176594e+01,  1.038781e+02
  2.124700e+01,  1.025675e+02
  1.980093e+01,  1.004616e+02
  1.739540e+01,  9.740491e+01
  1.401890e+01,  9.296133e+01
  1.007141e+01,  8.605645e+01
  6.278200e+00,  6.985862e+01
  4.029042e+00,  2.419093e+01
  5.469752e+00,  3.343364e+02
  8.430678e+00,  3.149804e+02
  1.121962e+01,  3.067727e+02
  1.355223e+01,  3.016384e+02
  1.505588e+01,  2.981826e+02
  1.556619e+01,  2.956943e+02
  1.540254e+01,  2.940268e+02
  1.484730e+01,  2.927878e+02
  1.407273e+01,  2.917457e+02
  1.316005e+01,  2.919977e+02
  1.211969e+01,  2.946982e+02
  1.107715e+01,  2.985999e+02
  1.019428e+01,  3.036537e+02
  9.659710e+00,  3.095877e+02
  9.611389e+00,  3.155787e+02
  9.986085e+00,  3.197569e+02
  1.059836e+01,  3.218513e+02
  1.122608e+01,  3.219406e+02
  1.169546e+01,  3.203520e+02
  1.173205e+01,  3.172719e+02
  1.106532e+01,  3.126130e+02
  9.658990e+00,  3.051719e+02
  8.216374e+00,  2.917283e+02
  7.693522e+00,  2.727554e+02
  7.985964e+00,  2.547920e+02
  8.260838e+00,  2.374328e+02
  8.640578e+00,  2.182905e+02
  9.516650e+00,  2.009111e+02
  1.054104e+01,  1.879020e+02
  1.132292e+01,  1.782924e+02
  1.158493e+01,  1.724691e+02
  1.094126e+01,  1.712147e+02
  9.444172e+00,  1.759822e+02
  7.667786e+00,  1.890988e+02
  6.432326e+00,  2.122567e+02
  6.280005e+00,  2.409284e+02
  7.216980e+00,  2.661525e+02
  9.110090e+00,  2.847353e+02
  1.169890e+01,  2.955199e+02
  1.440546e+01,  3.003009e+02
  1.649288e+01,  3.026842e+02
  1.751163e+01,  3.031137e+02
  1.745759e+01,  3.015516e+02
  1.667397e+01,  2.974295e+02
  1.585359e+01,  2.903825e+02
  1.573718e+01,  2.815370e+02
  1.631128e+01,  2.740183e+02
  1.668180e+01,  2.693883e+02
  1.630265e+01,  2.682270e+02
  1.547521e+01,  2.695174e+02
  1.467059e+01,  2.712790e+02
  1.391769e+01,  2.715247e+02
  1.298492e+01,  2.711173e+02
  1.186683e+01,  2.708488e+02
  1.058416e+01,  2.682183e+02
  8.941292e+00,  2.621488e+02
  6.726135e+00,  2.528436e+02
  4.109877e+00,  2.407649e+02
  1.566085e+00,  2.084377e+02
  1.850617e+00,  1.034439e+02
  4.199216e+00,  8.929907e+01
  6.489716e+00,  8.572397e+01
  8.528394e+00,  8.362802e+01
  1.018784e+01,  8.358830e+01
  1.141402e+01,  8.633622e+01
  1.225642e+01,  9.173144e+01
  1.290391e+01,  9.834063e+01
  1.342229e+01,  1.052371e+02
  1.378415e+01,  1.111478e+02
  1.390736e+01,  1.156994e+02
  1.394176e+01,  1.182463e+02
  1.397225e+01,  1.174939e+02
  1.374570e+01,  1.132393e+02
  1.306505e+01,  1.066750e+02
  1.212205e+01,  9.934501e+01
  1.126716e+01,  9.059452e+01
  1.062460e+01,  8.051248e+01
  1.016182e+01,  7.003810e+01
  9.609108e+00,  6.046077e+01
  9.042483e+00,  5.159764e+01
  8.673918e+00,  4.366849e+01
  8.386738e+00,  3.810102e+01
  7.930901e+00,  3.426583e+01
  7.215707e+00,  3.202544e+01
  6.227588e+00,  3.326302e+01
  5.073410e+00,  3.903990e+01
  4.079892e+00,  5.462990e+01
  4.008509e+00,  8.231268e+01
  5.202974e+00,  1.052905e+02
  7.104770e+00,  1.170361e+02
  9.410611e+00,  1.235222e+02
  1.205147e+01,  1.259805e+02
  1.462072e+01,  1.250242e+02
  1.635497e+01,  1.232775e+02
  1.701741e+01,  1.212668e+02
  1.689619e+01,  1.181886e+02
  1.616176e+01,  1.135050e+02
  1.477310e+01,  1.072852e+02
  1.296291e+01,  9.977930e+01
  1.113604e+01,  9.009665e+01
  9.759518e+00,  7.771480e+01
  9.263795e+00,  6.499303e+01
  9.609259e+00,  5.550858e+01
  1.061434e+01,  5.054964e+01
  1.218742e+01,  4.968598e+01
  1.412233e+01,  5.150441e+01
  1.626622e+01,  5.544713e+01
  1.846914e+01,  5.967240e+01
  2.032415e+01,  6.392125e+01
  2.147558e+01,  6.933406e+01
  2.185279e+01,  7.599676e+01
  2.127424e+01,  8.335367e+01
  1.967520e+01,  9.156658e+01
  1.716950e+01,  1.020710e+02
  1.418783e+01,  1.165736e+02
  1.141589e+01,  1.389331e+02
  9.972796e+00,  1.703591e+02
  1.045700e+01,  2.056035e+02
  6.921892e+00,  2.396646e+02
  4.465112e-01,  2.618130e+02
##END=