##TITLE= twqubit_C23180_C_25000_NoBufferfix1
##JCAMP-DX= 5.00 Bruker JCAMP library
##DATA TYPE= Shape Data
##ORIGIN= Colm Fixed Pulses 
##OWNER= d29lu
##DATE= 18-May-2015
##TIME= 17:45
##MINX= 2.147393e-01
##MAXX= 3.208797e+01
##MINY= 3.438773e+00
##MAXY= 3.593393e+02
##$SHAPE_EXMODE= None
##$SHAPE_TOTROT= 9.000000e+01
##$SHAPE_BWFAC= 1.000000e+00
##$SHAPE_INTEGFAC= 1.000000e+00
##$SHAPE_MODE= 1
##NPOINTS= 200
##XYPOINTS= (XY..XY)
  3.111819e-01,  2.372553e+02
  2.583309e+00,  2.835646e+02
  4.000223e+00,  3.064708e+02
  4.003431e+00,  6.913453e+01
  1.302164e+01,  1.018314e+02
  1.630001e+01,  1.085008e+02
  1.289404e+01,  1.136084e+02
  6.935895e+00,  1.343795e+02
  6.239686e+00,  1.802275e+02
  8.848514e+00,  1.866495e+02
  1.082901e+01,  1.706521e+02
  1.300498e+01,  1.532461e+02
  1.598016e+01,  1.498053e+02
  1.887981e+01,  1.644196e+02
  2.090227e+01,  1.899507e+02
  2.197166e+01,  2.190032e+02
  2.161414e+01,  2.425306e+02
  1.565485e+01,  2.522237e+02
  3.263143e+00,  2.101639e+02
  1.177559e+01,  1.068203e+02
  1.730249e+01,  1.002837e+02
  1.296821e+01,  8.382192e+01
  6.785357e+00,  3.034070e+01
  6.516569e+00,  3.286635e+02
  4.279366e+00,  2.596632e+02
  1.031614e+01,  1.833937e+02
  1.676556e+01,  1.644563e+02
  1.449824e+01,  1.513545e+02
  4.393473e+00,  1.395888e+02
  5.942067e+00,  2.959277e+02
  1.363883e+01,  2.903255e+02
  1.273531e+01,  2.790203e+02
  3.612775e+00,  2.392046e+02
  8.603079e+00,  1.202666e+02
  1.313931e+01,  1.110934e+02
  6.701217e+00,  9.610174e+01
  5.037378e+00,  3.127461e+02
  1.321113e+01,  2.961474e+02
  1.258176e+01,  2.769437e+02
  9.048727e+00,  2.337842e+02
  9.652681e+00,  2.010831e+02
  7.126523e+00,  2.153477e+02
  7.692140e+00,  2.906323e+02
  1.370023e+01,  3.253259e+02
  1.318499e+01,  3.324085e+02
  7.725570e+00,  3.129262e+02
  6.924090e+00,  2.748246e+02
  8.773272e+00,  2.890978e+02
  1.247870e+01,  3.310455e+02
  1.674612e+01,  3.438773e+00
  1.637823e+01,  2.948116e+01
  1.198604e+01,  5.702436e+01
  6.739697e+00,  8.156315e+01
  1.347731e+00,  4.577854e+01
  6.327238e+00,  3.185143e+02
  1.098002e+01,  3.086937e+02
  1.068999e+01,  2.826936e+02
  9.580230e+00,  2.411450e+02
  7.193472e+00,  1.922876e+02
  9.631714e+00,  1.186063e+02
  1.711842e+01,  9.468076e+01
  1.739726e+01,  8.551072e+01
  9.175293e+00,  7.857551e+01
  1.521052e+00,  1.854572e+02
  9.570981e+00,  2.073473e+02
  1.752817e+01,  1.962090e+02
  2.381139e+01,  1.957620e+02
  2.579063e+01,  2.145538e+02
  2.670071e+01,  2.474940e+02
  2.536239e+01,  2.772173e+02
  1.341366e+01,  3.051286e+02
  1.053286e+01,  8.346763e+01
  2.751187e+01,  1.174840e+02
  3.208797e+01,  1.270819e+02
  2.883028e+01,  1.276827e+02
  2.607893e+01,  1.246184e+02
  2.564232e+01,  1.333206e+02
  2.406035e+01,  1.576060e+02
  1.909834e+01,  1.883383e+02
  9.118743e+00,  2.158403e+02
  1.438886e+00,  5.043423e+01
  7.778567e+00,  9.293386e+01
  8.378520e+00,  1.442137e+02
  1.054454e+01,  2.011648e+02
  1.134850e+01,  2.274339e+02
  6.513319e+00,  2.166121e+02
  6.387536e+00,  1.440530e+02
  1.016536e+01,  1.228853e+02
  9.074810e+00,  1.056428e+02
  9.629738e+00,  8.589709e+01
  1.347590e+01,  1.012331e+02
  1.767952e+01,  1.372042e+02
  2.086840e+01,  1.781506e+02
  2.180764e+01,  2.138406e+02
  1.670400e+01,  2.387828e+02
  6.997331e+00,  2.673194e+02
  3.604573e+00,  3.493377e+02
  3.060104e+00,  1.618998e+01
  1.589954e+00,  2.773655e+02
  5.459044e+00,  2.537574e+02
  5.364085e+00,  2.678939e+02
  4.766000e+00,  3.301479e+02
  9.928009e+00,  8.544554e+00
  1.324470e+01,  1.968475e+01
  1.215687e+01,  3.005449e+01
  8.448793e+00,  5.183117e+01
  7.559929e+00,  9.459531e+01
  1.113303e+01,  1.175932e+02
  1.285819e+01,  1.174108e+02
  8.901002e+00,  9.681927e+01
  5.698441e+00,  1.618892e+01
  1.230256e+01,  3.361981e+02
  1.445871e+01,  3.375751e+02
  1.007066e+01,  8.993829e+00
  1.104388e+01,  8.206597e+01
  1.720851e+01,  1.180127e+02
  1.680112e+01,  1.232873e+02
  1.106755e+01,  8.960290e+01
  1.343331e+01,  3.557910e+01
  1.446250e+01,  1.602773e+01
  5.667015e+00,  3.516965e+02
  5.904389e+00,  2.238810e+02
  9.345550e+00,  2.170843e+02
  1.804279e+00,  2.294497e+02
  8.560122e+00,  3.602808e+01
  1.415411e+01,  4.289930e+01
  9.986805e+00,  3.917293e+01
  2.354822e+00,  1.628732e+01
  2.147393e-01,  2.934470e+02
  4.275414e+00,  5.375232e+01
  1.282878e+01,  5.094732e+01
  1.691471e+01,  4.608022e+01
  1.380179e+01,  3.420728e+01
  8.316958e+00,  3.593393e+02
  6.227529e+00,  3.258468e+02
  1.807125e+00,  3.190727e+01
  1.172960e+01,  1.108921e+02
  1.958114e+01,  1.212014e+02
  1.790153e+01,  1.205113e+02
  8.986390e+00,  9.781919e+01
  8.165800e+00,  8.601550e+00
  1.937350e+01,  3.968215e+00
  2.753256e+01,  2.947274e+01
  3.024409e+01,  6.279260e+01
  2.464881e+01,  9.964424e+01
  1.428881e+01,  1.536183e+02
  1.351989e+01,  2.343369e+02
  1.470788e+01,  2.813420e+02
  7.453483e+00,  3.265399e+02
  6.157885e+00,  9.429185e+01
  1.157620e+01,  1.543730e+02
  1.010296e+01,  2.111425e+02
  1.115433e+01,  2.948271e+02
  1.683941e+01,  3.566916e+02
  2.073312e+01,  3.953962e+01
  2.135639e+01,  6.511248e+01
  1.707470e+01,  6.684880e+01
  1.242437e+01,  3.948918e+01
  1.335364e+01,  1.198727e+01
  1.465768e+01,  1.319684e+01
  1.322971e+01,  3.418870e+01
  1.110697e+01,  6.924994e+01
  1.086065e+01,  1.055047e+02
  1.086745e+01,  1.203223e+02
  9.890699e+00,  1.085421e+02
  9.735879e+00,  8.126908e+01
  9.620181e+00,  5.530928e+01
  8.276865e+00,  2.638719e+01
  8.044077e+00,  3.550289e+02
  8.215329e+00,  3.428979e+02
  6.155045e+00,  3.537732e+02
  3.497063e+00,  3.611813e+01
  2.625938e+00,  1.076037e+02
  2.527260e+00,  1.844404e+02
  3.928698e+00,  2.641482e+02
  8.410805e+00,  3.197414e+02
  1.508855e+01,  3.531119e+02
  2.042390e+01,  1.242570e+01
  2.100485e+01,  2.606754e+01
  1.609290e+01,  4.020270e+01
  8.792987e+00,  6.535301e+01
  5.555200e+00,  1.153368e+02
  5.302261e+00,  1.272319e+02
  6.532923e+00,  8.699676e+01
  1.049468e+01,  5.765638e+01
  1.232496e+01,  2.671001e+01
  1.643731e+01,  3.520749e+02
  2.016431e+01,  3.440253e+02
  1.608207e+01,  6.381809e+00
  1.606527e+01,  7.234570e+01
  2.497248e+01,  1.075619e+02
  2.540025e+01,  1.131539e+02
  1.635793e+01,  9.587261e+01
  1.097366e+01,  3.416873e+01
  1.484871e+01,  5.644272e+00
  1.205671e+01,  2.162357e+01
  1.157370e+01,  9.892205e+01
  2.044751e+01,  1.465060e+02
  8.323689e+00,  1.726798e+02
  1.496651e+00,  3.215248e+02
##END=