##TITLE= twqubit_C2Y5X90_C_25000_NoBufferfix8
##JCAMP-DX= 5.00 Bruker JCAMP library
##DATA TYPE= Shape Data
##ORIGIN= Colm Fixed Pulses 
##OWNER= d29lu
##DATE= 18-May-2015
##TIME= 17:14
##MINX= 6.882995e-01
##MAXX= 2.954158e+01
##MINY= 4.084658e-01
##MAXY= 3.472135e+02
##$SHAPE_EXMODE= None
##$SHAPE_TOTROT= 9.000000e+01
##$SHAPE_BWFAC= 1.000000e+00
##$SHAPE_INTEGFAC= 1.000000e+00
##$SHAPE_MODE= 1
##NPOINTS= 100
##XYPOINTS= (XY..XY)
  6.882995e-01,  1.156239e+02
  1.199747e+00,  1.510632e+02
  1.751191e+00,  3.252831e+02
  1.122051e+01,  3.375142e+02
  1.740419e+01,  3.472135e+02
  1.966670e+01,  2.788647e+00
  2.245856e+01,  2.351727e+01
  2.701006e+01,  3.573331e+01
  2.954158e+01,  3.704253e+01
  2.702895e+01,  3.683062e+01
  1.926421e+01,  4.253427e+01
  9.623208e+00,  5.335434e+01
  2.425947e+00,  5.497003e+01
  2.249780e+00,  3.305646e+02
  4.207085e+00,  3.306869e+02
  3.112003e+00,  3.310839e+02
  1.178611e+00,  2.348646e+02
  4.560861e+00,  1.819002e+02
  5.432137e+00,  1.468248e+02
  9.203423e+00,  8.596632e+01
  1.807313e+01,  5.775452e+01
  2.330286e+01,  3.277930e+01
  2.535670e+01,  4.084658e-01
  2.614594e+01,  3.325467e+02
  2.076407e+01,  3.104856e+02
  1.108694e+01,  2.652216e+02
  1.199141e+01,  1.951665e+02
  1.351409e+01,  1.684358e+02
  6.571865e+00,  1.285156e+02
  9.647691e+00,  4.073883e+01
  1.418193e+01,  3.655890e+01
  6.698414e+00,  6.397668e+01
  1.094571e+01,  1.933215e+02
  2.239895e+01,  2.279872e+02
  2.303485e+01,  2.630274e+02
  2.170639e+01,  3.208979e+02
  2.706209e+01,  1.153634e+01
  2.648099e+01,  4.260783e+01
  1.630532e+01,  7.526149e+01
  9.405272e+00,  1.496589e+02
  1.242928e+01,  2.042847e+02
  9.640254e+00,  2.362050e+02
  6.562608e+00,  2.943011e+02
  7.239283e+00,  3.285944e+02
  3.886070e+00,  2.957265e+02
  1.026681e+01,  2.166256e+02
  2.069726e+01,  2.075157e+02
  2.464736e+01,  2.015697e+02
  2.227270e+01,  1.950793e+02
  1.772351e+01,  1.931459e+02
  1.539258e+01,  2.048827e+02
  1.778607e+01,  2.256028e+02
  2.234789e+01,  2.420639e+02
  2.511974e+01,  2.534511e+02
  2.540089e+01,  2.627188e+02
  2.482236e+01,  2.717083e+02
  2.399272e+01,  2.778239e+02
  2.179547e+01,  2.789010e+02
  1.673938e+01,  2.764851e+02
  7.364114e+00,  2.623397e+02
  4.859193e+00,  1.442230e+02
  1.337703e+01,  1.289970e+02
  1.657395e+01,  1.488977e+02
  1.932739e+01,  1.935868e+02
  2.267789e+01,  2.328506e+02
  1.758578e+01,  2.637803e+02
  6.172821e+00,  3.146921e+02
  5.536278e+00,  7.252629e+01
  7.181977e+00,  1.525960e+02
  1.592080e+01,  2.239604e+02
  2.592126e+01,  2.531553e+02
  2.588199e+01,  2.559350e+02
  1.853342e+01,  2.170137e+02
  2.070176e+01,  1.660500e+02
  1.780105e+01,  1.369112e+02
  8.436211e+00,  8.261030e+01
  9.324567e+00,  3.463953e+02
  1.672266e+01,  2.947314e+02
  2.473889e+01,  2.642257e+02
  2.830109e+01,  2.402401e+02
  2.741161e+01,  2.111546e+02
  2.606154e+01,  1.899446e+02
  2.201780e+01,  1.954690e+02
  1.820537e+01,  2.248434e+02
  1.507348e+01,  2.545853e+02
  7.847464e+00,  2.798233e+02
  2.980238e+00,  3.285340e+01
  8.545631e+00,  8.356602e+01
  7.969609e+00,  1.066690e+02
  5.076537e+00,  1.816311e+02
  1.298632e+01,  2.327625e+02
  1.844648e+01,  2.339665e+02
  1.840642e+01,  2.149629e+02
  1.626383e+01,  1.878042e+02
  1.125593e+01,  1.636932e+02
  3.213623e+00,  1.331315e+02
  3.785654e+00,  3.393887e+02
  8.065278e+00,  3.103227e+02
  8.060201e+00,  2.788750e+02
  8.193224e-01,  1.772676e+02
##END=