##TITLE= twqubit_C4180_H_25000_NoBufferfix3
##JCAMP-DX= 5.00 Bruker JCAMP library
##DATA TYPE= Shape Data
##ORIGIN= Colm Fixed Pulses 
##OWNER= d29lu
##DATE= 18-May-2015
##TIME= 19:9
##MINX= 1.723038e-01
##MAXX= 2.068412e+01
##MINY= 4.508074e+00
##MAXY= 3.560902e+02
##$SHAPE_EXMODE= None
##$SHAPE_TOTROT= 9.000000e+01
##$SHAPE_BWFAC= 1.000000e+00
##$SHAPE_INTEGFAC= 1.000000e+00
##$SHAPE_MODE= 1
##NPOINTS= 200
##XYPOINTS= (XY..XY)
  5.416956e-01,  1.053891e+02
  3.191363e-01,  2.951554e+02
  4.166429e+00,  3.015586e+02
  9.160440e+00,  3.003947e+02
  1.282216e+01,  3.004982e+02
  1.532648e+01,  2.999582e+02
  1.670020e+01,  2.979727e+02
  1.678662e+01,  2.953370e+02
  1.543314e+01,  2.932219e+02
  1.307528e+01,  2.929038e+02
  1.064294e+01,  2.952868e+02
  8.602173e+00,  3.014110e+02
  6.993013e+00,  3.117392e+02
  5.933706e+00,  3.247045e+02
  5.264960e+00,  3.322529e+02
  4.506871e+00,  3.280449e+02
  3.802990e+00,  3.114329e+02
  3.559006e+00,  2.869723e+02
  3.925475e+00,  2.649624e+02
  4.361079e+00,  2.531553e+02
  4.331760e+00,  2.489558e+02
  4.015521e+00,  2.483555e+02
  3.897388e+00,  2.512632e+02
  4.206341e+00,  2.561969e+02
  4.828921e+00,  2.580869e+02
  5.519773e+00,  2.557406e+02
  6.151169e+00,  2.510708e+02
  6.615366e+00,  2.454625e+02
  6.569299e+00,  2.388542e+02
  6.065690e+00,  2.299780e+02
  5.524649e+00,  2.173639e+02
  4.979761e+00,  2.021218e+02
  4.239092e+00,  1.775304e+02
  4.502021e+00,  1.420246e+02
  6.092557e+00,  1.206236e+02
  7.779520e+00,  1.123978e+02
  9.082336e+00,  1.093359e+02
  1.019527e+01,  1.073339e+02
  1.104980e+01,  1.064037e+02
  1.146257e+01,  1.075710e+02
  1.154495e+01,  1.104460e+02
  1.169129e+01,  1.131767e+02
  1.209963e+01,  1.148437e+02
  1.289767e+01,  1.142296e+02
  1.432623e+01,  1.119781e+02
  1.620214e+01,  1.095472e+02
  1.761597e+01,  1.078374e+02
  1.796814e+01,  1.063828e+02
  1.763093e+01,  1.047792e+02
  1.695642e+01,  1.029023e+02
  1.561325e+01,  1.017199e+02
  1.346545e+01,  1.029869e+02
  1.106858e+01,  1.076590e+02
  9.001755e+00,  1.134815e+02
  7.351307e+00,  1.216764e+02
  6.229403e+00,  1.370400e+02
  5.829897e+00,  1.565216e+02
  5.903953e+00,  1.743568e+02
  6.125329e+00,  1.895881e+02
  6.460813e+00,  2.020554e+02
  6.874531e+00,  2.126830e+02
  7.355902e+00,  2.218080e+02
  7.860466e+00,  2.294403e+02
  8.297942e+00,  2.351281e+02
  8.615072e+00,  2.399124e+02
  8.667479e+00,  2.429545e+02
  8.174217e+00,  2.433691e+02
  6.979348e+00,  2.412637e+02
  5.081670e+00,  2.391395e+02
  2.473004e+00,  2.317197e+02
  1.055718e+00,  8.574841e+01
  4.574248e+00,  7.051258e+01
  8.073488e+00,  6.817742e+01
  1.096296e+01,  6.753244e+01
  1.284295e+01,  6.557713e+01
  1.387254e+01,  6.199079e+01
  1.443186e+01,  5.843220e+01
  1.446886e+01,  5.569073e+01
  1.374918e+01,  5.229240e+01
  1.245288e+01,  4.617133e+01
  1.118537e+01,  3.588600e+01
  1.016592e+01,  2.468347e+01
  9.191575e+00,  1.423531e+01
  8.050210e+00,  4.508074e+00
  6.689000e+00,  3.560902e+02
  5.138474e+00,  3.502677e+02
  3.370464e+00,  3.531728e+02
  1.853237e+00,  3.232653e+01
  2.848749e+00,  9.698746e+01
  4.814295e+00,  1.111448e+02
  6.518676e+00,  1.100661e+02
  7.921450e+00,  1.054691e+02
  8.833257e+00,  1.009842e+02
  9.068745e+00,  9.526465e+01
  8.840474e+00,  8.783714e+01
  8.562991e+00,  7.998041e+01
  8.440217e+00,  7.382151e+01
  8.361636e+00,  7.012204e+01
  8.124660e+00,  6.848735e+01
  7.640211e+00,  6.903382e+01
  6.922040e+00,  7.235155e+01
  6.046117e+00,  8.004606e+01
  5.244927e+00,  9.363729e+01
  4.993996e+00,  1.153149e+02
  5.637319e+00,  1.364918e+02
  6.858015e+00,  1.474877e+02
  8.218548e+00,  1.509442e+02
  9.423932e+00,  1.497818e+02
  1.014786e+01,  1.450171e+02
  1.034615e+01,  1.373761e+02
  1.046506e+01,  1.293847e+02
  1.065777e+01,  1.226930e+02
  1.075808e+01,  1.171130e+02
  1.083891e+01,  1.113657e+02
  1.123434e+01,  1.062494e+02
  1.174177e+01,  1.024364e+02
  1.195041e+01,  9.912658e+01
  1.183371e+01,  9.610025e+01
  1.149795e+01,  9.273119e+01
  1.051367e+01,  8.864054e+01
  8.764581e+00,  8.298945e+01
  6.815482e+00,  7.493395e+01
  5.235415e+00,  6.227116e+01
  4.181417e+00,  4.063597e+01
  3.804634e+00,  1.073046e+01
  4.161065e+00,  3.432466e+02
  4.868998e+00,  3.269736e+02
  5.441507e+00,  3.195173e+02
  5.742950e+00,  3.156822e+02
  5.808622e+00,  3.138781e+02
  5.720446e+00,  3.117819e+02
  5.571356e+00,  3.092498e+02
  5.314279e+00,  3.072663e+02
  4.830726e+00,  3.065275e+02
  4.284130e+00,  3.051833e+02
  3.950438e+00,  2.981130e+02
  4.083146e+00,  2.855416e+02
  4.579148e+00,  2.763420e+02
  5.102829e+00,  2.743734e+02
  5.692499e+00,  2.752723e+02
  6.762704e+00,  2.745711e+02
  8.435152e+00,  2.751489e+02
  1.050551e+01,  2.786706e+02
  1.268240e+01,  2.834620e+02
  1.491646e+01,  2.875897e+02
  1.717622e+01,  2.905796e+02
  1.923676e+01,  2.929406e+02
  2.051800e+01,  2.953584e+02
  2.068412e+01,  2.970992e+02
  1.977868e+01,  2.970449e+02
  1.797619e+01,  2.950568e+02
  1.552546e+01,  2.910384e+02
  1.275405e+01,  2.855061e+02
  9.913736e+00,  2.788691e+02
  7.045786e+00,  2.711948e+02
  4.344899e+00,  2.614532e+02
  2.085282e+00,  2.416396e+02
  9.118591e-01,  1.519063e+02
  2.350163e+00,  1.038735e+02
  3.987405e+00,  9.334143e+01
  5.424156e+00,  8.622362e+01
  6.639667e+00,  7.837963e+01
  7.618366e+00,  7.100011e+01
  8.170652e+00,  6.472290e+01
  8.167042e+00,  5.934093e+01
  7.776169e+00,  5.450296e+01
  7.055456e+00,  5.161774e+01
  5.896918e+00,  5.119530e+01
  4.365064e+00,  5.114014e+01
  2.658234e+00,  5.360297e+01
  1.029954e+00,  7.314223e+01
  1.232854e+00,  1.838408e+02
  2.718917e+00,  2.122913e+02
  4.165809e+00,  2.237062e+02
  5.622284e+00,  2.335183e+02
  7.164836e+00,  2.411569e+02
  8.639872e+00,  2.454866e+02
  9.829199e+00,  2.468879e+02
  1.069328e+01,  2.467417e+02
  1.127892e+01,  2.456033e+02
  1.149800e+01,  2.433788e+02
  1.157841e+01,  2.411739e+02
  1.189325e+01,  2.404226e+02
  1.247627e+01,  2.405030e+02
  1.309458e+01,  2.400182e+02
  1.359357e+01,  2.397057e+02
  1.397705e+01,  2.397664e+02
  1.400251e+01,  2.398306e+02
  1.316087e+01,  2.392343e+02
  1.087582e+01,  2.375796e+02
  7.273459e+00,  2.338713e+02
  3.382194e+00,  2.269245e+02
  1.723038e-01,  7.687073e+01
  2.445596e+00,  4.306093e+01
  3.727541e+00,  3.793426e+01
  3.976230e+00,  3.207853e+01
  3.743810e+00,  2.590360e+01
  3.332345e+00,  2.742560e+01
  1.954745e+00,  8.993063e+01
  1.541141e+00,  1.368321e+02
##END=