##TITLE= twqubit_C234790_C_25000_NoBufferfix10
##JCAMP-DX= 5.00 Bruker JCAMP library
##DATA TYPE= Shape Data
##ORIGIN= Colm Fixed Pulses 
##OWNER= d29lu
##DATE= 18-May-2015
##TIME= 16:57
##MINX= 2.119247e-01
##MAXX= 3.623226e+01
##MINY= 5.829977e+00
##MAXY= 3.506902e+02
##$SHAPE_EXMODE= None
##$SHAPE_TOTROT= 9.000000e+01
##$SHAPE_BWFAC= 1.000000e+00
##$SHAPE_INTEGFAC= 1.000000e+00
##$SHAPE_MODE= 1
##NPOINTS= 100
##XYPOINTS= (XY..XY)
  1.067860e+00,  9.569248e+01
  9.972093e+00,  2.093955e+02
  1.880536e+01,  2.486338e+02
  1.698151e+01,  3.054276e+02
  1.150276e+01,  2.163344e+01
  1.590577e+01,  1.051982e+02
  1.768518e+01,  1.432994e+02
  7.569809e+00,  1.691469e+02
  5.624934e+00,  3.393438e+02
  1.250799e+01,  1.656717e+01
  9.549628e+00,  6.070606e+01
  9.048666e+00,  1.378092e+02
  1.062853e+01,  1.775598e+02
  4.576981e+00,  1.888514e+02
  3.753866e+00,  4.804819e+01
  9.700050e+00,  6.308224e+01
  1.190708e+01,  1.063363e+02
  1.665205e+01,  1.579634e+02
  1.823246e+01,  1.975158e+02
  1.024776e+01,  2.519580e+02
  1.382842e+01,  9.912639e+00
  2.387410e+01,  5.500737e+01
  2.042628e+01,  8.927151e+01
  1.336473e+01,  1.566482e+02
  1.845475e+01,  2.095312e+02
  1.609803e+01,  2.048445e+02
  1.434538e+01,  1.524079e+02
  1.850961e+01,  1.259623e+02
  1.306953e+01,  1.190118e+02
  2.119247e-01,  1.248359e+02
  8.723079e+00,  2.834974e+02
  1.049294e+01,  2.554287e+02
  1.180276e+01,  2.078834e+02
  1.501327e+01,  1.737712e+02
  1.436045e+01,  1.400190e+02
  1.333308e+01,  9.688982e+01
  1.217371e+01,  5.768972e+01
  1.053638e+01,  8.142773e+00
  1.306159e+01,  3.251341e+02
  1.348120e+01,  3.006232e+02
  1.003760e+01,  2.680653e+02
  1.078077e+01,  2.348867e+02
  1.295951e+01,  2.452599e+02
  1.407715e+01,  2.834968e+02
  1.409996e+01,  3.284145e+02
  1.228943e+01,  2.552377e+01
  1.461973e+01,  8.490687e+01
  1.483649e+01,  1.088336e+02
  8.122243e+00,  7.708630e+01
  1.553960e+01,  1.837316e+01
  2.234706e+01,  1.574798e+01
  1.550838e+01,  1.861479e+01
  3.898668e-01,  1.503898e+02
  1.279652e+01,  1.993957e+02
  1.511949e+01,  2.063728e+02
  8.530987e+00,  2.085974e+02
  2.383271e+00,  1.793421e+02
  3.319102e+00,  1.401111e+02
  4.343660e+00,  1.619205e+02
  2.148593e+00,  2.091628e+02
  5.798187e+00,  3.298417e+02
  1.397072e+01,  3.489526e+02
  1.469210e+01,  3.506902e+02
  6.181230e+00,  3.240254e+02
  8.931848e+00,  2.211903e+02
  1.399281e+01,  2.092094e+02
  4.868006e+00,  1.812733e+02
  1.404928e+01,  5.743602e+01
  2.541276e+01,  5.831000e+01
  1.922419e+01,  6.327650e+01
  3.738165e+00,  1.899153e+02
  2.471594e+01,  2.336624e+02
  2.800341e+01,  2.345287e+02
  1.277351e+01,  2.026547e+02
  1.753474e+01,  1.085563e+02
  2.138345e+01,  1.070130e+02
  8.864759e+00,  1.583424e+02
  1.680452e+01,  2.573643e+02
  1.784528e+01,  2.897346e+02
  7.086203e+00,  5.829977e+00
  1.777897e+01,  1.056809e+02
  2.598343e+01,  1.445506e+02
  3.019704e+01,  1.751622e+02
  3.395983e+01,  1.933561e+02
  3.613514e+01,  1.983316e+02
  3.623226e+01,  1.971788e+02
  3.177488e+01,  2.034908e+02
  1.877815e+01,  2.269217e+02
  7.202407e+00,  3.208753e+02
  1.363866e+01,  4.434825e+01
  1.343459e+01,  1.147031e+02
  2.390698e+01,  1.879091e+02
  3.322297e+01,  2.202711e+02
  2.753292e+01,  2.466258e+02
  1.275901e+01,  3.092098e+02
  2.301335e+01,  4.313070e+01
  3.224051e+01,  7.577551e+01
  2.705719e+01,  1.067017e+02
  1.483326e+01,  1.679280e+02
  4.949638e+00,  2.666069e+02
##END=