##TITLE= twqubit_C156180_H_25000_NoBufferfix10
##JCAMP-DX= 5.00 Bruker JCAMP library
##DATA TYPE= Shape Data
##ORIGIN= Colm Fixed Pulses 
##OWNER= d29lu
##DATE= 18-May-2015
##TIME= 19:28
##MINX= 1.366697e-01
##MAXX= 2.080888e+01
##MINY= 6.833494e-02
##MAXY= 3.552990e+02
##$SHAPE_EXMODE= None
##$SHAPE_TOTROT= 9.000000e+01
##$SHAPE_BWFAC= 1.000000e+00
##$SHAPE_INTEGFAC= 1.000000e+00
##$SHAPE_MODE= 1
##NPOINTS= 200
##XYPOINTS= (XY..XY)
  1.718219e-01,  7.403104e+01
  5.489175e+00,  2.187822e+02
  1.183668e+01,  2.049265e+02
  1.338314e+01,  1.856236e+02
  1.302961e+01,  1.796831e+02
  1.193082e+01,  1.766895e+02
  1.069912e+01,  1.683915e+02
  9.818591e+00,  1.554963e+02
  9.703759e+00,  1.416319e+02
  1.049749e+01,  1.282266e+02
  1.208977e+01,  1.155540e+02
  1.417000e+01,  1.041154e+02
  1.619078e+01,  9.612841e+01
  1.759165e+01,  9.058163e+01
  1.795558e+01,  8.553122e+01
  1.713598e+01,  7.942747e+01
  1.544637e+01,  7.225987e+01
  1.340844e+01,  6.575842e+01
  1.130139e+01,  6.326522e+01
  9.352718e+00,  6.497031e+01
  7.685800e+00,  7.079757e+01
  6.466244e+00,  8.202591e+01
  6.238625e+00,  9.893754e+01
  7.234757e+00,  1.128236e+02
  8.511564e+00,  1.215982e+02
  9.298575e+00,  1.281475e+02
  9.812598e+00,  1.342760e+02
  1.053821e+01,  1.394250e+02
  1.139080e+01,  1.428155e+02
  1.204432e+01,  1.448236e+02
  1.238960e+01,  1.465877e+02
  1.246359e+01,  1.484561e+02
  1.213464e+01,  1.504166e+02
  1.125069e+01,  1.522548e+02
  1.001223e+01,  1.537436e+02
  8.934405e+00,  1.534850e+02
  8.290876e+00,  1.507680e+02
  8.013621e+00,  1.467537e+02
  8.171921e+00,  1.426086e+02
  8.930046e+00,  1.397929e+02
  1.007378e+01,  1.390679e+02
  1.106821e+01,  1.401982e+02
  1.161109e+01,  1.436377e+02
  1.167769e+01,  1.492968e+02
  1.127268e+01,  1.568977e+02
  1.045561e+01,  1.666202e+02
  9.514852e+00,  1.800964e+02
  8.882088e+00,  1.986070e+02
  9.047367e+00,  2.197979e+02
  1.020430e+01,  2.388347e+02
  1.198315e+01,  2.525304e+02
  1.388735e+01,  2.605330e+02
  1.545188e+01,  2.657622e+02
  1.619721e+01,  2.689245e+02
  1.595328e+01,  2.704585e+02
  1.513934e+01,  2.703021e+02
  1.395820e+01,  2.685482e+02
  1.209698e+01,  2.654498e+02
  9.718248e+00,  2.594253e+02
  7.187228e+00,  2.499918e+02
  4.815445e+00,  2.321258e+02
  3.633527e+00,  1.949573e+02
  4.527569e+00,  1.628909e+02
  6.079573e+00,  1.504501e+02
  7.237909e+00,  1.431065e+02
  7.733348e+00,  1.358793e+02
  7.613693e+00,  1.275636e+02
  6.983830e+00,  1.172584e+02
  6.245875e+00,  1.034526e+02
  5.952011e+00,  8.700540e+01
  6.089731e+00,  7.349524e+01
  6.418777e+00,  6.436980e+01
  6.796355e+00,  6.033276e+01
  7.288513e+00,  6.065963e+01
  7.855438e+00,  6.324981e+01
  8.116628e+00,  6.660028e+01
  7.846846e+00,  7.104506e+01
  7.467688e+00,  7.696890e+01
  7.449100e+00,  8.341578e+01
  7.687753e+00,  8.871733e+01
  7.927994e+00,  9.251741e+01
  8.151144e+00,  9.546647e+01
  8.213869e+00,  9.459689e+01
  7.939452e+00,  8.715276e+01
  7.611513e+00,  7.549651e+01
  7.403833e+00,  6.484406e+01
  7.267787e+00,  5.535606e+01
  7.280437e+00,  4.436547e+01
  7.367688e+00,  3.370806e+01
  7.425876e+00,  2.701525e+01
  7.565470e+00,  2.510228e+01
  7.801010e+00,  2.539973e+01
  7.977691e+00,  2.561365e+01
  8.033537e+00,  2.564626e+01
  8.112229e+00,  2.516085e+01
  8.374378e+00,  2.324719e+01
  8.925994e+00,  2.021765e+01
  9.776363e+00,  1.677887e+01
  1.081433e+01,  1.305596e+01
  1.186585e+01,  9.088821e+00
  1.289078e+01,  5.324399e+00
  1.411971e+01,  3.133604e+00
  1.524040e+01,  2.810514e+00
  1.541632e+01,  3.622595e+00
  1.439277e+01,  4.556435e+00
  1.279981e+01,  5.843870e+00
  1.126761e+01,  7.887849e+00
  9.939595e+00,  1.142397e+01
  8.743522e+00,  1.878388e+01
  7.852815e+00,  3.056843e+01
  7.627854e+00,  4.416122e+01
  8.163740e+00,  5.604339e+01
  9.122663e+00,  6.508346e+01
  9.992539e+00,  7.140204e+01
  1.058954e+01,  7.520760e+01
  1.103820e+01,  7.630056e+01
  1.101768e+01,  7.522402e+01
  9.913254e+00,  7.206026e+01
  7.882902e+00,  6.730484e+01
  6.068040e+00,  6.129953e+01
  5.171914e+00,  5.641090e+01
  4.814137e+00,  5.564925e+01
  4.511549e+00,  5.902950e+01
  4.187636e+00,  6.830558e+01
  4.000198e+00,  8.351616e+01
  3.975480e+00,  9.958653e+01
  4.010367e+00,  1.121894e+02
  4.017038e+00,  1.226383e+02
  4.014873e+00,  1.374703e+02
  4.396789e+00,  1.590451e+02
  5.246784e+00,  1.759835e+02
  5.664562e+00,  1.832677e+02
  5.431392e+00,  1.844044e+02
  5.111021e+00,  1.835352e+02
  4.665621e+00,  1.818566e+02
  3.619419e+00,  1.749705e+02
  2.151488e+00,  1.503979e+02
  1.660531e+00,  7.858796e+01
  3.353068e+00,  3.988503e+01
  5.376292e+00,  3.099871e+01
  6.634258e+00,  2.770826e+01
  6.818708e+00,  2.588342e+01
  6.033875e+00,  2.570085e+01
  4.492563e+00,  2.669654e+01
  2.330471e+00,  3.015898e+01
  4.951017e-01,  1.288967e+02
  2.633214e+00,  1.933074e+02
  4.111438e+00,  1.995297e+02
  4.983526e+00,  2.034263e+02
  5.856688e+00,  2.062112e+02
  7.090299e+00,  2.066780e+02
  8.542379e+00,  2.061626e+02
  9.926042e+00,  2.060835e+02
  1.107678e+01,  2.063408e+02
  1.210636e+01,  2.048589e+02
  1.310826e+01,  2.000873e+02
  1.395678e+01,  1.946612e+02
  1.467816e+01,  1.895682e+02
  1.544450e+01,  1.845140e+02
  1.587619e+01,  1.783691e+02
  1.537687e+01,  1.711737e+02
  1.428175e+01,  1.647747e+02
  1.333011e+01,  1.616707e+02
  1.251337e+01,  1.615195e+02
  1.126616e+01,  1.609780e+02
  9.322634e+00,  1.593724e+02
  7.250826e+00,  1.573897e+02
  5.518289e+00,  1.585845e+02
  3.911459e+00,  1.627674e+02
  1.950546e+00,  1.663046e+02
  6.075898e-01,  3.373855e+02
  3.355644e+00,  3.552990e+02
  5.765957e+00,  6.833494e-02
  7.530384e+00,  5.641573e+00
  8.789491e+00,  1.421519e+01
  9.982013e+00,  2.454073e+01
  1.137303e+01,  3.473354e+01
  1.310605e+01,  4.318880e+01
  1.519343e+01,  5.100997e+01
  1.733569e+01,  5.867079e+01
  1.916257e+01,  6.590566e+01
  2.040468e+01,  7.155251e+01
  2.080888e+01,  7.537922e+01
  2.053908e+01,  7.802640e+01
  2.009862e+01,  7.937702e+01
  1.946406e+01,  7.861547e+01
  1.809037e+01,  7.539484e+01
  1.600381e+01,  6.906212e+01
  1.371817e+01,  6.013551e+01
  1.155597e+01,  4.962556e+01
  9.441171e+00,  3.774503e+01
  7.226441e+00,  2.323177e+01
  5.190841e+00,  5.648842e-01
  4.002047e+00,  3.221829e+02
  4.386868e+00,  2.777970e+02
  6.228156e+00,  2.477531e+02
  8.961157e+00,  2.306387e+02
  1.321885e+01,  2.202820e+02
  9.242220e+00,  2.143401e+02
  1.366697e-01,  2.562611e+02
##END=