##TITLE= twqubit_C23456180_H_25000_NoBufferfix9
##JCAMP-DX= 5.00 Bruker JCAMP library
##DATA TYPE= Shape Data
##ORIGIN= Colm Fixed Pulses 
##OWNER= d29lu
##DATE= 18-May-2015
##TIME= 19:37
##MINX= 4.938191e-01
##MAXX= 2.357645e+01
##MINY= 5.828957e-01
##MAXY= 3.586866e+02
##$SHAPE_EXMODE= None
##$SHAPE_TOTROT= 9.000000e+01
##$SHAPE_BWFAC= 1.000000e+00
##$SHAPE_INTEGFAC= 1.000000e+00
##$SHAPE_MODE= 1
##NPOINTS= 200
##XYPOINTS= (XY..XY)
  4.938191e-01,  1.074772e+02
  3.899203e+00,  2.495285e+01
  8.021289e+00,  1.261698e+01
  5.708428e+00,  3.526293e+02
  2.551768e+00,  3.174380e+02
  1.026597e+00,  2.317924e+02
  2.520741e+00,  1.691294e+02
  4.733108e+00,  1.592062e+02
  6.838453e+00,  1.549149e+02
  8.592824e+00,  1.529141e+02
  9.847595e+00,  1.519135e+02
  1.061135e+01,  1.516298e+02
  1.102193e+01,  1.530438e+02
  1.128308e+01,  1.572983e+02
  1.139066e+01,  1.629491e+02
  1.098977e+01,  1.679876e+02
  9.750433e+00,  1.721505e+02
  7.865487e+00,  1.766247e+02
  5.830611e+00,  1.822536e+02
  3.764633e+00,  1.893271e+02
  1.566624e+00,  2.099494e+02
  1.421733e+00,  3.227401e+02
  3.000975e+00,  3.586866e+02
  4.105348e+00,  2.021358e+01
  5.375192e+00,  3.917437e+01
  7.084727e+00,  5.034007e+01
  8.932407e+00,  5.635876e+01
  1.066039e+01,  5.948295e+01
  1.211748e+01,  5.993714e+01
  1.313626e+01,  5.698855e+01
  1.362230e+01,  5.217311e+01
  1.386994e+01,  4.550579e+01
  1.428194e+01,  3.709328e+01
  1.462529e+01,  2.817668e+01
  1.456549e+01,  1.963061e+01
  1.426997e+01,  1.278918e+01
  1.385411e+01,  8.349215e+00
  1.317933e+01,  4.585745e+00
  1.219008e+01,  5.828957e-01
  1.109047e+01,  3.562727e+02
  1.027210e+01,  3.525363e+02
  1.003754e+01,  3.475813e+02
  1.033574e+01,  3.410835e+02
  1.094563e+01,  3.357079e+02
  1.159931e+01,  3.337924e+02
  1.201614e+01,  3.361423e+02
  1.210773e+01,  3.429397e+02
  1.228544e+01,  3.551834e+02
  1.328885e+01,  1.183695e+01
  1.538017e+01,  2.943953e+01
  1.815262e+01,  4.467861e+01
  2.092311e+01,  5.602990e+01
  2.296717e+01,  6.350366e+01
  2.357645e+01,  6.755252e+01
  2.246289e+01,  6.866795e+01
  1.989105e+01,  6.777232e+01
  1.648730e+01,  6.546911e+01
  1.275362e+01,  6.291058e+01
  8.785847e+00,  5.980705e+01
  4.614191e+00,  5.422199e+01
  7.319321e-01,  3.436550e+02
  3.771584e+00,  2.489286e+02
  7.178805e+00,  2.435000e+02
  9.892914e+00,  2.409095e+02
  1.185874e+01,  2.386552e+02
  1.317893e+01,  2.354770e+02
  1.397374e+01,  2.328351e+02
  1.425641e+01,  2.315032e+02
  1.393142e+01,  2.321896e+02
  1.312270e+01,  2.337990e+02
  1.193524e+01,  2.355061e+02
  1.041201e+01,  2.349382e+02
  8.805129e+00,  2.308819e+02
  7.509437e+00,  2.220550e+02
  6.778053e+00,  2.083946e+02
  6.694299e+00,  1.935036e+02
  6.779716e+00,  1.825895e+02
  6.681625e+00,  1.749313e+02
  6.600813e+00,  1.680175e+02
  6.669128e+00,  1.617066e+02
  6.850154e+00,  1.562915e+02
  7.393071e+00,  1.523295e+02
  8.385451e+00,  1.508481e+02
  9.626457e+00,  1.506433e+02
  1.106169e+01,  1.509246e+02
  1.270405e+01,  1.516889e+02
  1.433604e+01,  1.528314e+02
  1.572340e+01,  1.545765e+02
  1.677864e+01,  1.565561e+02
  1.735492e+01,  1.590224e+02
  1.726074e+01,  1.619906e+02
  1.639926e+01,  1.650629e+02
  1.488416e+01,  1.688181e+02
  1.304699e+01,  1.732007e+02
  1.123301e+01,  1.783374e+02
  9.631760e+00,  1.840278e+02
  8.368682e+00,  1.905937e+02
  7.603048e+00,  1.970630e+02
  7.338621e+00,  2.012044e+02
  7.450778e+00,  2.011348e+02
  7.831879e+00,  1.974888e+02
  8.346059e+00,  1.926811e+02
  8.802729e+00,  1.884401e+02
  9.002784e+00,  1.865818e+02
  8.646079e+00,  1.872318e+02
  7.758986e+00,  1.889424e+02
  6.604234e+00,  1.901387e+02
  5.320307e+00,  1.896830e+02
  4.029867e+00,  1.823258e+02
  3.293812e+00,  1.593371e+02
  3.781176e+00,  1.317088e+02
  4.881001e+00,  1.161079e+02
  5.649467e+00,  1.081572e+02
  5.736985e+00,  1.036593e+02
  5.282416e+00,  1.025744e+02
  4.511417e+00,  1.069286e+02
  3.623237e+00,  1.196463e+02
  3.085694e+00,  1.442481e+02
  3.645852e+00,  1.721899e+02
  5.388909e+00,  1.876511e+02
  7.832684e+00,  1.921023e+02
  1.054297e+01,  1.924053e+02
  1.325521e+01,  1.902160e+02
  1.578710e+01,  1.870608e+02
  1.793070e+01,  1.843103e+02
  1.923703e+01,  1.823305e+02
  1.932729e+01,  1.809940e+02
  1.828466e+01,  1.793304e+02
  1.641477e+01,  1.758359e+02
  1.406866e+01,  1.689265e+02
  1.178730e+01,  1.568922e+02
  1.036851e+01,  1.382866e+02
  1.035707e+01,  1.186309e+02
  1.145648e+01,  1.047198e+02
  1.272299e+01,  9.638059e+01
  1.328459e+01,  9.264102e+01
  1.261258e+01,  9.532153e+01
  1.095055e+01,  1.062142e+02
  9.222522e+00,  1.264059e+02
  8.504620e+00,  1.531778e+02
  9.187215e+00,  1.775312e+02
  1.036727e+01,  1.933344e+02
  1.076693e+01,  2.028497e+02
  9.528786e+00,  2.090589e+02
  6.888229e+00,  2.180758e+02
  4.530130e+00,  2.437531e+02
  4.672302e+00,  2.824025e+02
  6.314262e+00,  2.995614e+02
  7.678947e+00,  3.013205e+02
  8.385549e+00,  2.963938e+02
  8.647433e+00,  2.901366e+02
  8.962640e+00,  2.891199e+02
  1.008473e+01,  2.970569e+02
  1.276167e+01,  3.089011e+02
  1.678822e+01,  3.184263e+02
  2.073436e+01,  3.237746e+02
  2.289710e+01,  3.247668e+02
  2.262533e+01,  3.229165e+02
  2.057278e+01,  3.205143e+02
  1.770708e+01,  3.201658e+02
  1.458527e+01,  3.226717e+02
  1.158974e+01,  3.297808e+02
  9.234086e+00,  3.413427e+02
  7.651519e+00,  3.572377e+02
  6.418123e+00,  1.578644e+01
  5.375840e+00,  3.918928e+01
  5.101140e+00,  6.819785e+01
  5.756914e+00,  9.317234e+01
  6.687832e+00,  1.079347e+02
  7.335915e+00,  1.158886e+02
  7.611414e+00,  1.197717e+02
  7.587302e+00,  1.198095e+02
  7.556764e+00,  1.153548e+02
  7.711831e+00,  1.075824e+02
  7.763155e+00,  9.857757e+01
  7.038760e+00,  8.723966e+01
  5.395883e+00,  6.301641e+01
  5.446437e+00,  1.016041e+01
  9.474344e+00,  3.360939e+02
  1.481373e+01,  3.234079e+02
  1.943159e+01,  3.184380e+02
  2.198975e+01,  3.165692e+02
  2.237754e+01,  3.159274e+02
  2.138645e+01,  3.165056e+02
  1.982000e+01,  3.187283e+02
  1.795313e+01,  3.228049e+02
  1.611170e+01,  3.284807e+02
  1.470041e+01,  3.353996e+02
  1.367907e+01,  3.418797e+02
  1.250709e+01,  3.463202e+02
  1.088239e+01,  3.469061e+02
  8.983170e+00,  3.437232e+02
  7.173884e+00,  3.351127e+02
  5.847364e+00,  3.197907e+02
  5.275364e+00,  2.975162e+02
  5.474149e+00,  2.720338e+02
  6.617231e+00,  2.456427e+02
  9.164436e+00,  2.223631e+02
  7.673917e+00,  2.028832e+02
  1.125897e+00,  1.147065e+02
##END=