##TITLE= twqubit_C234790withPC_C_25000_NoBufferfix8
##JCAMP-DX= 5.00 Bruker JCAMP library
##DATA TYPE= Shape Data
##ORIGIN= Colm Fixed Pulses 
##OWNER= d29lu
##DATE= 18-May-2015
##TIME= 17:1
##MINX= 5.254457e-01
##MAXX= 2.457013e+01
##MINY= 2.865513e+00
##MAXY= 3.597149e+02
##$SHAPE_EXMODE= None
##$SHAPE_TOTROT= 9.000000e+01
##$SHAPE_BWFAC= 1.000000e+00
##$SHAPE_INTEGFAC= 1.000000e+00
##$SHAPE_MODE= 1
##NPOINTS= 100
##XYPOINTS= (XY..XY)
  1.685327e+00,  3.514068e+02
  3.449047e+00,  2.585951e+02
  5.065699e+00,  2.079084e+02
  8.981861e+00,  1.093234e+02
  1.870453e+01,  7.981900e+01
  1.985645e+01,  6.038333e+01
  1.235812e+01,  2.597964e+01
  9.300931e+00,  3.065993e+02
  1.302282e+01,  2.590793e+02
  1.236923e+01,  2.182699e+02
  1.294132e+01,  1.697259e+02
  1.503573e+01,  1.409558e+02
  1.265189e+01,  1.308786e+02
  6.574563e+00,  1.458053e+02
  5.406875e+00,  2.081596e+02
  6.908740e+00,  2.345425e+02
  3.896463e+00,  2.561301e+02
  3.453980e+00,  3.551237e+02
  7.144235e+00,  1.174470e+01
  5.934138e+00,  3.418671e+02
  9.484211e+00,  2.727996e+02
  1.734498e+01,  2.536516e+02
  1.722360e+01,  2.440944e+02
  8.634106e+00,  2.109112e+02
  1.115720e+01,  1.314717e+02
  1.720820e+01,  1.222729e+02
  1.262685e+01,  1.313213e+02
  3.515430e+00,  2.173073e+02
  1.344760e+01,  2.966627e+02
  1.854312e+01,  3.181709e+02
  1.548513e+01,  3.350522e+02
  7.715583e+00,  3.463799e+02
  1.302583e+00,  3.212585e+02
  1.708353e+00,  2.366199e+02
  1.400004e+00,  1.195427e+02
  1.080325e+01,  1.059308e+02
  2.140821e+01,  1.207394e+02
  2.457013e+01,  1.372933e+02
  1.802274e+01,  1.690358e+02
  1.506598e+01,  2.426866e+02
  2.191413e+01,  2.927763e+02
  2.006557e+01,  3.204212e+02
  9.411858e+00,  2.865513e+00
  9.818636e+00,  1.007187e+02
  1.331856e+01,  1.368559e+02
  8.029096e+00,  1.588766e+02
  2.230794e+00,  2.460717e+02
  4.651579e+00,  3.116855e+02
  2.885023e+00,  3.252975e+02
  5.254457e-01,  1.511913e+02
  2.263735e+00,  1.366029e+02
  2.445498e+00,  9.850679e+01
  3.530284e+00,  7.398198e+01
  3.682639e+00,  1.010596e+02
  5.589655e+00,  1.522749e+02
  7.520332e+00,  1.752241e+02
  3.771696e+00,  1.779137e+02
  3.695380e+00,  2.831473e+01
  1.064580e+01,  2.423913e+01
  9.310153e+00,  2.118809e+01
  1.277716e+00,  2.996570e+02
  1.098733e+01,  2.153256e+02
  1.588530e+01,  2.032380e+02
  1.358464e+01,  1.737753e+02
  1.281130e+01,  1.230444e+02
  1.442777e+01,  8.317503e+01
  1.313343e+01,  4.262793e+01
  1.339993e+01,  3.531980e+02
  1.541562e+01,  3.171622e+02
  1.468649e+01,  2.896710e+02
  1.101641e+01,  2.636117e+02
  4.658794e+00,  2.357688e+02
  3.073150e+00,  9.500477e+01
  1.015603e+01,  7.741929e+01
  1.325203e+01,  8.289328e+01
  1.217806e+01,  9.216691e+01
  9.522859e+00,  9.396942e+01
  8.492187e+00,  7.109560e+01
  1.164389e+01,  4.730626e+01
  1.323048e+01,  3.692795e+01
  8.766277e+00,  1.828870e+01
  5.504575e+00,  3.009376e+02
  1.123704e+01,  2.621784e+02
  1.090690e+01,  2.503260e+02
  3.567675e+00,  2.101112e+02
  7.979093e+00,  1.048129e+02
  1.376057e+01,  9.355882e+01
  1.297173e+01,  8.046485e+01
  1.013178e+01,  5.483545e+01
  8.287833e+00,  3.305676e+01
  3.516690e+00,  2.749163e+01
  3.856927e+00,  2.170802e+02
  1.308863e+01,  2.318018e+02
  1.790310e+01,  2.493976e+02
  1.612809e+01,  2.679901e+02
  9.787798e+00,  2.983695e+02
  8.990785e+00,  3.597149e+02
  1.397833e+01,  2.327419e+01
  1.484253e+01,  1.698994e+01
  4.578935e+00,  3.426755e+02
##END=