##TITLE= twqubit_C23456180_C_25000_NoBufferfix6
##JCAMP-DX= 5.00 Bruker JCAMP library
##DATA TYPE= Shape Data
##ORIGIN= Colm Fixed Pulses 
##OWNER= d29lu
##DATE= 18-May-2015
##TIME= 18:0
##MINX= 2.688445e-01
##MAXX= 3.611568e+01
##MINY= 6.709121e-01
##MAXY= 3.597509e+02
##$SHAPE_EXMODE= None
##$SHAPE_TOTROT= 9.000000e+01
##$SHAPE_BWFAC= 1.000000e+00
##$SHAPE_INTEGFAC= 1.000000e+00
##$SHAPE_MODE= 1
##NPOINTS= 200
##XYPOINTS= (XY..XY)
  2.688445e-01,  2.935338e+02
  7.344697e+00,  3.359619e+02
  1.475920e+01,  3.359053e+02
  1.026146e+01,  3.236600e+02
  5.263310e+00,  3.243394e+02
  7.349727e+00,  1.913000e+01
  1.534590e+01,  4.005446e+01
  1.824991e+01,  4.625166e+01
  1.302412e+01,  5.228071e+01
  4.733153e+00,  9.943808e+01
  1.202372e+01,  1.695860e+02
  2.160901e+01,  1.749650e+02
  2.636170e+01,  1.744076e+02
  2.465722e+01,  1.779008e+02
  1.569164e+01,  1.852754e+02
  1.196622e+00,  2.193126e+02
  1.167963e+01,  1.822614e+01
  1.806572e+01,  3.847004e+01
  1.648200e+01,  6.952990e+01
  1.643983e+01,  1.271033e+02
  2.479619e+01,  1.701389e+02
  2.887993e+01,  1.894369e+02
  2.142501e+01,  1.988014e+02
  5.388633e+00,  1.972034e+02
  5.249749e+00,  2.520658e+01
  5.812621e+00,  1.479045e+01
  3.148894e+00,  2.661812e+02
  1.001472e+01,  2.300149e+02
  9.556789e+00,  2.190451e+02
  2.244331e+00,  1.848815e+02
  5.347646e+00,  3.729198e+01
  1.007777e+01,  6.117728e+00
  1.287018e+01,  3.337666e+02
  1.333159e+01,  3.099217e+02
  6.852003e+00,  2.929792e+02
  3.937478e+00,  1.169840e+02
  1.435858e+01,  1.125065e+02
  1.478568e+01,  1.117369e+02
  4.407497e+00,  1.168675e+02
  8.453747e+00,  2.795272e+02
  1.725290e+01,  2.884419e+02
  1.555482e+01,  2.942190e+02
  6.169131e+00,  3.110162e+02
  3.588526e+00,  8.100707e+01
  5.966186e+00,  1.237246e+02
  3.884888e+00,  2.085058e+02
  1.197894e+01,  2.842395e+02
  2.025399e+01,  3.110870e+02
  2.204548e+01,  3.252018e+02
  1.669880e+01,  3.360498e+02
  6.886304e+00,  3.584754e+02
  3.379759e+00,  9.751640e+01
  3.911511e+00,  1.407304e+02
  1.430498e+00,  2.359134e+02
  6.680438e+00,  2.875884e+02
  1.280751e+01,  2.832059e+02
  1.912315e+01,  2.762963e+02
  2.292571e+01,  2.801367e+02
  2.207199e+01,  2.978845e+02
  2.050493e+01,  3.280679e+02
  1.981012e+01,  3.565187e+02
  1.508086e+01,  2.247486e+01
  9.863353e+00,  8.268227e+01
  1.748292e+01,  1.438261e+02
  2.215732e+01,  1.761726e+02
  1.978643e+01,  2.261473e+02
  2.465940e+01,  2.919993e+02
  2.919263e+01,  3.365269e+02
  2.317293e+01,  2.858258e+01
  2.440634e+01,  1.050188e+02
  2.994311e+01,  1.502638e+02
  2.155081e+01,  1.814837e+02
  9.016819e+00,  2.501684e+02
  1.316204e+01,  3.126571e+02
  1.045619e+01,  2.966433e+02
  1.318351e+01,  2.398597e+02
  1.772289e+01,  2.272589e+02
  1.126641e+01,  2.359522e+02
  5.590433e+00,  3.284718e+02
  1.299370e+01,  1.143356e+01
  1.167581e+01,  1.652440e+01
  3.482206e+00,  5.402769e+00
  2.634591e+00,  2.324629e+02
  2.652282e+00,  2.378013e+02
  3.080130e+00,  3.597509e+02
  9.164590e+00,  2.111081e+01
  1.013465e+01,  2.943504e+01
  5.136645e+00,  5.626182e+01
  7.100417e+00,  1.482664e+02
  1.446176e+01,  1.723814e+02
  1.560745e+01,  1.823312e+02
  1.037019e+01,  1.969562e+02
  5.268030e+00,  2.459021e+02
  5.379719e+00,  2.916768e+02
  3.481250e+00,  2.856427e+02
  3.295728e+00,  2.247877e+02
  4.645662e+00,  2.186521e+02
  4.482393e+00,  2.640637e+02
  7.804447e+00,  3.103909e+02
  9.829258e+00,  3.251316e+02
  5.393408e+00,  3.179168e+02
  5.685337e+00,  2.076469e+02
  1.666267e+01,  2.033574e+02
  2.207411e+01,  2.144323e+02
  2.225147e+01,  2.336581e+02
  2.279317e+01,  2.623585e+02
  2.574630e+01,  2.901708e+02
  2.649034e+01,  3.137635e+02
  2.247098e+01,  3.421094e+02
  1.677532e+01,  2.897721e+01
  1.609812e+01,  9.249641e+01
  1.820774e+01,  1.452685e+02
  1.769829e+01,  1.911418e+02
  1.651865e+01,  2.407117e+02
  1.675684e+01,  2.835956e+02
  1.425392e+01,  3.150780e+02
  9.712812e+00,  3.547197e+02
  1.047670e+01,  4.312718e+01
  1.253548e+01,  6.346491e+01
  9.599834e+00,  7.523057e+01
  4.153562e+00,  1.452894e+02
  1.357496e+01,  2.141157e+02
  2.204982e+01,  2.261776e+02
  2.240985e+01,  2.314658e+02
  1.511071e+01,  2.419424e+02
  5.982029e+00,  2.895044e+02
  8.260710e+00,  1.034755e+01
  1.072798e+01,  3.923753e+01
  8.548319e+00,  5.767345e+01
  2.830548e+00,  7.253799e+01
  4.799324e+00,  2.679389e+02
  1.482727e+01,  2.793956e+02
  1.964195e+01,  2.901797e+02
  1.455080e+01,  3.071210e+02
  5.806917e+00,  3.971454e+01
  1.979276e+01,  1.086362e+02
  2.533365e+01,  1.286769e+02
  1.591590e+01,  1.475376e+02
  3.620486e+00,  2.913272e+02
  1.833897e+01,  3.446113e+02
  2.011158e+01,  1.318266e+01
  1.703437e+01,  6.711270e+01
  2.473506e+01,  1.139859e+02
  3.072688e+01,  1.268449e+02
  2.923764e+01,  1.303992e+02
  2.323539e+01,  1.450926e+02
  2.238608e+01,  1.868172e+02
  3.040674e+01,  2.228129e+02
  3.312318e+01,  2.499073e+02
  2.604195e+01,  2.922853e+02
  2.712274e+01,  3.617187e+00
  3.611568e+01,  4.930010e+01
  3.240943e+01,  8.675421e+01
  2.737787e+01,  1.403986e+02
  3.237473e+01,  1.709676e+02
  3.267084e+01,  1.676114e+02
  2.658868e+01,  1.532301e+02
  1.553296e+01,  1.304569e+02
  7.505047e+00,  7.364022e+01
  7.451164e+00,  1.941228e+01
  5.789936e+00,  6.709121e-01
  3.723515e+00,  4.323554e+01
  1.047063e+01,  8.116270e+01
  1.933315e+01,  8.783312e+01
  2.272305e+01,  9.331835e+01
  1.891204e+01,  1.048305e+02
  1.186327e+01,  1.219809e+02
  5.800525e+00,  1.292646e+02
  4.527059e+00,  7.979327e+01
  8.954837e+00,  7.060747e+01
  1.065235e+01,  9.786415e+01
  1.155683e+01,  1.467387e+02
  1.228202e+01,  1.891581e+02
  5.118049e+00,  2.429096e+02
  1.442824e+01,  1.647451e+01
  2.969007e+01,  4.724315e+01
  3.229067e+01,  7.477919e+01
  2.576684e+01,  1.197115e+02
  2.519035e+01,  1.763974e+02
  2.317559e+01,  2.072983e+02
  9.510859e+00,  1.982730e+02
  1.406051e+01,  1.062570e+02
  2.522550e+01,  1.137826e+02
  2.474014e+01,  1.383715e+02
  1.904666e+01,  1.825611e+02
  1.912842e+01,  2.337395e+02
  1.867963e+01,  2.594472e+02
  1.157931e+01,  2.640661e+02
  3.685514e+00,  2.357063e+02
  2.684430e+00,  1.894269e+02
  2.779312e+00,  2.433198e+02
  4.884189e+00,  2.865266e+02
  3.167212e+00,  3.310527e+02
  6.679794e+00,  7.200383e+01
  1.427815e+01,  9.212096e+01
  1.374777e+01,  8.985457e+01
  8.107908e+00,  3.435221e+01
  2.008856e+01,  3.451114e+02
  1.091106e+01,  3.495991e+02
  1.377655e+00,  1.401876e+02
##END=