##TITLE= twqubit_C156180_C_25000_NoBufferfix1
##JCAMP-DX= 5.00 Bruker JCAMP library
##DATA TYPE= Shape Data
##ORIGIN= Colm Fixed Pulses 
##OWNER= d29lu
##DATE= 18-May-2015
##TIME= 17:49
##MINX= 4.816463e-01
##MAXX= 3.117014e+01
##MINY= 1.172649e+00
##MAXY= 3.581816e+02
##$SHAPE_EXMODE= None
##$SHAPE_TOTROT= 9.000000e+01
##$SHAPE_BWFAC= 1.000000e+00
##$SHAPE_INTEGFAC= 1.000000e+00
##$SHAPE_MODE= 1
##NPOINTS= 200
##XYPOINTS= (XY..XY)
  5.331742e-01,  8.973370e+01
  1.009986e+01,  1.271972e+02
  1.988467e+01,  1.399842e+02
  1.609432e+01,  1.782657e+02
  1.790489e+01,  2.640585e+02
  3.117014e+01,  3.112609e+02
  2.980170e+01,  3.260337e+02
  1.328021e+01,  3.144744e+02
  1.117763e+01,  1.995517e+02
  2.140353e+01,  1.840662e+02
  1.864441e+01,  1.822279e+02
  5.695031e+00,  1.691701e+02
  7.581770e+00,  2.687151e+01
  1.409420e+01,  2.796473e+01
  9.780873e+00,  2.949417e+01
  1.467212e+00,  2.566213e+02
  1.334628e+01,  2.424562e+02
  1.839729e+01,  2.544538e+02
  1.451996e+01,  2.672139e+02
  4.346238e+00,  2.927317e+02
  6.263438e+00,  6.779950e+01
  1.097805e+01,  8.238697e+01
  8.019238e+00,  6.761401e+01
  7.307980e+00,  3.571602e+02
  1.449333e+01,  3.314508e+02
  1.653352e+01,  3.269186e+02
  1.203597e+01,  3.170626e+02
  7.840894e+00,  2.785163e+02
  9.372029e+00,  2.459122e+02
  8.515860e+00,  2.384489e+02
  2.136442e+00,  2.267079e+02
  7.294626e+00,  7.721255e+01
  1.793800e+01,  8.094074e+01
  2.327374e+01,  8.174058e+01
  2.186864e+01,  8.118237e+01
  1.533427e+01,  8.270810e+01
  6.677962e+00,  9.811768e+01
  4.515234e+00,  1.873270e+02
  1.032961e+01,  2.189032e+02
  1.442536e+01,  2.232138e+02
  1.542738e+01,  2.229427e+02
  1.235199e+01,  2.269444e+02
  5.254049e+00,  2.494460e+02
  5.217538e+00,  6.375564e+00
  1.198988e+01,  4.538281e+01
  1.355244e+01,  7.610527e+01
  1.219178e+01,  1.236630e+02
  1.342625e+01,  1.765039e+02
  1.268330e+01,  2.165978e+02
  9.091468e+00,  2.658985e+02
  8.046810e+00,  3.216916e+02
  4.031940e+00,  5.413555e+00
  6.150321e+00,  1.436729e+02
  1.534287e+01,  1.673803e+02
  1.547444e+01,  1.677256e+02
  7.198244e+00,  1.223015e+02
  1.394688e+01,  4.913391e+01
  1.934303e+01,  4.292529e+01
  1.326862e+01,  5.852534e+01
  1.163335e+01,  1.376582e+02
  2.326864e+01,  1.694793e+02
  2.760529e+01,  1.671496e+02
  2.481440e+01,  1.516821e+02
  1.770063e+01,  1.361364e+02
  7.302783e+00,  1.343722e+02
  3.614153e+00,  2.097877e+02
  7.239522e+00,  2.198724e+02
  1.030386e+01,  2.033854e+02
  1.219232e+01,  2.017608e+02
  1.098320e+01,  2.256182e+02
  9.843118e+00,  2.752151e+02
  9.844776e+00,  3.342867e+02
  1.310015e+01,  4.198569e+01
  1.911999e+01,  8.818029e+01
  1.959880e+01,  1.209987e+02
  1.287773e+01,  1.567338e+02
  5.934936e+00,  2.307291e+02
  8.151013e+00,  3.127925e+02
  7.664159e+00,  3.518950e+02
  5.968884e-01,  3.549989e+01
  1.087744e+01,  2.202638e+02
  2.100562e+01,  2.365760e+02
  2.023250e+01,  2.391284e+02
  7.971963e+00,  2.179318e+02
  8.265403e+00,  8.475855e+01
  1.698500e+01,  6.875966e+01
  1.634156e+01,  4.889866e+01
  1.267820e+01,  4.420202e+00
  1.379481e+01,  3.167355e+02
  1.368823e+01,  2.898991e+02
  9.142253e+00,  2.671291e+02
  3.691748e+00,  2.353891e+02
  4.816463e-01,  1.383142e+02
  2.970337e+00,  3.617568e+01
  4.792295e+00,  2.816734e+01
  4.009011e+00,  4.612872e+01
  4.487138e+00,  9.880721e+01
  7.674912e+00,  1.232053e+02
  8.627993e+00,  1.254779e+02
  5.845138e+00,  1.196542e+02
  1.385396e+00,  1.254795e+02
  2.907615e+00,  2.381598e+02
  7.783923e+00,  2.329345e+02
  1.069492e+01,  2.270875e+02
  9.167280e+00,  2.257943e+02
  4.512758e+00,  2.512459e+02
  6.188400e+00,  3.231234e+02
  1.018996e+01,  3.379330e+02
  8.932529e+00,  3.354152e+02
  3.529981e+00,  3.322976e+02
  2.330620e+00,  7.951663e+01
  7.942865e+00,  7.678517e+01
  1.228834e+01,  6.046924e+01
  1.172393e+01,  4.248354e+01
  4.913271e+00,  9.044601e+00
  5.603027e+00,  2.289202e+02
  1.464189e+01,  1.982375e+02
  1.956177e+01,  1.694863e+02
  2.099804e+01,  1.421957e+02
  1.708128e+01,  1.288898e+02
  7.097005e+00,  1.572902e+02
  1.166022e+01,  2.477088e+02
  1.680203e+01,  2.698852e+02
  1.179043e+01,  2.828017e+02
  2.807305e+00,  3.203595e+02
  2.620488e+00,  1.106220e+02
  6.699376e+00,  1.815029e+02
  1.316922e+01,  2.142516e+02
  1.450111e+01,  2.199491e+02
  8.536669e+00,  1.940563e+02
  7.868732e+00,  1.107086e+02
  1.279141e+01,  7.857252e+01
  1.023294e+01,  5.328038e+01
  6.920506e+00,  3.363146e+02
  1.434743e+01,  2.966398e+02
  1.665100e+01,  2.973962e+02
  1.199804e+01,  3.292380e+02
  1.260051e+01,  3.866876e+01
  1.738648e+01,  8.637294e+01
  1.947577e+01,  1.290878e+02
  2.094663e+01,  1.689280e+02
  1.770111e+01,  1.985116e+02
  8.470553e+00,  2.317546e+02
  4.824508e+00,  3.130410e+02
  4.788604e+00,  3.256282e+02
  6.993239e+00,  2.687956e+02
  1.330660e+01,  2.610732e+02
  1.196715e+01,  2.684537e+02
  1.542146e+00,  3.074070e+02
  1.085726e+01,  9.797343e+01
  1.759514e+01,  1.113830e+02
  1.432675e+01,  1.112093e+02
  6.120477e+00,  7.171572e+01
  8.843917e+00,  1.172649e+00
  1.094422e+01,  3.492630e+02
  4.545325e+00,  3.177096e+02
  1.049544e+01,  2.114607e+02
  2.191123e+01,  2.091990e+02
  2.270838e+01,  2.132523e+02
  1.058826e+01,  2.050956e+02
  9.775467e+00,  6.901099e+01
  2.350782e+01,  6.082824e+01
  2.362420e+01,  5.578903e+01
  1.362360e+01,  3.616477e+01
  7.499382e+00,  3.262413e+02
  7.756312e+00,  2.684406e+02
  1.031735e+01,  2.009818e+02
  1.915798e+01,  1.767872e+02
  2.189940e+01,  1.745028e+02
  1.613810e+01,  1.776811e+02
  6.868146e+00,  1.699439e+02
  4.650676e+00,  1.200891e+02
  9.188345e+00,  1.329036e+02
  1.342565e+01,  1.690242e+02
  1.467902e+01,  2.145374e+02
  1.773860e+01,  2.761321e+02
  2.483785e+01,  3.219825e+02
  2.411774e+01,  3.454336e+02
  9.324971e+00,  3.401172e+02
  1.063390e+01,  2.215606e+02
  1.406282e+01,  2.233925e+02
  1.269803e+00,  3.581816e+02
  2.235524e+01,  5.719192e+01
  3.006099e+01,  6.797494e+01
  1.894477e+01,  6.888921e+01
  3.249017e+00,  2.984986e+02
  1.706052e+01,  2.604384e+02
  1.827458e+01,  2.411344e+02
  1.537152e+01,  1.889556e+02
  2.202426e+01,  1.446271e+02
  2.422326e+01,  1.315461e+02
  1.502349e+01,  1.258553e+02
  3.034375e+00,  3.481676e+01
  1.103012e+01,  3.402051e+02
  9.242267e+00,  3.197386e+02
  1.050470e+01,  2.448138e+02
  2.248069e+01,  2.371726e+02
  2.216242e+01,  2.445466e+02
  2.492703e+00,  2.564930e+02
  1.320723e+00,  3.025789e+01
##END=