##TITLE= twqubit_C2180_C_25000_NoBufferfix5
##JCAMP-DX= 5.00 Bruker JCAMP library
##DATA TYPE= Shape Data
##ORIGIN= Colm Fixed Pulses 
##OWNER= d29lu
##DATE= 18-May-2015
##TIME= 17:24
##MINX= 1.862439e-01
##MAXX= 4.762956e+01
##MINY= 1.410166e+00
##MAXY= 3.591637e+02
##$SHAPE_EXMODE= None
##$SHAPE_TOTROT= 9.000000e+01
##$SHAPE_BWFAC= 1.000000e+00
##$SHAPE_INTEGFAC= 1.000000e+00
##$SHAPE_MODE= 1
##NPOINTS= 200
##XYPOINTS= (XY..XY)
  6.549306e-01,  1.523148e+02
  1.243683e+01,  1.562108e+02
  3.356015e+01,  2.232963e+02
  3.529299e+01,  2.735459e+02
  3.230631e+01,  3.242478e+02
  1.745772e+01,  3.167091e+02
  9.152836e+00,  4.272053e+01
  2.499702e+01,  4.959036e+01
  2.833086e+01,  2.753492e+01
  2.046153e+01,  3.502731e+02
  1.540298e+01,  3.018715e+02
  2.159350e+01,  2.800077e+02
  2.620902e+01,  2.768406e+02
  1.982859e+01,  2.803446e+02
  6.836299e+00,  3.048108e+02
  4.914908e+00,  4.216281e+01
  5.932715e+00,  2.289272e+01
  8.758240e+00,  3.197259e+01
  1.141268e+01,  1.007268e+02
  2.149664e+01,  1.700696e+02
  2.868793e+01,  2.064623e+02
  1.665437e+01,  2.393241e+02
  1.351334e+01,  2.716423e+01
  2.921818e+01,  5.380743e+01
  2.563949e+01,  4.402665e+01
  1.960835e+01,  1.948964e+01
  1.779908e+01,  1.987541e+01
  1.880691e+01,  2.900076e+01
  1.686960e+01,  1.085291e+01
  2.184059e+01,  3.385338e+02
  2.475424e+01,  3.211978e+02
  1.490173e+01,  2.879036e+02
  1.399257e+01,  2.126274e+02
  1.671017e+01,  1.986078e+02
  5.113747e+00,  2.129301e+02
  1.188013e+01,  3.843255e+00
  2.191272e+01,  1.262757e+01
  2.067034e+01,  1.691139e+01
  1.384838e+01,  3.562588e+01
  9.468777e+00,  1.337445e+01
  3.183014e+01,  3.473392e+02
  4.762956e+01,  1.603188e+01
  3.718672e+01,  7.395687e+01
  3.066141e+01,  1.774945e+02
  3.815344e+01,  2.516290e+02
  2.306602e+01,  3.190990e+02
  2.641521e+01,  5.723494e+01
  2.489820e+01,  8.224445e+01
  4.383065e+00,  2.663288e+01
  2.123557e+01,  2.898684e+02
  3.137180e+01,  2.830335e+02
  3.058723e+01,  2.782747e+02
  2.234382e+01,  2.698707e+02
  7.951907e+00,  2.911959e+02
  1.689540e+01,  2.129958e+01
  2.945725e+01,  2.007962e+01
  3.131695e+01,  1.114792e+01
  2.214361e+01,  3.070632e+00
  9.974506e+00,  3.272816e+02
  8.738935e+00,  2.599931e+02
  3.761914e+00,  2.587387e+02
  1.262413e+01,  2.289988e+01
  2.856705e+01,  2.320556e+01
  3.780515e+01,  1.985023e+01
  3.326191e+01,  3.461005e+01
  1.494424e+01,  8.624703e+01
  2.157433e+01,  2.137471e+02
  3.633679e+01,  2.539308e+02
  3.005771e+01,  2.846941e+02
  1.468437e+01,  3.458750e+02
  1.111506e+01,  6.276243e+01
  7.688573e+00,  1.904270e+02
  2.320175e+01,  2.437105e+02
  2.242456e+01,  2.580050e+02
  5.483097e+00,  2.815257e+02
  1.257779e+01,  4.446555e+01
  1.942985e+01,  3.312500e+01
  1.820114e+01,  3.587264e+02
  1.742641e+01,  3.089210e+02
  1.901505e+01,  2.640456e+02
  1.789473e+01,  2.262497e+02
  1.323256e+01,  1.857995e+02
  9.177686e+00,  1.685239e+02
  1.411082e+01,  2.295741e+02
  2.807711e+01,  2.584916e+02
  2.925629e+01,  2.638924e+02
  2.016477e+01,  2.267103e+02
  2.050278e+01,  1.780148e+02
  6.927662e+00,  1.214435e+02
  2.090243e+01,  7.635633e+00
  2.752686e+01,  3.494066e+02
  1.298743e+01,  3.100548e+02
  1.478614e+01,  2.105842e+02
  1.034246e+01,  1.819106e+02
  2.316498e+01,  4.999250e+01
  4.147017e+01,  6.376486e+01
  2.259364e+01,  1.266445e+02
  3.648503e+01,  2.538497e+02
  3.800294e+01,  3.273521e+02
  2.463240e+01,  7.928550e+01
  2.096474e+01,  1.283819e+02
  1.454618e+01,  1.276975e+02
  4.850361e+00,  2.082123e+02
  1.968194e+01,  2.640876e+02
  2.458051e+01,  2.413237e+02
  2.643208e+01,  2.385996e+02
  1.160940e+01,  2.675168e+02
  1.907689e+01,  1.168863e+01
  3.439649e+01,  1.253772e+01
  3.722462e+01,  1.410166e+00
  2.937669e+01,  3.591637e+02
  1.917809e+01,  3.349256e+02
  1.928653e+01,  2.777278e+02
  1.329020e+01,  2.307293e+02
  1.474800e+01,  1.113967e+02
  2.885916e+01,  7.626174e+01
  2.648677e+01,  4.353947e+01
  2.023308e+01,  3.582729e+02
  1.158172e+01,  3.047719e+02
  1.421161e+01,  2.121522e+02
  2.098678e+01,  1.946754e+02
  6.482624e+00,  1.884103e+02
  1.390504e+01,  3.674651e+01
  1.603320e+01,  4.303662e+01
  2.333417e+00,  2.092040e+01
  4.179059e+00,  1.422087e+02
  2.342192e+01,  1.217920e+02
  2.895836e+01,  1.321274e+02
  6.417938e+00,  2.011339e+02
  3.323521e+01,  3.171626e+02
  3.662400e+01,  3.291289e+02
  6.265536e+00,  2.822867e+02
  2.765463e+01,  1.949702e+02
  2.466768e+01,  2.345025e+02
  3.204337e+01,  3.266781e+02
  4.645042e+01,  7.265609e+00
  3.746241e+01,  3.102869e+01
  1.945925e+01,  4.107476e+01
  1.446033e+01,  3.476329e+01
  2.221010e+01,  2.486735e+01
  3.465061e+01,  1.484833e+01
  3.852636e+01,  3.010776e+01
  2.752879e+01,  7.454672e+01
  1.886058e+01,  1.652482e+02
  2.642523e+01,  2.390658e+02
  2.196541e+01,  2.814951e+02
  8.090442e+00,  4.604160e+00
  1.790724e+01,  1.073163e+02
  2.240302e+01,  1.504369e+02
  1.575582e+01,  2.071073e+02
  1.934771e+01,  2.915413e+02
  2.341955e+01,  3.125911e+02
  1.691398e+01,  2.839560e+02
  1.240957e+01,  2.550882e+02
  3.029654e+00,  6.756102e+00
  1.854142e+01,  4.695834e+01
  2.307476e+01,  4.800204e+01
  1.671565e+01,  4.276336e+01
  6.270297e+00,  3.484160e+02
  1.094200e+01,  2.709137e+02
  9.290212e+00,  2.684420e+02
  8.809200e+00,  6.139578e+00
  2.289496e+01,  3.103244e+01
  2.499424e+01,  3.052175e+01
  6.221202e+00,  5.556831e+01
  2.736642e+01,  1.969374e+02
  4.560529e+01,  2.102044e+02
  4.081410e+01,  2.281627e+02
  2.451851e+01,  2.923072e+02
  4.194953e+01,  2.972154e+00
  4.448126e+01,  2.328468e+01
  1.842862e+01,  2.551291e+01
  1.450791e+01,  2.406444e+02
  2.769512e+01,  2.327762e+02
  2.288135e+01,  2.169262e+02
  1.022524e+01,  1.901637e+02
  2.011969e+00,  4.863658e+01
  5.490430e+00,  1.992480e+00
  4.039989e+00,  2.803794e+02
  1.426495e+01,  2.476371e+02
  2.404438e+01,  2.606980e+02
  3.088551e+01,  2.750380e+02
  3.125340e+01,  2.662997e+02
  3.457376e+01,  2.303036e+02
  4.026163e+01,  2.259203e+02
  3.136063e+01,  2.454644e+02
  1.102600e+01,  2.312240e+02
  1.541609e+01,  1.395049e+02
  1.340813e+01,  1.425161e+02
  4.799422e+00,  2.686429e+02
  1.552104e+01,  3.111740e+02
  7.391366e+00,  3.374111e+02
  1.166918e+01,  1.343859e+02
  2.806773e+01,  1.774006e+02
  4.055976e+01,  2.009191e+02
  4.541514e+01,  2.127333e+02
  4.031290e+01,  2.240733e+02
  2.195886e+01,  2.537949e+02
  1.252590e+01,  6.359135e+01
  1.862439e-01,  5.254663e+01
##END=