##TITLE= twqubit_C1180_H_25000_NoBufferfix5
##JCAMP-DX= 5.00 Bruker JCAMP library
##DATA TYPE= Shape Data
##ORIGIN= Colm Fixed Pulses 
##OWNER= d29lu
##DATE= 18-May-2015
##TIME= 19:18
##MINX= 2.642402e-01
##MAXX= 3.663390e+01
##MINY= 1.196097e+00
##MAXY= 3.532037e+02
##$SHAPE_EXMODE= None
##$SHAPE_TOTROT= 9.000000e+01
##$SHAPE_BWFAC= 1.000000e+00
##$SHAPE_INTEGFAC= 1.000000e+00
##$SHAPE_MODE= 1
##NPOINTS= 200
##XYPOINTS= (XY..XY)
  2.642402e-01,  1.336089e+01
  7.568678e-01,  9.522639e+01
  8.767686e+00,  2.210792e+02
  2.590285e+01,  2.303442e+02
  3.376493e+01,  2.354656e+02
  3.155810e+01,  2.410359e+02
  2.642431e+01,  2.466021e+02
  2.282745e+01,  2.519965e+02
  2.261533e+01,  2.565491e+02
  2.409350e+01,  2.594212e+02
  2.676269e+01,  2.630283e+02
  2.866875e+01,  2.657610e+02
  2.934494e+01,  2.665274e+02
  2.773865e+01,  2.645756e+02
  2.353111e+01,  2.590031e+02
  1.960824e+01,  2.498988e+02
  1.660907e+01,  2.348412e+02
  1.565800e+01,  2.149352e+02
  1.711356e+01,  1.961782e+02
  1.994636e+01,  1.832001e+02
  2.229206e+01,  1.754291e+02
  2.298141e+01,  1.707539e+02
  2.195880e+01,  1.681663e+02
  1.979545e+01,  1.684711e+02
  1.715556e+01,  1.738169e+02
  1.524621e+01,  1.852231e+02
  1.518867e+01,  1.997986e+02
  1.698516e+01,  2.132207e+02
  1.971873e+01,  2.232020e+02
  2.192534e+01,  2.283895e+02
  2.246650e+01,  2.271736e+02
  2.156874e+01,  2.207499e+02
  2.036092e+01,  2.121318e+02
  1.917560e+01,  2.045040e+02
  1.800714e+01,  1.970575e+02
  1.787035e+01,  1.869772e+02
  1.959074e+01,  1.777893e+02
  2.203788e+01,  1.737342e+02
  2.424263e+01,  1.734509e+02
  2.700781e+01,  1.741975e+02
  2.862946e+01,  1.731806e+02
  2.892487e+01,  1.714556e+02
  2.794554e+01,  1.699028e+02
  2.597286e+01,  1.685515e+02
  2.355413e+01,  1.668111e+02
  2.234115e+01,  1.660892e+02
  2.184515e+01,  1.669009e+02
  2.173292e+01,  1.701147e+02
  2.194552e+01,  1.758906e+02
  2.236321e+01,  1.829095e+02
  2.258009e+01,  1.893587e+02
  2.245270e+01,  1.937385e+02
  2.190898e+01,  1.954316e+02
  2.050445e+01,  1.926324e+02
  1.853876e+01,  1.832334e+02
  1.752173e+01,  1.670516e+02
  1.818528e+01,  1.497671e+02
  1.977916e+01,  1.355012e+02
  2.138513e+01,  1.255787e+02
  2.246942e+01,  1.199683e+02
  2.293704e+01,  1.187758e+02
  2.309108e+01,  1.217134e+02
  2.336652e+01,  1.280242e+02
  2.392999e+01,  1.364215e+02
  2.462910e+01,  1.451356e+02
  2.526919e+01,  1.514830e+02
  2.549478e+01,  1.541398e+02
  2.490060e+01,  1.532044e+02
  2.358684e+01,  1.508693e+02
  2.246737e+01,  1.490397e+02
  2.181859e+01,  1.455976e+02
  2.108066e+01,  1.373788e+02
  2.048895e+01,  1.263088e+02
  2.080162e+01,  1.167388e+02
  2.207214e+01,  1.073516e+02
  2.375890e+01,  9.770748e+01
  2.467116e+01,  9.254357e+01
  2.444049e+01,  9.556505e+01
  2.409491e+01,  1.031786e+02
  2.311615e+01,  1.080316e+02
  2.120244e+01,  1.076794e+02
  1.998709e+01,  1.040026e+02
  2.057228e+01,  9.959014e+01
  2.218903e+01,  9.602950e+01
  2.368809e+01,  9.256349e+01
  2.477564e+01,  8.839986e+01
  2.549000e+01,  8.329537e+01
  2.537631e+01,  7.866244e+01
  2.447496e+01,  7.617829e+01
  2.377296e+01,  7.643135e+01
  2.401431e+01,  7.797714e+01
  2.447297e+01,  7.946542e+01
  2.410398e+01,  8.158034e+01
  2.294054e+01,  8.485160e+01
  2.143759e+01,  8.781150e+01
  1.994879e+01,  8.903335e+01
  1.895174e+01,  8.886170e+01
  1.856727e+01,  8.701170e+01
  1.823498e+01,  8.252313e+01
  1.732633e+01,  7.641191e+01
  1.582523e+01,  7.145721e+01
  1.433222e+01,  6.785760e+01
  1.361086e+01,  6.213070e+01
  1.371770e+01,  5.227889e+01
  1.421052e+01,  3.990400e+01
  1.526460e+01,  2.778534e+01
  1.769326e+01,  1.895837e+01
  2.127680e+01,  1.507761e+01
  2.499162e+01,  1.508334e+01
  2.895844e+01,  1.822666e+01
  3.046414e+01,  2.291687e+01
  2.856377e+01,  2.997937e+01
  2.355650e+01,  4.064974e+01
  2.029605e+01,  5.561724e+01
  1.881574e+01,  6.962933e+01
  1.758854e+01,  8.267007e+01
  1.638432e+01,  9.503027e+01
  1.495966e+01,  9.937280e+01
  1.288981e+01,  9.361056e+01
  1.089449e+01,  8.341220e+01
  9.807279e+00,  7.082075e+01
  1.050989e+01,  5.326082e+01
  1.325587e+01,  3.446253e+01
  1.688627e+01,  2.111191e+01
  1.969868e+01,  1.294757e+01
  2.092084e+01,  8.346041e+00
  2.095410e+01,  5.666385e+00
  2.043696e+01,  3.942145e+00
  2.008316e+01,  3.353341e+00
  2.031258e+01,  5.291868e+00
  2.054785e+01,  8.333984e+00
  2.009355e+01,  9.860238e+00
  1.950938e+01,  9.505364e+00
  1.946635e+01,  8.608736e+00
  1.963809e+01,  8.521899e+00
  1.948550e+01,  9.227268e+00
  1.927218e+01,  1.035772e+01
  1.975790e+01,  1.051357e+01
  2.130636e+01,  9.835210e+00
  2.349196e+01,  9.442951e+00
  2.623010e+01,  9.590751e+00
  2.940030e+01,  1.006143e+01
  3.181287e+01,  9.855224e+00
  3.289772e+01,  8.883273e+00
  3.269334e+01,  6.115515e+00
  3.065918e+01,  1.196097e+00
  2.608622e+01,  3.532037e+02
  2.146891e+01,  3.416067e+02
  1.948181e+01,  3.281468e+02
  1.992288e+01,  3.168525e+02
  2.141171e+01,  3.096074e+02
  2.289660e+01,  3.062724e+02
  2.379448e+01,  3.069672e+02
  2.376430e+01,  3.117309e+02
  2.269151e+01,  3.190862e+02
  2.095703e+01,  3.268807e+02
  1.958444e+01,  3.334611e+02
  1.946134e+01,  3.384040e+02
  2.024482e+01,  3.428378e+02
  2.105652e+01,  3.471218e+02
  2.171872e+01,  3.493166e+02
  2.175900e+01,  3.460573e+02
  2.056254e+01,  3.366928e+02
  1.879579e+01,  3.237793e+02
  1.723111e+01,  3.098508e+02
  1.612292e+01,  2.941327e+02
  1.609177e+01,  2.771031e+02
  1.680279e+01,  2.658321e+02
  1.727579e+01,  2.644006e+02
  1.779627e+01,  2.700906e+02
  1.858608e+01,  2.779480e+02
  1.959015e+01,  2.855994e+02
  2.118922e+01,  2.933273e+02
  2.332955e+01,  2.999940e+02
  2.484529e+01,  3.048489e+02
  2.488317e+01,  3.076547e+02
  2.410679e+01,  3.087360e+02
  2.366414e+01,  3.091831e+02
  2.318144e+01,  3.084319e+02
  2.210290e+01,  3.041411e+02
  2.124109e+01,  2.974463e+02
  2.117260e+01,  2.908241e+02
  2.128827e+01,  2.847252e+02
  2.068064e+01,  2.787019e+02
  1.881816e+01,  2.738002e+02
  1.623472e+01,  2.708762e+02
  1.394079e+01,  2.716133e+02
  1.242875e+01,  2.746507e+02
  1.197810e+01,  2.734846e+02
  1.310139e+01,  2.671727e+02
  1.571954e+01,  2.618528e+02
  1.886419e+01,  2.597815e+02
  2.245140e+01,  2.585890e+02
  2.820136e+01,  2.593566e+02
  3.377053e+01,  2.612004e+02
  3.663390e+01,  2.646293e+02
  3.052449e+01,  2.651225e+02
  1.097279e+01,  2.490219e+02
  3.947560e+00,  3.724200e+01
  5.340560e-01,  4.463829e+01
##END=