##TITLE= twqubit_C2180_H_25000_NoBufferfix9
##JCAMP-DX= 5.00 Bruker JCAMP library
##DATA TYPE= Shape Data
##ORIGIN= Colm Fixed Pulses 
##OWNER= d29lu
##DATE= 18-May-2015
##TIME= 19:2
##MINX= 1.770622e-01
##MAXX= 3.302751e+01
##MINY= 2.663544e+00
##MAXY= 3.573667e+02
##$SHAPE_EXMODE= None
##$SHAPE_TOTROT= 9.000000e+01
##$SHAPE_BWFAC= 1.000000e+00
##$SHAPE_INTEGFAC= 1.000000e+00
##$SHAPE_MODE= 1
##NPOINTS= 200
##XYPOINTS= (XY..XY)
  1.770622e-01,  3.520351e+02
  1.122105e+00,  2.324626e+02
  1.966547e+00,  2.013955e+02
  3.318426e+00,  1.048828e+02
  8.834658e+00,  7.401851e+01
  1.498416e+01,  6.482463e+01
  2.066620e+01,  6.077141e+01
  2.561148e+01,  5.948989e+01
  2.869777e+01,  5.928374e+01
  2.987492e+01,  6.131143e+01
  2.943191e+01,  6.598203e+01
  2.792945e+01,  7.326091e+01
  2.613798e+01,  8.105115e+01
  2.393343e+01,  8.630096e+01
  2.221405e+01,  8.980990e+01
  1.986887e+01,  9.136730e+01
  1.641252e+01,  8.987625e+01
  1.249605e+01,  8.480719e+01
  9.222276e+00,  7.503182e+01
  6.825078e+00,  5.721476e+01
  6.383739e+00,  2.388389e+01
  8.919182e+00,  3.573667e+02
  1.258681e+01,  3.445054e+02
  1.574321e+01,  3.338113e+02
  1.762049e+01,  3.233571e+02
  1.850357e+01,  3.131086e+02
  1.881791e+01,  3.047648e+02
  1.872073e+01,  2.989330e+02
  1.852980e+01,  2.958336e+02
  1.821527e+01,  2.928607e+02
  1.737582e+01,  2.857410e+02
  1.634052e+01,  2.748306e+02
  1.548372e+01,  2.656982e+02
  1.458439e+01,  2.614299e+02
  1.356423e+01,  2.623036e+02
  1.261120e+01,  2.689653e+02
  1.244838e+01,  2.804186e+02
  1.354696e+01,  2.906365e+02
  1.527657e+01,  2.967984e+02
  1.689033e+01,  2.992566e+02
  1.770189e+01,  3.002502e+02
  1.717508e+01,  3.032001e+02
  1.552224e+01,  3.100053e+02
  1.333023e+01,  3.198810e+02
  1.065108e+01,  3.313195e+02
  7.551333e+00,  3.443357e+02
  4.842810e+00,  7.305554e+00
  3.849660e+00,  4.096984e+01
  3.727252e+00,  5.874825e+01
  3.434709e+00,  6.306097e+01
  3.134950e+00,  7.040641e+01
  2.056474e+00,  8.382179e+01
  1.417736e+00,  2.410227e+02
  6.591331e+00,  2.642039e+02
  1.255616e+01,  2.667745e+02
  1.902231e+01,  2.654661e+02
  2.597684e+01,  2.644760e+02
  3.129652e+01,  2.620568e+02
  3.302751e+01,  2.586663e+02
  3.134170e+01,  2.556233e+02
  2.685871e+01,  2.535428e+02
  2.048502e+01,  2.534359e+02
  1.425632e+01,  2.596753e+02
  9.176630e+00,  2.780808e+02
  6.631495e+00,  3.174340e+02
  8.224056e+00,  2.663544e+00
  1.224875e+01,  2.291208e+01
  1.500887e+01,  2.759527e+01
  1.461147e+01,  2.813057e+01
  1.194090e+01,  2.891447e+01
  8.615672e+00,  2.953681e+01
  5.352689e+00,  3.028414e+01
  2.778744e+00,  3.445192e+01
  1.741943e+00,  4.847811e+01
  2.118047e+00,  4.454994e+01
  3.272130e+00,  2.988375e+01
  4.791716e+00,  2.304217e+01
  6.621240e+00,  2.254716e+01
  8.710664e+00,  2.398877e+01
  1.111011e+01,  2.660359e+01
  1.422051e+01,  3.290405e+01
  1.818822e+01,  4.361645e+01
  2.222008e+01,  5.492102e+01
  2.463858e+01,  6.454619e+01
  2.425218e+01,  7.008628e+01
  2.217375e+01,  6.983571e+01
  2.036748e+01,  6.532838e+01
  1.841565e+01,  6.171354e+01
  1.515422e+01,  5.861186e+01
  1.157933e+01,  5.174759e+01
  8.594175e+00,  3.720913e+01
  6.137943e+00,  1.056491e+01
  6.657240e+00,  3.318302e+02
  9.874820e+00,  3.185243e+02
  1.295249e+01,  3.180787e+02
  1.506573e+01,  3.188017e+02
  1.618709e+01,  3.183902e+02
  1.564296e+01,  3.144274e+02
  1.071162e+01,  2.950061e+02
  3.675944e+00,  2.440965e+02
  7.621768e+00,  2.336778e+02
  9.134770e+00,  2.263012e+02
  7.969405e+00,  2.105021e+02
  6.548834e+00,  1.739210e+02
  7.653227e+00,  1.323365e+02
  1.054893e+01,  1.047009e+02
  1.405847e+01,  8.848546e+01
  1.713425e+01,  7.929365e+01
  1.951020e+01,  7.310492e+01
  2.116645e+01,  7.086177e+01
  2.191543e+01,  7.433918e+01
  2.206099e+01,  8.067617e+01
  2.185257e+01,  8.495823e+01
  2.131278e+01,  8.591989e+01
  2.065187e+01,  8.578465e+01
  1.923220e+01,  8.399240e+01
  1.630982e+01,  7.805258e+01
  1.287801e+01,  7.055079e+01
  9.616620e+00,  6.723161e+01
  6.267975e+00,  6.930415e+01
  3.088776e+00,  7.407238e+01
  9.753210e-01,  1.182994e+02
  2.252066e+00,  2.085288e+02
  4.480679e+00,  2.331489e+02
  6.854381e+00,  2.487341e+02
  8.935373e+00,  2.586627e+02
  1.032139e+01,  2.633568e+02
  1.077617e+01,  2.633650e+02
  1.076758e+01,  2.590391e+02
  1.098868e+01,  2.534918e+02
  1.128135e+01,  2.499563e+02
  1.113821e+01,  2.488542e+02
  1.077085e+01,  2.512345e+02
  1.084133e+01,  2.584285e+02
  1.154193e+01,  2.683535e+02
  1.225976e+01,  2.776762e+02
  1.270938e+01,  2.851505e+02
  1.315936e+01,  2.903618e+02
  1.361431e+01,  2.927063e+02
  1.360769e+01,  2.920871e+02
  1.267286e+01,  2.892247e+02
  1.086132e+01,  2.866420e+02
  8.888614e+00,  2.890043e+02
  7.369354e+00,  2.967624e+02
  5.745632e+00,  3.022629e+02
  3.232431e+00,  2.936481e+02
  1.534935e+00,  2.049888e+02
  4.234074e+00,  1.624661e+02
  6.994913e+00,  1.569400e+02
  9.119148e+00,  1.563690e+02
  1.006076e+01,  1.603016e+02
  9.582208e+00,  1.757263e+02
  9.736484e+00,  2.071452e+02
  1.243949e+01,  2.358160e+02
  1.621269e+01,  2.520268e+02
  2.014710e+01,  2.623577e+02
  2.361838e+01,  2.685624e+02
  2.642577e+01,  2.722352e+02
  2.704986e+01,  2.724781e+02
  2.648173e+01,  2.705730e+02
  2.512998e+01,  2.670965e+02
  2.340869e+01,  2.629691e+02
  2.129862e+01,  2.602398e+02
  1.836855e+01,  2.583919e+02
  1.484495e+01,  2.551082e+02
  1.097204e+01,  2.498868e+02
  7.206404e+00,  2.415489e+02
  4.490247e+00,  2.294551e+02
  3.731343e+00,  2.118290e+02
  4.440041e+00,  1.998849e+02
  5.511796e+00,  1.940520e+02
  6.537151e+00,  1.897030e+02
  7.196337e+00,  1.851250e+02
  6.880814e+00,  1.756244e+02
  5.866333e+00,  1.538214e+02
  5.735681e+00,  1.218067e+02
  6.666263e+00,  9.708748e+01
  8.065127e+00,  8.072327e+01
  9.768774e+00,  7.007867e+01
  1.160042e+01,  6.351590e+01
  1.386645e+01,  6.020542e+01
  1.701493e+01,  6.171138e+01
  2.084005e+01,  6.725132e+01
  2.392754e+01,  7.532951e+01
  2.461816e+01,  8.394589e+01
  2.309275e+01,  9.135680e+01
  2.095649e+01,  9.648199e+01
  1.873092e+01,  1.008670e+02
  1.598768e+01,  1.061449e+02
  1.270860e+01,  1.112954e+02
  9.262175e+00,  1.143339e+02
  5.693845e+00,  1.180758e+02
  2.088511e+00,  1.267359e+02
  1.162603e+00,  2.833801e+02
  3.009930e+00,  3.052782e+02
  3.802890e+00,  3.046678e+02
  4.375735e+00,  2.917936e+02
  3.723354e+00,  2.575241e+02
  3.591120e+00,  1.596309e+02
  4.605291e-01,  1.050687e+02
##END=