##TITLE= twqubit_C134690andH90_H_25000_NoBufferfix5
##JCAMP-DX= 5.00 Bruker JCAMP library
##DATA TYPE= Shape Data
##ORIGIN= Colm Fixed Pulses 
##OWNER= d29lu
##DATE= 18-May-2015
##TIME= 18:45
##MINX= 1.152255e+00
##MAXX= 3.267248e+01
##MINY= 1.133821e+00
##MAXY= 3.590619e+02
##$SHAPE_EXMODE= None
##$SHAPE_TOTROT= 9.000000e+01
##$SHAPE_BWFAC= 1.000000e+00
##$SHAPE_INTEGFAC= 1.000000e+00
##$SHAPE_MODE= 1
##NPOINTS= 100
##XYPOINTS= (XY..XY)
  4.547470e+00,  3.780743e+01
  6.668628e+00,  1.268878e+02
  1.957147e+01,  1.512798e+02
  2.655542e+01,  1.556705e+02
  2.829020e+01,  1.591227e+02
  2.765014e+01,  1.627513e+02
  2.497094e+01,  1.647079e+02
  2.091493e+01,  1.644184e+02
  1.633097e+01,  1.643078e+02
  1.133806e+01,  1.656426e+02
  6.157683e+00,  1.696962e+02
  1.152255e+00,  2.113267e+02
  4.788552e+00,  3.289493e+02
  9.064347e+00,  3.339783e+02
  1.213524e+01,  3.344498e+02
  1.421105e+01,  3.323610e+02
  1.571813e+01,  3.302378e+02
  1.682419e+01,  3.284999e+02
  1.737928e+01,  3.268314e+02
  1.738226e+01,  3.242779e+02
  1.700973e+01,  3.209701e+02
  1.646555e+01,  3.175251e+02
  1.585025e+01,  3.141230e+02
  1.517225e+01,  3.100704e+02
  1.460877e+01,  3.041908e+02
  1.449029e+01,  2.979439e+02
  1.468506e+01,  2.943252e+02
  1.467615e+01,  2.945001e+02
  1.416292e+01,  2.975989e+02
  1.320575e+01,  3.025507e+02
  1.199898e+01,  3.096152e+02
  1.063345e+01,  3.186046e+02
  9.310480e+00,  3.308527e+02
  8.533505e+00,  3.441106e+02
  8.199697e+00,  3.540117e+02
  7.698798e+00,  1.133821e+00
  6.925340e+00,  1.003275e+01
  6.203858e+00,  2.176403e+01
  5.536015e+00,  3.204569e+01
  4.534333e+00,  4.037979e+01
  3.159401e+00,  4.744000e+01
  1.455941e+00,  6.054229e+01
  1.482101e+00,  1.839641e+02
  4.686719e+00,  2.092801e+02
  8.459256e+00,  2.156566e+02
  1.235700e+01,  2.201387e+02
  1.613998e+01,  2.230123e+02
  1.937042e+01,  2.260152e+02
  2.164763e+01,  2.281451e+02
  2.277038e+01,  2.291214e+02
  2.274213e+01,  2.286995e+02
  2.204670e+01,  2.272224e+02
  2.119128e+01,  2.254471e+02
  2.036666e+01,  2.236282e+02
  1.933418e+01,  2.225893e+02
  1.764051e+01,  2.228300e+02
  1.533069e+01,  2.248174e+02
  1.260806e+01,  2.297538e+02
  9.640805e+00,  2.388554e+02
  6.752396e+00,  2.575377e+02
  5.126740e+00,  2.937946e+02
  5.622531e+00,  3.321530e+02
  6.828560e+00,  3.559374e+02
  8.145317e+00,  1.192422e+01
  9.831822e+00,  2.035297e+01
  1.137665e+01,  2.243665e+01
  1.185034e+01,  2.119250e+01
  1.115452e+01,  1.771543e+01
  1.019368e+01,  1.078005e+01
  9.514341e+00,  3.589933e+02
  9.255118e+00,  3.425674e+02
  9.686595e+00,  3.249097e+02
  1.068199e+01,  3.118517e+02
  1.198581e+01,  3.038864e+02
  1.370759e+01,  2.990585e+02
  1.581195e+01,  2.970982e+02
  1.790005e+01,  2.966244e+02
  1.953160e+01,  2.968775e+02
  2.052170e+01,  2.984132e+02
  2.099687e+01,  3.016429e+02
  2.091097e+01,  3.067228e+02
  2.015792e+01,  3.131697e+02
  1.891768e+01,  3.209255e+02
  1.750569e+01,  3.304483e+02
  1.617588e+01,  3.412005e+02
  1.497481e+01,  3.515652e+02
  1.339625e+01,  3.590619e+02
  1.065728e+01,  4.316670e+00
  6.672924e+00,  1.108969e+01
  2.802223e+00,  4.570412e+01
  4.252984e+00,  1.266580e+02
  8.537838e+00,  1.427886e+02
  1.339692e+01,  1.487910e+02
  1.863047e+01,  1.540598e+02
  2.360037e+01,  1.585037e+02
  2.878246e+01,  1.635492e+02
  3.206961e+01,  1.681743e+02
  3.267248e+01,  1.729265e+02
  2.113167e+01,  1.760228e+02
  2.748590e+00,  1.388610e+01
##END=