##TITLE= twqubit_C290_C_25000_NoBuffer
##JCAMP-DX= 5.00 Bruker JCAMP library
##DATA TYPE= Shape Data
##ORIGIN= Colm's GRAPE Pulses 
##OWNER= Dawei.Lu
##DATE= 11-May-2015
##TIME= 12:58
##MINX= 1.871136e+00
##MAXX= 3.782461e+01
##MINY= 3.234868e-01
##MAXY= 3.551542e+02
##$SHAPE_EXMODE= None
##$SHAPE_TOTROT= 9.000000e+01
##$SHAPE_BWFAC= 1.000000e+00
##$SHAPE_INTEGFAC= 1.000000e+00
##$SHAPE_MODE= 1
##PULSE_WIDTH= 1000
##Calibration_Power= 25000
##NPOINTS= 100
##XYPOINTS= (XY..XY)
  1.871136e+00,  1.070695e+02
  1.338299e+01,  1.555841e+02
  2.792554e+01,  2.189108e+02
  3.782461e+01,  2.521785e+02
  2.567827e+01,  2.579580e+02
  1.882073e+01,  2.409912e+02
  8.278024e+00,  2.060372e+02
  9.810616e+00,  7.154668e+01
  2.195433e+01,  3.713391e+01
  2.699832e+01,  1.315441e+01
  2.122039e+01,  3.551542e+02
  1.372712e+01,  2.930815e+02
  2.307898e+01,  2.440422e+02
  2.094854e+01,  2.231485e+02
  9.390188e+00,  1.801339e+02
  8.104151e+00,  7.041767e+01
  1.700775e+01,  1.302098e+01
  1.999333e+01,  9.899864e+00
  6.592155e+00,  6.405008e+01
  1.779562e+01,  1.914859e+02
  2.298948e+01,  2.184473e+02
  7.701540e+00,  2.624782e+02
  1.602215e+01,  4.902097e+01
  2.250368e+01,  6.681508e+01
  1.418341e+01,  5.516508e+01
  1.198762e+01,  3.346990e+01
  1.638378e+01,  6.239094e+01
  1.925423e+01,  8.249821e+01
  8.149603e+00,  7.242016e+01
  1.499009e+01,  3.128068e+02
  2.511635e+01,  2.997760e+02
  1.932747e+01,  2.725895e+02
  1.892289e+01,  2.298473e+02
  1.815135e+01,  2.362232e+02
  1.475998e+01,  2.969447e+02
  2.053091e+01,  3.500436e+02
  1.885711e+01,  1.880807e+01
  1.028347e+01,  4.928602e+01
  4.786372e+00,  6.438556e+01
  1.191682e+01,  6.750848e+00
  2.884316e+01,  8.645947e+00
  3.237671e+01,  2.345685e+01
  1.472654e+01,  5.915978e+01
  1.666273e+01,  1.910453e+02
  2.640072e+01,  2.216740e+02
  1.267094e+01,  2.430888e+02
  1.210156e+01,  6.698731e+01
  2.445925e+01,  8.838788e+01
  1.492510e+01,  1.174330e+02
  1.174713e+01,  2.483615e+02
  2.573811e+01,  2.803576e+02
  2.492147e+01,  2.792653e+02
  1.933440e+01,  2.553672e+02
  1.050392e+01,  2.489017e+02
  7.239231e+00,  2.219541e+01
  1.606624e+01,  3.586379e+01
  1.084572e+01,  1.941058e+01
  9.303077e+00,  2.987919e+02
  1.668839e+01,  2.739097e+02
  1.549790e+01,  2.595183e+02
  6.557311e+00,  2.204717e+02
  8.663996e+00,  8.892952e+01
  1.992276e+01,  5.976620e+01
  2.621320e+01,  4.707062e+01
  2.025239e+01,  4.851193e+01
  4.619077e+00,  1.428975e+02
  2.341523e+01,  2.186550e+02
  3.107894e+01,  2.325956e+02
  2.053962e+01,  2.578107e+02
  1.276033e+01,  3.462425e+02
  1.801744e+01,  4.146439e+01
  1.000253e+01,  8.660733e+01
  1.082070e+01,  2.009322e+02
  1.671508e+01,  2.252965e+02
  1.133583e+01,  2.208263e+02
  4.235921e+00,  1.615735e+02
  5.620861e+00,  9.843113e+01
  3.286316e+00,  1.120014e+02
  5.179000e+00,  2.145385e+02
  1.107956e+01,  2.290737e+02
  1.474106e+01,  2.390891e+02
  1.879500e+01,  2.551920e+02
  2.604466e+01,  2.608109e+02
  3.307673e+01,  2.549823e+02
  3.314429e+01,  2.501997e+02
  2.301020e+01,  2.402681e+02
  1.297676e+01,  1.917949e+02
  1.211008e+01,  1.308928e+02
  9.780919e+00,  6.089152e+01
  1.491896e+01,  3.234868e-01
  1.457978e+01,  3.288961e+02
  6.832191e+00,  2.579597e+02
  1.606114e+01,  1.748763e+02
  2.479228e+01,  1.550974e+02
  2.708125e+01,  1.409269e+02
  2.827944e+01,  1.449950e+02
  2.836401e+01,  1.792573e+02
  2.615811e+01,  2.384443e+02
  1.706703e+01,  3.280846e+02
  3.977210e+00,  1.171293e+02
##END=
