##TITLE= twqubit_C1234690withPC_C_25000_NoBufferfix10
##JCAMP-DX= 5.00 Bruker JCAMP library
##DATA TYPE= Shape Data
##ORIGIN= Colm Fixed Pulses 
##OWNER= d29lu
##DATE= 18-May-2015
##TIME= 17:11
##MINX= 4.044652e-01
##MAXX= 2.768748e+01
##MINY= 1.478344e+00
##MAXY= 3.598891e+02
##$SHAPE_EXMODE= None
##$SHAPE_TOTROT= 9.000000e+01
##$SHAPE_BWFAC= 1.000000e+00
##$SHAPE_INTEGFAC= 1.000000e+00
##$SHAPE_MODE= 1
##NPOINTS= 100
##XYPOINTS= (XY..XY)
  4.044652e-01,  2.027010e+02
  6.856918e+00,  3.219267e+00
  1.810004e+01,  2.849729e+01
  2.090993e+01,  4.995652e+01
  1.190600e+01,  6.508032e+01
  5.453595e+00,  1.914039e+02
  1.772802e+01,  2.244125e+02
  1.903765e+01,  2.259425e+02
  9.647466e+00,  2.231563e+02
  2.893231e+00,  3.528906e+02
  1.376224e+01,  3.950796e+00
  2.178136e+01,  3.569311e+02
  2.300642e+01,  3.598891e+02
  1.490443e+01,  1.891223e+01
  5.079562e+00,  9.154869e+01
  8.220640e+00,  1.916023e+02
  1.017999e+01,  2.574379e+02
  1.508403e+01,  3.292896e+02
  2.182162e+01,  1.717364e+01
  2.309790e+01,  5.479995e+01
  1.936904e+01,  9.313565e+01
  1.292654e+01,  1.326313e+02
  6.760196e+00,  1.839109e+02
  4.797157e+00,  2.283025e+02
  3.615720e+00,  1.902702e+02
  8.747767e+00,  1.495566e+02
  1.178245e+01,  1.406100e+02
  7.453859e+00,  1.150161e+02
  8.706892e+00,  2.608852e+01
  1.920559e+01,  1.478344e+00
  2.410573e+01,  3.524196e+02
  2.114063e+01,  3.449268e+02
  1.272810e+01,  3.260241e+02
  5.893310e+00,  2.818410e+02
  1.228322e+00,  2.162394e+02
  7.104458e+00,  7.789201e+01
  1.540980e+01,  7.094532e+01
  1.699162e+01,  6.389633e+01
  1.196875e+01,  5.227104e+01
  5.207387e+00,  6.219964e+01
  6.474589e+00,  1.214870e+02
  9.168011e+00,  1.222784e+02
  5.557950e+00,  8.225138e+01
  7.820832e+00,  3.594674e+02
  1.080889e+01,  3.375366e+02
  3.903601e+00,  3.439431e+02
  9.920128e+00,  1.105026e+02
  2.247572e+01,  1.097666e+02
  2.768748e+01,  9.707358e+01
  2.714111e+01,  8.013872e+01
  2.248507e+01,  7.063252e+01
  1.307975e+01,  9.124756e+01
  1.414376e+01,  1.661834e+02
  2.245893e+01,  1.985764e+02
  2.149286e+01,  2.193809e+02
  1.155177e+01,  2.545433e+02
  9.254762e+00,  3.537671e+02
  1.497190e+01,  3.561973e+01
  1.079156e+01,  4.366548e+01
  2.539624e+00,  3.477348e+02
  6.567225e+00,  2.713976e+02
  5.500018e+00,  2.608503e+02
  1.067963e+00,  1.193728e+02
  8.497745e+00,  8.118439e+01
  1.360810e+01,  7.010180e+01
  1.523220e+01,  5.762098e+01
  1.214720e+01,  5.097678e+01
  4.358805e+00,  8.608869e+01
  9.878539e+00,  1.846518e+02
  1.732691e+01,  2.078250e+02
  1.825907e+01,  2.258579e+02
  1.570477e+01,  2.521861e+02
  1.299945e+01,  2.891707e+02
  9.862567e+00,  3.362915e+02
  9.998987e+00,  4.234375e+01
  1.324933e+01,  8.236355e+01
  9.866888e+00,  1.021271e+02
  3.295439e+00,  2.055231e+02
  1.572164e+01,  2.595932e+02
  2.371832e+01,  2.613662e+02
  2.457393e+01,  2.552840e+02
  2.108091e+01,  2.530838e+02
  1.501578e+01,  2.634344e+02
  9.403323e+00,  2.928070e+02
  7.661575e+00,  3.334233e+02
  7.348484e+00,  3.539668e+02
  7.349193e+00,  3.543942e+02
  9.278132e+00,  3.505452e+02
  1.187340e+01,  3.498162e+02
  1.218653e+01,  3.446502e+02
  8.939945e+00,  3.201464e+02
  8.916725e+00,  2.591494e+02
  1.312980e+01,  2.294514e+02
  8.377418e+00,  2.011188e+02
  1.035664e+01,  1.068331e+02
  2.020406e+01,  9.888675e+01
  1.541665e+01,  1.154429e+02
  1.058841e+01,  2.303404e+02
  1.678427e+01,  2.714338e+02
  4.026658e+00,  5.616062e+01
##END=