##TITLE= twqubit_C57180_H_25000_NoBufferfix4
##JCAMP-DX= 5.00 Bruker JCAMP library
##DATA TYPE= Shape Data
##ORIGIN= Colm Fixed Pulses 
##OWNER= d29lu
##DATE= 18-May-2015
##TIME= 19:14
##MINX= 3.397618e-01
##MAXX= 2.602132e+01
##MINY= 1.843750e+00
##MAXY= 3.593237e+02
##$SHAPE_EXMODE= None
##$SHAPE_TOTROT= 9.000000e+01
##$SHAPE_BWFAC= 1.000000e+00
##$SHAPE_INTEGFAC= 1.000000e+00
##$SHAPE_MODE= 1
##NPOINTS= 200
##XYPOINTS= (XY..XY)
  3.429259e-01,  3.301605e+02
  3.794488e+00,  2.058716e+01
  9.424479e+00,  1.843942e+01
  1.229689e+01,  1.680703e+01
  1.321584e+01,  1.471435e+01
  1.329838e+01,  1.419397e+01
  1.271974e+01,  1.285032e+01
  1.186420e+01,  9.448562e+00
  1.084471e+01,  5.898822e+00
  9.290675e+00,  6.122227e+00
  7.035996e+00,  1.274563e+01
  4.518922e+00,  2.882666e+01
  2.604689e+00,  6.810479e+01
  3.151475e+00,  1.310520e+02
  5.584845e+00,  1.551308e+02
  8.413345e+00,  1.622672e+02
  1.096763e+01,  1.661641e+02
  1.313718e+01,  1.688075e+02
  1.531233e+01,  1.697587e+02
  1.783038e+01,  1.675697e+02
  2.036306e+01,  1.623954e+02
  2.238280e+01,  1.554750e+02
  2.378868e+01,  1.474220e+02
  2.482750e+01,  1.392914e+02
  2.602132e+01,  1.328281e+02
  2.570129e+01,  1.268824e+02
  2.397637e+01,  1.211695e+02
  2.199374e+01,  1.173767e+02
  1.936247e+01,  1.152850e+02
  1.624866e+01,  1.144005e+02
  1.271353e+01,  1.139633e+02
  8.839206e+00,  1.134287e+02
  4.788846e+00,  1.125113e+02
  6.545332e-01,  9.734450e+01
  3.531319e+00,  2.911766e+02
  7.427053e+00,  2.908072e+02
  1.088569e+01,  2.893713e+02
  1.394048e+01,  2.872827e+02
  1.657162e+01,  2.850491e+02
  1.864379e+01,  2.813204e+02
  1.993057e+01,  2.758596e+02
  2.033923e+01,  2.700223e+02
  2.026732e+01,  2.640031e+02
  1.991392e+01,  2.580465e+02
  1.906180e+01,  2.527819e+02
  1.772561e+01,  2.496512e+02
  1.655823e+01,  2.491895e+02
  1.583470e+01,  2.509154e+02
  1.541838e+01,  2.542260e+02
  1.524713e+01,  2.587076e+02
  1.491453e+01,  2.630753e+02
  1.384331e+01,  2.669460e+02
  1.222092e+01,  2.718202e+02
  1.058758e+01,  2.774200e+02
  8.840150e+00,  2.832355e+02
  7.028698e+00,  2.904496e+02
  5.772868e+00,  3.000923e+02
  4.915605e+00,  3.041522e+02
  3.438920e+00,  2.935833e+02
  1.856932e+00,  2.368395e+02
  3.559946e+00,  1.722537e+02
  6.740480e+00,  1.565826e+02
  1.046839e+01,  1.502962e+02
  1.444478e+01,  1.463910e+02
  1.781820e+01,  1.432372e+02
  1.989517e+01,  1.391764e+02
  2.070814e+01,  1.339343e+02
  2.059099e+01,  1.274822e+02
  1.987256e+01,  1.199666e+02
  1.918945e+01,  1.120066e+02
  1.894955e+01,  1.044288e+02
  1.882929e+01,  9.904680e+01
  1.807275e+01,  9.643880e+01
  1.629835e+01,  9.710762e+01
  1.398640e+01,  1.018920e+02
  1.183466e+01,  1.105876e+02
  1.002624e+01,  1.220682e+02
  8.533545e+00,  1.389999e+02
  7.872935e+00,  1.628360e+02
  8.390381e+00,  1.859925e+02
  9.187030e+00,  2.017603e+02
  9.628715e+00,  2.121121e+02
  9.909208e+00,  2.193104e+02
  1.014822e+01,  2.236949e+02
  1.009435e+01,  2.244675e+02
  9.418494e+00,  2.221154e+02
  8.164129e+00,  2.160641e+02
  6.634581e+00,  2.039559e+02
  5.430558e+00,  1.819192e+02
  5.044017e+00,  1.515346e+02
  5.603548e+00,  1.220033e+02
  6.858307e+00,  1.004197e+02
  8.245559e+00,  8.618239e+01
  9.426917e+00,  7.591635e+01
  1.020626e+01,  6.768671e+01
  1.039452e+01,  6.087985e+01
  9.972029e+00,  5.477011e+01
  9.017808e+00,  4.878450e+01
  7.692364e+00,  4.121755e+01
  6.248073e+00,  3.132231e+01
  5.052941e+00,  1.851102e+01
  4.227431e+00,  5.480650e+00
  3.646517e+00,  3.537177e+02
  3.251166e+00,  3.465493e+02
  3.098033e+00,  3.529047e+02
  3.628396e+00,  1.399694e+01
  5.112804e+00,  3.308724e+01
  7.195585e+00,  4.182849e+01
  9.525010e+00,  4.500398e+01
  1.192057e+01,  4.490711e+01
  1.412667e+01,  4.219627e+01
  1.599131e+01,  3.849004e+01
  1.744630e+01,  3.420343e+01
  1.849581e+01,  2.962103e+01
  1.928459e+01,  2.509230e+01
  1.970798e+01,  2.145097e+01
  1.947826e+01,  1.866009e+01
  1.839663e+01,  1.739549e+01
  1.658314e+01,  1.772079e+01
  1.423029e+01,  2.024194e+01
  1.154234e+01,  2.642656e+01
  8.913616e+00,  3.754159e+01
  6.928935e+00,  5.718306e+01
  6.212047e+00,  8.532649e+01
  6.913783e+00,  1.111312e+02
  8.406325e+00,  1.289189e+02
  1.000408e+01,  1.400538e+02
  1.129909e+01,  1.477457e+02
  1.201343e+01,  1.539613e+02
  1.195644e+01,  1.597533e+02
  1.099214e+01,  1.657732e+02
  9.365653e+00,  1.732297e+02
  7.648402e+00,  1.815790e+02
  6.289539e+00,  1.885071e+02
  5.267115e+00,  1.922930e+02
  4.276627e+00,  1.954173e+02
  3.230015e+00,  1.952648e+02
  2.202561e+00,  1.848062e+02
  1.297602e+00,  1.621620e+02
  3.397618e-01,  7.538777e+01
  1.446942e+00,  3.593237e+02
  3.191413e+00,  1.843750e+00
  5.033228e+00,  6.482066e+00
  6.839623e+00,  8.120990e+00
  8.756592e+00,  8.903765e+00
  1.088982e+01,  1.162486e+01
  1.313530e+01,  1.560770e+01
  1.530600e+01,  2.014922e+01
  1.720834e+01,  2.361923e+01
  1.884128e+01,  2.531389e+01
  2.003354e+01,  2.441411e+01
  2.035155e+01,  2.112636e+01
  1.973552e+01,  1.585348e+01
  1.870193e+01,  1.047053e+01
  1.759213e+01,  6.148480e+00
  1.643037e+01,  3.476371e+00
  1.535247e+01,  2.647984e+00
  1.444013e+01,  4.268500e+00
  1.325297e+01,  7.623608e+00
  1.131094e+01,  1.142674e+01
  8.699107e+00,  1.553783e+01
  5.800033e+00,  2.303858e+01
  3.114339e+00,  4.257521e+01
  2.201890e+00,  1.082516e+02
  4.095248e+00,  1.485179e+02
  6.146762e+00,  1.578221e+02
  7.657712e+00,  1.604335e+02
  8.600804e+00,  1.630826e+02
  9.121957e+00,  1.657694e+02
  9.085961e+00,  1.673231e+02
  8.279462e+00,  1.686417e+02
  6.907710e+00,  1.720174e+02
  5.563791e+00,  1.798168e+02
  4.599724e+00,  1.898565e+02
  3.771706e+00,  1.996500e+02
  2.865958e+00,  2.113305e+02
  2.119260e+00,  2.276041e+02
  1.718927e+00,  2.436557e+02
  1.386053e+00,  2.448966e+02
  1.112268e+00,  2.203176e+02
  1.372116e+00,  1.884261e+02
  2.253654e+00,  1.757478e+02
  3.967895e+00,  1.735711e+02
  6.744603e+00,  1.731609e+02
  1.030730e+01,  1.729826e+02
  1.410659e+01,  1.732409e+02
  1.763835e+01,  1.748517e+02
  2.058549e+01,  1.770282e+02
  2.265883e+01,  1.793900e+02
  2.361381e+01,  1.817115e+02
  2.346143e+01,  1.843129e+02
  2.234715e+01,  1.867415e+02
  2.019615e+01,  1.886386e+02
  1.710074e+01,  1.895334e+02
  1.364468e+01,  1.892883e+02
  1.026389e+01,  1.880180e+02
  6.855453e+00,  1.839437e+02
  3.120182e+00,  1.690650e+02
  2.010267e+00,  4.914637e+01
  8.296015e-01,  3.499162e+02
##END=