##TITLE= twqubit_C23456180_H_25000_NoBufferfix10
##JCAMP-DX= 5.00 Bruker JCAMP library
##DATA TYPE= Shape Data
##ORIGIN= Colm Fixed Pulses 
##OWNER= d29lu
##DATE= 18-May-2015
##TIME= 19:37
##MINX= 4.937016e-01
##MAXX= 2.357894e+01
##MINY= 5.893649e-01
##MAXY= 3.586968e+02
##$SHAPE_EXMODE= None
##$SHAPE_TOTROT= 9.000000e+01
##$SHAPE_BWFAC= 1.000000e+00
##$SHAPE_INTEGFAC= 1.000000e+00
##$SHAPE_MODE= 1
##NPOINTS= 200
##XYPOINTS= (XY..XY)
  4.937016e-01,  1.075106e+02
  3.899496e+00,  2.495483e+01
  8.022001e+00,  1.262147e+01
  5.709114e+00,  3.526326e+02
  2.551447e+00,  3.174364e+02
  1.026166e+00,  2.318249e+02
  2.520753e+00,  1.691295e+02
  4.733169e+00,  1.592119e+02
  6.838685e+00,  1.549248e+02
  8.593576e+00,  1.529149e+02
  9.848230e+00,  1.519215e+02
  1.061221e+01,  1.516329e+02
  1.102300e+01,  1.530439e+02
  1.128375e+01,  1.573017e+02
  1.139120e+01,  1.629521e+02
  1.099034e+01,  1.679896e+02
  9.751236e+00,  1.721559e+02
  7.865663e+00,  1.766350e+02
  5.831307e+00,  1.822554e+02
  3.764947e+00,  1.893333e+02
  1.567232e+00,  2.099531e+02
  1.422065e+00,  3.227537e+02
  3.000564e+00,  3.586968e+02
  4.105301e+00,  2.021752e+01
  5.375503e+00,  3.918023e+01
  7.085223e+00,  5.034557e+01
  8.933562e+00,  5.636269e+01
  1.066148e+01,  5.949431e+01
  1.211755e+01,  5.993901e+01
  1.313705e+01,  5.699618e+01
  1.362330e+01,  5.217742e+01
  1.387121e+01,  4.551639e+01
  1.428264e+01,  3.709361e+01
  1.462649e+01,  2.818311e+01
  1.456677e+01,  1.964131e+01
  1.427108e+01,  1.279806e+01
  1.385536e+01,  8.353321e+00
  1.318083e+01,  4.594799e+00
  1.219113e+01,  5.893649e-01
  1.109120e+01,  3.562835e+02
  1.027319e+01,  3.525411e+02
  1.003842e+01,  3.475869e+02
  1.033696e+01,  3.410907e+02
  1.094620e+01,  3.357143e+02
  1.160061e+01,  3.337935e+02
  1.201697e+01,  3.361445e+02
  1.210859e+01,  3.429452e+02
  1.228665e+01,  3.551893e+02
  1.328970e+01,  1.184115e+01
  1.538144e+01,  2.943847e+01
  1.815429e+01,  4.468276e+01
  2.092500e+01,  5.604004e+01
  2.296951e+01,  6.351083e+01
  2.357894e+01,  6.755840e+01
  2.246506e+01,  6.867766e+01
  1.989278e+01,  6.777675e+01
  1.648951e+01,  6.546833e+01
  1.275480e+01,  6.290765e+01
  8.786289e+00,  5.981979e+01
  4.614771e+00,  5.422650e+01
  7.320981e-01,  3.436652e+02
  3.772092e+00,  2.489290e+02
  7.178749e+00,  2.435079e+02
  9.894028e+00,  2.409170e+02
  1.185944e+01,  2.386596e+02
  1.317986e+01,  2.354815e+02
  1.397467e+01,  2.328439e+02
  1.425770e+01,  2.315077e+02
  1.393293e+01,  2.321919e+02
  1.312375e+01,  2.338038e+02
  1.193588e+01,  2.355132e+02
  1.041298e+01,  2.349464e+02
  8.805897e+00,  2.308918e+02
  7.509535e+00,  2.220620e+02
  6.778306e+00,  2.084024e+02
  6.694712e+00,  1.935126e+02
  6.780500e+00,  1.825933e+02
  6.681665e+00,  1.749355e+02
  6.601261e+00,  1.680230e+02
  6.669468e+00,  1.617117e+02
  6.850248e+00,  1.562902e+02
  7.393553e+00,  1.523392e+02
  8.385945e+00,  1.508433e+02
  9.627045e+00,  1.506491e+02
  1.106271e+01,  1.509244e+02
  1.270517e+01,  1.516890e+02
  1.433734e+01,  1.528354e+02
  1.572445e+01,  1.545802e+02
  1.678026e+01,  1.565584e+02
  1.735631e+01,  1.590321e+02
  1.726218e+01,  1.619952e+02
  1.640122e+01,  1.650650e+02
  1.488509e+01,  1.688218e+02
  1.304835e+01,  1.732040e+02
  1.123408e+01,  1.783399e+02
  9.632253e+00,  1.840335e+02
  8.369108e+00,  1.906022e+02
  7.603391e+00,  1.970647e+02
  7.338780e+00,  2.012103e+02
  7.451416e+00,  2.011395e+02
  7.832845e+00,  1.974950e+02
  8.346505e+00,  1.926809e+02
  8.803517e+00,  1.884420e+02
  9.003313e+00,  1.865827e+02
  8.646904e+00,  1.872370e+02
  7.759259e+00,  1.889506e+02
  6.605398e+00,  1.901454e+02
  5.320120e+00,  1.896901e+02
  4.030226e+00,  1.823299e+02
  3.294190e+00,  1.593448e+02
  3.780936e+00,  1.317148e+02
  4.881599e+00,  1.161173e+02
  5.650024e+00,  1.081640e+02
  5.737331e+00,  1.036674e+02
  5.282706e+00,  1.025828e+02
  4.511740e+00,  1.069332e+02
  3.623979e+00,  1.196407e+02
  3.086091e+00,  1.442540e+02
  3.646029e+00,  1.722026e+02
  5.389087e+00,  1.876530e+02
  7.833186e+00,  1.921075e+02
  1.054376e+01,  1.924109e+02
  1.325642e+01,  1.902224e+02
  1.578826e+01,  1.870700e+02
  1.793235e+01,  1.843151e+02
  1.923887e+01,  1.823311e+02
  1.932893e+01,  1.809992e+02
  1.828654e+01,  1.793404e+02
  1.641666e+01,  1.758398e+02
  1.406932e+01,  1.689356e+02
  1.178830e+01,  1.568968e+02
  1.036924e+01,  1.382917e+02
  1.035749e+01,  1.186350e+02
  1.145753e+01,  1.047192e+02
  1.272429e+01,  9.638330e+01
  1.328539e+01,  9.264298e+01
  1.261385e+01,  9.531427e+01
  1.095126e+01,  1.062193e+02
  9.223075e+00,  1.264082e+02
  8.505437e+00,  1.531819e+02
  9.188404e+00,  1.775337e+02
  1.036835e+01,  1.933417e+02
  1.076796e+01,  2.028487e+02
  9.529234e+00,  2.090621e+02
  6.888644e+00,  2.180773e+02
  4.529835e+00,  2.437550e+02
  4.673116e+00,  2.824094e+02
  6.314646e+00,  2.995655e+02
  7.680018e+00,  3.013219e+02
  8.386208e+00,  2.963903e+02
  8.648116e+00,  2.901406e+02
  8.963246e+00,  2.891258e+02
  1.008557e+01,  2.970570e+02
  1.276214e+01,  3.089077e+02
  1.678987e+01,  3.184380e+02
  2.073595e+01,  3.237788e+02
  2.289949e+01,  3.247714e+02
  2.262783e+01,  3.229168e+02
  2.057439e+01,  3.205201e+02
  1.770888e+01,  3.201665e+02
  1.458605e+01,  3.226795e+02
  1.159046e+01,  3.297850e+02
  9.234379e+00,  3.413484e+02
  7.652017e+00,  3.572431e+02
  6.419068e+00,  1.578884e+01
  5.376157e+00,  3.918949e+01
  5.101842e+00,  6.819461e+01
  5.757381e+00,  9.317361e+01
  6.688485e+00,  1.079378e+02
  7.336800e+00,  1.158918e+02
  7.611245e+00,  1.197723e+02
  7.588319e+00,  1.198120e+02
  7.557909e+00,  1.153584e+02
  7.712456e+00,  1.075881e+02
  7.763768e+00,  9.858166e+01
  7.038852e+00,  8.723950e+01
  5.395802e+00,  6.302045e+01
  5.446962e+00,  1.017221e+01
  9.475312e+00,  3.360939e+02
  1.481463e+01,  3.234156e+02
  1.943372e+01,  3.184428e+02
  2.199140e+01,  3.165740e+02
  2.237924e+01,  3.159311e+02
  2.138823e+01,  3.165108e+02
  1.982194e+01,  3.187367e+02
  1.795517e+01,  3.228086e+02
  1.611305e+01,  3.284885e+02
  1.470159e+01,  3.354044e+02
  1.368035e+01,  3.418865e+02
  1.250814e+01,  3.463228e+02
  1.088347e+01,  3.469147e+02
  8.983580e+00,  3.437239e+02
  7.174840e+00,  3.351126e+02
  5.848100e+00,  3.197973e+02
  5.275432e+00,  2.975249e+02
  5.474731e+00,  2.720405e+02
  6.617884e+00,  2.456457e+02
  9.165071e+00,  2.223627e+02
  7.673977e+00,  2.028858e+02
  1.125906e+00,  1.147171e+02
##END=