##TITLE= twqubit_all90_H_25000.txt
##JCAMP-DX= 5.00 Bruker JCAMP library
##DATA TYPE= Shape Data
##ORIGIN= Colm's GRAPE Pulses 
##OWNER= Dawei.Lu
##DATE= 23-Feb-2015
##TIME= 10:3
##MINX= 8.359550e-01
##MAXX= 3.037693e+01
##MINY= 2.213285e+00
##MAXY= 3.578999e+02
##$SHAPE_EXMODE= None
##$SHAPE_TOTROT= 9.000000e+01
##$SHAPE_BWFAC= 1.000000e+00
##$SHAPE_INTEGFAC= 1.000000e+00
##$SHAPE_MODE= 1
##PULSE_WIDTH= 1000
##Calibration_Power= 25000
##NPOINTS= 100
##XYPOINTS= (XY..XY)
  1.105020e+00,  3.009578e+02
  3.058223e+00,  2.768517e+02
  5.607057e+00,  2.810745e+02
  6.659369e+00,  2.990196e+02
  7.494996e+00,  3.114074e+02
  7.938562e+00,  3.203654e+02
  8.048081e+00,  3.290771e+02
  8.160939e+00,  3.361460e+02
  8.286613e+00,  3.402079e+02
  8.218661e+00,  3.444504e+02
  7.894301e+00,  3.524899e+02
  7.499174e+00,  4.469430e+00
  7.287019e+00,  1.770351e+01
  7.394938e+00,  2.936012e+01
  7.837931e+00,  3.883831e+01
  8.663814e+00,  4.711307e+01
  1.005127e+01,  5.393524e+01
  1.206768e+01,  5.784434e+01
  1.439914e+01,  5.858352e+01
  1.657825e+01,  5.720925e+01
  1.839097e+01,  5.484646e+01
  1.982921e+01,  5.212748e+01
  2.079493e+01,  4.910427e+01
  2.110466e+01,  4.565826e+01
  2.060068e+01,  4.198955e+01
  1.915544e+01,  3.846976e+01
  1.679463e+01,  3.522468e+01
  1.381197e+01,  3.201601e+01
  1.062381e+01,  2.808451e+01
  7.548598e+00,  2.141286e+01
  4.814428e+00,  6.515849e+00
  3.029220e+00,  3.287697e+02
  3.435942e+00,  2.773443e+02
  5.047639e+00,  2.528727e+02
  6.532433e+00,  2.439882e+02
  7.511042e+00,  2.423735e+02
  7.871800e+00,  2.441819e+02
  7.521686e+00,  2.472632e+02
  6.460262e+00,  2.528166e+02
  5.016074e+00,  2.668033e+02
  4.052077e+00,  2.980025e+02
  4.639578e+00,  3.372476e+02
  6.509805e+00,  3.411534e+00
  8.888215e+00,  1.895903e+01
  1.139963e+01,  2.936863e+01
  1.379363e+01,  3.715592e+01
  1.601703e+01,  4.339494e+01
  1.822961e+01,  4.812429e+01
  2.035780e+01,  5.065361e+01
  2.202446e+01,  5.045974e+01
  2.295162e+01,  4.758827e+01
  2.312560e+01,  4.224897e+01
  2.272936e+01,  3.474986e+01
  2.185933e+01,  2.619960e+01
  2.029717e+01,  1.825252e+01
  1.783411e+01,  1.180387e+01
  1.458716e+01,  6.642637e+00
  1.087785e+01,  2.213285e+00
  7.060679e+00,  3.578999e+02
  3.456988e+00,  3.499325e+02
  9.301266e-01,  2.767235e+02
  3.038822e+00,  2.056217e+02
  5.369109e+00,  1.984880e+02
  7.285734e+00,  1.965141e+02
  8.841360e+00,  1.961974e+02
  9.977157e+00,  1.969593e+02
  1.069628e+01,  1.990065e+02
  1.129698e+01,  2.024780e+02
  1.203188e+01,  2.064940e+02
  1.286960e+01,  2.101546e+02
  1.380468e+01,  2.137250e+02
  1.487849e+01,  2.176811e+02
  1.593497e+01,  2.216256e+02
  1.676328e+01,  2.247215e+02
  1.728493e+01,  2.264428e+02
  1.747230e+01,  2.266590e+02
  1.729560e+01,  2.253505e+02
  1.674390e+01,  2.224543e+02
  1.584192e+01,  2.177505e+02
  1.462156e+01,  2.107247e+02
  1.314897e+01,  2.006445e+02
  1.173239e+01,  1.874266e+02
  1.068898e+01,  1.733029e+02
  9.813899e+00,  1.608272e+02
  8.858209e+00,  1.486757e+02
  8.040418e+00,  1.341508e+02
  7.446792e+00,  1.185997e+02
  6.448336e+00,  1.055393e+02
  4.305496e+00,  9.566642e+01
  8.359550e-01,  8.399371e+01
  3.776462e+00,  2.650934e+02
  9.281165e+00,  2.586699e+02
  1.535404e+01,  2.530834e+02
  2.133397e+01,  2.487811e+02
  2.630609e+01,  2.464699e+02
  2.947904e+01,  2.462110e+02
  3.037693e+01,  2.475300e+02
  2.825742e+01,  2.496578e+02
  1.757855e+01,  2.501143e+02
  3.869880e+00,  6.312652e+01
##END=
