##TITLE= twqubit_C134690andH90_H_25000_NoBufferfix10
##JCAMP-DX= 5.00 Bruker JCAMP library
##DATA TYPE= Shape Data
##ORIGIN= Colm Fixed Pulses 
##OWNER= d29lu
##DATE= 18-May-2015
##TIME= 18:46
##MINX= 1.150438e+00
##MAXX= 3.268151e+01
##MINY= 1.112849e+00
##MAXY= 3.590594e+02
##$SHAPE_EXMODE= None
##$SHAPE_TOTROT= 9.000000e+01
##$SHAPE_BWFAC= 1.000000e+00
##$SHAPE_INTEGFAC= 1.000000e+00
##$SHAPE_MODE= 1
##NPOINTS= 100
##XYPOINTS= (XY..XY)
  4.547593e+00,  3.782754e+01
  6.670360e+00,  1.268960e+02
  1.956964e+01,  1.512748e+02
  2.655968e+01,  1.556683e+02
  2.829728e+01,  1.591450e+02
  2.765779e+01,  1.627697e+02
  2.499627e+01,  1.647406e+02
  2.091856e+01,  1.644131e+02
  1.633252e+01,  1.643114e+02
  1.133775e+01,  1.656371e+02
  6.158117e+00,  1.696911e+02
  1.150438e+00,  2.112964e+02
  4.787731e+00,  3.289482e+02
  9.065823e+00,  3.339810e+02
  1.213508e+01,  3.344424e+02
  1.421112e+01,  3.323517e+02
  1.571840e+01,  3.302471e+02
  1.682489e+01,  3.285095e+02
  1.737882e+01,  3.268258e+02
  1.738181e+01,  3.242817e+02
  1.700978e+01,  3.209677e+02
  1.646666e+01,  3.175193e+02
  1.585013e+01,  3.141180e+02
  1.517303e+01,  3.100678e+02
  1.460953e+01,  3.041920e+02
  1.449092e+01,  2.979428e+02
  1.468470e+01,  2.943187e+02
  1.467568e+01,  2.945023e+02
  1.416393e+01,  2.976121e+02
  1.320614e+01,  3.025502e+02
  1.199981e+01,  3.096162e+02
  1.063288e+01,  3.185908e+02
  9.310631e+00,  3.308482e+02
  8.533605e+00,  3.441117e+02
  8.198841e+00,  3.540012e+02
  7.699032e+00,  1.112849e+00
  6.924844e+00,  1.003268e+01
  6.204016e+00,  2.176378e+01
  5.535673e+00,  3.207034e+01
  4.534956e+00,  4.037147e+01
  3.158702e+00,  4.742158e+01
  1.456286e+00,  6.056778e+01
  1.481610e+00,  1.840034e+02
  4.684466e+00,  2.092960e+02
  8.458893e+00,  2.156543e+02
  1.235734e+01,  2.201431e+02
  1.613958e+01,  2.230017e+02
  1.937110e+01,  2.260270e+02
  2.164851e+01,  2.281423e+02
  2.276881e+01,  2.291185e+02
  2.274232e+01,  2.286926e+02
  2.204724e+01,  2.272134e+02
  2.119343e+01,  2.254436e+02
  2.036782e+01,  2.236336e+02
  1.933390e+01,  2.225844e+02
  1.764129e+01,  2.228235e+02
  1.533003e+01,  2.248172e+02
  1.260822e+01,  2.297600e+02
  9.640803e+00,  2.388560e+02
  6.752836e+00,  2.575295e+02
  5.127328e+00,  2.937992e+02
  5.623859e+00,  3.321306e+02
  6.828290e+00,  3.559429e+02
  8.145790e+00,  1.191484e+01
  9.830581e+00,  2.036212e+01
  1.137688e+01,  2.243889e+01
  1.184952e+01,  2.118878e+01
  1.115603e+01,  1.772067e+01
  1.019451e+01,  1.079319e+01
  9.514200e+00,  3.589964e+02
  9.254731e+00,  3.425805e+02
  9.686527e+00,  3.249087e+02
  1.068107e+01,  3.118442e+02
  1.198529e+01,  3.038838e+02
  1.370758e+01,  2.990613e+02
  1.581146e+01,  2.971005e+02
  1.789887e+01,  2.966317e+02
  1.953207e+01,  2.968779e+02
  2.052210e+01,  2.984076e+02
  2.099817e+01,  3.016556e+02
  2.091094e+01,  3.067219e+02
  2.015879e+01,  3.131702e+02
  1.891802e+01,  3.209196e+02
  1.750496e+01,  3.304432e+02
  1.617788e+01,  3.411965e+02
  1.497400e+01,  3.515442e+02
  1.339544e+01,  3.590594e+02
  1.065648e+01,  4.309728e+00
  6.672501e+00,  1.108101e+01
  2.800248e+00,  4.570686e+01
  4.252481e+00,  1.266529e+02
  8.537271e+00,  1.427844e+02
  1.339610e+01,  1.487896e+02
  1.863061e+01,  1.540497e+02
  2.359974e+01,  1.584892e+02
  2.878767e+01,  1.635721e+02
  3.207737e+01,  1.681845e+02
  3.268151e+01,  1.729506e+02
  2.113546e+01,  1.760411e+02
  2.748139e+00,  1.390056e+01
##END=