##TITLE= twqubit_C1180_C_25000_NoBufferfix7
##JCAMP-DX= 5.00 Bruker JCAMP library
##DATA TYPE= Shape Data
##ORIGIN= Colm Fixed Pulses 
##OWNER= d29lu
##DATE= 18-May-2015
##TIME= 17:43
##MINX= 1.378314e-01
##MAXX= 6.002326e+01
##MINY= 2.439938e+00
##MAXY= 3.592784e+02
##$SHAPE_EXMODE= None
##$SHAPE_TOTROT= 9.000000e+01
##$SHAPE_BWFAC= 1.000000e+00
##$SHAPE_INTEGFAC= 1.000000e+00
##$SHAPE_MODE= 1
##NPOINTS= 200
##XYPOINTS= (XY..XY)
  1.378314e-01,  3.912545e+01
  6.327096e+00,  3.536152e+02
  2.458586e+01,  7.790180e+00
  3.461723e+01,  3.578766e+02
  3.297822e+01,  3.392914e+02
  1.976347e+01,  3.160526e+02
  1.338280e+01,  2.200540e+02
  2.901550e+01,  1.792256e+02
  3.903597e+01,  1.692035e+02
  3.734035e+01,  1.639391e+02
  2.782963e+01,  1.410111e+02
  2.651974e+01,  9.444269e+01
  2.955990e+01,  6.563073e+01
  2.228875e+01,  4.771169e+01
  7.190869e+00,  3.580640e+02
  1.273967e+01,  2.698003e+02
  1.804442e+01,  2.675395e+02
  1.800885e+01,  2.793535e+02
  1.774959e+01,  2.824185e+02
  1.887529e+01,  2.586024e+02
  2.101091e+01,  2.246031e+02
  2.089774e+01,  1.741991e+02
  2.970140e+01,  1.298318e+02
  3.134403e+01,  1.116712e+02
  1.300370e+01,  8.592053e+01
  1.852000e+01,  3.038004e+02
  3.400037e+01,  2.894575e+02
  3.219619e+01,  2.648796e+02
  3.198226e+01,  2.198009e+02
  3.290712e+01,  1.909641e+02
  2.337457e+01,  1.726829e+02
  1.847291e+01,  1.340585e+02
  3.006955e+01,  1.154299e+02
  3.624719e+01,  1.086015e+02
  2.816323e+01,  9.591700e+01
  1.305720e+01,  5.973443e+01
  1.083991e+01,  3.501189e+02
  8.108494e+00,  3.021888e+02
  1.551825e+01,  2.153420e+02
  2.860857e+01,  2.173477e+02
  2.850284e+01,  2.519291e+02
  1.883271e+01,  3.009909e+02
  8.684617e+00,  2.557144e+01
  4.914346e+00,  1.206181e+02
  5.969167e+00,  2.410857e+02
  7.997677e+00,  3.500013e+02
  2.114708e+01,  5.083939e+01
  2.046111e+01,  6.699468e+01
  4.396203e+00,  3.484854e+02
  2.144442e+01,  3.011463e+02
  2.020111e+01,  3.166194e+02
  2.543746e+00,  8.824908e+01
  2.311355e+01,  1.638239e+02
  2.179266e+01,  1.944018e+02
  1.211254e+01,  3.082084e+02
  3.096759e+01,  1.633365e+01
  3.336472e+01,  4.312726e+01
  1.766563e+01,  4.334997e+01
  6.747855e+00,  2.634447e+02
  2.439809e+01,  2.352533e+02
  2.922072e+01,  2.339716e+02
  2.085539e+01,  2.264357e+02
  1.011459e+01,  1.700996e+02
  1.282973e+01,  1.124765e+02
  1.021682e+01,  8.284201e+01
  1.115419e+01,  3.408094e+01
  2.216210e+01,  2.762677e+01
  3.167220e+01,  2.581236e+01
  3.618659e+01,  1.294223e+01
  4.001353e+01,  3.592784e+02
  3.516783e+01,  3.485128e+02
  1.607747e+01,  3.192177e+02
  1.191052e+01,  1.982563e+02
  1.966288e+01,  1.444885e+02
  3.040109e+01,  8.642743e+01
  4.512039e+01,  5.641025e+01
  4.339716e+01,  3.621496e+01
  3.552681e+01,  2.673292e+00
  3.975611e+01,  3.328094e+02
  3.760291e+01,  3.263919e+02
  2.070146e+01,  3.313629e+02
  3.339868e+00,  1.342641e+01
  2.943842e+00,  8.975341e+01
  2.656913e+00,  6.126980e+01
  8.971253e+00,  1.220956e+02
  2.532517e+01,  1.438740e+02
  3.001621e+01,  1.457610e+02
  1.855633e+01,  1.080192e+02
  2.920083e+01,  3.816472e+01
  3.731299e+01,  2.686928e+01
  2.368161e+01,  3.060220e+01
  1.276168e+00,  3.190593e+02
  1.529823e+01,  2.288007e+02
  1.837502e+01,  2.117334e+02
  1.878840e+01,  1.897995e+02
  1.577493e+01,  1.848753e+02
  6.684864e+00,  2.024280e+02
  3.334335e+00,  3.233161e+02
  7.636936e+00,  1.388605e+01
  9.597606e+00,  2.248807e+01
  1.153166e+01,  3.551941e+02
  1.539330e+01,  3.265974e+02
  1.338394e+01,  2.961321e+02
  1.015306e+01,  2.188048e+02
  2.292001e+01,  1.656557e+02
  3.474693e+01,  1.331633e+02
  4.279226e+01,  9.571982e+01
  4.200828e+01,  7.418806e+01
  1.849539e+01,  7.390515e+01
  9.894891e+00,  3.091959e+02
  3.287515e+01,  3.533727e+02
  4.760852e+01,  1.456511e+01
  4.681967e+01,  3.463352e+02
  6.002326e+01,  3.129937e+02
  3.827173e+01,  2.989132e+02
  9.231891e+00,  2.290496e+02
  2.857784e+01,  1.696517e+02
  2.192362e+01,  1.623362e+02
  1.718740e+01,  2.505959e+01
  4.930460e+01,  2.081909e+01
  4.647528e+01,  1.141390e+01
  4.054829e+01,  3.338128e+02
  3.243448e+01,  3.009856e+02
  2.181790e+01,  3.012965e+02
  1.252424e+01,  3.351944e+02
  3.773869e+00,  6.219551e+01
  1.777866e+01,  1.531076e+02
  2.914293e+01,  1.625000e+02
  2.437579e+01,  1.557786e+02
  1.508909e+01,  7.622472e+01
  3.179065e+01,  2.878407e+01
  3.073370e+01,  1.140489e+01
  1.542006e+01,  3.293193e+02
  2.017373e+01,  2.671663e+02
  2.234950e+01,  2.605144e+02
  1.102989e+01,  2.465072e+02
  8.349071e+00,  1.692804e+02
  1.339809e+01,  1.788418e+02
  1.172707e+01,  2.199685e+02
  7.265396e+00,  3.105223e+02
  2.199435e+01,  3.139766e+01
  3.265140e+01,  5.278504e+01
  2.118688e+01,  5.582060e+01
  1.237676e+01,  2.865425e+02
  3.126830e+01,  2.793660e+02
  1.911497e+01,  2.837714e+02
  1.451099e+01,  1.201974e+02
  3.287808e+01,  1.342638e+02
  2.296823e+01,  1.595664e+02
  9.338813e+00,  2.528640e+02
  1.794704e+01,  3.157526e+02
  1.284429e+01,  3.266264e+02
  3.391611e+00,  3.057672e+02
  4.074415e+00,  3.002879e+02
  1.132752e+01,  3.314490e+02
  1.671289e+01,  3.301726e+02
  1.925630e+01,  3.052903e+02
  2.339107e+01,  2.730168e+02
  2.546445e+01,  2.423324e+02
  1.458703e+01,  1.974332e+02
  2.230973e+01,  1.048164e+02
  3.429784e+01,  9.269039e+01
  2.828231e+01,  7.239142e+01
  2.123808e+01,  1.428345e+01
  2.164615e+01,  3.219704e+02
  2.159727e+01,  2.717674e+02
  2.761399e+01,  2.235001e+02
  3.155357e+01,  1.910153e+02
  2.268701e+01,  1.713571e+02
  6.044615e+00,  1.345746e+02
  4.621394e+00,  2.603465e+01
  3.841649e+00,  3.038370e+02
  1.197400e+01,  2.648495e+02
  1.555525e+01,  2.975396e+02
  2.375270e+01,  3.504348e+02
  3.424646e+01,  3.588918e+02
  4.074578e+01,  3.292651e+02
  5.070003e+01,  2.957584e+02
  4.593810e+01,  2.766836e+02
  2.865339e+01,  2.614983e+02
  9.711538e+00,  1.852202e+02
  1.206749e+01,  1.000608e+02
  2.622614e+01,  3.233945e+01
  4.300185e+01,  2.691387e+01
  3.995149e+01,  2.869625e+01
  2.336940e+01,  2.439938e+00
  1.904428e+01,  2.921182e+02
  2.499786e+01,  2.669860e+02
  2.137767e+01,  2.753294e+02
  6.870499e+00,  2.789435e+02
  1.256014e+01,  1.297304e+02
  2.260109e+01,  1.328957e+02
  1.628588e+01,  1.121144e+02
  2.212574e+01,  4.356453e+01
  3.157291e+01,  2.219854e+01
  1.794325e+01,  3.324170e+02
  3.658400e+01,  2.608008e+02
  2.124192e+01,  2.258095e+02
  1.152256e+01,  5.989555e+01
  1.373295e+00,  2.679556e+02
##END=