##TITLE= twqubit_C2Y5X90_C_25000_NoBufferfix2
##JCAMP-DX= 5.00 Bruker JCAMP library
##DATA TYPE= Shape Data
##ORIGIN= Colm Fixed Pulses 
##OWNER= d29lu
##DATE= 18-May-2015
##TIME= 17:13
##MINX= 6.958506e-01
##MAXX= 2.954099e+01
##MINY= 4.359451e-01
##MAXY= 3.472796e+02
##$SHAPE_EXMODE= None
##$SHAPE_TOTROT= 9.000000e+01
##$SHAPE_BWFAC= 1.000000e+00
##$SHAPE_INTEGFAC= 1.000000e+00
##$SHAPE_MODE= 1
##NPOINTS= 100
##XYPOINTS= (XY..XY)
  6.958506e-01,  1.163269e+02
  1.197233e+00,  1.514184e+02
  1.752576e+00,  3.250916e+02
  1.123077e+01,  3.375105e+02
  1.739635e+01,  3.472796e+02
  1.966384e+01,  2.770027e+00
  2.246699e+01,  2.354068e+01
  2.700454e+01,  3.579343e+01
  2.954099e+01,  3.705220e+01
  2.702774e+01,  3.684203e+01
  1.926773e+01,  4.249574e+01
  9.633208e+00,  5.330289e+01
  2.419617e+00,  5.495019e+01
  2.252948e+00,  3.304363e+02
  4.199219e+00,  3.305866e+02
  3.108499e+00,  3.309583e+02
  1.183405e+00,  2.355767e+02
  4.556465e+00,  1.818226e+02
  5.430718e+00,  1.467487e+02
  9.214639e+00,  8.594033e+01
  1.807514e+01,  5.775835e+01
  2.330314e+01,  3.277945e+01
  2.535354e+01,  4.359451e-01
  2.614889e+01,  3.325859e+02
  2.075829e+01,  3.105104e+02
  1.108722e+01,  2.652259e+02
  1.199856e+01,  1.952301e+02
  1.351186e+01,  1.684921e+02
  6.577799e+00,  1.284768e+02
  9.673504e+00,  4.065922e+01
  1.417885e+01,  3.652696e+01
  6.710786e+00,  6.392237e+01
  1.095511e+01,  1.933231e+02
  2.240436e+01,  2.280037e+02
  2.304717e+01,  2.629929e+02
  2.170963e+01,  3.209201e+02
  2.706828e+01,  1.156314e+01
  2.648281e+01,  4.257534e+01
  1.630517e+01,  7.528668e+01
  9.409386e+00,  1.495958e+02
  1.243616e+01,  2.043789e+02
  9.636517e+00,  2.362181e+02
  6.579511e+00,  2.942448e+02
  7.241241e+00,  3.285479e+02
  3.880932e+00,  2.956244e+02
  1.028676e+01,  2.165828e+02
  2.069668e+01,  2.075535e+02
  2.464108e+01,  2.016040e+02
  2.226673e+01,  1.950510e+02
  1.772293e+01,  1.931427e+02
  1.539944e+01,  2.049041e+02
  1.778985e+01,  2.255498e+02
  2.234122e+01,  2.420543e+02
  2.512510e+01,  2.534718e+02
  2.539554e+01,  2.627134e+02
  2.482930e+01,  2.716729e+02
  2.398569e+01,  2.778349e+02
  2.178889e+01,  2.789302e+02
  1.673794e+01,  2.765513e+02
  7.374375e+00,  2.622758e+02
  4.864464e+00,  1.439938e+02
  1.339184e+01,  1.290372e+02
  1.656815e+01,  1.489125e+02
  1.931881e+01,  1.936063e+02
  2.267890e+01,  2.328308e+02
  1.758887e+01,  2.638274e+02
  6.180751e+00,  3.146322e+02
  5.537476e+00,  7.240251e+01
  7.202829e+00,  1.524470e+02
  1.592869e+01,  2.239536e+02
  2.591394e+01,  2.531687e+02
  2.587838e+01,  2.559151e+02
  1.852138e+01,  2.170457e+02
  2.068968e+01,  1.660549e+02
  1.779683e+01,  1.369126e+02
  8.451141e+00,  8.257183e+01
  9.327485e+00,  3.464004e+02
  1.672491e+01,  2.947719e+02
  2.472566e+01,  2.643089e+02
  2.829948e+01,  2.402634e+02
  2.739804e+01,  2.111829e+02
  2.604128e+01,  1.899347e+02
  2.200866e+01,  1.954545e+02
  1.820086e+01,  2.249158e+02
  1.507613e+01,  2.545905e+02
  7.862789e+00,  2.798033e+02
  2.991932e+00,  3.272187e+01
  8.563774e+00,  8.354847e+01
  7.971593e+00,  1.066151e+02
  5.072686e+00,  1.815948e+02
  1.298633e+01,  2.327879e+02
  1.844582e+01,  2.339733e+02
  1.839859e+01,  2.150301e+02
  1.626473e+01,  1.878040e+02
  1.125327e+01,  1.637763e+02
  3.202005e+00,  1.331775e+02
  3.783967e+00,  3.391999e+02
  8.080652e+00,  3.102110e+02
  8.067536e+00,  2.788516e+02
  8.493773e-01,  1.799577e+02
##END=