##TITLE= twqubit_C590_H_25000_NoBufferfix7
##JCAMP-DX= 5.00 Bruker JCAMP library
##DATA TYPE= Shape Data
##ORIGIN= Colm Fixed Pulses 
##OWNER= d29lu
##DATE= 18-May-2015
##TIME= 18:58
##MINX= 2.394323e-01
##MAXX= 3.475399e+01
##MINY= 6.210279e+00
##MAXY= 3.590422e+02
##$SHAPE_EXMODE= None
##$SHAPE_TOTROT= 9.000000e+01
##$SHAPE_BWFAC= 1.000000e+00
##$SHAPE_INTEGFAC= 1.000000e+00
##$SHAPE_MODE= 1
##NPOINTS= 100
##XYPOINTS= (XY..XY)
  3.997391e-01,  2.531649e+02
  5.101285e+00,  3.454867e+02
  1.684405e+01,  3.531484e+02
  2.816264e+01,  3.569964e+02
  3.018824e+01,  3.563822e+02
  2.593760e+01,  3.551619e+02
  2.088101e+01,  3.553430e+02
  1.711234e+01,  3.590422e+02
  1.393243e+01,  6.210279e+00
  1.135302e+01,  2.040378e+01
  1.010021e+01,  4.310771e+01
  1.073881e+01,  7.270675e+01
  1.368895e+01,  1.016281e+02
  1.850195e+01,  1.217014e+02
  2.295341e+01,  1.309773e+02
  2.597661e+01,  1.340280e+02
  2.561837e+01,  1.332377e+02
  2.234711e+01,  1.308725e+02
  1.807517e+01,  1.297204e+02
  1.328339e+01,  1.280126e+02
  9.575870e+00,  1.221793e+02
  7.965060e+00,  1.101716e+02
  7.760002e+00,  9.746907e+01
  8.104774e+00,  8.502261e+01
  9.335106e+00,  7.575429e+01
  1.168114e+01,  7.475629e+01
  1.451379e+01,  7.917698e+01
  1.695264e+01,  8.492249e+01
  1.845761e+01,  9.000673e+01
  1.871603e+01,  9.454435e+01
  1.728108e+01,  9.805988e+01
  1.474162e+01,  9.899918e+01
  1.240732e+01,  9.744636e+01
  1.069492e+01,  9.403738e+01
  9.936146e+00,  9.062664e+01
  1.100549e+01,  8.676797e+01
  1.248922e+01,  8.062631e+01
  1.243834e+01,  7.025990e+01
  1.329313e+01,  6.211052e+01
  1.752713e+01,  6.738479e+01
  2.314181e+01,  7.617272e+01
  2.703309e+01,  8.299317e+01
  2.716322e+01,  8.728574e+01
  2.521944e+01,  9.099735e+01
  2.175177e+01,  9.309617e+01
  1.765237e+01,  9.404757e+01
  1.324559e+01,  9.596630e+01
  8.878674e+00,  1.071398e+02
  5.875683e+00,  1.455355e+02
  7.626889e+00,  1.934853e+02
  1.162463e+01,  2.115292e+02
  1.501823e+01,  2.176927e+02
  1.675293e+01,  2.223027e+02
  1.662005e+01,  2.276583e+02
  1.519423e+01,  2.343147e+02
  1.342634e+01,  2.414488e+02
  1.184229e+01,  2.465165e+02
  1.044264e+01,  2.458449e+02
  9.209688e+00,  2.403992e+02
  8.567245e+00,  2.318933e+02
  9.365801e+00,  2.193338e+02
  1.194863e+01,  2.039051e+02
  1.534978e+01,  1.886567e+02
  1.842125e+01,  1.775371e+02
  2.066452e+01,  1.718784e+02
  2.200794e+01,  1.710558e+02
  2.248691e+01,  1.731791e+02
  2.226748e+01,  1.787771e+02
  2.149682e+01,  1.872749e+02
  1.980445e+01,  1.957713e+02
  1.647539e+01,  2.021632e+02
  1.114019e+01,  2.043886e+02
  5.886251e+00,  1.998014e+02
  3.824492e+00,  2.104472e+02
  5.443845e+00,  2.428019e+02
  7.600437e+00,  2.606432e+02
  8.822857e+00,  2.752581e+02
  9.855689e+00,  2.892887e+02
  1.108867e+01,  3.035038e+02
  1.270094e+01,  3.146338e+02
  1.455754e+01,  3.185297e+02
  1.643374e+01,  3.172372e+02
  1.793549e+01,  3.159351e+02
  1.799880e+01,  3.164598e+02
  1.622404e+01,  3.169196e+02
  1.344943e+01,  3.167893e+02
  1.025873e+01,  3.218885e+02
  7.296786e+00,  3.449721e+02
  7.279732e+00,  2.569234e+01
  9.625793e+00,  4.808494e+01
  1.232726e+01,  5.617500e+01
  1.605189e+01,  5.772315e+01
  2.058004e+01,  5.627628e+01
  2.458619e+01,  5.247187e+01
  2.893916e+01,  4.876966e+01
  3.253338e+01,  4.600693e+01
  3.475399e+01,  4.517185e+01
  2.720893e+01,  5.013038e+01
  7.674585e+00,  1.206591e+02
  2.394323e-01,  1.536603e+02
##END=