##TITLE= twqubit_C234790withPC_H_25000_NoBufferfix10
##JCAMP-DX= 5.00 Bruker JCAMP library
##DATA TYPE= Shape Data
##ORIGIN= Colm Fixed Pulses 
##OWNER= d29lu
##DATE= 18-May-2015
##TIME= 18:42
##MINX= 5.517111e-01
##MAXX= 2.067904e+01
##MINY= 1.063427e+00
##MAXY= 3.567138e+02
##$SHAPE_EXMODE= None
##$SHAPE_TOTROT= 9.000000e+01
##$SHAPE_BWFAC= 1.000000e+00
##$SHAPE_INTEGFAC= 1.000000e+00
##$SHAPE_MODE= 1
##NPOINTS= 100
##XYPOINTS= (XY..XY)
  2.123295e+00,  3.157662e+02
  1.941742e+00,  2.565219e+02
  4.410858e+00,  2.109841e+02
  6.671348e+00,  1.958866e+02
  8.221820e+00,  1.872807e+02
  9.331457e+00,  1.784993e+02
  1.035268e+01,  1.686295e+02
  1.138589e+01,  1.590159e+02
  1.237302e+01,  1.491210e+02
  1.347943e+01,  1.380948e+02
  1.478360e+01,  1.283881e+02
  1.608692e+01,  1.205986e+02
  1.719747e+01,  1.147020e+02
  1.819538e+01,  1.100491e+02
  1.917919e+01,  1.063710e+02
  2.004737e+01,  1.037931e+02
  2.057529e+01,  1.018848e+02
  2.067904e+01,  1.005650e+02
  2.027112e+01,  9.990766e+01
  1.934352e+01,  9.984750e+01
  1.783355e+01,  1.003521e+02
  1.582931e+01,  1.023552e+02
  1.363688e+01,  1.081826e+02
  1.174266e+01,  1.193587e+02
  1.054451e+01,  1.339771e+02
  1.013234e+01,  1.504627e+02
  1.060991e+01,  1.659781e+02
  1.185960e+01,  1.778906e+02
  1.323494e+01,  1.852962e+02
  1.408417e+01,  1.899274e+02
  1.419178e+01,  1.928456e+02
  1.364448e+01,  1.949590e+02
  1.254273e+01,  1.972092e+02
  1.111213e+01,  1.988880e+02
  9.434786e+00,  2.013248e+02
  7.596651e+00,  2.038915e+02
  5.683239e+00,  2.063226e+02
  3.734691e+00,  2.074536e+02
  1.697440e+00,  2.093636e+02
  5.517111e-01,  3.338321e+02
  2.445732e+00,  1.317864e+01
  4.160608e+00,  1.592260e+01
  5.549017e+00,  1.546230e+01
  6.440561e+00,  1.430347e+01
  6.857756e+00,  1.437349e+01
  7.016359e+00,  1.648204e+01
  7.152659e+00,  1.989650e+01
  7.378374e+00,  2.419629e+01
  7.680028e+00,  2.867333e+01
  7.988348e+00,  3.170873e+01
  8.138566e+00,  3.298125e+01
  7.965079e+00,  3.239198e+01
  7.477180e+00,  2.922692e+01
  6.877964e+00,  2.256010e+01
  6.361366e+00,  1.182474e+01
  6.188626e+00,  3.567138e+02
  6.716086e+00,  3.393650e+02
  7.856439e+00,  3.252863e+02
  9.327095e+00,  3.147933e+02
  1.098126e+01,  3.074975e+02
  1.273825e+01,  3.023586e+02
  1.445107e+01,  2.982996e+02
  1.593750e+01,  2.950012e+02
  1.726152e+01,  2.924439e+02
  1.856083e+01,  2.902563e+02
  1.955549e+01,  2.876643e+02
  1.995352e+01,  2.843306e+02
  1.983074e+01,  2.805202e+02
  1.921869e+01,  2.772596e+02
  1.799451e+01,  2.749157e+02
  1.632833e+01,  2.734916e+02
  1.447985e+01,  2.744657e+02
  1.258771e+01,  2.798637e+02
  1.107087e+01,  2.894107e+02
  1.032174e+01,  3.030510e+02
  1.036180e+01,  3.180853e+02
  1.091908e+01,  3.321526e+02
  1.183899e+01,  3.443459e+02
  1.302791e+01,  3.539091e+02
  1.424837e+01,  1.063427e+00
  1.518089e+01,  6.277684e+00
  1.547035e+01,  1.079041e+01
  1.496828e+01,  1.471297e+01
  1.378231e+01,  1.828946e+01
  1.196694e+01,  2.190191e+01
  9.559978e+00,  2.509901e+01
  6.725246e+00,  2.992126e+01
  3.799315e+00,  3.981705e+01
  1.417693e+00,  8.785753e+01
  2.923623e+00,  1.744460e+02
  5.456494e+00,  1.892288e+02
  7.549595e+00,  1.938147e+02
  8.890419e+00,  1.969933e+02
  9.445814e+00,  1.993345e+02
  9.318124e+00,  2.013598e+02
  8.546226e+00,  2.038309e+02
  7.183608e+00,  2.075883e+02
  5.402255e+00,  2.146655e+02
  3.214989e+00,  2.381633e+02
  3.620006e+00,  3.208464e+02
##END=