##TITLE= twqubit_C790_H_25000_NoBufferfix5
##JCAMP-DX= 5.00 Bruker JCAMP library
##DATA TYPE= Shape Data
##ORIGIN= Colm Fixed Pulses 
##OWNER= d29lu
##DATE= 18-May-2015
##TIME= 18:28
##MINX= 1.517244e+00
##MAXX= 2.940327e+01
##MINY= 3.828896e+01
##MAXY= 3.585965e+02
##$SHAPE_EXMODE= None
##$SHAPE_TOTROT= 9.000000e+01
##$SHAPE_BWFAC= 1.000000e+00
##$SHAPE_INTEGFAC= 1.000000e+00
##$SHAPE_MODE= 1
##NPOINTS= 100
##XYPOINTS= (XY..XY)
  1.517244e+00,  3.585965e+02
  7.035943e+00,  4.068243e+01
  1.776925e+01,  4.793430e+01
  2.394465e+01,  5.166740e+01
  2.521984e+01,  5.599922e+01
  2.393880e+01,  5.874849e+01
  2.186761e+01,  6.131684e+01
  1.877609e+01,  6.418157e+01
  1.519416e+01,  6.413633e+01
  1.147418e+01,  5.718387e+01
  7.340848e+00,  3.828896e+01
  3.864863e+00,  3.374953e+02
  7.845255e+00,  2.728214e+02
  1.434975e+01,  2.593215e+02
  2.034497e+01,  2.538651e+02
  2.535952e+01,  2.502611e+02
  2.875700e+01,  2.492348e+02
  2.940327e+01,  2.495586e+02
  2.829704e+01,  2.476587e+02
  2.541485e+01,  2.404518e+02
  2.105702e+01,  2.298376e+02
  1.662132e+01,  2.210397e+02
  1.258026e+01,  2.147668e+02
  8.952463e+00,  2.082284e+02
  5.089174e+00,  2.106683e+02
  2.962419e+00,  2.654542e+02
  5.740101e+00,  3.039828e+02
  9.202847e+00,  3.074725e+02
  1.290237e+01,  3.066685e+02
  1.647795e+01,  3.045123e+02
  1.954437e+01,  3.017396e+02
  2.195756e+01,  3.004178e+02
  2.327113e+01,  3.013369e+02
  2.307823e+01,  3.031587e+02
  2.176114e+01,  3.045098e+02
  1.980728e+01,  3.053766e+02
  1.731299e+01,  3.057898e+02
  1.442663e+01,  3.049111e+02
  1.144161e+01,  3.019699e+02
  8.779860e+00,  2.929952e+02
  6.892025e+00,  2.741993e+02
  5.952037e+00,  2.459433e+02
  5.990111e+00,  2.120314e+02
  7.653166e+00,  1.891519e+02
  9.949460e+00,  1.873124e+02
  1.162774e+01,  1.940322e+02
  1.232368e+01,  2.021201e+02
  1.322425e+01,  2.122337e+02
  1.519099e+01,  2.233455e+02
  1.715830e+01,  2.316206e+02
  1.849574e+01,  2.359851e+02
  1.966664e+01,  2.362229e+02
  2.016434e+01,  2.342642e+02
  1.914806e+01,  2.319437e+02
  1.760470e+01,  2.288838e+02
  1.640392e+01,  2.245819e+02
  1.452947e+01,  2.197651e+02
  1.197584e+01,  2.152906e+02
  1.028602e+01,  2.115439e+02
  9.173726e+00,  2.084577e+02
  7.172946e+00,  1.978346e+02
  5.212741e+00,  1.660566e+02
  6.101588e+00,  1.227632e+02
  9.516136e+00,  1.002540e+02
  1.368127e+01,  9.203258e+01
  1.719699e+01,  8.944470e+01
  1.941023e+01,  8.768126e+01
  2.019300e+01,  8.540422e+01
  1.966145e+01,  8.242553e+01
  1.832348e+01,  7.799513e+01
  1.685201e+01,  7.124406e+01
  1.606841e+01,  6.363244e+01
  1.600950e+01,  5.799110e+01
  1.563561e+01,  5.446723e+01
  1.420597e+01,  5.164454e+01
  1.185899e+01,  5.104810e+01
  9.012982e+00,  5.321256e+01
  5.697183e+00,  6.111997e+01
  2.388082e+00,  9.757250e+01
  3.992279e+00,  1.714656e+02
  7.466444e+00,  1.671856e+02
  1.131140e+01,  1.533603e+02
  1.516027e+01,  1.466096e+02
  1.845878e+01,  1.457658e+02
  2.146027e+01,  1.446427e+02
  2.344643e+01,  1.437324e+02
  2.350995e+01,  1.448763e+02
  2.199818e+01,  1.479794e+02
  1.913605e+01,  1.498719e+02
  1.520497e+01,  1.496858e+02
  1.176574e+01,  1.480525e+02
  9.637596e+00,  1.417670e+02
  8.746555e+00,  1.269309e+02
  1.024849e+01,  1.105520e+02
  1.398763e+01,  1.066950e+02
  1.788587e+01,  1.094086e+02
  1.982534e+01,  1.084098e+02
  1.581039e+01,  1.014103e+02
  1.706339e+00,  3.993967e+01
  1.687225e+00,  3.468967e+02
##END=