##TITLE= twqubit_C57180_H_25000_NoBufferfix3
##JCAMP-DX= 5.00 Bruker JCAMP library
##DATA TYPE= Shape Data
##ORIGIN= Colm Fixed Pulses 
##OWNER= d29lu
##DATE= 18-May-2015
##TIME= 19:14
##MINX= 3.442094e-01
##MAXX= 2.602094e+01
##MINY= 1.790563e+00
##MAXY= 3.594323e+02
##$SHAPE_EXMODE= None
##$SHAPE_TOTROT= 9.000000e+01
##$SHAPE_BWFAC= 1.000000e+00
##$SHAPE_INTEGFAC= 1.000000e+00
##$SHAPE_MODE= 1
##NPOINTS= 200
##XYPOINTS= (XY..XY)
  3.447489e-01,  3.306301e+02
  3.796165e+00,  2.058807e+01
  9.421368e+00,  1.845349e+01
  1.229766e+01,  1.682467e+01
  1.321905e+01,  1.472171e+01
  1.329952e+01,  1.418826e+01
  1.272028e+01,  1.285339e+01
  1.186549e+01,  9.459833e+00
  1.084489e+01,  5.883990e+00
  9.291101e+00,  6.147723e+00
  7.036371e+00,  1.274770e+01
  4.520001e+00,  2.880938e+01
  2.604244e+00,  6.813947e+01
  3.151830e+00,  1.310149e+02
  5.584799e+00,  1.551420e+02
  8.414945e+00,  1.622823e+02
  1.096493e+01,  1.661789e+02
  1.313815e+01,  1.687996e+02
  1.531309e+01,  1.697671e+02
  1.783106e+01,  1.675803e+02
  2.036317e+01,  1.624081e+02
  2.238292e+01,  1.554634e+02
  2.378919e+01,  1.474043e+02
  2.482879e+01,  1.392926e+02
  2.602094e+01,  1.328249e+02
  2.569639e+01,  1.268785e+02
  2.397591e+01,  1.211864e+02
  2.199395e+01,  1.173720e+02
  1.936372e+01,  1.152729e+02
  1.624618e+01,  1.144097e+02
  1.271291e+01,  1.139752e+02
  8.841061e+00,  1.134124e+02
  4.788887e+00,  1.125190e+02
  6.567087e-01,  9.728605e+01
  3.530341e+00,  2.911687e+02
  7.425280e+00,  2.908024e+02
  1.088791e+01,  2.894032e+02
  1.394212e+01,  2.872841e+02
  1.657476e+01,  2.850498e+02
  1.864185e+01,  2.813222e+02
  1.993029e+01,  2.758817e+02
  2.033939e+01,  2.700344e+02
  2.026764e+01,  2.640125e+02
  1.991474e+01,  2.580359e+02
  1.906183e+01,  2.527887e+02
  1.772488e+01,  2.496555e+02
  1.655987e+01,  2.492152e+02
  1.583127e+01,  2.509240e+02
  1.542076e+01,  2.542376e+02
  1.524634e+01,  2.587262e+02
  1.491720e+01,  2.630880e+02
  1.384348e+01,  2.669704e+02
  1.221926e+01,  2.718337e+02
  1.058769e+01,  2.774228e+02
  8.841767e+00,  2.832357e+02
  7.031541e+00,  2.904233e+02
  5.773207e+00,  3.000882e+02
  4.916429e+00,  3.041696e+02
  3.438415e+00,  2.935771e+02
  1.855963e+00,  2.368282e+02
  3.557774e+00,  1.722193e+02
  6.738886e+00,  1.566037e+02
  1.046702e+01,  1.502997e+02
  1.444535e+01,  1.464000e+02
  1.781951e+01,  1.432605e+02
  1.989467e+01,  1.391763e+02
  2.070900e+01,  1.339369e+02
  2.059039e+01,  1.274965e+02
  1.987390e+01,  1.199795e+02
  1.918805e+01,  1.120302e+02
  1.895234e+01,  1.044472e+02
  1.883267e+01,  9.905143e+01
  1.807456e+01,  9.644659e+01
  1.630027e+01,  9.713602e+01
  1.398384e+01,  1.019110e+02
  1.183705e+01,  1.106164e+02
  1.002543e+01,  1.220613e+02
  8.534512e+00,  1.390103e+02
  7.876175e+00,  1.628686e+02
  8.390415e+00,  1.860072e+02
  9.186535e+00,  2.017801e+02
  9.628398e+00,  2.121232e+02
  9.911227e+00,  2.193087e+02
  1.014709e+01,  2.237151e+02
  1.009471e+01,  2.244841e+02
  9.417537e+00,  2.221387e+02
  8.163708e+00,  2.160608e+02
  6.636006e+00,  2.039463e+02
  5.431621e+00,  1.819264e+02
  5.045195e+00,  1.515434e+02
  5.604037e+00,  1.220028e+02
  6.857143e+00,  1.004567e+02
  8.245206e+00,  8.620209e+01
  9.426426e+00,  7.593927e+01
  1.020505e+01,  6.771424e+01
  1.039459e+01,  6.087919e+01
  9.969512e+00,  5.477865e+01
  9.018357e+00,  4.878770e+01
  7.691871e+00,  4.124088e+01
  6.248747e+00,  3.133940e+01
  5.051321e+00,  1.851182e+01
  4.226682e+00,  5.522710e+00
  3.647777e+00,  3.537192e+02
  3.249916e+00,  3.465897e+02
  3.098602e+00,  3.528878e+02
  3.626535e+00,  1.401244e+01
  5.112870e+00,  3.309150e+01
  7.197576e+00,  4.182047e+01
  9.525176e+00,  4.500564e+01
  1.192290e+01,  4.492251e+01
  1.413021e+01,  4.220735e+01
  1.599093e+01,  3.849346e+01
  1.744506e+01,  3.420485e+01
  1.849695e+01,  2.964441e+01
  1.928592e+01,  2.512151e+01
  1.970760e+01,  2.145665e+01
  1.947783e+01,  1.868405e+01
  1.839703e+01,  1.741143e+01
  1.658612e+01,  1.773657e+01
  1.422753e+01,  2.026584e+01
  1.154333e+01,  2.643717e+01
  8.912304e+00,  3.754642e+01
  6.930670e+00,  5.719270e+01
  6.211943e+00,  8.534651e+01
  6.915073e+00,  1.111432e+02
  8.406415e+00,  1.289197e+02
  1.000368e+01,  1.400561e+02
  1.130024e+01,  1.477665e+02
  1.201450e+01,  1.539494e+02
  1.195663e+01,  1.597775e+02
  1.099432e+01,  1.657866e+02
  9.367101e+00,  1.732408e+02
  7.647036e+00,  1.815645e+02
  6.292035e+00,  1.885009e+02
  5.266399e+00,  1.923029e+02
  4.278787e+00,  1.954030e+02
  3.229707e+00,  1.953057e+02
  2.202213e+00,  1.848277e+02
  1.296459e+00,  1.621795e+02
  3.442094e-01,  7.605759e+01
  1.445329e+00,  3.594323e+02
  3.193486e+00,  1.790563e+00
  5.032164e+00,  6.502823e+00
  6.838379e+00,  8.170015e+00
  8.757072e+00,  8.879465e+00
  1.089252e+01,  1.164651e+01
  1.313536e+01,  1.561032e+01
  1.530873e+01,  2.014990e+01
  1.720678e+01,  2.360254e+01
  1.884183e+01,  2.534963e+01
  2.003508e+01,  2.441580e+01
  2.035405e+01,  2.114592e+01
  1.973583e+01,  1.585858e+01
  1.870372e+01,  1.047544e+01
  1.759090e+01,  6.147594e+00
  1.643246e+01,  3.462606e+00
  1.535475e+01,  2.675573e+00
  1.443920e+01,  4.248257e+00
  1.325100e+01,  7.634616e+00
  1.131164e+01,  1.144217e+01
  8.701695e+00,  1.555539e+01
  5.800637e+00,  2.305064e+01
  3.117452e+00,  4.257465e+01
  2.203185e+00,  1.082513e+02
  4.097272e+00,  1.485563e+02
  6.147185e+00,  1.578301e+02
  7.659960e+00,  1.604453e+02
  8.602217e+00,  1.631037e+02
  9.124091e+00,  1.657646e+02
  9.086874e+00,  1.673271e+02
  8.278147e+00,  1.686436e+02
  6.906347e+00,  1.719957e+02
  5.563318e+00,  1.798170e+02
  4.600103e+00,  1.898495e+02
  3.772804e+00,  1.996875e+02
  2.863647e+00,  2.113926e+02
  2.118132e+00,  2.276011e+02
  1.716330e+00,  2.436489e+02
  1.383394e+00,  2.448745e+02
  1.109161e+00,  2.204218e+02
  1.375412e+00,  1.884491e+02
  2.254175e+00,  1.757430e+02
  3.964709e+00,  1.735821e+02
  6.746295e+00,  1.731656e+02
  1.030733e+01,  1.729799e+02
  1.410735e+01,  1.732613e+02
  1.763917e+01,  1.748602e+02
  2.058827e+01,  1.770577e+02
  2.265940e+01,  1.793749e+02
  2.361502e+01,  1.817186e+02
  2.346299e+01,  1.843083e+02
  2.234928e+01,  1.867509e+02
  2.019853e+01,  1.886362e+02
  1.709880e+01,  1.895380e+02
  1.364510e+01,  1.892932e+02
  1.026310e+01,  1.879979e+02
  6.856437e+00,  1.839442e+02
  3.119446e+00,  1.690680e+02
  2.010792e+00,  4.916428e+01
  8.284473e-01,  3.498720e+02
##END=