##TITLE= twqubit_C790_C_25000_NoBufferfix5
##JCAMP-DX= 5.00 Bruker JCAMP library
##DATA TYPE= Shape Data
##ORIGIN= Colm Fixed Pulses 
##OWNER= d29lu
##DATE= 18-May-2015
##TIME= 16:47
##MINX= 1.172333e+00
##MAXX= 4.353421e+01
##MINY= 3.228165e+00
##MAXY= 3.573423e+02
##$SHAPE_EXMODE= None
##$SHAPE_TOTROT= 9.000000e+01
##$SHAPE_BWFAC= 1.000000e+00
##$SHAPE_INTEGFAC= 1.000000e+00
##$SHAPE_MODE= 1
##NPOINTS= 100
##XYPOINTS= (XY..XY)
  1.172333e+00,  2.893539e+01
  4.962345e+00,  1.443596e+02
  1.499658e+01,  1.887235e+02
  1.959674e+01,  2.490082e+02
  2.387824e+01,  3.117427e+02
  2.247172e+01,  3.228165e+00
  1.171735e+01,  6.438835e+01
  2.042281e+01,  1.769479e+02
  3.609079e+01,  1.959769e+02
  4.182301e+01,  1.768072e+02
  4.353421e+01,  1.603082e+02
  2.115496e+01,  1.792186e+02
  2.110340e+01,  3.020656e+02
  2.924864e+01,  3.316564e+02
  9.158091e+00,  5.078194e+00
  2.163326e+01,  1.646659e+02
  3.366263e+01,  1.787964e+02
  2.332328e+01,  1.659040e+02
  1.422014e+01,  9.962914e+01
  2.519297e+01,  6.121785e+01
  2.879944e+01,  4.166977e+01
  1.888332e+01,  3.573423e+02
  1.216951e+01,  2.682543e+02
  2.059387e+01,  1.872788e+02
  3.006741e+01,  1.452615e+02
  2.953903e+01,  1.183181e+02
  1.140807e+01,  1.025373e+02
  1.291946e+01,  2.823551e+02
  2.170053e+01,  2.793892e+02
  7.679531e+00,  2.536438e+02
  1.207454e+01,  1.104448e+02
  1.743318e+01,  8.611314e+01
  1.841260e+01,  3.492580e+01
  2.592966e+01,  7.314232e+00
  2.301649e+01,  7.544638e+00
  1.195167e+01,  4.289252e+01
  1.199894e+01,  1.136546e+02
  1.073594e+01,  1.539022e+02
  7.959432e+00,  2.083656e+02
  3.975767e+00,  2.069743e+02
  1.204771e+01,  1.195901e+02
  1.839801e+01,  1.209430e+02
  5.770570e+00,  7.941865e+01
  2.584204e+01,  3.480704e+02
  3.716573e+01,  4.748715e+00
  2.305592e+01,  6.536626e+01
  2.820405e+01,  1.713560e+02
  3.426347e+01,  2.230483e+02
  1.313684e+01,  2.539833e+02
  1.986915e+01,  6.639531e+01
  2.919158e+01,  7.604365e+01
  1.080619e+01,  4.632508e+01
  1.664616e+01,  2.776672e+02
  2.233675e+01,  2.384102e+02
  2.380867e+01,  1.863495e+02
  2.654087e+01,  1.467463e+02
  1.842179e+01,  1.002260e+02
  2.188056e+01,  1.853250e+01
  3.297123e+01,  3.485048e+02
  2.977771e+01,  3.345234e+02
  1.506264e+01,  3.149661e+02
  3.052586e+00,  2.209196e+02
  8.117219e+00,  1.036709e+02
  1.667250e+01,  7.888704e+01
  1.271774e+01,  8.008348e+01
  6.119306e+00,  2.283036e+02
  2.479707e+01,  2.570821e+02
  2.250935e+01,  2.727706e+02
  2.881637e+00,  3.904241e+01
  2.610075e+01,  1.127303e+02
  2.894911e+01,  1.268169e+02
  1.168473e+01,  1.203466e+02
  1.169662e+01,  1.034458e+01
  1.739515e+01,  1.476378e+01
  3.177101e+00,  3.227801e+01
  1.601898e+01,  2.178128e+02
  2.069688e+01,  2.483424e+02
  1.020961e+01,  3.326066e+02
  2.343788e+01,  8.348226e+01
  3.297932e+01,  1.242659e+02
  2.124466e+01,  1.229325e+02
  1.606221e+01,  4.067070e+01
  2.566248e+01,  7.674222e+00
  2.528308e+01,  3.367463e+02
  2.401692e+01,  2.779857e+02
  2.600273e+01,  2.399990e+02
  1.213248e+01,  2.179998e+02
  1.025954e+01,  3.348981e+01
  2.489899e+01,  1.973902e+01
  2.182473e+01,  3.573184e+02
  8.846747e+00,  3.050680e+02
  1.326075e+01,  1.886292e+02
  2.775407e+01,  1.565752e+02
  3.622451e+01,  1.318545e+02
  4.012204e+01,  1.127845e+02
  3.608946e+01,  1.079414e+02
  1.872711e+01,  1.071600e+02
  6.378084e+00,  3.002025e+02
  9.919659e+00,  3.286218e+02
  3.486998e+00,  6.199036e+01
##END=