##TITLE= twqubit_C2347andH180_C_25000_NoBufferfix9
##JCAMP-DX= 5.00 Bruker JCAMP library
##DATA TYPE= Shape Data
##ORIGIN= Colm Fixed Pulses 
##OWNER= d29lu
##DATE= 18-May-2015
##TIME= 17:57
##MINX= 6.183148e-01
##MAXX= 5.994747e+01
##MINY= 1.304936e+00
##MAXY= 3.591035e+02
##$SHAPE_EXMODE= None
##$SHAPE_TOTROT= 9.000000e+01
##$SHAPE_BWFAC= 1.000000e+00
##$SHAPE_INTEGFAC= 1.000000e+00
##$SHAPE_MODE= 1
##NPOINTS= 200
##XYPOINTS= (XY..XY)
  8.385106e-01,  3.407873e+02
  3.990967e+00,  7.492931e+01
  1.097872e+01,  8.903140e+01
  1.604317e+01,  1.286196e+02
  1.893542e+01,  1.561072e+02
  1.287482e+01,  1.705393e+02
  6.973052e+00,  1.860092e+02
  2.501118e+00,  2.860244e+02
  1.258662e+01,  3.590071e+02
  2.376563e+01,  2.546129e+01
  2.642874e+01,  5.503837e+01
  1.852077e+01,  9.439708e+01
  4.826966e+00,  1.799953e+02
  1.237984e+01,  2.992777e+02
  8.474380e+00,  3.518664e+02
  1.669602e+01,  1.205648e+02
  2.866760e+01,  1.375556e+02
  1.875829e+01,  1.158576e+02
  1.335952e+01,  1.118013e+01
  2.700319e+01,  3.098219e+02
  3.450569e+01,  2.580495e+02
  4.196615e+01,  2.060310e+02
  3.659858e+01,  1.843633e+02
  7.284434e+00,  2.425464e+02
  2.995358e+01,  3.472399e+02
  2.846028e+01,  1.875135e+01
  1.732093e+01,  1.161837e+02
  3.034351e+01,  1.879727e+02
  2.118499e+01,  2.344212e+02
  1.767613e+01,  3.572191e+02
  3.102707e+01,  3.894219e+01
  2.453100e+01,  4.232073e+01
  1.766335e+01,  2.847479e+01
  1.871221e+01,  5.803309e+01
  3.225137e+01,  8.640602e+01
  4.215194e+01,  9.540758e+01
  3.299986e+01,  1.225835e+02
  2.371775e+01,  1.884099e+02
  1.433858e+01,  2.404519e+02
  1.065791e+01,  3.067342e+01
  2.583615e+01,  5.260829e+01
  2.876333e+01,  4.347021e+01
  2.420642e+01,  3.431684e+01
  1.350952e+01,  3.641679e+01
  8.907783e+00,  1.188224e+02
  2.854347e+01,  1.734161e+02
  3.831550e+01,  2.069618e+02
  2.734225e+01,  2.641510e+02
  2.696393e+01,  3.563946e+02
  2.801202e+01,  3.654088e+01
  1.230181e+01,  1.992109e+01
  7.276032e+00,  3.197134e+02
  4.018599e+00,  1.128558e+02
  1.682978e+01,  1.265883e+02
  1.384722e+01,  1.356789e+02
  5.964167e+00,  2.109222e+02
  1.328722e+01,  2.537750e+02
  1.131397e+01,  2.302020e+02
  1.520548e+01,  1.616757e+02
  2.566344e+01,  1.402326e+02
  2.403096e+01,  1.334275e+02
  1.609841e+01,  1.491223e+02
  2.158571e+01,  1.740880e+02
  3.169562e+01,  1.683906e+02
  3.174857e+01,  1.710514e+02
  1.988672e+01,  1.926819e+02
  6.497085e+00,  2.209298e+02
  1.474864e+00,  1.144397e+02
  2.477330e+00,  1.197271e+02
  2.645113e+00,  3.579727e+02
  6.702171e+00,  2.790646e+01
  5.124902e+00,  1.429581e+02
  1.842762e+01,  2.250333e+02
  2.299423e+01,  2.702867e+02
  1.789767e+01,  3.324350e+02
  1.376869e+01,  4.568275e+01
  1.409077e+01,  1.587656e+02
  3.236318e+01,  2.040868e+02
  3.897897e+01,  2.088049e+02
  3.212601e+01,  2.129338e+02
  2.311708e+01,  2.493657e+02
  2.084209e+01,  2.882014e+02
  2.727779e+00,  4.262373e+01
  3.026780e+01,  1.083249e+02
  3.475992e+01,  9.669276e+01
  1.981872e+01,  5.015558e+01
  2.577694e+01,  3.278875e+02
  3.249763e+01,  2.932087e+02
  2.630310e+01,  2.494787e+02
  1.925011e+01,  1.942237e+02
  2.201159e+01,  1.379204e+02
  2.576519e+01,  1.147531e+02
  1.422373e+01,  1.021310e+02
  8.250827e+00,  2.163521e+02
  2.441310e+01,  2.177504e+02
  2.584892e+01,  1.984323e+02
  1.603952e+01,  1.575241e+02
  1.785758e+01,  9.607605e+01
  2.124860e+01,  7.399266e+01
  1.682454e+01,  4.834701e+01
  1.489410e+01,  1.653040e+01
  1.283489e+01,  1.319714e+01
  1.896076e+00,  1.581103e+01
  1.283551e+01,  2.070899e+02
  1.964460e+01,  2.005424e+02
  1.795560e+01,  1.625302e+02
  2.678774e+01,  1.287194e+02
  3.016804e+01,  1.307454e+02
  1.917468e+01,  1.487006e+02
  1.957468e+00,  2.593523e+02
  1.547877e+01,  3.564135e+02
  1.245414e+01,  5.713710e+01
  3.126163e+01,  1.498919e+02
  4.686982e+01,  1.715067e+02
  4.308808e+01,  2.014044e+02
  4.177025e+01,  2.713424e+02
  5.994747e+01,  3.184847e+02
  4.690152e+01,  3.519710e+02
  3.090064e+01,  3.966642e+01
  1.683498e+01,  7.614773e+01
  4.289518e+00,  1.777114e+02
  1.277891e+01,  2.242274e+02
  9.003650e+00,  2.191159e+02
  4.746207e+00,  2.341497e+02
  1.663094e+01,  2.702342e+02
  3.029073e+01,  2.774496e+02
  2.525343e+01,  2.839156e+02
  3.503237e+00,  3.591035e+02
  1.934433e+01,  9.421232e+01
  1.501871e+01,  1.041073e+02
  3.186190e+00,  2.716803e+02
  1.403736e+01,  2.934500e+02
  7.409674e+00,  3.059432e+02
  6.060243e+00,  7.805435e+01
  1.550040e+01,  8.863932e+01
  1.495914e+01,  9.315724e+01
  9.647578e+00,  1.575782e+02
  2.281699e+01,  2.072550e+02
  2.647365e+01,  2.056167e+02
  1.723601e+01,  1.668025e+02
  2.053540e+01,  9.378838e+01
  2.471624e+01,  6.428608e+01
  1.458765e+01,  2.659955e+01
  1.322900e+01,  2.972803e+02
  1.893692e+01,  2.552411e+02
  1.893209e+01,  2.196151e+02
  1.598625e+01,  1.961187e+02
  4.590076e+00,  2.184142e+02
  1.451918e+01,  3.345231e+02
  2.511085e+01,  3.402163e+02
  2.463379e+01,  3.326398e+02
  1.877035e+01,  3.058347e+02
  1.712507e+01,  2.571886e+02
  1.998555e+01,  2.104991e+02
  2.364736e+01,  1.737205e+02
  2.124958e+01,  1.439535e+02
  1.191387e+01,  9.134179e+01
  1.354068e+01,  1.026006e+01
  1.445933e+01,  3.415939e+02
  2.261213e+00,  3.004004e+02
  1.226430e+01,  1.711135e+02
  1.911807e+01,  1.817846e+02
  2.173758e+01,  2.002845e+02
  2.561103e+01,  2.169308e+02
  2.572999e+01,  2.274646e+02
  1.689363e+01,  2.297308e+02
  3.608330e+00,  2.140025e+02
  4.026026e+00,  1.814801e+01
  1.080873e+01,  3.558989e+02
  1.317524e+01,  3.497217e+00
  1.202834e+01,  4.926762e+01
  1.714996e+01,  1.028227e+02
  1.781552e+01,  1.357860e+02
  6.949743e+00,  1.977713e+02
  1.791225e+01,  3.215605e+02
  2.775120e+01,  1.304936e+00
  2.078930e+01,  3.995822e+01
  8.828241e+00,  1.445214e+02
  2.329023e+01,  2.167950e+02
  2.698097e+01,  2.161930e+02
  2.826260e+01,  1.853398e+02
  2.375685e+01,  1.713067e+02
  3.117832e+00,  2.454694e+02
  1.924665e+01,  3.287923e+02
  1.061686e+01,  3.164950e+02
  2.020869e+01,  1.772260e+02
  3.892733e+01,  1.676399e+02
  3.460392e+01,  1.458832e+02
  2.967344e+01,  1.018948e+02
  2.580681e+01,  7.737428e+01
  9.564846e+00,  6.360534e+01
  5.407420e+00,  2.771704e+02
  1.064157e+01,  3.111498e+02
  1.772472e+01,  2.112240e+01
  2.320333e+01,  7.411900e+01
  2.713069e+01,  1.692936e+02
  4.671663e+01,  2.334055e+02
  2.645603e+01,  3.467299e+02
  5.661724e+00,  2.942587e+02
  6.183148e-01,  7.752016e+01
##END=