##TITLE= twqubit_C134690andH90_H_25000_NoBufferfix9
##JCAMP-DX= 5.00 Bruker JCAMP library
##DATA TYPE= Shape Data
##ORIGIN= Colm Fixed Pulses 
##OWNER= d29lu
##DATE= 18-May-2015
##TIME= 18:46
##MINX= 1.150378e+00
##MAXX= 3.267986e+01
##MINY= 1.115084e+00
##MAXY= 3.590596e+02
##$SHAPE_EXMODE= None
##$SHAPE_TOTROT= 9.000000e+01
##$SHAPE_BWFAC= 1.000000e+00
##$SHAPE_INTEGFAC= 1.000000e+00
##$SHAPE_MODE= 1
##NPOINTS= 100
##XYPOINTS= (XY..XY)
  4.547463e+00,  3.782810e+01
  6.669999e+00,  1.269019e+02
  1.957006e+01,  1.512776e+02
  2.655882e+01,  1.556714e+02
  2.829600e+01,  1.591442e+02
  2.765658e+01,  1.627666e+02
  2.499135e+01,  1.647347e+02
  2.091804e+01,  1.644163e+02
  1.633258e+01,  1.643061e+02
  1.133825e+01,  1.656359e+02
  6.158245e+00,  1.696931e+02
  1.150378e+00,  2.112869e+02
  4.788081e+00,  3.289488e+02
  9.065853e+00,  3.339840e+02
  1.213543e+01,  3.344456e+02
  1.421131e+01,  3.323545e+02
  1.571849e+01,  3.302496e+02
  1.682493e+01,  3.285097e+02
  1.737845e+01,  3.268287e+02
  1.738161e+01,  3.242820e+02
  1.700977e+01,  3.209696e+02
  1.646640e+01,  3.175246e+02
  1.585032e+01,  3.141225e+02
  1.517278e+01,  3.100669e+02
  1.460910e+01,  3.041937e+02
  1.449098e+01,  2.979437e+02
  1.468481e+01,  2.943182e+02
  1.467577e+01,  2.945037e+02
  1.416333e+01,  2.976100e+02
  1.320593e+01,  3.025522e+02
  1.199972e+01,  3.096173e+02
  1.063341e+01,  3.185961e+02
  9.310163e+00,  3.308483e+02
  8.533978e+00,  3.441155e+02
  8.199045e+00,  3.540039e+02
  7.699272e+00,  1.115084e+00
  6.924968e+00,  1.003639e+01
  6.203566e+00,  2.176313e+01
  5.535964e+00,  3.206860e+01
  4.535289e+00,  4.036918e+01
  3.158519e+00,  4.742775e+01
  1.456228e+00,  6.057584e+01
  1.481553e+00,  1.840024e+02
  4.684704e+00,  2.092912e+02
  8.459127e+00,  2.156529e+02
  1.235726e+01,  2.201448e+02
  1.613983e+01,  2.230043e+02
  1.937106e+01,  2.260285e+02
  2.164845e+01,  2.281465e+02
  2.276881e+01,  2.291214e+02
  2.274250e+01,  2.286920e+02
  2.204705e+01,  2.272156e+02
  2.119300e+01,  2.254461e+02
  2.036805e+01,  2.236340e+02
  1.933328e+01,  2.225916e+02
  1.764127e+01,  2.228270e+02
  1.533002e+01,  2.248186e+02
  1.260840e+01,  2.297586e+02
  9.640765e+00,  2.388565e+02
  6.752609e+00,  2.575322e+02
  5.127023e+00,  2.938006e+02
  5.623917e+00,  3.321375e+02
  6.828188e+00,  3.559459e+02
  8.145833e+00,  1.191861e+01
  9.830779e+00,  2.036133e+01
  1.137679e+01,  2.243694e+01
  1.184951e+01,  2.119061e+01
  1.115558e+01,  1.772295e+01
  1.019448e+01,  1.079222e+01
  9.513969e+00,  3.590047e+02
  9.254764e+00,  3.425812e+02
  9.686754e+00,  3.249074e+02
  1.068108e+01,  3.118453e+02
  1.198562e+01,  3.038804e+02
  1.370763e+01,  2.990601e+02
  1.581121e+01,  2.970978e+02
  1.789931e+01,  2.966299e+02
  1.953212e+01,  2.968787e+02
  2.052182e+01,  2.984119e+02
  2.099795e+01,  3.016552e+02
  2.091122e+01,  3.067218e+02
  2.015845e+01,  3.131664e+02
  1.891822e+01,  3.209171e+02
  1.750515e+01,  3.304393e+02
  1.617761e+01,  3.411987e+02
  1.497406e+01,  3.515503e+02
  1.339567e+01,  3.590596e+02
  1.065683e+01,  4.313030e+00
  6.672262e+00,  1.108380e+01
  2.800333e+00,  4.570888e+01
  4.252887e+00,  1.266536e+02
  8.537312e+00,  1.427851e+02
  1.339630e+01,  1.487911e+02
  1.863061e+01,  1.540544e+02
  2.359952e+01,  1.584905e+02
  2.878685e+01,  1.635702e+02
  3.207616e+01,  1.681842e+02
  3.267986e+01,  1.729442e+02
  2.113442e+01,  1.760381e+02
  2.747556e+00,  1.389358e+01
##END=