##TITLE= twqubit_C134690andH90_C_25000_NoBufferfix2
##JCAMP-DX= 5.00 Bruker JCAMP library
##DATA TYPE= Shape Data
##ORIGIN= Colm Fixed Pulses 
##OWNER= d29lu
##DATE= 18-May-2015
##TIME= 17:4
##MINX= 9.601072e-01
##MAXX= 2.626446e+01
##MINY= 8.675472e-02
##MAXY= 3.585320e+02
##$SHAPE_EXMODE= None
##$SHAPE_TOTROT= 9.000000e+01
##$SHAPE_BWFAC= 1.000000e+00
##$SHAPE_INTEGFAC= 1.000000e+00
##$SHAPE_MODE= 1
##NPOINTS= 100
##XYPOINTS= (XY..XY)
  2.693789e+00,  3.041612e+02
  4.584916e+00,  1.511648e+02
  5.245755e+00,  1.792521e+02
  1.358155e+01,  2.925588e+02
  1.982716e+01,  3.041577e+02
  1.278489e+01,  2.972108e+02
  5.080658e+00,  2.107298e+02
  1.251570e+01,  1.715239e+02
  1.099344e+01,  1.757125e+02
  3.453926e+00,  2.528591e+02
  1.304483e+01,  3.311683e+02
  2.004165e+01,  3.475519e+02
  2.059518e+01,  8.675472e-02
  1.749429e+01,  1.431447e+01
  1.254303e+01,  2.093353e+01
  7.790549e+00,  3.585320e+02
  8.188726e+00,  3.240263e+02
  6.996737e+00,  3.165278e+02
  9.601072e-01,  3.517941e+02
  5.656885e+00,  1.320757e+02
  7.906825e+00,  1.436260e+02
  3.078704e+00,  1.575872e+02
  3.813651e+00,  3.331417e+02
  1.001667e+01,  3.513626e+02
  1.168999e+01,  6.707986e+00
  1.006807e+01,  1.556276e+01
  8.063202e+00,  6.654758e+00
  8.717647e+00,  3.471449e+02
  9.473415e+00,  3.429486e+02
  5.967688e+00,  2.065706e+00
  6.033780e+00,  8.970687e+01
  1.416810e+01,  1.173135e+02
  1.766321e+01,  1.120644e+02
  1.727975e+01,  8.533596e+01
  1.899571e+01,  5.107661e+01
  1.972477e+01,  2.889950e+01
  1.378689e+01,  8.123431e+00
  6.359673e+00,  3.047510e+02
  9.834302e+00,  2.457304e+02
  8.207781e+00,  2.364758e+02
  2.270865e+00,  3.490949e+02
  1.448901e+01,  3.367530e+01
  2.130790e+01,  4.311480e+01
  1.864223e+01,  5.477687e+01
  1.042819e+01,  7.993479e+01
  6.531175e+00,  1.269632e+02
  5.531460e+00,  1.184955e+02
  1.004974e+01,  7.590137e+01
  1.532024e+01,  7.050709e+01
  1.197846e+01,  7.466619e+01
  2.322347e+00,  1.198259e+02
  6.377782e+00,  2.302525e+02
  5.795414e+00,  2.253974e+02
  4.534700e+00,  1.362253e+02
  1.001671e+01,  1.151391e+02
  6.436031e+00,  1.292371e+02
  6.031913e+00,  2.576152e+02
  1.633925e+01,  2.911288e+02
  1.720270e+01,  3.142140e+02
  1.288791e+01,  4.076703e+00
  1.798679e+01,  6.084710e+01
  2.184035e+01,  7.975933e+01
  1.640176e+01,  8.051747e+01
  5.160500e+00,  4.209343e+01
  9.252482e+00,  3.092367e+02
  1.334806e+01,  3.009892e+02
  8.533561e+00,  2.899493e+02
  2.782572e+00,  2.117474e+02
  7.147561e+00,  1.587868e+02
  6.799153e+00,  1.572329e+02
  1.386794e+00,  1.740742e+02
  3.920954e+00,  3.379709e+02
  7.562476e+00,  3.470672e+02
  8.415063e+00,  3.467576e+02
  9.170389e+00,  3.335427e+02
  1.182563e+01,  3.206232e+02
  1.380392e+01,  3.147133e+02
  1.199849e+01,  3.049213e+02
  7.841285e+00,  2.764874e+02
  7.321178e+00,  2.343066e+02
  6.934770e+00,  2.255344e+02
  4.053957e+00,  2.709422e+02
  8.420179e+00,  3.332818e+02
  1.384806e+01,  3.438883e+02
  1.602946e+01,  3.364907e+02
  1.833034e+01,  3.224789e+02
  2.232736e+01,  3.148271e+02
  2.587557e+01,  3.162544e+02
  2.626446e+01,  3.237509e+02
  2.003160e+01,  3.344560e+02
  5.555557e+00,  3.490194e+02
  9.051173e+00,  1.681581e+02
  1.690081e+01,  1.890632e+02
  1.199741e+01,  2.154330e+02
  9.416927e+00,  3.098635e+02
  1.944469e+01,  3.536563e+02
  1.800039e+01,  3.340390e+00
  4.327089e+00,  3.148712e+02
  1.402906e+01,  2.257931e+02
  6.484358e+00,  7.420955e+01
##END=