##TITLE= twqubit_C23456180_C_25000_NoBufferfix4
##JCAMP-DX= 5.00 Bruker JCAMP library
##DATA TYPE= Shape Data
##ORIGIN= Colm Fixed Pulses 
##OWNER= d29lu
##DATE= 18-May-2015
##TIME= 18:0
##MINX= 2.685443e-01
##MAXX= 3.611644e+01
##MINY= 6.667540e-01
##MAXY= 3.597453e+02
##$SHAPE_EXMODE= None
##$SHAPE_TOTROT= 9.000000e+01
##$SHAPE_BWFAC= 1.000000e+00
##$SHAPE_INTEGFAC= 1.000000e+00
##$SHAPE_MODE= 1
##NPOINTS= 200
##XYPOINTS= (XY..XY)
  2.685443e-01,  2.933308e+02
  7.344024e+00,  3.359742e+02
  1.475827e+01,  3.359055e+02
  1.026378e+01,  3.236616e+02
  5.263034e+00,  3.243279e+02
  7.350617e+00,  1.914712e+01
  1.534718e+01,  4.005062e+01
  1.824840e+01,  4.624928e+01
  1.302257e+01,  5.227860e+01
  4.732737e+00,  9.940527e+01
  1.202467e+01,  1.695928e+02
  2.160941e+01,  1.749729e+02
  2.636170e+01,  1.743926e+02
  2.465661e+01,  1.779117e+02
  1.569249e+01,  1.852694e+02
  1.197456e+00,  2.193866e+02
  1.168110e+01,  1.821433e+01
  1.806525e+01,  3.846791e+01
  1.648478e+01,  6.953236e+01
  1.644038e+01,  1.271042e+02
  2.479617e+01,  1.701327e+02
  2.887832e+01,  1.894371e+02
  2.142501e+01,  1.988004e+02
  5.389663e+00,  1.971916e+02
  5.252640e+00,  2.518177e+01
  5.816865e+00,  1.478991e+01
  3.148350e+00,  2.661308e+02
  1.001357e+01,  2.300195e+02
  9.558092e+00,  2.190454e+02
  2.244316e+00,  1.848780e+02
  5.348159e+00,  3.727045e+01
  1.007711e+01,  6.116558e+00
  1.286998e+01,  3.337544e+02
  1.333055e+01,  3.099222e+02
  6.852868e+00,  2.929663e+02
  3.935990e+00,  1.169746e+02
  1.436192e+01,  1.124992e+02
  1.478569e+01,  1.117429e+02
  4.406868e+00,  1.168603e+02
  8.454287e+00,  2.795264e+02
  1.725130e+01,  2.884341e+02
  1.555657e+01,  2.942082e+02
  6.165729e+00,  3.110146e+02
  3.589760e+00,  8.100727e+01
  5.965086e+00,  1.237258e+02
  3.883482e+00,  2.085035e+02
  1.197917e+01,  2.842468e+02
  2.025314e+01,  3.110862e+02
  2.204557e+01,  3.251983e+02
  1.670022e+01,  3.360515e+02
  6.884950e+00,  3.584741e+02
  3.377673e+00,  9.752790e+01
  3.912601e+00,  1.407021e+02
  1.430980e+00,  2.358896e+02
  6.679889e+00,  2.875588e+02
  1.280687e+01,  2.832237e+02
  1.912091e+01,  2.762973e+02
  2.292347e+01,  2.801327e+02
  2.207085e+01,  2.978867e+02
  2.050661e+01,  3.280702e+02
  1.980692e+01,  3.565132e+02
  1.508078e+01,  2.247269e+01
  9.864915e+00,  8.267270e+01
  1.748469e+01,  1.438229e+02
  2.215841e+01,  1.761693e+02
  1.978587e+01,  2.261460e+02
  2.465911e+01,  2.920016e+02
  2.919116e+01,  3.365238e+02
  2.317221e+01,  2.858397e+01
  2.440572e+01,  1.050102e+02
  2.994130e+01,  1.502644e+02
  2.154940e+01,  1.814905e+02
  9.015271e+00,  2.501637e+02
  1.316166e+01,  3.126473e+02
  1.045594e+01,  2.966567e+02
  1.318233e+01,  2.398635e+02
  1.772250e+01,  2.272569e+02
  1.126572e+01,  2.359356e+02
  5.589535e+00,  3.284777e+02
  1.299414e+01,  1.143590e+01
  1.167517e+01,  1.652880e+01
  3.480609e+00,  5.391221e+00
  2.635061e+00,  2.324197e+02
  2.651646e+00,  2.378298e+02
  3.080394e+00,  3.597453e+02
  9.168586e+00,  2.110446e+01
  1.013401e+01,  2.944471e+01
  5.135806e+00,  5.623285e+01
  7.100286e+00,  1.482775e+02
  1.446243e+01,  1.723758e+02
  1.560557e+01,  1.823408e+02
  1.036788e+01,  1.969576e+02
  5.267144e+00,  2.459108e+02
  5.378994e+00,  2.916655e+02
  3.479616e+00,  2.856806e+02
  3.294222e+00,  2.247500e+02
  4.644892e+00,  2.186282e+02
  4.479820e+00,  2.640649e+02
  7.803304e+00,  3.103964e+02
  9.829107e+00,  3.251258e+02
  5.395068e+00,  3.179358e+02
  5.685188e+00,  2.076225e+02
  1.666256e+01,  2.033482e+02
  2.207243e+01,  2.144205e+02
  2.225090e+01,  2.336451e+02
  2.279051e+01,  2.623450e+02
  2.574420e+01,  2.901684e+02
  2.648786e+01,  3.137622e+02
  2.246990e+01,  3.421045e+02
  1.677414e+01,  2.897275e+01
  1.609782e+01,  9.250205e+01
  1.820698e+01,  1.452575e+02
  1.769537e+01,  1.911344e+02
  1.651884e+01,  2.407068e+02
  1.675652e+01,  2.835861e+02
  1.425434e+01,  3.150800e+02
  9.713524e+00,  3.547170e+02
  1.047821e+01,  4.310936e+01
  1.253592e+01,  6.346973e+01
  9.599726e+00,  7.522475e+01
  4.153918e+00,  1.452643e+02
  1.357417e+01,  2.141154e+02
  2.204915e+01,  2.261741e+02
  2.241070e+01,  2.314669e+02
  1.511074e+01,  2.419357e+02
  5.981347e+00,  2.895025e+02
  8.261624e+00,  1.033408e+01
  1.073110e+01,  3.924312e+01
  8.548437e+00,  5.766648e+01
  2.829852e+00,  7.260588e+01
  4.796956e+00,  2.679226e+02
  1.482963e+01,  2.793841e+02
  1.964187e+01,  2.901886e+02
  1.455089e+01,  3.071236e+02
  5.808574e+00,  3.972127e+01
  1.979514e+01,  1.086261e+02
  2.533164e+01,  1.286820e+02
  1.591801e+01,  1.475226e+02
  3.620821e+00,  2.913170e+02
  1.833970e+01,  3.446093e+02
  2.011097e+01,  1.317759e+01
  1.703406e+01,  6.711745e+01
  2.473725e+01,  1.139913e+02
  3.072337e+01,  1.268327e+02
  2.923868e+01,  1.304024e+02
  2.323534e+01,  1.450883e+02
  2.238627e+01,  1.868231e+02
  3.040551e+01,  2.228082e+02
  3.312114e+01,  2.499065e+02
  2.604146e+01,  2.922841e+02
  2.712207e+01,  3.613396e+00
  3.611644e+01,  4.929643e+01
  3.240677e+01,  8.674803e+01
  2.737538e+01,  1.404074e+02
  3.237184e+01,  1.709594e+02
  3.266630e+01,  1.676090e+02
  2.658771e+01,  1.532291e+02
  1.553151e+01,  1.304480e+02
  7.505447e+00,  7.363586e+01
  7.451837e+00,  1.940666e+01
  5.791153e+00,  6.667540e-01
  3.723282e+00,  4.322095e+01
  1.047039e+01,  8.114661e+01
  1.933294e+01,  8.782661e+01
  2.271974e+01,  9.332037e+01
  1.891197e+01,  1.048377e+02
  1.186277e+01,  1.219864e+02
  5.800792e+00,  1.292580e+02
  4.524557e+00,  7.976462e+01
  8.956005e+00,  7.060339e+01
  1.065181e+01,  9.786319e+01
  1.155802e+01,  1.467357e+02
  1.228226e+01,  1.891567e+02
  5.119185e+00,  2.429176e+02
  1.442910e+01,  1.646916e+01
  2.969077e+01,  4.723712e+01
  3.229055e+01,  7.478316e+01
  2.576518e+01,  1.197082e+02
  2.518931e+01,  1.763911e+02
  2.317707e+01,  2.073061e+02
  9.509252e+00,  1.982651e+02
  1.405976e+01,  1.062483e+02
  2.522120e+01,  1.137744e+02
  2.473834e+01,  1.383821e+02
  1.904589e+01,  1.825572e+02
  1.912831e+01,  2.337383e+02
  1.867903e+01,  2.594446e+02
  1.157913e+01,  2.640649e+02
  3.681695e+00,  2.357308e+02
  2.682838e+00,  1.894162e+02
  2.782404e+00,  2.433089e+02
  4.882595e+00,  2.865088e+02
  3.166468e+00,  3.310513e+02
  6.680983e+00,  7.199233e+01
  1.427792e+01,  9.210736e+01
  1.374557e+01,  8.986434e+01
  8.108570e+00,  3.433445e+01
  2.008800e+01,  3.450994e+02
  1.091159e+01,  3.496084e+02
  1.377905e+00,  1.402745e+02
##END=