##TITLE= Croton_90x1.txt
##JCAMP-DX= 5.00 Bruker JCAMP library
##DATA TYPE= Shape Data
##ORIGIN= Colm's GRAPE Pulses 
##OWNER= caryan
##DATE= 16-Sep-2014
##TIME= 17:13
##MINX= 4.814042e-01
##MAXX= 4.607556e+02
##MINY= 1.250606e+00
##MAXY= 3.595051e+02
##$SHAPE_EXMODE= None
##$SHAPE_TOTROT= 9.000000e+01
##$SHAPE_BWFAC= 1.000000e+00
##$SHAPE_INTEGFAC= 1.000000e+00
##$SHAPE_MODE= 1
##NPOINTS= 200
##XYPOINTS= (XY..XY)
  4.814042e-01,  2.020656e+02
  1.677364e+00,  2.363344e+02
  6.307626e+01,  2.624633e+02
  1.170356e+02,  2.579553e+02
  9.486590e+01,  2.469422e+02
  6.184425e+01,  2.318067e+02
  3.709598e+01,  1.942176e+02
  4.572877e+01,  1.379682e+02
  7.535904e+01,  1.161920e+02
  1.032888e+02,  1.092859e+02
  1.215473e+02,  1.072974e+02
  1.259881e+02,  1.075808e+02
  1.142256e+02,  1.092341e+02
  8.520504e+01,  1.119907e+02
  3.902877e+01,  1.165676e+02
  2.305778e+01,  2.945663e+02
  9.759404e+01,  3.032811e+02
  1.789277e+02,  3.113931e+02
  2.588862e+02,  3.219154e+02
  3.293951e+02,  3.355392e+02
  3.857258e+02,  3.522888e+02
  4.251051e+02,  1.143512e+01
  4.524374e+02,  3.146543e+01
  4.607556e+02,  5.108441e+01
  4.468662e+02,  6.881513e+01
  4.188285e+02,  8.417609e+01
  3.860663e+02,  9.601401e+01
  3.380783e+02,  1.038292e+02
  2.849886e+02,  1.076596e+02
  2.301338e+02,  1.077318e+02
  1.757668e+02,  1.040821e+02
  1.235905e+02,  9.535377e+01
  7.824336e+01,  7.484285e+01
  6.001669e+01,  2.820091e+01
  8.858621e+01,  3.494991e+02
  1.361709e+02,  3.365720e+02
  1.859769e+02,  3.343986e+02
  2.323818e+02,  3.376512e+02
  2.723271e+02,  3.448242e+02
  3.041281e+02,  3.555005e+02
  3.279067e+02,  9.531417e+00
  3.460031e+02,  2.660620e+01
  3.620750e+02,  4.590210e+01
  3.781394e+02,  6.598000e+01
  3.912774e+02,  8.521061e+01
  3.938229e+02,  1.024890e+02
  3.780804e+02,  1.176194e+02
  3.418334e+02,  1.312694e+02
  2.905826e+02,  1.447835e+02
  2.357923e+02,  1.598582e+02
  1.901632e+02,  1.774703e+02
  1.599762e+02,  1.957594e+02
  1.394642e+02,  2.103362e+02
  1.174140e+02,  2.182599e+02
  8.806571e+01,  2.178569e+02
  5.548247e+01,  2.016677e+02
  4.365665e+01,  1.505000e+02
  7.234174e+01,  1.136553e+02
  1.120910e+02,  1.024714e+02
  1.493211e+02,  9.826460e+01
  1.794541e+02,  9.547335e+01
  1.999001e+02,  9.201861e+01
  2.095021e+02,  8.681090e+01
  2.090896e+02,  7.912889e+01
  2.018702e+02,  6.841588e+01
  1.932219e+02,  5.437098e+01
  1.895416e+02,  3.746111e+01
  1.956885e+02,  1.942350e+01
  2.122077e+02,  2.511925e+00
  2.353122e+02,  3.479226e+02
  2.593989e+02,  3.354736e+02
  2.792459e+02,  3.243438e+02
  2.911078e+02,  3.136669e+02
  2.932428e+02,  3.027670e+02
  2.860179e+02,  2.912408e+02
  2.713974e+02,  2.790164e+02
  2.518083e+02,  2.663978e+02
  2.288923e+02,  2.540251e+02
  2.029816e+02,  2.426899e+02
  1.737399e+02,  2.331006e+02
  1.413492e+02,  2.257967e+02
  1.072310e+02,  2.213364e+02
  7.395956e+01,  2.209108e+02
  4.495156e+01,  2.282649e+02
  2.559425e+01,  2.552320e+02
  2.377511e+01,  3.002504e+02
  3.157410e+01,  3.214822e+02
  3.829715e+01,  3.263204e+02
  4.229246e+01,  3.243174e+02
  4.453197e+01,  3.184525e+02
  4.645560e+01,  3.102268e+02
  4.916751e+01,  3.011948e+02
  5.296337e+01,  2.929105e+02
  5.729659e+01,  2.863054e+02
  6.114622e+01,  2.814693e+02
  6.345811e+01,  2.779276e+02
  6.345354e+01,  2.749643e+02
  6.079763e+01,  2.717840e+02
  5.566320e+01,  2.675404e+02
  4.870825e+01,  2.612791e+02
  4.098676e+01,  2.518252e+02
  3.384173e+01,  2.377376e+02
  2.881332e+01,  2.179331e+02
  2.732201e+01,  1.940629e+02
  2.980855e+01,  1.716228e+02
  3.551002e+01,  1.548547e+02
  4.345831e+01,  1.440646e+02
  5.303866e+01,  1.380575e+02
  6.390135e+01,  1.356878e+02
  7.579275e+01,  1.361070e+02
  8.844836e+01,  1.387229e+02
  1.015402e+02,  1.431551e+02
  1.146836e+02,  1.492017e+02
  1.275138e+02,  1.567974e+02
  1.398180e+02,  1.659531e+02
  1.516688e+02,  1.766678e+02
  1.634387e+02,  1.888232e+02
  1.755500e+02,  2.021009e+02
  1.879166e+02,  2.159996e+02
  1.993289e+02,  2.299951e+02
  2.072718e+02,  2.437742e+02
  2.085561e+02,  2.574267e+02
  2.008034e+02,  2.715938e+02
  1.846888e+02,  2.876378e+02
  1.667509e+02,  3.074904e+02
  1.602485e+02,  3.312560e+02
  1.755395e+02,  3.530037e+02
  2.066284e+02,  6.090833e+00
  2.392900e+02,  9.958301e+00
  2.641932e+02,  6.544565e+00
  2.795139e+02,  3.575199e+02
  2.888990e+02,  3.441307e+02
  2.983324e+02,  3.275842e+02
  3.124873e+02,  3.092795e+02
  3.317708e+02,  2.905238e+02
  3.523174e+02,  2.720468e+02
  3.686980e+02,  2.540174e+02
  3.764376e+02,  2.364859e+02
  3.726045e+02,  2.196958e+02
  3.553316e+02,  2.040369e+02
  3.240090e+02,  1.897848e+02
  2.802623e+02,  1.769048e+02
  2.282181e+02,  1.650538e+02
  1.732920e+02,  1.537309e+02
  1.203285e+02,  1.424577e+02
  7.227637e+01,  1.307943e+02
  3.002232e+01,  1.168471e+02
  8.095123e+00,  3.199167e+02
  3.989691e+01,  2.921238e+02
  6.742561e+01,  2.846326e+02
  8.941752e+01,  2.804133e+02
  1.050991e+02,  2.784106e+02
  1.142108e+02,  2.782449e+02
  1.171674e+02,  2.797364e+02
  1.149377e+02,  2.828438e+02
  1.087657e+02,  2.876362e+02
  9.984601e+01,  2.942947e+02
  8.909607e+01,  3.032372e+02
  7.729669e+01,  3.155039e+02
  6.604722e+01,  3.333707e+02
  5.973388e+01,  3.595051e+02
  6.512547e+01,  3.009012e+01
  8.317049e+01,  5.488186e+01
  1.071808e+02,  7.201687e+01
  1.296900e+02,  8.494165e+01
  1.450325e+02,  9.647863e+01
  1.500723e+02,  1.083869e+02
  1.448761e+02,  1.218604e+02
  1.327826e+02,  1.377886e+02
  1.194100e+02,  1.565445e+02
  1.103465e+02,  1.770754e+02
  1.080015e+02,  1.964270e+02
  1.105843e+02,  2.117420e+02
  1.147612e+02,  2.223876e+02
  1.181550e+02,  2.294796e+02
  1.195656e+02,  2.346443e+02
  1.183705e+02,  2.393329e+02
  1.142614e+02,  2.445601e+02
  1.072828e+02,  2.508660e+02
  9.780046e+01,  2.584050e+02
  8.630503e+01,  2.671215e+02
  7.325218e+01,  2.770193e+02
  5.913405e+01,  2.885770e+02
  4.480545e+01,  3.034581e+02
  3.208005e+01,  3.257917e+02
  2.456929e+01,  1.250606e+00
  2.532361e+01,  4.157762e+01
  3.069924e+01,  7.177461e+01
  3.617969e+01,  9.556127e+01
  4.124654e+01,  1.189040e+02
  4.814579e+01,  1.429094e+02
  5.899623e+01,  1.646023e+02
  7.319589e+01,  1.813195e+02
  8.797949e+01,  1.928840e+02
  1.002359e+02,  2.000375e+02
  1.058439e+02,  2.024289e+02
  8.947416e+01,  1.867594e+02
  8.879894e+01,  1.600778e+02
  9.705288e+00,  3.501730e+02
  1.423837e+00,  1.633644e+02
##END=
