##TITLE= Croton_90x3.txt
##JCAMP-DX= 5.00 Bruker JCAMP library
##DATA TYPE= Shape Data
##ORIGIN= Colm's GRAPE Pulses 
##OWNER= caryan
##DATE= 16-Sep-2014
##TIME= 17:14
##MINX= 7.817655e-01
##MAXX= 4.365985e+02
##MINY= 1.257367e+00
##MAXY= 3.586145e+02
##$SHAPE_EXMODE= None
##$SHAPE_TOTROT= 9.000000e+01
##$SHAPE_BWFAC= 1.000000e+00
##$SHAPE_INTEGFAC= 1.000000e+00
##$SHAPE_MODE= 1
##NPOINTS= 200
##XYPOINTS= (XY..XY)
  7.817655e-01,  1.781626e+02
  7.160273e+00,  2.268619e+02
  7.316585e+01,  2.504151e+02
  1.797471e+02,  2.765806e+02
  2.927484e+02,  3.001161e+02
  3.441433e+02,  3.138421e+02
  3.153545e+02,  3.252765e+02
  2.637525e+02,  3.355219e+02
  2.140746e+02,  3.424526e+02
  1.706576e+02,  3.434100e+02
  1.408630e+02,  3.351099e+02
  1.380712e+02,  3.191788e+02
  1.661181e+02,  3.065441e+02
  2.121740e+02,  3.022172e+02
  2.628972e+02,  3.035897e+02
  3.096698e+02,  3.079910e+02
  3.468826e+02,  3.139275e+02
  3.709114e+02,  3.206030e+02
  3.797716e+02,  3.275735e+02
  3.729413e+02,  3.345712e+02
  3.512600e+02,  3.414014e+02
  3.168563e+02,  3.478674e+02
  2.729513e+02,  3.537177e+02
  2.234288e+02,  3.586145e+02
  1.722669e+02,  2.105732e+00
  1.230592e+02,  3.499579e+00
  7.882871e+01,  1.257367e+00
  4.257413e+01,  3.498723e+02
  2.193923e+01,  3.062985e+02
  2.874922e+01,  2.549615e+02
  4.216464e+01,  2.432481e+02
  5.209816e+01,  2.459491e+02
  5.917680e+01,  2.559556e+02
  6.629207e+01,  2.704415e+02
  7.565484e+01,  2.860390e+02
  8.643955e+01,  2.998501e+02
  9.511213e+01,  3.109840e+02
  9.765281e+01,  3.200100e+02
  9.140951e+01,  3.280983e+02
  7.602085e+01,  3.371076e+02
  5.394919e+01,  3.514507e+02
  3.348891e+01,  2.618211e+01
  3.738218e+01,  8.538821e+01
  6.325102e+01,  1.135675e+02
  9.237436e+01,  1.250348e+02
  1.192156e+02,  1.315443e+02
  1.419229e+02,  1.362982e+02
  1.595575e+02,  1.403573e+02
  1.713733e+02,  1.440990e+02
  1.765392e+02,  1.476339e+02
  1.741260e+02,  1.509818e+02
  1.633229e+02,  1.541901e+02
  1.438001e+02,  1.574633e+02
  1.160748e+02,  1.614233e+02
  8.188919e+01,  1.680352e+02
  4.564902e+01,  1.859420e+02
  2.924164e+01,  2.525706e+02
  5.862373e+01,  2.972983e+02
  9.659807e+01,  3.075502e+02
  1.315901e+02,  3.102679e+02
  1.606035e+02,  3.103087e+02
  1.821103e+02,  3.089354e+02
  1.952646e+02,  3.065504e+02
  1.997102e+02,  3.032357e+02
  1.955370e+02,  2.988776e+02
  1.833555e+02,  2.931508e+02
  1.645123e+02,  2.854035e+02
  1.415011e+02,  2.744355e+02
  1.186715e+02,  2.582988e+02
  1.029211e+02,  2.351763e+02
  1.015361e+02,  2.073604e+02
  1.150782e+02,  1.818374e+02
  1.371471e+02,  1.616622e+02
  1.620690e+02,  1.453858e+02
  1.875316e+02,  1.314100e+02
  2.131638e+02,  1.192483e+02
  2.383860e+02,  1.092838e+02
  2.608870e+02,  1.022611e+02
  2.768053e+02,  9.890101e+01
  2.826778e+02,  9.976551e+01
  2.778881e+02,  1.052413e+02
  2.657453e+02,  1.154162e+02
  2.518602e+02,  1.297628e+02
  2.404073e+02,  1.469524e+02
  2.315116e+02,  1.653603e+02
  2.225952e+02,  1.839445e+02
  2.118618e+02,  2.024672e+02
  2.001037e+02,  2.209488e+02
  1.896031e+02,  2.389627e+02
  1.814916e+02,  2.553814e+02
  1.742118e+02,  2.689199e+02
  1.646251e+02,  2.789005e+02
  1.502234e+02,  2.854067e+02
  1.302756e+02,  2.889606e+02
  1.056383e+02,  2.902014e+02
  7.804994e+01,  2.896849e+02
  4.953504e+01,  2.876712e+02
  2.207835e+01,  2.830223e+02
  3.408225e+00,  1.408851e+02
  2.366527e+01,  1.081947e+02
  3.972879e+01,  1.036874e+02
  5.104318e+01,  1.003578e+02
  5.808989e+01,  9.734705e+01
  6.173745e+01,  9.462052e+01
  6.297396e+01,  9.242590e+01
  6.268261e+01,  9.119871e+01
  6.154634e+01,  9.146060e+01
  6.010685e+01,  9.367221e+01
  5.889687e+01,  9.805638e+01
  5.849904e+01,  1.044053e+02
  5.941891e+01,  1.119538e+02
  6.181322e+01,  1.195162e+02
  6.530098e+01,  1.259221e+02
  6.904989e+01,  1.303993e+02
  7.207397e+01,  1.326144e+02
  7.355033e+01,  1.325006e+02
  7.303399e+01,  1.301044e+02
  7.052254e+01,  1.255435e+02
  6.634433e+01,  1.190629e+02
  6.087624e+01,  1.111391e+02
  5.418420e+01,  1.025298e+02
  4.578593e+01,  9.417834e+01
  3.472081e+01,  8.704370e+01
  1.990920e+01,  8.235878e+01
  1.170598e+00,  1.388514e+02
  2.358619e+01,  2.507486e+02
  5.188628e+01,  2.523794e+02
  8.335440e+01,  2.554061e+02
  1.165045e+02,  2.606539e+02
  1.495455e+02,  2.683081e+02
  1.802960e+02,  2.783788e+02
  2.060417e+02,  2.908135e+02
  2.238378e+02,  3.056267e+02
  2.318652e+02,  3.230106e+02
  2.317261e+02,  3.432468e+02
  2.297821e+02,  6.050727e+00
  2.337280e+02,  2.939634e+01
  2.444907e+02,  4.980999e+01
  2.540117e+02,  6.493761e+01
  2.531157e+02,  7.461930e+01
  2.385192e+02,  7.987514e+01
  2.130320e+02,  8.211152e+01
  1.818229e+02,  8.296168e+01
  1.490331e+02,  8.428799e+01
  1.169186e+02,  8.815786e+01
  8.702392e+01,  9.706809e+01
  6.188533e+01,  1.148466e+02
  4.657007e+01,  1.462604e+02
  4.616086e+01,  1.849799e+02
  5.635913e+01,  2.147292e+02
  6.940735e+01,  2.347744e+02
  8.156749e+01,  2.491553e+02
  9.115836e+01,  2.597928e+02
  9.689750e+01,  2.673680e+02
  9.754560e+01,  2.721215e+02
  9.202315e+01,  2.740435e+02
  7.963162e+01,  2.725560e+02
  6.061239e+01,  2.650382e+02
  3.927288e+01,  2.400608e+02
  3.875838e+01,  1.810169e+02
  7.216012e+01,  1.474655e+02
  1.167977e+02,  1.347462e+02
  1.620616e+02,  1.269941e+02
  2.016299e+02,  1.199933e+02
  2.305072e+02,  1.123864e+02
  2.455243e+02,  1.036485e+02
  2.464784e+02,  9.345662e+01
  2.370353e+02,  8.149052e+01
  2.240950e+02,  6.765142e+01
  2.148195e+02,  5.260056e+01
  2.127548e+02,  3.784474e+01
  2.166418e+02,  2.473111e+01
  2.230549e+02,  1.354198e+01
  2.294968e+02,  3.779650e+00
  2.354680e+02,  3.549361e+02
  2.417913e+02,  3.469797e+02
  2.491966e+02,  3.403817e+02
  2.573051e+02,  3.357676e+02
  2.647501e+02,  3.334963e+02
  2.699695e+02,  3.334558e+02
  2.716494e+02,  3.350901e+02
  2.685151e+02,  3.375287e+02
  2.590034e+02,  3.397149e+02
  2.414636e+02,  3.404395e+02
  2.151597e+02,  3.381522e+02
  1.822939e+02,  3.303854e+02
  1.520191e+02,  3.130905e+02
  1.448440e+02,  2.846428e+02
  1.769024e+02,  2.564015e+02
  2.363798e+02,  2.372412e+02
  3.040335e+02,  2.242916e+02
  3.669302e+02,  2.141127e+02
  4.169596e+02,  2.051168e+02
  4.365985e+02,  1.973795e+02
  4.164608e+02,  1.906587e+02
  2.786760e+02,  1.863242e+02
  8.300272e+01,  1.814106e+02
  5.432495e+01,  2.919781e+02
  9.309240e+00,  1.275259e+02
  9.371147e-01,  2.914907e+02
##END=
